499.643	77.582
501.572	78.7571
503.501	80.9423
505.43	81.7113
507.36	81.1881
509.289	80.7613
511.218	80.8069
513.147	80.8127
515.076	80.6675
517.005	80.7341
518.934	81.0347
520.863	81.3765
522.792	81.856
524.722	82.3358
526.651	82.4623
528.58	82.5601
530.509	83.059
532.438	83.6295
534.367	83.9446
536.296	84.2584
538.225	84.7715
540.155	85.3175
542.084	85.6598
544.013	85.718
545.942	85.7803
547.871	86.2198
549.8	86.7988
551.729	86.9706
553.658	86.7754
555.588	86.6853
557.517	86.8826
559.446	87.2056
561.375	87.4795
563.304	87.662
565.233	87.7488
567.162	87.621
569.091	87.2865
571.021	87.1613
572.95	87.4741
574.879	87.8063
576.808	87.8805
578.737	88.0305
580.666	88.2696
582.595	88.1098
584.524	87.5651
586.454	87.143
588.383	86.9999
590.312	86.9369
592.241	86.8069
594.17	86.5907
596.099	86.3827
598.028	86.2888
599.957	86.2572
601.887	86.1635
603.816	86.0777
605.745	86.2875
607.674	86.9348
609.603	87.707
611.532	88.2142
613.461	88.5137
615.39	88.7522
617.32	88.8123
619.249	88.7818
621.178	88.9319
623.107	89.1333
625.036	89.1374
626.965	89.031
628.894	88.9175
630.823	88.7434
632.753	88.5604
634.682	88.4033
636.611	88.1085
638.54	87.58
640.469	86.8822
642.398	86.0524
644.327	85.1508
646.256	84.2541
648.186	83.3541
650.115	82.576
652.044	82.2264
653.973	82.432
655.902	82.9267
657.831	83.3833
659.76	83.9853
661.689	84.9754
663.619	85.9353
665.548	86.5858
667.477	87.3142
669.406	88.3266
671.335	89.0187
673.264	89.4931
675.193	89.9812
677.122	90.3887
679.052	90.6837
680.981	90.9637
682.91	91.171
684.839	91.2569
686.768	91.3413
688.697	91.4763
690.626	91.5684
692.555	91.5835
694.485	91.5903
696.414	91.6233
698.343	91.6812
700.272	91.7921
702.201	91.9471
704.13	92.0577
706.059	92.0627
707.988	91.996
709.917	91.9178
711.847	91.8558
713.776	91.8426
715.705	91.9176
717.634	92.0505
719.563	92.1518
721.492	92.1889
723.421	92.194
725.35	92.1518
727.28	92.0234
729.209	91.8239
731.138	91.5571
733.067	91.171
734.996	90.6957
736.925	90.3268
738.854	90.2568
740.783	90.4628
742.713	90.7663
744.642	91.0535
746.571	91.291
748.5	91.4316
750.429	91.4807
752.358	91.5257
754.287	91.6
756.216	91.6589
758.146	91.6817
760.075	91.636
762.004	91.4323
763.933	91.0654
765.862	90.654
767.791	90.2289
769.72	89.6656
771.649	88.8544
773.579	87.7192
775.508	86.094
777.437	83.7435
779.366	80.4647
781.295	76.2788
783.224	71.7759
785.153	68.0951
787.082	66.3054
789.012	66.9255
790.941	69.8825
792.87	74.395
794.799	79.0564
796.728	82.6232
798.657	84.707
800.586	85.5705
802.515	85.5193
804.445	84.6519
806.374	82.9867
808.303	80.6166
810.232	77.8621
812.161	75.4427
814.09	74.2554
816.019	74.7184
817.948	76.4688
819.878	78.7759
821.807	81.0603
823.736	82.994
825.665	84.4095
827.594	85.3079
829.523	85.8218
831.452	86.0552
833.381	86.0251
835.311	85.7504
837.24	85.2494
839.169	84.4651
841.098	83.3644
843.027	82.1011
844.956	80.9399
846.885	80.0349
848.814	79.3448
850.744	78.708
852.673	77.9717
854.602	77.082
856.531	76.0877
858.46	75.1179
860.389	74.3432
862.318	73.8858
864.247	73.7688
866.177	73.973
868.106	74.4498
870.035	75.0458
871.964	75.5366
873.893	75.795
875.822	75.8369
877.751	75.7281
879.68	75.5736
881.609	75.5343
883.539	75.7363
885.468	76.1991
887.397	76.838
889.326	77.4764
891.255	77.943
893.184	78.2022
895.113	78.3221
897.042	78.3764
898.972	78.4526
900.901	78.6565
902.83	79.0688
904.759	79.7598
906.688	80.7736
908.617	82.0191
910.546	83.2462
912.475	84.184
914.405	84.6709
916.334	84.6587
918.263	84.1716
920.192	83.3073
922.121	82.2012
924.05	80.905
925.979	79.3739
927.908	77.5827
929.838	75.5294
931.767	73.1936
933.696	70.6631
935.625	68.223
937.554	66.1983
939.483	64.7734
941.412	63.9553
943.341	63.6175
945.271	63.6085
947.2	63.8601
949.129	64.3812
951.058	65.2042
952.987	66.3565
954.916	67.7923
956.845	69.3649
958.774	70.9521
960.704	72.5365
962.633	74.1065
964.562	75.6027
966.491	76.9835
968.42	78.2109
970.349	79.2045
972.278	79.9096
974.207	80.3399
976.137	80.5201
978.066	80.4724
979.995	80.2351
981.924	79.827
983.853	79.2415
985.782	78.5154
987.711	77.7735
989.64	77.1734
991.57	76.772
993.499	76.448
995.428	75.9792
997.357	75.1681
999.286	73.9176
1001.22	72.3176
1003.14	70.6622
1005.07	69.2468
1007	68.1762
1008.93	67.4463
1010.86	67.0502
1012.79	66.8523
1014.72	66.5113
1016.65	65.6932
1018.58	64.3038
1020.51	62.4719
1022.44	60.4242
1024.36	58.4512
1026.29	56.9227
1028.22	56.1751
1030.15	56.2581
1032.08	56.8757
1034.01	57.6915
1035.94	58.5909
1037.87	59.5743
1039.8	60.5866
1041.73	61.5765
1043.66	62.5956
1045.58	63.7426
1047.51	65.0557
1049.44	66.4712
1051.37	67.864
1053.3	69.1317
1055.23	70.2634
1057.16	71.3427
1059.09	72.4594
1061.02	73.5596
1062.95	74.3845
1064.88	74.6381
1066.81	74.2858
1068.73	73.688
1070.66	73.3696
1072.59	73.6144
1074.52	74.3225
1076.45	75.2413
1078.38	76.2096
1080.31	77.1472
1082.24	77.9602
1084.17	78.5563
1086.1	78.8876
1088.03	78.9428
1089.95	78.7356
1091.88	78.2941
1093.81	77.6574
1095.74	76.9167
1097.67	76.2034
1099.6	75.5769
1101.53	74.9875
1103.46	74.3631
1105.39	73.6452
1107.32	72.7857
1109.25	71.797
1111.18	70.7517
1113.1	69.7086
1115.03	68.6996
1116.96	67.7292
1118.89	66.7194
1120.82	65.5497
1122.75	64.1985
1124.68	62.7475
1126.61	61.25
1128.54	59.7055
1130.47	58.1387
1132.4	56.5808
1134.32	54.9986
1136.25	53.3461
1138.18	51.643
1140.11	49.9363
1142.04	48.2609
1143.97	46.674
1145.9	45.2298
1147.83	43.9058
1149.76	42.6229
1151.69	41.3465
1153.62	40.1513
1155.55	39.2022
1157.47	38.664
1159.4	38.6299
1161.33	39.1281
1163.26	40.1423
1165.19	41.6081
1167.12	43.4374
1169.05	45.5567
1170.98	47.9019
1172.91	50.3955
1174.84	52.9605
1176.77	55.5441
1178.69	58.0912
1180.62	60.5234
1182.55	62.7897
1184.48	64.8925
1186.41	66.828
1188.34	68.5648
1190.27	70.1034
1192.2	71.4916
1194.13	72.7741
1196.06	73.9739
1197.99	75.1046
1199.91	76.1512
1201.84	77.0653
1203.77	77.8149
1205.7	78.4129
1207.63	78.8634
1209.56	79.1043
1211.49	79.0436
1213.42	78.648
1215.35	77.9315
1217.28	76.8595
1219.21	75.3752
1221.14	73.4919
1223.06	71.2187
1224.99	68.4588
1226.92	65.1015
1228.85	61.1517
1230.78	56.7754
1232.71	52.3584
1234.64	48.4464
1236.57	45.4386
1238.5	43.3533
1240.43	41.933
1242.36	40.8798
1244.28	39.9659
1246.21	39.0576
1248.14	38.1281
1250.07	37.2455
1252	36.5337
1253.93	36.1269
1255.86	36.1531
1257.79	36.7125
1259.72	37.8013
1261.65	39.3091
1263.58	41.1444
1265.51	43.2545
1267.43	45.5444
1269.36	47.907
1271.29	50.2663
1273.22	52.5441
1275.15	54.6778
1277.08	56.6533
1279.01	58.4949
1280.94	60.2627
1282.87	61.9825
1284.8	63.5687
1286.73	64.9022
1288.65	65.9175
1290.58	66.5577
1292.51	66.7595
1294.44	66.5601
1296.37	66.1974
1298.3	66.0883
1300.23	66.6471
1302.16	68.0486
1304.09	70.1406
1306.02	72.5534
1307.95	74.8505
1309.87	76.6455
1311.8	77.6688
1313.73	77.7914
1315.66	77.0428
1317.59	75.6249
1319.52	74.0536
1321.45	73.1303
1323.38	73.3971
1325.31	74.8564
1327.24	77.1038
1329.17	79.546
1331.1	81.7236
1333.02	83.3635
1334.95	84.3695
1336.88	84.8909
1338.81	85.1865
1340.74	85.4555
1342.67	85.81
1344.6	86.335
1346.53	87.0484
1348.46	87.7771
1350.39	88.2483
1352.32	88.3194
1354.24	87.9364
1356.17	87.2031
1358.1	86.5426
1360.03	86.2329
1361.96	86.0125
1363.89	85.4839
1365.82	84.5942
1367.75	83.3167
1369.68	81.728
1371.61	80.2397
1373.54	79.1248
1375.47	78.4235
1377.39	78.176
1379.32	78.322
1381.25	78.6814
1383.18	79.091
1385.11	79.6643
1387.04	80.6908
1388.97	81.9288
1390.9	82.7576
1392.83	83.0387
1394.76	82.8514
1396.69	82.2642
1398.61	81.3891
1400.54	80.5219
1402.47	80.0177
1404.4	79.9752
1406.33	80.3039
1408.26	80.858
1410.19	81.598
1412.12	82.5165
1414.05	83.4292
1415.98	84.2813
1417.91	85.2455
1419.83	86.2174
1421.76	86.8516
1423.69	87.099
1425.62	87.052
1427.55	86.7914
1429.48	86.1879
1431.41	85.1781
1433.34	84.0526
1435.27	82.8027
1437.2	81.2766
1439.13	79.9915
1441.06	79.1866
1442.98	78.5938
1444.91	78.1053
1446.84	77.6292
1448.77	77.0118
1450.7	76.4505
1452.63	76.3127
1454.56	76.6928
1456.49	77.7741
1458.42	79.3654
1460.35	80.6155
1462.28	81.7496
1464.2	83.1982
1466.13	84.7457
1468.06	85.9486
1469.99	87.0339
1471.92	88.2527
1473.85	89.3765
1475.78	90.1935
1477.71	90.8697
1479.64	91.4704
1481.57	92.0461
1483.5	92.6172
1485.43	93.1256
1487.35	93.6176
1489.28	94.149
1491.21	94.5435
1493.14	94.7705
1495.07	94.9863
1497	95.2151
1498.93	95.3809
1500.86	95.486
1502.79	95.5691
1504.72	95.6461
1506.65	95.7576
1508.57	95.8954
1510.5	95.9832
1512.43	96.0455
1514.36	96.131
1516.29	96.2551
1518.22	96.3611
1520.15	96.389
1522.08	96.368
1524.01	96.3576
1525.94	96.3357
1527.87	96.2949
1529.8	96.2914
1531.72	96.3534
1533.65	96.4216
1535.58	96.4176
1537.51	96.4038
1539.44	96.4659
1541.37	96.5167
1543.3	96.4538
1545.23	96.4141
1547.16	96.4225
1549.09	96.4268
1551.02	96.4187
1552.94	96.4071
1554.87	96.3893
1556.8	96.3954
1558.73	96.4521
1560.66	96.4284
1562.59	96.3095
1564.52	96.2044
1566.45	96.1739
1568.38	96.1888
1570.31	96.1185
1572.24	95.9826
1574.16	95.9135
1576.09	95.9161
1578.02	95.8731
1579.95	95.7936
1581.88	95.7647
1583.81	95.7943
1585.74	95.8384
1587.67	95.8667
1589.6	95.8764
1591.53	95.8705
1593.46	95.8664
1595.39	95.8721
1597.31	95.8507
1599.24	95.7715
1601.17	95.6693
1603.1	95.5746
1605.03	95.4642
1606.96	95.3444
1608.89	95.2231
1610.82	95.0525
1612.75	94.856
1614.68	94.6555
1616.61	94.3169
1618.53	93.8586
1620.46	93.4298
1622.39	92.8712
1624.32	92.1211
1626.25	91.3672
1628.18	90.4769
1630.11	89.421
1632.04	88.5364
1633.97	87.775
1635.9	86.7979
1637.83	86.2695
1639.76	87.041
1641.68	88.6889
1643.61	90.4712
1645.54	92.059
1647.47	93.2887
1649.4	93.8892
1651.33	94.1413
1653.26	94.4178
1655.19	94.6021
1657.12	94.5878
1659.05	94.5445
1660.98	94.4834
1662.9	94.3415
1664.83	94.1557
1666.76	94.0174
1668.69	93.9134
1670.62	93.7437
1672.55	93.5406
1674.48	93.292
1676.41	92.8339
1678.34	92.3286
1680.27	91.9574
1682.2	91.5323
1684.12	90.9956
1686.05	90.5265
1687.98	89.8541
1689.91	88.8966
1691.84	87.7615
1693.77	86.2387
1695.7	84.2483
1697.63	82.0598
1699.56	79.3017
1701.49	75.9982
1703.42	73.0324
1705.35	69.9572
1707.27	66.2665
1709.2	62.771
1711.13	59.8595
1713.06	57.1961
1714.99	55.0566
1716.92	53.7357
1718.85	52.9354
1720.78	53.1053
1722.71	54.4931
1724.64	56.6694
1726.57	59.3322
1728.49	62.2851
1730.42	65.1093
1732.35	67.3001
1734.28	68.3516
1736.21	68.2154
1738.14	67.0951
1740.07	64.9651
1742	62.3906
1743.93	60.4696
1745.86	59.3799
1747.79	59.0785
1749.72	59.9873
1751.64	61.743
1753.57	63.8107
1755.5	66.5598
1757.43	69.9371
1759.36	73.353
1761.29	76.8372
1763.22	80.3931
1765.15	83.4168
1767.08	85.8581
1769.01	88.0488
1770.94	89.9136
1772.86	91.3966
1774.79	92.6173
1776.72	93.4472
1778.65	93.9945
1780.58	94.5471
1782.51	95.0234
1784.44	95.2996
1786.37	95.5617
1788.3	95.8582
1790.23	96.1083
1792.16	96.3282
1794.08	96.4457
1796.01	96.4614
1797.94	96.5357
1799.87	96.6716
1801.8	96.7681
1803.73	96.851
1805.66	96.9261
1807.59	96.9577
1809.52	97.0129
1811.45	97.1263
1813.38	97.2108
1815.31	97.232
1817.23	97.234
1819.16	97.2651
1821.09	97.3325
1823.02	97.4057
1824.95	97.4701
1826.88	97.505
1828.81	97.4876
1830.74	97.4934
1832.67	97.5805
1834.6	97.6861
1836.53	97.8024
1838.45	97.9256
1840.38	97.979
1842.31	97.9967
1844.24	98.0492
1846.17	98.0361
1848.1	97.9765
1850.03	98.0538
1851.96	98.2176
1853.89	98.2486
1855.82	98.1548
1857.75	98.1154
1859.68	98.1497
1861.6	98.145
1863.53	98.121
1865.46	98.1776
1867.39	98.2653
1869.32	98.3074
1871.25	98.3959
1873.18	98.4795
1875.11	98.4039
1877.04	98.3318
1878.97	98.4972
1880.9	98.6966
1882.82	98.6922
1884.75	98.6488
1886.68	98.707
1888.61	98.7217
1890.54	98.6211
1892.47	98.5328
1894.4	98.5237
1896.33	98.5699
1898.26	98.6586
1900.19	98.7522
1902.12	98.7807
1904.05	98.7625
1905.97	98.8033
1907.9	98.8788
1909.83	98.8568
1911.76	98.8106
1913.69	98.9298
1915.62	99.1302
1917.55	99.1496
1919.48	98.9965
1921.41	98.9358
1923.34	98.9966
1925.27	98.9968
1927.19	98.9381
1929.12	98.9588
1931.05	99.0295
1932.98	99.0397
1934.91	99.0241
1936.84	99.0944
1938.77	99.2956
1940.7	99.5304
1942.63	99.5543
1944.56	99.3078
1946.49	99.1331
1948.41	99.278
1950.34	99.6049
1952.27	99.8293
1954.2	99.8117
1956.13	99.6812
1958.06	99.6915
1959.99	99.8192
1961.92	99.8028
1963.85	99.6945
1965.78	99.7772
1967.71	99.9669
1969.64	100.007
1971.56	100.004
1973.49	100.035
1975.42	99.8969
1977.35	99.751
1979.28	100.024
1981.21	100.467
1983.14	100.492
1985.07	100.203
1987	100.015
1988.93	99.8466
1990.86	99.5325
1992.78	99.3797
1994.71	99.633
1996.64	99.9781
1998.57	100.057
2000.5	99.9898
2002.43	100.071
2004.36	100.227
2006.29	100.23
2008.22	100.127
2010.15	100.049
2012.08	100.054
2014.01	100.236
2015.93	100.493
2017.86	100.583
2019.79	100.573
2021.72	100.576
2023.65	100.468
2025.58	100.346
2027.51	100.394
2029.44	100.407
2031.37	100.29
2033.3	100.298
2035.23	100.386
2037.15	100.345
2039.08	100.325
2041.01	100.387
2042.94	100.322
2044.87	100.213
2046.8	100.256
2048.73	100.282
2050.66	100.178
2052.59	100.168
2054.52	100.276
2056.45	100.235
2058.37	99.9932
2060.3	99.766
2062.23	99.6732
2064.16	99.657
2066.09	99.6408
2068.02	99.6679
2069.95	99.8768
2071.88	100.205
2073.81	100.277
2075.74	99.9223
2077.67	99.5232
2079.6	99.4597
2081.52	99.6138
2083.45	99.6511
2085.38	99.4658
2087.31	99.2444
2089.24	99.2437
2091.17	99.4645
2093.1	99.6346
2095.03	99.6209
2096.96	99.5436
2098.89	99.4392
2100.82	99.2817
2102.74	99.2407
2104.67	99.4285
2106.6	99.6317
2108.53	99.6375
2110.46	99.5009
2112.39	99.3567
2114.32	99.2925
2116.25	99.3676
2118.18	99.5326
2120.11	99.6445
2122.04	99.6137
2123.97	99.4719
2125.89	99.3811
2127.82	99.4943
2129.75	99.6739
2131.68	99.6306
2133.61	99.4523
2135.54	99.5294
2137.47	99.8884
2139.4	100.145
2141.33	100.133
2143.26	100.045
2145.19	99.9963
2147.11	99.9396
2149.04	99.9029
2150.97	99.9447
2152.9	100.095
2154.83	100.414
2156.76	100.697
2158.69	100.506
2160.62	100.017
2162.55	99.9368
2164.48	100.22
2166.41	100.204
2168.33	99.9161
2170.26	99.8576
2172.19	99.9266
2174.12	99.7436
2176.05	99.508
2177.98	99.6347
2179.91	100.009
2181.84	100.238
2183.77	100.271
2185.7	100.249
2187.63	100.114
2189.56	99.8229
2191.48	99.646
2193.41	99.8037
2195.34	100.07
2197.27	100.073
2199.2	99.8424
2201.13	99.7231
2203.06	99.7991
2204.99	99.8342
2206.92	99.7745
2208.85	99.7751
2210.78	99.8157
2212.7	99.7655
2214.63	99.6087
2216.56	99.403
2218.49	99.3074
2220.42	99.5251
2222.35	99.9457
2224.28	100.132
2226.21	99.8917
2228.14	99.5926
2230.07	99.6394
2232	99.8231
2233.93	99.7183
2235.85	99.5358
2237.78	99.6812
2239.71	99.8577
2241.64	99.6759
2243.57	99.4743
2245.5	99.6133
2247.43	99.8337
2249.36	99.8444
2251.29	99.7395
2253.22	99.6364
2255.15	99.5016
2257.07	99.3747
2259	99.3785
2260.93	99.4762
2262.86	99.5029
2264.79	99.4519
2266.72	99.412
2268.65	99.3374
2270.58	99.2267
2272.51	99.2202
2274.44	99.2991
2276.37	99.3178
2278.29	99.3019
2280.22	99.3224
2282.15	99.3083
2284.08	99.2016
2286.01	99.0246
2287.94	98.8131
2289.87	98.6654
2291.8	98.6912
2293.73	98.8022
2295.66	98.7502
2297.59	98.4868
2299.52	98.2862
2301.44	98.3432
2303.37	98.4908
2305.3	98.5441
2307.23	98.5842
2309.16	98.6642
2311.09	98.6705
2313.02	98.6295
2314.95	98.6409
2316.88	98.5874
2318.81	98.3978
2320.74	98.2375
2322.66	98.1631
2324.59	98.1399
2326.52	98.3084
2328.45	98.5783
2330.38	98.5316
2332.31	98.2356
2334.24	98.1607
2336.17	98.2187
2338.1	98.1875
2340.03	98.2845
2341.96	98.4589
2343.89	98.3519
2345.81	98.1764
2347.74	98.1814
2349.67	98.1486
2351.6	98.0141
2353.53	98.0507
2355.46	98.4235
2357.39	98.8174
2359.32	98.9542
2361.25	98.7118
2363.18	98.318
2365.11	98.2896
2367.03	98.5212
2368.96	98.436
2370.89	98.0971
2372.82	97.9589
2374.75	98.0445
2376.68	98.1521
2378.61	98.2305
2380.54	98.2405
2382.47	98.1237
2384.4	97.9724
2386.33	97.9554
2388.26	98.0952
2390.18	98.2444
2392.11	98.2425
2394.04	98.078
2395.97	97.9175
2397.9	97.9087
2399.83	97.9968
2401.76	98.0638
2403.69	98.1165
2405.62	98.1927
2407.55	98.2475
2409.48	98.2276
2411.4	98.1557
2413.33	98.1228
2415.26	98.1793
2417.19	98.2312
2419.12	98.1912
2421.05	98.1637
2422.98	98.2483
2424.91	98.3376
2426.84	98.3164
2428.77	98.2281
2430.7	98.1524
2432.62	98.1454
2434.55	98.257
2436.48	98.419
2438.41	98.4519
2440.34	98.3202
2442.27	98.2188
2444.2	98.2899
2446.13	98.4153
2448.06	98.4345
2449.99	98.4185
2451.92	98.5194
2453.85	98.6841
2455.77	98.7345
2457.7	98.6296
2459.63	98.5034
2461.56	98.4974
2463.49	98.5818
2465.42	98.5833
2467.35	98.4633
2469.28	98.3997
2471.21	98.4901
2473.14	98.6312
2475.07	98.7174
2476.99	98.7281
2478.92	98.6997
2480.85	98.6992
2482.78	98.7069
2484.71	98.6523
2486.64	98.6172
2488.57	98.7147
2490.5	98.8593
2492.43	98.9392
2494.36	98.9778
2496.29	98.9688
2498.22	98.8533
2500.14	98.6886
2502.07	98.6175
2504	98.6863
2505.93	98.7758
2507.86	98.749
2509.79	98.6546
2511.72	98.6506
2513.65	98.7566
2515.58	98.8359
2517.51	98.78
2519.44	98.6445
2521.36	98.6115
2523.29	98.7344
2525.22	98.8126
2527.15	98.7019
2529.08	98.5492
2531.01	98.5137
2532.94	98.5101
2534.87	98.4329
2536.8	98.4213
2538.73	98.6272
2540.66	98.8501
2542.58	98.7939
2544.51	98.564
2546.44	98.4306
2548.37	98.355
2550.3	98.2242
2552.23	98.1578
2554.16	98.2435
2556.09	98.3828
2558.02	98.4921
2559.95	98.541
2561.88	98.5085
2563.81	98.4519
2565.73	98.4075
2567.66	98.2803
2569.59	98.073
2571.52	98.0052
2573.45	98.1505
2575.38	98.2633
2577.31	98.217
2579.24	98.2052
2581.17	98.2872
2583.1	98.2637
2585.03	98.1473
2586.95	98.1662
2588.88	98.2819
2590.81	98.2508
2592.74	98.0608
2594.67	97.901
2596.6	97.8733
2598.53	97.9568
2600.46	98.0759
2602.39	98.1101
2604.32	97.9938
2606.25	97.8477
2608.18	97.8597
2610.1	98.0086
2612.03	98.0722
2613.96	97.9369
2615.89	97.7205
2617.82	97.5961
2619.75	97.6196
2621.68	97.6865
2623.61	97.6654
2625.54	97.5983
2627.47	97.6019
2629.4	97.635
2631.32	97.6166
2633.25	97.588
2635.18	97.5471
2637.11	97.4329
2639.04	97.3377
2640.97	97.3839
2642.9	97.491
2644.83	97.5266
2646.76	97.4958
2648.69	97.4565
2650.62	97.4232
2652.54	97.3598
2654.47	97.2297
2656.4	97.1056
2658.33	97.1042
2660.26	97.1792
2662.19	97.1939
2664.12	97.1574
2666.05	97.1678
2667.98	97.2202
2669.91	97.2412
2671.84	97.2169
2673.77	97.1805
2675.69	97.1314
2677.62	97.0487
2679.55	96.9669
2681.48	96.9444
2683.41	96.975
2685.34	97.0312
2687.27	97.1187
2689.2	97.2031
2691.13	97.2127
2693.06	97.1388
2694.99	97.0291
2696.91	96.9475
2698.84	96.9493
2700.77	96.9902
2702.7	96.9621
2704.63	96.8874
2706.56	96.8808
2708.49	96.9222
2710.42	96.8912
2712.35	96.7843
2714.28	96.722
2716.21	96.7617
2718.14	96.8207
2720.06	96.8182
2721.99	96.794
2723.92	96.7937
2725.85	96.7584
2727.78	96.6609
2729.71	96.5906
2731.64	96.5865
2733.57	96.5732
2735.5	96.542
2737.43	96.5706
2739.36	96.6255
2741.28	96.5933
2743.21	96.5114
2745.14	96.512
2747.07	96.5737
2749	96.5658
2750.93	96.4774
2752.86	96.4177
2754.79	96.445
2756.72	96.5086
2758.65	96.5373
2760.58	96.5054
2762.51	96.4103
2764.43	96.291
2766.36	96.2475
2768.29	96.2937
2770.22	96.3102
2772.15	96.2783
2774.08	96.2883
2776.01	96.2834
2777.94	96.1843
2779.87	96.1151
2781.8	96.1322
2783.73	96.0784
2785.65	95.9428
2787.58	95.9049
2789.51	95.976
2791.44	96.0113
2793.37	95.9613
2795.3	95.8702
2797.23	95.8103
2799.16	95.8467
2801.09	95.9187
2803.02	95.8916
2804.95	95.7715
2806.87	95.6601
2808.8	95.5692
2810.73	95.4764
2812.66	95.4071
2814.59	95.3475
2816.52	95.2749
2818.45	95.2644
2820.38	95.3309
2822.31	95.2955
2824.24	95.0622
2826.17	94.8155
2828.1	94.6962
2830.02	94.5667
2831.95	94.3075
2833.88	94.0222
2835.81	93.7944
2837.74	93.574
2839.67	93.3713
2841.6	93.2504
2843.53	93.1529
2845.46	92.9814
2847.39	92.7427
2849.32	92.4436
2851.24	92.0482
2853.17	91.5957
2855.1	91.1301
2857.03	90.5762
2858.96	89.9071
2860.89	89.2861
2862.82	88.8488
2864.75	88.5242
2866.68	88.217
2868.61	87.9419
2870.54	87.6766
2872.47	87.3878
2874.39	87.2587
2876.32	87.5105
2878.25	88.0042
2880.18	88.4032
2882.11	88.6298
2884.04	88.8358
2885.97	89.1058
2887.9	89.3798
2889.83	89.5163
2891.76	89.4335
2893.69	89.242
2895.61	89.113
2897.54	89.0976
2899.47	89.1769
2901.4	89.2822
2903.33	89.263
2905.26	89.0764
2907.19	88.8816
2909.12	88.7955
2911.05	88.7644
2912.98	88.6834
2914.91	88.458
2916.83	88.0692
2918.76	87.6528
2920.69	87.3319
2922.62	87.0291
2924.55	86.6021
2926.48	86.0301
2928.41	85.4234
2930.34	84.9761
2932.27	84.8545
2934.2	85.0486
2936.13	85.4007
2938.06	85.7796
2939.98	86.1418
2941.91	86.4569
2943.84	86.6588
2945.77	86.6723
2947.7	86.4555
2949.63	86.0018
2951.56	85.3265
2953.49	84.5133
2955.42	83.7616
2957.35	83.2994
2959.28	83.2089
2961.2	83.4093
2963.13	83.8664
2965.06	84.6778
2966.99	85.8353
2968.92	87.0733
2970.85	88.1079
2972.78	88.9053
2974.71	89.6142
2976.64	90.3352
2978.57	91.0327
2980.5	91.6472
2982.43	92.1914
2984.35	92.6561
2986.28	92.9542
2988.21	93.0984
2990.14	93.267
2992.07	93.5545
2994	93.8483
2995.93	94.0431
2997.86	94.201
2999.79	94.4403
3001.72	94.7862
3003.65	95.1408
3005.57	95.3525
3007.5	95.368
3009.43	95.304
3011.36	95.2855
3013.29	95.3111
3015.22	95.3709
3017.15	95.5042
3019.08	95.6729
3021.01	95.819
3022.94	95.9859
3024.87	96.1479
3026.79	96.1824
3028.72	96.1448
3030.65	96.1599
3032.58	96.1406
3034.51	96.0611
3036.44	96.1516
3038.37	96.4375
3040.3	96.6247
3042.23	96.6594
3044.16	96.721
3046.09	96.7102
3048.02	96.475
3049.94	96.2703
3051.87	96.3394
3053.8	96.4772
3055.73	96.4594
3057.66	96.3934
3059.59	96.4305
3061.52	96.5771
3063.45	96.7654
3065.38	96.8743
3067.31	96.855
3069.24	96.7856
3071.16	96.6851
3073.09	96.5983
3075.02	96.7223
3076.95	97.0141
3078.88	97.106
3080.81	96.9129
3082.74	96.7286
3084.67	96.709
3086.6	96.8127
3088.53	96.964
3090.46	96.9982
3092.39	96.8509
3094.31	96.7225
3096.24	96.7556
3098.17	96.8322
3100.1	96.8073
3102.03	96.6867
3103.96	96.6075
3105.89	96.6597
3107.82	96.7097
3109.75	96.6724
3111.68	96.7646
3113.61	97.0479
3115.53	97.1525
3117.46	96.9097
3119.39	96.6981
3121.32	96.8345
3123.25	97.1034
3125.18	97.0952
3127.11	96.8179
3129.04	96.6954
3130.97	96.876
3132.9	96.9847
3134.83	96.8027
3136.75	96.6106
3138.68	96.6107
3140.61	96.7124
3142.54	96.8821
3144.47	97.0828
3146.4	97.1128
3148.33	96.9399
3150.26	96.8
3152.19	96.7839
3154.12	96.7723
3156.05	96.7644
3157.98	96.8443
3159.9	96.911
3161.83	96.8213
3163.76	96.663
3165.69	96.5785
3167.62	96.5492
3169.55	96.5622
3171.48	96.6559
3173.41	96.7213
3175.34	96.6406
3177.27	96.532
3179.2	96.5496
3181.12	96.6614
3183.05	96.7554
3184.98	96.7239
3186.91	96.5353
3188.84	96.3527
3190.77	96.3269
3192.7	96.3558
3194.63	96.3353
3196.56	96.3814
3198.49	96.5477
3200.42	96.6604
3202.35	96.5962
3204.27	96.46
3206.2	96.4383
3208.13	96.5722
3210.06	96.6774
3211.99	96.5633
3213.92	96.2914
3215.85	96.0432
3217.78	95.884
3219.71	95.8331
3221.64	95.929
3223.57	96.0938
3225.49	96.1553
3227.42	96.0556
3229.35	95.9322
3231.28	95.9442
3233.21	96.0136
3235.14	95.9614
3237.07	95.8998
3239	95.9893
3240.93	95.9871
3242.86	95.7505
3244.79	95.6333
3246.72	95.72
3248.64	95.6645
3250.57	95.5749
3252.5	95.7965
3254.43	96.0326
3256.36	95.8596
3258.29	95.5251
3260.22	95.4017
3262.15	95.4287
3264.08	95.4592
3266.01	95.5415
3267.94	95.7251
3269.86	95.8794
3271.79	95.8144
3273.72	95.5771
3275.65	95.4383
3277.58	95.4782
3279.51	95.4729
3281.44	95.2825
3283.37	95.0615
3285.3	94.9922
3287.23	95.0156
3289.16	94.9851
3291.08	94.9466
3293.01	95.0138
3294.94	95.1156
3296.87	95.139
3298.8	95.1037
3300.73	95.0201
3302.66	94.8579
3304.59	94.7031
3306.52	94.6571
3308.45	94.6495
3310.38	94.5896
3312.31	94.5592
3314.23	94.6154
3316.16	94.6086
3318.09	94.457
3320.02	94.3537
3321.95	94.4287
3323.88	94.5159
3325.81	94.479
3327.74	94.4079
3329.67	94.3792
3331.6	94.367
3333.53	94.3683
3335.45	94.3571
3337.38	94.259
3339.31	94.1137
3341.24	94.0706
3343.17	94.161
3345.1	94.235
3347.03	94.1876
3348.96	94.1246
3350.89	94.1759
3352.82	94.2641
3354.75	94.2363
3356.68	94.0987
3358.6	93.9762
3360.53	93.9641
3362.46	94.0773
3364.39	94.2271
3366.32	94.279
3368.25	94.1935
3370.18	94.0687
3372.11	94.0367
3374.04	94.0944
3375.97	94.0863
3377.9	94.0117
3379.82	94.1003
3381.75	94.332
3383.68	94.3524
3385.61	94.0841
3387.54	93.8452
3389.47	93.7976
3391.4	93.8618
3393.33	93.9865
3395.26	94.0951
3397.19	94.0658
3399.12	93.9403
3401.04	93.8676
3402.97	93.857
3404.9	93.8199
3406.83	93.7649
3408.76	93.7651
3410.69	93.803
3412.62	93.8136
3414.55	93.8114
3416.48	93.8206
3418.41	93.8074
3420.34	93.8214
3422.27	93.9714
3424.19	94.1749
3426.12	94.2579
3428.05	94.2008
3429.98	94.0431
3431.91	93.8447
3433.84	93.7551
3435.77	93.8017
3437.7	93.8604
3439.63	93.9916
3441.56	94.2963
3443.49	94.5636
3445.41	94.6174
3447.34	94.5957
3449.27	94.5222
3451.2	94.2563
3453.13	93.9556
3455.06	93.8849
3456.99	93.9973
3458.92	94.1835
3460.85	94.4363
3462.78	94.5522
3464.71	94.3907
3466.64	94.2448
3468.56	94.3069
3470.49	94.3401
3472.42	94.2309
3474.35	94.1699
3476.28	94.2464
3478.21	94.3815
3480.14	94.4909
3482.07	94.5214
3484	94.5055
3485.93	94.47
3487.86	94.396
3489.78	94.4193
3491.71	94.6079
3493.64	94.6822
3495.57	94.5342
3497.5	94.4694
3499.43	94.5445
3501.36	94.5458
3503.29	94.6119
3505.22	94.8859
3507.15	94.9786
3509.08	94.6537
3511	94.35
3512.93	94.4912
3514.86	94.8282
3516.79	94.8968
3518.72	94.676
3520.65	94.5446
3522.58	94.7063
3524.51	94.9119
3526.44	94.845
3528.37	94.6136
3530.3	94.5454
3532.23	94.6283
3534.15	94.5734
3536.08	94.3347
3538.01	94.1669
3539.94	94.2169
3541.87	94.3924
3543.8	94.5522
3545.73	94.6266
3547.66	94.7259
3549.59	94.9463
3551.52	95.0614
3553.45	94.8525
3555.37	94.5718
3557.3	94.499
3559.23	94.5508
3561.16	94.6757
3563.09	94.94
3565.02	95.2035
3566.95	95.2716
3568.88	95.2898
3570.81	95.3738
3572.74	95.331
3574.67	95.1463
3576.6	95.1129
3578.52	95.3879
3580.45	95.7404
3582.38	95.8309
3584.31	95.5831
3586.24	95.2653
3588.17	95.3236
3590.1	95.7514
3592.03	96.0544
3593.96	96.0253
3595.89	95.8973
3597.82	96.0237
3599.74	96.3515
3601.67	96.5424
3603.6	96.4773
3605.53	96.3682
3607.46	96.3809
3609.39	96.4317
3611.32	96.3913
3613.25	96.4053
3615.18	96.6641
3617.11	97.0242
3619.04	97.2172
3620.97	97.2339
3622.89	97.1798
3624.82	96.9928
3626.75	96.6369
3628.68	96.4118
3630.61	96.6755
3632.54	97.0511
3634.47	97.1593
3636.4	97.0514
3638.33	97.0064
3640.26	97.1661
3642.19	97.3873
3644.11	97.4803
3646.04	97.414
3647.97	97.2633
3649.9	97.1914
3651.83	97.2764
3653.76	97.3928
3655.69	97.4812
3657.62	97.5053
3659.55	97.4725
3661.48	97.4686
3663.41	97.5309
3665.33	97.6136
3667.26	97.654
3669.19	97.5841
3671.12	97.5077
3673.05	97.7339
3674.98	98.199
3676.91	98.335
3678.84	98.0285
3680.77	97.6701
3682.7	97.3191
3684.63	97.1005
3686.56	97.2756
3688.48	97.7745
3690.41	98.0595
3692.34	97.9007
3694.27	97.5457
3696.2	97.1466
3698.13	96.9053
3700.06	96.9446
3701.99	97.1669
3703.92	97.4404
3705.85	97.6457
3707.78	97.6819
3709.7	97.6725
3711.63	97.8673
3713.56	98.0458
3715.49	97.9541
3717.42	97.7714
3719.35	97.5898
3721.28	97.3532
3723.21	97.235
3725.14	97.4296
3727.07	97.6649
3729	97.6695
3730.93	97.6338
3732.85	97.7397
3734.78	97.8184
3736.71	97.729
3738.64	97.6795
3740.57	97.6931
3742.5	97.6046
3744.43	97.4384
3746.36	97.5417
3748.29	97.8825
3750.22	98.0669
3752.15	97.9244
3754.07	97.7436
3756	97.6084
3757.93	97.4512
3759.86	97.4591
3761.79	97.6676
3763.72	97.7572
3765.65	97.63
3767.58	97.5303
3769.51	97.5938
3771.44	97.6836
3773.37	97.709
3775.29	97.6649
3777.22	97.5075
3779.15	97.2773
3781.08	97.1845
3783.01	97.325
3784.94	97.562
3786.87	97.6951
3788.8	97.6558
3790.73	97.5767
3792.66	97.6145
3794.59	97.7647
3796.52	97.8443
3798.44	97.7261
3800.37	97.5516
3802.3	97.5654
3804.23	97.7117
3806.16	97.7481
3808.09	97.645
3810.02	97.5767
3811.95	97.6313
3813.88	97.7492
3815.81	97.8417
3817.74	97.8771
3819.66	97.9193
3821.59	97.9628
3823.52	97.9206
3825.45	97.817
3827.38	97.7545
3829.31	97.7891
3831.24	97.8474
3833.17	97.7811
3835.1	97.5741
3837.03	97.393
3838.96	97.3991
3840.89	97.5449
3842.81	97.6629
3844.74	97.6737
3846.67	97.6186
3848.6	97.5716
3850.53	97.5041
3852.46	97.3389
3854.39	97.2442
3856.32	97.3839
3858.25	97.513
3860.18	97.5294
3862.11	97.5274
3864.03	97.5943
3865.96	97.6308
3867.89	97.5308
3869.82	97.3961
3871.75	97.3763
3873.68	97.4053
3875.61	97.3894
3877.54	97.4007
3879.47	97.4736
3881.4	97.5133
3883.33	97.5
3885.25	97.496
3887.18	97.4627
3889.11	97.4044
3891.04	97.4379
3892.97	97.5392
3894.9	97.5413
3896.83	97.4858
3898.76	97.5535
3900.69	97.7421
3902.62	97.8006
3904.55	97.6612
3906.48	97.5191
3908.4	97.4464
3910.33	97.3921
3912.26	97.4051
3914.19	97.5599
3916.12	97.7616
3918.05	97.8408
3919.98	97.7864
3921.91	97.6699
3923.84	97.5212
3925.77	97.4628
3927.7	97.5632
3929.62	97.6522
3931.55	97.6095
3933.48	97.5376
3935.41	97.4909
3937.34	97.4129
3939.27	97.3557
3941.2	97.4009
3943.13	97.5112
3945.06	97.5987
3946.99	97.5995
3948.92	97.5137
3950.85	97.4563
3952.77	97.4849
3954.7	97.5244
3956.63	97.5841
3958.56	97.686
3960.49	97.665
3962.42	97.4626
3964.35	97.3436
3966.28	97.4565
3968.21	97.596
3970.14	97.5813
3972.07	97.491
3973.99	97.4592
3975.92	97.4794
3977.85	97.4589
3979.78	97.3791
3981.71	97.3269
3983.64	97.3349
3985.57	97.3179
3987.5	97.259
3989.43	97.2637
3991.36	97.3385
3993.29	97.372
3995.22	97.3771
3997.14	97.44
