499.643	80.4195
501.572	80.8021
503.501	81.4616
505.43	81.5081
507.36	81.0569
509.289	80.734
511.218	80.6043
513.147	80.454
515.076	80.4257
517.005	80.6854
518.934	80.9636
520.863	81.1515
522.792	81.5798
524.722	82.1197
526.651	82.3036
528.58	82.4534
530.509	83.0395
532.438	83.6674
534.367	83.9662
536.296	84.241
538.225	84.7036
540.155	85.2028
542.084	85.5531
544.013	85.5579
545.942	85.3806
547.871	85.6176
549.8	86.2984
551.729	86.7421
553.658	86.7171
555.588	86.6473
557.517	86.7835
559.446	87.0523
561.375	87.4103
563.304	87.8041
565.233	88.0035
567.162	87.8111
569.091	87.4569
571.021	87.4213
572.95	87.72
574.879	87.9352
576.808	87.9692
578.737	88.0767
580.666	88.2084
582.595	88.0978
584.524	87.7607
586.454	87.4163
588.383	87.2058
590.312	87.1137
592.241	86.9563
594.17	86.6423
596.099	86.3991
598.028	86.385
599.957	86.3904
601.887	86.2149
603.816	86.0565
605.745	86.284
607.674	86.9783
609.603	87.7997
611.532	88.3653
613.461	88.6443
615.39	88.7491
617.32	88.7248
619.249	88.775
621.178	89.0538
623.107	89.2905
625.036	89.2252
626.965	89.034
628.894	88.9234
630.823	88.8435
632.753	88.7241
634.682	88.4934
636.611	88.0532
638.54	87.4796
640.469	86.8801
642.398	86.1694
644.327	85.3328
646.256	84.4863
648.186	83.6096
650.115	82.7682
652.044	82.3244
653.973	82.5125
655.902	83.0512
657.831	83.5064
659.76	84.0282
661.689	84.9345
663.619	85.8706
665.548	86.5503
667.477	87.3819
669.406	88.519
671.335	89.2054
673.264	89.6032
675.193	90.0237
677.122	90.4064
679.052	90.7293
680.981	91.0784
682.91	91.3297
684.839	91.3906
686.768	91.429
688.697	91.5269
690.626	91.5794
692.555	91.5709
694.485	91.5824
696.414	91.6273
698.343	91.7074
700.272	91.8471
702.201	91.9918
704.13	92.0606
706.059	92.0509
707.988	91.9911
709.917	91.9094
711.847	91.8528
713.776	91.844
715.705	91.882
717.634	91.9846
719.563	92.129
721.492	92.2179
723.421	92.1924
725.35	92.0743
727.28	91.8988
729.209	91.694
731.138	91.4472
733.067	91.0898
734.996	90.6303
736.925	90.2594
738.854	90.1852
740.783	90.3902
742.713	90.6717
744.642	90.8964
746.571	91.0707
748.5	91.2164
750.429	91.3265
752.358	91.4002
754.287	91.4536
756.216	91.5196
758.146	91.599
760.075	91.5966
762.004	91.4038
763.933	91.0436
765.862	90.6241
767.791	90.1685
769.72	89.5903
771.649	88.7855
773.579	87.6457
775.508	86.004
777.437	83.6294
779.366	80.3065
781.295	76.083
783.224	71.5857
785.153	67.9403
787.082	66.1895
789.012	66.8316
790.941	69.7677
792.87	74.2383
794.799	78.8942
796.728	82.4923
798.657	84.6002
800.586	85.4661
802.515	85.4094
804.445	84.5533
806.374	82.9413
808.303	80.6497
810.232	77.9444
812.161	75.5239
814.09	74.3177
816.019	74.7716
817.948	76.5113
819.878	78.7956
821.807	81.0661
823.736	82.9958
825.665	84.3779
827.594	85.2163
829.523	85.7064
831.452	85.9624
833.381	85.935
835.311	85.6167
837.24	85.0798
839.169	84.3072
841.098	83.2382
843.027	81.9897
844.956	80.8286
846.885	79.9207
848.814	79.2218
850.744	78.5696
852.673	77.813
854.602	76.9035
856.531	75.9136
858.46	74.9716
860.389	74.2038
862.318	73.7281
864.247	73.613
866.177	73.8267
868.106	74.2791
870.035	74.8514
871.964	75.36
873.893	75.6398
875.822	75.6839
877.751	75.59
879.68	75.4638
881.609	75.4412
883.539	75.6507
885.468	76.1136
887.397	76.7424
889.326	77.3825
891.255	77.8672
893.184	78.1303
895.113	78.2306
897.042	78.2593
898.972	78.311
900.901	78.4992
902.83	78.9148
904.759	79.6144
906.688	80.6216
908.617	81.8465
910.546	83.0528
912.475	83.9829
914.405	84.4812
916.334	84.4898
918.263	84.0226
920.192	83.1844
922.121	82.109
924.05	80.8238
925.979	79.2785
927.908	77.4828
929.838	75.4563
931.767	73.1508
933.696	70.632
935.625	68.2062
937.554	66.2094
939.483	64.7956
941.412	63.9613
943.341	63.6114
945.271	63.6022
947.2	63.84
949.129	64.3407
951.058	65.168
952.987	66.3325
954.916	67.749
956.845	69.2866
958.774	70.8581
960.704	72.4351
962.633	73.9903
964.562	75.4789
966.491	76.8565
968.42	78.0657
970.349	79.04
972.278	79.7488
974.207	80.2017
976.137	80.4078
978.066	80.3716
979.995	80.1167
981.924	79.6823
983.853	79.0951
985.782	78.383
987.711	77.6431
989.64	77.0366
991.57	76.6371
993.499	76.3259
995.428	75.875
997.357	75.0746
999.286	73.8222
1001.22	72.2232
1003.14	70.575
1005.07	69.1506
1007	68.059
1008.93	67.3275
1010.86	66.9402
1012.79	66.7267
1014.72	66.3546
1016.65	65.5213
1018.58	64.1276
1020.51	62.2875
1022.44	60.2432
1024.36	58.2923
1026.29	56.7788
1028.22	56.0267
1030.15	56.1052
1032.08	56.7235
1034.01	57.5298
1035.94	58.4156
1037.87	59.4015
1039.8	60.4292
1041.73	61.4359
1043.66	62.4699
1045.58	63.6217
1047.51	64.9314
1049.44	66.3567
1051.37	67.7712
1053.3	69.0467
1055.23	70.1733
1057.16	71.2525
1059.09	72.3626
1061.02	73.4333
1062.95	74.2243
1064.88	74.4673
1066.81	74.129
1068.73	73.5501
1070.66	73.2393
1072.59	73.4786
1074.52	74.1772
1076.45	75.092
1078.38	76.0583
1080.31	76.9826
1082.24	77.7735
1084.17	78.3598
1086.1	78.6942
1088.03	78.7382
1089.95	78.5016
1091.88	78.0401
1093.81	77.4008
1095.74	76.6553
1097.67	75.9294
1099.6	75.2926
1101.53	74.6936
1103.46	74.0512
1105.39	73.3103
1107.32	72.4292
1109.25	71.4172
1111.18	70.347
1113.1	69.2892
1115.03	68.2781
1116.96	67.3024
1118.89	66.2842
1120.82	65.129
1122.75	63.8138
1124.68	62.3735
1126.61	60.8467
1128.54	59.286
1130.47	57.7494
1132.4	56.2263
1134.32	54.6461
1136.25	52.9928
1138.18	51.3215
1140.11	49.6601
1142.04	48.0138
1143.97	46.4513
1145.9	45.0515
1147.83	43.786
1149.76	42.554
1151.69	41.3172
1153.62	40.163
1155.55	39.2593
1157.47	38.7581
1159.4	38.7412
1161.33	39.2353
1163.26	40.23
1165.19	41.6767
1167.12	43.4997
1169.05	45.6137
1170.98	47.9418
1172.91	50.4196
1174.84	52.9751
1176.77	55.534
1178.69	58.0438
1180.62	60.4568
1182.55	62.7225
1184.48	64.8166
1186.41	66.7284
1188.34	68.4376
1190.27	69.9509
1192.2	71.3189
1194.13	72.5881
1196.06	73.78
1197.99	74.903
1199.91	75.9407
1201.84	76.8533
1203.77	77.6087
1205.7	78.1945
1207.63	78.6017
1209.56	78.7898
1211.49	78.684
1213.42	78.2448
1215.35	77.4837
1217.28	76.3707
1219.21	74.8412
1221.14	72.903
1223.06	70.5839
1224.99	67.8138
1226.92	64.4811
1228.85	60.5698
1230.78	56.2558
1232.71	51.9491
1234.64	48.1623
1236.57	45.2316
1238.5	43.1751
1240.43	41.7772
1242.36	40.7463
1244.28	39.8473
1246.21	38.9654
1248.14	38.0739
1250.07	37.2094
1252	36.4941
1253.93	36.0902
1255.86	36.1219
1257.79	36.6662
1259.72	37.7307
1261.65	39.2284
1263.58	41.0592
1265.51	43.1574
1267.43	45.4382
1269.36	47.8013
1271.29	50.1565
1273.22	52.414
1275.15	54.5214
1277.08	56.4864
1279.01	58.3423
1280.94	60.1311
1282.87	61.8535
1284.8	63.4269
1286.73	64.7586
1288.65	65.7928
1290.58	66.4561
1292.51	66.6829
1294.44	66.5254
1296.37	66.2114
1298.3	66.1298
1300.23	66.6965
1302.16	68.1053
1304.09	70.2052
1306.02	72.6196
1307.95	74.9151
1309.87	76.7143
1311.8	77.7547
1313.73	77.8978
1315.66	77.155
1317.59	75.7398
1319.52	74.1964
1321.45	73.3115
1323.38	73.5834
1325.31	75.0072
1327.24	77.2108
1329.17	79.6239
1331.1	81.779
1333.02	83.3924
1334.95	84.3782
1336.88	84.8948
1338.81	85.1894
1340.74	85.4499
1342.67	85.7931
1344.6	86.3068
1346.53	87.0085
1348.46	87.7287
1350.39	88.1908
1352.32	88.2493
1354.24	87.8679
1356.17	87.1618
1358.1	86.5295
1360.03	86.2247
1361.96	85.9899
1363.89	85.4414
1365.82	84.5274
1367.75	83.2266
1369.68	81.6372
1371.61	80.1803
1373.54	79.1026
1375.47	78.4115
1377.39	78.1505
1379.32	78.2789
1381.25	78.6232
1383.18	79.026
1385.11	79.5996
1387.04	80.6207
1388.97	81.8489
1390.9	82.6783
1392.83	82.9674
1394.76	82.7874
1396.69	82.2075
1398.61	81.3313
1400.54	80.4504
1402.47	79.9428
1404.4	79.9182
1406.33	80.2568
1408.26	80.7939
1410.19	81.5215
1412.12	82.4571
1414.05	83.3968
1415.98	84.2661
1417.91	85.2468
1419.83	86.2299
1421.76	86.8502
1423.69	87.0764
1425.62	87.026
1427.55	86.7732
1429.48	86.1686
1431.41	85.1475
1433.34	84.0093
1435.27	82.7514
1437.2	81.2259
1439.13	79.9347
1441.06	79.1114
1442.98	78.51
1444.91	78.0329
1446.84	77.5663
1448.77	76.9502
1450.7	76.3969
1452.63	76.2651
1454.56	76.6485
1456.49	77.7684
1458.42	79.4099
1460.35	80.6331
1462.28	81.7075
1464.2	83.1283
1466.13	84.6919
1468.06	85.909
1469.99	87.0132
1471.92	88.2782
1473.85	89.3987
1475.78	90.1304
1477.71	90.7482
1479.64	91.3455
1481.57	91.9244
1483.5	92.4872
1485.43	93.0068
1487.35	93.539
1489.28	94.1013
1491.21	94.4844
1493.14	94.6969
1495.07	94.9253
1497	95.1753
1498.93	95.3456
1500.86	95.4618
1502.79	95.5715
1504.72	95.6744
1506.65	95.8143
1508.57	95.9671
1510.5	96.0177
1512.43	96.0268
1514.36	96.1013
1516.29	96.2698
1518.22	96.4142
1520.15	96.4355
1522.08	96.3895
1524.01	96.3702
1525.94	96.3534
1527.87	96.317
1529.8	96.3171
1531.72	96.3907
1533.65	96.4684
1535.58	96.4564
1537.51	96.4341
1539.44	96.5009
1541.37	96.547
1543.3	96.4633
1545.23	96.4135
1547.16	96.4196
1549.09	96.418
1551.02	96.3977
1552.94	96.3725
1554.87	96.3455
1556.8	96.3445
1558.73	96.4009
1560.66	96.4063
1562.59	96.3273
1564.52	96.2488
1566.45	96.2155
1568.38	96.1878
1570.31	96.0652
1572.24	95.9165
1574.16	95.8765
1576.09	95.9244
1578.02	95.9041
1579.95	95.8193
1581.88	95.772
1583.81	95.7749
1585.74	95.7937
1587.67	95.8073
1589.6	95.8185
1591.53	95.831
1593.46	95.8427
1595.39	95.8483
1597.31	95.8212
1599.24	95.7331
1601.17	95.6182
1603.1	95.5315
1605.03	95.4526
1606.96	95.3481
1608.89	95.2183
1610.82	95.0503
1612.75	94.8692
1614.68	94.6701
1616.61	94.3153
1618.53	93.8516
1620.46	93.4382
1622.39	92.9056
1624.32	92.1725
1626.25	91.4165
1628.18	90.5221
1630.11	89.4693
1632.04	88.5914
1633.97	87.8453
1635.9	86.9039
1637.83	86.4088
1639.76	87.1769
1641.68	88.7871
1643.61	90.5224
1645.54	92.0898
1647.47	93.3298
1649.4	93.935
1651.33	94.2004
1653.26	94.5145
1655.19	94.691
1657.12	94.6414
1659.05	94.5887
1660.98	94.5337
1662.9	94.3765
1664.83	94.1606
1666.76	94.0111
1668.69	93.9182
1670.62	93.7644
1672.55	93.5698
1674.48	93.3141
1676.41	92.8264
1678.34	92.3049
1680.27	91.9629
1682.2	91.5918
1684.12	91.0672
1686.05	90.5575
1687.98	89.8562
1689.91	88.8818
1691.84	87.7428
1693.77	86.2422
1695.7	84.2838
1697.63	82.1173
1699.56	79.373
1701.49	76.0479
1703.42	73.0344
1705.35	69.9519
1707.27	66.2958
1709.2	62.8012
1711.13	59.843
1713.06	57.1348
1714.99	54.9769
1716.92	53.6716
1718.85	52.9103
1720.78	53.0767
1722.71	54.397
1724.64	56.49
1726.57	59.1035
1728.49	62.0263
1730.42	64.8094
1732.35	66.9618
1734.28	67.9898
1736.21	67.8296
1738.14	66.7052
1740.07	64.6203
1742	62.124
1743.93	60.261
1745.86	59.1978
1747.79	58.9256
1749.72	59.8904
1751.64	61.6953
1753.57	63.7688
1755.5	66.4987
1757.43	69.865
1759.36	73.2953
1761.29	76.8094
1763.22	80.3768
1765.15	83.3794
1767.08	85.7994
1769.01	87.9969
1770.94	89.8795
1772.86	91.3574
1774.79	92.5596
1776.72	93.3837
1778.65	93.9372
1780.58	94.4879
1782.51	94.9459
1784.44	95.2215
1786.37	95.5274
1788.3	95.8751
1790.23	96.1363
1792.16	96.3303
1794.08	96.4343
1796.01	96.4613
1797.94	96.5418
1799.87	96.6769
1801.8	96.7852
1803.73	96.8697
1805.66	96.91
1807.59	96.9093
1809.52	96.9694
1811.45	97.0844
1813.38	97.1458
1815.31	97.1731
1817.23	97.2377
1819.16	97.3432
1821.09	97.441
1823.02	97.4786
1824.95	97.4717
1826.88	97.4799
1828.81	97.5028
1830.74	97.5494
1832.67	97.6374
1834.6	97.7266
1836.53	97.8155
1838.45	97.8928
1840.38	97.9038
1842.31	97.924
1844.24	98.0521
1846.17	98.1231
1848.1	98.063
1850.03	98.0786
1851.96	98.1927
1853.89	98.209
1855.82	98.1057
1857.75	98.0588
1859.68	98.1139
1861.6	98.1432
1863.53	98.1218
1865.46	98.161
1867.39	98.263
1869.32	98.3382
1871.25	98.4194
1873.18	98.4918
1875.11	98.4493
1877.04	98.4015
1878.97	98.5237
1880.9	98.6724
1882.82	98.6835
1884.75	98.6743
1886.68	98.6993
1888.61	98.6413
1890.54	98.5474
1892.47	98.5597
1894.4	98.6232
1896.33	98.6646
1898.26	98.751
1900.19	98.8764
1902.12	98.9162
1904.05	98.8878
1905.97	98.9351
1907.9	99.0219
1909.83	98.9858
1911.76	98.8624
1913.69	98.819
1915.62	98.8755
1917.55	98.9303
1919.48	98.9308
1921.41	98.9472
1923.34	99.0213
1925.27	99.0809
1927.19	99.108
1929.12	99.1556
1931.05	99.1597
1932.98	99.0695
1934.91	99.0253
1936.84	99.1251
1938.77	99.3234
1940.7	99.5743
1942.63	99.7132
1944.56	99.5598
1946.49	99.3538
1948.41	99.4076
1950.34	99.6173
1952.27	99.7554
1954.2	99.8172
1956.13	99.8653
1958.06	99.9198
1959.99	99.947
1961.92	99.8316
1963.85	99.6538
1965.78	99.7083
1967.71	99.956
1969.64	100.063
1971.56	100.059
1973.49	100.084
1975.42	99.9639
1977.35	99.7891
1979.28	99.9719
1981.21	100.352
1983.14	100.405
1985.07	100.179
1987	100.006
1988.93	99.8524
1990.86	99.6199
1992.78	99.5313
1994.71	99.7654
1996.64	100.102
1998.57	100.213
2000.5	100.143
2002.43	100.2
2004.36	100.348
2006.29	100.277
2008.22	100.028
2010.15	99.8904
2012.08	99.9793
2014.01	100.258
2015.93	100.565
2017.86	100.684
2019.79	100.682
2021.72	100.717
2023.65	100.71
2025.58	100.614
2027.51	100.517
2029.44	100.392
2031.37	100.276
2033.3	100.308
2035.23	100.389
2037.15	100.399
2039.08	100.448
2041.01	100.477
2042.94	100.294
2044.87	100.129
2046.8	100.283
2048.73	100.509
2050.66	100.484
2052.59	100.373
2054.52	100.349
2056.45	100.24
2058.37	100.005
2060.3	99.8947
2062.23	99.9666
2064.16	99.9853
2066.09	99.8645
2068.02	99.8123
2069.95	99.9913
2071.88	100.242
2073.81	100.233
2075.74	99.9111
2077.67	99.5932
2079.6	99.5118
2081.52	99.5783
2083.45	99.604
2085.38	99.4929
2087.31	99.3251
2089.24	99.3289
2091.17	99.5428
2093.1	99.6823
2095.03	99.6057
2096.96	99.5003
2098.89	99.4432
2100.82	99.3466
2102.74	99.308
2104.67	99.4402
2106.6	99.5887
2108.53	99.6066
2110.46	99.5535
2112.39	99.4823
2114.32	99.4009
2116.25	99.385
2118.18	99.4594
2120.11	99.5136
2122.04	99.452
2123.97	99.332
2125.89	99.3236
2127.82	99.4845
2129.75	99.6235
2131.68	99.5776
2133.61	99.4884
2135.54	99.5654
2137.47	99.7889
2139.4	99.9963
2141.33	100.061
2143.26	100.002
2145.19	99.9785
2147.11	100.056
2149.04	100.093
2150.97	100.039
2152.9	100.092
2154.83	100.349
2156.76	100.493
2158.69	100.205
2160.62	99.794
2162.55	99.7855
2164.48	100.034
2166.41	100.057
2168.33	99.874
2170.26	99.7644
2172.19	99.6866
2174.12	99.5448
2176.05	99.5216
2177.98	99.7537
2179.91	100.059
2181.84	100.211
2183.77	100.237
2185.7	100.266
2187.63	100.235
2189.56	100.046
2191.48	99.852
2193.41	99.8815
2195.34	100.068
2197.27	100.097
2199.2	99.8563
2201.13	99.6263
2203.06	99.6629
2204.99	99.8362
2206.92	99.902
2208.85	99.876
2210.78	99.9095
2212.7	99.9742
2214.63	99.8557
2216.56	99.5293
2218.49	99.3751
2220.42	99.6671
2222.35	100.07
2224.28	100.103
2226.21	99.8177
2228.14	99.6261
2230.07	99.6677
2232	99.6387
2233.93	99.3461
2235.85	99.1991
2237.78	99.5454
2239.71	99.9129
2241.64	99.8014
2243.57	99.5628
2245.5	99.6259
2247.43	99.7747
2249.36	99.7578
2251.29	99.6985
2253.22	99.6719
2255.15	99.5838
2257.07	99.4602
2259	99.4066
2260.93	99.3913
2262.86	99.3508
2264.79	99.362
2266.72	99.4603
2268.65	99.497
2270.58	99.4032
2272.51	99.2941
2274.44	99.226
2276.37	99.1903
2278.29	99.2174
2280.22	99.2487
2282.15	99.1954
2284.08	99.1271
2286.01	99.0856
2287.94	98.9622
2289.87	98.782
2291.8	98.7428
2293.73	98.846
2295.66	98.8431
2297.59	98.639
2299.52	98.4612
2301.44	98.5058
2303.37	98.6563
2305.3	98.7326
2307.23	98.7759
2309.16	98.8728
2311.09	98.9638
2313.02	98.9813
2314.95	98.9121
2316.88	98.7417
2318.81	98.5593
2320.74	98.4913
2322.66	98.4849
2324.59	98.5383
2326.52	98.832
2328.45	99.2476
2330.38	99.3562
2332.31	99.1495
2334.24	98.998
2336.17	98.9176
2338.1	98.8293
2340.03	98.8799
2341.96	98.9872
2343.89	98.9204
2345.81	98.808
2347.74	98.7594
2349.67	98.6531
2351.6	98.522
2353.53	98.6287
2355.46	99.0863
2357.39	99.593
2359.32	99.8674
2361.25	99.6983
2363.18	99.265
2365.11	99.1503
2367.03	99.3175
2368.96	99.1394
2370.89	98.6644
2372.82	98.4345
2374.75	98.4351
2376.68	98.3795
2378.61	98.3159
2380.54	98.3185
2382.47	98.2595
2384.4	98.1333
2386.33	98.1024
2388.26	98.1836
2390.18	98.2257
2392.11	98.1484
2394.04	97.9956
2395.97	97.8629
2397.9	97.8391
2399.83	97.912
2401.76	97.9933
2403.69	98.062
2405.62	98.1441
2407.55	98.2148
2409.48	98.2413
2411.4	98.2409
2413.33	98.2548
2415.26	98.2843
2417.19	98.2512
2419.12	98.1175
2421.05	98.0219
2422.98	98.1059
2424.91	98.2858
2426.84	98.3807
2428.77	98.3271
2430.7	98.1795
2432.62	98.0691
2434.55	98.1403
2436.48	98.3642
2438.41	98.5155
2440.34	98.4698
2442.27	98.3754
2444.2	98.3876
2446.13	98.4186
2448.06	98.3524
2449.99	98.3094
2451.92	98.4297
2453.85	98.6057
2455.77	98.6626
2457.7	98.5903
2459.63	98.4868
2461.56	98.4604
2463.49	98.5405
2465.42	98.595
2467.35	98.5195
2469.28	98.4336
2471.21	98.4729
2473.14	98.5972
2475.07	98.727
2476.99	98.8102
2478.92	98.7858
2480.85	98.6835
2482.78	98.6234
2484.71	98.6484
2486.64	98.7084
2488.57	98.7637
2490.5	98.8163
2492.43	98.8733
2494.36	98.8936
2496.29	98.8374
2498.22	98.7703
2500.14	98.7716
2502.07	98.8169
2504	98.8697
2505.93	98.9005
2507.86	98.8211
2509.79	98.646
2511.72	98.5693
2513.65	98.6758
2515.58	98.7901
2517.51	98.7424
2519.44	98.6169
2521.36	98.6181
2523.29	98.7583
2525.22	98.8429
2527.15	98.7794
2529.08	98.663
2531.01	98.55
2532.94	98.4212
2534.87	98.342
2536.8	98.4339
2538.73	98.6771
2540.66	98.856
2542.58	98.7977
2544.51	98.6134
2546.44	98.5043
2548.37	98.4441
2550.3	98.3256
2552.23	98.2203
2554.16	98.2389
2556.09	98.3489
2558.02	98.4621
2559.95	98.5222
2561.88	98.5125
2563.81	98.4749
2565.73	98.4356
2567.66	98.318
2569.59	98.0895
2571.52	97.9211
2573.45	97.9746
2575.38	98.1311
2577.31	98.1965
2579.24	98.2079
2581.17	98.2491
2583.1	98.2348
2585.03	98.1378
2586.95	98.0994
2588.88	98.1615
2590.81	98.1927
2592.74	98.1117
2594.67	97.9795
2596.6	97.9127
2598.53	97.9736
2600.46	98.0795
2602.39	98.056
2604.32	97.8663
2606.25	97.7114
2608.18	97.7749
2610.1	97.9452
2612.03	97.979
2613.96	97.8536
2615.89	97.7174
2617.82	97.6379
2619.75	97.6104
2621.68	97.6219
2623.61	97.6288
2625.54	97.6324
2627.47	97.6665
2629.4	97.6646
2631.32	97.5818
2633.25	97.5193
2635.18	97.5023
2637.11	97.4356
2639.04	97.3625
2640.97	97.3983
2642.9	97.4908
2644.83	97.5312
2646.76	97.5135
2648.69	97.4709
2650.62	97.4321
2652.54	97.3893
2654.47	97.2831
2656.4	97.1486
2658.33	97.1177
2660.26	97.173
2662.19	97.1772
2664.12	97.1468
2666.05	97.19
2667.98	97.2736
2669.91	97.296
2671.84	97.2492
2673.77	97.1731
2675.69	97.0884
2677.62	97.0199
2679.55	96.9876
2681.48	96.9825
2683.41	97.0109
2685.34	97.1057
2687.27	97.2268
2689.2	97.2569
2691.13	97.1746
2693.06	97.0852
2694.99	97.0373
2696.91	96.9978
2698.84	96.9725
2700.77	96.9625
2702.7	96.9215
2704.63	96.8768
2706.56	96.9106
2708.49	96.9892
2710.42	96.9881
2712.35	96.8779
2714.28	96.7708
2716.21	96.7732
2718.14	96.8398
2720.06	96.8462
2721.99	96.7835
2723.92	96.7351
2725.85	96.7087
2727.78	96.666
2729.71	96.6284
2731.64	96.6167
2733.57	96.6052
2735.5	96.5936
2737.43	96.599
2739.36	96.5954
2741.28	96.5667
2743.21	96.5515
2745.14	96.5729
2747.07	96.5991
2749	96.5841
2750.93	96.5111
2752.86	96.4377
2754.79	96.4594
2756.72	96.5554
2758.65	96.5909
2760.58	96.5173
2762.51	96.4048
2764.43	96.3202
2766.36	96.3106
2768.29	96.3618
2770.22	96.3688
2772.15	96.327
2774.08	96.3461
2776.01	96.3711
2777.94	96.2786
2779.87	96.1708
2781.8	96.1505
2783.73	96.1049
2785.65	96.0083
2787.58	95.9792
2789.51	95.9852
2791.44	95.9361
2793.37	95.8819
2795.3	95.848
2797.23	95.8086
2799.16	95.8319
2801.09	95.918
2803.02	95.919
2804.95	95.816
2806.87	95.7292
2808.8	95.6522
2810.73	95.5243
2812.66	95.407
2814.59	95.3486
2816.52	95.3083
2818.45	95.306
2820.38	95.3695
2822.31	95.3579
2824.24	95.134
2826.17	94.8228
2828.1	94.618
2830.02	94.4767
2831.95	94.2596
2833.88	93.9872
2835.81	93.7488
2837.74	93.5618
2839.67	93.4302
2841.6	93.3397
2843.53	93.2075
2845.46	92.9905
2847.39	92.7361
2849.32	92.4532
2851.24	92.0924
2853.17	91.6424
2855.1	91.1112
2857.03	90.5033
2858.96	89.8889
2860.89	89.3785
2862.82	88.9903
2864.75	88.64
2866.68	88.2834
2868.61	87.9472
2870.54	87.6248
2872.47	87.3521
2874.39	87.3266
2876.32	87.6419
2878.25	88.0548
2880.18	88.342
2882.11	88.5951
2884.04	88.9181
2885.97	89.2319
2887.9	89.4546
2889.83	89.538
2891.76	89.4461
2893.69	89.274
2895.61	89.1782
2897.54	89.204
2899.47	89.305
2901.4	89.3723
2903.33	89.2793
2905.26	89.0619
2907.19	88.8871
2909.12	88.8137
2911.05	88.7698
2912.98	88.6504
2914.91	88.3714
2916.83	87.9978
2918.76	87.6949
2920.69	87.4457
2922.62	87.092
2924.55	86.6041
2926.48	86.0478
2928.41	85.5015
2930.34	85.1224
2932.27	85.0293
2934.2	85.1728
2936.13	85.4699
2938.06	85.8606
2939.98	86.2136
2941.91	86.4412
2943.84	86.6041
2945.77	86.7019
2947.7	86.5656
2949.63	86.0847
2951.56	85.3508
2953.49	84.5479
2955.42	83.8539
2957.35	83.3966
2959.28	83.2139
2961.2	83.3378
2963.13	83.8726
2965.06	84.828
2966.99	85.9877
2968.92	87.1162
2970.85	88.1269
2972.78	88.973
2974.71	89.6384
2976.64	90.2349
2978.57	90.8656
2980.5	91.4914
2982.43	92.065
2984.35	92.5809
2986.28	92.9604
2988.21	93.1516
2990.14	93.2967
2992.07	93.5525
2994	93.8582
2995.93	94.073
2997.86	94.2062
2999.79	94.3652
3001.72	94.6178
3003.65	94.9595
3005.57	95.2764
3007.5	95.4237
3009.43	95.4464
3011.36	95.5039
3013.29	95.587
3015.22	95.6103
3017.15	95.6261
3019.08	95.6822
3021.01	95.7476
3022.94	95.8554
3024.87	96.0022
3026.79	96.0919
3028.72	96.1425
3030.65	96.1833
3032.58	96.123
3034.51	96.0869
3036.44	96.3469
3038.37	96.7082
3040.3	96.7418
3042.23	96.581
3044.16	96.5997
3046.09	96.6685
3048.02	96.5394
3049.94	96.4293
3051.87	96.5637
3053.8	96.7098
3055.73	96.6135
3057.66	96.4209
3059.59	96.412
3061.52	96.6329
3063.45	96.8863
3065.38	96.9579
3067.31	96.8666
3069.24	96.7812
3071.16	96.7249
3073.09	96.6974
3075.02	96.8524
3076.95	97.1239
3078.88	97.1569
3080.81	96.9289
3082.74	96.7899
3084.67	96.8461
3086.6	96.9609
3088.53	97.0616
3090.46	97.0317
3092.39	96.7972
3094.31	96.5907
3096.24	96.6391
3098.17	96.7811
3100.1	96.7683
3102.03	96.6432
3103.96	96.596
3105.89	96.6401
3107.82	96.6113
3109.75	96.5115
3111.68	96.5866
3113.61	96.8749
3115.53	97.0268
3117.46	96.8513
3119.39	96.6737
3121.32	96.8506
3123.25	97.1877
3125.18	97.2009
3127.11	96.9116
3129.04	96.8034
3130.97	96.9423
3132.9	96.9088
3134.83	96.6379
3136.75	96.5047
3138.68	96.6204
3140.61	96.792
3142.54	96.9342
3144.47	97.0329
3146.4	97.0271
3148.33	96.9651
3150.26	96.9733
3152.19	97.0266
3154.12	97.0095
3156.05	96.9554
3157.98	96.9735
3159.9	96.9963
3161.83	96.893
3163.76	96.7334
3165.69	96.6379
3167.62	96.5848
3169.55	96.5748
3171.48	96.6287
3173.41	96.6154
3175.34	96.4904
3177.27	96.4667
3179.2	96.6382
3181.12	96.8252
3183.05	96.8763
3184.98	96.7351
3186.91	96.4147
3188.84	96.1412
3190.77	96.1472
3192.7	96.3234
3194.63	96.4202
3196.56	96.405
3198.49	96.3856
3200.42	96.418
3202.35	96.4686
3204.27	96.4713
3206.2	96.4641
3208.13	96.5418
3210.06	96.6001
3211.99	96.4459
3213.92	96.1541
3215.85	95.9397
3217.78	95.8484
3219.71	95.8666
3221.64	96.0153
3223.57	96.1894
3225.49	96.2171
3227.42	96.0916
3229.35	95.9732
3231.28	95.9881
3233.21	96.0441
3235.14	95.9896
3237.07	95.9392
3239	96.0068
3240.93	95.9189
3242.86	95.581
3244.79	95.4382
3246.72	95.5999
3248.64	95.6379
3250.57	95.5803
3252.5	95.796
3254.43	96.0545
3256.36	95.9479
3258.29	95.7034
3260.22	95.6546
3262.15	95.6735
3264.08	95.5862
3266.01	95.5039
3267.94	95.5711
3269.86	95.729
3271.79	95.7955
3273.72	95.7129
3275.65	95.6152
3277.58	95.5733
3279.51	95.4727
3281.44	95.2631
3283.37	95.0968
3285.3	95.0827
3287.23	95.1021
3289.16	95.0313
3291.08	94.9637
3293.01	95.0065
3294.94	95.0758
3296.87	95.0936
3298.8	95.0982
3300.73	95.0405
3302.66	94.8339
3304.59	94.6247
3306.52	94.6308
3308.45	94.7718
3310.38	94.7966
3312.31	94.6796
3314.23	94.5824
3316.16	94.5461
3318.09	94.5016
3320.02	94.4653
3321.95	94.5005
3323.88	94.5788
3325.81	94.6147
3327.74	94.5787
3329.67	94.5312
3331.6	94.551
3333.53	94.6106
3335.45	94.5817
3337.38	94.408
3339.31	94.1937
3341.24	94.0992
3343.17	94.1778
3345.1	94.2835
3347.03	94.2536
3348.96	94.1854
3350.89	94.2346
3352.82	94.2836
3354.75	94.1923
3356.68	94.0837
3358.6	94.0784
3360.53	94.1224
3362.46	94.1845
3364.39	94.2696
3366.32	94.2913
3368.25	94.1609
3370.18	93.9437
3372.11	93.8506
3374.04	93.993
3375.97	94.1585
3377.9	94.1231
3379.82	94.04
3381.75	94.091
3383.68	94.1278
3385.61	94.024
3387.54	93.9033
3389.47	93.8692
3391.4	93.9408
3393.33	94.1094
3395.26	94.2268
3397.19	94.1467
3399.12	93.9731
3401.04	93.882
3402.97	93.8685
3404.9	93.8545
3406.83	93.8365
3408.76	93.8371
3410.69	93.8487
3412.62	93.8729
3414.55	93.9321
3416.48	93.9957
3418.41	93.9964
3420.34	93.9811
3422.27	94.0645
3424.19	94.1938
3426.12	94.2481
3428.05	94.2508
3429.98	94.2215
3431.91	94.1248
3433.84	94.037
3435.77	94.0108
3437.7	93.9884
3439.63	94.0717
3441.56	94.378
3443.49	94.6758
3445.41	94.7587
3447.34	94.776
3449.27	94.7443
3451.2	94.4612
3453.13	94.0821
3455.06	93.9616
3456.99	94.0826
3458.92	94.2307
3460.85	94.3309
3462.78	94.3104
3464.71	94.1848
3466.64	94.1721
3468.56	94.3056
3470.49	94.3674
3472.42	94.3055
3474.35	94.2283
3476.28	94.1884
3478.21	94.2565
3480.14	94.4783
3482.07	94.7209
3484	94.7906
3485.93	94.634
3487.86	94.4248
3489.78	94.4484
3491.71	94.628
3493.64	94.577
3495.57	94.3595
3497.5	94.3878
3499.43	94.5911
3501.36	94.6873
3503.29	94.8539
3505.22	95.2023
3507.15	95.2658
3509.08	94.766
3511	94.1946
3512.93	94.1472
3514.86	94.4509
3516.79	94.5596
3518.72	94.4393
3520.65	94.5021
3522.58	94.8005
3524.51	94.9129
3526.44	94.6474
3528.37	94.3517
3530.3	94.375
3532.23	94.5533
3534.15	94.4969
3536.08	94.1974
3538.01	93.9962
3539.94	94.0548
3541.87	94.2563
3543.8	94.4681
3545.73	94.617
3547.66	94.7723
3549.59	94.9859
3551.52	95.0393
3553.45	94.8398
3555.37	94.7018
3557.3	94.6891
3559.23	94.5677
3561.16	94.5108
3563.09	94.8148
3565.02	95.2202
3566.95	95.3465
3568.88	95.3067
3570.81	95.2816
3572.74	95.1694
3574.67	94.9891
3576.6	94.95
3578.52	95.1955
3580.45	95.6199
3582.38	95.8901
3584.31	95.8093
3586.24	95.571
3588.17	95.5536
3590.1	95.8156
3592.03	96.0459
3593.96	96.0595
3595.89	96.0098
3597.82	96.2494
3599.74	96.721
3601.67	96.9495
3603.6	96.7574
3605.53	96.4911
3607.46	96.4445
3609.39	96.538
3611.32	96.5338
3613.25	96.5184
3615.18	96.7407
3617.11	97.1041
3619.04	97.3121
3620.97	97.3348
3622.89	97.2861
3624.82	97.1269
3626.75	96.8613
3628.68	96.6975
3630.61	96.7987
3632.54	97.0007
3634.47	97.1558
3636.4	97.1673
3638.33	97.1017
3640.26	97.2019
3642.19	97.4741
3644.11	97.622
3646.04	97.5263
3647.97	97.41
3649.9	97.4482
3651.83	97.4299
3653.76	97.3633
3655.69	97.4812
3657.62	97.708
3659.55	97.7035
3661.48	97.5203
3663.41	97.4491
3665.33	97.5496
3667.26	97.6862
3669.19	97.7584
3671.12	97.7732
3673.05	97.9075
3674.98	98.1683
3676.91	98.1528
3678.84	97.832
3680.77	97.5893
3682.7	97.4225
3684.63	97.3049
3686.56	97.4689
3688.48	97.9703
3690.41	98.2586
3692.34	98.0284
3694.27	97.6304
3696.2	97.2433
3698.13	97.0318
3700.06	97.1566
3701.99	97.459
3703.92	97.6215
3705.85	97.6103
3707.78	97.5501
3709.7	97.5916
3711.63	97.8883
3713.56	98.1484
3715.49	98.0703
3717.42	97.8608
3719.35	97.7195
3721.28	97.5784
3723.21	97.4553
3725.14	97.5606
3727.07	97.7423
3729	97.6849
3730.93	97.5667
3732.85	97.7298
3734.78	98.0773
3736.71	98.2422
3738.64	98.2566
3740.57	98.1955
3742.5	97.9613
3744.43	97.6849
3746.36	97.7392
3748.29	97.9617
3750.22	98.033
3752.15	97.9469
3754.07	97.846
3756	97.7498
3757.93	97.6974
3759.86	97.7404
3761.79	97.7322
3763.72	97.5542
3765.65	97.3459
3767.58	97.3118
3769.51	97.4437
3771.44	97.5917
3773.37	97.6802
3775.29	97.6994
3777.22	97.6162
3779.15	97.4344
3781.08	97.3159
3783.01	97.3897
3784.94	97.5611
3786.87	97.6726
3788.8	97.6962
3790.73	97.7015
3792.66	97.7592
3794.59	97.8963
3796.52	97.9754
3798.44	97.8294
3800.37	97.6299
3802.3	97.686
3804.23	97.8287
3806.16	97.7883
3808.09	97.6826
3810.02	97.6378
3811.95	97.5784
3813.88	97.5342
3815.81	97.6436
3817.74	97.8355
3819.66	97.9578
3821.59	98.038
3823.52	98.0466
3825.45	97.945
3827.38	97.8416
3829.31	97.8356
3831.24	97.8625
3833.17	97.7975
3835.1	97.6524
3837.03	97.5423
3838.96	97.5391
3840.89	97.6149
3842.81	97.7016
3844.74	97.7438
3846.67	97.7109
3848.6	97.609
3850.53	97.4491
3852.46	97.3047
3854.39	97.4053
3856.32	97.6602
3858.25	97.7926
3860.18	97.807
3862.11	97.7887
3864.03	97.7847
3865.96	97.7365
3867.89	97.5605
3869.82	97.3516
3871.75	97.3383
3873.68	97.4565
3875.61	97.466
3877.54	97.4366
3879.47	97.5417
3881.4	97.666
3883.33	97.628
3885.25	97.5559
3887.18	97.562
3889.11	97.5476
3891.04	97.5155
3892.97	97.5521
3894.9	97.5837
3896.83	97.5609
3898.76	97.6124
3900.69	97.7842
3902.62	97.8435
3904.55	97.6928
3906.48	97.5446
3908.4	97.4762
3910.33	97.4092
3912.26	97.4013
3914.19	97.56
3916.12	97.7743
3918.05	97.8375
3919.98	97.7698
3921.91	97.687
3923.84	97.5848
3925.77	97.5292
3927.7	97.5853
3929.62	97.5979
3931.55	97.4729
3933.48	97.4035
3935.41	97.478
3937.34	97.5335
3939.27	97.5366
3941.2	97.576
3943.13	97.6124
3945.06	97.5679
3946.99	97.4981
3948.92	97.4702
3950.85	97.4664
3952.77	97.4428
3954.7	97.4284
3956.63	97.5212
3958.56	97.6872
3960.49	97.6972
3962.42	97.4963
3964.35	97.3691
3966.28	97.4906
3968.21	97.6687
3970.14	97.6839
3972.07	97.5738
3973.99	97.4833
3975.92	97.4389
3977.85	97.3803
3979.78	97.3124
3981.71	97.2957
3983.64	97.3063
3985.57	97.2623
3987.5	97.1977
3989.43	97.2206
3991.36	97.3052
3993.29	97.3474
3995.22	97.3785
3997.14	97.4557
