499.643	79.2568
501.572	79.8005
503.501	80.8308
505.43	81.0353
507.36	80.7874
509.289	80.8983
511.218	81.202
513.147	80.9343
515.076	80.2316
517.005	80.1038
518.934	80.6898
520.863	81.1797
522.792	81.535
524.722	82.053
526.651	82.4387
528.58	82.6671
530.509	83.0889
532.438	83.5508
534.367	83.8571
536.296	84.2093
538.225	84.6231
540.155	84.968
542.084	85.2888
544.013	85.477
545.942	85.4787
547.871	85.6821
549.8	86.2116
551.729	86.5883
553.658	86.6185
555.588	86.6721
557.517	86.9253
559.446	87.1644
561.375	87.3521
563.304	87.7076
565.233	88.1185
567.162	88.1132
569.091	87.6859
571.021	87.4556
572.95	87.6687
574.879	87.9145
576.808	87.9509
578.737	87.9909
580.666	88.0848
582.595	88.0036
584.524	87.6948
586.454	87.3455
588.383	87.1108
590.312	86.9882
592.241	86.8461
594.17	86.6366
596.099	86.5398
598.028	86.6445
599.957	86.7024
601.887	86.5023
603.816	86.2817
605.745	86.4384
607.674	87.018
609.603	87.7083
611.532	88.2355
613.461	88.5445
615.39	88.633
617.32	88.594
619.249	88.7348
621.178	89.1312
623.107	89.3955
625.036	89.2676
626.965	88.9862
628.894	88.8482
630.823	88.8574
632.753	88.8639
634.682	88.6826
636.611	88.2239
638.54	87.6169
640.469	86.9759
642.398	86.2368
644.327	85.4066
646.256	84.5683
648.186	83.6934
650.115	82.9024
652.044	82.5536
653.973	82.7843
655.902	83.2752
657.831	83.6726
659.76	84.1631
661.689	85.0244
663.619	85.9321
665.548	86.6661
667.477	87.5911
669.406	88.6853
671.335	89.2794
673.264	89.6674
675.193	90.1065
677.122	90.4625
679.052	90.7252
680.981	91.0515
682.91	91.349
684.839	91.4569
686.768	91.4803
688.697	91.5538
690.626	91.6328
692.555	91.6478
694.485	91.6229
696.414	91.6163
698.343	91.6822
700.272	91.8261
702.201	91.9626
704.13	92.0129
706.059	91.9839
707.988	91.9111
709.917	91.8387
711.847	91.8201
713.776	91.8521
715.705	91.9047
717.634	92.0002
719.563	92.1334
721.492	92.21
723.421	92.1693
725.35	92.0397
727.28	91.8695
729.209	91.6952
731.138	91.4901
733.067	91.1539
734.996	90.6749
736.925	90.2562
738.854	90.14
740.783	90.3277
742.713	90.5993
744.642	90.8009
746.571	90.9543
748.5	91.1052
750.429	91.2373
752.358	91.3292
754.287	91.395
756.216	91.4652
758.146	91.5318
760.075	91.5125
762.004	91.3211
763.933	90.9729
765.862	90.5585
767.791	90.1112
769.72	89.5492
771.649	88.7399
773.579	87.5624
775.508	85.877
777.437	83.4735
779.366	80.1399
781.295	75.9281
783.224	71.4526
785.153	67.8171
787.082	66.075
789.012	66.7397
790.941	69.6865
792.87	74.1453
794.799	78.8101
796.728	82.4486
798.657	84.579
800.586	85.4308
802.515	85.361
804.445	84.5211
806.374	82.9439
808.303	80.6719
810.232	77.9588
812.161	75.5478
814.09	74.3904
816.019	74.8654
817.948	76.5622
819.878	78.8086
821.807	81.0816
823.736	83.0065
825.665	84.3629
827.594	85.18
829.523	85.6469
831.452	85.8822
833.381	85.8665
835.311	85.5767
837.24	85.0403
839.169	84.2398
841.098	83.1443
843.027	81.8797
844.956	80.6982
846.885	79.7611
848.814	79.0513
850.744	78.4256
852.673	77.6984
854.602	76.7828
856.531	75.7741
858.46	74.8344
860.389	74.0761
862.318	73.5959
864.247	73.4767
866.177	73.7046
868.106	74.1759
870.035	74.7524
871.964	75.2572
873.893	75.5454
875.822	75.6107
877.751	75.533
879.68	75.4057
881.609	75.3648
883.539	75.5463
885.468	75.9884
887.397	76.6211
889.326	77.2809
891.255	77.7728
893.184	78.0274
895.113	78.1278
897.042	78.164
898.972	78.2055
900.901	78.3729
902.83	78.7884
904.759	79.5045
906.688	80.5182
908.617	81.7418
910.546	82.9532
912.475	83.886
914.405	84.376
916.334	84.3831
918.263	83.9334
920.192	83.1139
922.121	82.0411
924.05	80.7504
925.979	79.2012
927.908	77.4024
929.838	75.3806
931.767	73.098
933.696	70.6185
935.625	68.2397
937.554	66.2768
939.483	64.8569
941.412	63.9878
943.341	63.6181
945.271	63.6122
947.2	63.8497
949.129	64.3432
951.058	65.1652
952.987	66.3149
954.916	67.7023
956.845	69.2146
958.774	70.7777
960.704	72.359
962.633	73.9173
964.562	75.3941
966.491	76.7471
968.42	77.9365
970.349	78.9068
972.278	79.6246
974.207	80.0869
976.137	80.2924
978.066	80.2557
979.995	80.0137
981.924	79.5892
983.853	78.9946
985.782	78.2798
987.711	77.5544
989.64	76.9532
991.57	76.5458
993.499	76.2433
995.428	75.8151
997.357	75.0195
999.286	73.7566
1001.22	72.1555
1003.14	70.5062
1005.07	69.0668
1007	67.9587
1008.93	67.2255
1010.86	66.844
1012.79	66.6253
1014.72	66.2364
1016.65	65.3985
1018.58	64.023
1020.51	62.2003
1022.44	60.1556
1024.36	58.2039
1026.29	56.6999
1028.22	55.9511
1030.15	56.0188
1032.08	56.6225
1034.01	57.4168
1035.94	58.2961
1037.87	59.2826
1039.8	60.3105
1041.73	61.3151
1043.66	62.3576
1045.58	63.5295
1047.51	64.853
1049.44	66.2832
1051.37	67.7076
1053.3	68.992
1055.23	70.1078
1057.16	71.1659
1059.09	72.2677
1061.02	73.3352
1062.95	74.1103
1064.88	74.3374
1066.81	74.0024
1068.73	73.4368
1070.66	73.1315
1072.59	73.3712
1074.52	74.0703
1076.45	74.9758
1078.38	75.9178
1080.31	76.8176
1082.24	77.5977
1084.17	78.1819
1086.1	78.5137
1088.03	78.5526
1089.95	78.3052
1091.88	77.8312
1093.81	77.1942
1095.74	76.4619
1097.67	75.729
1099.6	75.0599
1101.53	74.435
1103.46	73.7844
1105.39	73.034
1107.32	72.1369
1109.25	71.1119
1111.18	70.0327
1113.1	68.9733
1115.03	67.9711
1116.96	66.9991
1118.89	65.9704
1120.82	64.8096
1122.75	63.4998
1124.68	62.0569
1126.61	60.5196
1128.54	58.9583
1130.47	57.4298
1132.4	55.9184
1134.32	54.3614
1136.25	52.7321
1138.18	51.0653
1140.11	49.4065
1142.04	47.7932
1143.97	46.283
1145.9	44.9267
1147.83	43.7002
1149.76	42.5169
1151.69	41.3287
1153.62	40.2098
1155.55	39.3267
1157.47	38.8324
1159.4	38.8171
1161.33	39.3224
1163.26	40.3297
1165.19	41.7677
1167.12	43.5667
1169.05	45.6641
1170.98	47.9813
1172.91	50.4435
1174.84	52.9872
1176.77	55.5384
1178.69	58.0264
1180.62	60.4066
1182.55	62.6504
1184.48	64.7327
1186.41	66.6281
1188.34	68.3187
1190.27	69.8196
1192.2	71.1835
1194.13	72.4589
1196.06	73.6587
1197.99	74.7686
1199.91	75.7739
1201.84	76.6663
1203.77	77.4257
1205.7	78.011
1207.63	78.3862
1209.56	78.5263
1211.49	78.3872
1213.42	77.922
1215.35	77.1169
1217.28	75.9565
1219.21	74.4044
1221.14	72.4482
1223.06	70.094
1224.99	67.3048
1226.92	63.9966
1228.85	60.1283
1230.78	55.859
1232.71	51.614
1234.64	47.8972
1236.57	45.0195
1238.5	43.0097
1240.43	41.6698
1242.36	40.6813
1244.28	39.7876
1246.21	38.9073
1248.14	38.0434
1250.07	37.2062
1252	36.4894
1253.93	36.0717
1255.86	36.0978
1257.79	36.6338
1259.72	37.6788
1261.65	39.1674
1263.58	41.0159
1265.51	43.1321
1267.43	45.4003
1269.36	47.7346
1271.29	50.0709
1273.22	52.3088
1275.15	54.3893
1277.08	56.344
1279.01	58.2118
1280.94	60.0117
1282.87	61.7373
1284.8	63.3129
1286.73	64.6464
1288.65	65.6885
1290.58	66.3734
1292.51	66.6282
1294.44	66.501
1296.37	66.2203
1298.3	66.1671
1300.23	66.7576
1302.16	68.1917
1304.09	70.2977
1306.02	72.687
1307.95	74.9646
1309.87	76.7802
1311.8	77.8426
1313.73	77.9925
1315.66	77.2604
1317.59	75.8663
1319.52	74.3364
1321.45	73.4547
1323.38	73.7253
1325.31	75.1353
1327.24	77.3124
1329.17	79.6997
1331.1	81.8293
1333.02	83.41
1334.95	84.3665
1336.88	84.8706
1338.81	85.1671
1340.74	85.4372
1342.67	85.7936
1344.6	86.3152
1346.53	87.0165
1348.46	87.7318
1350.39	88.1796
1352.32	88.214
1354.24	87.8187
1356.17	87.1163
1358.1	86.4844
1360.03	86.1692
1361.96	85.9296
1363.89	85.3868
1365.82	84.4792
1367.75	83.1851
1369.68	81.6064
1371.61	80.1673
1373.54	79.112
1375.47	78.4255
1377.39	78.1376
1379.32	78.2306
1381.25	78.5559
1383.18	78.9588
1385.11	79.5398
1387.04	80.564
1388.97	81.785
1390.9	82.6015
1392.83	82.8794
1394.76	82.6963
1396.69	82.1257
1398.61	81.2653
1400.54	80.3959
1402.47	79.8931
1404.4	79.8746
1406.33	80.2237
1408.26	80.7674
1410.19	81.4899
1412.12	82.412
1414.05	83.3414
1415.98	84.2103
1417.91	85.1986
1419.83	86.1903
1421.76	86.8159
1423.69	87.0443
1425.62	86.9938
1427.55	86.7424
1429.48	86.144
1431.41	85.1256
1433.34	83.9762
1435.27	82.6955
1437.2	81.1541
1439.13	79.8645
1441.06	79.0372
1442.98	78.4172
1444.91	77.9309
1446.84	77.4814
1448.77	76.8865
1450.7	76.3474
1452.63	76.2434
1454.56	76.6698
1456.49	77.8148
1458.42	79.432
1460.35	80.6235
1462.28	81.6749
1464.2	83.0772
1466.13	84.638
1468.06	85.8607
1469.99	86.9633
1471.92	88.2213
1473.85	89.3371
1475.78	90.0603
1477.71	90.66
1479.64	91.2371
1481.57	91.8051
1483.5	92.3702
1485.43	92.896
1487.35	93.4291
1489.28	93.9879
1491.21	94.3775
1493.14	94.6151
1495.07	94.8826
1497	95.1695
1498.93	95.3482
1500.86	95.4514
1502.79	95.5506
1504.72	95.6534
1506.65	95.7969
1508.57	95.9406
1510.5	95.9901
1512.43	96.0156
1514.36	96.1011
1516.29	96.2567
1518.22	96.3901
1520.15	96.4218
1522.08	96.3785
1524.01	96.3521
1525.94	96.3492
1527.87	96.3331
1529.8	96.3283
1531.72	96.374
1533.65	96.4252
1535.58	96.4162
1537.51	96.4304
1539.44	96.5536
1541.37	96.6133
1543.3	96.4872
1545.23	96.4103
1547.16	96.4135
1549.09	96.4151
1551.02	96.3929
1552.94	96.3644
1554.87	96.3413
1556.8	96.3455
1558.73	96.3918
1560.66	96.3909
1562.59	96.3235
1564.52	96.2472
1566.45	96.1941
1568.38	96.1467
1570.31	96.0321
1572.24	95.8917
1574.16	95.8358
1576.09	95.8746
1578.02	95.8833
1579.95	95.8212
1581.88	95.7688
1583.81	95.7664
1585.74	95.7937
1587.67	95.8067
1589.6	95.8037
1591.53	95.8135
1593.46	95.8314
1595.39	95.8219
1597.31	95.7686
1599.24	95.6845
1601.17	95.6011
1603.1	95.5314
1605.03	95.4442
1606.96	95.3348
1608.89	95.2137
1610.82	95.0494
1612.75	94.8619
1614.68	94.6577
1616.61	94.3019
1618.53	93.8354
1620.46	93.4276
1622.39	92.92
1624.32	92.2073
1626.25	91.4428
1628.18	90.5478
1630.11	89.5252
1632.04	88.6662
1633.97	87.8949
1635.9	86.9137
1637.83	86.4191
1639.76	87.204
1641.68	88.8227
1643.61	90.5536
1645.54	92.0926
1647.47	93.3102
1649.4	93.942
1651.33	94.2409
1653.26	94.5323
1655.19	94.6694
1657.12	94.6338
1659.05	94.6031
1660.98	94.5464
1662.9	94.3745
1664.83	94.1632
1666.76	94.0249
1668.69	93.9236
1670.62	93.7544
1672.55	93.5672
1674.48	93.3261
1676.41	92.8457
1678.34	92.3332
1680.27	91.9944
1682.2	91.5966
1684.12	91.0273
1686.05	90.5125
1687.98	89.826
1689.91	88.8649
1691.84	87.7456
1693.77	86.257
1695.7	84.2827
1697.63	82.0941
1699.56	79.3589
1701.49	76.0616
1703.42	73.0697
1705.35	69.9942
1707.27	66.3265
1709.2	62.8174
1711.13	59.8544
1713.06	57.1389
1714.99	54.9646
1716.92	53.6495
1718.85	52.8884
1720.78	53.0469
1722.71	54.3394
1724.64	56.3748
1726.57	58.9183
1728.49	61.7991
1730.42	64.5617
1732.35	66.6715
1734.28	67.6432
1736.21	67.4783
1738.14	66.39
1740.07	64.3465
1742	61.886
1743.93	60.0576
1745.86	59.0413
1747.79	58.8307
1749.72	59.8352
1751.64	61.6218
1753.57	63.658
1755.5	66.3793
1757.43	69.77
1759.36	73.236
1761.29	76.7829
1763.22	80.3732
1765.15	83.3768
1767.08	85.7792
1769.01	87.9595
1770.94	89.8363
1772.86	91.3223
1774.79	92.545
1776.72	93.3848
1778.65	93.9323
1780.58	94.4681
1782.51	94.9323
1784.44	95.2284
1786.37	95.5304
1788.3	95.846
1790.23	96.0807
1792.16	96.2681
1794.08	96.3554
1796.01	96.3544
1797.94	96.4397
1799.87	96.6287
1801.8	96.7969
1803.73	96.9101
1805.66	96.9518
1807.59	96.9272
1809.52	96.9466
1811.45	97.0267
1813.38	97.0683
1815.31	97.095
1817.23	97.1836
1819.16	97.315
1821.09	97.4152
1823.02	97.4445
1824.95	97.4376
1826.88	97.4605
1828.81	97.5127
1830.74	97.5806
1832.67	97.6563
1834.6	97.7137
1836.53	97.7684
1838.45	97.8251
1840.38	97.8499
1842.31	97.903
1844.24	98.0485
1846.17	98.1335
1848.1	98.0922
1850.03	98.0824
1851.96	98.1381
1853.89	98.1518
1855.82	98.1045
1857.75	98.0833
1859.68	98.1136
1861.6	98.1205
1863.53	98.101
1865.46	98.1615
1867.39	98.2987
1869.32	98.3898
1871.25	98.4451
1873.18	98.4785
1875.11	98.407
1877.04	98.3445
1878.97	98.4606
1880.9	98.5998
1882.82	98.5981
1884.75	98.5824
1886.68	98.6183
1888.61	98.6143
1890.54	98.5945
1892.47	98.5977
1894.4	98.5628
1896.33	98.5649
1898.26	98.7358
1900.19	98.9321
1902.12	98.9348
1904.05	98.8465
1905.97	98.9105
1907.9	99.0561
1909.83	99.0228
1911.76	98.8242
1913.69	98.6972
1915.62	98.7139
1917.55	98.7907
1919.48	98.8775
1921.41	98.9798
1923.34	99.0468
1925.27	99.017
1927.19	98.9776
1929.12	99.0322
1931.05	99.1021
1932.98	99.0878
1934.91	99.048
1936.84	99.0748
1938.77	99.2341
1940.7	99.5223
1942.63	99.6832
1944.56	99.5063
1946.49	99.307
1948.41	99.392
1950.34	99.5962
1952.27	99.7157
1954.2	99.7983
1956.13	99.8739
1958.06	99.9234
1959.99	99.9563
1961.92	99.8704
1963.85	99.656
1965.78	99.5869
1967.71	99.7677
1969.64	99.9482
1971.56	100.053
1973.49	100.162
1975.42	100.139
1977.35	100.012
1979.28	100.093
1981.21	100.325
1983.14	100.361
1985.07	100.226
1987	100.113
1988.93	99.9604
1990.86	99.7555
1992.78	99.7199
1994.71	99.9132
1996.64	100.101
1998.57	100.111
2000.5	100.067
2002.43	100.168
2004.36	100.298
2006.29	100.236
2008.22	100.095
2010.15	100.062
2012.08	100.092
2014.01	100.162
2015.93	100.337
2017.86	100.56
2019.79	100.743
2021.72	100.826
2023.65	100.747
2025.58	100.597
2027.51	100.5
2029.44	100.378
2031.37	100.225
2033.3	100.206
2035.23	100.299
2037.15	100.363
2039.08	100.415
2041.01	100.431
2042.94	100.311
2044.87	100.202
2046.8	100.32
2048.73	100.52
2050.66	100.521
2052.59	100.356
2054.52	100.201
2056.45	100.041
2058.37	99.8708
2060.3	99.8615
2062.23	100.026
2064.16	100.071
2066.09	99.8652
2068.02	99.7022
2069.95	99.8525
2071.88	100.159
2073.81	100.227
2075.74	99.9261
2077.67	99.56
2079.6	99.4478
2081.52	99.5323
2083.45	99.5572
2085.38	99.4366
2087.31	99.3035
2089.24	99.3258
2091.17	99.4976
2093.1	99.6035
2095.03	99.5223
2096.96	99.4265
2098.89	99.4476
2100.82	99.4541
2102.74	99.4038
2104.67	99.4592
2106.6	99.6122
2108.53	99.6676
2110.46	99.5914
2112.39	99.4876
2114.32	99.3908
2116.25	99.3353
2118.18	99.3741
2120.11	99.4323
2122.04	99.3909
2123.97	99.2954
2125.89	99.2982
2127.82	99.4355
2129.75	99.5659
2131.68	99.5433
2133.61	99.4264
2135.54	99.4236
2137.47	99.6044
2139.4	99.8128
2141.33	99.909
2143.26	99.9291
2145.19	99.9634
2147.11	100.031
2149.04	100.09
2150.97	100.101
2152.9	100.12
2154.83	100.25
2156.76	100.371
2158.69	100.23
2160.62	99.9781
2162.55	100.015
2164.48	100.241
2166.41	100.21
2168.33	99.8797
2170.26	99.5658
2172.19	99.4343
2174.12	99.4803
2176.05	99.6666
2177.98	99.8667
2179.91	99.9495
2181.84	99.9807
2183.77	100.088
2185.7	100.177
2187.63	100.097
2189.56	99.964
2191.48	99.9496
2193.41	99.979
2195.34	99.9468
2197.27	99.8706
2199.2	99.7495
2201.13	99.6373
2203.06	99.6868
2204.99	99.8689
2206.92	99.9639
2208.85	99.9089
2210.78	99.8446
2212.7	99.8441
2214.63	99.7878
2216.56	99.6069
2218.49	99.5522
2220.42	99.8611
2222.35	100.241
2224.28	100.206
2226.21	99.8155
2228.14	99.5671
2230.07	99.6368
2232	99.6476
2233.93	99.3568
2235.85	99.2079
2237.78	99.5803
2239.71	99.9882
2241.64	99.9177
2243.57	99.7082
2245.5	99.7372
2247.43	99.7582
2249.36	99.6088
2251.29	99.5237
2253.22	99.5487
2255.15	99.4963
2257.07	99.3919
2259	99.389
2260.93	99.4551
2262.86	99.4865
2264.79	99.5142
2266.72	99.5573
2268.65	99.506
2270.58	99.348
2272.51	99.233
2274.44	99.2252
2276.37	99.2668
2278.29	99.3093
2280.22	99.2914
2282.15	99.1929
2284.08	99.1111
2286.01	99.0722
2287.94	98.9693
2289.87	98.82
2291.8	98.7899
2293.73	98.8934
2295.66	98.9274
2297.59	98.7763
2299.52	98.6069
2301.44	98.6183
2303.37	98.7359
2305.3	98.7959
2307.23	98.8589
2309.16	99.0227
2311.09	99.1697
2313.02	99.1751
2314.95	99.0578
2316.88	98.8542
2318.81	98.6817
2320.74	98.7086
2322.66	98.8414
2324.59	98.9266
2326.52	99.1381
2328.45	99.5549
2330.38	99.8435
2332.31	99.7847
2334.24	99.5729
2336.17	99.3558
2338.1	99.1951
2340.03	99.2004
2341.96	99.2904
2343.89	99.2934
2345.81	99.2131
2347.74	99.0941
2349.67	98.9657
2351.6	98.9687
2353.53	99.2894
2355.46	99.8263
2357.39	100.266
2359.32	100.433
2361.25	100.145
2363.18	99.696
2365.11	99.6916
2367.03	99.9147
2368.96	99.6524
2370.89	99.0234
2372.82	98.6409
2374.75	98.5557
2376.68	98.5046
2378.61	98.4613
2380.54	98.4322
2382.47	98.3222
2384.4	98.1798
2386.33	98.1519
2388.26	98.2074
2390.18	98.1956
2392.11	98.091
2394.04	97.9683
2395.97	97.8755
2397.9	97.8529
2399.83	97.9278
2401.76	98.0541
2403.69	98.1486
2405.62	98.1786
2407.55	98.1851
2409.48	98.2097
2411.4	98.2252
2413.33	98.2092
2415.26	98.2062
2417.19	98.2143
2419.12	98.1661
2421.05	98.1091
2422.98	98.1828
2424.91	98.3619
2426.84	98.447
2428.77	98.3358
2430.7	98.136
2432.62	98.029
2434.55	98.1177
2436.48	98.3394
2438.41	98.4933
2440.34	98.4744
2442.27	98.4281
2444.2	98.4895
2446.13	98.5346
2448.06	98.4471
2449.99	98.3861
2451.92	98.493
2453.85	98.624
2455.77	98.6105
2457.7	98.5083
2459.63	98.4491
2461.56	98.4739
2463.49	98.5438
2465.42	98.5875
2467.35	98.5711
2469.28	98.5235
2471.21	98.4784
2473.14	98.4881
2475.07	98.6219
2476.99	98.8038
2478.92	98.8392
2480.85	98.7232
2482.78	98.6532
2484.71	98.6943
2486.64	98.728
2488.57	98.704
2490.5	98.6907
2492.43	98.7206
2494.36	98.7588
2496.29	98.7859
2498.22	98.8185
2500.14	98.8743
2502.07	98.9536
2504	99.0052
2505.93	98.9406
2507.86	98.7711
2509.79	98.6319
2511.72	98.5952
2513.65	98.6146
2515.58	98.637
2517.51	98.6285
2519.44	98.6146
2521.36	98.7012
2523.29	98.8594
2525.22	98.8922
2527.15	98.7728
2529.08	98.6546
2531.01	98.552
2532.94	98.4187
2534.87	98.3713
2536.8	98.512
2538.73	98.7333
2540.66	98.8515
2542.58	98.7983
2544.51	98.6473
2546.44	98.4907
2548.37	98.3446
2550.3	98.2254
2552.23	98.1912
2554.16	98.2441
2556.09	98.3332
2558.02	98.4335
2559.95	98.5085
2561.88	98.4999
2563.81	98.4201
2565.73	98.3286
2567.66	98.2244
2569.59	98.0966
2571.52	98.0279
2573.45	98.0817
2575.38	98.1693
2577.31	98.2031
2579.24	98.2288
2581.17	98.2613
2583.1	98.2398
2585.03	98.1946
2586.95	98.1827
2588.88	98.1601
2590.81	98.1085
2592.74	98.0628
2594.67	97.9972
2596.6	97.9403
2598.53	98.0107
2600.46	98.1417
2602.39	98.0892
2604.32	97.8421
2606.25	97.6938
2608.18	97.8055
2610.1	97.9824
2612.03	97.9917
2613.96	97.8718
2615.89	97.7723
2617.82	97.7244
2619.75	97.7017
2621.68	97.6822
2623.61	97.6387
2625.54	97.613
2627.47	97.6507
2629.4	97.6644
2631.32	97.6066
2633.25	97.5775
2635.18	97.5719
2637.11	97.4888
2639.04	97.4083
2640.97	97.4427
2642.9	97.5019
2644.83	97.4961
2646.76	97.4679
2648.69	97.4396
2650.62	97.4064
2652.54	97.3736
2654.47	97.3025
2656.4	97.2052
2658.33	97.1727
2660.26	97.1846
2662.19	97.1542
2664.12	97.137
2666.05	97.2057
2667.98	97.2824
2669.91	97.2914
2671.84	97.2577
2673.77	97.201
2675.69	97.1207
2677.62	97.0404
2679.55	96.982
2681.48	96.9624
2683.41	97.0066
2685.34	97.1155
2687.27	97.2338
2689.2	97.2675
2691.13	97.1803
2693.06	97.0565
2694.99	96.9867
2696.91	96.9648
2698.84	96.9575
2700.77	96.9463
2702.7	96.9112
2704.63	96.8852
2706.56	96.927
2708.49	96.9975
2710.42	96.9987
2712.35	96.9211
2714.28	96.8491
2716.21	96.8449
2718.14	96.8685
2720.06	96.8438
2721.99	96.7895
2723.92	96.7672
2725.85	96.745
2727.78	96.6852
2729.71	96.6524
2731.64	96.6758
2733.57	96.6782
2735.5	96.6328
2737.43	96.6017
2739.36	96.6027
2741.28	96.5959
2743.21	96.5728
2745.14	96.5642
2747.07	96.5845
2749	96.5931
2750.93	96.5371
2752.86	96.4618
2754.79	96.4809
2756.72	96.5798
2758.65	96.6153
2760.58	96.5414
2762.51	96.4365
2764.43	96.3569
2766.36	96.3386
2768.29	96.3906
2770.22	96.4233
2772.15	96.3887
2774.08	96.373
2776.01	96.3781
2777.94	96.3082
2779.87	96.2075
2781.8	96.1562
2783.73	96.0927
2785.65	96.0132
2787.58	96.0087
2789.51	96.0279
2791.44	95.9808
2793.37	95.9267
2795.3	95.8924
2797.23	95.8302
2799.16	95.8051
2801.09	95.854
2803.02	95.8402
2804.95	95.7282
2806.87	95.6632
2808.8	95.6576
2810.73	95.5895
2812.66	95.4699
2814.59	95.383
2816.52	95.325
2818.45	95.2971
2820.38	95.3137
2822.31	95.2569
2824.24	95.0189
2826.17	94.7394
2828.1	94.5873
2830.02	94.4596
2831.95	94.2091
2833.88	93.9334
2835.81	93.7581
2837.74	93.6187
2839.67	93.4561
2841.6	93.3251
2843.53	93.2154
2845.46	93.0334
2847.39	92.7638
2849.32	92.4456
2851.24	92.0604
2853.17	91.5796
2855.1	91.0357
2857.03	90.4807
2858.96	89.9429
2860.89	89.4389
2862.82	88.9717
2864.75	88.5409
2866.68	88.1948
2868.61	87.9722
2870.54	87.7762
2872.47	87.5309
2874.39	87.4238
2876.32	87.6486
2878.25	88.038
2880.18	88.3339
2882.11	88.5763
2884.04	88.8868
2885.97	89.2031
2887.9	89.4223
2889.83	89.508
2891.76	89.4503
2893.69	89.3113
2895.61	89.2106
2897.54	89.2109
2899.47	89.2822
2901.4	89.3138
2903.33	89.1961
2905.26	88.989
2907.19	88.862
2909.12	88.8379
2911.05	88.7934
2912.98	88.6518
2914.91	88.4082
2916.83	88.0878
2918.76	87.7573
2920.69	87.442
2922.62	87.0539
2924.55	86.5161
2926.48	85.9075
2928.41	85.4198
2930.34	85.1774
2932.27	85.1511
2934.2	85.2792
2936.13	85.5616
2938.06	85.9367
2939.98	86.2476
2941.91	86.4393
2943.84	86.5699
2945.77	86.5919
2947.7	86.3924
2949.63	85.9884
2951.56	85.435
2953.49	84.726
2955.42	83.9855
2957.35	83.4682
2959.28	83.2553
2961.2	83.3016
2963.13	83.7472
2965.06	84.7221
2966.99	85.9646
2968.92	87.0926
2970.85	88.0559
2972.78	88.9627
2974.71	89.7663
2976.64	90.3919
2978.57	90.8995
2980.5	91.4021
2982.43	91.9543
2984.35	92.4803
2986.28	92.8309
2988.21	93.0335
2990.14	93.2961
2992.07	93.6565
2994	93.9253
2995.93	94.0281
2997.86	94.105
2999.79	94.2715
3001.72	94.5299
3003.65	94.8459
3005.57	95.1371
3007.5	95.301
3009.43	95.3617
3011.36	95.4284
3013.29	95.5084
3015.22	95.5615
3017.15	95.6288
3019.08	95.7218
3021.01	95.8002
3022.94	95.906
3024.87	96.0502
3026.79	96.1351
3028.72	96.1659
3030.65	96.1961
3032.58	96.1658
3034.51	96.1555
3036.44	96.3625
3038.37	96.6149
3040.3	96.6047
3042.23	96.5278
3044.16	96.6613
3046.09	96.748
3048.02	96.5683
3049.94	96.4447
3051.87	96.5891
3053.8	96.7127
3055.73	96.6159
3057.66	96.4797
3059.59	96.4883
3061.52	96.6451
3063.45	96.8231
3065.38	96.8042
3067.31	96.5796
3069.24	96.4605
3071.16	96.5745
3073.09	96.7211
3075.02	96.8441
3076.95	97.0111
3078.88	97.0922
3080.81	97.0286
3082.74	96.9874
3084.67	96.9944
3086.6	96.9756
3088.53	97.0144
3090.46	97.096
3092.39	97.0175
3094.31	96.785
3096.24	96.6199
3098.17	96.5661
3100.1	96.5075
3102.03	96.4823
3103.96	96.622
3105.89	96.8096
3107.82	96.7577
3109.75	96.5104
3111.68	96.4544
3113.61	96.7045
3115.53	96.9218
3117.46	96.8778
3119.39	96.8043
3121.32	97.0067
3123.25	97.33
3125.18	97.3286
3127.11	97.0199
3129.04	96.8728
3130.97	96.9472
3132.9	96.8634
3134.83	96.6042
3136.75	96.5122
3138.68	96.6503
3140.61	96.8245
3142.54	96.9264
3144.47	96.9563
3146.4	96.9645
3148.33	96.9869
3150.26	96.9777
3152.19	96.9109
3154.12	96.8506
3156.05	96.8594
3157.98	96.9299
3159.9	96.962
3161.83	96.8666
3163.76	96.7347
3165.69	96.6741
3167.62	96.6141
3169.55	96.5596
3171.48	96.6391
3173.41	96.7371
3175.34	96.6501
3177.27	96.5217
3179.2	96.574
3181.12	96.7162
3183.05	96.7626
3184.98	96.6606
3186.91	96.4515
3188.84	96.2812
3190.77	96.2836
3192.7	96.3823
3194.63	96.4152
3196.56	96.3642
3198.49	96.3287
3200.42	96.3838
3202.35	96.4796
3204.27	96.4972
3206.2	96.463
3208.13	96.4919
3210.06	96.4991
3211.99	96.3312
3213.92	96.0716
3215.85	95.8729
3217.78	95.7801
3219.71	95.8671
3221.64	96.1145
3223.57	96.2563
3225.49	96.1472
3227.42	95.9716
3229.35	95.9212
3231.28	96.0083
3233.21	96.1097
3235.14	96.0804
3237.07	96.0152
3239	96.0725
3240.93	96.003
3242.86	95.6254
3244.79	95.3923
3246.72	95.5517
3248.64	95.6645
3250.57	95.6147
3252.5	95.766
3254.43	95.9814
3256.36	95.8663
3258.29	95.631
3260.22	95.6187
3262.15	95.6714
3264.08	95.5693
3266.01	95.4473
3267.94	95.5141
3269.86	95.7127
3271.79	95.7774
3273.72	95.6061
3275.65	95.4289
3277.58	95.4187
3279.51	95.4152
3281.44	95.2901
3283.37	95.2062
3285.3	95.2665
3287.23	95.2867
3289.16	95.1424
3291.08	94.9987
3293.01	94.998
3294.94	95.0602
3296.87	95.1117
3298.8	95.1543
3300.73	95.0856
3302.66	94.8324
3304.59	94.5985
3306.52	94.6271
3308.45	94.8187
3310.38	94.8714
3312.31	94.7084
3314.23	94.5182
3316.16	94.4431
3318.09	94.4542
3320.02	94.4877
3321.95	94.5329
3323.88	94.5782
3325.81	94.5675
3327.74	94.4791
3329.67	94.4244
3331.6	94.5139
3333.53	94.6348
3335.45	94.5875
3337.38	94.3903
3339.31	94.2098
3341.24	94.1353
3343.17	94.1777
3345.1	94.2664
3347.03	94.2902
3348.96	94.3057
3350.89	94.404
3352.82	94.417
3354.75	94.23
3356.68	94.0771
3358.6	94.108
3360.53	94.1606
3362.46	94.1699
3364.39	94.2398
3366.32	94.2981
3368.25	94.1557
3370.18	93.8892
3372.11	93.8131
3374.04	93.9975
3375.97	94.1205
3377.9	94.0346
3379.82	94.0276
3381.75	94.2001
3383.68	94.2441
3385.61	94.0532
3387.54	93.8628
3389.47	93.8057
3391.4	93.8887
3393.33	94.0787
3395.26	94.1783
3397.19	94.0726
3399.12	93.9422
3401.04	93.887
3402.97	93.7856
3404.9	93.6694
3406.83	93.7035
3408.76	93.8329
3410.69	93.8969
3412.62	93.918
3414.55	93.9737
3416.48	94.0052
3418.41	93.9609
3420.34	93.9531
3422.27	94.0836
3424.19	94.2294
3426.12	94.2464
3428.05	94.206
3429.98	94.1911
3431.91	94.1393
3433.84	94.0423
3435.77	93.989
3437.7	94.0234
3439.63	94.2058
3441.56	94.5365
3443.49	94.7698
3445.41	94.7651
3447.34	94.752
3449.27	94.7797
3451.2	94.5428
3453.13	94.107
3455.06	93.9141
3456.99	94.0178
3458.92	94.1257
3460.85	94.1847
3462.78	94.254
3464.71	94.2736
3466.64	94.2802
3468.56	94.3452
3470.49	94.3494
3472.42	94.1682
3474.35	93.902
3476.28	93.8171
3478.21	94.0671
3480.14	94.4589
3482.07	94.678
3484	94.706
3485.93	94.6574
3487.86	94.5386
3489.78	94.4964
3491.71	94.6361
3493.64	94.7039
3495.57	94.6053
3497.5	94.61
3499.43	94.7024
3501.36	94.6851
3503.29	94.8034
3505.22	95.2166
3507.15	95.3778
3509.08	94.8818
3511	94.2199
3512.93	94.085
3514.86	94.364
3516.79	94.5155
3518.72	94.4865
3520.65	94.6315
3522.58	94.9287
3524.51	94.9743
3526.44	94.699
3528.37	94.453
3530.3	94.4347
3532.23	94.4852
3534.15	94.3765
3536.08	94.0933
3538.01	93.8581
3539.94	93.8973
3541.87	94.186
3543.8	94.4667
3545.73	94.5589
3547.66	94.6728
3549.59	94.9621
3551.52	95.1115
3553.45	94.9596
3555.37	94.8358
3557.3	94.7962
3559.23	94.6099
3561.16	94.517
3563.09	94.8323
3565.02	95.2161
3566.95	95.2604
3568.88	95.2096
3570.81	95.3216
3572.74	95.4014
3574.67	95.3282
3576.6	95.2143
3578.52	95.2473
3580.45	95.4672
3582.38	95.672
3584.31	95.6782
3586.24	95.588
3588.17	95.6576
3590.1	95.9049
3592.03	96.0922
3593.96	96.1058
3595.89	96.1185
3597.82	96.3876
3599.74	96.7574
3601.67	96.8422
3603.6	96.6441
3605.53	96.4955
3607.46	96.5234
3609.39	96.5518
3611.32	96.4368
3613.25	96.3667
3615.18	96.5377
3617.11	96.8119
3619.04	97.0497
3620.97	97.2891
3622.89	97.3496
3624.82	97.1201
3626.75	96.907
3628.68	97.0561
3630.61	97.2731
3632.54	97.3028
3634.47	97.343
3636.4	97.2979
3638.33	97.1217
3640.26	97.1607
3642.19	97.5041
3644.11	97.7337
3646.04	97.6159
3647.97	97.3844
3649.9	97.3036
3651.83	97.2449
3653.76	97.1643
3655.69	97.2777
3657.62	97.5692
3659.55	97.6767
3661.48	97.555
3663.41	97.4646
3665.33	97.5068
3667.26	97.6017
3669.19	97.7013
3671.12	97.8159
3673.05	98.0117
3674.98	98.1784
3676.91	97.9354
3678.84	97.5295
3680.77	97.4479
3682.7	97.5245
3684.63	97.5177
3686.56	97.6208
3688.48	98.0072
3690.41	98.2236
3692.34	97.9642
3694.27	97.5453
3696.2	97.1482
3698.13	96.9753
3700.06	97.1976
3701.99	97.5895
3703.92	97.7837
3705.85	97.7918
3707.78	97.7443
3709.7	97.7252
3711.63	97.8824
3713.56	98.0325
3715.49	97.9146
3717.42	97.7285
3719.35	97.6771
3721.28	97.6171
3723.21	97.496
3725.14	97.6294
3727.07	97.935
3729	97.9182
3730.93	97.6575
3732.85	97.6995
3734.78	98.1574
3736.71	98.428
3738.64	98.3677
3740.57	98.2691
3742.5	98.0902
3744.43	97.806
3746.36	97.7669
3748.29	98.0008
3750.22	98.2009
3752.15	98.2025
3754.07	98.0614
3756	97.8807
3757.93	97.7572
3759.86	97.7768
3761.79	97.7701
3763.72	97.5561
3765.65	97.2882
3767.58	97.2486
3769.51	97.415
3771.44	97.5499
3773.37	97.6276
3775.29	97.7407
3777.22	97.8057
3779.15	97.6763
3781.08	97.4811
3783.01	97.4451
3784.94	97.5233
3786.87	97.5966
3788.8	97.6661
3790.73	97.7463
3792.66	97.8374
3794.59	97.9638
3796.52	98.0391
3798.44	97.9297
3800.37	97.7494
3802.3	97.7145
3804.23	97.7253
3806.16	97.6547
3808.09	97.6277
3810.02	97.6523
3811.95	97.5797
3813.88	97.4686
3815.81	97.5372
3817.74	97.7701
3819.66	97.9318
3821.59	97.9713
3823.52	97.9522
3825.45	97.9128
3827.38	97.8568
3829.31	97.8039
3831.24	97.8105
3833.17	97.8521
3835.1	97.7623
3837.03	97.4954
3838.96	97.3418
3840.89	97.4722
3842.81	97.6275
3844.74	97.6732
3846.67	97.6979
3848.6	97.7023
3850.53	97.589
3852.46	97.3895
3854.39	97.4121
3856.32	97.6512
3858.25	97.7953
3860.18	97.8211
3862.11	97.8078
3864.03	97.8048
3865.96	97.7692
3867.89	97.6308
3869.82	97.4637
3871.75	97.4555
3873.68	97.5663
3875.61	97.6075
3877.54	97.6274
3879.47	97.7375
3881.4	97.7951
3883.33	97.6515
3885.25	97.5002
3887.18	97.5125
3889.11	97.5598
3891.04	97.5594
3892.97	97.5719
3894.9	97.5778
3896.83	97.5646
3898.76	97.6608
3900.69	97.8889
3902.62	97.9578
3904.55	97.7598
3906.48	97.5782
3908.4	97.5174
3910.33	97.4523
3912.26	97.4198
3914.19	97.5725
3916.12	97.8263
3918.05	97.917
3919.98	97.8269
3921.91	97.7254
3923.84	97.6127
3925.77	97.493
3927.7	97.4746
3929.62	97.5108
3931.55	97.4802
3933.48	97.4552
3935.41	97.53
3937.34	97.6084
3939.27	97.623
3941.2	97.6228
3943.13	97.6194
3945.06	97.5783
3946.99	97.5192
3948.92	97.4758
3950.85	97.4423
3952.77	97.3984
3954.7	97.3703
3956.63	97.441
3958.56	97.5959
3960.49	97.6415
3962.42	97.5024
3964.35	97.4072
3966.28	97.5114
3968.21	97.6309
3970.14	97.5791
3972.07	97.4622
3973.99	97.4436
3975.92	97.4844
3977.85	97.4831
3979.78	97.4382
3981.71	97.3727
3983.64	97.2833
3985.57	97.1982
3987.5	97.1727
3989.43	97.2324
3991.36	97.3329
3993.29	97.3875
3995.22	97.3927
3997.14	97.4219
