499.643	79.2049
501.572	79.778
503.501	80.9228
505.43	81.4114
507.36	80.9137
509.289	80.3407
511.218	80.2375
513.147	80.2682
515.076	80.2755
517.005	80.4106
518.934	80.466
520.863	80.3928
522.792	80.6508
524.722	81.2217
526.651	81.5643
528.58	81.7511
530.509	82.291
532.438	83.0958
534.367	83.6939
536.296	83.9573
538.225	84.1133
540.155	84.2982
542.084	84.4295
544.013	84.5058
545.942	84.7394
547.871	85.178
549.8	85.5472
551.729	85.6606
553.658	85.693
555.588	85.9789
557.517	86.5706
559.446	87.06
561.375	87.1392
563.304	87.0823
565.233	87.1585
567.162	87.147
569.091	86.9506
571.021	86.9279
572.95	87.199
574.879	87.3975
576.808	87.3421
578.737	87.3535
580.666	87.6231
582.595	87.8437
584.524	87.7018
586.454	87.3153
588.383	86.9884
590.312	86.7863
592.241	86.5091
594.17	86.1213
596.099	85.9395
598.028	86.0997
599.957	86.2834
601.887	86.2796
603.816	86.3328
605.745	86.652
607.674	87.1232
609.603	87.562
611.532	87.871
613.461	88.0566
615.39	88.2029
617.32	88.3588
619.249	88.5561
621.178	88.8276
623.107	89.0448
625.036	89.0269
626.965	88.8491
628.894	88.6964
630.823	88.5895
632.753	88.4964
634.682	88.359
636.611	88.0341
638.54	87.5558
640.469	87.1347
642.398	86.7489
644.327	86.2526
646.256	85.716
648.186	85.1855
650.115	84.6015
652.044	84.1725
653.973	84.1859
655.902	84.5003
657.831	84.8508
659.76	85.3881
661.689	86.1705
663.619	86.9171
665.548	87.8753
667.477	89.6132
669.406	90.9487
671.335	90.8989
673.264	90.895
675.193	91.2919
677.122	91.6046
679.052	91.8344
680.981	92.2737
682.91	92.5915
684.839	92.4938
686.768	92.3247
688.697	92.3273
690.626	92.3465
692.555	92.2763
694.485	92.1601
696.414	92.0276
698.343	91.9293
700.272	91.9077
702.201	91.9226
704.13	91.9309
706.059	91.901
707.988	91.7829
709.917	91.6079
711.847	91.4769
713.776	91.4437
715.705	91.5398
717.634	91.7411
719.563	91.8689
721.492	91.7941
723.421	91.64
725.35	91.5162
727.28	91.3739
729.209	91.1855
731.138	90.9436
733.067	90.5773
734.996	90.0999
736.925	89.7002
738.854	89.5521
740.783	89.6069
742.713	89.6625
744.642	89.6468
746.571	89.6749
748.5	89.8003
750.429	89.9649
752.358	90.1757
754.287	90.4498
756.216	90.6868
758.146	90.8069
760.075	90.8285
762.004	90.7218
763.933	90.4353
765.862	90.0332
767.791	89.5765
769.72	88.9857
771.649	88.1455
773.579	86.9557
775.508	85.2373
777.437	82.7628
779.366	79.388
781.295	75.2141
783.224	70.8251
785.153	67.2769
787.082	65.597
789.012	66.2984
790.941	69.2736
792.87	73.7541
794.799	78.433
796.728	82.1068
798.657	84.2991
800.586	85.2121
802.515	85.2205
804.445	84.5069
806.374	83.0848
808.303	81.0031
810.232	78.5385
812.161	76.3286
814.09	75.1954
816.019	75.5732
817.948	77.1534
819.878	79.2234
821.807	81.2317
823.736	82.9191
825.665	84.1674
827.594	84.9692
829.523	85.4215
831.452	85.5986
833.381	85.5017
835.311	85.1506
837.24	84.5794
839.169	83.7404
841.098	82.5868
843.027	81.2585
844.956	80.0205
846.885	79.0362
848.814	78.299
850.744	77.686
852.673	77.0073
854.602	76.127
856.531	75.0976
858.46	74.1229
860.389	73.3997
862.318	73.0221
864.247	72.9886
866.177	73.2501
868.106	73.7367
870.035	74.3313
871.964	74.8577
873.893	75.1672
875.822	75.2452
877.751	75.1914
879.68	75.1235
881.609	75.1372
883.539	75.3213
885.468	75.7248
887.397	76.2774
889.326	76.815
891.255	77.219
893.184	77.4751
895.113	77.6051
897.042	77.6375
898.972	77.661
900.901	77.8344
902.83	78.2961
904.759	79.0705
906.688	80.0989
908.617	81.3105
910.546	82.5504
912.475	83.5244
914.405	83.9929
916.334	83.9454
918.263	83.4861
920.192	82.7029
922.121	81.6748
924.05	80.4328
925.979	78.9412
927.908	77.198
929.838	75.24
931.767	73.0719
933.696	70.7631
935.625	68.5432
937.554	66.6737
939.483	65.3082
941.412	64.4896
943.341	64.1527
945.271	64.1333
947.2	64.3009
949.129	64.6874
951.058	65.4167
952.987	66.5143
954.916	67.8508
956.845	69.268
958.774	70.6965
960.704	72.1271
962.633	73.5347
964.562	74.8855
966.491	76.167
968.42	77.3416
970.349	78.3206
972.278	79.0389
974.207	79.5024
976.137	79.7412
978.066	79.7676
979.995	79.5762
981.924	79.1533
983.853	78.5198
985.782	77.7702
987.711	77.0423
989.64	76.4564
991.57	76.064
993.499	75.7864
995.428	75.4039
997.357	74.6687
999.286	73.4735
1001.22	71.9383
1003.14	70.3425
1005.07	68.9332
1007	67.8168
1008.93	67.0339
1010.86	66.5873
1012.79	66.3009
1014.72	65.8176
1016.65	64.8623
1018.58	63.4025
1020.51	61.5489
1022.44	59.4909
1024.36	57.5493
1026.29	56.1179
1028.22	55.459
1030.15	55.5511
1032.08	56.1288
1034.01	56.8975
1035.94	57.7278
1037.87	58.6283
1039.8	59.5867
1041.73	60.5634
1043.66	61.6106
1045.58	62.8371
1047.51	64.2523
1049.44	65.7583
1051.37	67.241
1053.3	68.5877
1055.23	69.7318
1057.16	70.7457
1059.09	71.7539
1061.02	72.7125
1062.95	73.3691
1064.88	73.4753
1066.81	73.0517
1068.73	72.464
1070.66	72.1842
1072.59	72.4489
1074.52	73.1653
1076.45	74.0879
1078.38	75.0227
1080.31	75.894
1082.24	76.6646
1084.17	77.2531
1086.1	77.5668
1088.03	77.5632
1089.95	77.2496
1091.88	76.6861
1093.81	75.9795
1095.74	75.216
1097.67	74.4349
1099.6	73.6823
1101.53	72.996
1103.46	72.3165
1105.39	71.5168
1107.32	70.5444
1109.25	69.4584
1111.18	68.3408
1113.1	67.2499
1115.03	66.2255
1116.96	65.2568
1118.89	64.2662
1120.82	63.1606
1122.75	61.8925
1124.68	60.4888
1126.61	59.0168
1128.54	57.512
1130.47	55.9833
1132.4	54.4585
1134.32	52.9465
1136.25	51.4194
1138.18	49.8845
1140.11	48.3852
1142.04	46.9502
1143.97	45.6272
1145.9	44.4744
1147.83	43.4654
1149.76	42.5137
1151.69	41.5926
1153.62	40.7553
1155.55	40.0938
1157.47	39.728
1159.4	39.7775
1161.33	40.3055
1163.26	41.2946
1165.19	42.6783
1167.12	44.3888
1169.05	46.3613
1170.98	48.5218
1172.91	50.811
1174.84	53.1916
1176.77	55.6044
1178.69	57.9706
1180.62	60.242
1182.55	62.3929
1184.48	64.3842
1186.41	66.1792
1188.34	67.7685
1190.27	69.1767
1192.2	70.4629
1194.13	71.6738
1196.06	72.7989
1197.99	73.8205
1199.91	74.7489
1201.84	75.5597
1203.77	76.1934
1205.7	76.6318
1207.63	76.8766
1209.56	76.8762
1211.49	76.5532
1213.42	75.8647
1215.35	74.7998
1217.28	73.3648
1219.21	71.5881
1221.14	69.4883
1223.06	67.0327
1224.99	64.1808
1226.92	60.9427
1228.85	57.3666
1230.78	53.5688
1232.71	49.839
1234.64	46.5913
1236.57	44.1091
1238.5	42.3817
1240.43	41.1995
1242.36	40.315
1244.28	39.5199
1246.21	38.6976
1248.14	37.8495
1250.07	37.0517
1252	36.4074
1253.93	36.031
1255.86	36.0284
1257.79	36.4786
1259.72	37.4098
1261.65	38.7849
1263.58	40.5287
1265.51	42.5468
1267.43	44.7303
1269.36	46.9855
1271.29	49.2352
1273.22	51.4083
1275.15	53.4678
1277.08	55.4022
1279.01	57.2132
1280.94	58.9467
1282.87	60.6397
1284.8	62.2361
1286.73	63.6415
1288.65	64.7962
1290.58	65.6425
1292.51	66.1253
1294.44	66.2799
1296.37	66.3043
1298.3	66.5391
1300.23	67.3233
1302.16	68.8061
1304.09	70.8732
1306.02	73.2191
1307.95	75.4635
1309.87	77.2657
1311.8	78.3824
1313.73	78.6699
1315.66	78.1184
1317.59	76.9062
1319.52	75.5174
1321.45	74.6859
1323.38	74.9065
1325.31	76.1959
1327.24	78.2046
1329.17	80.3833
1331.1	82.2769
1333.02	83.6424
1334.95	84.4633
1336.88	84.9164
1338.81	85.1975
1340.74	85.4471
1342.67	85.7854
1344.6	86.2939
1346.53	86.9527
1348.46	87.586
1350.39	87.9561
1352.32	87.9292
1354.24	87.4584
1356.17	86.6903
1358.1	86.0551
1360.03	85.7689
1361.96	85.5247
1363.89	84.9569
1365.82	84.0688
1367.75	82.8441
1369.68	81.3407
1371.61	79.9395
1373.54	78.8809
1375.47	78.18
1377.39	77.875
1379.32	77.9177
1381.25	78.1689
1383.18	78.545
1385.11	79.168
1387.04	80.2232
1388.97	81.3973
1390.9	82.1592
1392.83	82.455
1394.76	82.3517
1396.69	81.8471
1398.61	81.0081
1400.54	80.1487
1402.47	79.6589
1404.4	79.6391
1406.33	79.9731
1408.26	80.5217
1410.19	81.2728
1412.12	82.2196
1414.05	83.1863
1415.98	84.1408
1417.91	85.2087
1419.83	86.1715
1421.76	86.7253
1423.69	86.9305
1425.62	86.8826
1427.55	86.6277
1429.48	86.0183
1431.41	84.9978
1433.34	83.8704
1435.27	82.5992
1437.2	80.991
1439.13	79.6091
1441.06	78.7262
1442.98	78.0475
1444.91	77.4978
1446.84	77.0431
1448.77	76.51
1450.7	76.045
1452.63	76.0069
1454.56	76.5037
1456.49	77.6746
1458.42	79.1927
1460.35	80.2969
1462.28	81.3432
1464.2	82.7574
1466.13	84.2808
1468.06	85.4686
1469.99	86.5959
1471.92	87.8831
1473.85	88.9185
1475.78	89.5101
1477.71	90.0378
1479.64	90.5967
1481.57	91.1588
1483.5	91.7022
1485.43	92.2122
1487.35	92.7808
1489.28	93.4243
1491.21	93.8872
1493.14	94.1976
1495.07	94.5785
1497	94.9772
1498.93	95.1832
1500.86	95.2932
1502.79	95.4782
1504.72	95.7739
1506.65	96.1037
1508.57	96.1594
1510.5	96.0608
1512.43	96.0559
1514.36	96.1582
1516.29	96.3103
1518.22	96.4557
1520.15	96.5506
1522.08	96.553
1524.01	96.5056
1525.94	96.4477
1527.87	96.3902
1529.8	96.403
1531.72	96.5114
1533.65	96.5833
1535.58	96.5311
1537.51	96.5376
1539.44	96.746
1541.37	96.908
1543.3	96.7493
1545.23	96.5517
1547.16	96.4466
1549.09	96.4239
1551.02	96.4371
1552.94	96.4513
1554.87	96.5248
1556.8	96.7316
1558.73	96.8636
1560.66	96.6007
1562.59	96.3286
1564.52	96.2108
1566.45	96.2035
1568.38	96.1991
1570.31	96.0422
1572.24	95.8441
1574.16	95.8098
1576.09	95.8905
1578.02	95.8406
1579.95	95.7031
1581.88	95.6412
1583.81	95.6531
1585.74	95.6908
1587.67	95.7433
1589.6	95.7903
1591.53	95.8036
1593.46	95.8032
1595.39	95.8039
1597.31	95.7691
1599.24	95.6899
1601.17	95.6095
1603.1	95.5353
1605.03	95.4407
1606.96	95.3417
1608.89	95.2345
1610.82	95.0901
1612.75	94.9757
1614.68	94.8812
1616.61	94.5576
1618.53	94.0418
1620.46	93.6509
1622.39	93.2323
1624.32	92.5959
1626.25	91.868
1628.18	91.0033
1630.11	90.0272
1632.04	89.2694
1633.97	88.6829
1635.9	87.8753
1637.83	87.3451
1639.76	87.9479
1641.68	89.3851
1643.61	91.0297
1645.54	92.5957
1647.47	93.7879
1649.4	94.2837
1651.33	94.4846
1653.26	94.7357
1655.19	94.8003
1657.12	94.7068
1659.05	94.6817
1660.98	94.6693
1662.9	94.4974
1664.83	94.2402
1666.76	94.1128
1668.69	94.1003
1670.62	93.9635
1672.55	93.6972
1674.48	93.3996
1676.41	92.9382
1678.34	92.4536
1680.27	92.1402
1682.2	91.8047
1684.12	91.2556
1686.05	90.639
1687.98	89.8925
1689.91	88.9661
1691.84	87.9229
1693.77	86.5556
1695.7	84.77
1697.63	82.7274
1699.56	80.0169
1701.49	76.7604
1703.42	73.83
1705.35	70.7402
1707.27	67.0274
1709.2	63.5145
1711.13	60.5576
1713.06	57.835
1714.99	55.6368
1716.92	54.159
1718.85	53.0122
1720.78	52.7549
1722.71	53.7086
1724.64	55.433
1726.57	57.6077
1728.49	60.0557
1730.42	62.4251
1732.35	64.2287
1734.28	64.9001
1736.21	64.5156
1738.14	63.4811
1740.07	61.7694
1742	59.7719
1743.93	58.3873
1745.86	57.7788
1747.79	57.916
1749.72	59.118
1751.64	60.9701
1753.57	63.0373
1755.5	65.7697
1757.43	69.1612
1759.36	72.6509
1761.29	76.2394
1763.22	79.8603
1765.15	82.8828
1767.08	85.3048
1769.01	87.5287
1770.94	89.5141
1772.86	91.13
1774.79	92.3923
1776.72	93.228
1778.65	93.8148
1780.58	94.3854
1782.51	94.7927
1784.44	94.9939
1786.37	95.2738
1788.3	95.6593
1790.23	96.0147
1792.16	96.3142
1794.08	96.439
1796.01	96.4251
1797.94	96.4866
1799.87	96.6192
1801.8	96.684
1803.73	96.7024
1805.66	96.7369
1807.59	96.7914
1809.52	96.8598
1811.45	96.9035
1813.38	96.9458
1815.31	97.0431
1817.23	97.1422
1819.16	97.2025
1821.09	97.269
1823.02	97.3286
1824.95	97.3818
1826.88	97.4763
1828.81	97.5245
1830.74	97.4581
1832.67	97.428
1834.6	97.5112
1836.53	97.6238
1838.45	97.6929
1840.38	97.7375
1842.31	97.8536
1844.24	98.0538
1846.17	98.1455
1848.1	98.0669
1850.03	97.9532
1851.96	97.8919
1853.89	97.9235
1855.82	98.0127
1857.75	98.0485
1859.68	98.0108
1861.6	97.9798
1863.53	97.9982
1865.46	98.1066
1867.39	98.3235
1869.32	98.4857
1871.25	98.4337
1873.18	98.2737
1875.11	98.1632
1877.04	98.1994
1878.97	98.3469
1880.9	98.4713
1882.82	98.5377
1884.75	98.5653
1886.68	98.5211
1888.61	98.4517
1890.54	98.4343
1892.47	98.3763
1894.4	98.2644
1896.33	98.3245
1898.26	98.6203
1900.19	98.8819
1902.12	98.915
1904.05	98.8304
1905.97	98.8499
1907.9	98.9862
1909.83	99.0307
1911.76	98.9262
1913.69	98.8786
1915.62	98.9433
1917.55	98.9488
1919.48	98.8936
1921.41	98.9563
1923.34	99.0646
1925.27	99.0354
1927.19	98.9858
1929.12	99.089
1931.05	99.2326
1932.98	99.2464
1934.91	99.1363
1936.84	99.0076
1938.77	99.0468
1940.7	99.3443
1942.63	99.5843
1944.56	99.4118
1946.49	99.0777
1948.41	98.9854
1950.34	99.1506
1952.27	99.4043
1954.2	99.6285
1956.13	99.766
1958.06	99.8869
1959.99	100.048
1961.92	100.078
1963.85	99.9171
1965.78	99.8483
1967.71	99.9627
1969.64	99.9931
1971.56	99.9273
1973.49	99.9362
1975.42	99.9015
1977.35	99.8377
1979.28	100.044
1981.21	100.316
1983.14	100.189
1985.07	99.9068
1987	99.9085
1988.93	99.9691
1990.86	99.7883
1992.78	99.6099
1994.71	99.6916
1996.64	99.9047
1998.57	100.058
2000.5	100.128
2002.43	100.185
2004.36	100.229
2006.29	100.219
2008.22	100.2
2010.15	100.167
2012.08	100.081
2014.01	100.085
2015.93	100.272
2017.86	100.49
2019.79	100.697
2021.72	100.902
2023.65	100.849
2025.58	100.502
2027.51	100.275
2029.44	100.331
2031.37	100.421
2033.3	100.413
2035.23	100.378
2037.15	100.365
2039.08	100.372
2041.01	100.349
2042.94	100.315
2044.87	100.371
2046.8	100.423
2048.73	100.261
2050.66	100.013
2052.59	99.9707
2054.52	100.092
2056.45	100.139
2058.37	100.082
2060.3	100.019
2062.23	99.9628
2064.16	99.8966
2066.09	99.8248
2068.02	99.7604
2069.95	99.7841
2071.88	99.927
2073.81	100.005
2075.74	99.8705
2077.67	99.6725
2079.6	99.5782
2081.52	99.5341
2083.45	99.4813
2085.38	99.4699
2087.31	99.5003
2089.24	99.5288
2091.17	99.5907
2093.1	99.7164
2095.03	99.8013
2096.96	99.7246
2098.89	99.5334
2100.82	99.3664
2102.74	99.283
2104.67	99.2884
2106.6	99.3911
2108.53	99.5355
2110.46	99.5797
2112.39	99.4274
2114.32	99.1863
2116.25	99.1108
2118.18	99.2795
2120.11	99.4731
2122.04	99.5113
2123.97	99.4505
2125.89	99.3897
2127.82	99.3892
2129.75	99.4569
2131.68	99.4481
2133.61	99.3244
2135.54	99.39
2137.47	99.7919
2139.4	100.194
2141.33	100.301
2143.26	100.186
2145.19	100.065
2147.11	100.113
2149.04	100.251
2150.97	100.239
2152.9	100.21
2154.83	100.439
2156.76	100.621
2158.69	100.411
2160.62	100.184
2162.55	100.219
2164.48	100.141
2166.41	99.8113
2168.33	99.5885
2170.26	99.5768
2172.19	99.5846
2174.12	99.5969
2176.05	99.7172
2177.98	99.9113
2179.91	100.047
2181.84	100.048
2183.77	99.9688
2185.7	99.9262
2187.63	99.9458
2189.56	99.9618
2191.48	99.9468
2193.41	99.9671
2195.34	100.044
2197.27	100.032
2199.2	99.8748
2201.13	99.8097
2203.06	99.9524
2204.99	100.024
2206.92	99.8791
2208.85	99.748
2210.78	99.7249
2212.7	99.6699
2214.63	99.58
2216.56	99.5582
2218.49	99.6181
2220.42	99.753
2222.35	99.9261
2224.28	99.9747
2226.21	99.7813
2228.14	99.5211
2230.07	99.5112
2232	99.7415
2233.93	99.83
2235.85	99.6623
2237.78	99.6127
2239.71	99.8289
2241.64	99.9582
2243.57	99.8559
2245.5	99.812
2247.43	99.9064
2249.36	99.8786
2251.29	99.6829
2253.22	99.5356
2255.15	99.5058
2257.07	99.5487
2259	99.7037
2260.93	99.9324
2262.86	100.074
2264.79	100.07
2266.72	99.9576
2268.65	99.7816
2270.58	99.677
2272.51	99.7148
2274.44	99.7346
2276.37	99.6544
2278.29	99.6373
2280.22	99.7298
2282.15	99.7684
2284.08	99.7182
2286.01	99.6917
2287.94	99.71
2289.87	99.7448
2291.8	99.8624
2293.73	100.113
2295.66	100.399
2297.59	100.629
2299.52	100.852
2301.44	101.097
2303.37	101.302
2305.3	101.56
2307.23	102.095
2309.16	102.805
2311.09	103.294
2313.02	103.507
2314.95	103.784
2316.88	104.32
2318.81	105.11
2320.74	106.043
2322.66	106.779
2324.59	107.205
2326.52	107.732
2328.45	108.48
2330.38	108.994
2332.31	109.146
2334.24	109.317
2336.17	109.549
2338.1	109.776
2340.03	110.254
2341.96	110.71
2343.89	110.056
2345.81	108.292
2347.74	106.987
2349.67	106.873
2351.6	108.032
2353.53	110.286
2355.46	112.531
2357.39	113.951
2359.32	114.73
2361.25	114.633
2363.18	113.725
2365.11	112.617
2367.03	111.347
2368.96	109.654
2370.89	107.773
2372.82	106.05
2374.75	104.454
2376.68	102.958
2378.61	101.729
2380.54	100.753
2382.47	99.8463
2384.4	99.0435
2386.33	98.5614
2388.26	98.4122
2390.18	98.3529
2392.11	98.211
2394.04	98.0381
2395.97	97.9385
2397.9	97.9295
2399.83	97.9728
2401.76	98.0287
2403.69	98.0734
2405.62	98.0978
2407.55	98.1055
2409.48	98.1238
2411.4	98.1802
2413.33	98.2474
2415.26	98.2575
2417.19	98.191
2419.12	98.1167
2421.05	98.1313
2422.98	98.26
2424.91	98.4134
2426.84	98.456
2428.77	98.3362
2430.7	98.141
2432.62	98.0301
2434.55	98.1067
2436.48	98.3184
2438.41	98.4884
2440.34	98.4909
2442.27	98.3921
2444.2	98.3597
2446.13	98.4326
2448.06	98.4993
2449.99	98.5424
2451.92	98.6627
2453.85	98.7861
2455.77	98.7083
2457.7	98.5032
2459.63	98.4506
2461.56	98.5631
2463.49	98.624
2465.42	98.5992
2467.35	98.6259
2469.28	98.7121
2471.21	98.7439
2473.14	98.7042
2475.07	98.6884
2476.99	98.742
2478.92	98.81
2480.85	98.8403
2482.78	98.8425
2484.71	98.8517
2486.64	98.8794
2488.57	98.8801
2490.5	98.8108
2492.43	98.7345
2494.36	98.7337
2496.29	98.7632
2498.22	98.7566
2500.14	98.7765
2502.07	98.8957
2504	99.0401
2505.93	99.0563
2507.86	98.8831
2509.79	98.6203
2511.72	98.4397
2513.65	98.4385
2515.58	98.5636
2517.51	98.6695
2519.44	98.6909
2521.36	98.7152
2523.29	98.7974
2525.22	98.8424
2527.15	98.7769
2529.08	98.6517
2531.01	98.5127
2532.94	98.3662
2534.87	98.2798
2536.8	98.3666
2538.73	98.6188
2540.66	98.836
2542.58	98.8402
2544.51	98.6969
2546.44	98.55
2548.37	98.416
2550.3	98.3011
2552.23	98.2526
2554.16	98.2391
2556.09	98.2209
2558.02	98.2219
2559.95	98.2293
2561.88	98.2532
2563.81	98.3772
2565.73	98.5266
2567.66	98.4892
2569.59	98.2987
2571.52	98.2002
2573.45	98.2297
2575.38	98.2222
2577.31	98.17
2579.24	98.2116
2581.17	98.3337
2583.1	98.3805
2585.03	98.3097
2586.95	98.2058
2588.88	98.1169
2590.81	98.0626
2592.74	98.0765
2594.67	98.1133
2596.6	98.1015
2598.53	98.1067
2600.46	98.1829
2602.39	98.1635
2604.32	97.9481
2606.25	97.7845
2608.18	97.8733
2610.1	98.0163
2612.03	98.0058
2613.96	97.9414
2615.89	97.9027
2617.82	97.8027
2619.75	97.6731
2621.68	97.6302
2623.61	97.6184
2625.54	97.545
2627.47	97.4746
2629.4	97.4845
2631.32	97.5463
2633.25	97.5906
2635.18	97.5413
2637.11	97.3915
2639.04	97.2861
2640.97	97.3478
2642.9	97.4776
2644.83	97.5125
2646.76	97.4603
2648.69	97.4167
2650.62	97.3834
2652.54	97.301
2654.47	97.1788
2656.4	97.0927
2658.33	97.0809
2660.26	97.1068
2662.19	97.1189
2664.12	97.1031
2666.05	97.0889
2667.98	97.1178
2669.91	97.1683
2671.84	97.1527
2673.77	97.053
2675.69	96.9621
2677.62	96.9286
2679.55	96.9025
2681.48	96.8766
2683.41	96.9181
2685.34	97.029
2687.27	97.1077
2689.2	97.0893
2691.13	97.0243
2693.06	96.9703
2694.99	96.9108
2696.91	96.8505
2698.84	96.8496
2700.77	96.893
2702.7	96.8963
2704.63	96.8589
2706.56	96.8374
2708.49	96.8308
2710.42	96.8265
2712.35	96.8474
2714.28	96.8834
2716.21	96.8874
2718.14	96.8457
2720.06	96.7801
2721.99	96.7144
2723.92	96.6601
2725.85	96.6153
2727.78	96.5843
2729.71	96.5783
2731.64	96.5749
2733.57	96.5403
2735.5	96.5019
2737.43	96.5037
2739.36	96.5038
2741.28	96.4428
2743.21	96.3765
2745.14	96.4028
2747.07	96.5069
2749	96.58
2750.93	96.5517
2752.86	96.4656
2754.79	96.4322
2756.72	96.4917
2758.65	96.5684
2760.58	96.5788
2762.51	96.4918
2764.43	96.3302
2766.36	96.2014
2768.29	96.1927
2770.22	96.2424
2772.15	96.2875
2774.08	96.3644
2776.01	96.4224
2777.94	96.3456
2779.87	96.1874
2781.8	96.0641
2783.73	95.9666
2785.65	95.9021
2787.58	95.9423
2789.51	96.049
2791.44	96.1092
2793.37	96.0748
2795.3	95.9459
2797.23	95.7891
2799.16	95.7383
2801.09	95.8133
2803.02	95.8729
2804.95	95.8247
2806.87	95.7113
2808.8	95.6048
2810.73	95.5387
2812.66	95.4787
2814.59	95.3715
2816.52	95.2809
2818.45	95.3075
2820.38	95.3408
2822.31	95.1861
2824.24	94.9182
2826.17	94.7489
2828.1	94.6477
2830.02	94.4572
2831.95	94.2006
2833.88	93.9782
2835.81	93.7895
2837.74	93.6211
2839.67	93.4718
2841.6	93.2907
2843.53	93.0788
2845.46	92.9018
2847.39	92.709
2849.32	92.3818
2851.24	91.9642
2853.17	91.5761
2855.1	91.1709
2857.03	90.6092
2858.96	89.9119
2860.89	89.281
2862.82	88.8446
2864.75	88.5196
2866.68	88.2045
2868.61	87.9034
2870.54	87.5944
2872.47	87.2944
2874.39	87.2077
2876.32	87.4562
2878.25	87.8478
2880.18	88.1911
2882.11	88.536
2884.04	88.9413
2885.97	89.2896
2887.9	89.4089
2889.83	89.3004
2891.76	89.1798
2893.69	89.1623
2895.61	89.1185
2897.54	89.0558
2899.47	89.1657
2901.4	89.325
2903.33	89.2185
2905.26	88.9493
2907.19	88.839
2909.12	88.8615
2911.05	88.8037
2912.98	88.6301
2914.91	88.3982
2916.83	88.1181
2918.76	87.7851
2920.69	87.3999
2922.62	86.9665
2924.55	86.464
2926.48	85.8767
2928.41	85.3416
2930.34	85.0682
2932.27	85.0582
2934.2	85.1985
2936.13	85.5173
2938.06	85.988
2939.98	86.3627
2941.91	86.5348
2943.84	86.6405
2945.77	86.6264
2947.7	86.2723
2949.63	85.6406
2951.56	84.9686
2953.49	84.3066
2955.42	83.6893
2957.35	83.3176
2959.28	83.3072
2961.2	83.5923
2963.13	84.1232
2965.06	84.895
2966.99	85.8568
2968.92	86.8973
2970.85	87.8694
2972.78	88.7132
2974.71	89.509
2976.64	90.2603
2978.57	90.8525
2980.5	91.3359
2982.43	91.8716
2984.35	92.3892
2986.28	92.6976
2988.21	92.8365
2990.14	92.9966
2992.07	93.2194
2994	93.3802
2995.93	93.4309
2997.86	93.5621
2999.79	93.965
3001.72	94.5049
3003.65	94.8934
3005.57	95.0536
3007.5	95.0847
3009.43	95.0979
3011.36	95.177
3013.29	95.2844
3015.22	95.3503
3017.15	95.4754
3019.08	95.6933
3021.01	95.791
3022.94	95.7361
3024.87	95.7668
3026.79	95.9233
3028.72	96.0774
3030.65	96.2046
3032.58	96.2445
3034.51	96.1773
3036.44	96.2202
3038.37	96.4264
3040.3	96.5309
3042.23	96.5115
3044.16	96.5418
3046.09	96.4778
3048.02	96.2371
3049.94	96.1641
3051.87	96.3674
3053.8	96.5178
3055.73	96.5429
3057.66	96.6173
3059.59	96.6654
3061.52	96.6341
3063.45	96.7063
3065.38	96.8498
3067.31	96.8622
3069.24	96.8068
3071.16	96.7991
3073.09	96.8146
3075.02	96.9356
3076.95	97.1239
3078.88	97.0417
3080.81	96.721
3082.74	96.6649
3084.67	96.9406
3086.6	97.1365
3088.53	97.1375
3090.46	97.0951
3092.39	97.0098
3094.31	96.8753
3096.24	96.7891
3098.17	96.7536
3100.1	96.6746
3102.03	96.5208
3103.96	96.408
3105.89	96.4831
3107.82	96.6331
3109.75	96.6194
3111.68	96.5447
3113.61	96.623
3115.53	96.6761
3117.46	96.5487
3119.39	96.5382
3121.32	96.8146
3123.25	97.0472
3125.18	96.9744
3127.11	96.7863
3129.04	96.7413
3130.97	96.8095
3132.9	96.824
3134.83	96.773
3136.75	96.7567
3138.68	96.7648
3140.61	96.7657
3142.54	96.8292
3144.47	96.9141
3146.4	96.8438
3148.33	96.6577
3150.26	96.612
3152.19	96.7791
3154.12	96.9624
3156.05	96.9948
3157.98	96.9096
3159.9	96.804
3161.83	96.6998
3163.76	96.6068
3165.69	96.541
3167.62	96.4625
3169.55	96.4039
3171.48	96.5029
3173.41	96.7021
3175.34	96.7455
3177.27	96.5808
3179.2	96.3891
3181.12	96.2776
3183.05	96.236
3184.98	96.2373
3186.91	96.2595
3188.84	96.3237
3190.77	96.4222
3192.7	96.4451
3194.63	96.3846
3196.56	96.3997
3198.49	96.5099
3200.42	96.555
3202.35	96.496
3204.27	96.428
3206.2	96.3953
3208.13	96.3913
3210.06	96.3964
3211.99	96.357
3213.92	96.2131
3215.85	95.9693
3217.78	95.7861
3219.71	95.8846
3221.64	96.1863
3223.57	96.316
3225.49	96.141
3227.42	95.9034
3229.35	95.8288
3231.28	95.9577
3233.21	96.1484
3235.14	96.1691
3237.07	96.0533
3239	96.0156
3240.93	95.9461
3242.86	95.7163
3244.79	95.6205
3246.72	95.7333
3248.64	95.6782
3250.57	95.4756
3252.5	95.5297
3254.43	95.8328
3256.36	96.0568
3258.29	96.0471
3260.22	95.8389
3262.15	95.6067
3264.08	95.4734
3266.01	95.3424
3267.94	95.2601
3269.86	95.4109
3271.79	95.5729
3273.72	95.4579
3275.65	95.3443
3277.58	95.4763
3279.51	95.5308
3281.44	95.3299
3283.37	95.1743
3285.3	95.2109
3287.23	95.2726
3289.16	95.2744
3291.08	95.2354
3293.01	95.1581
3294.94	95.0975
3296.87	95.0607
3298.8	94.942
3300.73	94.7949
3302.66	94.8179
3304.59	94.9434
3306.52	94.9338
3308.45	94.8179
3310.38	94.7529
3312.31	94.7021
3314.23	94.6245
3316.16	94.6176
3318.09	94.6828
3320.02	94.6984
3321.95	94.6487
3323.88	94.6345
3325.81	94.6828
3327.74	94.6707
3329.67	94.5072
3331.6	94.3399
3333.53	94.3642
3335.45	94.4749
3337.38	94.4272
3339.31	94.2541
3341.24	94.1682
3343.17	94.1879
3345.1	94.164
3347.03	94.076
3348.96	94.051
3350.89	94.1241
3352.82	94.2093
3354.75	94.2908
3356.68	94.392
3358.6	94.402
3360.53	94.2571
3362.46	94.1588
3364.39	94.2356
3366.32	94.2592
3368.25	94.1013
3370.18	94.0679
3372.11	94.3743
3374.04	94.7034
3375.97	94.6375
3377.9	94.27
3379.82	94.0811
3381.75	94.2549
3383.68	94.4216
3385.61	94.2523
3387.54	93.9749
3389.47	93.9237
3391.4	94.0189
3393.33	94.0517
3395.26	94.0393
3397.19	94.0571
3399.12	94.0931
3401.04	94.1468
3402.97	94.1922
3404.9	94.1471
3406.83	94.0533
3408.76	94.0516
3410.69	94.1055
3412.62	94.0726
3414.55	94.0052
3416.48	94.0216
3418.41	94.0589
3420.34	94.081
3422.27	94.2147
3424.19	94.4109
3426.12	94.4225
3428.05	94.2245
3429.98	94.028
3431.91	93.9874
3433.84	94.112
3435.77	94.2978
3437.7	94.43
3439.63	94.5165
3441.56	94.5702
3443.49	94.5465
3445.41	94.5486
3447.34	94.6954
3449.27	94.7917
3451.2	94.6483
3453.13	94.4474
3455.06	94.3621
3456.99	94.307
3458.92	94.2711
3460.85	94.3893
3462.78	94.6263
3464.71	94.7843
3466.64	94.7597
3468.56	94.6171
3470.49	94.5146
3472.42	94.5044
3474.35	94.4654
3476.28	94.4165
3478.21	94.5706
3480.14	94.8779
3482.07	95.0211
3484	94.9434
3485.93	94.8527
3487.86	94.8497
3489.78	94.9264
3491.71	94.9456
3493.64	94.7277
3495.57	94.4656
3497.5	94.519
3499.43	94.7386
3501.36	94.8162
3503.29	94.8958
3505.22	95.0672
3507.15	95.0118
3509.08	94.703
3511	94.5593
3512.93	94.7233
3514.86	94.9043
3516.79	94.9215
3518.72	94.8828
3520.65	94.9486
3522.58	95.1265
3524.51	95.2627
3526.44	95.2299
3528.37	95.1003
3530.3	94.9708
3532.23	94.7588
3534.15	94.4445
3536.08	94.2851
3538.01	94.4547
3539.94	94.7399
3541.87	94.9091
3543.8	94.9148
3545.73	94.7658
3547.66	94.6926
3549.59	94.9164
3551.52	95.1353
3553.45	94.9523
3555.37	94.5868
3557.3	94.4597
3559.23	94.6443
3561.16	95.0453
3563.09	95.3955
3565.02	95.3863
3566.95	95.1582
3568.88	95.1679
3570.81	95.2963
3572.74	95.313
3574.67	95.3592
3576.6	95.4896
3578.52	95.5999
3580.45	95.7566
3582.38	95.964
3584.31	96.0281
3586.24	95.9398
3588.17	95.9125
3590.1	96.0472
3592.03	96.3209
3593.96	96.6777
3595.89	96.9155
3597.82	97.0177
3599.74	97.2111
3601.67	97.3977
3603.6	97.2882
3605.53	96.97
3607.46	96.7504
3609.39	96.7529
3611.32	96.8466
3613.25	97.0019
3615.18	97.3213
3617.11	97.6922
3619.04	97.859
3620.97	97.7887
3622.89	97.6548
3624.82	97.5723
3626.75	97.691
3628.68	98.043
3630.61	98.1263
3632.54	97.8864
3634.47	97.7376
3636.4	97.6388
3638.33	97.4445
3640.26	97.3817
3642.19	97.5633
3644.11	97.6886
3646.04	97.6249
3647.97	97.5998
3649.9	97.6516
3651.83	97.5666
3653.76	97.5081
3655.69	97.6665
3657.62	97.8912
3659.55	97.8479
3661.48	97.5876
3663.41	97.4512
3665.33	97.5759
3667.26	97.7254
3669.19	97.7197
3671.12	97.8156
3673.05	98.2396
3674.98	98.5918
3676.91	98.3312
3678.84	97.8762
3680.77	97.7554
3682.7	97.759
3684.63	97.6558
3686.56	97.6478
3688.48	98.0976
3690.41	98.7686
3692.34	98.837
3694.27	98.2632
3696.2	97.5824
3698.13	97.2832
3700.06	97.4204
3701.99	97.7526
3703.92	98.1596
3705.85	98.5602
3707.78	98.7777
3709.7	98.7508
3711.63	98.589
3713.56	98.3541
3715.49	98.1166
3717.42	98.0363
3719.35	98.1039
3721.28	98.1238
3723.21	98.1745
3725.14	98.5547
3727.07	99.0396
3729	99.1393
3730.93	98.9559
3732.85	98.9167
3734.78	99.025
3736.71	98.8448
3738.64	98.5187
3740.57	98.3801
3742.5	98.3432
3744.43	98.2878
3746.36	98.3301
3748.29	98.4737
3750.22	98.501
3752.15	98.3155
3754.07	98.1417
3756	98.0619
3757.93	97.9617
3759.86	97.8049
3761.79	97.6896
3763.72	97.6401
3765.65	97.5857
3767.58	97.564
3769.51	97.6867
3771.44	97.8265
3773.37	97.7905
3775.29	97.7197
3777.22	97.7942
3779.15	97.8706
3781.08	97.7365
3783.01	97.5349
3784.94	97.4411
3786.87	97.4061
3788.8	97.3753
3790.73	97.4344
3792.66	97.6658
3794.59	97.978
3796.52	98.1235
3798.44	98.0248
3800.37	97.8589
3802.3	97.7361
3804.23	97.6542
3806.16	97.6531
3808.09	97.693
3810.02	97.6782
3811.95	97.7161
3813.88	97.9175
3815.81	98.1171
3817.74	98.1393
3819.66	98.1725
3821.59	98.204
3823.52	98.0019
3825.45	97.7623
3827.38	97.7322
3829.31	97.8556
3831.24	97.996
3833.17	98.1167
3835.1	98.1718
3837.03	98.1257
3838.96	98.078
3840.89	98.0694
3842.81	97.9586
3844.74	97.7278
3846.67	97.5656
3848.6	97.5915
3850.53	97.7447
3852.46	97.9219
3854.39	97.9813
3856.32	97.8856
3858.25	97.7733
3860.18	97.7119
3862.11	97.702
3864.03	97.7357
3865.96	97.786
3867.89	97.7597
3869.82	97.6407
3871.75	97.6351
3873.68	97.8261
3875.61	97.9854
3877.54	98.0117
3879.47	97.9872
3881.4	97.9092
3883.33	97.6933
3885.25	97.4202
3887.18	97.3127
3889.11	97.4428
3891.04	97.6677
3892.97	97.7736
3894.9	97.7216
3896.83	97.7186
3898.76	97.8996
3900.69	98.1363
3902.62	98.1757
3904.55	97.9934
3906.48	97.7444
3908.4	97.5696
3910.33	97.516
3912.26	97.5255
3914.19	97.518
3916.12	97.5363
3918.05	97.6604
3919.98	97.7791
3921.91	97.7496
3923.84	97.6541
3925.77	97.669
3927.7	97.7741
3929.62	97.7787
3931.55	97.6433
3933.48	97.534
3935.41	97.4933
3937.34	97.4318
3939.27	97.4122
3941.2	97.4993
3943.13	97.5431
3945.06	97.4569
3946.99	97.3683
3948.92	97.3254
3950.85	97.2998
3952.77	97.3484
3954.7	97.4754
3956.63	97.5751
3958.56	97.5923
3960.49	97.569
3962.42	97.5491
3964.35	97.5216
3966.28	97.479
3968.21	97.4986
3970.14	97.6024
3972.07	97.6192
3973.99	97.486
3975.92	97.4245
3977.85	97.509
3979.78	97.5227
3981.71	97.4119
3983.64	97.3461
3985.57	97.3514
3987.5	97.3232
3989.43	97.2618
3991.36	97.2345
3993.29	97.2744
3995.22	97.377
3997.14	97.4672
