499.643	80.6937
501.572	80.5673
503.501	80.072
505.43	80.1705
507.36	80.6585
509.289	80.9983
511.218	80.8645
513.147	80.2594
515.076	79.9036
517.005	80.3912
518.934	81.0386
520.863	80.9899
522.792	80.7225
524.722	80.914
526.651	81.3117
528.58	81.574
530.509	82.0979
532.438	82.9945
534.367	83.5904
536.296	83.652
538.225	83.8445
540.155	84.4801
542.084	85.0605
544.013	85.2175
545.942	85.1878
547.871	85.3658
549.8	85.7854
551.729	86.1067
553.658	86.1844
555.588	86.346
557.517	86.7753
559.446	87.1665
561.375	87.3278
563.304	87.4404
565.233	87.5031
567.162	87.2403
569.091	86.7602
571.021	86.6606
572.95	87.1437
574.879	87.6437
576.808	87.7204
578.737	87.7052
580.666	87.8457
582.595	87.7829
584.524	87.3678
586.454	86.9781
588.383	86.8411
590.312	86.8357
592.241	86.7973
594.17	86.6181
596.099	86.3533
598.028	86.2475
599.957	86.3769
601.887	86.4795
603.816	86.4357
605.745	86.5505
607.674	87.0538
609.603	87.6807
611.532	88.0783
613.461	88.3157
615.39	88.5742
617.32	88.7532
619.249	88.8047
621.178	88.9216
623.107	89.1018
625.036	89.1398
626.965	89.0255
628.894	88.8759
630.823	88.7204
632.753	88.612
634.682	88.5558
636.611	88.3862
638.54	88.06
640.469	87.7059
642.398	87.2802
644.327	86.7198
646.256	86.2028
648.186	85.8116
650.115	85.4258
652.044	85.1221
653.973	85.1117
655.902	85.3375
657.831	85.6384
659.76	86.083
661.689	86.6644
663.619	87.3198
665.548	88.5462
667.477	90.8833
669.406	92.3645
671.335	91.8585
673.264	91.5196
675.193	91.8786
677.122	92.3325
679.052	92.644
680.981	92.9593
682.91	93.0576
684.839	92.9115
686.768	92.8465
688.697	92.8432
690.626	92.7096
692.555	92.5482
694.485	92.4731
696.414	92.3959
698.343	92.2582
700.272	92.0938
702.201	91.9343
704.13	91.8163
706.059	91.7276
707.988	91.5997
709.917	91.4561
711.847	91.378
713.776	91.3577
715.705	91.4042
717.634	91.5853
719.563	91.7912
721.492	91.7877
723.421	91.5966
725.35	91.4053
727.28	91.2321
729.209	91.0033
731.138	90.7089
733.067	90.3272
734.996	89.843
736.925	89.3892
738.854	89.1608
740.783	89.1497
742.713	89.1252
744.642	88.9786
746.571	88.9004
748.5	89.0512
750.429	89.3232
752.358	89.597
754.287	89.8968
756.216	90.1755
758.146	90.3051
760.075	90.2942
762.004	90.2167
763.933	90.0431
765.862	89.7352
767.791	89.3204
769.72	88.7757
771.649	87.9778
773.579	86.7798
775.508	85.0384
777.437	82.5616
779.366	79.1493
781.295	74.8879
783.224	70.4625
785.153	66.9921
787.082	65.4353
789.012	66.2001
790.941	69.1481
792.87	73.5765
794.799	78.2578
796.728	81.9863
798.657	84.2383
800.586	85.1987
802.515	85.2495
804.445	84.6006
806.374	83.2939
808.303	81.3427
810.232	78.9642
812.161	76.8037
814.09	75.6978
816.019	76.0433
817.948	77.5328
819.878	79.5167
821.807	81.4636
823.736	83.0799
825.665	84.2386
827.594	84.9587
829.523	85.3489
831.452	85.4765
833.381	85.3478
835.311	84.9797
837.24	84.3644
839.169	83.439
841.098	82.2234
843.027	80.9004
844.956	79.6763
846.885	78.6674
848.814	77.8973
850.744	77.257
852.673	76.5495
854.602	75.691
856.531	74.7723
858.46	73.9167
860.389	73.2195
862.318	72.7907
864.247	72.7165
866.177	72.9817
868.106	73.4791
870.035	74.0665
871.964	74.5927
873.893	74.9383
875.822	75.0775
877.751	75.0662
879.68	74.9881
881.609	74.9674
883.539	75.1598
885.468	75.608
887.397	76.1584
889.326	76.6235
891.255	76.9565
893.184	77.1924
895.113	77.3305
897.042	77.3743
898.972	77.4175
900.901	77.6092
902.83	78.0582
904.759	78.8025
906.688	79.8291
908.617	81.0565
910.546	82.2923
912.475	83.2693
914.405	83.7792
916.334	83.7765
918.263	83.3406
920.192	82.5681
922.121	81.5271
924.05	80.2605
925.979	78.7853
927.908	77.1047
929.838	75.225
931.767	73.1563
933.696	70.9571
935.625	68.8059
937.554	66.9649
939.483	65.6291
941.412	64.8302
943.341	64.4713
945.271	64.4186
947.2	64.5836
949.129	64.9783
951.058	65.6831
952.987	66.7249
954.916	68.0042
956.845	69.3714
958.774	70.7441
960.704	72.1049
962.633	73.4238
964.562	74.6643
966.491	75.838
968.42	76.9492
970.349	77.9224
972.278	78.6741
974.207	79.1865
976.137	79.4546
978.066	79.471
979.995	79.2709
981.924	78.8802
983.853	78.2888
985.782	77.5594
987.711	76.8486
989.64	76.2793
991.57	75.88
993.499	75.5809
995.428	75.19
997.357	74.4807
999.286	73.361
1001.22	71.9161
1003.14	70.3488
1005.07	68.8973
1007	67.7317
1008.93	66.9192
1010.86	66.4394
1012.79	66.108
1014.72	65.5738
1016.65	64.5609
1018.58	63.0496
1020.51	61.1787
1022.44	59.1437
1024.36	57.2336
1026.29	55.8072
1028.22	55.1355
1030.15	55.2281
1032.08	55.8182
1034.01	56.584
1035.94	57.3827
1037.87	58.2244
1039.8	59.1231
1041.73	60.0893
1043.66	61.1797
1045.58	62.4513
1047.51	63.9046
1049.44	65.4737
1051.37	67.0265
1053.3	68.4093
1055.23	69.5542
1057.16	70.5297
1059.09	71.4439
1061.02	72.2801
1062.95	72.8415
1064.88	72.9061
1066.81	72.4802
1068.73	71.8979
1070.66	71.6183
1072.59	71.8896
1074.52	72.618
1076.45	73.5451
1078.38	74.4786
1080.31	75.3478
1082.24	76.119
1084.17	76.7099
1086.1	77.0064
1088.03	76.9724
1089.95	76.6709
1091.88	76.1483
1093.81	75.4148
1095.74	74.5555
1097.67	73.7084
1099.6	72.9324
1101.53	72.1946
1103.46	71.4334
1105.39	70.5797
1107.32	69.5949
1109.25	68.5051
1111.18	67.3671
1113.1	66.2478
1115.03	65.2161
1116.96	64.266
1118.89	63.2874
1120.82	62.1799
1122.75	60.9328
1124.68	59.5735
1126.61	58.126
1128.54	56.6352
1130.47	55.1528
1132.4	53.6848
1134.32	52.2047
1136.25	50.7202
1138.18	49.2745
1140.11	47.8842
1142.04	46.5489
1143.97	45.3175
1145.9	44.2593
1147.83	43.3667
1149.76	42.5628
1151.69	41.8045
1153.62	41.1277
1155.55	40.615
1157.47	40.3694
1159.4	40.499
1161.33	41.0589
1163.26	42.014
1165.19	43.3062
1167.12	44.9214
1169.05	46.8331
1170.98	48.9478
1172.91	51.1677
1174.84	53.4478
1176.77	55.7595
1178.69	58.0534
1180.62	60.2655
1182.55	62.3292
1184.48	64.2091
1186.41	65.9188
1188.34	67.4718
1190.27	68.8542
1192.2	70.0841
1194.13	71.2212
1196.06	72.2934
1197.99	73.2861
1199.91	74.1863
1201.84	74.9677
1203.77	75.5753
1205.7	75.9692
1207.63	76.1321
1209.56	76.0187
1211.49	75.5574
1213.42	74.7141
1215.35	73.5085
1217.28	71.9633
1219.21	70.0831
1221.14	67.8728
1223.06	65.34
1224.99	62.4893
1226.92	59.3306
1228.85	55.9054
1230.78	52.3479
1232.71	48.9222
1234.64	45.9494
1236.57	43.66
1238.5	42.0732
1240.43	40.9998
1242.36	40.1788
1244.28	39.4223
1246.21	38.6505
1248.14	37.8544
1250.07	37.0795
1252	36.4312
1253.93	36.0414
1255.86	36.0211
1257.79	36.4481
1259.72	37.3515
1261.65	38.6861
1263.58	40.361
1265.51	42.2897
1267.43	44.401
1269.36	46.6189
1271.29	48.8376
1273.22	50.9638
1275.15	52.978
1277.08	54.8834
1279.01	56.6779
1280.94	58.4081
1282.87	60.1055
1284.8	61.7003
1286.73	63.1145
1288.65	64.3218
1290.58	65.2738
1292.51	65.9115
1294.44	66.257
1296.37	66.467
1298.3	66.8489
1300.23	67.7392
1302.16	69.2733
1304.09	71.3279
1306.02	73.6306
1307.95	75.8324
1309.87	77.6067
1311.8	78.7395
1313.73	79.0925
1315.66	78.6253
1317.59	77.5143
1319.52	76.2441
1321.45	75.4951
1323.38	75.7166
1325.31	76.9232
1327.24	78.7831
1329.17	80.8017
1331.1	82.5751
1333.02	83.8433
1334.95	84.5637
1336.88	84.9403
1338.81	85.1964
1340.74	85.4492
1342.67	85.7837
1344.6	86.2764
1346.53	86.9174
1348.46	87.53
1350.39	87.8565
1352.32	87.7666
1354.24	87.2589
1356.17	86.503
1358.1	85.8914
1360.03	85.6171
1361.96	85.385
1363.89	84.8215
1365.82	83.9228
1367.75	82.71
1369.68	81.2613
1371.61	79.9146
1373.54	78.8629
1375.47	78.1268
1377.39	77.7766
1379.32	77.7745
1381.25	77.9899
1383.18	78.3522
1385.11	78.9719
1387.04	80.0135
1388.97	81.1698
1390.9	81.9334
1392.83	82.2629
1394.76	82.2158
1396.69	81.7479
1398.61	80.9093
1400.54	80.051
1402.47	79.5797
1404.4	79.5722
1406.33	79.8999
1408.26	80.4396
1410.19	81.1898
1412.12	82.1494
1414.05	83.1434
1415.98	84.1189
1417.91	85.1912
1419.83	86.1718
1421.76	86.759
1423.69	86.9778
1425.62	86.9317
1427.55	86.6821
1429.48	86.0477
1431.41	84.9693
1433.34	83.8229
1435.27	82.5797
1437.2	80.9518
1439.13	79.4838
1441.06	78.5464
1442.98	77.8631
1444.91	77.3134
1446.84	76.845
1448.77	76.3176
1450.7	75.8883
1452.63	75.8895
1454.56	76.4266
1456.49	77.6285
1458.42	79.112
1460.35	80.1639
1462.28	81.1934
1464.2	82.5988
1466.13	84.0828
1468.06	85.2199
1469.99	86.3225
1471.92	87.6211
1473.85	88.6701
1475.78	89.2414
1477.71	89.7376
1479.64	90.2547
1481.57	90.7581
1483.5	91.2709
1485.43	91.8173
1487.35	92.4574
1489.28	93.1419
1491.21	93.6037
1493.14	93.9293
1495.07	94.3764
1497	94.8843
1498.93	95.1586
1500.86	95.269
1502.79	95.4652
1504.72	95.8368
1506.65	96.2904
1508.57	96.3628
1510.5	96.1819
1512.43	96.1001
1514.36	96.1727
1516.29	96.3797
1518.22	96.6315
1520.15	96.7874
1522.08	96.7601
1524.01	96.6431
1525.94	96.4951
1527.87	96.3472
1529.8	96.334
1531.72	96.4907
1533.65	96.632
1535.58	96.6487
1537.51	96.7823
1539.44	97.161
1541.37	97.2806
1543.3	96.886
1545.23	96.5573
1547.16	96.4409
1549.09	96.4635
1551.02	96.5304
1552.94	96.5769
1554.87	96.6726
1556.8	96.9298
1558.73	97.1086
1560.66	96.7869
1562.59	96.4264
1564.52	96.2435
1566.45	96.2065
1568.38	96.2318
1570.31	96.1346
1572.24	95.9584
1574.16	95.9066
1576.09	95.9447
1578.02	95.8353
1579.95	95.6536
1581.88	95.5911
1583.81	95.6463
1585.74	95.7102
1587.67	95.7263
1589.6	95.7257
1591.53	95.7431
1593.46	95.7759
1595.39	95.7922
1597.31	95.7587
1599.24	95.6835
1601.17	95.6119
1603.1	95.5499
1605.03	95.4663
1606.96	95.3775
1608.89	95.2785
1610.82	95.127
1612.75	95.0052
1614.68	94.9468
1616.61	94.701
1618.53	94.2231
1620.46	93.8299
1622.39	93.4171
1624.32	92.8007
1626.25	92.1115
1628.18	91.3078
1630.11	90.3783
1632.04	89.6427
1633.97	89.1152
1635.9	88.4342
1637.83	87.9548
1639.76	88.4654
1641.68	89.7634
1643.61	91.2896
1645.54	92.7667
1647.47	93.9041
1649.4	94.4177
1651.33	94.7099
1653.26	95.03
1655.19	94.9704
1657.12	94.7388
1659.05	94.6709
1660.98	94.6803
1662.9	94.5087
1664.83	94.2166
1666.76	94.1061
1668.69	94.1607
1670.62	94.0329
1672.55	93.7283
1674.48	93.4346
1676.41	92.9931
1678.34	92.5058
1680.27	92.2074
1682.2	91.928
1684.12	91.4242
1686.05	90.7882
1687.98	90.024
1689.91	89.1155
1691.84	88.1095
1693.77	86.782
1695.7	85.0496
1697.63	83.1046
1699.56	80.5148
1701.49	77.3267
1703.42	74.4187
1705.35	71.3486
1707.27	67.6251
1709.2	64.0482
1711.13	61.0388
1713.06	58.3052
1714.99	56.0545
1716.92	54.4219
1718.85	53.1378
1720.78	52.7634
1722.71	53.5111
1724.64	54.9623
1726.57	56.8655
1728.49	59.0391
1730.42	61.1304
1732.35	62.7227
1734.28	63.2913
1736.21	62.886
1738.14	61.9457
1740.07	60.4653
1742	58.7491
1743.93	57.5955
1745.86	57.1794
1747.79	57.4796
1749.72	58.7651
1751.64	60.6271
1753.57	62.7106
1755.5	65.5024
1757.43	68.9762
1759.36	72.5166
1761.29	76.0879
1763.22	79.6545
1765.15	82.6627
1767.08	85.1472
1769.01	87.4646
1770.94	89.492
1772.86	91.0794
1774.79	92.3058
1776.72	93.1246
1778.65	93.7065
1780.58	94.2914
1782.51	94.7463
1784.44	95.0154
1786.37	95.3262
1788.3	95.6824
1790.23	96.0039
1792.16	96.2973
1794.08	96.4053
1796.01	96.3783
1797.94	96.468
1799.87	96.6293
1801.8	96.6903
1803.73	96.728
1805.66	96.8047
1807.59	96.8573
1809.52	96.882
1811.45	96.8934
1813.38	96.9033
1815.31	96.9504
1817.23	97.0385
1819.16	97.1638
1821.09	97.3069
1823.02	97.384
1824.95	97.389
1826.88	97.4298
1828.81	97.5018
1830.74	97.5301
1832.67	97.5356
1834.6	97.5486
1836.53	97.57
1838.45	97.5966
1840.38	97.62
1842.31	97.6889
1844.24	97.8148
1846.17	97.8457
1848.1	97.7849
1850.03	97.7984
1851.96	97.8839
1853.89	97.9423
1855.82	97.9932
1857.75	98.0806
1859.68	98.1321
1861.6	98.0904
1863.53	98.0728
1865.46	98.2226
1867.39	98.4669
1869.32	98.5814
1871.25	98.5239
1873.18	98.3956
1875.11	98.2502
1877.04	98.2075
1878.97	98.2998
1880.9	98.3709
1882.82	98.4131
1884.75	98.556
1886.68	98.7109
1888.61	98.6976
1890.54	98.5668
1892.47	98.4911
1894.4	98.5117
1896.33	98.5858
1898.26	98.6552
1900.19	98.6637
1902.12	98.6289
1904.05	98.656
1905.97	98.783
1907.9	98.865
1909.83	98.7558
1911.76	98.5687
1913.69	98.5529
1915.62	98.7592
1917.55	98.9911
1919.48	99.0718
1921.41	99.1047
1923.34	99.1579
1925.27	99.0732
1927.19	98.9017
1929.12	98.9253
1931.05	99.1151
1932.98	99.182
1934.91	99.1013
1936.84	99.0812
1938.77	99.2049
1940.7	99.3573
1942.63	99.3271
1944.56	99.0979
1946.49	98.9574
1948.41	99.0619
1950.34	99.3316
1952.27	99.6824
1954.2	99.9645
1956.13	99.9916
1958.06	99.9146
1959.99	100.002
1961.92	100.093
1963.85	99.9735
1965.78	99.8513
1967.71	99.877
1969.64	99.8999
1971.56	99.9417
1973.49	100.036
1975.42	99.9135
1977.35	99.6487
1979.28	99.7793
1981.21	100.25
1983.14	100.427
1985.07	100.203
1987	100.013
1988.93	100.03
1990.86	100.05
1992.78	99.9261
1994.71	99.8143
1996.64	99.9124
1998.57	100.098
2000.5	100.157
2002.43	100.168
2004.36	100.248
2006.29	100.328
2008.22	100.406
2010.15	100.478
2012.08	100.411
2014.01	100.31
2015.93	100.435
2017.86	100.703
2019.79	100.817
2021.72	100.733
2023.65	100.641
2025.58	100.684
2027.51	100.764
2029.44	100.724
2031.37	100.654
2033.3	100.677
2035.23	100.656
2037.15	100.51
2039.08	100.354
2041.01	100.202
2042.94	100.075
2044.87	100.112
2046.8	100.244
2048.73	100.27
2050.66	100.238
2052.59	100.271
2054.52	100.297
2056.45	100.246
2058.37	100.147
2060.3	100.028
2062.23	99.9692
2064.16	100.016
2066.09	99.9981
2068.02	99.8289
2069.95	99.7664
2071.88	99.9209
2073.81	99.9675
2075.74	99.7349
2077.67	99.5179
2079.6	99.5348
2081.52	99.6198
2083.45	99.5605
2085.38	99.3839
2087.31	99.2725
2089.24	99.3288
2091.17	99.4592
2093.1	99.5413
2095.03	99.5915
2096.96	99.6333
2098.89	99.5907
2100.82	99.4642
2102.74	99.3976
2104.67	99.4681
2106.6	99.5867
2108.53	99.6336
2110.46	99.5486
2112.39	99.3484
2114.32	99.1924
2116.25	99.2685
2118.18	99.4873
2120.11	99.5557
2122.04	99.4191
2123.97	99.2955
2125.89	99.3298
2127.82	99.5072
2129.75	99.7
2131.68	99.6921
2133.61	99.4984
2135.54	99.4803
2137.47	99.7659
2139.4	100.028
2141.33	100.101
2143.26	100.139
2145.19	100.162
2147.11	100.12
2149.04	100.138
2150.97	100.246
2152.9	100.348
2154.83	100.506
2156.76	100.689
2158.69	100.609
2160.62	100.379
2162.55	100.447
2164.48	100.631
2166.41	100.375
2168.33	99.8638
2170.26	99.7038
2172.19	99.8737
2174.12	99.9303
2176.05	99.824
2177.98	99.8159
2179.91	99.9349
2181.84	100.009
2183.77	100.023
2185.7	100.095
2187.63	100.174
2189.56	100.112
2191.48	100.033
2193.41	100.171
2195.34	100.353
2197.27	100.236
2199.2	100.006
2201.13	100.096
2203.06	100.357
2204.99	100.324
2206.92	100.041
2208.85	99.8603
2210.78	99.8338
2212.7	99.8216
2214.63	99.7284
2216.56	99.5059
2218.49	99.3278
2220.42	99.4979
2222.35	99.9196
2224.28	100.135
2226.21	99.9834
2228.14	99.7197
2230.07	99.5588
2232	99.5184
2233.93	99.5695
2235.85	99.6903
2237.78	99.8221
2239.71	99.8873
2241.64	99.891
2243.57	99.9296
2245.5	100.021
2247.43	100.056
2249.36	100.004
2251.29	99.9708
2253.22	99.9925
2255.15	100.011
2257.07	100.054
2259	100.147
2260.93	100.162
2262.86	100.04
2264.79	99.9651
2266.72	100.041
2268.65	100.111
2270.58	100.066
2272.51	99.9497
2274.44	99.7976
2276.37	99.6765
2278.29	99.6872
2280.22	99.7638
2282.15	99.7758
2284.08	99.793
2286.01	99.9166
2287.94	100.061
2289.87	100.182
2291.8	100.418
2293.73	100.785
2295.66	101.077
2297.59	101.221
2299.52	101.406
2301.44	101.731
2303.37	102.126
2305.3	102.646
2307.23	103.421
2309.16	104.286
2311.09	104.949
2313.02	105.481
2314.95	106.113
2316.88	106.832
2318.81	107.659
2320.74	108.74
2322.66	109.87
2324.59	110.803
2326.52	111.832
2328.45	113.055
2330.38	113.79
2332.31	113.707
2334.24	113.633
2336.17	114.085
2338.1	114.558
2340.03	114.816
2341.96	115.158
2343.89	114.656
2345.81	112.429
2347.74	110.422
2349.67	110.319
2351.6	112.223
2353.53	115.298
2355.46	118.072
2357.39	120.117
2359.32	121.332
2361.25	121.065
2363.18	119.88
2365.11	118.453
2367.03	116.617
2368.96	114.356
2370.89	111.884
2372.82	109.396
2374.75	107.044
2376.68	104.923
2378.61	103.141
2380.54	101.712
2382.47	100.508
2384.4	99.4902
2386.33	98.7855
2388.26	98.4415
2390.18	98.3051
2392.11	98.1921
2394.04	98.0404
2395.97	97.9028
2397.9	97.8654
2399.83	97.9235
2401.76	97.9666
2403.69	97.9589
2405.62	97.9959
2407.55	98.1084
2409.48	98.1836
2411.4	98.1491
2413.33	98.0859
2415.26	98.0973
2417.19	98.1517
2419.12	98.1414
2421.05	98.0742
2422.98	98.082
2424.91	98.2041
2426.84	98.3092
2428.77	98.301
2430.7	98.2539
2432.62	98.266
2434.55	98.3163
2436.48	98.3304
2438.41	98.2689
2440.34	98.1526
2442.27	98.0932
2444.2	98.1905
2446.13	98.3348
2448.06	98.3545
2449.99	98.3602
2451.92	98.5567
2453.85	98.8058
2455.77	98.8283
2457.7	98.665
2459.63	98.5359
2461.56	98.4993
2463.49	98.5243
2465.42	98.6079
2467.35	98.6791
2469.28	98.6426
2471.21	98.5403
2473.14	98.4792
2475.07	98.4738
2476.99	98.5183
2478.92	98.649
2480.85	98.7831
2482.78	98.7511
2484.71	98.616
2486.64	98.6102
2488.57	98.7232
2490.5	98.7682
2492.43	98.7625
2494.36	98.8262
2496.29	98.8752
2498.22	98.7608
2500.14	98.5772
2502.07	98.5637
2504	98.7237
2505.93	98.7838
2507.86	98.6305
2509.79	98.4853
2511.72	98.5117
2513.65	98.6075
2515.58	98.6464
2517.51	98.622
2519.44	98.5805
2521.36	98.5562
2523.29	98.5366
2525.22	98.5193
2527.15	98.5361
2529.08	98.5428
2531.01	98.4982
2532.94	98.4923
2534.87	98.5416
2536.8	98.5369
2538.73	98.522
2540.66	98.5848
2542.58	98.5908
2544.51	98.446
2546.44	98.2922
2548.37	98.2246
2550.3	98.2058
2552.23	98.2228
2554.16	98.2556
2556.09	98.2652
2558.02	98.285
2559.95	98.3356
2561.88	98.3532
2563.81	98.3254
2565.73	98.2997
2567.66	98.2456
2569.59	98.1349
2571.52	98.0749
2573.45	98.1286
2575.38	98.1673
2577.31	98.1025
2579.24	98.0257
2581.17	98.0098
2583.1	98.0521
2585.03	98.1757
2586.95	98.3413
2588.88	98.4125
2590.81	98.3378
2592.74	98.1765
2594.67	97.9929
2596.6	97.8807
2598.53	97.9186
2600.46	98.0235
2602.39	98.0233
2604.32	97.9091
2606.25	97.8683
2608.18	97.9934
2610.1	98.1045
2612.03	98.0226
2613.96	97.8402
2615.89	97.7065
2617.82	97.6256
2619.75	97.6008
2621.68	97.6365
2623.61	97.6264
2625.54	97.5478
2627.47	97.5386
2629.4	97.6041
2631.32	97.6013
2633.25	97.525
2635.18	97.4603
2637.11	97.4008
2639.04	97.361
2640.97	97.4137
2642.9	97.5073
2644.83	97.5103
2646.76	97.4236
2648.69	97.3419
2650.62	97.2856
2652.54	97.212
2654.47	97.1228
2656.4	97.0868
2658.33	97.1426
2660.26	97.2066
2662.19	97.1682
2664.12	97.0619
2666.05	97.0096
2667.98	97.0335
2669.91	97.0654
2671.84	97.0666
2673.77	97.0304
2675.69	96.9539
2677.62	96.8679
2679.55	96.8195
2681.48	96.8151
2683.41	96.8311
2685.34	96.8621
2687.27	96.9139
2689.2	96.9586
2691.13	96.9465
2693.06	96.8729
2694.99	96.8018
2696.91	96.8074
2698.84	96.8867
2700.77	96.9396
2702.7	96.8948
2704.63	96.8227
2706.56	96.8059
2708.49	96.7957
2710.42	96.7481
2712.35	96.7324
2714.28	96.7739
2716.21	96.7942
2718.14	96.7644
2720.06	96.7259
2721.99	96.6905
2723.92	96.6388
2725.85	96.563
2727.78	96.4897
2729.71	96.4685
2731.64	96.4826
2733.57	96.4619
2735.5	96.437
2737.43	96.4793
2739.36	96.5112
2741.28	96.4476
2743.21	96.3942
2745.14	96.441
2747.07	96.4831
2749	96.4319
2750.93	96.3599
2752.86	96.3434
2754.79	96.3614
2756.72	96.385
2758.65	96.4316
2760.58	96.4834
2762.51	96.4421
2764.43	96.2849
2766.36	96.1739
2768.29	96.2244
2770.22	96.3269
2772.15	96.3706
2774.08	96.3732
2776.01	96.3086
2777.94	96.1489
2779.87	96.0097
2781.8	95.9603
2783.73	95.9261
2785.65	95.9114
2787.58	95.9686
2789.51	96.0128
2791.44	95.983
2793.37	95.943
2795.3	95.8915
2797.23	95.8126
2799.16	95.8137
2801.09	95.9073
2803.02	95.9375
2804.95	95.8623
2806.87	95.7622
2808.8	95.6498
2810.73	95.5431
2812.66	95.4873
2814.59	95.4194
2816.52	95.2949
2818.45	95.2192
2820.38	95.215
2822.31	95.1255
2824.24	94.9039
2826.17	94.702
2828.1	94.5966
2830.02	94.4818
2831.95	94.2562
2833.88	93.9511
2835.81	93.6636
2837.74	93.463
2839.67	93.3656
2841.6	93.325
2843.53	93.2374
2845.46	93.0205
2847.39	92.7044
2849.32	92.383
2851.24	92.0806
2853.17	91.7379
2855.1	91.2987
2857.03	90.7274
2858.96	90.0414
2860.89	89.3766
2862.82	88.8674
2864.75	88.4879
2866.68	88.1678
2868.61	87.8953
2870.54	87.6055
2872.47	87.2861
2874.39	87.1485
2876.32	87.3357
2878.25	87.696
2880.18	88.0941
2882.11	88.5391
2884.04	88.9411
2885.97	89.1814
2887.9	89.2973
2889.83	89.3202
2891.76	89.2127
2893.69	89.045
2895.61	88.9553
2897.54	88.9886
2899.47	89.0922
2901.4	89.1556
2903.33	89.0966
2905.26	88.9768
2907.19	88.9075
2909.12	88.868
2911.05	88.7453
2912.98	88.4853
2914.91	88.137
2916.83	87.8008
2918.76	87.5251
2920.69	87.2387
2922.62	86.8431
2924.55	86.352
2926.48	85.865
2928.41	85.4436
2930.34	85.1112
2932.27	84.946
2934.2	85.0439
2936.13	85.3824
2938.06	85.8059
2939.98	86.146
2941.91	86.3425
2943.84	86.4477
2945.77	86.474
2947.7	86.3204
2949.63	85.9104
2951.56	85.2545
2953.49	84.4123
2955.42	83.6024
2957.35	83.1464
2959.28	83.118
2961.2	83.373
2963.13	83.9301
2965.06	84.8679
2966.99	86.0077
2968.92	87.0818
2970.85	87.9906
2972.78	88.7534
2974.71	89.4375
2976.64	90.0965
2978.57	90.7094
2980.5	91.2885
2982.43	91.8791
2984.35	92.3935
2986.28	92.7259
2988.21	92.9339
2990.14	93.0749
2992.07	93.1258
2994	93.1223
2995.93	93.1149
2997.86	93.146
2999.79	93.3701
3001.72	93.8728
3003.65	94.4345
3005.57	94.7643
3007.5	94.8341
3009.43	94.8431
3011.36	94.979
3013.29	95.2275
3015.22	95.4248
3017.15	95.5046
3019.08	95.53
3021.01	95.544
3022.94	95.5885
3024.87	95.7142
3026.79	95.8696
3028.72	95.9591
3030.65	95.9701
3032.58	95.9766
3034.51	96.095
3036.44	96.3104
3038.37	96.3986
3040.3	96.3132
3042.23	96.3418
3044.16	96.5225
3046.09	96.533
3048.02	96.3932
3049.94	96.4564
3051.87	96.6576
3053.8	96.6682
3055.73	96.5877
3057.66	96.6762
3059.59	96.7767
3061.52	96.6484
3063.45	96.4171
3065.38	96.3054
3067.31	96.3407
3069.24	96.4502
3071.16	96.5503
3073.09	96.6189
3075.02	96.7552
3076.95	96.9664
3078.88	97.0442
3080.81	96.8747
3082.74	96.6384
3084.67	96.5868
3086.6	96.7736
3088.53	96.9793
3090.46	96.9682
3092.39	96.8578
3094.31	96.9043
3096.24	97.023
3098.17	96.9883
3100.1	96.8646
3102.03	96.8174
3103.96	96.834
3105.89	96.8121
3107.82	96.6967
3109.75	96.5586
3111.68	96.5457
3113.61	96.6474
3115.53	96.7062
3117.46	96.6859
3119.39	96.6793
3121.32	96.7706
3123.25	96.9775
3125.18	97.1437
3127.11	97.0921
3129.04	96.956
3130.97	96.9314
3132.9	96.9058
3134.83	96.7806
3136.75	96.7158
3138.68	96.7411
3140.61	96.7151
3142.54	96.6951
3144.47	96.784
3146.4	96.8256
3148.33	96.7208
3150.26	96.6686
3152.19	96.7576
3154.12	96.7858
3156.05	96.7066
3157.98	96.7381
3159.9	96.8834
3161.83	96.8927
3163.76	96.7438
3165.69	96.6403
3167.62	96.6603
3169.55	96.7616
3171.48	96.8484
3173.41	96.7526
3175.34	96.4971
3177.27	96.3592
3179.2	96.4215
3181.12	96.4831
3183.05	96.4608
3184.98	96.4163
3186.91	96.3559
3188.84	96.2961
3190.77	96.2613
3192.7	96.2026
3194.63	96.1511
3196.56	96.231
3198.49	96.431
3200.42	96.6295
3202.35	96.7268
3204.27	96.6163
3206.2	96.3297
3208.13	96.1527
3210.06	96.2364
3211.99	96.3136
3213.92	96.1222
3215.85	95.845
3217.78	95.8222
3219.71	96.0199
3221.64	96.1032
3223.57	95.9783
3225.49	95.8517
3227.42	95.7844
3229.35	95.7395
3231.28	95.8615
3233.21	96.1265
3235.14	96.2052
3237.07	96.0593
3239	95.9234
3240.93	95.7464
3242.86	95.5109
3244.79	95.5172
3246.72	95.6947
3248.64	95.6356
3250.57	95.4647
3252.5	95.5404
3254.43	95.6837
3256.36	95.6312
3258.29	95.5719
3260.22	95.6913
3262.15	95.8511
3264.08	95.8425
3266.01	95.6326
3267.94	95.4267
3269.86	95.3977
3271.79	95.3878
3273.72	95.2608
3275.65	95.2449
3277.58	95.4279
3279.51	95.4678
3281.44	95.2357
3283.37	95.0758
3285.3	95.1684
3287.23	95.2778
3289.16	95.2319
3291.08	95.1021
3293.01	94.9459
3294.94	94.8199
3296.87	94.8497
3298.8	94.9712
3300.73	94.9647
3302.66	94.8598
3304.59	94.8256
3306.52	94.8178
3308.45	94.7784
3310.38	94.7769
3312.31	94.7395
3314.23	94.5719
3316.16	94.4405
3318.09	94.4608
3320.02	94.4975
3321.95	94.503
3323.88	94.5524
3325.81	94.5753
3327.74	94.4961
3329.67	94.4277
3331.6	94.4444
3333.53	94.4246
3335.45	94.2719
3337.38	94.0935
3339.31	94.0412
3341.24	94.0743
3343.17	94.0421
3345.1	93.9758
3347.03	94.0589
3348.96	94.283
3350.89	94.4354
3352.82	94.4183
3354.75	94.3214
3356.68	94.2296
3358.6	94.1599
3360.53	94.1559
3362.46	94.2326
3364.39	94.2309
3366.32	94.0247
3368.25	93.8395
3370.18	93.9407
3372.11	94.1672
3374.04	94.2298
3375.97	94.1618
3377.9	94.1271
3379.82	94.162
3381.75	94.2428
3383.68	94.2991
3385.61	94.2515
3387.54	94.1592
3389.47	94.127
3391.4	94.1422
3393.33	94.1706
3395.26	94.2163
3397.19	94.2231
3399.12	94.1422
3401.04	94.0649
3402.97	94.0886
3404.9	94.1487
3406.83	94.1488
3408.76	94.1301
3410.69	94.1503
3412.62	94.1574
3414.55	94.1216
3416.48	94.1157
3418.41	94.1704
3420.34	94.2319
3422.27	94.2873
3424.19	94.3559
3426.12	94.3588
3428.05	94.1847
3429.98	93.937
3431.91	93.9097
3433.84	94.1317
3435.77	94.2506
3437.7	94.1631
3439.63	94.2175
3441.56	94.5069
3443.49	94.7082
3445.41	94.7568
3447.34	94.8801
3449.27	95.0207
3451.2	94.9298
3453.13	94.6367
3455.06	94.3853
3456.99	94.3371
3458.92	94.4523
3460.85	94.5878
3462.78	94.6707
3464.71	94.7025
3466.64	94.6681
3468.56	94.6
3470.49	94.5819
3472.42	94.5623
3474.35	94.4431
3476.28	94.3877
3478.21	94.625
3480.14	94.9905
3482.07	95.1243
3484	95.0298
3485.93	94.9345
3487.86	94.8448
3489.78	94.746
3491.71	94.7509
3493.64	94.7975
3495.57	94.7608
3497.5	94.763
3499.43	94.8935
3501.36	95.0142
3503.29	95.0747
3505.22	95.0973
3507.15	94.9519
3509.08	94.6364
3511	94.4462
3512.93	94.5374
3514.86	94.7066
3516.79	94.757
3518.72	94.7487
3520.65	94.8585
3522.58	95.0887
3524.51	95.2152
3526.44	95.0883
3528.37	94.8511
3530.3	94.7363
3532.23	94.748
3534.15	94.6658
3536.08	94.4056
3538.01	94.2294
3539.94	94.384
3541.87	94.7202
3543.8	94.8928
3545.73	94.7497
3547.66	94.615
3549.59	94.8767
3551.52	95.285
3553.45	95.2855
3555.37	94.9884
3557.3	94.9208
3559.23	95.0868
3561.16	95.2183
3563.09	95.2677
3565.02	95.2099
3566.95	95.0927
3568.88	95.2405
3570.81	95.5366
3572.74	95.6151
3574.67	95.6089
3576.6	95.8391
3578.52	96.18
3580.45	96.2936
3582.38	96.1619
3584.31	96.0124
3586.24	95.9469
3588.17	95.9508
3590.1	96.1806
3592.03	96.698
3593.96	97.071
3595.89	96.9228
3597.82	96.8258
3599.74	97.2232
3601.67	97.4732
3603.6	97.2396
3605.53	97.1587
3607.46	97.4903
3609.39	97.6624
3611.32	97.3362
3613.25	96.9051
3615.18	96.8587
3617.11	97.3151
3619.04	97.8894
3620.97	98.0969
3622.89	98.0074
3624.82	97.9248
3626.75	97.9501
3628.68	98.0898
3630.61	98.0773
3632.54	97.7826
3634.47	97.4942
3636.4	97.3279
3638.33	97.1549
3640.26	97.0656
3642.19	97.2661
3644.11	97.5904
3646.04	97.8258
3647.97	98.1041
3649.9	98.2765
3651.83	98.0157
3653.76	97.7613
3655.69	97.7521
3657.62	97.6812
3659.55	97.371
3661.48	97.1573
3663.41	97.2588
3665.33	97.4955
3667.26	97.6894
3669.19	97.9329
3671.12	98.2742
3673.05	98.5313
3674.98	98.5608
3676.91	98.3323
3678.84	98.0672
3680.77	97.8874
3682.7	97.734
3684.63	97.6552
3686.56	97.8283
3688.48	98.3727
3690.41	98.9376
3692.34	98.9677
3694.27	98.6001
3696.2	98.1755
3698.13	97.9206
3700.06	97.9406
3701.99	98.2037
3703.92	98.5364
3705.85	98.7766
3707.78	98.8871
3709.7	98.8243
3711.63	98.5361
3713.56	98.1912
3715.49	98.052
3717.42	98.1962
3719.35	98.4648
3721.28	98.5562
3723.21	98.5938
3725.14	98.9959
3727.07	99.478
3729	99.4824
3730.93	99.2973
3732.85	99.474
3734.78	99.7016
3736.71	99.2745
3738.64	98.7358
3740.57	98.5805
3742.5	98.4677
3744.43	98.1321
3746.36	98.0142
3748.29	98.276
3750.22	98.3507
3752.15	97.9594
3754.07	97.6845
3756	97.6847
3757.93	97.6373
3759.86	97.5251
3761.79	97.5623
3763.72	97.6152
3765.65	97.4964
3767.58	97.413
3769.51	97.5547
3771.44	97.6706
3773.37	97.6129
3775.29	97.5472
3777.22	97.5107
3779.15	97.4376
3781.08	97.4005
3783.01	97.4364
3784.94	97.465
3786.87	97.5065
3788.8	97.6212
3790.73	97.7525
3792.66	97.8421
3794.59	97.8913
3796.52	97.8854
3798.44	97.822
3800.37	97.7266
3802.3	97.635
3804.23	97.6572
3806.16	97.8321
3808.09	97.9412
3810.02	97.7867
3811.95	97.6032
3813.88	97.6429
3815.81	97.8214
3817.74	97.9097
3819.66	98.0422
3821.59	98.2597
3823.52	98.162
3825.45	97.8116
3827.38	97.6607
3829.31	97.7833
3831.24	97.8684
3833.17	97.8047
3835.1	97.7954
3837.03	97.9222
3838.96	98.0205
3840.89	97.9789
3842.81	97.8824
3844.74	97.8087
3846.67	97.758
3848.6	97.7262
3850.53	97.7535
3852.46	97.844
3854.39	97.7997
3856.32	97.6266
3858.25	97.6308
3860.18	97.8365
3862.11	98
3864.03	97.9022
3865.96	97.7414
3867.89	97.7156
3869.82	97.6621
3871.75	97.5403
3873.68	97.5832
3875.61	97.7304
3877.54	97.7523
3879.47	97.6596
3881.4	97.581
3883.33	97.5337
3885.25	97.5493
3887.18	97.648
3889.11	97.6731
3891.04	97.5659
3892.97	97.4991
3894.9	97.5445
3896.83	97.6133
3898.76	97.7492
3900.69	97.9707
3902.62	98.0359
3904.55	97.8656
3906.48	97.6824
3908.4	97.5231
3910.33	97.3114
3912.26	97.1773
3914.19	97.2697
3916.12	97.4858
3918.05	97.6696
3919.98	97.778
3921.91	97.7397
3923.84	97.5492
3925.77	97.4637
3927.7	97.624
3929.62	97.7509
3931.55	97.6301
3933.48	97.4441
3935.41	97.3859
3937.34	97.3908
3939.27	97.4161
3941.2	97.5121
3943.13	97.6604
3945.06	97.7379
3946.99	97.6411
3948.92	97.4251
3950.85	97.2998
3952.77	97.3535
3954.7	97.46
3956.63	97.5431
3958.56	97.6141
3960.49	97.6066
3962.42	97.464
3964.35	97.3156
3966.28	97.3334
3968.21	97.4955
3970.14	97.6203
3972.07	97.6117
3973.99	97.5521
3975.92	97.4994
3977.85	97.4221
3979.78	97.3658
3981.71	97.3849
3983.64	97.3708
3985.57	97.2327
3987.5	97.082
3989.43	97.0585
3991.36	97.1586
3993.29	97.275
3995.22	97.3121
3997.14	97.277
