499.643	82.5538
501.572	81.2108
503.501	80.5597
505.43	79.9753
507.36	79.1975
509.289	79.5738
511.218	80.752
513.147	80.8411
515.076	79.9311
517.005	79.6474
518.934	80.2103
520.863	80.7559
522.792	81.2376
524.722	81.7596
526.651	82.0395
528.58	82.2227
530.509	82.5291
532.438	82.7572
534.367	82.9901
536.296	83.5083
538.225	84.0736
540.155	84.4296
542.084	84.7261
544.013	84.917
545.942	84.8883
547.871	85.0037
549.8	85.4407
551.729	85.7158
553.658	85.6203
555.588	85.683
557.517	86.2227
559.446	86.7715
561.375	86.8929
563.304	86.9054
565.233	87.1392
567.162	87.1874
569.091	86.7987
571.021	86.6007
572.95	86.9111
574.879	87.1349
576.808	87.0157
578.737	87.0794
580.666	87.4638
582.595	87.7106
584.524	87.6102
586.454	87.3477
588.383	87.1185
590.312	86.9586
592.241	86.7354
594.17	86.4078
596.099	86.2061
598.028	86.2356
599.957	86.2809
601.887	86.2138
603.816	86.1978
605.745	86.4087
607.674	86.85
609.603	87.3533
611.532	87.7295
613.461	88.0173
615.39	88.3323
617.32	88.5716
619.249	88.6553
621.178	88.7339
623.107	88.8672
625.036	88.953
626.965	88.9313
628.894	88.7926
630.823	88.6347
632.753	88.6429
634.682	88.6882
636.611	88.4098
638.54	87.9443
640.469	87.7184
642.398	87.5744
644.327	87.093
646.256	86.3959
648.186	85.8017
650.115	85.3738
652.044	85.2
653.973	85.3799
655.902	85.6957
657.831	85.9754
659.76	86.4149
661.689	86.9895
663.619	87.5314
665.548	88.5904
667.477	90.837
669.406	92.3401
671.335	91.8575
673.264	91.5732
675.193	92.0101
677.122	92.4139
679.052	92.5452
680.981	92.7747
682.91	92.9769
684.839	92.9324
686.768	92.8282
688.697	92.7547
690.626	92.6357
692.555	92.4978
694.485	92.3584
696.414	92.1911
698.343	92.0337
700.272	91.8863
702.201	91.7226
704.13	91.6161
706.059	91.5768
707.988	91.4731
709.917	91.3002
711.847	91.1874
713.776	91.1811
715.705	91.3168
717.634	91.6068
719.563	91.8059
721.492	91.6601
723.421	91.3511
725.35	91.1415
727.28	90.9728
729.209	90.7309
731.138	90.4322
733.067	90.0587
734.996	89.5951
736.925	89.173
738.854	88.9306
740.783	88.8314
742.713	88.7371
744.642	88.5995
746.571	88.5046
748.5	88.5533
750.429	88.79
752.358	89.1956
754.287	89.6392
756.216	89.942
758.146	90.0742
760.075	90.1225
762.004	90.0728
763.933	89.8562
765.862	89.5127
767.791	89.0886
769.72	88.5128
771.649	87.6848
773.579	86.4993
775.508	84.7583
777.437	82.2257
779.366	78.7796
781.295	74.5657
783.224	70.1991
785.153	66.7349
787.082	65.1718
789.012	65.9663
790.941	68.9746
792.87	73.4666
794.799	78.181
796.728	81.8958
798.657	84.1169
800.586	85.0736
802.515	85.1619
804.445	84.5698
806.374	83.3143
808.303	81.4239
810.232	79.1446
812.161	77.0928
814.09	76.0425
816.019	76.3679
817.948	77.7695
819.878	79.6221
821.807	81.4574
823.736	83.0257
825.665	84.1607
827.594	84.8332
829.523	85.172
831.452	85.2716
833.381	85.1177
835.311	84.7281
837.24	84.1398
839.169	83.2629
841.098	82.01
843.027	80.5667
844.956	79.2852
846.885	78.331
848.814	77.6153
850.744	76.9784
852.673	76.2908
854.602	75.4775
856.531	74.5664
858.46	73.6875
860.389	72.9956
862.318	72.6
864.247	72.5473
866.177	72.8279
868.106	73.3588
870.035	73.9705
871.964	74.4882
873.893	74.837
875.822	75.0104
877.751	75.0109
879.68	74.9236
881.609	74.9291
883.539	75.1417
885.468	75.5307
887.397	76.0044
889.326	76.4645
891.255	76.826
893.184	77.0613
895.113	77.1857
897.042	77.2233
898.972	77.2576
900.901	77.4477
902.83	77.9194
904.759	78.6891
906.688	79.7075
908.617	80.8937
910.546	82.0928
912.475	83.0635
914.405	83.5921
916.334	83.613
918.263	83.1792
920.192	82.3835
922.121	81.3395
924.05	80.1226
925.979	78.7141
927.908	77.0877
929.838	75.2638
931.767	73.2363
933.696	71.035
935.625	68.8795
937.554	67.0782
939.483	65.7981
941.412	65.0391
943.341	64.7102
945.271	64.6628
947.2	64.7945
949.129	65.1559
951.058	65.8489
952.987	66.8588
954.916	68.0679
956.845	69.3653
958.774	70.6839
960.704	71.9835
962.633	73.2423
964.562	74.4611
966.491	75.6499
968.42	76.7708
970.349	77.7268
972.278	78.453
974.207	78.96
976.137	79.2545
978.066	79.3117
979.995	79.1342
981.924	78.7408
983.853	78.1364
985.782	77.3791
987.711	76.6212
989.64	76.0181
991.57	75.6257
993.499	75.3637
995.428	75.0226
997.357	74.3528
999.286	73.2386
1001.22	71.7955
1003.14	70.2706
1005.07	68.8725
1007	67.7203
1008.93	66.8806
1010.86	66.3361
1012.79	65.917
1014.72	65.3336
1016.65	64.3249
1018.58	62.8122
1020.51	60.9304
1022.44	58.9189
1024.36	57.0404
1026.29	55.6123
1028.22	54.9293
1030.15	55.0206
1032.08	55.6053
1034.01	56.3611
1035.94	57.1464
1037.87	57.9705
1039.8	58.8634
1041.73	59.8261
1043.66	60.8911
1045.58	62.1521
1047.51	63.6499
1049.44	65.2755
1051.37	66.8494
1053.3	68.2333
1055.23	69.3696
1057.16	70.3168
1059.09	71.2027
1061.02	72.0274
1062.95	72.5698
1064.88	72.5854
1066.81	72.0987
1068.73	71.4774
1070.66	71.1908
1072.59	71.4707
1074.52	72.2132
1076.45	73.1653
1078.38	74.1292
1080.31	75.013
1082.24	75.7726
1084.17	76.3404
1086.1	76.6288
1088.03	76.5997
1089.95	76.28
1091.88	75.7112
1093.81	74.9511
1095.74	74.1015
1097.67	73.2593
1099.6	72.4605
1101.53	71.6956
1103.46	70.9173
1105.39	70.0387
1107.32	69.011
1109.25	67.882
1111.18	66.7309
1113.1	65.6165
1115.03	64.5947
1116.96	63.6664
1118.89	62.7226
1120.82	61.6457
1122.75	60.4141
1124.68	59.0577
1126.61	57.6119
1128.54	56.1354
1130.47	54.6777
1132.4	53.2365
1134.32	51.7926
1136.25	50.3495
1138.18	48.9264
1140.11	47.5571
1142.04	46.2931
1143.97	45.1752
1145.9	44.2088
1147.83	43.3734
1149.76	42.6366
1151.69	41.9719
1153.62	41.3979
1155.55	40.9879
1157.47	40.8251
1159.4	40.9797
1161.33	41.5103
1163.26	42.4293
1165.19	43.6969
1167.12	45.2746
1169.05	47.1242
1170.98	49.1739
1172.91	51.3544
1174.84	53.6212
1176.77	55.9043
1178.69	58.1189
1180.62	60.2303
1182.55	62.2341
1184.48	64.1034
1186.41	65.8068
1188.34	67.331
1190.27	68.6772
1192.2	69.8763
1194.13	70.9844
1196.06	72.0332
1197.99	73.0124
1199.91	73.8928
1201.84	74.6333
1203.77	75.1865
1205.7	75.5155
1207.63	75.5938
1209.56	75.3881
1211.49	74.8581
1213.42	73.9762
1215.35	72.7337
1217.28	71.1339
1219.21	69.199
1221.14	66.9546
1223.06	64.4009
1224.99	61.5456
1226.92	58.4312
1228.85	55.107
1230.78	51.6786
1232.71	48.3991
1234.64	45.5905
1236.57	43.4528
1238.5	41.9718
1240.43	40.9572
1242.36	40.1628
1244.28	39.4287
1246.21	38.7017
1248.14	37.9533
1250.07	37.1916
1252	36.5284
1253.93	36.1221
1255.86	36.0851
1257.79	36.485
1259.72	37.3387
1261.65	38.6056
1263.58	40.2425
1265.51	42.1848
1267.43	44.3015
1269.36	46.4794
1271.29	48.6598
1273.22	50.7633
1275.15	52.7327
1277.08	54.6
1279.01	56.4097
1280.94	58.1643
1282.87	59.8503
1284.8	61.4374
1286.73	62.8729
1288.65	64.1054
1290.58	65.0923
1292.51	65.7977
1294.44	66.2301
1296.37	66.5268
1298.3	66.9883
1300.23	67.9315
1302.16	69.4786
1304.09	71.52
1306.02	73.8041
1307.95	75.9977
1309.87	77.7775
1311.8	78.9232
1313.73	79.3079
1315.66	78.9094
1317.59	77.8852
1319.52	76.6795
1321.45	75.9522
1323.38	76.1552
1325.31	77.3154
1327.24	79.1127
1329.17	81.0453
1331.1	82.7065
1333.02	83.8747
1334.95	84.5441
1336.88	84.912
1338.81	85.1819
1340.74	85.4547
1342.67	85.7973
1344.6	86.2837
1346.53	86.914
1348.46	87.5104
1350.39	87.8075
1352.32	87.6837
1354.24	87.1571
1356.17	86.3985
1358.1	85.7836
1360.03	85.4987
1361.96	85.2552
1363.89	84.6841
1365.82	83.788
1367.75	82.5945
1369.68	81.1782
1371.61	79.8739
1373.54	78.8637
1375.47	78.1309
1377.39	77.7438
1379.32	77.704
1381.25	77.8822
1383.18	78.2016
1385.11	78.8085
1387.04	79.8814
1388.97	81.0598
1390.9	81.817
1392.83	82.1412
1394.76	82.0846
1396.69	81.5985
1398.61	80.7756
1400.54	79.9649
1402.47	79.5146
1404.4	79.482
1406.33	79.7805
1408.26	80.3285
1410.19	81.1139
1412.12	82.1009
1414.05	83.103
1415.98	84.0903
1417.91	85.1885
1419.83	86.179
1421.76	86.7417
1423.69	86.9225
1425.62	86.8468
1427.55	86.5901
1429.48	85.967
1431.41	84.8953
1433.34	83.7424
1435.27	82.5024
1437.2	80.8937
1439.13	79.4114
1441.06	78.4184
1442.98	77.6958
1444.91	77.1637
1446.84	76.7314
1448.77	76.2068
1450.7	75.7725
1452.63	75.8033
1454.56	76.3998
1456.49	77.6468
1458.42	79.0903
1460.35	80.0722
1462.28	81.0548
1464.2	82.4284
1466.13	83.908
1468.06	85.0678
1469.99	86.183
1471.92	87.455
1473.85	88.4606
1475.78	89.0121
1477.71	89.4981
1479.64	90.0169
1481.57	90.5385
1483.5	91.0561
1485.43	91.5877
1487.35	92.2314
1489.28	92.9479
1491.21	93.4199
1493.14	93.7338
1495.07	94.1931
1497	94.7532
1498.93	95.0777
1500.86	95.2093
1502.79	95.4403
1504.72	95.8819
1506.65	96.3513
1508.57	96.3001
1510.5	96.0577
1512.43	96.0126
1514.36	96.1306
1516.29	96.3366
1518.22	96.5799
1520.15	96.7669
1522.08	96.7802
1524.01	96.6806
1525.94	96.5427
1527.87	96.3933
1529.8	96.3477
1531.72	96.4507
1533.65	96.5658
1535.58	96.6007
1537.51	96.7391
1539.44	97.0993
1541.37	97.2699
1543.3	96.963
1545.23	96.6436
1547.16	96.4837
1549.09	96.4629
1551.02	96.4978
1552.94	96.5296
1554.87	96.6444
1556.8	96.9325
1558.73	97.0869
1560.66	96.7129
1562.59	96.3571
1564.52	96.2087
1566.45	96.2017
1568.38	96.2285
1570.31	96.1213
1572.24	95.9638
1574.16	95.9352
1576.09	95.9458
1578.02	95.7892
1579.95	95.6091
1581.88	95.557
1583.81	95.5924
1585.74	95.6367
1587.67	95.6619
1589.6	95.6788
1591.53	95.7102
1593.46	95.7578
1595.39	95.7745
1597.31	95.7254
1599.24	95.6486
1601.17	95.5852
1603.1	95.51
1605.03	95.4139
1606.96	95.3517
1608.89	95.2903
1610.82	95.1456
1612.75	95.022
1614.68	94.9714
1616.61	94.7241
1618.53	94.2483
1620.46	93.8836
1622.39	93.5055
1624.32	92.9151
1626.25	92.2542
1628.18	91.4863
1630.11	90.6091
1632.04	89.9519
1633.97	89.4891
1635.9	88.7724
1637.83	88.1958
1639.76	88.6557
1641.68	89.9302
1643.61	91.4453
1645.54	92.9161
1647.47	94.0181
1649.4	94.5026
1651.33	94.8079
1653.26	95.1209
1655.19	94.9951
1657.12	94.7256
1659.05	94.629
1660.98	94.6018
1662.9	94.4433
1664.83	94.2157
1666.76	94.1423
1668.69	94.179
1670.62	94.0349
1672.55	93.7737
1674.48	93.5356
1676.41	93.0829
1678.34	92.5341
1680.27	92.2099
1682.2	91.9645
1684.12	91.5324
1686.05	90.9436
1687.98	90.1648
1689.91	89.1848
1691.84	88.1174
1693.77	86.8229
1695.7	85.2037
1697.63	83.3506
1699.56	80.8031
1701.49	77.652
1703.42	74.7684
1705.35	71.7215
1707.27	68.0408
1709.2	64.4844
1711.13	61.4514
1713.06	58.7091
1714.99	56.4924
1716.92	54.8082
1718.85	53.3048
1720.78	52.723
1722.71	53.3309
1724.64	54.6539
1726.57	56.4458
1728.49	58.5442
1730.42	60.5468
1732.35	62.0039
1734.28	62.4706
1736.21	62.0699
1738.14	61.2093
1740.07	59.8811
1742	58.3479
1743.93	57.3021
1745.86	56.917
1747.79	57.2426
1749.72	58.587
1751.64	60.5187
1753.57	62.6355
1755.5	65.4096
1757.43	68.8304
1759.36	72.3191
1761.29	75.8826
1763.22	79.4911
1765.15	82.5406
1767.08	85.0492
1769.01	87.4219
1770.94	89.5276
1772.86	91.1077
1774.79	92.2635
1776.72	93.0688
1778.65	93.6875
1780.58	94.3019
1782.51	94.7708
1784.44	95.0359
1786.37	95.3058
1788.3	95.6154
1790.23	95.9252
1792.16	96.216
1794.08	96.2883
1796.01	96.2247
1797.94	96.3183
1799.87	96.5287
1801.8	96.636
1803.73	96.6428
1805.66	96.6189
1807.59	96.6053
1809.52	96.6709
1811.45	96.7567
1813.38	96.7892
1815.31	96.8537
1817.23	96.969
1819.16	97.059
1821.09	97.1408
1823.02	97.2455
1824.95	97.341
1826.88	97.4152
1828.81	97.4531
1830.74	97.4386
1832.67	97.4281
1834.6	97.4638
1836.53	97.5383
1838.45	97.6333
1840.38	97.7287
1842.31	97.8371
1844.24	97.9403
1846.17	97.9544
1848.1	97.9005
1850.03	97.8439
1851.96	97.794
1853.89	97.7851
1855.82	97.8452
1857.75	97.9144
1859.68	97.9158
1861.6	97.8667
1863.53	97.902
1865.46	98.1196
1867.39	98.3605
1869.32	98.3522
1871.25	98.2135
1873.18	98.1847
1875.11	98.2086
1877.04	98.243
1878.97	98.3344
1880.9	98.4124
1882.82	98.4258
1884.75	98.4467
1886.68	98.4651
1888.61	98.4234
1890.54	98.3801
1892.47	98.3886
1894.4	98.4444
1896.33	98.5721
1898.26	98.7117
1900.19	98.7432
1902.12	98.7149
1904.05	98.7626
1905.97	98.8663
1907.9	98.9082
1909.83	98.8503
1911.76	98.7718
1913.69	98.7957
1915.62	98.9096
1917.55	98.9196
1919.48	98.806
1921.41	98.8358
1923.34	98.9929
1925.27	98.9904
1927.19	98.8931
1929.12	98.9499
1931.05	99.0774
1932.98	99.1005
1934.91	99.0539
1936.84	99.0457
1938.77	99.1934
1940.7	99.4622
1942.63	99.5031
1944.56	99.1993
1946.49	98.9778
1948.41	99.0688
1950.34	99.3361
1952.27	99.6539
1954.2	99.8826
1956.13	99.9189
1958.06	99.9328
1959.99	100.02
1961.92	99.9723
1963.85	99.8214
1965.78	99.8748
1967.71	100.037
1969.64	99.9562
1971.56	99.783
1973.49	99.8562
1975.42	100.035
1977.35	100.058
1979.28	100.065
1981.21	100.195
1983.14	100.245
1985.07	100.088
1987	99.886
1988.93	99.8144
1990.86	99.8471
1992.78	99.8505
1994.71	99.8218
1996.64	99.895
1998.57	100.096
2000.5	100.329
2002.43	100.515
2004.36	100.566
2006.29	100.473
2008.22	100.411
2010.15	100.423
2012.08	100.331
2014.01	100.173
2015.93	100.176
2017.86	100.367
2019.79	100.587
2021.72	100.7
2023.65	100.691
2025.58	100.674
2027.51	100.655
2029.44	100.459
2031.37	100.152
2033.3	100.04
2035.23	100.178
2037.15	100.402
2039.08	100.588
2041.01	100.612
2042.94	100.458
2044.87	100.332
2046.8	100.325
2048.73	100.327
2050.66	100.303
2052.59	100.246
2054.52	100.116
2056.45	100.031
2058.37	100.082
2060.3	100.088
2062.23	99.966
2064.16	99.88
2066.09	99.7941
2068.02	99.6349
2069.95	99.6993
2071.88	100.084
2073.81	100.313
2075.74	100.134
2077.67	99.8407
2079.6	99.5923
2081.52	99.3473
2083.45	99.266
2085.38	99.4528
2087.31	99.6921
2089.24	99.7784
2091.17	99.7401
2093.1	99.6968
2095.03	99.6853
2096.96	99.6016
2098.89	99.3851
2100.82	99.2038
2102.74	99.2156
2104.67	99.3429
2106.6	99.4747
2108.53	99.5676
2110.46	99.5079
2112.39	99.2726
2114.32	99.1087
2116.25	99.192
2118.18	99.3684
2120.11	99.4598
2122.04	99.4694
2123.97	99.413
2125.89	99.3488
2127.82	99.4479
2129.75	99.6806
2131.68	99.777
2133.61	99.7329
2135.54	99.8325
2137.47	100.107
2139.4	100.324
2141.33	100.365
2143.26	100.24
2145.19	100.007
2147.11	99.8482
2149.04	99.9353
2150.97	100.246
2152.9	100.619
2154.83	100.857
2156.76	100.85
2158.69	100.709
2160.62	100.617
2162.55	100.552
2164.48	100.373
2166.41	100.083
2168.33	99.8368
2170.26	99.7479
2172.19	99.7847
2174.12	99.8685
2176.05	99.9914
2177.98	100.153
2179.91	100.31
2181.84	100.442
2183.77	100.49
2185.7	100.376
2187.63	100.227
2189.56	100.217
2191.48	100.207
2193.41	100.073
2195.34	100.041
2197.27	100.169
2199.2	100.19
2201.13	100.134
2203.06	100.231
2204.99	100.321
2206.92	100.192
2208.85	100.047
2210.78	100.042
2212.7	100.005
2214.63	99.8188
2216.56	99.6383
2218.49	99.7064
2220.42	100.088
2222.35	100.481
2224.28	100.456
2226.21	100.014
2228.14	99.6088
2230.07	99.5767
2232	99.802
2233.93	99.9684
2235.85	99.9721
2237.78	99.9622
2239.71	99.9987
2241.64	99.9364
2243.57	99.7753
2245.5	99.7803
2247.43	100.022
2249.36	100.194
2251.29	100.12
2253.22	99.9788
2255.15	99.9108
2257.07	99.8778
2259	99.8851
2260.93	99.9501
2262.86	100.027
2264.79	100.092
2266.72	100.099
2268.65	99.9983
2270.58	99.8734
2272.51	99.8249
2274.44	99.8493
2276.37	99.9526
2278.29	100.082
2280.22	100.093
2282.15	100.029
2284.08	100.061
2286.01	100.137
2287.94	100.158
2289.87	100.265
2291.8	100.551
2293.73	100.867
2295.66	101.114
2297.59	101.381
2299.52	101.731
2301.44	102.108
2303.37	102.483
2305.3	102.979
2307.23	103.741
2309.16	104.678
2311.09	105.507
2313.02	106.119
2314.95	106.702
2316.88	107.484
2318.81	108.564
2320.74	109.812
2322.66	110.918
2324.59	111.879
2326.52	112.991
2328.45	114.134
2330.38	114.775
2332.31	114.891
2334.24	115.047
2336.17	115.427
2338.1	115.872
2340.03	116.47
2341.96	116.996
2343.89	116.113
2345.81	113.528
2347.74	111.494
2349.67	111.373
2351.6	113.258
2353.53	116.654
2355.46	120.029
2357.39	122.358
2359.32	123.493
2361.25	123.005
2363.18	121.549
2365.11	120.027
2367.03	118.237
2368.96	115.788
2370.89	112.89
2372.82	110.063
2374.75	107.59
2376.68	105.434
2378.61	103.553
2380.54	101.974
2382.47	100.674
2384.4	99.6133
2386.33	98.8365
2388.26	98.4251
2390.18	98.3201
2392.11	98.2828
2394.04	98.1231
2395.97	97.9112
2397.9	97.8405
2399.83	97.9165
2401.76	97.9675
2403.69	97.9561
2405.62	98.0084
2407.55	98.1263
2409.48	98.1764
2411.4	98.1384
2413.33	98.0979
2415.26	98.087
2417.19	98.1052
2419.12	98.1709
2421.05	98.2669
2422.98	98.3355
2424.91	98.3433
2426.84	98.3015
2428.77	98.2485
2430.7	98.2269
2432.62	98.2509
2434.55	98.2957
2436.48	98.3272
2438.41	98.3356
2440.34	98.3368
2442.27	98.3635
2444.2	98.4396
2446.13	98.5158
2448.06	98.5029
2449.99	98.4303
2451.92	98.4197
2453.85	98.4768
2455.77	98.5123
2457.7	98.5233
2459.63	98.5574
2461.56	98.5962
2463.49	98.5897
2465.42	98.5289
2467.35	98.4764
2469.28	98.5083
2471.21	98.5806
2473.14	98.5838
2475.07	98.5359
2476.99	98.543
2478.92	98.6319
2480.85	98.7389
2482.78	98.7776
2484.71	98.7277
2486.64	98.6687
2488.57	98.6437
2490.5	98.625
2492.43	98.6504
2494.36	98.7384
2496.29	98.7755
2498.22	98.7274
2500.14	98.7151
2502.07	98.7696
2504	98.7905
2505.93	98.7186
2507.86	98.5823
2509.79	98.4711
2511.72	98.4649
2513.65	98.5216
2515.58	98.5407
2517.51	98.5364
2519.44	98.5914
2521.36	98.6806
2523.29	98.6945
2525.22	98.6173
2527.15	98.5349
2529.08	98.4937
2531.01	98.4977
2532.94	98.5429
2534.87	98.5577
2536.8	98.5192
2538.73	98.5634
2540.66	98.7033
2542.58	98.733
2544.51	98.61
2546.44	98.4702
2548.37	98.316
2550.3	98.1605
2552.23	98.1444
2554.16	98.2118
2556.09	98.1593
2558.02	98.0352
2559.95	98.0331
2561.88	98.1696
2563.81	98.3325
2565.73	98.4019
2567.66	98.3076
2569.59	98.1515
2571.52	98.1075
2573.45	98.1484
2575.38	98.1294
2577.31	98.078
2579.24	98.1035
2581.17	98.1437
2583.1	98.0897
2585.03	98.0087
2586.95	97.9952
2588.88	98.0043
2590.81	98.0085
2592.74	98.0563
2594.67	98.0936
2596.6	98.0404
2598.53	98.0031
2600.46	98.0657
2602.39	98.0551
2604.32	97.8753
2606.25	97.755
2608.18	97.8367
2610.1	97.9359
2612.03	97.9131
2613.96	97.832
2615.89	97.7192
2617.82	97.5941
2619.75	97.5807
2621.68	97.6745
2623.61	97.6995
2625.54	97.6331
2627.47	97.6133
2629.4	97.6409
2631.32	97.6056
2633.25	97.4964
2635.18	97.3738
2637.11	97.279
2639.04	97.2647
2640.97	97.3585
2642.9	97.4767
2644.83	97.5019
2646.76	97.4269
2648.69	97.3275
2650.62	97.2458
2652.54	97.1744
2654.47	97.1079
2656.4	97.0708
2658.33	97.0948
2660.26	97.1508
2662.19	97.1479
2664.12	97.0665
2666.05	97.0051
2667.98	97.023
2669.91	97.0627
2671.84	97.0825
2673.77	97.0987
2675.69	97.0778
2677.62	96.9759
2679.55	96.8605
2681.48	96.8254
2683.41	96.859
2685.34	96.9116
2687.27	96.9741
2689.2	97.0232
2691.13	97.0082
2693.06	96.9176
2694.99	96.8042
2696.91	96.7581
2698.84	96.8176
2700.77	96.8954
2702.7	96.8937
2704.63	96.8432
2706.56	96.805
2708.49	96.7645
2710.42	96.7111
2712.35	96.6722
2714.28	96.6566
2716.21	96.6507
2718.14	96.6257
2720.06	96.5753
2721.99	96.5681
2723.92	96.6221
2725.85	96.6175
2727.78	96.5239
2729.71	96.4815
2731.64	96.508
2733.57	96.4654
2735.5	96.3628
2737.43	96.3386
2739.36	96.4016
2741.28	96.4539
2743.21	96.4487
2745.14	96.4019
2747.07	96.3627
2749	96.3591
2750.93	96.3361
2752.86	96.2735
2754.79	96.293
2756.72	96.4402
2758.65	96.5369
2760.58	96.4596
2762.51	96.3212
2764.43	96.2359
2766.36	96.1965
2768.29	96.2103
2770.22	96.2816
2772.15	96.3247
2774.08	96.2731
2776.01	96.1674
2777.94	96.0775
2779.87	96.0286
2781.8	95.9877
2783.73	95.9241
2785.65	95.8882
2787.58	95.9138
2789.51	95.9081
2791.44	95.821
2793.37	95.7624
2795.3	95.7874
2797.23	95.8049
2799.16	95.7868
2801.09	95.7925
2803.02	95.7868
2804.95	95.6888
2806.87	95.5461
2808.8	95.4642
2810.73	95.4448
2812.66	95.4237
2814.59	95.3751
2816.52	95.3116
2818.45	95.2524
2820.38	95.1862
2822.31	95.0459
2824.24	94.8241
2826.17	94.6532
2828.1	94.5836
2830.02	94.4476
2831.95	94.1513
2833.88	93.8396
2835.81	93.6234
2837.74	93.4599
2839.67	93.3243
2841.6	93.2173
2843.53	93.0923
2845.46	92.9302
2847.39	92.7237
2849.32	92.3973
2851.24	91.9433
2853.17	91.4898
2855.1	91.0713
2857.03	90.5597
2858.96	89.9276
2860.89	89.3414
2862.82	88.9067
2864.75	88.5385
2866.68	88.166
2868.61	87.8365
2870.54	87.5571
2872.47	87.3128
2874.39	87.238
2876.32	87.4698
2878.25	87.909
2880.18	88.3588
2882.11	88.7321
2884.04	89.004
2885.97	89.1807
2887.9	89.3018
2889.83	89.3292
2891.76	89.1935
2893.69	88.9918
2895.61	88.9045
2897.54	88.9575
2899.47	89.0511
2901.4	89.1107
2903.33	89.0792
2905.26	88.9078
2907.19	88.6623
2909.12	88.5049
2911.05	88.4732
2912.98	88.4058
2914.91	88.1849
2916.83	87.8974
2918.76	87.6559
2920.69	87.4087
2922.62	87.0209
2924.55	86.4482
2926.48	85.7949
2928.41	85.2444
2930.34	84.9336
2932.27	84.8851
2934.2	85.0257
2936.13	85.2582
2938.06	85.538
2939.98	85.8479
2941.91	86.1329
2943.84	86.3368
2945.77	86.3996
2947.7	86.1885
2949.63	85.6359
2951.56	84.9019
2953.49	84.1958
2955.42	83.6051
2957.35	83.226
2959.28	83.1837
2961.2	83.4685
2963.13	84
2965.06	84.784
2966.99	85.824
2968.92	86.9768
2970.85	88.0181
2972.78	88.8415
2974.71	89.5203
2976.64	90.1281
2978.57	90.6421
2980.5	91.0992
2982.43	91.5961
2984.35	92.0805
2986.28	92.4202
2988.21	92.6438
2990.14	92.8564
2992.07	93.0467
2994	93.1644
2995.93	93.2436
2997.86	93.3706
2999.79	93.6196
3001.72	94.0052
3003.65	94.4265
3005.57	94.7088
3007.5	94.7936
3009.43	94.8363
3011.36	94.9792
3013.29	95.1262
3015.22	95.1517
3017.15	95.1704
3019.08	95.3303
3021.01	95.5517
3022.94	95.699
3024.87	95.7809
3026.79	95.8681
3028.72	95.9808
3030.65	96.0512
3032.58	96.0058
3034.51	95.9592
3036.44	96.0961
3038.37	96.3097
3040.3	96.3731
3042.23	96.4034
3044.16	96.5729
3046.09	96.6466
3048.02	96.4495
3049.94	96.3135
3051.87	96.4695
3053.8	96.6534
3055.73	96.6951
3057.66	96.7368
3059.59	96.7461
3061.52	96.5802
3063.45	96.4111
3065.38	96.4676
3067.31	96.6321
3069.24	96.6811
3071.16	96.6296
3073.09	96.6557
3075.02	96.8405
3076.95	97.0384
3078.88	97.056
3080.81	96.9112
3082.74	96.7683
3084.67	96.7382
3086.6	96.832
3088.53	96.9318
3090.46	96.8873
3092.39	96.7458
3094.31	96.6627
3096.24	96.6688
3098.17	96.7217
3100.1	96.75
3102.03	96.6634
3103.96	96.5589
3105.89	96.5811
3107.82	96.5656
3109.75	96.396
3111.68	96.3651
3113.61	96.5918
3115.53	96.7167
3117.46	96.5845
3119.39	96.4986
3121.32	96.6499
3123.25	96.8581
3125.18	96.8647
3127.11	96.6745
3129.04	96.5572
3130.97	96.6332
3132.9	96.7016
3134.83	96.6588
3136.75	96.661
3138.68	96.7348
3140.61	96.7565
3142.54	96.7555
3144.47	96.8006
3146.4	96.7965
3148.33	96.6692
3150.26	96.5145
3152.19	96.4629
3154.12	96.5695
3156.05	96.7982
3157.98	96.9929
3159.9	96.9484
3161.83	96.6394
3163.76	96.3113
3165.69	96.2103
3167.62	96.3199
3169.55	96.4894
3171.48	96.6394
3173.41	96.7084
3175.34	96.6181
3177.27	96.3937
3179.2	96.1889
3181.12	96.1565
3183.05	96.2928
3184.98	96.4075
3186.91	96.3444
3188.84	96.2164
3190.77	96.2366
3192.7	96.3854
3194.63	96.4424
3196.56	96.3061
3198.49	96.1259
3200.42	96.0948
3202.35	96.2176
3204.27	96.366
3206.2	96.4485
3208.13	96.4422
3210.06	96.38
3211.99	96.3152
3213.92	96.2042
3215.85	95.9871
3217.78	95.8074
3219.71	95.834
3221.64	95.9477
3223.57	95.963
3225.49	95.9323
3227.42	95.9295
3229.35	95.8998
3231.28	95.845
3233.21	95.7832
3235.14	95.6815
3237.07	95.6557
3239	95.7911
3240.93	95.8173
3242.86	95.582
3244.79	95.4312
3246.72	95.5229
3248.64	95.548
3250.57	95.4811
3252.5	95.586
3254.43	95.689
3256.36	95.4722
3258.29	95.1722
3260.22	95.1468
3262.15	95.2856
3264.08	95.3488
3266.01	95.3579
3267.94	95.3872
3269.86	95.3649
3271.79	95.2398
3273.72	95.131
3275.65	95.149
3277.58	95.193
3279.51	95.1344
3281.44	95.0568
3283.37	95.0952
3285.3	95.211
3287.23	95.2735
3289.16	95.218
3291.08	95.0781
3293.01	94.9393
3294.94	94.8676
3296.87	94.8716
3298.8	94.8975
3300.73	94.8613
3302.66	94.7711
3304.59	94.7307
3306.52	94.7441
3308.45	94.7084
3310.38	94.6124
3312.31	94.5154
3314.23	94.4412
3316.16	94.4297
3318.09	94.4894
3320.02	94.5292
3321.95	94.5265
3323.88	94.5577
3325.81	94.5842
3327.74	94.504
3329.67	94.3765
3331.6	94.3288
3333.53	94.3413
3335.45	94.3029
3337.38	94.2118
3339.31	94.2082
3341.24	94.3443
3343.17	94.4195
3345.1	94.2473
3347.03	93.9949
3348.96	93.9556
3350.89	94.1165
3352.82	94.2323
3354.75	94.1884
3356.68	94.1083
3358.6	94.103
3360.53	94.0652
3362.46	93.9003
3364.39	93.7602
3366.32	93.775
3368.25	93.8528
3370.18	93.9597
3372.11	94.1703
3374.04	94.3659
3375.97	94.3343
3377.9	94.1362
3379.82	94.0298
3381.75	94.0957
3383.68	94.1447
3385.61	94.0177
3387.54	93.8444
3389.47	93.8388
3391.4	93.9995
3393.33	94.191
3395.26	94.3194
3397.19	94.321
3399.12	94.1763
3401.04	93.9868
3402.97	93.9021
3404.9	93.9713
3406.83	94.1075
3408.76	94.1916
3410.69	94.2027
3412.62	94.2009
3414.55	94.2043
3416.48	94.1985
3418.41	94.2278
3420.34	94.3367
3422.27	94.4618
3424.19	94.5103
3426.12	94.4682
3428.05	94.3406
3429.98	94.126
3431.91	93.9056
3433.84	93.8051
3435.77	93.8603
3437.7	94.0598
3439.63	94.405
3441.56	94.753
3443.49	94.8636
3445.41	94.7594
3447.34	94.669
3449.27	94.6179
3451.2	94.5158
3453.13	94.4561
3455.06	94.496
3456.99	94.4758
3458.92	94.3368
3460.85	94.2668
3462.78	94.4224
3464.71	94.7303
3466.64	94.9279
3468.56	94.8274
3470.49	94.602
3472.42	94.5022
3474.35	94.4135
3476.28	94.2413
3478.21	94.289
3480.14	94.6367
3482.07	94.878
3484	94.8944
3485.93	94.9546
3487.86	94.9894
3489.78	94.8215
3491.71	94.6639
3493.64	94.6487
3495.57	94.6342
3497.5	94.6876
3499.43	94.9268
3501.36	95.1595
3503.29	95.2666
3505.22	95.3505
3507.15	95.3008
3509.08	95.0015
3511	94.7529
3512.93	94.7787
3514.86	94.8443
3516.79	94.8179
3518.72	94.8594
3520.65	94.9808
3522.58	95.0597
3524.51	95.1088
3526.44	95.1135
3528.37	94.9786
3530.3	94.7835
3532.23	94.6751
3534.15	94.6647
3536.08	94.6959
3538.01	94.6094
3539.94	94.3265
3541.87	94.2149
3543.8	94.6098
3545.73	95.0987
3547.66	95.1748
3549.59	95.1416
3551.52	95.1874
3553.45	94.9756
3555.37	94.611
3557.3	94.527
3559.23	94.686
3561.16	94.9322
3563.09	95.2876
3565.02	95.5306
3566.95	95.4099
3568.88	95.3454
3570.81	95.6015
3572.74	95.7748
3574.67	95.7567
3576.6	95.8386
3578.52	96.0364
3580.45	96.0918
3582.38	96.029
3584.31	96.0347
3586.24	96.0626
3588.17	96.0756
3590.1	96.3355
3592.03	96.8274
3593.96	97.0851
3595.89	96.8939
3597.82	96.8466
3599.74	97.2998
3601.67	97.6418
3603.6	97.3774
3605.53	96.9586
3607.46	96.9642
3609.39	97.2898
3611.32	97.3734
3613.25	97.1864
3615.18	97.2051
3617.11	97.5429
3619.04	97.7732
3620.97	97.6753
3622.89	97.5821
3624.82	97.6789
3626.75	97.8698
3628.68	97.9936
3630.61	97.8673
3632.54	97.6004
3634.47	97.4207
3636.4	97.4066
3638.33	97.5062
3640.26	97.6572
3642.19	97.7912
3644.11	97.8146
3646.04	97.7644
3647.97	97.782
3649.9	97.8158
3651.83	97.7145
3653.76	97.63
3655.69	97.64
3657.62	97.5975
3659.55	97.4252
3661.48	97.2887
3663.41	97.3203
3665.33	97.4664
3667.26	97.5924
3669.19	97.6396
3671.12	97.7605
3673.05	98.1614
3674.98	98.5863
3676.91	98.4326
3678.84	97.9809
3680.77	97.8441
3682.7	97.8475
3684.63	97.7263
3686.56	97.7325
3688.48	98.2635
3690.41	98.941
3692.34	98.9479
3694.27	98.4568
3696.2	97.9938
3698.13	97.9172
3700.06	98.2478
3701.99	98.6307
3703.92	98.7531
3705.85	98.7458
3707.78	98.7954
3709.7	98.8415
3711.63	98.6734
3713.56	98.2732
3715.49	97.9773
3717.42	98.0319
3719.35	98.3195
3721.28	98.4983
3723.21	98.6535
3725.14	99.0938
3727.07	99.441
3729	99.3233
3730.93	99.1882
3732.85	99.4049
3734.78	99.5045
3736.71	99.0895
3738.64	98.7554
3740.57	98.7013
3742.5	98.6424
3744.43	98.5114
3746.36	98.5374
3748.29	98.7051
3750.22	98.7405
3752.15	98.4543
3754.07	98.0951
3756	97.8739
3757.93	97.7535
3759.86	97.7272
3761.79	97.7452
3763.72	97.7035
3765.65	97.6482
3767.58	97.7333
3769.51	97.8796
3771.44	97.829
3773.37	97.6385
3775.29	97.554
3777.22	97.6045
3779.15	97.6613
3781.08	97.6286
3783.01	97.5094
3784.94	97.4031
3786.87	97.4425
3788.8	97.5687
3790.73	97.6366
3792.66	97.7435
3794.59	98.0129
3796.52	98.2234
3798.44	98.1614
3800.37	98.0044
3802.3	97.9202
3804.23	97.8566
3806.16	97.8437
3808.09	97.8933
3810.02	97.8497
3811.95	97.6845
3813.88	97.5265
3815.81	97.5687
3817.74	97.9173
3819.66	98.3023
3821.59	98.3033
3823.52	97.9795
3825.45	97.7983
3827.38	97.8098
3829.31	97.8516
3831.24	97.918
3833.17	98.0266
3835.1	98.0802
3837.03	98.0372
3838.96	97.9417
3840.89	97.8153
3842.81	97.7087
3844.74	97.6917
3846.67	97.7646
3848.6	97.8669
3850.53	97.9442
3852.46	97.9427
3854.39	97.8256
3856.32	97.7007
3858.25	97.6778
3860.18	97.788
3862.11	97.9488
3864.03	97.9283
3865.96	97.7113
3867.89	97.5963
3869.82	97.7438
3871.75	97.9778
3873.68	98.0618
3875.61	98.0229
3877.54	97.9715
3879.47	97.9013
3881.4	97.7442
3883.33	97.5201
3885.25	97.3761
3887.18	97.4433
3889.11	97.6254
3891.04	97.7055
3892.97	97.6312
3894.9	97.5818
3896.83	97.6703
3898.76	97.8672
3900.69	98.079
3902.62	98.1277
3904.55	97.9304
3906.48	97.6612
3908.4	97.4953
3910.33	97.4263
3912.26	97.4263
3914.19	97.4803
3916.12	97.5332
3918.05	97.5685
3919.98	97.614
3921.91	97.6178
3923.84	97.5365
3925.77	97.4628
3927.7	97.4643
3929.62	97.4563
3931.55	97.4053
3933.48	97.4028
3935.41	97.446
3937.34	97.4494
3939.27	97.4498
3941.2	97.5222
3943.13	97.604
3945.06	97.6008
3946.99	97.528
3948.92	97.4188
3950.85	97.3072
3952.77	97.2579
3954.7	97.3031
3956.63	97.4631
3958.56	97.6918
3960.49	97.7607
3962.42	97.5415
3964.35	97.3156
3966.28	97.3441
3968.21	97.4592
3970.14	97.4801
3972.07	97.5181
3973.99	97.5953
3975.92	97.522
3977.85	97.2948
3979.78	97.1312
3981.71	97.1236
3983.64	97.1637
3985.57	97.1445
3987.5	97.1063
3989.43	97.1576
3991.36	97.2607
3993.29	97.2597
3995.22	97.1723
3997.14	97.1704
