499.643	80.6062
501.572	79.5272
503.501	78.5451
505.43	78.9449
507.36	80.0971
509.289	80.848
511.218	81.2192
513.147	81.2314
515.076	80.5523
517.005	79.7867
518.934	79.8002
520.863	80.1797
522.792	80.2614
524.722	80.2108
526.651	80.3958
528.58	80.9632
530.509	81.8653
532.438	82.8324
534.367	83.5709
536.296	84.0298
538.225	84.271
540.155	84.3824
542.084	84.4352
544.013	84.388
545.942	84.4007
547.871	84.8466
549.8	85.547
551.729	85.8356
553.658	85.717
555.588	85.8832
557.517	86.4311
559.446	86.7179
561.375	86.5954
563.304	86.632
565.233	86.9615
567.162	87.0449
569.091	86.7644
571.021	86.6749
572.95	86.9097
574.879	86.9674
576.808	86.7748
578.737	86.9158
580.666	87.5002
582.595	87.8614
584.524	87.5691
586.454	86.9627
588.383	86.535
590.312	86.3685
592.241	86.2727
594.17	86.1697
596.099	86.1635
598.028	86.2803
599.957	86.3712
601.887	86.3007
603.816	86.1528
605.745	86.2273
607.674	86.7283
609.603	87.4147
611.532	87.8983
613.461	88.231
615.39	88.5933
617.32	88.7771
619.249	88.6848
621.178	88.6562
623.107	88.782
625.036	88.8091
626.965	88.7294
628.894	88.6975
630.823	88.6547
632.753	88.5334
634.682	88.4052
636.611	88.2782
638.54	88.1062
640.469	87.8591
642.398	87.4514
644.327	86.9162
646.256	86.4508
648.186	86.0559
650.115	85.6173
652.044	85.3119
653.973	85.3496
655.902	85.6066
657.831	85.9682
659.76	86.5345
661.689	87.1444
663.619	87.6644
665.548	88.7322
667.477	90.9906
669.406	92.4624
671.335	91.968
673.264	91.663
675.193	92.0425
677.122	92.4456
679.052	92.6503
680.981	92.8776
682.91	92.9737
684.839	92.8885
686.768	92.8498
688.697	92.7989
690.626	92.588
692.555	92.3376
694.485	92.1483
696.414	91.9834
698.343	91.8596
700.272	91.7941
702.201	91.7333
704.13	91.6506
706.059	91.533
707.988	91.3729
709.917	91.2382
711.847	91.1572
713.776	91.0884
715.705	91.1358
717.634	91.4041
719.563	91.6501
721.492	91.5724
723.421	91.3032
725.35	91.0823
727.28	90.8891
729.209	90.6684
731.138	90.4142
733.067	90.0227
734.996	89.4638
736.925	88.9463
738.854	88.6552
740.783	88.526
742.713	88.3924
744.642	88.2185
746.571	88.1212
748.5	88.2155
750.429	88.498
752.358	88.879
754.287	89.2593
756.216	89.5617
758.146	89.7599
760.075	89.8711
762.004	89.8779
763.933	89.7275
765.862	89.4224
767.791	88.9984
769.72	88.4098
771.649	87.5387
773.579	86.2845
775.508	84.5392
777.437	82.0919
779.366	78.7073
781.295	74.4658
783.224	70.0584
785.153	66.602
787.082	65.0661
789.012	65.8803
790.941	68.8952
792.87	73.3596
794.799	78.0349
796.728	81.7766
798.657	84.0941
800.586	85.1143
802.515	85.1857
804.445	84.5766
806.374	83.3681
808.303	81.5434
810.232	79.3051
812.161	77.297
814.09	76.2913
816.019	76.6155
817.948	77.9832
819.878	79.8118
821.807	81.6109
823.736	83.1068
825.665	84.1732
827.594	84.8112
829.523	85.1405
831.452	85.2541
833.381	85.1198
835.311	84.6958
837.24	84.0102
839.169	83.0639
841.098	81.8349
843.027	80.446
844.956	79.1664
846.885	78.1824
848.814	77.453
850.744	76.8004
852.673	76.0843
854.602	75.267
856.531	74.3763
858.46	73.5084
860.389	72.8302
862.318	72.4631
864.247	72.413
866.177	72.664
868.106	73.1939
870.035	73.8472
871.964	74.3879
873.893	74.7173
875.822	74.878
877.751	74.904
879.68	74.8503
881.609	74.8625
883.539	75.07
885.468	75.4752
887.397	75.9745
889.326	76.4333
891.255	76.7716
893.184	76.9904
895.113	77.1001
897.042	77.1066
898.972	77.1068
900.901	77.2813
902.83	77.7582
904.759	78.5542
906.688	79.6182
908.617	80.8434
910.546	82.0425
912.475	82.988
914.405	83.5183
916.334	83.5799
918.263	83.1759
920.192	82.3652
922.121	81.2879
924.05	80.0537
925.979	78.644
927.908	77.0208
929.838	75.2091
931.767	73.2255
933.696	71.1101
935.625	69.0459
937.554	67.2835
939.483	65.9772
941.412	65.1707
943.341	64.822
945.271	64.7859
947.2	64.9155
949.129	65.229
951.058	65.8677
952.987	66.8795
954.916	68.136
956.845	69.4601
958.774	70.7612
960.704	72.0293
962.633	73.2534
964.562	74.4087
966.491	75.5104
968.42	76.5826
970.349	77.5626
972.278	78.3372
974.207	78.8601
976.137	79.1438
978.066	79.1878
979.995	78.9992
981.924	78.6073
983.853	78.0274
985.782	77.3008
987.711	76.5601
989.64	75.9635
991.57	75.5681
993.499	75.2865
995.428	74.9222
997.357	74.2584
999.286	73.1825
1001.22	71.7664
1003.14	70.2311
1005.07	68.8125
1007	67.6494
1008.93	66.8003
1010.86	66.2614
1012.79	65.8657
1014.72	65.2768
1016.65	64.2203
1018.58	62.6643
1020.51	60.7567
1022.44	58.7167
1024.36	56.821
1026.29	55.4043
1028.22	54.7548
1030.15	54.8988
1032.08	55.5307
1034.01	56.2873
1035.94	57.0389
1037.87	57.8296
1039.8	58.6879
1041.73	59.6191
1043.66	60.6745
1045.58	61.9326
1047.51	63.4264
1049.44	65.0812
1051.37	66.7189
1053.3	68.1517
1055.23	69.2935
1057.16	70.2071
1059.09	71.026
1061.02	71.7684
1062.95	72.248
1064.88	72.2465
1066.81	71.7842
1068.73	71.1943
1070.66	70.9194
1072.59	71.2057
1074.52	71.9625
1076.45	72.9168
1078.38	73.8671
1080.31	74.7463
1082.24	75.5102
1084.17	76.0742
1086.1	76.3512
1088.03	76.2997
1089.95	75.9466
1091.88	75.3684
1093.81	74.6373
1095.74	73.8079
1097.67	72.9535
1099.6	72.1432
1101.53	71.3695
1103.46	70.5568
1105.39	69.6369
1107.32	68.5856
1109.25	67.4267
1111.18	66.2438
1113.1	65.1459
1115.03	64.1746
1116.96	63.2589
1118.89	62.2863
1120.82	61.1945
1122.75	59.9752
1124.68	58.6356
1126.61	57.2077
1128.54	55.7624
1130.47	54.3506
1132.4	52.9501
1134.32	51.5216
1136.25	50.0834
1138.18	48.6877
1140.11	47.3656
1142.04	46.1456
1143.97	45.0753
1145.9	44.1791
1147.83	43.4299
1149.76	42.776
1151.69	42.177
1153.62	41.6476
1155.55	41.2735
1157.47	41.1545
1159.4	41.35
1161.33	41.8917
1163.26	42.7918
1165.19	44.0341
1167.12	45.584
1169.05	47.3924
1170.98	49.3974
1172.91	51.5449
1174.84	53.7748
1176.77	56.0026
1178.69	58.1676
1180.62	60.2555
1182.55	62.2384
1184.48	64.0662
1186.41	65.7173
1188.34	67.1946
1190.27	68.5061
1192.2	69.6914
1194.13	70.8048
1196.06	71.8582
1197.99	72.8271
1199.91	73.6852
1201.84	74.3966
1203.77	74.9159
1205.7	75.2112
1207.63	75.2571
1209.56	75.0126
1211.49	74.4359
1213.42	73.5114
1215.35	72.227
1217.28	70.5599
1219.21	68.5413
1221.14	66.2516
1223.06	63.7028
1224.99	60.8603
1226.92	57.7717
1228.85	54.5395
1230.78	51.2633
1232.71	48.1352
1234.64	45.4402
1236.57	43.3676
1238.5	41.9075
1240.43	40.9098
1242.36	40.1585
1244.28	39.4622
1246.21	38.7381
1248.14	37.984
1250.07	37.2285
1252	36.5653
1253.93	36.1456
1255.86	36.0917
1257.79	36.4683
1259.72	37.3078
1261.65	38.5928
1263.58	40.236
1265.51	42.1187
1267.43	44.1607
1269.36	46.3208
1271.29	48.5063
1273.22	50.591
1275.15	52.5494
1277.08	54.4279
1279.01	56.2359
1280.94	57.9746
1282.87	59.6548
1284.8	61.2458
1286.73	62.7
1288.65	63.9799
1290.58	65.0233
1292.51	65.771
1294.44	66.2441
1296.37	66.5941
1298.3	67.1087
1300.23	68.0885
1302.16	69.6553
1304.09	71.709
1306.02	74.0023
1307.95	76.1944
1309.87	77.9606
1311.8	79.0995
1313.73	79.5007
1315.66	79.1378
1317.59	78.1561
1319.52	76.9824
1321.45	76.2571
1323.38	76.433
1325.31	77.5525
1327.24	79.3065
1329.17	81.1988
1331.1	82.8197
1333.02	83.948
1334.95	84.6003
1336.88	84.9866
1338.81	85.2736
1340.74	85.5181
1342.67	85.809
1344.6	86.2587
1346.53	86.867
1348.46	87.448
1350.39	87.7438
1352.32	87.6319
1354.24	87.1142
1356.17	86.3642
1358.1	85.7781
1360.03	85.5262
1361.96	85.2677
1363.89	84.6389
1365.82	83.718
1367.75	82.5552
1369.68	81.1794
1371.61	79.8798
1373.54	78.8445
1375.47	78.1027
1377.39	77.7264
1379.32	77.6724
1381.25	77.8203
1383.18	78.1471
1385.11	78.784
1387.04	79.8437
1388.97	80.9769
1390.9	81.721
1392.83	82.0625
1394.76	82.0259
1396.69	81.5541
1398.61	80.7429
1400.54	79.9474
1402.47	79.5208
1404.4	79.5134
1406.33	79.8257
1408.26	80.3689
1410.19	81.1267
1412.12	82.0745
1414.05	83.0623
1415.98	84.0651
1417.91	85.1619
1419.83	86.1096
1421.76	86.646
1423.69	86.8404
1425.62	86.7872
1427.55	86.5454
1429.48	85.9304
1431.41	84.8544
1433.34	83.6865
1435.27	82.4284
1437.2	80.8018
1439.13	79.3199
1441.06	78.3538
1442.98	77.658
1444.91	77.1215
1446.84	76.6649
1448.77	76.1344
1450.7	75.7198
1452.63	75.7708
1454.56	76.369
1456.49	77.5883
1458.42	78.9981
1460.35	79.9785
1462.28	80.9747
1464.2	82.3548
1466.13	83.8143
1468.06	84.9456
1469.99	86.0572
1471.92	87.3496
1473.85	88.3443
1475.78	88.8468
1477.71	89.3087
1479.64	89.8303
1481.57	90.3442
1483.5	90.8414
1485.43	91.375
1487.35	92.0549
1489.28	92.8172
1491.21	93.322
1493.14	93.6629
1495.07	94.1296
1497	94.6474
1498.93	94.93
1500.86	95.0877
1502.79	95.3649
1504.72	95.8281
1506.65	96.3205
1508.57	96.3126
1510.5	96.0663
1512.43	95.9968
1514.36	96.1328
1516.29	96.3992
1518.22	96.6734
1520.15	96.8327
1522.08	96.7967
1524.01	96.6598
1525.94	96.5006
1527.87	96.3479
1529.8	96.3113
1531.72	96.423
1533.65	96.535
1535.58	96.5614
1537.51	96.7026
1539.44	97.0651
1541.37	97.1989
1543.3	96.8562
1545.23	96.5478
1547.16	96.4256
1549.09	96.4428
1551.02	96.5022
1552.94	96.5319
1554.87	96.6207
1556.8	96.8951
1558.73	97.0962
1560.66	96.7508
1562.59	96.3513
1564.52	96.1625
1566.45	96.1579
1568.38	96.192
1570.31	96.0437
1572.24	95.8613
1574.16	95.8842
1576.09	95.9691
1578.02	95.8054
1579.95	95.5779
1581.88	95.5093
1583.81	95.556
1585.74	95.6175
1587.67	95.6628
1589.6	95.705
1591.53	95.7495
1593.46	95.7766
1595.39	95.7505
1597.31	95.6687
1599.24	95.573
1601.17	95.5018
1603.1	95.4553
1605.03	95.4078
1606.96	95.3494
1608.89	95.2597
1610.82	95.13
1612.75	95.038
1614.68	94.9645
1616.61	94.6821
1618.53	94.2511
1620.46	93.9493
1622.39	93.6012
1624.32	93.0353
1626.25	92.4036
1628.18	91.6413
1630.11	90.7437
1632.04	90.0662
1633.97	89.6099
1635.9	88.9408
1637.83	88.394
1639.76	88.8307
1641.68	90.0782
1643.61	91.5896
1645.54	93.0493
1647.47	94.0907
1649.4	94.5209
1651.33	94.8346
1653.26	95.2126
1655.19	95.0915
1657.12	94.7622
1659.05	94.6221
1660.98	94.5865
1662.9	94.4348
1664.83	94.2055
1666.76	94.1394
1668.69	94.2033
1670.62	94.0654
1672.55	93.7514
1674.48	93.4404
1676.41	92.9775
1678.34	92.5059
1680.27	92.2711
1682.2	92.0731
1684.12	91.5945
1686.05	90.9168
1687.98	90.1286
1689.91	89.2168
1691.84	88.2363
1693.77	87.0105
1695.7	85.4431
1697.63	83.5953
1699.56	80.9757
1701.49	77.7617
1703.42	74.8953
1705.35	71.9149
1707.27	68.3115
1709.2	64.8021
1711.13	61.7618
1713.06	58.9744
1714.99	56.6964
1716.92	54.9396
1718.85	53.3566
1720.78	52.6991
1722.71	53.2366
1724.64	54.4863
1726.57	56.1843
1728.49	58.1795
1730.42	60.1185
1732.35	61.5649
1734.28	62.0195
1736.21	61.6076
1738.14	60.7772
1740.07	59.4831
1742	57.9804
1743.93	57.0318
1745.86	56.7896
1747.79	57.1957
1749.72	58.5382
1751.64	60.4822
1753.57	62.6218
1755.5	65.3671
1757.43	68.7394
1759.36	72.22
1761.29	75.7945
1763.22	79.4038
1765.15	82.4765
1767.08	85.0219
1769.01	87.3796
1770.94	89.4302
1772.86	91.0238
1774.79	92.244
1776.72	93.0722
1778.65	93.6852
1780.58	94.2761
1782.51	94.6731
1784.44	94.877
1786.37	95.1995
1788.3	95.6268
1790.23	95.9905
1792.16	96.2504
1794.08	96.2942
1796.01	96.2222
1797.94	96.2793
1799.87	96.4366
1801.8	96.5407
1803.73	96.6139
1805.66	96.6749
1807.59	96.701
1809.52	96.7424
1811.45	96.7963
1813.38	96.8284
1815.31	96.8716
1817.23	96.9165
1819.16	96.9572
1821.09	97.0539
1823.02	97.1913
1824.95	97.3185
1826.88	97.4597
1828.81	97.59
1830.74	97.6169
1832.67	97.562
1834.6	97.498
1836.53	97.4276
1838.45	97.387
1840.38	97.4819
1842.31	97.7542
1844.24	98.0108
1846.17	97.9503
1848.1	97.7353
1850.03	97.6789
1851.96	97.8033
1853.89	97.9397
1855.82	97.9682
1857.75	97.931
1859.68	97.9219
1861.6	97.9273
1863.53	97.9609
1865.46	98.1595
1867.39	98.4664
1869.32	98.5513
1871.25	98.3842
1873.18	98.2126
1875.11	98.0979
1877.04	98.1271
1878.97	98.3511
1880.9	98.5331
1882.82	98.5143
1884.75	98.4634
1886.68	98.4893
1888.61	98.5138
1890.54	98.5232
1892.47	98.5361
1894.4	98.5149
1896.33	98.5112
1898.26	98.619
1900.19	98.7605
1902.12	98.7909
1904.05	98.7609
1905.97	98.8423
1907.9	99.0089
1909.83	99.0329
1911.76	98.8554
1913.69	98.7158
1915.62	98.7764
1917.55	98.9214
1919.48	99.0139
1921.41	99.1195
1923.34	99.1878
1925.27	99.0162
1927.19	98.7419
1929.12	98.686
1931.05	98.8309
1932.98	98.9627
1934.91	98.989
1936.84	98.9361
1938.77	98.9968
1940.7	99.3187
1942.63	99.576
1944.56	99.4371
1946.49	99.2551
1948.41	99.3538
1950.34	99.5369
1952.27	99.635
1954.2	99.7142
1956.13	99.8109
1958.06	99.9664
1959.99	100.171
1961.92	100.206
1963.85	100.007
1965.78	99.8662
1967.71	99.977
1969.64	100.186
1971.56	100.284
1973.49	100.17
1975.42	99.9209
1977.35	99.9064
1979.28	100.299
1981.21	100.643
1983.14	100.544
1985.07	100.274
1987	100.165
1988.93	100.138
1990.86	100.059
1992.78	99.9698
1994.71	99.9898
1996.64	100.206
1998.57	100.439
2000.5	100.392
2002.43	100.209
2004.36	100.228
2006.29	100.329
2008.22	100.245
2010.15	100.045
2012.08	99.9247
2014.01	100.02
2015.93	100.387
2017.86	100.828
2019.79	101.019
2021.72	100.866
2023.65	100.533
2025.58	100.289
2027.51	100.219
2029.44	100.151
2031.37	100.101
2033.3	100.295
2035.23	100.606
2037.15	100.699
2039.08	100.62
2041.01	100.591
2042.94	100.624
2044.87	100.634
2046.8	100.573
2048.73	100.464
2050.66	100.407
2052.59	100.4
2054.52	100.324
2056.45	100.222
2058.37	100.179
2060.3	100.098
2062.23	99.9788
2064.16	99.9772
2066.09	99.9875
2068.02	99.8281
2069.95	99.7522
2071.88	99.9702
2073.81	100.095
2075.74	99.8254
2077.67	99.5465
2079.6	99.589
2081.52	99.6709
2083.45	99.5244
2085.38	99.3339
2087.31	99.2805
2089.24	99.3014
2091.17	99.3829
2093.1	99.5819
2095.03	99.7941
2096.96	99.8392
2098.89	99.6746
2100.82	99.3993
2102.74	99.2022
2104.67	99.2516
2106.6	99.5041
2108.53	99.7376
2110.46	99.7648
2112.39	99.5543
2114.32	99.2833
2116.25	99.2215
2118.18	99.3867
2120.11	99.5093
2122.04	99.4546
2123.97	99.3703
2125.89	99.3673
2127.82	99.379
2129.75	99.3534
2131.68	99.3599
2133.61	99.4985
2135.54	99.7787
2137.47	100.078
2139.4	100.253
2141.33	100.307
2143.26	100.326
2145.19	100.277
2147.11	100.133
2149.04	100.06
2150.97	100.158
2152.9	100.291
2154.83	100.403
2156.76	100.513
2158.69	100.474
2160.62	100.336
2162.55	100.423
2164.48	100.617
2166.41	100.455
2168.33	100.011
2170.26	99.7687
2172.19	99.835
2174.12	99.9635
2176.05	100.064
2177.98	100.205
2179.91	100.315
2181.84	100.312
2183.77	100.344
2185.7	100.474
2187.63	100.424
2189.56	100.108
2191.48	99.9098
2193.41	100.049
2195.34	100.285
2197.27	100.354
2199.2	100.235
2201.13	100.095
2203.06	100.094
2204.99	100.118
2206.92	99.9824
2208.85	99.859
2210.78	99.9775
2212.7	100.122
2214.63	99.9507
2216.56	99.5886
2218.49	99.4889
2220.42	99.8199
2222.35	100.249
2224.28	100.388
2226.21	100.235
2228.14	100.019
2230.07	99.8674
2232	99.7625
2233.93	99.6756
2235.85	99.7002
2237.78	99.9188
2239.71	100.116
2241.64	100.017
2243.57	99.8014
2245.5	99.8275
2247.43	100.004
2249.36	100.02
2251.29	99.9113
2253.22	99.8809
2255.15	99.9067
2257.07	99.9156
2259	99.9939
2260.93	100.16
2262.86	100.265
2264.79	100.264
2266.72	100.268
2268.65	100.271
2270.58	100.156
2272.51	99.9784
2274.44	99.9189
2276.37	99.9972
2278.29	100.06
2280.22	100.016
2282.15	99.9305
2284.08	99.9165
2286.01	100.022
2287.94	100.206
2289.87	100.422
2291.8	100.691
2293.73	101.015
2295.66	101.289
2297.59	101.476
2299.52	101.71
2301.44	102.073
2303.37	102.488
2305.3	103.004
2307.23	103.82
2309.16	104.872
2311.09	105.789
2313.02	106.418
2314.95	106.969
2316.88	107.669
2318.81	108.698
2320.74	110.086
2322.66	111.417
2324.59	112.414
2326.52	113.507
2328.45	114.855
2330.38	115.727
2332.31	115.764
2334.24	115.783
2336.17	116.261
2338.1	116.777
2340.03	117.197
2341.96	117.565
2343.89	116.685
2345.81	114.077
2347.74	112.07
2349.67	112.18
2351.6	114.373
2353.53	117.816
2355.46	120.927
2357.39	123.115
2359.32	124.324
2361.25	124.004
2363.18	122.739
2365.11	121.176
2367.03	119.157
2368.96	116.656
2370.89	113.788
2372.82	110.78
2374.75	108.029
2376.68	105.741
2378.61	103.85
2380.54	102.222
2382.47	100.781
2384.4	99.601
2386.33	98.8451
2388.26	98.5371
2390.18	98.4503
2392.11	98.308
2394.04	98.0659
2395.97	97.9023
2397.9	97.914
2399.83	97.9643
2401.76	97.9396
2403.69	97.9467
2405.62	98.0721
2407.55	98.201
2409.48	98.2316
2411.4	98.2082
2413.33	98.1871
2415.26	98.1871
2417.19	98.2233
2419.12	98.2777
2421.05	98.322
2422.98	98.3673
2424.91	98.4131
2426.84	98.4178
2428.77	98.3688
2430.7	98.3068
2432.62	98.2777
2434.55	98.3106
2436.48	98.3943
2438.41	98.4424
2440.34	98.3892
2442.27	98.3315
2444.2	98.3837
2446.13	98.4534
2448.06	98.4455
2449.99	98.4974
2451.92	98.6732
2453.85	98.7693
2455.77	98.6903
2457.7	98.5706
2459.63	98.4742
2461.56	98.4267
2463.49	98.5073
2465.42	98.6133
2467.35	98.5698
2469.28	98.4933
2471.21	98.5568
2473.14	98.653
2475.07	98.6587
2476.99	98.6449
2478.92	98.6682
2480.85	98.677
2482.78	98.6125
2484.71	98.4924
2486.64	98.426
2488.57	98.4572
2490.5	98.4918
2492.43	98.5232
2494.36	98.6222
2496.29	98.6757
2498.22	98.5936
2500.14	98.5945
2502.07	98.7987
2504	98.9346
2505.93	98.841
2507.86	98.7257
2509.79	98.6862
2511.72	98.582
2513.65	98.4498
2515.58	98.4641
2517.51	98.5748
2519.44	98.6322
2521.36	98.6369
2523.29	98.6251
2525.22	98.5982
2527.15	98.5712
2529.08	98.5062
2531.01	98.3968
2532.94	98.3659
2534.87	98.4347
2536.8	98.4879
2538.73	98.5286
2540.66	98.5564
2542.58	98.4428
2544.51	98.2591
2546.44	98.2147
2548.37	98.2271
2550.3	98.1502
2552.23	98.1444
2554.16	98.3163
2556.09	98.4533
2558.02	98.4205
2559.95	98.3582
2561.88	98.3803
2563.81	98.4106
2565.73	98.3414
2567.66	98.2001
2569.59	98.1266
2571.52	98.1807
2573.45	98.2494
2575.38	98.2529
2577.31	98.2814
2579.24	98.3628
2581.17	98.3601
2583.1	98.2608
2585.03	98.2115
2586.95	98.2114
2588.88	98.1718
2590.81	98.1437
2592.74	98.1346
2594.67	98.0328
2596.6	97.9221
2598.53	98.0085
2600.46	98.1849
2602.39	98.1398
2604.32	97.8792
2606.25	97.7271
2608.18	97.8093
2610.1	97.9018
2612.03	97.8443
2613.96	97.7444
2615.89	97.6913
2617.82	97.6526
2619.75	97.6453
2621.68	97.6774
2623.61	97.6824
2625.54	97.681
2627.47	97.7135
2629.4	97.671
2631.32	97.5042
2633.25	97.3617
2635.18	97.3315
2637.11	97.3454
2639.04	97.3572
2640.97	97.3686
2642.9	97.3699
2644.83	97.3598
2646.76	97.3297
2648.69	97.2669
2650.62	97.2103
2652.54	97.1922
2654.47	97.1634
2656.4	97.0891
2658.33	97.0237
2660.26	97.0062
2662.19	96.9972
2664.12	96.9747
2666.05	96.9871
2667.98	97.0612
2669.91	97.1374
2671.84	97.1415
2673.77	97.0728
2675.69	96.9889
2677.62	96.9248
2679.55	96.8584
2681.48	96.7839
2683.41	96.7621
2685.34	96.8176
2687.27	96.8696
2689.2	96.866
2691.13	96.8526
2693.06	96.8403
2694.99	96.7912
2696.91	96.7509
2698.84	96.7833
2700.77	96.8225
2702.7	96.7862
2704.63	96.7307
2706.56	96.7353
2708.49	96.7617
2710.42	96.7473
2712.35	96.715
2714.28	96.7028
2716.21	96.6872
2718.14	96.6442
2720.06	96.608
2721.99	96.6086
2723.92	96.6103
2725.85	96.5677
2727.78	96.5076
2729.71	96.4754
2731.64	96.434
2733.57	96.3508
2735.5	96.3211
2737.43	96.3967
2739.36	96.4297
2741.28	96.337
2743.21	96.2798
2745.14	96.3579
2747.07	96.4485
2749	96.4631
2750.93	96.4368
2752.86	96.3958
2754.79	96.3659
2756.72	96.3772
2758.65	96.394
2760.58	96.3741
2762.51	96.3159
2764.43	96.2237
2766.36	96.1543
2768.29	96.1785
2770.22	96.2357
2772.15	96.2299
2774.08	96.1839
2776.01	96.1368
2777.94	96.0838
2779.87	96.0536
2781.8	96.0429
2783.73	95.9934
2785.65	95.9307
2787.58	95.9238
2789.51	95.9442
2791.44	95.9277
2793.37	95.8587
2795.3	95.7619
2797.23	95.7153
2799.16	95.7635
2801.09	95.8083
2803.02	95.7515
2804.95	95.6372
2806.87	95.5303
2808.8	95.4414
2810.73	95.3787
2812.66	95.3143
2814.59	95.2103
2816.52	95.131
2818.45	95.1353
2820.38	95.1293
2822.31	95.0258
2824.24	94.8965
2826.17	94.8033
2828.1	94.6591
2830.02	94.3892
2831.95	94.0828
2833.88	93.8624
2835.81	93.7011
2837.74	93.505
2839.67	93.302
2841.6	93.1784
2843.53	93.0888
2845.46	92.9127
2847.39	92.636
2849.32	92.3207
2851.24	91.9848
2853.17	91.6071
2855.1	91.1443
2857.03	90.5373
2858.96	89.8277
2860.89	89.1865
2862.82	88.718
2864.75	88.3642
2866.68	88.0392
2868.61	87.7159
2870.54	87.4256
2872.47	87.2715
2874.39	87.3274
2876.32	87.5351
2878.25	87.8153
2880.18	88.136
2882.11	88.4387
2884.04	88.7078
2885.97	88.9916
2887.9	89.1865
2889.83	89.1245
2891.76	88.9215
2893.69	88.8214
2895.61	88.8369
2897.54	88.9023
2899.47	89.0429
2901.4	89.161
2903.33	89.059
2905.26	88.7756
2907.19	88.5664
2909.12	88.5479
2911.05	88.5414
2912.98	88.3065
2914.91	87.8905
2916.83	87.5623
2918.76	87.3563
2920.69	87.0465
2922.62	86.5949
2924.55	86.1356
2926.48	85.655
2928.41	85.1521
2930.34	84.8113
2932.27	84.7247
2934.2	84.831
2936.13	85.133
2938.06	85.5841
2939.98	85.9622
2941.91	86.1428
2943.84	86.2007
2945.77	86.1642
2947.7	85.9554
2949.63	85.505
2951.56	84.8122
2953.49	84.0334
2955.42	83.436
2957.35	83.1453
2959.28	83.1022
2961.2	83.2805
2963.13	83.7524
2965.06	84.5645
2966.99	85.6318
2968.92	86.7508
2970.85	87.7666
2972.78	88.67
2974.71	89.4542
2976.64	90.047
2978.57	90.4869
2980.5	90.9589
2982.43	91.5459
2984.35	92.0938
2986.28	92.4276
2988.21	92.5933
2990.14	92.7407
2992.07	92.9008
2994	93.0497
2995.93	93.2071
2997.86	93.3679
2999.79	93.5679
3001.72	93.934
3003.65	94.4136
3005.57	94.7369
3007.5	94.8476
3009.43	94.9436
3011.36	95.0508
3013.29	95.0568
3015.22	95.0604
3017.15	95.2342
3019.08	95.5112
3021.01	95.7166
3022.94	95.8053
3024.87	95.8367
3026.79	95.9078
3028.72	96.0728
3030.65	96.2074
3032.58	96.1526
3034.51	96.0265
3036.44	96.0667
3038.37	96.2074
3040.3	96.2353
3042.23	96.2402
3044.16	96.3875
3046.09	96.4901
3048.02	96.3843
3049.94	96.3407
3051.87	96.5395
3053.8	96.6943
3055.73	96.614
3057.66	96.4863
3059.59	96.4473
3061.52	96.4856
3063.45	96.6159
3065.38	96.7464
3067.31	96.7361
3069.24	96.6201
3071.16	96.4568
3073.09	96.3141
3075.02	96.4255
3076.95	96.7697
3078.88	96.9017
3080.81	96.7286
3082.74	96.689
3084.67	96.9131
3086.6	97.1065
3088.53	97.126
3090.46	96.9791
3092.39	96.6881
3094.31	96.4838
3096.24	96.5736
3098.17	96.7315
3100.1	96.6406
3102.03	96.3923
3103.96	96.2793
3105.89	96.3589
3107.82	96.4781
3109.75	96.5807
3111.68	96.7283
3113.61	96.8415
3115.53	96.7479
3117.46	96.5412
3119.39	96.5157
3121.32	96.7042
3123.25	96.8166
3125.18	96.6664
3127.11	96.4503
3129.04	96.483
3130.97	96.7371
3132.9	96.8768
3134.83	96.7608
3136.75	96.5743
3138.68	96.4553
3140.61	96.4108
3142.54	96.4588
3144.47	96.5348
3146.4	96.5369
3148.33	96.5398
3150.26	96.6168
3152.19	96.6554
3154.12	96.6382
3156.05	96.7056
3157.98	96.7988
3159.9	96.7151
3161.83	96.5002
3163.76	96.353
3165.69	96.2924
3167.62	96.2419
3169.55	96.2415
3171.48	96.351
3173.41	96.489
3175.34	96.5078
3177.27	96.3892
3179.2	96.2866
3181.12	96.3163
3183.05	96.3959
3184.98	96.419
3186.91	96.4166
3188.84	96.3865
3190.77	96.2368
3192.7	96.0328
3194.63	95.9768
3196.56	96.1016
3198.49	96.276
3200.42	96.4073
3202.35	96.4264
3204.27	96.2831
3206.2	96.0743
3208.13	95.9868
3210.06	96.0792
3211.99	96.1996
3213.92	96.114
3215.85	95.7819
3217.78	95.4944
3219.71	95.5456
3221.64	95.8148
3223.57	95.9609
3225.49	95.9196
3227.42	95.8463
3229.35	95.7932
3231.28	95.756
3233.21	95.7347
3235.14	95.6507
3237.07	95.5427
3239	95.6125
3240.93	95.8022
3242.86	95.836
3244.79	95.7135
3246.72	95.5674
3248.64	95.397
3250.57	95.3483
3252.5	95.5744
3254.43	95.7799
3256.36	95.6577
3258.29	95.4345
3260.22	95.3843
3262.15	95.3938
3264.08	95.307
3266.01	95.1985
3267.94	95.2022
3269.86	95.2933
3271.79	95.3114
3273.72	95.2397
3275.65	95.2588
3277.58	95.3543
3279.51	95.272
3281.44	95.0183
3283.37	94.8912
3285.3	94.9522
3287.23	94.9729
3289.16	94.8666
3291.08	94.7485
3293.01	94.6856
3294.94	94.7015
3296.87	94.8074
3298.8	94.8692
3300.73	94.7728
3302.66	94.676
3304.59	94.7032
3306.52	94.6874
3308.45	94.5457
3310.38	94.4408
3312.31	94.4216
3314.23	94.4092
3316.16	94.4286
3318.09	94.4794
3320.02	94.482
3321.95	94.4768
3323.88	94.5239
3325.81	94.5158
3327.74	94.3721
3329.67	94.214
3331.6	94.1928
3333.53	94.3107
3335.45	94.4368
3337.38	94.4298
3339.31	94.2845
3341.24	94.1301
3343.17	94.0595
3345.1	94.0411
3347.03	94.0202
3348.96	94.0085
3350.89	94.0199
3352.82	94.033
3354.75	94.058
3356.68	94.1095
3358.6	94.1188
3360.53	94.0405
3362.46	93.9673
3364.39	93.9695
3366.32	93.974
3368.25	93.9264
3370.18	93.8972
3372.11	93.9679
3374.04	94.1199
3375.97	94.2249
3377.9	94.1857
3379.82	94.1089
3381.75	94.1685
3383.68	94.3
3385.61	94.2683
3387.54	94.0605
3389.47	93.942
3391.4	94.0531
3393.33	94.2122
3395.26	94.2311
3397.19	94.1754
3399.12	94.1462
3401.04	94.1017
3402.97	94.0107
3404.9	93.9184
3406.83	93.8552
3408.76	93.847
3410.69	93.9178
3412.62	94.0291
3414.55	94.1337
3416.48	94.2136
3418.41	94.23
3420.34	94.1965
3422.27	94.2083
3424.19	94.2473
3426.12	94.2092
3428.05	94.1476
3429.98	94.178
3431.91	94.2662
3433.84	94.3195
3435.77	94.3174
3437.7	94.3072
3439.63	94.3804
3441.56	94.5472
3443.49	94.6583
3445.41	94.6275
3447.34	94.5501
3449.27	94.4573
3451.2	94.2698
3453.13	94.0641
3455.06	93.9919
3456.99	94.0001
3458.92	94.0218
3460.85	94.2287
3462.78	94.6547
3464.71	94.9377
3466.64	94.8572
3468.56	94.6752
3470.49	94.6424
3472.42	94.5963
3474.35	94.3463
3476.28	94.1289
3478.21	94.2693
3480.14	94.6402
3482.07	94.8913
3484	94.9686
3485.93	94.9943
3487.86	94.965
3489.78	94.904
3491.71	94.8546
3493.64	94.7581
3495.57	94.7175
3497.5	94.9125
3499.43	95.1091
3501.36	95.0351
3503.29	94.9881
3505.22	95.2313
3507.15	95.3752
3509.08	95.173
3511	94.9948
3512.93	95.0823
3514.86	95.1627
3516.79	95.0273
3518.72	94.8263
3520.65	94.7827
3522.58	94.9078
3524.51	94.9829
3526.44	94.8707
3528.37	94.7713
3530.3	94.8396
3532.23	94.8842
3534.15	94.7966
3536.08	94.7159
3538.01	94.6467
3539.94	94.5581
3541.87	94.6783
3543.8	95.0478
3545.73	95.2588
3547.66	95.1991
3549.59	95.2424
3551.52	95.3372
3553.45	95.1232
3555.37	94.7661
3557.3	94.6693
3559.23	94.8277
3561.16	95.0843
3563.09	95.4087
3565.02	95.7263
3566.95	95.8323
3568.88	95.7013
3570.81	95.5765
3572.74	95.5615
3574.67	95.6313
3576.6	95.7738
3578.52	96.0085
3580.45	96.2651
3582.38	96.3363
3584.31	96.2002
3586.24	96.1234
3588.17	96.2649
3590.1	96.4741
3592.03	96.6996
3593.96	96.8997
3595.89	96.8723
3597.82	96.7732
3599.74	96.9649
3601.67	97.3107
3603.6	97.5008
3605.53	97.6538
3607.46	97.8784
3609.39	97.8592
3611.32	97.4456
3613.25	97.0989
3615.18	97.2604
3617.11	97.7525
3619.04	98.0814
3620.97	98.1186
3622.89	98.0812
3624.82	98.0329
3626.75	98.0277
3628.68	98.1884
3630.61	98.2293
3632.54	97.9623
3634.47	97.7026
3636.4	97.5782
3638.33	97.5349
3640.26	97.6672
3642.19	97.957
3644.11	98.1027
3646.04	98.0476
3647.97	98.0018
3649.9	97.8257
3651.83	97.4595
3653.76	97.3494
3655.69	97.596
3657.62	97.8371
3659.55	97.7618
3661.48	97.5442
3663.41	97.4233
3665.33	97.4519
3667.26	97.5426
3669.19	97.6569
3671.12	97.9796
3673.05	98.6001
3674.98	99.0165
3676.91	98.5819
3678.84	97.9775
3680.77	97.9261
3682.7	98.0602
3684.63	98.0203
3686.56	98.056
3688.48	98.5241
3690.41	99.099
3692.34	99.157
3694.27	98.8627
3696.2	98.5793
3698.13	98.4301
3700.06	98.3458
3701.99	98.3435
3703.92	98.4985
3705.85	98.6193
3707.78	98.622
3709.7	98.7608
3711.63	98.9222
3713.56	98.5795
3715.49	98.1342
3717.42	98.1675
3719.35	98.5177
3721.28	98.7283
3723.21	98.8905
3725.14	99.2658
3727.07	99.4608
3729	99.1378
3730.93	98.7559
3732.85	98.9452
3734.78	99.499
3736.71	99.3846
3738.64	98.7791
3740.57	98.5267
3742.5	98.6923
3744.43	98.9449
3746.36	99.0205
3748.29	98.9781
3750.22	98.7216
3752.15	98.1301
3754.07	97.6768
3756	97.6201
3757.93	97.8007
3759.86	97.9582
3761.79	97.9045
3763.72	97.7027
3765.65	97.5769
3767.58	97.7696
3769.51	98.1039
3771.44	98.0699
3773.37	97.7236
3775.29	97.5311
3777.22	97.5267
3779.15	97.4979
3781.08	97.5053
3783.01	97.608
3784.94	97.6138
3786.87	97.5082
3788.8	97.4686
3790.73	97.5177
3792.66	97.6325
3794.59	97.8353
3796.52	98.008
3798.44	98.0282
3800.37	97.955
3802.3	97.8756
3804.23	97.9067
3806.16	98.0982
3808.09	98.1936
3810.02	98.0024
3811.95	97.8347
3813.88	97.9189
3815.81	98.1185
3817.74	98.2506
3819.66	98.3493
3821.59	98.2674
3823.52	97.9338
3825.45	97.736
3827.38	97.835
3829.31	98.0136
3831.24	98.0522
3833.17	97.948
3835.1	97.8056
3837.03	97.7646
3838.96	97.8706
3840.89	97.9139
3842.81	97.7854
3844.74	97.6715
3846.67	97.707
3848.6	97.8074
3850.53	97.8928
3852.46	97.9833
3854.39	97.9709
3856.32	97.7933
3858.25	97.7028
3860.18	97.7842
3862.11	97.8965
3864.03	97.9468
3865.96	98.0584
3867.89	98.1604
3869.82	97.9983
3871.75	97.7278
3873.68	97.7221
3875.61	97.8661
3877.54	97.9179
3879.47	97.8995
3881.4	97.8919
3883.33	97.8399
3885.25	97.6902
3887.18	97.5512
3889.11	97.5586
3891.04	97.6705
3892.97	97.7209
3894.9	97.6814
3896.83	97.7059
3898.76	97.8773
3900.69	98.0878
3902.62	98.1171
3904.55	97.9289
3906.48	97.7107
3908.4	97.5598
3910.33	97.4011
3912.26	97.2578
3914.19	97.2898
3916.12	97.4902
3918.05	97.6421
3919.98	97.6787
3921.91	97.7271
3923.84	97.7691
3925.77	97.7176
3927.7	97.6403
3929.62	97.588
3931.55	97.489
3933.48	97.3714
3935.41	97.3479
3937.34	97.3793
3939.27	97.3901
3941.2	97.4168
3943.13	97.4802
3945.06	97.5171
3946.99	97.514
3948.92	97.4818
3950.85	97.4036
3952.77	97.3563
3954.7	97.4478
3956.63	97.6034
3958.56	97.6242
3960.49	97.4547
3962.42	97.2454
3964.35	97.1702
3966.28	97.2494
3968.21	97.3734
3970.14	97.4708
3972.07	97.5608
3973.99	97.6191
3975.92	97.5609
3977.85	97.4163
3979.78	97.3134
3981.71	97.2709
3983.64	97.2129
3985.57	97.1534
3987.5	97.1821
3989.43	97.293
3991.36	97.3689
3993.29	97.3405
3995.22	97.2738
3997.14	97.2446
