499.643	81.805
501.572	82.0996
503.501	82.2619
505.43	81.4581
507.36	80.4703
509.289	80.5338
511.218	80.767
513.147	80.0261
515.076	79.305
517.005	79.7801
518.934	80.6391
520.863	80.8142
522.792	80.8246
524.722	81.2419
526.651	81.6898
528.58	81.9213
530.509	82.3261
532.438	83.009
534.367	83.6078
536.296	83.9173
538.225	83.9831
540.155	83.878
542.084	83.8152
544.013	83.9966
545.942	84.3611
547.871	84.8718
549.8	85.5227
551.729	85.9133
553.658	85.7712
555.588	85.6615
557.517	86.0923
559.446	86.5804
561.375	86.6012
563.304	86.5236
565.233	86.73
567.162	86.8638
569.091	86.6575
571.021	86.535
572.95	86.7436
574.879	86.9206
576.808	86.9565
578.737	87.196
580.666	87.5126
582.595	87.4288
584.524	87.0312
586.454	86.7312
588.383	86.5901
590.312	86.5206
592.241	86.5173
594.17	86.4936
596.099	86.3952
598.028	86.3336
599.957	86.3426
601.887	86.2719
603.816	86.09
605.745	86.0863
607.674	86.5394
609.603	87.2558
611.532	87.7785
613.461	88.0078
615.39	88.1524
617.32	88.3158
619.249	88.5283
621.178	88.768
623.107	88.8342
625.036	88.6345
626.965	88.4165
628.894	88.3889
630.823	88.4892
632.753	88.5878
634.682	88.5395
636.611	88.254
638.54	87.9074
640.469	87.6895
642.398	87.4632
644.327	87.1241
646.256	86.8408
648.186	86.5911
650.115	86.1759
652.044	85.7963
653.973	85.7803
655.902	86.0007
657.831	86.2631
659.76	86.7004
661.689	87.2347
663.619	87.7242
665.548	88.7805
667.477	91.057
669.406	92.4828
671.335	91.8709
673.264	91.5338
675.193	91.9648
677.122	92.3433
679.052	92.4393
680.981	92.6451
682.91	92.7708
684.839	92.6009
686.768	92.46
688.697	92.4666
690.626	92.3857
692.555	92.1948
694.485	92.0452
696.414	91.9361
698.343	91.7935
700.272	91.6357
702.201	91.5231
704.13	91.4458
706.059	91.315
707.988	91.1092
709.917	90.934
711.847	90.8428
713.776	90.8064
715.705	90.8987
717.634	91.1774
719.563	91.415
721.492	91.3441
723.421	91.0868
725.35	90.8881
727.28	90.7199
729.209	90.4461
731.138	90.0551
733.067	89.5829
734.996	89.0632
736.925	88.603
738.854	88.3119
740.783	88.1385
742.713	87.9073
744.642	87.5803
746.571	87.3643
748.5	87.4546
750.429	87.7961
752.358	88.2149
754.287	88.6277
756.216	89.0029
758.146	89.2869
760.075	89.4511
762.004	89.4774
763.933	89.3267
765.862	89.015
767.791	88.5971
769.72	88.0386
771.649	87.2224
773.579	86.0244
775.508	84.2737
777.437	81.7271
779.366	78.2193
781.295	73.935
783.224	69.5866
785.153	66.2391
787.082	64.8198
789.012	65.7313
790.941	68.7761
792.87	73.1938
794.799	77.8283
796.728	81.5876
798.657	83.9293
800.586	84.9661
802.515	85.1066
804.445	84.6163
806.374	83.5455
808.303	81.9111
810.232	79.8836
812.161	77.9768
814.09	76.9363
816.019	77.1639
817.948	78.3948
819.878	80.069
821.807	81.7575
823.736	83.1781
825.665	84.1625
827.594	84.7245
829.523	84.9843
831.452	85.0205
833.381	84.8427
835.311	84.4281
837.24	83.7465
839.169	82.765
841.098	81.4722
843.027	79.9935
844.956	78.6325
846.885	77.6362
848.814	76.9575
850.744	76.3566
852.673	75.6594
854.602	74.8402
856.531	73.9644
858.46	73.1433
860.389	72.4956
862.318	72.1135
864.247	72.0626
866.177	72.36
868.106	72.9189
870.035	73.5653
871.964	74.1351
873.893	74.5347
875.822	74.7322
877.751	74.754
879.68	74.6954
881.609	74.6999
883.539	74.9001
885.468	75.3241
887.397	75.8425
889.326	76.2825
891.255	76.5825
893.184	76.758
895.113	76.8095
897.042	76.7919
898.972	76.8577
900.901	77.1244
902.83	77.612
904.759	78.3459
906.688	79.3603
908.617	80.5717
910.546	81.769
912.475	82.7273
914.405	83.2721
916.334	83.3128
918.263	82.8871
920.192	82.121
922.121	81.1192
924.05	79.9238
925.979	78.5488
927.908	76.9935
929.838	75.2387
931.767	73.2879
933.696	71.2327
935.625	69.2627
937.554	67.5865
939.483	66.3381
941.412	65.547
943.341	65.1598
945.271	65.069
947.2	65.1774
949.129	65.4868
951.058	66.0934
952.987	67.0446
954.916	68.2367
956.845	69.4996
958.774	70.7331
960.704	71.913
962.633	73.0386
964.562	74.1279
966.491	75.1957
968.42	76.2149
970.349	77.1444
972.278	77.9419
974.207	78.5278
976.137	78.839
978.066	78.9074
979.995	78.7748
981.924	78.4051
983.853	77.7825
985.782	77.0074
987.711	76.2389
989.64	75.6203
991.57	75.2268
993.499	74.9834
995.428	74.6638
997.357	74.0325
999.286	72.9925
1001.22	71.632
1003.14	70.1554
1005.07	68.7471
1007	67.5252
1008.93	66.6008
1010.86	66.0156
1012.79	65.5804
1014.72	64.9411
1016.65	63.846
1018.58	62.2686
1020.51	60.3492
1022.44	58.3205
1024.36	56.458
1026.29	55.0741
1028.22	54.4551
1030.15	54.6195
1032.08	55.2265
1034.01	55.919
1035.94	56.6225
1037.87	57.3919
1039.8	58.2217
1041.73	59.1279
1043.66	60.2022
1045.58	61.5086
1047.51	63.0355
1049.44	64.7092
1051.37	66.3758
1053.3	67.8365
1055.23	68.9807
1057.16	69.8723
1059.09	70.6534
1061.02	71.3409
1062.95	71.7543
1064.88	71.6969
1066.81	71.1999
1068.73	70.5808
1070.66	70.2699
1072.59	70.5323
1074.52	71.3007
1076.45	72.2908
1078.38	73.2705
1080.31	74.1601
1082.24	74.919
1084.17	75.4667
1086.1	75.7258
1088.03	75.6731
1089.95	75.337
1091.88	74.7653
1093.81	74.0068
1095.74	73.1279
1097.67	72.2174
1099.6	71.3412
1101.53	70.5025
1103.46	69.6476
1105.39	68.706
1107.32	67.6464
1109.25	66.5012
1111.18	65.3378
1113.1	64.2321
1115.03	63.2389
1116.96	62.3282
1118.89	61.3836
1120.82	60.3057
1122.75	59.0824
1124.68	57.7553
1126.61	56.3738
1128.54	54.9835
1130.47	53.6143
1132.4	52.2601
1134.32	50.8929
1136.25	49.5196
1138.18	48.1962
1140.11	46.967
1142.04	45.8463
1143.97	44.871
1145.9	44.0889
1147.83	43.4822
1149.76	42.975
1151.69	42.5203
1153.62	42.1442
1155.55	41.913
1157.47	41.8925
1159.4	42.1423
1161.33	42.7071
1163.26	43.5926
1165.19	44.778
1167.12	46.2442
1169.05	47.9562
1170.98	49.8574
1172.91	51.896
1174.84	54.0172
1176.77	56.1601
1178.69	58.2779
1180.62	60.3115
1182.55	62.1875
1184.48	63.904
1186.41	65.5159
1188.34	66.998
1190.27	68.273
1192.2	69.3746
1194.13	70.4179
1196.06	71.4378
1197.99	72.3805
1199.91	73.1933
1201.84	73.8386
1203.77	74.2787
1205.7	74.4906
1207.63	74.4596
1209.56	74.1404
1211.49	73.4633
1213.42	72.4006
1215.35	70.9765
1217.28	69.2067
1219.21	67.1108
1221.14	64.751
1223.06	62.1707
1224.99	59.3687
1226.92	56.3817
1228.85	53.3038
1230.78	50.248
1232.71	47.3813
1234.64	44.9308
1236.57	43.0548
1238.5	41.7331
1240.43	40.8127
1242.36	40.1128
1244.28	39.4812
1246.21	38.8209
1248.14	38.1002
1250.07	37.3615
1252	36.7248
1253.93	36.3324
1255.86	36.2745
1257.79	36.6053
1259.72	37.3736
1261.65	38.5746
1263.58	40.134
1265.51	41.9608
1267.43	43.9708
1269.36	46.083
1271.29	48.2184
1273.22	50.2981
1275.15	52.2653
1277.08	54.1104
1279.01	55.8715
1280.94	57.5981
1282.87	59.2867
1284.8	60.8797
1286.73	62.3382
1288.65	63.645
1290.58	64.7482
1292.51	65.5921
1294.44	66.2047
1296.37	66.7325
1298.3	67.4169
1300.23	68.508
1302.16	70.1245
1304.09	72.1749
1306.02	74.4131
1307.95	76.5426
1309.87	78.2963
1311.8	79.4637
1313.73	79.9058
1315.66	79.6144
1317.59	78.7488
1319.52	77.7018
1321.45	77.0634
1323.38	77.2467
1325.31	78.2827
1327.24	79.9022
1329.17	81.6556
1331.1	83.1344
1333.02	84.1256
1334.95	84.6801
1336.88	85.0052
1338.81	85.2527
1340.74	85.5074
1342.67	85.8535
1344.6	86.3344
1346.53	86.9091
1348.46	87.4171
1350.39	87.6466
1352.32	87.5013
1354.24	86.9842
1356.17	86.2408
1358.1	85.6401
1360.03	85.3667
1361.96	85.1134
1363.89	84.515
1365.82	83.6161
1367.75	82.4555
1369.68	81.0849
1371.61	79.82
1373.54	78.8337
1375.47	78.1031
1377.39	77.6942
1379.32	77.6029
1381.25	77.7166
1383.18	77.9991
1385.11	78.5876
1387.04	79.6237
1388.97	80.7765
1390.9	81.5468
1392.83	81.8812
1394.76	81.8205
1396.69	81.3676
1398.61	80.6147
1400.54	79.8507
1402.47	79.4119
1404.4	79.3833
1406.33	79.6877
1408.26	80.2335
1410.19	81.0074
1412.12	81.9971
1414.05	83.043
1415.98	84.0931
1417.91	85.2028
1419.83	86.125
1421.76	86.6329
1423.69	86.8176
1425.62	86.7684
1427.55	86.5265
1429.48	85.8958
1431.41	84.8016
1433.34	83.6266
1435.27	82.3662
1437.2	80.741
1439.13	79.2514
1441.06	78.2337
1442.98	77.4525
1444.91	76.8746
1446.84	76.4637
1448.77	75.9932
1450.7	75.587
1452.63	75.6359
1454.56	76.2642
1456.49	77.5151
1458.42	78.8966
1460.35	79.8383
1462.28	80.8127
1464.2	82.162
1466.13	83.5882
1468.06	84.7078
1469.99	85.8169
1471.92	87.0999
1473.85	88.0762
1475.78	88.5543
1477.71	88.9881
1479.64	89.4809
1481.57	89.9604
1483.5	90.4212
1485.43	90.9418
1487.35	91.6515
1489.28	92.469
1491.21	93.0203
1493.14	93.4165
1495.07	93.9666
1497	94.5589
1498.93	94.8644
1500.86	95.0337
1502.79	95.33
1504.72	95.789
1506.65	96.2389
1508.57	96.2146
1510.5	95.9994
1512.43	95.9684
1514.36	96.1243
1516.29	96.3736
1518.22	96.626
1520.15	96.8017
1522.08	96.7931
1524.01	96.6481
1525.94	96.4626
1527.87	96.3005
1529.8	96.2788
1531.72	96.4119
1533.65	96.5369
1535.58	96.5861
1537.51	96.7821
1539.44	97.1987
1541.37	97.2891
1543.3	96.866
1545.23	96.5421
1547.16	96.4349
1549.09	96.4496
1551.02	96.483
1552.94	96.5072
1554.87	96.6426
1556.8	96.9741
1558.73	97.1314
1560.66	96.6814
1562.59	96.2724
1564.52	96.1268
1566.45	96.1667
1568.38	96.2328
1570.31	96.1133
1572.24	95.9499
1574.16	95.9547
1576.09	95.9709
1578.02	95.7453
1579.95	95.5039
1581.88	95.4353
1583.81	95.4807
1585.74	95.5413
1587.67	95.583
1589.6	95.6305
1591.53	95.6988
1593.46	95.7432
1595.39	95.711
1597.31	95.6316
1599.24	95.5723
1601.17	95.5473
1603.1	95.5215
1605.03	95.4673
1606.96	95.3938
1608.89	95.2826
1610.82	95.1271
1612.75	95.034
1614.68	95.0041
1616.61	94.7751
1618.53	94.35
1620.46	94.0503
1622.39	93.735
1624.32	93.1895
1626.25	92.5508
1628.18	91.816
1630.11	90.9907
1632.04	90.3835
1633.97	90.002
1635.9	89.4539
1637.83	88.9844
1639.76	89.3568
1641.68	90.4678
1643.61	91.8647
1645.54	93.2373
1647.47	94.1589
1649.4	94.5017
1651.33	94.8134
1653.26	95.1909
1655.19	95.009
1657.12	94.6761
1659.05	94.5887
1660.98	94.5946
1662.9	94.4222
1664.83	94.1557
1666.76	94.071
1668.69	94.1222
1670.62	94.0078
1672.55	93.7593
1674.48	93.4759
1676.41	92.9706
1678.34	92.473
1680.27	92.271
1682.2	92.1194
1684.12	91.6537
1686.05	90.973
1687.98	90.2144
1689.91	89.3557
1691.84	88.4099
1693.77	87.1817
1695.7	85.6332
1697.63	83.9128
1699.56	81.4904
1701.49	78.3938
1703.42	75.5359
1705.35	72.5128
1707.27	68.8406
1709.2	65.2602
1711.13	62.1913
1713.06	59.4253
1714.99	57.1421
1716.92	55.2665
1718.85	53.5488
1720.78	52.795
1722.71	53.1756
1724.64	54.1973
1726.57	55.6442
1728.49	57.3648
1730.42	59.0412
1732.35	60.3739
1734.28	60.8904
1736.21	60.5256
1738.14	59.7386
1740.07	58.5784
1742	57.269
1743.93	56.5152
1745.86	56.4664
1747.79	57.0377
1749.72	58.4595
1751.64	60.396
1753.57	62.5025
1755.5	65.2471
1757.43	68.6724
1759.36	72.2175
1761.29	75.8159
1763.22	79.3877
1765.15	82.3705
1767.08	84.8423
1769.01	87.2177
1770.94	89.3447
1772.86	90.9706
1774.79	92.1896
1776.72	93.016
1778.65	93.5939
1780.58	94.1576
1782.51	94.6174
1784.44	94.8957
1786.37	95.173
1788.3	95.4934
1790.23	95.8227
1792.16	96.1301
1794.08	96.2183
1796.01	96.1668
1797.94	96.2392
1799.87	96.3992
1801.8	96.4829
1803.73	96.4954
1805.66	96.4763
1807.59	96.499
1809.52	96.6466
1811.45	96.7865
1813.38	96.8027
1815.31	96.823
1817.23	96.8966
1819.16	96.9527
1821.09	96.9998
1823.02	97.0618
1824.95	97.1573
1826.88	97.3133
1828.81	97.4259
1830.74	97.3911
1832.67	97.3425
1834.6	97.4062
1836.53	97.5156
1838.45	97.5631
1840.38	97.57
1842.31	97.652
1844.24	97.7726
1846.17	97.7278
1848.1	97.5994
1850.03	97.6094
1851.96	97.7303
1853.89	97.8064
1855.82	97.8258
1857.75	97.8704
1859.68	97.9221
1861.6	97.8888
1863.53	97.8343
1865.46	97.9452
1867.39	98.1891
1869.32	98.2869
1871.25	98.1757
1873.18	98.0124
1875.11	97.876
1877.04	97.9045
1878.97	98.1082
1880.9	98.2277
1882.82	98.2246
1884.75	98.3322
1886.68	98.5027
1888.61	98.5177
1890.54	98.4528
1892.47	98.4562
1894.4	98.4609
1896.33	98.4772
1898.26	98.6141
1900.19	98.7616
1902.12	98.743
1904.05	98.6532
1905.97	98.6818
1907.9	98.7685
1909.83	98.7577
1911.76	98.7041
1913.69	98.7557
1915.62	98.8811
1917.55	98.9087
1919.48	98.8085
1921.41	98.7715
1923.34	98.8453
1925.27	98.8859
1927.19	98.9145
1929.12	99.0248
1931.05	99.0848
1932.98	99.028
1934.91	99.0476
1936.84	99.1941
1938.77	99.3434
1940.7	99.4721
1942.63	99.4864
1944.56	99.2753
1946.49	99.102
1948.41	99.2133
1950.34	99.4232
1952.27	99.5204
1954.2	99.5958
1956.13	99.7141
1958.06	99.793
1959.99	99.8467
1961.92	99.9215
1963.85	99.9609
1965.78	99.9537
1967.71	99.9408
1969.64	99.9193
1971.56	99.9568
1973.49	100.093
1975.42	100.153
1977.35	100.104
1979.28	100.192
1981.21	100.366
1983.14	100.343
1985.07	100.192
1987	100.109
1988.93	100.035
1990.86	99.943
1992.78	99.9223
1994.71	99.9793
1996.64	100.092
1998.57	100.21
2000.5	100.248
2002.43	100.272
2004.36	100.333
2006.29	100.311
2008.22	100.239
2010.15	100.263
2012.08	100.333
2014.01	100.406
2015.93	100.546
2017.86	100.633
2019.79	100.553
2021.72	100.483
2023.65	100.564
2025.58	100.657
2027.51	100.575
2029.44	100.345
2031.37	100.209
2033.3	100.281
2035.23	100.39
2037.15	100.42
2039.08	100.457
2041.01	100.489
2042.94	100.46
2044.87	100.476
2046.8	100.557
2048.73	100.503
2050.66	100.297
2052.59	100.172
2054.52	100.169
2056.45	100.087
2058.37	99.9253
2060.3	99.8825
2062.23	99.9536
2064.16	99.9501
2066.09	99.8469
2068.02	99.7991
2069.95	99.9183
2071.88	100.118
2073.81	100.118
2075.74	99.8009
2077.67	99.4701
2079.6	99.4231
2081.52	99.5432
2083.45	99.58
2085.38	99.5073
2087.31	99.4454
2089.24	99.4744
2091.17	99.5616
2093.1	99.6161
2095.03	99.6296
2096.96	99.64
2098.89	99.5844
2100.82	99.4081
2102.74	99.2321
2104.67	99.2262
2106.6	99.4087
2108.53	99.6103
2110.46	99.6084
2112.39	99.4008
2114.32	99.2665
2116.25	99.372
2118.18	99.5052
2120.11	99.4143
2122.04	99.1881
2123.97	99.0913
2125.89	99.2208
2127.82	99.4718
2129.75	99.6716
2131.68	99.684
2133.61	99.5683
2135.54	99.6051
2137.47	99.9223
2139.4	100.229
2141.33	100.238
2143.26	100.083
2145.19	100.005
2147.11	100.026
2149.04	100.118
2150.97	100.304
2152.9	100.544
2154.83	100.725
2156.76	100.674
2158.69	100.351
2160.62	100.116
2162.55	100.285
2164.48	100.533
2166.41	100.452
2168.33	100.219
2170.26	100.126
2172.19	100.089
2174.12	100.033
2176.05	100.12
2177.98	100.363
2179.91	100.533
2181.84	100.544
2183.77	100.505
2185.7	100.431
2187.63	100.292
2189.56	100.191
2191.48	100.183
2193.41	100.191
2195.34	100.226
2197.27	100.284
2199.2	100.237
2201.13	100.157
2203.06	100.241
2204.99	100.346
2206.92	100.25
2208.85	100.086
2210.78	100.009
2212.7	99.9349
2214.63	99.8141
2216.56	99.6982
2218.49	99.6469
2220.42	99.7633
2222.35	100.016
2224.28	100.12
2226.21	99.9546
2228.14	99.8058
2230.07	99.8733
2232	99.9369
2233.93	99.8397
2235.85	99.8506
2237.78	100.121
2239.71	100.281
2241.64	100.045
2243.57	99.7296
2245.5	99.7377
2247.43	99.967
2249.36	100.049
2251.29	99.8803
2253.22	99.6743
2255.15	99.6357
2257.07	99.7637
2259	99.9405
2260.93	100.064
2262.86	100.108
2264.79	100.13
2266.72	100.16
2268.65	100.146
2270.58	100.074
2272.51	100.002
2274.44	99.9506
2276.37	99.9317
2278.29	99.9639
2280.22	99.9753
2282.15	99.8957
2284.08	99.8266
2286.01	99.8793
2287.94	99.9848
2289.87	100.088
2291.8	100.31
2293.73	100.707
2295.66	101.126
2297.59	101.465
2299.52	101.798
2301.44	102.172
2303.37	102.566
2305.3	103.102
2307.23	103.961
2309.16	105.036
2311.09	105.955
2313.02	106.542
2314.95	107.037
2316.88	107.767
2318.81	108.872
2320.74	110.234
2322.66	111.491
2324.59	112.484
2326.52	113.542
2328.45	114.783
2330.38	115.621
2332.31	115.708
2334.24	115.768
2336.17	116.359
2338.1	117.067
2340.03	117.561
2341.96	117.893
2343.89	117.066
2345.81	114.524
2347.74	112.426
2349.67	112.365
2351.6	114.482
2353.53	118.094
2355.46	121.446
2357.39	123.594
2359.32	124.615
2361.25	124.246
2363.18	122.996
2365.11	121.446
2367.03	119.441
2368.96	116.898
2370.89	114.008
2372.82	111.022
2374.75	108.175
2376.68	105.681
2378.61	103.673
2380.54	102.057
2382.47	100.656
2384.4	99.4926
2386.33	98.7276
2388.26	98.3869
2390.18	98.2843
2392.11	98.1796
2394.04	97.9762
2395.97	97.7879
2397.9	97.756
2399.83	97.8203
2401.76	97.8445
2403.69	97.8761
2405.62	97.9888
2407.55	98.0415
2409.48	97.9328
2411.4	97.8318
2413.33	97.8701
2415.26	97.952
2417.19	98.0251
2419.12	98.1566
2421.05	98.3111
2422.98	98.3856
2424.91	98.3809
2426.84	98.3279
2428.77	98.2109
2430.7	98.0733
2432.62	98.0326
2434.55	98.135
2436.48	98.2774
2438.41	98.3294
2440.34	98.3121
2442.27	98.3496
2444.2	98.4402
2446.13	98.457
2448.06	98.3808
2449.99	98.3454
2451.92	98.4407
2453.85	98.6046
2455.77	98.7019
2457.7	98.6496
2459.63	98.4903
2461.56	98.3758
2463.49	98.4248
2465.42	98.5579
2467.35	98.5835
2469.28	98.4881
2471.21	98.4515
2473.14	98.5327
2475.07	98.5884
2476.99	98.5408
2478.92	98.4792
2480.85	98.4719
2482.78	98.4932
2484.71	98.5329
2486.64	98.6106
2488.57	98.6871
2490.5	98.6795
2492.43	98.5804
2494.36	98.5033
2496.29	98.5451
2498.22	98.6223
2500.14	98.6138
2502.07	98.6203
2504	98.767
2505.93	98.8785
2507.86	98.7653
2509.79	98.5682
2511.72	98.4522
2513.65	98.3933
2515.58	98.4267
2517.51	98.5778
2519.44	98.642
2521.36	98.5175
2523.29	98.4394
2525.22	98.5467
2527.15	98.6399
2529.08	98.5656
2531.01	98.455
2532.94	98.4429
2534.87	98.4628
2536.8	98.4589
2538.73	98.5107
2540.66	98.5942
2542.58	98.5594
2544.51	98.4414
2546.44	98.3937
2548.37	98.3837
2550.3	98.3187
2552.23	98.2277
2554.16	98.1159
2556.09	97.9975
2558.02	98.0169
2559.95	98.1825
2561.88	98.2705
2563.81	98.2249
2565.73	98.2202
2567.66	98.2635
2569.59	98.213
2571.52	98.1062
2573.45	98.0619
2575.38	98.0481
2577.31	98.029
2579.24	98.0682
2581.17	98.1418
2583.1	98.1524
2585.03	98.1254
2586.95	98.1145
2588.88	98.0728
2590.81	98.0124
2592.74	98.0117
2594.67	98.0161
2596.6	97.9684
2598.53	97.9961
2600.46	98.1233
2602.39	98.1031
2604.32	97.8569
2606.25	97.6785
2608.18	97.7449
2610.1	97.8483
2612.03	97.7917
2613.96	97.6668
2615.89	97.6049
2617.82	97.5854
2619.75	97.5725
2621.68	97.5755
2623.61	97.5554
2625.54	97.4836
2627.47	97.4282
2629.4	97.433
2631.32	97.4308
2633.25	97.3658
2635.18	97.2671
2637.11	97.1861
2639.04	97.1551
2640.97	97.1751
2642.9	97.2238
2644.83	97.2849
2646.76	97.323
2648.69	97.286
2650.62	97.1926
2652.54	97.1065
2654.47	97.0378
2656.4	96.9977
2658.33	97.0187
2660.26	97.0374
2662.19	96.9694
2664.12	96.8803
2666.05	96.8655
2667.98	96.8982
2669.91	96.9402
2671.84	96.9857
2673.77	96.967
2675.69	96.8482
2677.62	96.7329
2679.55	96.6987
2681.48	96.6882
2683.41	96.6621
2685.34	96.6734
2687.27	96.7469
2689.2	96.8318
2691.13	96.8719
2693.06	96.8449
2694.99	96.7777
2696.91	96.7406
2698.84	96.755
2700.77	96.7488
2702.7	96.6775
2704.63	96.6018
2706.56	96.5858
2708.49	96.6229
2710.42	96.6722
2712.35	96.6824
2714.28	96.6282
2716.21	96.5599
2718.14	96.5292
2720.06	96.5171
2721.99	96.5164
2723.92	96.5441
2725.85	96.5398
2727.78	96.454
2729.71	96.374
2731.64	96.3544
2733.57	96.3174
2735.5	96.2718
2737.43	96.3096
2739.36	96.3496
2741.28	96.2679
2743.21	96.1808
2745.14	96.2265
2747.07	96.2955
2749	96.2523
2750.93	96.1587
2752.86	96.1309
2754.79	96.1831
2756.72	96.252
2758.65	96.2757
2760.58	96.2445
2762.51	96.1762
2764.43	96.0992
2766.36	96.0813
2768.29	96.144
2770.22	96.1884
2772.15	96.1557
2774.08	96.1125
2776.01	96.0802
2777.94	96.0154
2779.87	95.945
2781.8	95.8974
2783.73	95.8339
2785.65	95.7711
2787.58	95.7628
2789.51	95.7762
2791.44	95.7697
2793.37	95.7559
2795.3	95.7093
2797.23	95.6171
2799.16	95.573
2801.09	95.627
2803.02	95.6897
2804.95	95.6847
2806.87	95.61
2808.8	95.4747
2810.73	95.3458
2812.66	95.3122
2814.59	95.3159
2816.52	95.2381
2818.45	95.1232
2820.38	95.0541
2822.31	94.9532
2824.24	94.7656
2826.17	94.5924
2828.1	94.4497
2830.02	94.2156
2831.95	93.9127
2833.88	93.6822
2835.81	93.5073
2837.74	93.3022
2839.67	93.1179
2841.6	93
2843.53	92.8881
2845.46	92.7507
2847.39	92.5481
2849.32	92.1772
2851.24	91.6886
2853.17	91.259
2855.1	90.8574
2857.03	90.3351
2858.96	89.731
2860.89	89.1501
2862.82	88.6051
2864.75	88.1613
2866.68	87.883
2868.61	87.6388
2870.54	87.3195
2872.47	87.0848
2874.39	87.1015
2876.32	87.2931
2878.25	87.5477
2880.18	87.8862
2882.11	88.29
2884.04	88.612
2885.97	88.7607
2887.9	88.8049
2889.83	88.8406
2891.76	88.8704
2893.69	88.8517
2895.61	88.7961
2897.54	88.7785
2899.47	88.8403
2901.4	88.8903
2903.33	88.7827
2905.26	88.5397
2907.19	88.3464
2909.12	88.2595
2911.05	88.1403
2912.98	87.9461
2914.91	87.7924
2916.83	87.6681
2918.76	87.4086
2920.69	86.9756
2922.62	86.4752
2924.55	85.9614
2926.48	85.4603
2928.41	85.0696
2930.34	84.844
2932.27	84.7175
2934.2	84.6917
2936.13	84.9357
2938.06	85.4788
2939.98	85.9813
2941.91	86.1238
2943.84	86.0354
2945.77	85.9725
2947.7	85.837
2949.63	85.3896
2951.56	84.6765
2953.49	83.9241
2955.42	83.2728
2957.35	82.8413
2959.28	82.7966
2961.2	83.1758
2963.13	83.8255
2965.06	84.6262
2966.99	85.5971
2968.92	86.6825
2970.85	87.6672
2972.78	88.4643
2974.71	89.2133
2976.64	89.9454
2978.57	90.5044
2980.5	90.8968
2982.43	91.3139
2984.35	91.7705
2986.28	92.098
2988.21	92.2883
2990.14	92.5176
2992.07	92.8077
2994	92.9624
2995.93	92.9446
2997.86	93.0224
2999.79	93.357
3001.72	93.7954
3003.65	94.1755
3005.57	94.4484
3007.5	94.5593
3009.43	94.5698
3011.36	94.6445
3013.29	94.7463
3015.22	94.7693
3017.15	94.8764
3019.08	95.2055
3021.01	95.5332
3022.94	95.6299
3024.87	95.5839
3026.79	95.5892
3028.72	95.7043
3030.65	95.8254
3032.58	95.8295
3034.51	95.8073
3036.44	95.9467
3038.37	96.1555
3040.3	96.2248
3042.23	96.2832
3044.16	96.4881
3046.09	96.5548
3048.02	96.2869
3049.94	96.0883
3051.87	96.2462
3053.8	96.4199
3055.73	96.3767
3057.66	96.3644
3059.59	96.471
3061.52	96.4983
3063.45	96.4412
3065.38	96.4274
3067.31	96.4638
3069.24	96.5134
3071.16	96.5231
3073.09	96.4853
3075.02	96.5278
3076.95	96.6311
3078.88	96.5946
3080.81	96.4982
3082.74	96.5691
3084.67	96.7024
3086.6	96.7573
3088.53	96.8388
3090.46	96.919
3092.39	96.8458
3094.31	96.7093
3096.24	96.6514
3098.17	96.5994
3100.1	96.4672
3102.03	96.3377
3103.96	96.3769
3105.89	96.5704
3107.82	96.6301
3109.75	96.4649
3111.68	96.3902
3113.61	96.4659
3115.53	96.3636
3117.46	96.1584
3119.39	96.2618
3121.32	96.61
3123.25	96.7978
3125.18	96.6897
3127.11	96.4101
3129.04	96.1632
3130.97	96.1379
3132.9	96.2669
3134.83	96.3159
3136.75	96.2962
3138.68	96.3885
3140.61	96.5794
3142.54	96.7167
3144.47	96.7333
3146.4	96.6496
3148.33	96.5253
3150.26	96.4474
3152.19	96.4398
3154.12	96.456
3156.05	96.5053
3157.98	96.5946
3159.9	96.5791
3161.83	96.3752
3163.76	96.1934
3165.69	96.2376
3167.62	96.4048
3169.55	96.5096
3171.48	96.5262
3173.41	96.5123
3175.34	96.4938
3177.27	96.4341
3179.2	96.3054
3181.12	96.1846
3183.05	96.1293
3184.98	96.0737
3186.91	96.0187
3188.84	96.0589
3190.77	96.137
3192.7	96.1001
3194.63	95.9513
3196.56	95.8304
3198.49	95.8839
3200.42	96.1432
3202.35	96.3958
3204.27	96.3857
3206.2	96.1699
3208.13	96.0134
3210.06	96.015
3211.99	96.0277
3213.92	95.8548
3215.85	95.5315
3217.78	95.3968
3219.71	95.6556
3221.64	96.009
3223.57	96.0588
3225.49	95.8186
3227.42	95.541
3229.35	95.4435
3231.28	95.6115
3233.21	95.7916
3235.14	95.6615
3237.07	95.4609
3239	95.579
3240.93	95.7314
3242.86	95.5672
3244.79	95.4045
3246.72	95.4473
3248.64	95.3881
3250.57	95.2525
3252.5	95.3491
3254.43	95.4958
3256.36	95.4024
3258.29	95.2639
3260.22	95.2754
3262.15	95.3154
3264.08	95.2871
3266.01	95.1923
3267.94	95.0421
3269.86	94.9215
3271.79	94.8858
3273.72	94.9038
3275.65	95.0077
3277.58	95.1771
3279.51	95.1902
3281.44	94.9619
3283.37	94.7517
3285.3	94.7558
3287.23	94.8438
3289.16	94.8568
3291.08	94.821
3293.01	94.7846
3294.94	94.7227
3296.87	94.6241
3298.8	94.5122
3300.73	94.4349
3302.66	94.4615
3304.59	94.5719
3306.52	94.6223
3308.45	94.5353
3310.38	94.3965
3312.31	94.3047
3314.23	94.2663
3316.16	94.2291
3318.09	94.1664
3320.02	94.1609
3321.95	94.2848
3323.88	94.4
3325.81	94.3423
3327.74	94.2017
3329.67	94.1325
3331.6	94.1264
3333.53	94.1501
3335.45	94.1712
3337.38	94.08
3339.31	93.8976
3341.24	93.8087
3343.17	93.8325
3345.1	93.8461
3347.03	93.8722
3348.96	93.9534
3350.89	93.9977
3352.82	93.9892
3354.75	94.0003
3356.68	94.0058
3358.6	93.9587
3360.53	93.9183
3362.46	93.9635
3364.39	94.0597
3366.32	94.0623
3368.25	93.9242
3370.18	93.8163
3372.11	93.8618
3374.04	93.9424
3375.97	93.9356
3377.9	93.9059
3379.82	93.9628
3381.75	94.0981
3383.68	94.1741
3385.61	94.0583
3387.54	93.8132
3389.47	93.6571
3391.4	93.7339
3393.33	93.9708
3395.26	94.1398
3397.19	94.1215
3399.12	94.051
3401.04	94.0591
3402.97	94.0444
3404.9	93.9052
3406.83	93.7825
3408.76	93.8565
3410.69	94.0598
3412.62	94.1553
3414.55	94.0368
3416.48	93.8603
3418.41	93.8419
3420.34	94.0057
3422.27	94.2356
3424.19	94.4471
3426.12	94.5132
3428.05	94.2882
3429.98	93.9404
3431.91	93.8481
3433.84	93.9996
3435.77	94.0552
3437.7	94.0095
3439.63	94.116
3441.56	94.3247
3443.49	94.4408
3445.41	94.539
3447.34	94.7141
3449.27	94.7887
3451.2	94.6247
3453.13	94.3768
3455.06	94.2385
3456.99	94.1978
3458.92	94.1908
3460.85	94.3025
3462.78	94.555
3464.71	94.7392
3466.64	94.7359
3468.56	94.6534
3470.49	94.5429
3472.42	94.3911
3474.35	94.3008
3476.28	94.3614
3478.21	94.5475
3480.14	94.7955
3482.07	94.9382
3484	94.8561
3485.93	94.7727
3487.86	94.8984
3489.78	95.0196
3491.71	94.9016
3493.64	94.732
3495.57	94.7688
3497.5	94.9273
3499.43	94.9625
3501.36	94.863
3503.29	94.8678
3505.22	95.0856
3507.15	95.2546
3509.08	95.1268
3511	94.8685
3512.93	94.7958
3514.86	94.8595
3516.79	94.8348
3518.72	94.7841
3520.65	94.9123
3522.58	95.1546
3524.51	95.2785
3526.44	95.2263
3528.37	95.0594
3530.3	94.8188
3532.23	94.6378
3534.15	94.6299
3536.08	94.6568
3538.01	94.5873
3539.94	94.6557
3541.87	95.0094
3543.8	95.2311
3545.73	94.9838
3547.66	94.7905
3549.59	95.0663
3551.52	95.3071
3553.45	95.153
3555.37	95.0245
3557.3	95.1274
3559.23	95.1548
3561.16	95.1255
3563.09	95.3337
3565.02	95.6609
3566.95	95.8028
3568.88	95.8105
3570.81	95.8279
3572.74	95.8364
3574.67	95.9183
3576.6	96.1208
3578.52	96.2873
3580.45	96.3337
3582.38	96.3302
3584.31	96.2845
3586.24	96.1843
3588.17	96.2086
3590.1	96.5209
3592.03	96.957
3593.96	97.2438
3595.89	97.2314
3597.82	97.1426
3599.74	97.209
3601.67	97.2952
3603.6	97.3018
3605.53	97.3956
3607.46	97.5593
3609.39	97.483
3611.32	97.1945
3613.25	97.1484
3615.18	97.534
3617.11	98.0293
3619.04	98.1545
3620.97	97.8451
3622.89	97.6243
3624.82	97.721
3626.75	97.8618
3628.68	97.7947
3630.61	97.7149
3632.54	97.7162
3634.47	97.5243
3636.4	97.167
3638.33	97.022
3640.26	97.2529
3642.19	97.6401
3644.11	97.9235
3646.04	98.0998
3647.97	98.2797
3649.9	98.2526
3651.83	97.8992
3653.76	97.6566
3655.69	97.7328
3657.62	97.8804
3659.55	97.7427
3661.48	97.4364
3663.41	97.295
3665.33	97.4201
3667.26	97.6008
3669.19	97.6587
3671.12	97.8188
3673.05	98.3339
3674.98	98.7563
3676.91	98.44
3678.84	97.9025
3680.77	97.712
3682.7	97.615
3684.63	97.5282
3686.56	97.7525
3688.48	98.3807
3690.41	98.9344
3692.34	99.0226
3694.27	98.821
3696.2	98.5385
3698.13	98.398
3700.06	98.453
3701.99	98.5198
3703.92	98.5687
3705.85	98.6982
3707.78	98.8031
3709.7	98.7346
3711.63	98.4905
3713.56	98.2041
3715.49	98.0574
3717.42	98.1753
3719.35	98.4741
3721.28	98.6803
3723.21	98.8061
3725.14	99.1237
3727.07	99.4485
3729	99.4009
3730.93	99.1832
3732.85	99.2378
3734.78	99.4574
3736.71	99.3142
3738.64	99.01
3740.57	98.876
3742.5	98.7896
3744.43	98.6633
3746.36	98.6451
3748.29	98.7133
3750.22	98.6414
3752.15	98.2741
3754.07	97.8795
3756	97.7333
3757.93	97.8127
3759.86	97.9372
3761.79	97.9545
3763.72	97.8737
3765.65	97.7601
3767.58	97.7932
3769.51	98.0071
3771.44	98.0473
3773.37	97.8356
3775.29	97.7236
3777.22	97.7401
3779.15	97.6137
3781.08	97.4278
3783.01	97.4295
3784.94	97.4749
3786.87	97.4075
3788.8	97.3524
3790.73	97.4157
3792.66	97.5806
3794.59	97.8358
3796.52	98.1052
3798.44	98.2358
3800.37	98.1301
3802.3	97.8726
3804.23	97.7681
3806.16	97.8637
3808.09	97.8603
3810.02	97.6883
3811.95	97.6746
3813.88	97.9439
3815.81	98.2541
3817.74	98.3458
3819.66	98.3154
3821.59	98.1916
3823.52	97.9657
3825.45	97.8248
3827.38	97.8256
3829.31	97.8917
3831.24	97.9817
3833.17	98.0662
3835.1	98.0867
3837.03	98.039
3838.96	97.9636
3840.89	97.8733
3842.81	97.7795
3844.74	97.7153
3846.67	97.7303
3848.6	97.8439
3850.53	97.9974
3852.46	98.058
3854.39	97.9377
3856.32	97.8067
3858.25	97.7582
3860.18	97.7569
3862.11	97.747
3864.03	97.6651
3865.96	97.586
3867.89	97.6352
3869.82	97.7515
3871.75	97.7736
3873.68	97.718
3875.61	97.708
3877.54	97.7581
3879.47	97.8074
3881.4	97.7821
3883.33	97.6622
3885.25	97.5426
3887.18	97.5498
3889.11	97.6419
3891.04	97.6596
3892.97	97.5473
3894.9	97.4181
3896.83	97.3988
3898.76	97.5971
3900.69	97.9637
3902.62	98.0687
3904.55	97.7252
3906.48	97.3736
3908.4	97.262
3910.33	97.2076
3912.26	97.1591
3914.19	97.2506
3916.12	97.4416
3918.05	97.5694
3919.98	97.6391
3921.91	97.6786
3923.84	97.6042
3925.77	97.4895
3927.7	97.5191
3929.62	97.6093
3931.55	97.5425
3933.48	97.3495
3935.41	97.23
3937.34	97.2324
3939.27	97.3105
3941.2	97.4133
3943.13	97.4767
3945.06	97.5
3946.99	97.5189
3948.92	97.4873
3950.85	97.3715
3952.77	97.264
3954.7	97.2537
3956.63	97.3253
3958.56	97.392
3960.49	97.3739
3962.42	97.2891
3964.35	97.2259
3966.28	97.22
3968.21	97.2583
3970.14	97.3167
3972.07	97.3351
3973.99	97.3055
3975.92	97.3175
3977.85	97.3658
3979.78	97.3142
3981.71	97.1415
3983.64	96.9795
3985.57	96.9199
3987.5	96.9793
3989.43	97.1309
3991.36	97.2436
3993.29	97.199
3995.22	97.093
3997.14	97.0775
