499.643	79.1484
501.572	79.8086
503.501	79.3199
505.43	78.8347
507.36	78.9586
509.289	79.2485
511.218	79.4197
513.147	79.4315
515.076	79.4903
517.005	79.9569
518.934	80.5823
520.863	80.8596
522.792	81.0141
524.722	81.3191
526.651	81.5861
528.58	81.8264
530.509	82.2141
532.438	82.5972
534.367	82.8515
536.296	83.091
538.225	83.3445
540.155	83.6192
542.084	84.014
544.013	84.4405
545.942	84.6798
547.871	84.7444
549.8	84.7922
551.729	84.8427
553.658	84.9171
555.588	85.2265
557.517	85.8212
559.446	86.316
561.375	86.4641
563.304	86.551
565.233	86.6752
567.162	86.4781
569.091	86.0704
571.021	86.0645
572.95	86.4349
574.879	86.6341
576.808	86.6388
578.737	86.8071
580.666	87.0841
582.595	87.198
584.524	87.0943
586.454	86.8286
588.383	86.5111
590.312	86.3194
592.241	86.2778
594.17	86.2485
596.099	86.2016
598.028	86.2064
599.957	86.2658
601.887	86.2833
603.816	86.1872
605.745	86.1671
607.674	86.5182
609.603	87.0734
611.532	87.3901
613.461	87.5377
615.39	87.8141
617.32	88.036
619.249	88.0087
621.178	88.0189
623.107	88.2001
625.036	88.2795
626.965	88.1345
628.894	87.982
630.823	87.9985
632.753	88.0934
634.682	88.0527
636.611	87.8432
638.54	87.6141
640.469	87.3707
642.398	87.0066
644.327	86.6535
646.256	86.5065
648.186	86.4153
650.115	86.1555
652.044	85.8902
653.973	85.8704
655.902	86.0346
657.831	86.2556
659.76	86.5675
661.689	86.9071
663.619	87.2941
665.548	88.2475
667.477	90.166
669.406	91.2687
671.335	90.7735
673.264	90.5788
675.193	90.9696
677.122	91.2851
679.052	91.4836
680.981	91.8852
682.91	92.1401
684.839	91.9814
686.768	91.7541
688.697	91.6048
690.626	91.4135
692.555	91.2549
694.485	91.1728
696.414	91.0395
698.343	90.8878
700.272	90.8206
702.201	90.7512
704.13	90.6315
706.059	90.5447
707.988	90.4609
709.917	90.3215
711.847	90.2047
713.776	90.1662
715.705	90.2114
717.634	90.3704
719.563	90.5244
721.492	90.4674
723.421	90.2589
725.35	90.0568
727.28	89.8166
729.209	89.488
731.138	89.1195
733.067	88.6752
734.996	88.1341
736.925	87.6542
738.854	87.34
740.783	87.0433
742.713	86.5754
744.642	85.9954
746.571	85.5989
748.5	85.6367
750.429	86.085
752.358	86.7142
754.287	87.3164
756.216	87.8017
758.146	88.1527
760.075	88.3633
762.004	88.3986
763.933	88.2389
765.862	87.9537
767.791	87.6134
769.72	87.1447
771.649	86.3758
773.579	85.1489
775.508	83.2994
777.437	80.6279
779.366	77.0352
781.295	72.7671
783.224	68.5534
785.153	65.4053
787.082	64.1532
789.012	65.1429
790.941	68.2205
792.87	72.7004
794.799	77.4174
796.728	81.2223
798.657	83.5851
800.586	84.679
802.515	84.929
804.445	84.5808
806.374	83.6809
808.303	82.2793
810.232	80.5806
812.161	79.0135
814.09	78.1232
816.019	78.2331
817.948	79.1956
819.878	80.5532
821.807	81.9162
823.736	83.0886
825.665	83.9369
827.594	84.3878
829.523	84.528
831.452	84.4793
833.381	84.2265
835.311	83.7142
837.24	82.9495
839.169	81.9034
841.098	80.5462
843.027	79.0352
844.956	77.6508
846.885	76.5654
848.814	75.7846
850.744	75.1775
852.673	74.548
854.602	73.8158
856.531	73.0622
858.46	72.3675
860.389	71.781
862.318	71.4186
864.247	71.3953
866.177	71.7063
868.106	72.2584
870.035	72.9195
871.964	73.5311
873.893	73.982
875.822	74.2519
877.751	74.364
879.68	74.3778
881.609	74.4018
883.539	74.5361
885.468	74.8228
887.397	75.2259
889.326	75.6246
891.255	75.8977
893.184	76.0312
895.113	76.0881
897.042	76.1269
898.972	76.2083
900.901	76.4223
902.83	76.8687
904.759	77.6272
906.688	78.7073
908.617	79.9883
910.546	81.2339
912.475	82.1928
914.405	82.7
916.334	82.7109
918.263	82.2829
920.192	81.538
922.121	80.5834
924.05	79.4409
925.979	78.1087
927.908	76.6428
929.838	75.0707
931.767	73.3457
933.696	71.5065
935.625	69.7347
937.554	68.2024
939.483	67.0152
941.412	66.2427
943.341	65.845
945.271	65.6798
947.2	65.6758
949.129	65.8877
951.058	66.3951
952.987	67.2351
954.916	68.3377
956.845	69.5035
958.774	70.567
960.704	71.5279
962.633	72.452
964.562	73.3854
966.491	74.3757
968.42	75.4065
970.349	76.3625
972.278	77.152
974.207	77.7451
976.137	78.0943
978.066	78.1701
979.995	78.0063
981.924	77.624
983.853	77.028
985.782	76.2835
987.711	75.5091
989.64	74.8559
991.57	74.4647
993.499	74.2944
995.428	74.0704
997.357	73.5274
999.286	72.596
1001.22	71.3439
1003.14	69.9133
1005.07	68.4919
1007	67.2264
1008.93	66.2075
1010.86	65.4855
1012.79	64.935
1014.72	64.2102
1016.65	63.0209
1018.58	61.3703
1020.51	59.4472
1022.44	57.4483
1024.36	55.6051
1026.29	54.2508
1028.22	53.6745
1030.15	53.8521
1032.08	54.435
1034.01	55.0811
1035.94	55.7058
1037.87	56.3788
1039.8	57.1416
1041.73	58.0254
1043.66	59.1191
1045.58	60.5051
1047.51	62.1691
1049.44	63.9917
1051.37	65.7668
1053.3	67.2546
1055.23	68.3364
1057.16	69.1103
1059.09	69.7501
1061.02	70.2869
1062.95	70.5612
1064.88	70.3799
1066.81	69.7668
1068.73	69.0761
1070.66	68.7735
1072.59	69.081
1074.52	69.8737
1076.45	70.8674
1078.38	71.8524
1080.31	72.7614
1082.24	73.5515
1084.17	74.1121
1086.1	74.3432
1088.03	74.241
1089.95	73.8556
1091.88	73.2322
1093.81	72.418
1095.74	71.4849
1097.67	70.5256
1099.6	69.6058
1101.53	68.711
1103.46	67.7691
1105.39	66.7279
1107.32	65.5932
1109.25	64.4041
1111.18	63.208
1113.1	62.0801
1115.03	61.1058
1116.96	60.2698
1118.89	59.4235
1120.82	58.4365
1122.75	57.3034
1124.68	56.073
1126.61	54.783
1128.54	53.4679
1130.47	52.1471
1132.4	50.8344
1134.32	49.5728
1136.25	48.3948
1138.18	47.2791
1140.11	46.2166
1142.04	45.2678
1143.97	44.504
1145.9	43.9467
1147.83	43.5768
1149.76	43.3482
1151.69	43.209
1153.62	43.153
1155.55	43.219
1157.47	43.431
1159.4	43.8012
1161.33	44.3736
1163.26	45.1978
1165.19	46.2802
1167.12	47.6003
1169.05	49.138
1170.98	50.8584
1172.91	52.6983
1174.84	54.5932
1176.77	56.5077
1178.69	58.4194
1180.62	60.2847
1182.55	62.0476
1184.48	63.6661
1186.41	65.1141
1188.34	66.3856
1190.27	67.5135
1192.2	68.5573
1194.13	69.5575
1196.06	70.5082
1197.99	71.3732
1199.91	72.1097
1201.84	72.664
1203.77	72.9746
1205.7	73.0072
1207.63	72.7508
1209.56	72.1691
1211.49	71.2218
1213.42	69.923
1215.35	68.2933
1217.28	66.3143
1219.21	64.0305
1221.14	61.5739
1223.06	59.0177
1224.99	56.3573
1226.92	53.6331
1228.85	50.9352
1230.78	48.3432
1232.71	45.9628
1234.64	43.952
1236.57	42.4343
1238.5	41.3942
1240.43	40.6747
1242.36	40.0886
1244.28	39.5229
1246.21	38.93
1248.14	38.2846
1250.07	37.6157
1252	37.0194
1253.93	36.603
1255.86	36.4731
1257.79	36.7377
1259.72	37.4357
1261.65	38.524
1263.58	39.9522
1265.51	41.6563
1267.43	43.5429
1269.36	45.5468
1271.29	47.6017
1273.22	49.6056
1275.15	51.519
1277.08	53.3671
1279.01	55.1415
1280.94	56.8347
1282.87	58.475
1284.8	60.061
1286.73	61.5704
1288.65	62.9896
1290.58	64.2697
1292.51	65.3535
1294.44	66.2569
1296.37	67.0801
1298.3	68.003
1300.23	69.2421
1302.16	70.9107
1304.09	72.939
1306.02	75.1235
1307.95	77.2039
1309.87	78.9497
1311.8	80.191
1313.73	80.7799
1315.66	80.6656
1317.59	80.0043
1319.52	79.1714
1321.45	78.6649
1323.38	78.8309
1325.31	79.7085
1327.24	81.0665
1329.17	82.5123
1331.1	83.6911
1333.02	84.421
1334.95	84.7863
1336.88	85.0211
1338.81	85.2497
1340.74	85.4865
1342.67	85.8011
1344.6	86.2735
1346.53	86.8514
1348.46	87.3208
1350.39	87.462
1352.32	87.2221
1354.24	86.6355
1356.17	85.8673
1358.1	85.2921
1360.03	85.0555
1361.96	84.7949
1363.89	84.1584
1365.82	83.2617
1367.75	82.1668
1369.68	80.8923
1371.61	79.7075
1373.54	78.7523
1375.47	77.9906
1377.39	77.5021
1379.32	77.3073
1381.25	77.3358
1383.18	77.5986
1385.11	78.2053
1387.04	79.2171
1388.97	80.3017
1390.9	81.0507
1392.83	81.4418
1394.76	81.4744
1396.69	81.0978
1398.61	80.3981
1400.54	79.6696
1402.47	79.2397
1404.4	79.1967
1406.33	79.4854
1408.26	80.0351
1410.19	80.8242
1412.12	81.8174
1414.05	82.8596
1415.98	83.9211
1417.91	85.0577
1419.83	86.0078
1421.76	86.5243
1423.69	86.6726
1425.62	86.5643
1427.55	86.3043
1429.48	85.6867
1431.41	84.5818
1433.34	83.3993
1435.27	82.154
1437.2	80.4839
1439.13	78.8845
1441.06	77.7963
1442.98	76.9963
1444.91	76.4168
1446.84	76.0078
1448.77	75.5545
1450.7	75.202
1452.63	75.3403
1454.56	76.0698
1456.49	77.3572
1458.42	78.6168
1460.35	79.4363
1462.28	80.3597
1464.2	81.6456
1466.13	82.9629
1468.06	84.031
1469.99	85.1762
1471.92	86.4952
1473.85	87.4091
1475.78	87.7869
1477.71	88.1416
1479.64	88.5702
1481.57	89.0303
1483.5	89.5253
1485.43	90.0876
1487.35	90.8198
1489.28	91.6644
1491.21	92.2855
1493.14	92.7991
1495.07	93.5016
1497	94.2229
1498.93	94.5469
1500.86	94.7012
1502.79	95.0569
1504.72	95.6573
1506.65	96.2281
1508.57	96.152
1510.5	95.8647
1512.43	95.818
1514.36	95.9691
1516.29	96.2171
1518.22	96.5012
1520.15	96.7251
1522.08	96.7341
1524.01	96.5919
1525.94	96.4148
1527.87	96.2406
1529.8	96.1893
1531.72	96.301
1533.65	96.4243
1535.58	96.5098
1537.51	96.7961
1539.44	97.3279
1541.37	97.4243
1543.3	96.8963
1545.23	96.4748
1547.16	96.2998
1549.09	96.302
1551.02	96.3628
1552.94	96.4081
1554.87	96.5818
1556.8	97.002
1558.73	97.173
1560.66	96.5892
1562.59	96.1242
1564.52	96.0109
1566.45	96.1038
1568.38	96.17
1570.31	95.9674
1572.24	95.7472
1574.16	95.7901
1576.09	95.8662
1578.02	95.6291
1579.95	95.3695
1581.88	95.3069
1583.81	95.3324
1585.74	95.3506
1587.67	95.3706
1589.6	95.414
1591.53	95.4931
1593.46	95.5771
1595.39	95.5916
1597.31	95.5445
1599.24	95.5103
1601.17	95.4701
1603.1	95.3622
1605.03	95.2547
1606.96	95.2401
1608.89	95.2223
1610.82	95.105
1612.75	95.058
1614.68	95.1368
1616.61	94.9777
1618.53	94.5086
1620.46	94.1968
1622.39	93.9778
1624.32	93.5737
1626.25	93.0403
1628.18	92.385
1630.11	91.6434
1632.04	91.15
1633.97	90.9232
1635.9	90.4706
1637.83	89.9143
1639.76	90.1291
1641.68	91.0985
1643.61	92.3762
1645.54	93.63
1647.47	94.4298
1649.4	94.7171
1651.33	95.0278
1653.26	95.3291
1655.19	94.9709
1657.12	94.5596
1659.05	94.4841
1660.98	94.5382
1662.9	94.3817
1664.83	94.1022
1666.76	94.0509
1668.69	94.1688
1670.62	94.0464
1672.55	93.7342
1674.48	93.433
1676.41	92.9509
1678.34	92.4834
1680.27	92.3393
1682.2	92.2843
1684.12	91.8745
1686.05	91.1537
1687.98	90.3516
1689.91	89.4788
1691.84	88.5863
1693.77	87.5437
1695.7	86.2692
1697.63	84.7438
1699.56	82.4316
1701.49	79.4984
1703.42	76.7787
1705.35	73.7932
1707.27	70.1193
1709.2	66.5333
1711.13	63.4232
1713.06	60.5706
1714.99	58.1461
1716.92	56.0279
1718.85	53.9842
1720.78	52.8816
1722.71	52.8713
1724.64	53.4547
1726.57	54.4606
1728.49	55.7704
1730.42	57.0792
1732.35	58.1148
1734.28	58.436
1736.21	58.0515
1738.14	57.4994
1740.07	56.7942
1742	55.957
1743.93	55.531
1745.86	55.7381
1747.79	56.5466
1749.72	58.1634
1751.64	60.2499
1753.57	62.43
1755.5	65.1558
1757.43	68.5418
1759.36	72.0668
1761.29	75.6094
1763.22	79.0949
1765.15	82.0409
1767.08	84.5536
1769.01	87.0289
1770.94	89.2449
1772.86	90.8452
1774.79	91.9896
1776.72	92.8205
1778.65	93.4611
1780.58	94.0684
1782.51	94.5168
1784.44	94.736
1786.37	94.9613
1788.3	95.3039
1790.23	95.6988
1792.16	96.0176
1794.08	96.0708
1796.01	96.0239
1797.94	96.1133
1799.87	96.2498
1801.8	96.3054
1803.73	96.3426
1805.66	96.3724
1807.59	96.3996
1809.52	96.4818
1811.45	96.5432
1813.38	96.5428
1815.31	96.5963
1817.23	96.6855
1819.16	96.7226
1821.09	96.7831
1823.02	96.9183
1824.95	97.0624
1826.88	97.1885
1828.81	97.2726
1830.74	97.2568
1832.67	97.2108
1834.6	97.2309
1836.53	97.2797
1838.45	97.2954
1840.38	97.3374
1842.31	97.5044
1844.24	97.6973
1846.17	97.672
1848.1	97.5157
1850.03	97.4412
1851.96	97.4602
1853.89	97.5179
1855.82	97.6053
1857.75	97.6851
1859.68	97.6849
1861.6	97.6236
1863.53	97.6563
1865.46	97.8669
1867.39	98.0841
1869.32	98.0947
1871.25	98.0015
1873.18	97.9297
1875.11	97.8539
1877.04	97.8727
1878.97	98.0276
1880.9	98.1218
1882.82	98.1025
1884.75	98.1459
1886.68	98.2694
1888.61	98.3271
1890.54	98.2896
1892.47	98.2523
1894.4	98.2407
1896.33	98.2071
1898.26	98.2
1900.19	98.3261
1902.12	98.4932
1904.05	98.5192
1905.97	98.4822
1907.9	98.5263
1909.83	98.5317
1911.76	98.4403
1913.69	98.4712
1915.62	98.6584
1917.55	98.7326
1919.48	98.6432
1921.41	98.6869
1923.34	98.8931
1925.27	98.9795
1927.19	98.9362
1929.12	98.9854
1931.05	99.0733
1932.98	98.9964
1934.91	98.8126
1936.84	98.7525
1938.77	98.9484
1940.7	99.2972
1942.63	99.4409
1944.56	99.2008
1946.49	98.9504
1948.41	99.0104
1950.34	99.2534
1952.27	99.4679
1954.2	99.6251
1956.13	99.7478
1958.06	99.8391
1959.99	99.8747
1961.92	99.8035
1963.85	99.6945
1965.78	99.687
1967.71	99.7317
1969.64	99.7392
1971.56	99.8475
1973.49	100.054
1975.42	100.062
1977.35	99.921
1979.28	100.016
1981.21	100.233
1983.14	100.216
1985.07	100.134
1987	100.191
1988.93	100.159
1990.86	99.9815
1992.78	99.9548
1994.71	100.107
1996.64	100.211
1998.57	100.192
2000.5	100.127
2002.43	100.129
2004.36	100.214
2006.29	100.266
2008.22	100.251
2010.15	100.231
2012.08	100.215
2014.01	100.239
2015.93	100.31
2017.86	100.357
2019.79	100.477
2021.72	100.76
2023.65	100.891
2025.58	100.648
2027.51	100.328
2029.44	100.167
2031.37	100.084
2033.3	100.099
2035.23	100.247
2037.15	100.352
2039.08	100.37
2041.01	100.433
2042.94	100.48
2044.87	100.409
2046.8	100.328
2048.73	100.275
2050.66	100.148
2052.59	100.019
2054.52	100.036
2056.45	100.122
2058.37	100.096
2060.3	99.9418
2062.23	99.8016
2064.16	99.7941
2066.09	99.8216
2068.02	99.7424
2069.95	99.7097
2071.88	99.8725
2073.81	99.9578
2075.74	99.7457
2077.67	99.5123
2079.6	99.4871
2081.52	99.5124
2083.45	99.4531
2085.38	99.357
2087.31	99.2745
2089.24	99.2593
2091.17	99.3298
2093.1	99.3974
2095.03	99.4281
2096.96	99.4822
2098.89	99.5192
2100.82	99.435
2102.74	99.2725
2104.67	99.2051
2106.6	99.3253
2108.53	99.4875
2110.46	99.4425
2112.39	99.1978
2114.32	99.0436
2116.25	99.1297
2118.18	99.2935
2120.11	99.3748
2122.04	99.3973
2123.97	99.3758
2125.89	99.2711
2127.82	99.1659
2129.75	99.1542
2131.68	99.1622
2133.61	99.2079
2135.54	99.4973
2137.47	99.9414
2139.4	100.157
2141.33	100.107
2143.26	100.03
2145.19	99.951
2147.11	99.9081
2149.04	100.063
2150.97	100.25
2152.9	100.231
2154.83	100.231
2156.76	100.398
2158.69	100.405
2160.62	100.214
2162.55	100.191
2164.48	100.286
2166.41	100.207
2168.33	100.055
2170.26	100
2172.19	99.8962
2174.12	99.6951
2176.05	99.6747
2177.98	99.9616
2179.91	100.276
2181.84	100.361
2183.77	100.32
2185.7	100.317
2187.63	100.262
2189.56	100.054
2191.48	99.7906
2193.41	99.6196
2195.34	99.6114
2197.27	99.7627
2199.2	99.9819
2201.13	100.167
2203.06	100.276
2204.99	100.259
2206.92	100.09
2208.85	99.861
2210.78	99.7422
2212.7	99.8238
2214.63	99.9459
2216.56	99.8472
2218.49	99.655
2220.42	99.8048
2222.35	100.238
2224.28	100.334
2226.21	99.9118
2228.14	99.5629
2230.07	99.6957
2232	99.9521
2233.93	99.8678
2235.85	99.6281
2237.78	99.6743
2239.71	99.8898
2241.64	99.836
2243.57	99.5843
2245.5	99.5641
2247.43	99.7803
2249.36	99.9099
2251.29	99.916
2253.22	99.9027
2255.15	99.7599
2257.07	99.5104
2259	99.4635
2260.93	99.67
2262.86	99.8444
2264.79	99.8946
2266.72	99.9354
2268.65	99.9495
2270.58	99.8938
2272.51	99.8211
2274.44	99.7274
2276.37	99.6246
2278.29	99.6463
2280.22	99.8126
2282.15	99.9364
2284.08	99.8947
2286.01	99.7711
2287.94	99.7314
2289.87	99.8647
2291.8	100.122
2293.73	100.415
2295.66	100.712
2297.59	100.961
2299.52	101.102
2301.44	101.244
2303.37	101.589
2305.3	102.185
2307.23	102.953
2309.16	103.796
2311.09	104.513
2313.02	104.953
2314.95	105.295
2316.88	105.849
2318.81	106.756
2320.74	107.978
2322.66	109.235
2324.59	110.195
2326.52	110.956
2328.45	111.756
2330.38	112.418
2332.31	112.719
2334.24	112.969
2336.17	113.389
2338.1	113.729
2340.03	113.976
2341.96	114.225
2343.89	113.48
2345.81	111.231
2347.74	109.388
2349.67	109.338
2351.6	111.239
2353.53	114.525
2355.46	117.58
2357.39	119.489
2359.32	120.331
2361.25	119.857
2363.18	118.59
2365.11	117.22
2367.03	115.603
2368.96	113.443
2370.89	110.845
2372.82	108.25
2374.75	105.999
2376.68	104.081
2378.61	102.396
2380.54	100.955
2382.47	99.8059
2384.4	98.981
2386.33	98.4795
2388.26	98.2286
2390.18	98.0989
2392.11	97.9821
2394.04	97.8277
2395.97	97.6658
2397.9	97.6049
2399.83	97.6733
2401.76	97.7402
2403.69	97.7455
2405.62	97.7871
2407.55	97.8513
2409.48	97.8177
2411.4	97.7644
2413.33	97.8516
2415.26	97.9974
2417.19	98.0303
2419.12	97.9744
2421.05	97.9462
2422.98	97.9838
2424.91	98.0688
2426.84	98.1482
2428.77	98.1584
2430.7	98.1123
2432.62	98.0991
2434.55	98.1765
2436.48	98.3036
2438.41	98.3746
2440.34	98.3359
2442.27	98.2756
2444.2	98.3094
2446.13	98.3851
2448.06	98.362
2449.99	98.2858
2451.92	98.3312
2453.85	98.4727
2455.77	98.5109
2457.7	98.4059
2459.63	98.3121
2461.56	98.3509
2463.49	98.4967
2465.42	98.6018
2467.35	98.5569
2469.28	98.4487
2471.21	98.3987
2473.14	98.3676
2475.07	98.322
2476.99	98.3533
2478.92	98.4721
2480.85	98.5527
2482.78	98.5372
2484.71	98.5001
2486.64	98.5189
2488.57	98.5709
2490.5	98.5746
2492.43	98.515
2494.36	98.4547
2496.29	98.4329
2498.22	98.4546
2500.14	98.539
2502.07	98.6877
2504	98.8117
2505.93	98.7536
2507.86	98.4971
2509.79	98.2892
2511.72	98.3268
2513.65	98.4481
2515.58	98.4125
2517.51	98.2745
2519.44	98.2171
2521.36	98.2698
2523.29	98.3717
2525.22	98.4757
2527.15	98.5033
2529.08	98.4065
2531.01	98.2787
2532.94	98.2175
2534.87	98.1939
2536.8	98.2248
2538.73	98.3767
2540.66	98.4883
2542.58	98.3488
2544.51	98.1059
2546.44	97.9864
2548.37	97.932
2550.3	97.9059
2552.23	98.0183
2554.16	98.1779
2556.09	98.2049
2558.02	98.1833
2559.95	98.2319
2561.88	98.2513
2563.81	98.1887
2565.73	98.1511
2567.66	98.1332
2569.59	98.0242
2571.52	97.8861
2573.45	97.87
2575.38	97.9477
2577.31	98.0071
2579.24	98.0349
2581.17	98.0329
2583.1	98.0004
2585.03	97.9974
2586.95	98.0161
2588.88	97.9751
2590.81	97.8933
2592.74	97.8118
2594.67	97.7067
2596.6	97.652
2598.53	97.7434
2600.46	97.8645
2602.39	97.8534
2604.32	97.7477
2606.25	97.6714
2608.18	97.6574
2610.1	97.652
2612.03	97.6215
2613.96	97.5984
2615.89	97.5613
2617.82	97.4452
2619.75	97.3449
2621.68	97.3734
2623.61	97.3934
2625.54	97.2988
2627.47	97.2559
2629.4	97.3335
2631.32	97.3652
2633.25	97.3014
2635.18	97.222
2637.11	97.1165
2639.04	97.0101
2640.97	97.0278
2642.9	97.1475
2644.83	97.1901
2646.76	97.1053
2648.69	97.016
2650.62	96.9885
2652.54	96.9544
2654.47	96.8739
2656.4	96.822
2658.33	96.8472
2660.26	96.8706
2662.19	96.8139
2664.12	96.7254
2666.05	96.7
2667.98	96.7424
2669.91	96.783
2671.84	96.7876
2673.77	96.7669
2675.69	96.7018
2677.62	96.5805
2679.55	96.4732
2681.48	96.445
2683.41	96.4755
2685.34	96.5455
2687.27	96.6462
2689.2	96.7008
2691.13	96.6526
2693.06	96.5549
2694.99	96.4793
2696.91	96.4696
2698.84	96.5384
2700.77	96.5875
2702.7	96.5157
2704.63	96.4244
2706.56	96.4593
2708.49	96.5605
2710.42	96.5954
2712.35	96.5498
2714.28	96.4742
2716.21	96.412
2718.14	96.3841
2720.06	96.3743
2721.99	96.3779
2723.92	96.3906
2725.85	96.3385
2727.78	96.1978
2729.71	96.0976
2731.64	96.1089
2733.57	96.1274
2735.5	96.0987
2737.43	96.0931
2739.36	96.1166
2741.28	96.1086
2743.21	96.086
2745.14	96.0979
2747.07	96.1251
2749	96.1229
2750.93	96.0792
2752.86	96.0217
2754.79	96.012
2756.72	96.079
2758.65	96.1549
2760.58	96.1513
2762.51	96.0736
2764.43	95.9977
2766.36	95.9659
2768.29	95.9513
2770.22	95.9187
2772.15	95.883
2774.08	95.8708
2776.01	95.8566
2777.94	95.7887
2779.87	95.6665
2781.8	95.5641
2783.73	95.5596
2785.65	95.6191
2787.58	95.6236
2789.51	95.5699
2791.44	95.5727
2793.37	95.618
2795.3	95.5838
2797.23	95.5089
2799.16	95.522
2801.09	95.5777
2803.02	95.5538
2804.95	95.4645
2806.87	95.3717
2808.8	95.2708
2810.73	95.1668
2812.66	95.0863
2814.59	95.0067
2816.52	94.9085
2818.45	94.8431
2820.38	94.8249
2822.31	94.7375
2824.24	94.5016
2826.17	94.2331
2828.1	94.0517
2830.02	93.8899
2831.95	93.676
2833.88	93.4693
2835.81	93.2781
2837.74	93.0534
2839.67	92.8821
2841.6	92.8536
2843.53	92.8346
2845.46	92.6512
2847.39	92.3174
2849.32	91.9363
2851.24	91.5633
2853.17	91.1784
2855.1	90.6897
2857.03	90.0552
2858.96	89.3831
2860.89	88.7954
2862.82	88.3118
2864.75	87.9282
2866.68	87.6192
2868.61	87.2765
2870.54	86.8659
2872.47	86.5807
2874.39	86.6124
2876.32	86.8831
2878.25	87.2167
2880.18	87.5983
2882.11	88.0288
2884.04	88.3612
2885.97	88.5228
2887.9	88.6253
2889.83	88.6977
2891.76	88.6348
2893.69	88.4614
2895.61	88.3294
2897.54	88.2972
2899.47	88.3248
2901.4	88.3446
2903.33	88.2704
2905.26	88.1143
2907.19	88.0171
2909.12	88.0042
2911.05	87.905
2912.98	87.6353
2914.91	87.327
2916.83	87.0947
2918.76	86.8737
2920.69	86.5514
2922.62	86.1184
2924.55	85.6288
2926.48	85.1224
2928.41	84.6656
2930.34	84.3762
2932.27	84.3146
2934.2	84.4312
2936.13	84.6607
2938.06	84.972
2939.98	85.315
2941.91	85.6042
2943.84	85.7391
2945.77	85.643
2947.7	85.3407
2949.63	84.919
2951.56	84.3786
2953.49	83.6988
2955.42	83.0364
2957.35	82.6287
2959.28	82.5548
2961.2	82.7901
2963.13	83.3723
2965.06	84.3029
2966.99	85.4111
2968.92	86.4916
2970.85	87.4777
2972.78	88.3721
2974.71	89.1264
2976.64	89.6947
2978.57	90.1378
2980.5	90.6003
2982.43	91.1652
2984.35	91.7147
2986.28	92.0099
2988.21	92.0187
2990.14	92.0287
2992.07	92.2567
2994	92.5592
2995.93	92.7435
2997.86	92.9044
2999.79	93.2045
3001.72	93.6044
3003.65	93.9811
3005.57	94.253
3007.5	94.3602
3009.43	94.3343
3011.36	94.3007
3013.29	94.3356
3015.22	94.4849
3017.15	94.8002
3019.08	95.1633
3021.01	95.3581
3022.94	95.4174
3024.87	95.5331
3026.79	95.6961
3028.72	95.7574
3030.65	95.6574
3032.58	95.4657
3034.51	95.3705
3036.44	95.4955
3038.37	95.6857
3040.3	95.7835
3042.23	95.9129
3044.16	96.0937
3046.09	96.076
3048.02	95.8905
3049.94	95.8763
3051.87	96.0456
3053.8	96.1538
3055.73	96.1979
3057.66	96.2458
3059.59	96.1992
3061.52	96.0737
3063.45	96.0301
3065.38	96.1253
3067.31	96.3472
3069.24	96.5992
3071.16	96.6311
3073.09	96.4096
3075.02	96.2717
3076.95	96.3766
3078.88	96.4946
3080.81	96.4558
3082.74	96.354
3084.67	96.359
3086.6	96.5211
3088.53	96.6535
3090.46	96.5471
3092.39	96.3314
3094.31	96.2785
3096.24	96.3774
3098.17	96.4327
3100.1	96.3844
3102.03	96.3198
3103.96	96.3271
3105.89	96.369
3107.82	96.3203
3109.75	96.205
3111.68	96.2095
3113.61	96.359
3115.53	96.4291
3117.46	96.2942
3119.39	96.152
3121.32	96.2427
3123.25	96.4576
3125.18	96.474
3127.11	96.2777
3129.04	96.1723
3130.97	96.2517
3132.9	96.3186
3134.83	96.3046
3136.75	96.3263
3138.68	96.3722
3140.61	96.353
3142.54	96.3241
3144.47	96.3253
3146.4	96.2594
3148.33	96.1571
3150.26	96.1601
3152.19	96.189
3154.12	96.1333
3156.05	96.1678
3157.98	96.3519
3159.9	96.3634
3161.83	96.0885
3163.76	95.8608
3165.69	95.8596
3167.62	95.9175
3169.55	95.9292
3171.48	95.9177
3173.41	95.8643
3175.34	95.7877
3177.27	95.768
3179.2	95.8324
3181.12	95.9818
3183.05	96.1788
3184.98	96.2658
3186.91	96.1526
3188.84	95.9874
3190.77	95.9023
3192.7	95.8422
3194.63	95.7857
3196.56	95.8241
3198.49	95.9528
3200.42	96.0333
3202.35	95.9845
3204.27	95.8843
3206.2	95.8467
3208.13	95.8558
3210.06	95.838
3211.99	95.7908
3213.92	95.6535
3215.85	95.3673
3217.78	95.2093
3219.71	95.4576
3221.64	95.7532
3223.57	95.6204
3225.49	95.3012
3227.42	95.2171
3229.35	95.271
3231.28	95.2738
3233.21	95.2716
3235.14	95.2931
3237.07	95.3641
3239	95.4716
3240.93	95.3841
3242.86	95.0689
3244.79	94.8936
3246.72	94.9489
3248.64	94.9371
3250.57	94.8356
3252.5	94.835
3254.43	94.8729
3256.36	94.8306
3258.29	94.7783
3260.22	94.7708
3262.15	94.7512
3264.08	94.6524
3266.01	94.4825
3267.94	94.3712
3269.86	94.4124
3271.79	94.5073
3273.72	94.5625
3275.65	94.63
3277.58	94.6911
3279.51	94.6234
3281.44	94.4579
3283.37	94.37
3285.3	94.4275
3287.23	94.5289
3289.16	94.5386
3291.08	94.4349
3293.01	94.3618
3294.94	94.4437
3296.87	94.5454
3298.8	94.4315
3300.73	94.1618
3302.66	94.0194
3304.59	94.0636
3306.52	94.1098
3308.45	94.0779
3310.38	94.0408
3312.31	94.0271
3314.23	94.0081
3316.16	93.9726
3318.09	93.9126
3320.02	93.8586
3321.95	93.8938
3323.88	93.9973
3325.81	93.9979
3327.74	93.8347
3329.67	93.6928
3331.6	93.7168
3333.53	93.7818
3335.45	93.7134
3337.38	93.5487
3339.31	93.4209
3341.24	93.3685
3343.17	93.3901
3345.1	93.5025
3347.03	93.6451
3348.96	93.7134
3350.89	93.7112
3352.82	93.6757
3354.75	93.5974
3356.68	93.5664
3358.6	93.6563
3360.53	93.6659
3362.46	93.489
3364.39	93.4381
3366.32	93.6121
3368.25	93.619
3370.18	93.444
3372.11	93.5411
3374.04	93.8416
3375.97	93.8501
3377.9	93.597
3379.82	93.4895
3381.75	93.5977
3383.68	93.6783
3385.61	93.5655
3387.54	93.3839
3389.47	93.4028
3391.4	93.6291
3393.33	93.8064
3395.26	93.8429
3397.19	93.8328
3399.12	93.7814
3401.04	93.694
3402.97	93.6519
3404.9	93.6416
3406.83	93.6171
3408.76	93.6353
3410.69	93.702
3412.62	93.7338
3414.55	93.7309
3416.48	93.7448
3418.41	93.8145
3420.34	94.0239
3422.27	94.3255
3424.19	94.4485
3426.12	94.305
3428.05	94.0797
3429.98	93.8628
3431.91	93.703
3433.84	93.7593
3435.77	93.9534
3437.7	93.9959
3439.63	93.9621
3441.56	94.1373
3443.49	94.41
3445.41	94.5052
3447.34	94.4726
3449.27	94.4598
3451.2	94.4369
3453.13	94.378
3455.06	94.3312
3456.99	94.327
3458.92	94.3881
3460.85	94.5007
3462.78	94.6205
3464.71	94.7565
3466.64	94.85
3468.56	94.7529
3470.49	94.5192
3472.42	94.3302
3474.35	94.1791
3476.28	94.0832
3478.21	94.2101
3480.14	94.4757
3482.07	94.5977
3484	94.5637
3485.93	94.5043
3487.86	94.4535
3489.78	94.514
3491.71	94.672
3493.64	94.71
3495.57	94.7045
3497.5	94.8968
3499.43	95.0649
3501.36	94.968
3503.29	94.9477
3505.22	95.2136
3507.15	95.3294
3509.08	95.0908
3511	94.8692
3512.93	94.852
3514.86	94.8102
3516.79	94.6984
3518.72	94.7493
3520.65	95.0369
3522.58	95.3712
3524.51	95.4831
3526.44	95.2347
3528.37	94.8799
3530.3	94.8458
3532.23	95.0056
3534.15	94.8303
3536.08	94.3714
3538.01	94.2392
3539.94	94.5413
3541.87	94.7923
3543.8	94.7457
3545.73	94.5994
3547.66	94.7059
3549.59	95.1291
3551.52	95.4543
3553.45	95.2835
3555.37	94.9076
3557.3	94.7925
3559.23	94.8813
3561.16	95.0654
3563.09	95.4487
3565.02	95.8603
3566.95	95.8978
3568.88	95.7074
3570.81	95.7066
3572.74	95.7508
3574.67	95.6749
3576.6	95.6779
3578.52	95.908
3580.45	96.1744
3582.38	96.2908
3584.31	96.2911
3586.24	96.2197
3588.17	96.2076
3590.1	96.5463
3592.03	97.0381
3593.96	97.0986
3595.89	96.7472
3597.82	96.8364
3599.74	97.4458
3601.67	97.7274
3603.6	97.5206
3605.53	97.4194
3607.46	97.5133
3609.39	97.47
3611.32	97.3456
3613.25	97.4216
3615.18	97.7067
3617.11	97.9727
3619.04	97.988
3620.97	97.8425
3622.89	97.8532
3624.82	98.0306
3626.75	98.2202
3628.68	98.1916
3630.61	97.7598
3632.54	97.337
3634.47	97.2938
3636.4	97.45
3638.33	97.4924
3640.26	97.5495
3642.19	97.7692
3644.11	97.9227
3646.04	97.9868
3647.97	98.1759
3649.9	98.0745
3651.83	97.5486
3653.76	97.4029
3655.69	97.6566
3657.62	97.6492
3659.55	97.2903
3661.48	97.1208
3663.41	97.2524
3665.33	97.4836
3667.26	97.7461
3669.19	97.9571
3671.12	98.0873
3673.05	98.4519
3674.98	98.8869
3676.91	98.5859
3678.84	97.8741
3680.77	97.5812
3682.7	97.6
3684.63	97.6948
3686.56	98.0222
3688.48	98.7178
3690.41	99.1937
3692.34	98.8878
3694.27	98.2729
3696.2	97.8547
3698.13	97.7531
3700.06	97.8608
3701.99	98.1308
3703.92	98.4578
3705.85	98.5838
3707.78	98.5206
3709.7	98.5098
3711.63	98.5074
3713.56	98.2736
3715.49	98.0636
3717.42	98.1442
3719.35	98.4028
3721.28	98.5856
3723.21	98.7228
3725.14	99.0026
3727.07	99.2396
3729	99.1634
3730.93	99.0272
3732.85	99.2678
3734.78	99.6469
3736.71	99.3795
3738.64	98.8112
3740.57	98.6041
3742.5	98.651
3744.43	98.6611
3746.36	98.697
3748.29	98.8732
3750.22	98.8587
3752.15	98.4154
3754.07	98.076
3756	98.0175
3757.93	97.8877
3759.86	97.6285
3761.79	97.5484
3763.72	97.5861
3765.65	97.4655
3767.58	97.313
3769.51	97.4063
3771.44	97.5634
3773.37	97.5512
3775.29	97.5168
3777.22	97.5512
3779.15	97.505
3781.08	97.3416
3783.01	97.2371
3784.94	97.2446
3786.87	97.2886
3788.8	97.3449
3790.73	97.4741
3792.66	97.7336
3794.59	98.0496
3796.52	98.1917
3798.44	98.0753
3800.37	97.8834
3802.3	97.779
3804.23	97.794
3806.16	97.927
3808.09	98.05
3810.02	97.9917
3811.95	97.8975
3813.88	97.9347
3815.81	98.0014
3817.74	98.0121
3819.66	98.1502
3821.59	98.3213
3823.52	98.195
3825.45	97.9524
3827.38	97.8846
3829.31	97.9486
3831.24	97.9882
3833.17	98.0033
3835.1	98.0792
3837.03	98.1752
3838.96	98.1005
3840.89	97.8543
3842.81	97.6781
3844.74	97.6273
3846.67	97.6226
3848.6	97.6965
3850.53	97.9151
3852.46	98.1229
3854.39	97.906
3856.32	97.5068
3858.25	97.4198
3860.18	97.6114
3862.11	97.843
3864.03	97.9201
3865.96	97.953
3867.89	98.0289
3869.82	97.9578
3871.75	97.7272
3873.68	97.6471
3875.61	97.7705
3877.54	97.8877
3879.47	97.8925
3881.4	97.832
3883.33	97.7598
3885.25	97.6634
3887.18	97.5839
3889.11	97.563
3891.04	97.5051
3892.97	97.3854
3894.9	97.4197
3896.83	97.7099
3898.76	98.1067
3900.69	98.3218
3902.62	98.112
3904.55	97.5936
3906.48	97.2338
3908.4	97.2394
3910.33	97.3314
3912.26	97.2907
3914.19	97.2535
3916.12	97.3683
3918.05	97.531
3919.98	97.6508
3921.91	97.7318
3923.84	97.6688
3925.77	97.4794
3927.7	97.4203
3929.62	97.492
3931.55	97.4348
3933.48	97.2633
3935.41	97.2021
3937.34	97.2261
3939.27	97.2553
3941.2	97.3465
3943.13	97.483
3945.06	97.5664
3946.99	97.5849
3948.92	97.5156
3950.85	97.3391
3952.77	97.183
3954.7	97.1719
3956.63	97.2907
3958.56	97.4151
3960.49	97.3816
3962.42	97.1863
3964.35	97.055
3966.28	97.127
3968.21	97.2916
3970.14	97.3983
3972.07	97.4
3973.99	97.3471
3975.92	97.3199
3977.85	97.2997
3979.78	97.2124
3981.71	97.0837
3983.64	96.971
3985.57	96.8961
3987.5	96.9363
3989.43	97.1157
3991.36	97.2604
3993.29	97.2284
3995.22	97.1128
3997.14	97.0396
