499.643	79.5407
501.572	80.5936
503.501	80.2745
505.43	79.7073
507.36	79.7191
509.289	79.9675
511.218	80.1707
513.147	80.0545
515.076	79.6214
517.005	79.5393
518.934	80.0217
520.863	80.4276
522.792	80.5827
524.722	80.7459
526.651	80.9762
528.58	81.4147
530.509	82.0762
532.438	82.5803
534.367	82.8362
536.296	83.1187
538.225	83.3545
540.155	83.4741
542.084	83.7964
544.013	84.2797
545.942	84.5541
547.871	84.7288
549.8	84.9909
551.729	85.0829
553.658	85.0214
555.588	85.2839
557.517	85.8963
559.446	86.3505
561.375	86.4971
563.304	86.6551
565.233	86.8397
567.162	86.6755
569.091	86.2063
571.021	85.9998
572.95	86.2107
574.879	86.448
576.808	86.5717
578.737	86.7687
580.666	86.9901
582.595	87.0399
584.524	86.8723
586.454	86.5439
588.383	86.2448
590.312	86.1894
592.241	86.2637
594.17	86.2161
596.099	86.1163
598.028	86.1185
599.957	86.1724
601.887	86.2004
603.816	86.2046
605.745	86.2763
607.674	86.5947
609.603	87.1137
611.532	87.5142
613.461	87.7351
615.39	87.9247
617.32	87.9744
619.249	87.8651
621.178	87.9085
623.107	88.1027
625.036	88.1216
626.965	87.9527
628.894	87.8308
630.823	87.8292
632.753	87.9113
634.682	87.9772
636.611	87.8979
638.54	87.7096
640.469	87.4675
642.398	87.0943
644.327	86.7231
646.256	86.5991
648.186	86.5292
650.115	86.2083
652.044	85.8687
653.973	85.8121
655.902	85.8946
657.831	86.0108
659.76	86.3608
661.689	86.8944
663.619	87.3857
665.548	88.2182
667.477	89.9381
669.406	91.0768
671.335	90.6448
673.264	90.3853
675.193	90.8089
677.122	91.2946
679.052	91.4911
680.981	91.6764
682.91	91.8204
684.839	91.7551
686.768	91.641
688.697	91.5609
690.626	91.4117
692.555	91.2387
694.485	91.1353
696.414	91.0377
698.343	90.8938
700.272	90.7566
702.201	90.6408
704.13	90.5099
706.059	90.3698
707.988	90.2728
709.917	90.2487
711.847	90.2385
713.776	90.1725
715.705	90.1398
717.634	90.2673
719.563	90.4374
721.492	90.4093
723.421	90.1943
725.35	89.9645
727.28	89.7521
729.209	89.4875
731.138	89.1273
733.067	88.644
734.996	88.0694
736.925	87.5616
738.854	87.2395
740.783	86.9621
742.713	86.4838
744.642	85.8544
746.571	85.4342
748.5	85.4868
750.429	85.9566
752.358	86.6121
754.287	87.2373
756.216	87.731
758.146	88.1015
760.075	88.3481
762.004	88.3963
763.933	88.209
765.862	87.8803
767.791	87.5212
769.72	87.0813
771.649	86.3521
773.579	85.1333
775.508	83.2903
777.437	80.6495
779.366	77.0655
781.295	72.7618
783.224	68.5093
785.153	65.3517
787.082	64.1273
789.012	65.163
790.941	68.2476
792.87	72.6806
794.799	77.3629
796.728	81.1864
798.657	83.5858
800.586	84.692
802.515	84.9289
804.445	84.5699
806.374	83.6818
808.303	82.3004
810.232	80.6091
812.161	79.0449
814.09	78.164
816.019	78.2729
817.948	79.2077
819.878	80.5259
821.807	81.8679
823.736	83.0441
825.665	83.9045
827.594	84.3641
829.523	84.503
831.452	84.4446
833.381	84.1913
835.311	83.6827
837.24	82.9032
839.169	81.8532
841.098	80.5297
843.027	79.0317
844.956	77.6152
846.885	76.53
848.814	75.7926
850.744	75.1979
852.673	74.5544
854.602	73.8149
856.531	73.0177
858.46	72.2509
860.389	71.6556
862.318	71.3542
864.247	71.3768
866.177	71.6869
868.106	72.2209
870.035	72.8686
871.964	73.4744
873.893	73.9213
875.822	74.1934
877.751	74.3244
879.68	74.3606
881.609	74.398
883.539	74.5554
885.468	74.8688
887.397	75.2635
889.326	75.6311
891.255	75.9008
893.184	76.0533
895.113	76.101
897.042	76.0893
898.972	76.1149
900.901	76.305
902.83	76.7721
904.759	77.5873
906.688	78.7205
908.617	79.9955
910.546	81.1847
912.475	82.1216
914.405	82.6713
916.334	82.7266
918.263	82.3145
920.192	81.5762
922.121	80.6091
924.05	79.436
925.979	78.1005
927.908	76.6656
929.838	75.1212
931.767	73.4085
933.696	71.567
935.625	69.7792
937.554	68.2399
939.483	67.0565
941.412	66.2654
943.341	65.8342
945.271	65.6589
947.2	65.659
949.129	65.8737
951.058	66.4079
952.987	67.2876
954.916	68.3888
956.845	69.5234
958.774	70.58
960.704	71.5426
962.633	72.4386
964.562	73.3422
966.491	74.3266
968.42	75.3495
970.349	76.2957
972.278	77.102
974.207	77.7185
976.137	78.0662
978.066	78.137
979.995	77.9936
981.924	77.6429
983.853	77.0555
985.782	76.2823
987.711	75.4638
989.64	74.778
991.57	74.3647
993.499	74.1882
995.428	74.0018
997.357	73.5207
999.286	72.6094
1001.22	71.3301
1003.14	69.8803
1005.07	68.4594
1007	67.1854
1008.93	66.1544
1010.86	65.4347
1012.79	64.8905
1014.72	64.167
1016.65	62.9849
1018.58	61.3477
1020.51	59.4288
1022.44	57.4216
1024.36	55.5643
1026.29	54.1872
1028.22	53.5867
1030.15	53.7688
1032.08	54.3872
1034.01	55.0564
1035.94	55.674
1037.87	56.3407
1039.8	57.1057
1041.73	57.9767
1043.66	59.0535
1045.58	60.4473
1047.51	62.1331
1049.44	63.9623
1051.37	65.7224
1053.3	67.1876
1055.23	68.2621
1057.16	69.0529
1059.09	69.706
1061.02	70.2225
1062.95	70.4651
1064.88	70.2843
1066.81	69.7007
1068.73	69.0284
1070.66	68.7161
1072.59	69.0032
1074.52	69.7878
1076.45	70.8012
1078.38	71.8227
1080.31	72.743
1082.24	73.5059
1084.17	74.0477
1086.1	74.2928
1088.03	74.1972
1089.95	73.7921
1091.88	73.1585
1093.81	72.3544
1095.74	71.4234
1097.67	70.4515
1099.6	69.519
1101.53	68.6156
1103.46	67.6691
1105.39	66.6236
1107.32	65.4729
1109.25	64.2697
1111.18	63.093
1113.1	61.9976
1115.03	61.0192
1116.96	60.1581
1118.89	59.3168
1120.82	58.3537
1122.75	57.2248
1124.68	55.991
1126.61	54.7114
1128.54	53.4043
1130.47	52.0773
1132.4	50.7578
1134.32	49.4965
1136.25	48.3291
1138.18	47.2397
1140.11	46.2046
1142.04	45.2654
1143.97	44.5101
1145.9	43.9801
1147.83	43.6291
1149.76	43.3853
1151.69	43.2271
1153.62	43.1775
1155.55	43.2551
1157.47	43.4695
1159.4	43.8572
1161.33	44.4704
1163.26	45.3222
1165.19	46.3869
1167.12	47.6662
1169.05	49.1867
1170.98	50.9167
1172.91	52.7628
1174.84	54.6545
1176.77	56.5587
1178.69	58.4323
1180.62	60.2395
1182.55	61.9736
1184.48	63.6054
1186.41	65.0783
1188.34	66.3754
1190.27	67.531
1192.2	68.5841
1194.13	69.5621
1196.06	70.4786
1197.99	71.3197
1199.91	72.0417
1201.84	72.5862
1203.77	72.8996
1205.7	72.9404
1207.63	72.6749
1209.56	72.074
1211.49	71.1161
1213.42	69.7971
1215.35	68.1346
1217.28	66.1547
1219.21	63.8974
1221.14	61.435
1223.06	58.8505
1224.99	56.1993
1226.92	53.5103
1228.85	50.8277
1230.78	48.2408
1232.71	45.8804
1234.64	43.8979
1236.57	42.4022
1238.5	41.3713
1240.43	40.6543
1242.36	40.0793
1244.28	39.53
1246.21	38.9441
1248.14	38.3014
1250.07	37.6354
1252	37.0334
1253.93	36.6077
1255.86	36.4719
1257.79	36.7257
1259.72	37.4154
1261.65	38.5133
1263.58	39.9564
1265.51	41.6683
1267.43	43.5619
1269.36	45.564
1271.29	47.6015
1273.22	49.5904
1275.15	51.4895
1277.08	53.307
1279.01	55.0616
1280.94	56.7761
1282.87	58.4425
1284.8	60.0171
1286.73	61.5042
1288.65	62.9315
1290.58	64.2394
1292.51	65.343
1294.44	66.2592
1296.37	67.1002
1298.3	68.0429
1300.23	69.2899
1302.16	70.9475
1304.09	72.9615
1306.02	75.1563
1307.95	77.2633
1309.87	79.0058
1311.8	80.203
1313.73	80.7622
1315.66	80.6714
1317.59	80.0537
1319.52	79.2383
1321.45	78.7263
1323.38	78.8888
1325.31	79.7633
1327.24	81.0978
1329.17	82.4993
1331.1	83.6464
1333.02	84.3847
1334.95	84.7764
1336.88	85.0152
1338.81	85.2288
1340.74	85.4648
1342.67	85.7915
1344.6	86.2708
1346.53	86.8536
1348.46	87.3243
1350.39	87.4509
1352.32	87.1897
1354.24	86.5982
1356.17	85.8418
1358.1	85.2747
1360.03	85.0333
1361.96	84.7651
1363.89	84.1317
1365.82	83.2434
1367.75	82.1479
1369.68	80.8653
1371.61	79.6803
1373.54	78.7346
1375.47	77.971
1377.39	77.4653
1379.32	77.2674
1381.25	77.3189
1383.18	77.6036
1385.11	78.2111
1387.04	79.2136
1388.97	80.2878
1390.9	81.0252
1392.83	81.4141
1394.76	81.4547
1396.69	81.0682
1398.61	80.3439
1400.54	79.6244
1402.47	79.2366
1404.4	79.2132
1406.33	79.4777
1408.26	80.0093
1410.19	80.8132
1412.12	81.8222
1414.05	82.8614
1415.98	83.917
1417.91	85.0413
1419.83	85.9599
1421.76	86.4602
1423.69	86.6281
1425.62	86.546
1427.55	86.2948
1429.48	85.6886
1431.41	84.6157
1433.34	83.4541
1435.27	82.1878
1437.2	80.4832
1439.13	78.8858
1441.06	77.8067
1442.98	76.9877
1444.91	76.3798
1446.84	75.9656
1448.77	75.5234
1450.7	75.1819
1452.63	75.3355
1454.56	76.0748
1456.49	77.3288
1458.42	78.5398
1460.35	79.3741
1462.28	80.3356
1464.2	81.6385
1466.13	82.9476
1468.06	84.005
1469.99	85.1362
1471.92	86.432
1473.85	87.3361
1475.78	87.7342
1477.71	88.1241
1479.64	88.5799
1481.57	89.0284
1483.5	89.4778
1485.43	90.0091
1487.35	90.7564
1489.28	91.6499
1491.21	92.3023
1493.14	92.8128
1495.07	93.5084
1497	94.2443
1498.93	94.5849
1500.86	94.7261
1502.79	95.0513
1504.72	95.6064
1506.65	96.1141
1508.57	96.022
1510.5	95.7651
1512.43	95.7467
1514.36	95.9403
1516.29	96.2526
1518.22	96.561
1520.15	96.7364
1522.08	96.7052
1524.01	96.5761
1525.94	96.4009
1527.87	96.2117
1529.8	96.1718
1531.72	96.3141
1533.65	96.4448
1535.58	96.5024
1537.51	96.749
1539.44	97.2493
1541.37	97.3578
1543.3	96.8609
1545.23	96.4558
1547.16	96.2959
1549.09	96.3121
1551.02	96.3884
1552.94	96.4635
1554.87	96.6588
1556.8	97.0515
1558.73	97.1663
1560.66	96.5847
1562.59	96.1201
1564.52	95.9687
1566.45	96.0236
1568.38	96.0974
1570.31	95.937
1572.24	95.7384
1574.16	95.7819
1576.09	95.8673
1578.02	95.6363
1579.95	95.3549
1581.88	95.2721
1583.81	95.3077
1585.74	95.3461
1587.67	95.3715
1589.6	95.4186
1591.53	95.5076
1593.46	95.5979
1595.39	95.6122
1597.31	95.5507
1599.24	95.4879
1601.17	95.4363
1603.1	95.3555
1605.03	95.2862
1606.96	95.2875
1608.89	95.2561
1610.82	95.1066
1612.75	95.03
1614.68	95.0894
1616.61	94.9266
1618.53	94.4744
1620.46	94.175
1622.39	93.9407
1624.32	93.513
1626.25	92.9896
1628.18	92.3679
1630.11	91.6463
1632.04	91.1468
1633.97	90.9046
1635.9	90.4701
1637.83	89.9644
1639.76	90.1916
1641.68	91.1353
1643.61	92.3887
1645.54	93.6306
1647.47	94.4105
1649.4	94.6824
1651.33	94.9986
1653.26	95.3116
1655.19	94.9558
1657.12	94.5499
1659.05	94.4736
1660.98	94.5017
1662.9	94.3174
1664.83	94.0568
1666.76	94.0412
1668.69	94.1448
1670.62	93.973
1672.55	93.6777
1674.48	93.4328
1676.41	92.9554
1678.34	92.4581
1680.27	92.3105
1682.2	92.2495
1684.12	91.7936
1686.05	91.0643
1687.98	90.3115
1689.91	89.4853
1691.84	88.611
1693.77	87.5584
1695.7	86.2624
1697.63	84.7405
1699.56	82.4582
1701.49	79.5371
1703.42	76.8243
1705.35	73.8636
1707.27	70.2027
1709.2	66.5992
1711.13	63.4783
1713.06	60.6425
1714.99	58.224
1716.92	56.0488
1718.85	53.9428
1720.78	52.8444
1722.71	52.8541
1724.64	53.4194
1726.57	54.3832
1728.49	55.6809
1730.42	57.0088
1732.35	58.0375
1734.28	58.3066
1736.21	57.9093
1738.14	57.4018
1740.07	56.742
1742	55.9245
1743.93	55.5172
1745.86	55.752
1747.79	56.5759
1749.72	58.1866
1751.64	60.2599
1753.57	62.4273
1755.5	65.1359
1757.43	68.4954
1759.36	72.0023
1761.29	75.5713
1763.22	79.117
1765.15	82.096
1767.08	84.5839
1769.01	86.9938
1770.94	89.169
1772.86	90.825
1774.79	92.0392
1776.72	92.8366
1778.65	93.3762
1780.58	93.9205
1782.51	94.3887
1784.44	94.6811
1786.37	94.983
1788.3	95.351
1790.23	95.7264
1792.16	96.0432
1794.08	96.1063
1796.01	96.0313
1797.94	96.0906
1799.87	96.2242
1801.8	96.2537
1803.73	96.2393
1805.66	96.2666
1807.59	96.3345
1809.52	96.4179
1811.45	96.447
1813.38	96.4658
1815.31	96.569
1817.23	96.676
1819.16	96.7391
1821.09	96.859
1823.02	96.9906
1824.95	97.038
1826.88	97.0873
1828.81	97.1398
1830.74	97.0893
1832.67	97.0464
1834.6	97.1072
1836.53	97.1769
1838.45	97.2335
1840.38	97.3801
1842.31	97.605
1844.24	97.7037
1846.17	97.5745
1848.1	97.4508
1850.03	97.4515
1851.96	97.4962
1853.89	97.5429
1855.82	97.6011
1857.75	97.6296
1859.68	97.5844
1861.6	97.5054
1863.53	97.5398
1865.46	97.8037
1867.39	98.147
1869.32	98.2357
1871.25	98.0789
1873.18	97.9127
1875.11	97.7897
1877.04	97.7938
1878.97	97.9599
1880.9	98.0825
1882.82	98.0874
1884.75	98.1619
1886.68	98.3123
1888.61	98.3412
1890.54	98.24
1892.47	98.1752
1894.4	98.1851
1896.33	98.2079
1898.26	98.2306
1900.19	98.2681
1902.12	98.2879
1904.05	98.2797
1905.97	98.3507
1907.9	98.5603
1909.83	98.7308
1911.76	98.7086
1913.69	98.6683
1915.62	98.743
1917.55	98.7457
1919.48	98.6178
1921.41	98.6342
1923.34	98.7744
1925.27	98.761
1927.19	98.7448
1929.12	98.9753
1931.05	99.166
1932.98	99.0193
1934.91	98.7782
1936.84	98.7397
1938.77	98.9244
1940.7	99.2299
1942.63	99.3924
1944.56	99.2313
1946.49	99.049
1948.41	99.135
1950.34	99.3562
1952.27	99.5028
1954.2	99.5957
1956.13	99.7487
1958.06	99.9567
1959.99	100.053
1961.92	99.9255
1963.85	99.7498
1965.78	99.7579
1967.71	99.9091
1969.64	100.034
1971.56	100.121
1973.49	100.153
1975.42	100.013
1977.35	99.854
1979.28	100.014
1981.21	100.344
1983.14	100.379
1985.07	100.163
1987	100.089
1988.93	100.15
1990.86	100.089
1992.78	99.9713
1994.71	100.024
1996.64	100.198
1998.57	100.29
2000.5	100.306
2002.43	100.401
2004.36	100.483
2006.29	100.337
2008.22	100.105
2010.15	100.074
2012.08	100.208
2014.01	100.357
2015.93	100.499
2017.86	100.609
2019.79	100.686
2021.72	100.758
2023.65	100.722
2025.58	100.532
2027.51	100.378
2029.44	100.361
2031.37	100.386
2033.3	100.422
2035.23	100.472
2037.15	100.444
2039.08	100.357
2041.01	100.352
2042.94	100.394
2044.87	100.313
2046.8	100.153
2048.73	100.087
2050.66	100.116
2052.59	100.161
2054.52	100.215
2056.45	100.246
2058.37	100.188
2060.3	100.083
2062.23	100.033
2064.16	100.015
2066.09	99.9352
2068.02	99.8637
2069.95	99.9444
2071.88	100.029
2073.81	99.812
2075.74	99.4261
2077.67	99.3165
2079.6	99.5049
2081.52	99.6342
2083.45	99.5766
2085.38	99.4661
2087.31	99.4104
2089.24	99.4568
2091.17	99.5535
2093.1	99.578
2095.03	99.5742
2096.96	99.6657
2098.89	99.7243
2100.82	99.5601
2102.74	99.3007
2104.67	99.2094
2106.6	99.3255
2108.53	99.4577
2110.46	99.3839
2112.39	99.1198
2114.32	98.9966
2116.25	99.2103
2118.18	99.4732
2120.11	99.4724
2122.04	99.3088
2123.97	99.1621
2125.89	99.0607
2127.82	99.1153
2129.75	99.3352
2131.68	99.4022
2133.61	99.2536
2135.54	99.3306
2137.47	99.7309
2139.4	99.9866
2141.33	99.9521
2143.26	99.9218
2145.19	99.9608
2147.11	99.9898
2149.04	100.106
2150.97	100.293
2152.9	100.41
2154.83	100.526
2156.76	100.641
2158.69	100.546
2160.62	100.345
2162.55	100.347
2164.48	100.391
2166.41	100.167
2168.33	99.861
2170.26	99.7786
2172.19	99.8342
2174.12	99.8507
2176.05	99.9356
2177.98	100.191
2179.91	100.382
2181.84	100.326
2183.77	100.275
2185.7	100.42
2187.63	100.483
2189.56	100.267
2191.48	100.009
2193.41	99.9394
2195.34	99.9985
2197.27	100.012
2199.2	99.9429
2201.13	99.9731
2203.06	100.152
2204.99	100.177
2206.92	99.9539
2208.85	99.8159
2210.78	99.8505
2212.7	99.813
2214.63	99.6889
2216.56	99.6098
2218.49	99.5924
2220.42	99.7299
2222.35	100.036
2224.28	100.158
2226.21	99.8811
2228.14	99.5847
2230.07	99.6815
2232	100.006
2233.93	100.142
2235.85	100.052
2237.78	99.9883
2239.71	99.9994
2241.64	99.9411
2243.57	99.8307
2245.5	99.7913
2247.43	99.8099
2249.36	99.8205
2251.29	99.8338
2253.22	99.821
2255.15	99.7048
2257.07	99.5621
2259	99.5736
2260.93	99.7319
2262.86	99.8875
2264.79	100.011
2266.72	100.103
2268.65	100.067
2270.58	99.9342
2272.51	99.8547
2274.44	99.803
2276.37	99.7196
2278.29	99.7268
2280.22	99.8282
2282.15	99.8226
2284.08	99.6941
2286.01	99.6117
2287.94	99.6322
2289.87	99.7594
2291.8	100.039
2293.73	100.419
2295.66	100.77
2297.59	101.013
2299.52	101.132
2301.44	101.225
2303.37	101.498
2305.3	102.043
2307.23	102.766
2309.16	103.529
2311.09	104.188
2313.02	104.652
2314.95	105.069
2316.88	105.716
2318.81	106.695
2320.74	107.818
2322.66	108.784
2324.59	109.632
2326.52	110.666
2328.45	111.75
2330.38	112.346
2332.31	112.476
2334.24	112.705
2336.17	113.052
2338.1	113.257
2340.03	113.558
2341.96	113.916
2343.89	113.115
2345.81	110.86
2347.74	109.132
2349.67	109.115
2351.6	110.894
2353.53	113.955
2355.46	116.71
2357.39	118.396
2359.32	119.517
2361.25	119.652
2363.18	118.479
2365.11	116.763
2367.03	115.06
2368.96	113.034
2370.89	110.453
2372.82	107.859
2374.75	105.663
2376.68	103.755
2378.61	102.118
2380.54	100.861
2382.47	99.8896
2384.4	99.086
2386.33	98.5185
2388.26	98.2433
2390.18	98.1165
2392.11	97.9719
2394.04	97.8182
2395.97	97.7302
2397.9	97.7076
2399.83	97.7203
2401.76	97.7495
2403.69	97.7704
2405.62	97.7911
2407.55	97.8325
2409.48	97.8561
2411.4	97.8603
2413.33	97.9355
2415.26	98.0609
2417.19	98.0792
2419.12	97.9849
2421.05	97.937
2422.98	97.9806
2424.91	98.0357
2426.84	98.0646
2428.77	98.0743
2430.7	98.09
2432.62	98.1662
2434.55	98.3049
2436.48	98.4195
2438.41	98.426
2440.34	98.3242
2442.27	98.2332
2444.2	98.2988
2446.13	98.4601
2448.06	98.5076
2449.99	98.4588
2451.92	98.4976
2453.85	98.5611
2455.77	98.4741
2457.7	98.3389
2459.63	98.33
2461.56	98.3772
2463.49	98.3563
2465.42	98.2955
2467.35	98.283
2469.28	98.343
2471.21	98.3819
2473.14	98.3031
2475.07	98.2132
2476.99	98.2806
2478.92	98.4381
2480.85	98.5091
2482.78	98.4708
2484.71	98.417
2486.64	98.4334
2488.57	98.5127
2490.5	98.5413
2492.43	98.4953
2494.36	98.5216
2496.29	98.6647
2498.22	98.7599
2500.14	98.7248
2502.07	98.7011
2504	98.7748
2505.93	98.7538
2507.86	98.4699
2509.79	98.1522
2511.72	98.1099
2513.65	98.2532
2515.58	98.3559
2517.51	98.4298
2519.44	98.4868
2521.36	98.4293
2523.29	98.34
2525.22	98.3802
2527.15	98.4764
2529.08	98.4959
2531.01	98.4624
2532.94	98.3895
2534.87	98.2681
2536.8	98.2436
2538.73	98.4182
2540.66	98.5771
2542.58	98.482
2544.51	98.248
2546.44	98.1154
2548.37	98.112
2550.3	98.162
2552.23	98.2179
2554.16	98.1803
2556.09	98.011
2558.02	97.8998
2559.95	98.005
2561.88	98.1669
2563.81	98.183
2565.73	98.1269
2567.66	98.1108
2569.59	98.0633
2571.52	97.9702
2573.45	97.9571
2575.38	98.0307
2577.31	98.0887
2579.24	98.1076
2581.17	98.0857
2583.1	98.0287
2585.03	98.0194
2586.95	98.0499
2588.88	97.9919
2590.81	97.86
2592.74	97.7711
2594.67	97.725
2596.6	97.7162
2598.53	97.7908
2600.46	97.8644
2602.39	97.8118
2604.32	97.6868
2606.25	97.6115
2608.18	97.6036
2610.1	97.6201
2612.03	97.6237
2613.96	97.5981
2615.89	97.5559
2617.82	97.5198
2619.75	97.5009
2621.68	97.4726
2623.61	97.3902
2625.54	97.3037
2627.47	97.3241
2629.4	97.4135
2631.32	97.4214
2633.25	97.3298
2635.18	97.2202
2637.11	97.1053
2639.04	97.0091
2640.97	97.0288
2642.9	97.1568
2644.83	97.229
2646.76	97.1585
2648.69	97.056
2650.62	97.029
2652.54	97.0041
2654.47	96.8773
2656.4	96.727
2658.33	96.7058
2660.26	96.7993
2662.19	96.8557
2664.12	96.7992
2666.05	96.6982
2667.98	96.6606
2669.91	96.713
2671.84	96.7765
2673.77	96.7625
2675.69	96.6718
2677.62	96.5748
2679.55	96.5252
2681.48	96.5185
2683.41	96.5303
2685.34	96.5723
2687.27	96.6562
2689.2	96.7206
2691.13	96.689
2693.06	96.5808
2694.99	96.4828
2696.91	96.461
2698.84	96.5183
2700.77	96.5755
2702.7	96.5473
2704.63	96.4801
2706.56	96.4951
2708.49	96.5869
2710.42	96.6217
2712.35	96.5371
2714.28	96.4219
2716.21	96.3727
2718.14	96.3709
2720.06	96.3757
2721.99	96.4189
2723.92	96.4682
2725.85	96.382
2727.78	96.1705
2729.71	96.0421
2731.64	96.0643
2733.57	96.0995
2735.5	96.106
2737.43	96.1521
2739.36	96.1959
2741.28	96.1501
2743.21	96.0669
2745.14	96.0585
2747.07	96.1227
2749	96.1505
2750.93	96.0888
2752.86	96.0257
2754.79	96.0505
2756.72	96.1187
2758.65	96.1576
2760.58	96.1547
2762.51	96.0884
2764.43	95.975
2766.36	95.9344
2768.29	95.9963
2770.22	96.0076
2772.15	95.8941
2774.08	95.7733
2776.01	95.7345
2777.94	95.7389
2779.87	95.7228
2781.8	95.6625
2783.73	95.5933
2785.65	95.568
2787.58	95.5672
2789.51	95.562
2791.44	95.6027
2793.37	95.6753
2795.3	95.6578
2797.23	95.5657
2799.16	95.5462
2801.09	95.579
2803.02	95.5255
2804.95	95.4136
2806.87	95.3496
2808.8	95.2954
2810.73	95.1804
2812.66	95.0489
2814.59	94.9523
2816.52	94.8767
2818.45	94.8376
2820.38	94.8509
2822.31	94.8092
2824.24	94.618
2826.17	94.3788
2828.1	94.1896
2830.02	93.9644
2831.95	93.6769
2833.88	93.4565
2835.81	93.3085
2837.74	93.1229
2839.67	92.9235
2841.6	92.7771
2843.53	92.643
2845.46	92.4784
2847.39	92.2572
2849.32	91.9343
2851.24	91.5553
2853.17	91.1849
2855.1	90.7276
2857.03	90.0893
2858.96	89.384
2860.89	88.7836
2862.82	88.3201
2864.75	87.9263
2866.68	87.555
2868.61	87.1935
2870.54	86.8449
2872.47	86.5993
2874.39	86.6188
2876.32	86.9124
2878.25	87.2967
2880.18	87.6637
2882.11	88.0319
2884.04	88.3615
2885.97	88.5888
2887.9	88.7131
2889.83	88.7098
2891.76	88.5658
2893.69	88.3895
2895.61	88.2964
2897.54	88.3034
2899.47	88.3914
2901.4	88.4837
2903.33	88.4313
2905.26	88.2199
2907.19	88.0278
2909.12	87.9209
2911.05	87.7525
2912.98	87.4791
2914.91	87.2492
2916.83	87.1095
2918.76	86.9383
2920.69	86.6526
2922.62	86.2379
2924.55	85.6985
2926.48	85.1145
2928.41	84.6249
2930.34	84.3352
2932.27	84.2688
2934.2	84.3622
2936.13	84.5753
2938.06	84.9373
2939.98	85.3486
2941.91	85.5926
2943.84	85.6404
2945.77	85.5856
2947.7	85.3649
2949.63	84.8921
2951.56	84.2496
2953.49	83.5695
2955.42	82.9794
2957.35	82.6272
2959.28	82.579
2961.2	82.8273
2963.13	83.3872
2965.06	84.2342
2966.99	85.2639
2968.92	86.3541
2970.85	87.3778
2972.78	88.2745
2974.71	89.0884
2976.64	89.7942
2978.57	90.2909
2980.5	90.6621
2982.43	91.1114
2984.35	91.6191
2986.28	91.9631
2988.21	92.067
2990.14	92.1159
2992.07	92.2922
2994	92.525
2995.93	92.6439
2997.86	92.7148
2999.79	92.9591
3001.72	93.4015
3003.65	93.8516
3005.57	94.1472
3007.5	94.2684
3009.43	94.3011
3011.36	94.3282
3013.29	94.3674
3015.22	94.4788
3017.15	94.7642
3019.08	95.1405
3021.01	95.3939
3022.94	95.4851
3024.87	95.4952
3026.79	95.453
3028.72	95.449
3030.65	95.5676
3032.58	95.6779
3034.51	95.6778
3036.44	95.6965
3038.37	95.759
3040.3	95.7514
3042.23	95.8001
3044.16	96.0336
3046.09	96.1988
3048.02	96.1412
3049.94	96.1283
3051.87	96.2346
3053.8	96.1776
3055.73	95.9518
3057.66	95.8503
3059.59	95.9359
3061.52	96.0579
3063.45	96.1527
3065.38	96.273
3067.31	96.4903
3069.24	96.6957
3071.16	96.6153
3073.09	96.3107
3075.02	96.2227
3076.95	96.4446
3078.88	96.6134
3080.81	96.5543
3082.74	96.4038
3084.67	96.3119
3086.6	96.3788
3088.53	96.5442
3090.46	96.5994
3092.39	96.5439
3094.31	96.5299
3096.24	96.4954
3098.17	96.3279
3100.1	96.113
3102.03	95.9691
3103.96	95.9759
3105.89	96.1242
3107.82	96.1934
3109.75	96.1056
3111.68	96.162
3113.61	96.4231
3115.53	96.4607
3117.46	96.1748
3119.39	96.051
3121.32	96.3094
3123.25	96.5404
3125.18	96.4034
3127.11	96.1571
3129.04	96.1761
3130.97	96.3396
3132.9	96.319
3134.83	96.1611
3136.75	96.1306
3138.68	96.2568
3140.61	96.398
3142.54	96.4439
3144.47	96.3612
3146.4	96.2797
3148.33	96.3558
3150.26	96.4508
3152.19	96.319
3154.12	96.0838
3156.05	96.0824
3157.98	96.3096
3159.9	96.4371
3161.83	96.3541
3163.76	96.2689
3165.69	96.2674
3167.62	96.2206
3169.55	96.1389
3171.48	96.1375
3173.41	96.1074
3175.34	95.9093
3177.27	95.7091
3179.2	95.712
3181.12	95.8539
3183.05	96.0064
3184.98	96.1218
3186.91	96.1212
3188.84	95.9913
3190.77	95.8696
3192.7	95.8197
3194.63	95.7742
3196.56	95.738
3198.49	95.7549
3200.42	95.7775
3202.35	95.7735
3204.27	95.7612
3206.2	95.7199
3208.13	95.6702
3210.06	95.6931
3211.99	95.7348
3213.92	95.6253
3215.85	95.368
3217.78	95.2076
3219.71	95.3234
3221.64	95.5351
3223.57	95.5152
3225.49	95.2864
3227.42	95.1503
3229.35	95.2018
3231.28	95.3033
3233.21	95.3484
3235.14	95.3061
3237.07	95.2394
3239	95.218
3240.93	95.1281
3242.86	94.9351
3244.79	94.892
3246.72	95.0342
3248.64	95.0632
3250.57	94.9571
3252.5	94.9236
3254.43	94.8923
3256.36	94.7356
3258.29	94.5924
3260.22	94.5818
3262.15	94.619
3264.08	94.5947
3266.01	94.5284
3267.94	94.563
3269.86	94.719
3271.79	94.7464
3273.72	94.537
3275.65	94.4007
3277.58	94.5414
3279.51	94.6856
3281.44	94.5623
3283.37	94.3159
3285.3	94.2202
3287.23	94.3066
3289.16	94.41
3291.08	94.4034
3293.01	94.313
3294.94	94.2593
3296.87	94.2767
3298.8	94.2149
3300.73	93.9806
3302.66	93.7978
3304.59	93.896
3306.52	94.0727
3308.45	93.9983
3310.38	93.7689
3312.31	93.6923
3314.23	93.766
3316.16	93.7997
3318.09	93.7745
3320.02	93.7742
3321.95	93.8096
3323.88	93.8597
3325.81	93.9037
3327.74	93.9002
3329.67	93.8475
3331.6	93.7996
3333.53	93.772
3335.45	93.71
3337.38	93.5686
3339.31	93.3913
3341.24	93.3074
3343.17	93.4056
3345.1	93.5835
3347.03	93.6353
3348.96	93.555
3350.89	93.5481
3352.82	93.6638
3354.75	93.6986
3356.68	93.5687
3358.6	93.4431
3360.53	93.4142
3362.46	93.4146
3364.39	93.4444
3366.32	93.5046
3368.25	93.4862
3370.18	93.4362
3372.11	93.5671
3374.04	93.8262
3375.97	93.9312
3377.9	93.8411
3379.82	93.7267
3381.75	93.6345
3383.68	93.5316
3385.61	93.4576
3387.54	93.4535
3389.47	93.5095
3391.4	93.6081
3393.33	93.726
3395.26	93.8247
3397.19	93.839
3399.12	93.7198
3401.04	93.5641
3402.97	93.5415
3404.9	93.6286
3406.83	93.6805
3408.76	93.7159
3410.69	93.801
3412.62	93.8449
3414.55	93.8041
3416.48	93.793
3418.41	93.884
3420.34	94.0794
3422.27	94.3253
3424.19	94.4113
3426.12	94.2411
3428.05	94.0409
3429.98	93.9596
3431.91	93.9074
3433.84	93.8817
3435.77	93.9079
3437.7	93.8941
3439.63	93.8996
3441.56	94.0362
3443.49	94.1662
3445.41	94.2219
3447.34	94.342
3449.27	94.4341
3451.2	94.3182
3453.13	94.1485
3455.06	94.1088
3456.99	94.1821
3458.92	94.375
3460.85	94.616
3462.78	94.6954
3464.71	94.6814
3466.64	94.7809
3468.56	94.8346
3470.49	94.6302
3472.42	94.2983
3474.35	94.0331
3476.28	93.9887
3478.21	94.3084
3480.14	94.7777
3482.07	94.9426
3484	94.8351
3485.93	94.8472
3487.86	94.9943
3489.78	95.0472
3491.71	94.9711
3493.64	94.87
3495.57	94.8758
3497.5	95.0414
3499.43	95.1626
3501.36	95.0859
3503.29	95.0492
3505.22	95.2258
3507.15	95.3169
3509.08	95.1063
3511	94.8504
3512.93	94.8243
3514.86	94.9061
3516.79	94.8704
3518.72	94.7712
3520.65	94.8525
3522.58	95.1437
3524.51	95.3578
3526.44	95.3214
3528.37	95.2278
3530.3	95.2368
3532.23	95.2115
3534.15	95.0142
3536.08	94.7249
3538.01	94.533
3539.94	94.572
3541.87	94.781
3543.8	94.8774
3545.73	94.696
3547.66	94.6144
3549.59	94.9478
3551.52	95.2762
3553.45	95.1449
3555.37	94.8681
3557.3	94.8351
3559.23	94.8841
3561.16	94.9919
3563.09	95.4272
3565.02	95.9568
3566.95	95.9723
3568.88	95.6738
3570.81	95.6947
3572.74	95.8399
3574.67	95.8254
3576.6	95.869
3578.52	96.1607
3580.45	96.4415
3582.38	96.4794
3584.31	96.3821
3586.24	96.2364
3588.17	96.0883
3590.1	96.2163
3592.03	96.6026
3593.96	96.8126
3595.89	96.762
3597.82	96.9903
3599.74	97.512
3601.67	97.6761
3603.6	97.4486
3605.53	97.39
3607.46	97.574
3609.39	97.6518
3611.32	97.5498
3613.25	97.5058
3615.18	97.731
3617.11	98.1718
3619.04	98.3953
3620.97	98.106
3622.89	97.7335
3624.82	97.7088
3626.75	98.0148
3628.68	98.2486
3630.61	97.922
3632.54	97.4858
3634.47	97.3783
3636.4	97.361
3638.33	97.2327
3640.26	97.294
3642.19	97.6602
3644.11	97.9735
3646.04	98.1615
3647.97	98.399
3649.9	98.2337
3651.83	97.6611
3653.76	97.4957
3655.69	97.6921
3657.62	97.6837
3659.55	97.4196
3661.48	97.29
3663.41	97.3835
3665.33	97.6277
3667.26	97.9487
3669.19	98.1456
3671.12	98.1956
3673.05	98.4459
3674.98	98.6634
3676.91	98.2384
3678.84	97.7113
3680.77	97.6499
3682.7	97.7339
3684.63	97.7611
3686.56	97.9792
3688.48	98.5132
3690.41	98.8679
3692.34	98.6569
3694.27	98.2126
3696.2	97.8769
3698.13	97.8428
3700.06	98.0719
3701.99	98.3211
3703.92	98.4196
3705.85	98.4314
3707.78	98.4791
3709.7	98.5881
3711.63	98.5633
3713.56	98.2697
3715.49	98.0389
3717.42	98.1347
3719.35	98.4537
3721.28	98.7028
3723.21	98.838
3725.14	99.0113
3727.07	99.0971
3729	98.9557
3730.93	98.8577
3732.85	99.1269
3734.78	99.4741
3736.71	99.2458
3738.64	98.844
3740.57	98.8298
3742.5	98.9546
3744.43	98.7346
3746.36	98.4261
3748.29	98.5702
3750.22	98.7762
3752.15	98.4601
3754.07	98.0449
3756	97.9243
3757.93	97.8205
3759.86	97.622
3761.79	97.5896
3763.72	97.6664
3765.65	97.5631
3767.58	97.3939
3769.51	97.4469
3771.44	97.522
3773.37	97.4281
3775.29	97.4324
3777.22	97.6435
3779.15	97.7541
3781.08	97.5797
3783.01	97.3407
3784.94	97.1842
3786.87	97.1402
3788.8	97.2705
3790.73	97.553
3792.66	97.8742
3794.59	98.1313
3796.52	98.2396
3798.44	98.1562
3800.37	97.8964
3802.3	97.6625
3804.23	97.7537
3806.16	98.0065
3808.09	97.9708
3810.02	97.6777
3811.95	97.5937
3813.88	97.814
3815.81	98.122
3817.74	98.3694
3819.66	98.5396
3821.59	98.4402
3823.52	98.0917
3825.45	97.8393
3827.38	97.7441
3829.31	97.7549
3831.24	97.9024
3833.17	98.1195
3835.1	98.2567
3837.03	98.2498
3838.96	98.0892
3840.89	97.8628
3842.81	97.7177
3844.74	97.6565
3846.67	97.6673
3848.6	97.8416
3850.53	98.2002
3852.46	98.4408
3854.39	98.0445
3856.32	97.5136
3858.25	97.4631
3860.18	97.7149
3862.11	97.8921
3864.03	97.8447
3865.96	97.8803
3867.89	98.0541
3869.82	97.9527
3871.75	97.5466
3873.68	97.3688
3875.61	97.5187
3877.54	97.6906
3879.47	97.766
3881.4	97.7742
3883.33	97.6868
3885.25	97.5298
3887.18	97.4803
3889.11	97.578
3891.04	97.6213
3892.97	97.5041
3894.9	97.4373
3896.83	97.5936
3898.76	97.9062
3900.69	98.1535
3902.62	98.0781
3904.55	97.6884
3906.48	97.3483
3908.4	97.275
3910.33	97.2694
3912.26	97.1718
3914.19	97.1611
3916.12	97.4027
3918.05	97.6972
3919.98	97.788
3921.91	97.7068
3923.84	97.5309
3925.77	97.3515
3927.7	97.3031
3929.62	97.31
3931.55	97.2199
3933.48	97.1353
3935.41	97.2018
3937.34	97.3327
3939.27	97.4415
3941.2	97.5212
3943.13	97.5363
3945.06	97.4982
3946.99	97.4369
3948.92	97.2834
3950.85	97.0708
3952.77	96.9969
3954.7	97.1097
3956.63	97.2871
3958.56	97.4073
3960.49	97.3682
3962.42	97.1907
3964.35	97.094
3966.28	97.2092
3968.21	97.4163
3970.14	97.5584
3972.07	97.5662
3973.99	97.4549
3975.92	97.3429
3977.85	97.3044
3979.78	97.2396
3981.71	97.0901
3983.64	96.9848
3985.57	97.0188
3987.5	97.1077
3989.43	97.1392
3991.36	97.109
3993.29	97.0796
3995.22	97.0719
3997.14	97.0458
