499.643	79.4463
501.572	79.4741
503.501	79.024
505.43	79.3319
507.36	79.7252
509.289	79.8973
511.218	80.1653
513.147	80.1077
515.076	79.5489
517.005	79.3031
518.934	79.6974
520.863	80.1476
522.792	80.4654
524.722	80.7699
526.651	81.0235
528.58	81.4038
530.509	81.9979
532.438	82.5337
534.367	82.9528
536.296	83.3315
538.225	83.5101
540.155	83.673
542.084	84.1807
544.013	84.6086
545.942	84.5467
547.871	84.5739
549.8	84.9668
551.729	85.075
553.658	84.8289
555.588	84.9296
557.517	85.4578
559.446	85.9057
561.375	86.1391
563.304	86.321
565.233	86.4381
567.162	86.3598
569.091	86.0998
571.021	85.9194
572.95	86.0358
574.879	86.3313
576.808	86.6095
578.737	86.8859
580.666	87.1129
582.595	87.0371
584.524	86.6259
586.454	86.258
588.383	86.2359
590.312	86.3762
592.241	86.3285
594.17	86.1206
596.099	85.9903
598.028	85.9521
599.957	85.9468
601.887	85.9934
603.816	86.0648
605.745	86.2295
607.674	86.6696
609.603	87.2249
611.532	87.5114
613.461	87.6041
615.39	87.7961
617.32	87.9735
619.249	87.9638
621.178	87.9112
623.107	87.8846
625.036	87.8479
626.965	87.8922
628.894	88.0045
630.823	88.0433
632.753	88.0231
634.682	87.9586
636.611	87.7455
638.54	87.4837
640.469	87.3315
642.398	87.1311
644.327	86.7862
646.256	86.4992
648.186	86.2625
650.115	85.9121
652.044	85.6779
653.973	85.8305
655.902	86.1316
657.831	86.3028
659.76	86.4833
661.689	86.7663
663.619	87.1238
665.548	87.9533
667.477	89.7194
669.406	90.906
671.335	90.5747
673.264	90.4566
675.193	90.9287
677.122	91.2864
679.052	91.3476
680.981	91.5252
682.91	91.6897
684.839	91.5771
686.768	91.421
688.697	91.3838
690.626	91.3199
692.555	91.1836
694.485	91.0487
696.414	90.9083
698.343	90.7422
700.272	90.5815
702.201	90.4642
704.13	90.4035
706.059	90.3483
707.988	90.2505
709.917	90.1702
711.847	90.1414
713.776	90.0879
715.705	90.0526
717.634	90.1823
719.563	90.3768
721.492	90.3575
723.421	90.1232
725.35	89.8822
727.28	89.6796
729.209	89.4202
731.138	89.0413
733.067	88.5363
734.996	87.9714
736.925	87.4783
738.854	87.1136
740.783	86.7696
742.713	86.2993
744.642	85.7444
746.571	85.3716
748.5	85.417
750.429	85.8644
752.358	86.5121
754.287	87.1439
756.216	87.6216
758.146	87.9386
760.075	88.1766
762.004	88.3305
763.933	88.2784
765.862	87.9778
767.791	87.5281
769.72	86.9726
771.649	86.1769
773.579	84.9398
775.508	83.0978
777.437	80.4812
779.366	76.9553
781.295	72.7064
783.224	68.4664
785.153	65.2884
787.082	64.0334
789.012	65.054
790.941	68.1656
792.87	72.6336
794.799	77.3028
796.728	81.0988
798.657	83.5146
800.586	84.657
802.515	84.9148
804.445	84.5681
806.374	83.6788
808.303	82.2867
810.232	80.6031
812.161	79.0493
814.09	78.1572
816.019	78.2626
817.948	79.2162
819.878	80.5592
821.807	81.9287
823.736	83.1027
825.665	83.8972
827.594	84.2906
829.523	84.4328
831.452	84.3973
833.381	84.1275
835.311	83.6098
837.24	82.8745
839.169	81.8519
841.098	80.4549
843.027	78.8509
844.956	77.4344
846.885	76.4328
848.814	75.7382
850.744	75.145
852.673	74.5122
854.602	73.7474
856.531	72.8839
858.46	72.1057
860.389	71.5671
862.318	71.2991
864.247	71.3051
866.177	71.596
868.106	72.1237
870.035	72.7586
871.964	73.3501
873.893	73.8134
875.822	74.1312
877.751	74.2912
879.68	74.3207
881.609	74.3476
883.539	74.5069
885.468	74.8198
887.397	75.2101
889.326	75.5732
891.255	75.8313
893.184	75.9738
895.113	76.0332
897.042	76.0454
898.972	76.0826
900.901	76.2746
902.83	76.7438
904.759	77.5435
906.688	78.6357
908.617	79.8884
910.546	81.1112
912.475	82.0945
914.405	82.6408
916.334	82.6589
918.263	82.2265
920.192	81.4848
922.121	80.5154
924.05	79.357
925.979	78.0502
927.908	76.624
929.838	75.0763
931.767	73.3923
933.696	71.6138
935.625	69.8792
937.554	68.3447
939.483	67.1128
941.412	66.2684
943.341	65.8477
945.271	65.7389
947.2	65.7802
949.129	65.9747
951.058	66.4634
952.987	67.2967
954.916	68.3523
956.845	69.4591
958.774	70.5071
960.704	71.4573
962.633	72.3439
964.562	73.2637
966.491	74.262
968.42	75.2592
970.349	76.1675
972.278	76.9695
974.207	77.6112
976.137	77.9881
978.066	78.0862
979.995	77.9653
981.924	77.618
983.853	77.0118
985.782	76.2199
987.711	75.4064
989.64	74.7445
991.57	74.3481
993.499	74.1675
995.428	73.963
997.357	73.4625
999.286	72.5463
1001.22	71.2891
1003.14	69.8732
1005.07	68.4631
1007	67.1734
1008.93	66.1302
1010.86	65.4054
1012.79	64.8401
1014.72	64.0895
1016.65	62.9021
1018.58	61.2654
1020.51	59.3322
1022.44	57.3208
1024.36	55.4884
1026.29	54.1458
1028.22	53.5701
1030.15	53.7541
1032.08	54.3415
1034.01	54.9713
1035.94	55.5741
1037.87	56.2442
1039.8	57.0273
1041.73	57.9459
1043.66	59.0681
1045.58	60.4572
1047.51	62.1072
1049.44	63.9142
1051.37	65.6659
1053.3	67.1221
1055.23	68.184
1057.16	68.9592
1059.09	69.6081
1061.02	70.1398
1062.95	70.3916
1064.88	70.2019
1066.81	69.618
1068.73	68.9607
1070.66	68.6522
1072.59	68.9262
1074.52	69.703
1076.45	70.724
1078.38	71.7565
1080.31	72.6785
1082.24	73.4366
1084.17	73.9722
1086.1	74.2077
1088.03	74.1036
1089.95	73.6973
1091.88	73.0585
1093.81	72.2409
1095.74	71.3038
1097.67	70.3327
1099.6	69.3914
1101.53	68.4715
1103.46	67.5129
1105.39	66.4676
1107.32	65.3351
1109.25	64.1585
1111.18	62.9986
1113.1	61.9114
1115.03	60.9283
1116.96	60.0326
1118.89	59.1478
1120.82	58.1812
1122.75	57.0915
1124.68	55.8921
1126.61	54.6121
1128.54	53.29
1130.47	51.9706
1132.4	50.6774
1134.32	49.4253
1136.25	48.2495
1138.18	47.1713
1140.11	46.1733
1142.04	45.2642
1143.97	44.5126
1145.9	43.9682
1147.83	43.6032
1149.76	43.363
1151.69	43.2328
1153.62	43.2257
1155.55	43.3396
1157.47	43.5735
1159.4	43.9735
1161.33	44.5994
1163.26	45.4561
1165.19	46.5179
1167.12	47.7855
1169.05	49.2658
1170.98	50.9353
1172.91	52.7462
1174.84	54.6349
1176.77	56.5393
1178.69	58.4237
1180.62	60.2572
1182.55	61.9909
1184.48	63.5874
1186.41	65.036
1188.34	66.3258
1190.27	67.4563
1192.2	68.4742
1194.13	69.4456
1196.06	70.3865
1197.99	71.2491
1199.91	71.9698
1201.84	72.5034
1203.77	72.8074
1205.7	72.8369
1207.63	72.5656
1209.56	71.969
1211.49	70.9977
1213.42	69.6334
1215.35	67.9227
1217.28	65.9173
1219.21	63.6653
1221.14	61.2356
1223.06	58.6724
1224.99	56.0033
1226.92	53.3035
1228.85	50.6573
1230.78	48.1224
1232.71	45.8091
1234.64	43.8811
1236.57	42.4206
1238.5	41.3721
1240.43	40.6143
1242.36	40.0207
1244.28	39.4832
1246.21	38.9266
1248.14	38.3124
1250.07	37.6565
1252	37.0452
1253.93	36.6025
1255.86	36.4547
1257.79	36.713
1259.72	37.4175
1261.65	38.5175
1263.58	39.9498
1265.51	41.6596
1267.43	43.549
1269.36	45.5188
1271.29	47.5199
1273.22	49.5065
1275.15	51.4215
1277.08	53.2516
1279.01	55.0294
1280.94	56.7738
1282.87	58.4531
1284.8	60.0301
1286.73	61.5127
1288.65	62.9078
1290.58	64.1763
1292.51	65.279
1294.44	66.2216
1296.37	67.0848
1298.3	68.0554
1300.23	69.3392
1302.16	71.0122
1304.09	73.0113
1306.02	75.1865
1307.95	77.2879
1309.87	79.031
1311.8	80.2203
1313.73	80.7675
1315.66	80.6784
1317.59	80.0722
1319.52	79.2663
1321.45	78.7728
1323.38	78.9611
1325.31	79.8407
1327.24	81.1593
1329.17	82.5463
1331.1	83.6731
1333.02	84.3802
1334.95	84.7603
1336.88	85.0156
1338.81	85.2457
1340.74	85.4867
1342.67	85.8099
1344.6	86.2638
1346.53	86.8072
1348.46	87.2679
1350.39	87.425
1352.32	87.1881
1354.24	86.5796
1356.17	85.7836
1358.1	85.1849
1360.03	84.9172
1361.96	84.633
1363.89	84.0322
1365.82	83.2101
1367.75	82.1468
1369.68	80.8536
1371.61	79.6678
1373.54	78.7371
1375.47	77.9629
1377.39	77.4379
1379.32	77.2421
1381.25	77.291
1383.18	77.5565
1385.11	78.1588
1387.04	79.1728
1388.97	80.2387
1390.9	80.9468
1392.83	81.3162
1394.76	81.3661
1396.69	81.0125
1398.61	80.323
1400.54	79.6204
1402.47	79.2226
1404.4	79.1737
1406.33	79.4246
1408.26	79.9594
1410.19	80.7628
1412.12	81.7698
1414.05	82.8182
1415.98	83.8835
1417.91	85.0105
1419.83	85.9376
1421.76	86.4473
1423.69	86.6163
1425.62	86.5414
1427.55	86.3069
1429.48	85.7032
1431.41	84.606
1433.34	83.4085
1435.27	82.1092
1437.2	80.3944
1439.13	78.8241
1441.06	77.7848
1442.98	76.9858
1444.91	76.3541
1446.84	75.8921
1448.77	75.4357
1450.7	75.116
1452.63	75.2654
1454.56	75.9677
1456.49	77.2354
1458.42	78.5359
1460.35	79.3853
1462.28	80.3037
1464.2	81.5931
1466.13	82.9304
1468.06	83.9898
1469.99	85.0999
1471.92	86.3954
1473.85	87.3055
1475.78	87.6821
1477.71	88.0559
1479.64	88.502
1481.57	88.9246
1483.5	89.3563
1485.43	89.9073
1487.35	90.687
1489.28	91.5884
1491.21	92.2314
1493.14	92.7292
1495.07	93.4007
1497	94.123
1498.93	94.4942
1500.86	94.6702
1502.79	95.0085
1504.72	95.5869
1506.65	96.1525
1508.57	96.0764
1510.5	95.7813
1512.43	95.7298
1514.36	95.8975
1516.29	96.1843
1518.22	96.4844
1520.15	96.6878
1522.08	96.7007
1524.01	96.58
1525.94	96.3714
1527.87	96.148
1529.8	96.0986
1531.72	96.2452
1533.65	96.3891
1535.58	96.4651
1537.51	96.7129
1539.44	97.193
1541.37	97.3117
1543.3	96.8403
1545.23	96.4112
1547.16	96.2235
1549.09	96.2604
1551.02	96.3605
1552.94	96.401
1554.87	96.5617
1556.8	97.0038
1558.73	97.1904
1560.66	96.5646
1562.59	96.0602
1564.52	95.9128
1566.45	95.9695
1568.38	96.0313
1570.31	95.8609
1572.24	95.6541
1574.16	95.7003
1576.09	95.8154
1578.02	95.6129
1579.95	95.3398
1581.88	95.262
1583.81	95.2885
1585.74	95.3032
1587.67	95.3264
1589.6	95.3951
1591.53	95.4957
1593.46	95.5834
1595.39	95.5902
1597.31	95.5013
1599.24	95.4028
1601.17	95.3533
1603.1	95.3161
1605.03	95.2762
1606.96	95.2693
1608.89	95.227
1610.82	95.0826
1612.75	95.0045
1614.68	95.058
1616.61	94.9225
1618.53	94.5189
1620.46	94.2387
1622.39	93.9907
1624.32	93.5257
1626.25	92.9635
1628.18	92.3376
1630.11	91.6527
1632.04	91.1857
1633.97	90.935
1635.9	90.4718
1637.83	89.9787
1639.76	90.235
1641.68	91.1787
1643.61	92.4032
1645.54	93.6091
1647.47	94.3712
1649.4	94.6434
1651.33	94.9755
1653.26	95.3342
1655.19	95.0044
1657.12	94.5825
1659.05	94.4916
1660.98	94.5156
1662.9	94.3189
1664.83	94.0316
1666.76	94.007
1668.69	94.1477
1670.62	94.0153
1672.55	93.6943
1674.48	93.4168
1676.41	92.9745
1678.34	92.5217
1680.27	92.3565
1682.2	92.2584
1684.12	91.8209
1686.05	91.1135
1687.98	90.3316
1689.91	89.4811
1691.84	88.6137
1693.77	87.5866
1695.7	86.325
1697.63	84.8255
1699.56	82.5282
1701.49	79.6033
1703.42	76.9394
1705.35	74.0309
1707.27	70.3695
1709.2	66.7229
1711.13	63.5573
1713.06	60.6815
1714.99	58.2306
1716.92	56.0525
1718.85	53.9436
1720.78	52.8106
1722.71	52.7915
1724.64	53.352
1726.57	54.3112
1728.49	55.5959
1730.42	56.9151
1732.35	57.929
1734.28	58.1733
1736.21	57.7794
1738.14	57.3007
1740.07	56.6598
1742	55.8206
1743.93	55.3662
1745.86	55.5956
1747.79	56.4756
1749.72	58.1251
1751.64	60.1917
1753.57	62.4015
1755.5	65.1809
1757.43	68.5339
1759.36	71.9695
1761.29	75.5001
1763.22	79.0497
1765.15	82.0432
1767.08	84.5598
1769.01	86.9967
1770.94	89.1663
1772.86	90.7997
1774.79	92.0036
1776.72	92.8025
1778.65	93.3553
1780.58	93.9131
1782.51	94.3698
1784.44	94.6332
1786.37	94.9241
1788.3	95.312
1790.23	95.7168
1792.16	96.0445
1794.08	96.1004
1796.01	96.021
1797.94	96.075
1799.87	96.2071
1801.8	96.2679
1803.73	96.2946
1805.66	96.3128
1807.59	96.3317
1809.52	96.4048
1811.45	96.4753
1813.38	96.4814
1815.31	96.4765
1817.23	96.4945
1819.16	96.6037
1821.09	96.8383
1823.02	97.0229
1824.95	97.0552
1826.88	97.1099
1828.81	97.1837
1830.74	97.0535
1832.67	96.8552
1834.6	96.877
1836.53	97.0773
1838.45	97.2533
1840.38	97.3695
1842.31	97.5258
1844.24	97.6482
1846.17	97.5904
1848.1	97.498
1850.03	97.4881
1851.96	97.4914
1853.89	97.498
1855.82	97.55
1857.75	97.5993
1859.68	97.592
1861.6	97.5476
1863.53	97.5678
1865.46	97.7806
1867.39	98.0884
1869.32	98.1425
1871.25	97.9457
1873.18	97.8107
1875.11	97.771
1877.04	97.7971
1878.97	97.9568
1880.9	98.1743
1882.82	98.277
1884.75	98.2579
1886.68	98.2129
1888.61	98.1569
1890.54	98.0649
1892.47	97.9763
1894.4	97.9734
1896.33	98.0797
1898.26	98.209
1900.19	98.2585
1902.12	98.2336
1904.05	98.2573
1905.97	98.422
1907.9	98.6112
1909.83	98.6302
1911.76	98.5496
1913.69	98.6121
1915.62	98.7894
1917.55	98.8164
1919.48	98.6674
1921.41	98.6084
1923.34	98.6643
1925.27	98.6572
1927.19	98.6412
1929.12	98.7354
1931.05	98.8333
1932.98	98.8457
1934.91	98.8185
1936.84	98.8047
1938.77	98.9664
1940.7	99.3505
1942.63	99.5298
1944.56	99.2722
1946.49	99.081
1948.41	99.1946
1950.34	99.3148
1952.27	99.3998
1954.2	99.6249
1956.13	99.8682
1958.06	99.9778
1959.99	99.9744
1961.92	99.827
1963.85	99.6489
1965.78	99.73
1967.71	100.019
1969.64	100.202
1971.56	100.281
1973.49	100.313
1975.42	100.134
1977.35	99.9076
1979.28	100.032
1981.21	100.289
1983.14	100.185
1985.07	99.9081
1987	99.9365
1988.93	100.16
1990.86	100.159
1992.78	99.9447
1994.71	99.8764
1996.64	100.043
1998.57	100.193
2000.5	100.188
2002.43	100.174
2004.36	100.246
2006.29	100.331
2008.22	100.364
2010.15	100.329
2012.08	100.301
2014.01	100.422
2015.93	100.619
2017.86	100.737
2019.79	100.864
2021.72	100.962
2023.65	100.759
2025.58	100.416
2027.51	100.378
2029.44	100.546
2031.37	100.554
2033.3	100.448
2035.23	100.428
2037.15	100.461
2039.08	100.473
2041.01	100.484
2042.94	100.491
2044.87	100.45
2046.8	100.355
2048.73	100.266
2050.66	100.216
2052.59	100.189
2054.52	100.203
2056.45	100.24
2058.37	100.175
2060.3	100.015
2062.23	99.9488
2064.16	99.9816
2066.09	99.9072
2068.02	99.7788
2069.95	99.8443
2071.88	99.985
2073.81	99.8481
2075.74	99.5074
2077.67	99.3546
2079.6	99.4236
2081.52	99.4149
2083.45	99.2622
2085.38	99.1924
2087.31	99.3003
2089.24	99.4218
2091.17	99.4275
2093.1	99.4034
2095.03	99.463
2096.96	99.5406
2098.89	99.505
2100.82	99.3785
2102.74	99.2927
2104.67	99.2929
2106.6	99.3188
2108.53	99.3186
2110.46	99.2626
2112.39	99.1395
2114.32	99.0566
2116.25	99.1618
2118.18	99.3746
2120.11	99.4591
2122.04	99.3778
2123.97	99.2886
2125.89	99.294
2127.82	99.3846
2129.75	99.4205
2131.68	99.2248
2133.61	98.9844
2135.54	99.1605
2137.47	99.7099
2139.4	100.099
2141.33	100.22
2143.26	100.358
2145.19	100.416
2147.11	100.199
2149.04	100.022
2150.97	100.16
2152.9	100.374
2154.83	100.46
2156.76	100.508
2158.69	100.527
2160.62	100.493
2162.55	100.515
2164.48	100.522
2166.41	100.303
2168.33	99.9746
2170.26	99.8409
2172.19	99.9153
2174.12	100.055
2176.05	100.286
2177.98	100.553
2179.91	100.547
2181.84	100.216
2183.77	99.9382
2185.7	99.8948
2187.63	99.8776
2189.56	99.802
2191.48	99.8114
2193.41	99.9709
2195.34	100.181
2197.27	100.262
2199.2	100.182
2201.13	100.162
2203.06	100.266
2204.99	100.252
2206.92	100.075
2208.85	99.9474
2210.78	99.9073
2212.7	99.9097
2214.63	99.936
2216.56	99.8447
2218.49	99.6539
2220.42	99.6925
2222.35	100.014
2224.28	100.19
2226.21	99.9721
2228.14	99.6537
2230.07	99.6075
2232	99.7667
2233.93	99.8034
2235.85	99.7137
2237.78	99.7451
2239.71	99.8569
2241.64	99.8815
2243.57	99.9257
2245.5	100.046
2247.43	100.03
2249.36	99.8388
2251.29	99.6974
2253.22	99.6429
2255.15	99.5586
2257.07	99.5271
2259	99.6708
2260.93	99.8671
2262.86	99.9848
2264.79	100.088
2266.72	100.167
2268.65	100.087
2270.58	99.9023
2272.51	99.7696
2274.44	99.6852
2276.37	99.6554
2278.29	99.7392
2280.22	99.8008
2282.15	99.7082
2284.08	99.6107
2286.01	99.6179
2287.94	99.6299
2289.87	99.683
2291.8	99.9424
2293.73	100.326
2295.66	100.598
2297.59	100.742
2299.52	100.911
2301.44	101.165
2303.37	101.497
2305.3	101.985
2307.23	102.704
2309.16	103.517
2311.09	104.15
2313.02	104.559
2314.95	104.98
2316.88	105.599
2318.81	106.471
2320.74	107.551
2322.66	108.595
2324.59	109.477
2326.52	110.388
2328.45	111.319
2330.38	111.922
2332.31	112.142
2334.24	112.313
2336.17	112.512
2338.1	112.686
2340.03	113.045
2341.96	113.425
2343.89	112.666
2345.81	110.51
2347.74	108.883
2349.67	108.964
2351.6	110.794
2353.53	113.724
2355.46	116.279
2357.39	118.002
2359.32	119.165
2361.25	119.096
2363.18	117.887
2365.11	116.419
2367.03	114.815
2368.96	112.7
2370.89	110.136
2372.82	107.657
2374.75	105.548
2376.68	103.711
2378.61	102.133
2380.54	100.861
2382.47	99.815
2384.4	98.9493
2386.33	98.3647
2388.26	98.0981
2390.18	98
2392.11	97.897
2394.04	97.7648
2395.97	97.6943
2397.9	97.7317
2399.83	97.8009
2401.76	97.8257
2403.69	97.8386
2405.62	97.8757
2407.55	97.905
2409.48	97.9203
2411.4	97.9499
2413.33	97.9866
2415.26	98.0036
2417.19	97.9811
2419.12	97.928
2421.05	97.9072
2422.98	97.9417
2424.91	97.9782
2426.84	98.0259
2428.77	98.1262
2430.7	98.2066
2432.62	98.2189
2434.55	98.2511
2436.48	98.318
2438.41	98.3153
2440.34	98.2456
2442.27	98.2269
2444.2	98.2933
2446.13	98.3327
2448.06	98.2466
2449.99	98.151
2451.92	98.2367
2453.85	98.4244
2455.77	98.4865
2457.7	98.4243
2459.63	98.3622
2461.56	98.3055
2463.49	98.2621
2465.42	98.2927
2467.35	98.3644
2469.28	98.393
2471.21	98.3548
2473.14	98.2721
2475.07	98.205
2476.99	98.2259
2478.92	98.3366
2480.85	98.4523
2482.78	98.4698
2484.71	98.3842
2486.64	98.3255
2488.57	98.3762
2490.5	98.4576
2492.43	98.5047
2494.36	98.5595
2496.29	98.6182
2498.22	98.5841
2500.14	98.4362
2502.07	98.3323
2504	98.4208
2505.93	98.5749
2507.86	98.5476
2509.79	98.366
2511.72	98.2515
2513.65	98.2593
2515.58	98.2982
2517.51	98.3295
2519.44	98.3437
2521.36	98.3145
2523.29	98.2693
2525.22	98.2987
2527.15	98.4285
2529.08	98.5235
2531.01	98.4369
2532.94	98.2275
2534.87	98.0837
2536.8	98.1168
2538.73	98.3034
2540.66	98.4877
2542.58	98.4865
2544.51	98.3086
2546.44	98.1108
2548.37	97.9755
2550.3	97.9291
2552.23	97.9768
2554.16	98.0087
2556.09	97.9549
2558.02	97.9494
2559.95	98.0565
2561.88	98.1172
2563.81	98.079
2565.73	98.0605
2567.66	98.0365
2569.59	97.9291
2571.52	97.8601
2573.45	97.8954
2575.38	97.9033
2577.31	97.9001
2579.24	97.9997
2581.17	98.0601
2583.1	97.96
2585.03	97.8975
2586.95	97.9782
2588.88	98.0265
2590.81	97.9633
2592.74	97.855
2594.67	97.7129
2596.6	97.6019
2598.53	97.6558
2600.46	97.8276
2602.39	97.8994
2604.32	97.782
2606.25	97.6385
2608.18	97.6517
2610.1	97.752
2612.03	97.7417
2613.96	97.6175
2615.89	97.5121
2617.82	97.4511
2619.75	97.4064
2621.68	97.4044
2623.61	97.4361
2625.54	97.4286
2627.47	97.3539
2629.4	97.2665
2631.32	97.23
2633.25	97.2201
2635.18	97.1396
2637.11	96.9778
2639.04	96.8795
2640.97	96.9552
2642.9	97.1036
2644.83	97.1441
2646.76	97.0743
2648.69	97.027
2650.62	97.0128
2652.54	96.9217
2654.47	96.7518
2656.4	96.6202
2658.33	96.5963
2660.26	96.6598
2662.19	96.741
2664.12	96.7671
2666.05	96.7465
2667.98	96.7471
2669.91	96.7661
2671.84	96.7537
2673.77	96.7232
2675.69	96.6899
2677.62	96.6158
2679.55	96.5158
2681.48	96.4703
2683.41	96.4984
2685.34	96.5631
2687.27	96.651
2689.2	96.728
2691.13	96.7172
2693.06	96.614
2694.99	96.52
2696.91	96.5177
2698.84	96.585
2700.77	96.63
2702.7	96.5856
2704.63	96.4931
2706.56	96.456
2708.49	96.4941
2710.42	96.5216
2712.35	96.4775
2714.28	96.3895
2716.21	96.3145
2718.14	96.2825
2720.06	96.294
2721.99	96.3351
2723.92	96.3708
2725.85	96.3503
2727.78	96.2727
2729.71	96.1991
2731.64	96.1411
2733.57	96.055
2735.5	95.9861
2737.43	96.0222
2739.36	96.0975
2741.28	96.0761
2743.21	95.9957
2745.14	95.9948
2747.07	96.0615
2749	96.0623
2750.93	95.9749
2752.86	95.9225
2754.79	95.978
2756.72	96.0663
2758.65	96.0946
2760.58	96.0706
2762.51	96.0315
2764.43	95.9691
2766.36	95.9048
2768.29	95.9102
2770.22	95.9726
2772.15	95.9784
2774.08	95.8928
2776.01	95.8074
2777.94	95.7744
2779.87	95.7322
2781.8	95.6321
2783.73	95.5386
2785.65	95.5353
2787.58	95.5791
2789.51	95.5786
2791.44	95.5601
2793.37	95.5627
2795.3	95.5147
2797.23	95.4245
2799.16	95.4201
2801.09	95.4695
2803.02	95.4411
2804.95	95.3817
2806.87	95.3542
2808.8	95.2706
2810.73	95.1443
2812.66	95.108
2814.59	95.1234
2816.52	95.0633
2818.45	94.9581
2820.38	94.8811
2822.31	94.7913
2824.24	94.6298
2826.17	94.397
2828.1	94.1078
2830.02	93.7892
2831.95	93.5002
2833.88	93.2811
2835.81	93.1088
2837.74	92.9518
2839.67	92.8185
2841.6	92.7125
2843.53	92.6104
2845.46	92.4882
2847.39	92.2945
2849.32	91.965
2851.24	91.5313
2853.17	91.0989
2855.1	90.6848
2857.03	90.1919
2858.96	89.5586
2860.89	88.8801
2862.82	88.3299
2864.75	87.9564
2866.68	87.6474
2868.61	87.314
2870.54	86.9945
2872.47	86.7796
2874.39	86.7216
2876.32	86.8245
2878.25	87.0877
2880.18	87.4776
2882.11	87.8586
2884.04	88.1321
2885.97	88.3871
2887.9	88.6664
2889.83	88.7942
2891.76	88.6949
2893.69	88.529
2895.61	88.382
2897.54	88.2498
2899.47	88.2422
2901.4	88.3608
2903.33	88.3452
2905.26	88.1037
2907.19	87.9104
2909.12	87.9199
2911.05	87.9107
2912.98	87.6917
2914.91	87.3937
2916.83	87.18
2918.76	86.956
2920.69	86.5824
2922.62	86.1295
2924.55	85.6777
2926.48	85.1545
2928.41	84.6046
2930.34	84.2558
2932.27	84.1774
2934.2	84.2675
2936.13	84.519
2938.06	84.9088
2939.98	85.2581
2941.91	85.467
2943.84	85.5705
2945.77	85.5284
2947.7	85.2592
2949.63	84.7543
2951.56	84.0637
2953.49	83.3487
2955.42	82.8173
2957.35	82.5367
2959.28	82.531
2961.2	82.8594
2963.13	83.4321
2965.06	84.1487
2966.99	85.1227
2968.92	86.3315
2970.85	87.437
2972.78	88.2838
2974.71	89.0255
2976.64	89.6923
2978.57	90.1904
2980.5	90.5904
2982.43	91.0155
2984.35	91.4473
2986.28	91.7951
2988.21	92.016
2990.14	92.1869
2992.07	92.4145
2994	92.5963
2995.93	92.572
2997.86	92.5632
2999.79	92.9174
3001.72	93.4714
3003.65	93.8084
3005.57	93.9306
3007.5	94.0639
3009.43	94.1936
3011.36	94.28
3013.29	94.4406
3015.22	94.6989
3017.15	94.972
3019.08	95.2383
3021.01	95.4523
3022.94	95.5309
3024.87	95.5044
3026.79	95.4818
3028.72	95.5256
3030.65	95.6021
3032.58	95.6178
3034.51	95.6022
3036.44	95.6954
3038.37	95.8464
3040.3	95.9089
3042.23	95.9796
3044.16	96.1261
3046.09	96.1534
3048.02	96.061
3049.94	96.0854
3051.87	96.1678
3053.8	96.127
3055.73	96.0741
3057.66	96.0824
3059.59	96.0393
3061.52	96.0413
3063.45	96.2302
3065.38	96.4228
3067.31	96.4637
3069.24	96.4737
3071.16	96.4863
3073.09	96.4354
3075.02	96.4196
3076.95	96.481
3078.88	96.4379
3080.81	96.2305
3082.74	96.0654
3084.67	96.1246
3086.6	96.3648
3088.53	96.5694
3090.46	96.5883
3092.39	96.5483
3094.31	96.6147
3096.24	96.644
3098.17	96.4132
3100.1	96.0416
3102.03	95.8601
3103.96	95.9894
3105.89	96.1947
3107.82	96.1895
3109.75	96.0672
3111.68	96.1602
3113.61	96.4118
3115.53	96.4088
3117.46	96.1416
3119.39	96.0525
3121.32	96.2805
3123.25	96.522
3125.18	96.581
3127.11	96.5204
3129.04	96.3818
3130.97	96.1697
3132.9	95.9733
3134.83	95.874
3136.75	95.8672
3138.68	95.9467
3140.61	96.1212
3142.54	96.3413
3144.47	96.4852
3146.4	96.4382
3148.33	96.2422
3150.26	96.0907
3152.19	96.0575
3154.12	96.0417
3156.05	96.0686
3157.98	96.2507
3159.9	96.4414
3161.83	96.4101
3163.76	96.2263
3165.69	96.0755
3167.62	95.9973
3169.55	95.9826
3171.48	95.98
3173.41	95.8757
3175.34	95.7166
3177.27	95.6803
3179.2	95.7673
3181.12	95.8661
3183.05	95.984
3184.98	96.1126
3186.91	96.1263
3188.84	95.9936
3190.77	95.8268
3192.7	95.7229
3194.63	95.7315
3196.56	95.8201
3198.49	95.8159
3200.42	95.6315
3202.35	95.4672
3204.27	95.509
3206.2	95.6371
3208.13	95.6828
3210.06	95.6761
3211.99	95.6216
3213.92	95.3886
3215.85	95.0495
3217.78	94.9513
3219.71	95.1979
3221.64	95.4359
3223.57	95.4131
3225.49	95.3157
3227.42	95.3104
3229.35	95.3034
3231.28	95.2573
3233.21	95.2051
3235.14	95.0964
3237.07	95.0061
3239	95.075
3240.93	95.1523
3242.86	95.0338
3244.79	94.8217
3246.72	94.6572
3248.64	94.5655
3250.57	94.6298
3252.5	94.8483
3254.43	95.0167
3256.36	95.0049
3258.29	94.8765
3260.22	94.7492
3262.15	94.6933
3264.08	94.6393
3266.01	94.5046
3267.94	94.4151
3269.86	94.4697
3271.79	94.513
3273.72	94.4679
3275.65	94.4726
3277.58	94.5184
3279.51	94.4298
3281.44	94.2145
3283.37	94.0692
3285.3	94.0998
3287.23	94.216
3289.16	94.2686
3291.08	94.2202
3293.01	94.149
3294.94	94.1457
3296.87	94.2313
3298.8	94.2787
3300.73	94.1345
3302.66	93.9393
3304.59	93.9735
3306.52	94.141
3308.45	94.1294
3310.38	93.9798
3312.31	93.9067
3314.23	93.8392
3316.16	93.6815
3318.09	93.5877
3320.02	93.6396
3321.95	93.7214
3323.88	93.7931
3325.81	93.8724
3327.74	93.872
3329.67	93.7689
3331.6	93.6989
3333.53	93.7057
3335.45	93.6694
3337.38	93.5587
3339.31	93.4876
3341.24	93.4998
3343.17	93.5211
3345.1	93.5173
3347.03	93.5158
3348.96	93.5166
3350.89	93.5357
3352.82	93.6137
3354.75	93.6774
3356.68	93.6054
3358.6	93.4604
3360.53	93.4068
3362.46	93.457
3364.39	93.508
3366.32	93.5039
3368.25	93.4602
3370.18	93.4645
3372.11	93.6071
3374.04	93.7837
3375.97	93.7525
3377.9	93.5077
3379.82	93.3551
3381.75	93.5109
3383.68	93.8101
3385.61	93.9076
3387.54	93.7337
3389.47	93.5697
3391.4	93.6021
3393.33	93.6898
3395.26	93.7007
3397.19	93.7093
3399.12	93.7236
3401.04	93.6597
3402.97	93.5992
3404.9	93.6564
3406.83	93.7436
3408.76	93.7684
3410.69	93.7877
3412.62	93.8345
3414.55	93.8728
3416.48	93.8852
3418.41	93.888
3420.34	93.984
3422.27	94.2315
3424.19	94.3985
3426.12	94.2913
3428.05	94.0918
3429.98	93.9527
3431.91	93.8079
3433.84	93.7241
3435.77	93.7944
3437.7	93.9214
3439.63	94.1141
3441.56	94.4087
3443.49	94.588
3445.41	94.6102
3447.34	94.7195
3449.27	94.82
3451.2	94.6372
3453.13	94.3274
3455.06	94.1401
3456.99	94.0701
3458.92	94.1426
3460.85	94.3862
3462.78	94.6404
3464.71	94.8077
3466.64	94.8544
3468.56	94.6422
3470.49	94.2909
3472.42	94.1594
3474.35	94.2245
3476.28	94.2473
3478.21	94.3705
3480.14	94.7327
3482.07	95.0231
3484	95.0405
3485.93	95.0101
3487.86	95.0245
3489.78	94.9463
3491.71	94.7957
3493.64	94.7032
3495.57	94.7038
3497.5	94.7558
3499.43	94.7659
3501.36	94.736
3503.29	94.8814
3505.22	95.2208
3507.15	95.355
3509.08	95.1397
3511	94.9745
3512.93	95.073
3514.86	95.13
3516.79	94.9864
3518.72	94.8777
3520.65	94.9813
3522.58	95.206
3524.51	95.3344
3526.44	95.2319
3528.37	95.0947
3530.3	95.201
3532.23	95.343
3534.15	95.1403
3536.08	94.7384
3538.01	94.5604
3539.94	94.6771
3541.87	94.9402
3543.8	95.2092
3545.73	95.2508
3547.66	95.1227
3549.59	95.2078
3551.52	95.4072
3553.45	95.2935
3555.37	94.9793
3557.3	94.8459
3559.23	94.9172
3561.16	95.1662
3563.09	95.5673
3565.02	95.79
3566.95	95.5757
3568.88	95.3282
3570.81	95.3434
3572.74	95.3655
3574.67	95.3695
3576.6	95.5948
3578.52	96.0311
3580.45	96.4113
3582.38	96.5621
3584.31	96.4938
3586.24	96.277
3588.17	96.1393
3590.1	96.377
3592.03	96.82
3593.96	97.0426
3595.89	96.9309
3597.82	96.9221
3599.74	97.2198
3601.67	97.4298
3603.6	97.3181
3605.53	97.1989
3607.46	97.3416
3609.39	97.5792
3611.32	97.637
3613.25	97.6059
3615.18	97.6997
3617.11	97.9214
3619.04	98.1062
3620.97	98.0795
3622.89	97.895
3624.82	97.8115
3626.75	97.9789
3628.68	98.1521
3630.61	97.837
3632.54	97.311
3634.47	97.0212
3636.4	96.9913
3638.33	97.0651
3640.26	97.1975
3642.19	97.4594
3644.11	97.8379
3646.04	98.2646
3647.97	98.6313
3649.9	98.4895
3651.83	97.8296
3653.76	97.3314
3655.69	97.2798
3657.62	97.5476
3659.55	97.687
3661.48	97.4962
3663.41	97.2047
3665.33	97.1949
3667.26	97.5521
3669.19	97.9854
3671.12	98.2137
3673.05	98.3865
3674.98	98.4683
3676.91	98.1017
3678.84	97.6476
3680.77	97.5085
3682.7	97.4852
3684.63	97.4591
3686.56	97.6646
3688.48	98.2502
3690.41	98.6636
3692.34	98.4246
3694.27	98.0243
3696.2	97.8096
3698.13	97.6849
3700.06	97.5897
3701.99	97.7535
3703.92	98.2108
3705.85	98.6068
3707.78	98.8317
3709.7	98.9364
3711.63	98.6679
3713.56	98.058
3715.49	97.7332
3717.42	97.8767
3719.35	98.1894
3721.28	98.4069
3723.21	98.6206
3725.14	98.8881
3727.07	98.9686
3729	98.8421
3730.93	98.8239
3732.85	99.1009
3734.78	99.4036
3736.71	99.2748
3738.64	98.9564
3740.57	98.8252
3742.5	98.7533
3744.43	98.5081
3746.36	98.3757
3748.29	98.6087
3750.22	98.7312
3752.15	98.3216
3754.07	97.9661
3756	97.9887
3757.93	98.0267
3759.86	97.8768
3761.79	97.7562
3763.72	97.7315
3765.65	97.649
3767.58	97.5454
3769.51	97.5231
3771.44	97.4881
3773.37	97.4489
3775.29	97.5322
3777.22	97.6498
3779.15	97.6012
3781.08	97.4412
3783.01	97.3634
3784.94	97.3903
3786.87	97.4603
3788.8	97.4902
3790.73	97.4638
3792.66	97.5221
3794.59	97.7552
3796.52	98.0001
3798.44	98.0998
3800.37	98.1037
3802.3	98.0517
3804.23	97.9914
3806.16	97.9679
3808.09	97.8597
3810.02	97.663
3811.95	97.6094
3813.88	97.7575
3815.81	97.9594
3817.74	98.1519
3819.66	98.3761
3821.59	98.362
3823.52	97.9717
3825.45	97.6461
3827.38	97.6145
3829.31	97.762
3831.24	97.9544
3833.17	98.1114
3835.1	98.1599
3837.03	98.1251
3838.96	98.0829
3840.89	97.9742
3842.81	97.7646
3844.74	97.5803
3846.67	97.558
3848.6	97.7374
3850.53	98.0936
3852.46	98.3974
3854.39	98.0992
3856.32	97.5559
3858.25	97.4642
3860.18	97.7152
3862.11	97.9098
3864.03	97.8237
3865.96	97.714
3867.89	97.7512
3869.82	97.7238
3871.75	97.554
3873.68	97.4693
3875.61	97.5337
3877.54	97.6459
3879.47	97.7644
3881.4	97.8063
3883.33	97.6629
3885.25	97.4602
3887.18	97.4615
3889.11	97.6302
3891.04	97.683
3892.97	97.5012
3894.9	97.31
3896.83	97.347
3898.76	97.6379
3900.69	97.9354
3902.62	97.8426
3904.55	97.4338
3906.48	97.1853
3908.4	97.2343
3910.33	97.3506
3912.26	97.3843
3914.19	97.3979
3916.12	97.468
3918.05	97.5176
3919.98	97.4825
3921.91	97.4434
3923.84	97.4192
3925.77	97.3632
3927.7	97.3311
3929.62	97.3517
3931.55	97.3197
3933.48	97.2171
3935.41	97.1525
3937.34	97.1361
3939.27	97.1706
3941.2	97.3156
3943.13	97.4717
3945.06	97.4486
3946.99	97.2752
3948.92	97.104
3950.85	97.0294
3952.77	97.0687
3954.7	97.1522
3956.63	97.2272
3958.56	97.3225
3960.49	97.3586
3962.42	97.1875
3964.35	96.9772
3966.28	97.0508
3968.21	97.3345
3970.14	97.4793
3972.07	97.3941
3973.99	97.258
3975.92	97.1802
3977.85	97.138
3979.78	97.0945
3981.71	97.0416
3983.64	96.9946
3985.57	96.9768
3987.5	97.0137
3989.43	97.1077
3991.36	97.1763
3993.29	97.1287
3995.22	97.0304
3997.14	97.0006
