499.643	79.8726
501.572	79.7613
503.501	79.0179
505.43	78.4683
507.36	78.1194
509.289	78.2888
511.218	79.0793
513.147	79.6488
515.076	79.5483
517.005	79.4535
518.934	79.8515
520.863	80.4005
522.792	80.8108
524.722	81.0449
526.651	81.2388
528.58	81.7487
530.509	82.4615
532.438	82.8508
534.367	82.8719
536.296	82.8604
538.225	82.9139
540.155	83.1541
542.084	83.6882
544.013	84.1191
545.942	84.1115
547.871	84.0484
549.8	84.3173
551.729	84.6684
553.658	84.8592
555.588	85.1597
557.517	85.7099
559.446	86.0815
561.375	86.0332
563.304	85.9838
565.233	86.1587
567.162	86.1382
569.091	85.7867
571.021	85.6889
572.95	86.1146
574.879	86.5197
576.808	86.52
578.737	86.5142
580.666	86.7472
582.595	86.7934
584.524	86.4326
586.454	86.0503
588.383	85.9714
590.312	86.1199
592.241	86.2221
594.17	86.0981
596.099	85.9068
598.028	85.8857
599.957	85.9392
601.887	85.8869
603.816	85.8748
605.745	86.1067
607.674	86.5014
609.603	86.8586
611.532	87.1254
613.461	87.3743
615.39	87.5692
617.32	87.5729
619.249	87.5057
621.178	87.6563
623.107	87.9604
625.036	88.1066
626.965	88.0141
628.894	87.8273
630.823	87.6705
632.753	87.619
634.682	87.6443
636.611	87.6087
638.54	87.4772
640.469	87.3238
642.398	87.1079
644.327	86.75
646.256	86.3427
648.186	86.0156
650.115	85.7682
652.044	85.607
653.973	85.6225
655.902	85.7766
657.831	85.9261
659.76	86.1135
661.689	86.4388
663.619	86.9308
665.548	87.8914
667.477	89.6145
669.406	90.6186
671.335	90.2498
673.264	90.1459
675.193	90.5762
677.122	90.933
679.052	91.1151
680.981	91.4085
682.91	91.5565
684.839	91.3551
686.768	91.1432
688.697	91.0937
690.626	91.0359
692.555	90.9106
694.485	90.7728
696.414	90.6148
698.343	90.4681
700.272	90.3898
702.201	90.3554
704.13	90.325
706.059	90.2664
707.988	90.1469
709.917	90.0292
711.847	89.9781
713.776	89.929
715.705	89.8954
717.634	90.0118
719.563	90.189
721.492	90.1685
723.421	89.9709
725.35	89.7803
727.28	89.5803
729.209	89.2728
731.138	88.8629
733.067	88.3686
734.996	87.8013
736.925	87.2644
738.854	86.8766
740.783	86.5759
742.713	86.1487
744.642	85.5641
746.571	85.1385
748.5	85.1969
750.429	85.7052
752.358	86.3752
754.287	86.9808
756.216	87.458
758.146	87.8196
760.075	88.0736
762.004	88.1806
763.933	88.085
765.862	87.8047
767.791	87.4092
769.72	86.875
771.649	86.0483
773.579	84.7695
775.508	82.9229
777.437	80.3356
779.366	76.826
781.295	72.5726
783.224	68.3636
785.153	65.2647
787.082	64.0609
789.012	65.0654
790.941	68.1383
792.87	72.5752
794.799	77.2173
796.728	80.9984
798.657	83.412
800.586	84.5568
802.515	84.8282
804.445	84.5064
806.374	83.6466
808.303	82.288
810.232	80.6284
812.161	79.0921
814.09	78.2433
816.019	78.3998
817.948	79.3549
819.878	80.6526
821.807	81.9747
823.736	83.1163
825.665	83.8884
827.594	84.2558
829.523	84.3576
831.452	84.2896
833.381	84.0207
835.311	83.5142
837.24	82.7581
839.169	81.6944
841.098	80.2919
843.027	78.7188
844.956	77.3019
846.885	76.2584
848.814	75.5383
850.744	74.9377
852.673	74.2954
854.602	73.5675
856.531	72.7925
858.46	72.0621
860.389	71.4975
862.318	71.1987
864.247	71.2097
866.177	71.5193
868.106	72.0538
870.035	72.6773
871.964	73.2556
873.893	73.7171
875.822	74.0272
877.751	74.1701
879.68	74.2062
881.609	74.2619
883.539	74.431
885.468	74.7332
887.397	75.12
889.326	75.4869
891.255	75.751
893.184	75.8978
895.113	75.9318
897.042	75.897
898.972	75.9324
900.901	76.1769
902.83	76.6841
904.759	77.4888
906.688	78.5971
908.617	79.8736
910.546	81.0773
912.475	82.0011
914.405	82.513
916.334	82.5489
918.263	82.1377
920.192	81.3901
922.121	80.4247
924.05	79.3001
925.979	78.0206
927.908	76.5943
929.838	75.0407
931.767	73.359
933.696	71.5711
935.625	69.8068
937.554	68.2746
939.483	67.128
941.412	66.3917
943.341	65.9966
945.271	65.8363
947.2	65.8249
949.129	65.9754
951.058	66.4093
952.987	67.2213
954.916	68.3215
956.845	69.4666
958.774	70.4842
960.704	71.3959
962.633	72.2861
964.562	73.1833
966.491	74.1138
968.42	75.0981
970.349	76.0619
972.278	76.8825
974.207	77.4875
976.137	77.8462
978.066	77.9531
979.995	77.8278
981.924	77.4756
983.853	76.9028
985.782	76.1679
987.711	75.3741
989.64	74.6757
991.57	74.2382
993.499	74.0425
995.428	73.8257
997.357	73.3255
999.286	72.4477
1001.22	71.215
1003.14	69.7638
1005.07	68.3313
1007	67.0879
1008.93	66.0795
1010.86	65.315
1012.79	64.6991
1014.72	63.9434
1016.65	62.7716
1018.58	61.1526
1020.51	59.2393
1022.44	57.2309
1024.36	55.3837
1026.29	54.0326
1028.22	53.4603
1030.15	53.6589
1032.08	54.2724
1034.01	54.9096
1035.94	55.4773
1037.87	56.0976
1039.8	56.8451
1041.73	57.7384
1043.66	58.8488
1045.58	60.2532
1047.51	61.939
1049.44	63.7873
1051.37	65.5851
1053.3	67.0849
1055.23	68.1561
1057.16	68.8864
1059.09	69.4695
1061.02	69.9673
1062.95	70.2178
1064.88	70.0181
1066.81	69.4035
1068.73	68.7227
1070.66	68.4159
1072.59	68.7078
1074.52	69.4995
1076.45	70.5181
1078.38	71.536
1080.31	72.4474
1082.24	73.1972
1084.17	73.7239
1086.1	73.974
1088.03	73.9155
1089.95	73.541
1091.88	72.8934
1093.81	72.0575
1095.74	71.1153
1097.67	70.1414
1099.6	69.2035
1101.53	68.2986
1103.46	67.3375
1105.39	66.2508
1107.32	65.0602
1109.25	63.8346
1111.18	62.6481
1113.1	61.5777
1115.03	60.6581
1116.96	59.829
1118.89	58.9682
1120.82	57.9806
1122.75	56.854
1124.68	55.6404
1126.61	54.3847
1128.54	53.0912
1130.47	51.7721
1132.4	50.4769
1134.32	49.2443
1136.25	48.079
1138.18	46.9892
1140.11	46.0033
1142.04	45.1546
1143.97	44.4711
1145.9	43.9664
1147.83	43.6297
1149.76	43.4296
1151.69	43.3328
1153.62	43.3356
1155.55	43.4641
1157.47	43.7362
1159.4	44.1618
1161.33	44.7753
1163.26	45.6136
1165.19	46.6784
1167.12	47.9591
1169.05	49.4458
1170.98	51.0996
1172.91	52.8623
1174.84	54.6969
1176.77	56.5752
1178.69	58.4431
1180.62	60.2416
1182.55	61.9384
1184.48	63.5178
1186.41	64.9678
1188.34	66.2731
1190.27	67.4128
1192.2	68.4091
1194.13	69.3482
1196.06	70.273
1197.99	71.1138
1199.91	71.7963
1201.84	72.3097
1203.77	72.6167
1205.7	72.6359
1207.63	72.3351
1209.56	71.7122
1211.49	70.7229
1213.42	69.3427
1215.35	67.6162
1217.28	65.5859
1219.21	63.2875
1221.14	60.8108
1223.06	58.2518
1224.99	55.6454
1226.92	53.0077
1228.85	50.3922
1230.78	47.888
1232.71	45.6092
1234.64	43.6912
1236.57	42.2467
1238.5	41.2746
1240.43	40.6228
1242.36	40.0929
1244.28	39.5717
1246.21	39.0144
1248.14	38.3803
1250.07	37.6903
1252	37.0657
1253.93	36.628
1255.86	36.4702
1257.79	36.7083
1259.72	37.3986
1261.65	38.4758
1263.58	39.8764
1265.51	41.5676
1267.43	43.4576
1269.36	45.4446
1271.29	47.4664
1273.22	49.4449
1275.15	51.3323
1277.08	53.1552
1279.01	54.9233
1280.94	56.6164
1282.87	58.2522
1284.8	59.8518
1286.73	61.3901
1288.65	62.8276
1290.58	64.1324
1292.51	65.2777
1294.44	66.2699
1296.37	67.188
1298.3	68.1938
1300.23	69.4745
1302.16	71.1318
1304.09	73.122
1306.02	75.2761
1307.95	77.3466
1309.87	79.0862
1311.8	80.3053
1313.73	80.8793
1315.66	80.7996
1317.59	80.2128
1319.52	79.4498
1321.45	78.9936
1323.38	79.189
1325.31	80.0458
1327.24	81.3122
1329.17	82.6348
1331.1	83.7257
1333.02	84.4263
1334.95	84.7786
1336.88	84.9754
1338.81	85.1677
1340.74	85.4165
1342.67	85.7608
1344.6	86.2287
1346.53	86.7855
1348.46	87.2588
1350.39	87.4095
1352.32	87.1365
1354.24	86.49
1356.17	85.6957
1358.1	85.1356
1360.03	84.9074
1361.96	84.6303
1363.89	83.9907
1365.82	83.1228
1367.75	82.0572
1369.68	80.7951
1371.61	79.6241
1373.54	78.6884
1375.47	77.9221
1377.39	77.4089
1379.32	77.2058
1381.25	77.2392
1383.18	77.4923
1385.11	78.0811
1387.04	79.0895
1388.97	80.171
1390.9	80.8971
1392.83	81.2708
1394.76	81.3202
1396.69	80.9691
1398.61	80.2696
1400.54	79.542
1402.47	79.1345
1404.4	79.1092
1406.33	79.3879
1408.26	79.9291
1410.19	80.7469
1412.12	81.7791
1414.05	82.8101
1415.98	83.818
1417.91	84.9222
1419.83	85.8756
1421.76	86.3838
1423.69	86.5367
1425.62	86.4755
1427.55	86.2537
1429.48	85.6223
1431.41	84.486
1433.34	83.286
1435.27	82.0253
1437.2	80.3439
1439.13	78.7484
1441.06	77.6659
1442.98	76.861
1444.91	76.2633
1446.84	75.843
1448.77	75.4165
1450.7	75.0988
1452.63	75.222
1454.56	75.9019
1456.49	77.1732
1458.42	78.4671
1460.35	79.2856
1462.28	80.1893
1464.2	81.4897
1466.13	82.8392
1468.06	83.888
1469.99	84.9737
1471.92	86.2461
1473.85	87.1462
1475.78	87.5158
1477.71	87.8814
1479.64	88.34
1481.57	88.8059
1483.5	89.2764
1485.43	89.8176
1487.35	90.5475
1489.28	91.4253
1491.21	92.0974
1493.14	92.6151
1495.07	93.2906
1497	94.0282
1498.93	94.4109
1500.86	94.5883
1502.79	94.9448
1504.72	95.5453
1506.65	96.093
1508.57	95.9999
1510.5	95.7296
1512.43	95.6946
1514.36	95.8644
1516.29	96.1602
1518.22	96.4718
1520.15	96.6664
1522.08	96.6429
1524.01	96.4845
1525.94	96.2762
1527.87	96.0838
1529.8	96.0467
1531.72	96.1781
1533.65	96.3158
1535.58	96.4032
1537.51	96.6529
1539.44	97.1245
1541.37	97.245
1543.3	96.7924
1545.23	96.3835
1547.16	96.1917
1549.09	96.1919
1551.02	96.2653
1552.94	96.324
1554.87	96.5044
1556.8	96.9303
1558.73	97.1381
1560.66	96.5974
1562.59	96.1128
1564.52	95.9317
1566.45	95.9533
1568.38	96.0083
1570.31	95.8514
1572.24	95.645
1574.16	95.6657
1576.09	95.7455
1578.02	95.5295
1579.95	95.2543
1581.88	95.1725
1583.81	95.2145
1585.74	95.2736
1587.67	95.3395
1589.6	95.4118
1591.53	95.4668
1593.46	95.4977
1595.39	95.4885
1597.31	95.4285
1599.24	95.3614
1601.17	95.3177
1603.1	95.2669
1605.03	95.2125
1606.96	95.1969
1608.89	95.1575
1610.82	95.0434
1612.75	95.0117
1614.68	95.0885
1616.61	94.9207
1618.53	94.4637
1620.46	94.1596
1622.39	93.9326
1624.32	93.54
1626.25	93.0409
1628.18	92.4075
1630.11	91.6867
1632.04	91.2404
1633.97	91.0789
1635.9	90.6694
1637.83	90.1003
1639.76	90.2768
1641.68	91.21
1643.61	92.454
1645.54	93.6497
1647.47	94.3755
1649.4	94.6426
1651.33	94.9575
1653.26	95.2228
1655.19	94.8572
1657.12	94.4959
1659.05	94.4481
1660.98	94.4868
1662.9	94.3141
1664.83	94.041
1666.76	93.9806
1668.69	94.0626
1670.62	93.9213
1672.55	93.642
1674.48	93.4029
1676.41	92.9577
1678.34	92.4665
1680.27	92.2841
1682.2	92.2166
1684.12	91.8157
1686.05	91.1045
1687.98	90.3322
1689.91	89.5121
1691.84	88.6572
1693.77	87.6092
1695.7	86.3202
1697.63	84.832
1699.56	82.5805
1701.49	79.6769
1703.42	77.0085
1705.35	74.0973
1707.27	70.428
1709.2	66.7717
1711.13	63.6278
1713.06	60.8107
1714.99	58.4065
1716.92	56.1884
1718.85	53.9907
1720.78	52.8186
1722.71	52.7749
1724.64	53.2526
1726.57	54.0787
1728.49	55.2687
1730.42	56.5642
1732.35	57.5877
1734.28	57.8509
1736.21	57.4812
1738.14	57.007
1740.07	56.3601
1742	55.5683
1743.93	55.2032
1745.86	55.4612
1747.79	56.3114
1749.72	57.9811
1751.64	60.0938
1753.57	62.2704
1755.5	65.0124
1757.43	68.4172
1759.36	71.9225
1761.29	75.4626
1763.22	79.022
1765.15	82.0386
1767.08	84.5264
1769.01	86.9079
1770.94	89.0699
1772.86	90.7134
1774.79	91.9113
1776.72	92.7493
1778.65	93.3808
1780.58	93.9832
1782.51	94.4386
1784.44	94.7003
1786.37	94.9865
1788.3	95.3363
1790.23	95.6497
1792.16	95.8497
1794.08	95.8653
1796.01	95.8763
1797.94	96.0324
1799.87	96.1896
1801.8	96.2247
1803.73	96.2286
1805.66	96.2269
1807.59	96.2483
1809.52	96.3516
1811.45	96.4191
1813.38	96.4061
1815.31	96.4537
1817.23	96.5305
1819.16	96.5629
1821.09	96.6718
1823.02	96.8651
1824.95	96.9948
1826.88	97.0769
1828.81	97.1732
1830.74	97.1921
1832.67	97.1292
1834.6	97.1012
1836.53	97.1323
1838.45	97.1626
1840.38	97.1738
1842.31	97.2559
1844.24	97.4461
1846.17	97.546
1848.1	97.4658
1850.03	97.3738
1851.96	97.3737
1853.89	97.4174
1855.82	97.4366
1857.75	97.448
1859.68	97.4936
1861.6	97.549
1863.53	97.6326
1865.46	97.8687
1867.39	98.2089
1869.32	98.3089
1871.25	98.0959
1873.18	97.8844
1875.11	97.8065
1877.04	97.866
1878.97	98.0202
1880.9	98.1095
1882.82	98.0801
1884.75	98.0905
1886.68	98.1792
1888.61	98.1958
1890.54	98.1133
1892.47	98.0352
1894.4	97.9823
1896.33	97.9892
1898.26	98.132
1900.19	98.3239
1902.12	98.4153
1904.05	98.4491
1905.97	98.5393
1907.9	98.6163
1909.83	98.5663
1911.76	98.4883
1913.69	98.5424
1915.62	98.6646
1917.55	98.6494
1919.48	98.5262
1921.41	98.5732
1923.34	98.755
1925.27	98.7365
1927.19	98.553
1929.12	98.5323
1931.05	98.6441
1932.98	98.6607
1934.91	98.6681
1936.84	98.8567
1938.77	99.1685
1940.7	99.4066
1942.63	99.4021
1944.56	99.2058
1946.49	99.1097
1948.41	99.2274
1950.34	99.4175
1952.27	99.5877
1954.2	99.7413
1956.13	99.8392
1958.06	99.8728
1959.99	99.8642
1961.92	99.7676
1963.85	99.6431
1965.78	99.6948
1967.71	99.8948
1969.64	99.9871
1971.56	99.9919
1973.49	100.054
1975.42	100.031
1977.35	99.9117
1979.28	99.9906
1981.21	100.186
1983.14	100.155
1985.07	100.06
1987	100.174
1988.93	100.276
1990.86	100.171
1992.78	100.056
1994.71	100.037
1996.64	100.032
1998.57	100.055
2000.5	100.119
2002.43	100.145
2004.36	100.128
2006.29	100.179
2008.22	100.345
2010.15	100.437
2012.08	100.303
2014.01	100.136
2015.93	100.151
2017.86	100.279
2019.79	100.456
2021.72	100.658
2023.65	100.683
2025.58	100.519
2027.51	100.457
2029.44	100.528
2031.37	100.523
2033.3	100.466
2035.23	100.444
2037.15	100.399
2039.08	100.36
2041.01	100.406
2042.94	100.458
2044.87	100.46
2046.8	100.474
2048.73	100.462
2050.66	100.347
2052.59	100.217
2054.52	100.174
2056.45	100.139
2058.37	100.024
2060.3	99.92
2062.23	99.9332
2064.16	99.9825
2066.09	99.9115
2068.02	99.7677
2069.95	99.7842
2071.88	99.9902
2073.81	100.065
2075.74	99.804
2077.67	99.4639
2079.6	99.3532
2081.52	99.4335
2083.45	99.5044
2085.38	99.4839
2087.31	99.4291
2089.24	99.4305
2091.17	99.4655
2093.1	99.4371
2095.03	99.4171
2096.96	99.5236
2098.89	99.5812
2100.82	99.3998
2102.74	99.1828
2104.67	99.1768
2106.6	99.3025
2108.53	99.405
2110.46	99.3952
2112.39	99.1814
2114.32	98.8914
2116.25	98.8347
2118.18	99.011
2120.11	99.1404
2122.04	99.1568
2123.97	99.1905
2125.89	99.3009
2127.82	99.5046
2129.75	99.6909
2131.68	99.586
2133.61	99.2737
2135.54	99.3162
2137.47	99.8555
2139.4	100.295
2141.33	100.306
2143.26	100.254
2145.19	100.355
2147.11	100.351
2149.04	100.168
2150.97	100.072
2152.9	100.172
2154.83	100.367
2156.76	100.522
2158.69	100.494
2160.62	100.339
2162.55	100.379
2164.48	100.627
2166.41	100.656
2168.33	100.323
2170.26	99.9907
2172.19	99.8586
2174.12	99.7769
2176.05	99.7568
2177.98	99.9589
2179.91	100.254
2181.84	100.419
2183.77	100.476
2185.7	100.41
2187.63	100.096
2189.56	99.7321
2191.48	99.6801
2193.41	99.9093
2195.34	100.15
2197.27	100.32
2199.2	100.466
2201.13	100.578
2203.06	100.592
2204.99	100.474
2206.92	100.239
2208.85	99.9157
2210.78	99.617
2212.7	99.5488
2214.63	99.6868
2216.56	99.7427
2218.49	99.7019
2220.42	99.8424
2222.35	100.135
2224.28	100.224
2226.21	99.9619
2228.14	99.5867
2230.07	99.4359
2232	99.5291
2233.93	99.5764
2235.85	99.5553
2237.78	99.7255
2239.71	99.9452
2241.64	99.8521
2243.57	99.6427
2245.5	99.7344
2247.43	100
2249.36	100.079
2251.29	99.979
2253.22	99.9104
2255.15	99.9289
2257.07	99.9698
2259	99.9557
2260.93	99.8743
2262.86	99.8367
2264.79	99.8959
2266.72	99.9027
2268.65	99.7961
2270.58	99.7329
2272.51	99.7185
2274.44	99.6075
2276.37	99.5064
2278.29	99.5874
2280.22	99.7063
2282.15	99.7127
2284.08	99.7097
2286.01	99.7305
2287.94	99.7018
2289.87	99.7452
2291.8	100.001
2293.73	100.311
2295.66	100.468
2297.59	100.565
2299.52	100.76
2301.44	100.988
2303.37	101.175
2305.3	101.504
2307.23	102.159
2309.16	102.958
2311.09	103.57
2313.02	103.997
2314.95	104.465
2316.88	105.026
2318.81	105.701
2320.74	106.632
2322.66	107.672
2324.59	108.482
2326.52	109.153
2328.45	109.851
2330.38	110.313
2332.31	110.434
2334.24	110.604
2336.17	110.91
2338.1	111.165
2340.03	111.557
2341.96	112.024
2343.89	111.469
2345.81	109.599
2347.74	108.116
2349.67	108.049
2351.6	109.499
2353.53	112.067
2355.46	114.447
2357.39	115.93
2359.32	116.67
2361.25	116.363
2363.18	115.485
2365.11	114.784
2367.03	113.711
2368.96	111.598
2370.89	108.986
2372.82	106.672
2374.75	104.706
2376.68	102.931
2378.61	101.509
2380.54	100.502
2382.47	99.6661
2384.4	98.87
2386.33	98.2624
2388.26	97.9791
2390.18	97.9295
2392.11	97.886
2394.04	97.7117
2395.97	97.513
2397.9	97.4862
2399.83	97.602
2401.76	97.672
2403.69	97.6966
2405.62	97.8163
2407.55	97.9981
2409.48	98.0705
2411.4	97.9794
2413.33	97.844
2415.26	97.8133
2417.19	97.893
2419.12	97.9642
2421.05	98.0088
2422.98	98.1168
2424.91	98.2381
2426.84	98.2169
2428.77	98.0693
2430.7	97.9641
2432.62	97.9966
2434.55	98.1463
2436.48	98.319
2438.41	98.3748
2440.34	98.2947
2442.27	98.2667
2444.2	98.3913
2446.13	98.4583
2448.06	98.3098
2449.99	98.1938
2451.92	98.36
2453.85	98.5884
2455.77	98.5485
2457.7	98.3191
2459.63	98.1764
2461.56	98.198
2463.49	98.3028
2465.42	98.3963
2467.35	98.4207
2469.28	98.4004
2471.21	98.3679
2473.14	98.3014
2475.07	98.2464
2476.99	98.287
2478.92	98.3661
2480.85	98.3937
2482.78	98.4324
2484.71	98.5498
2486.64	98.6552
2488.57	98.6279
2490.5	98.4978
2492.43	98.4156
2494.36	98.4344
2496.29	98.4343
2498.22	98.3628
2500.14	98.3545
2502.07	98.4915
2504	98.6687
2505.93	98.7302
2507.86	98.5846
2509.79	98.2934
2511.72	98.081
2513.65	98.0849
2515.58	98.189
2517.51	98.253
2519.44	98.2882
2521.36	98.3174
2523.29	98.3291
2525.22	98.3673
2527.15	98.4165
2529.08	98.3502
2531.01	98.1936
2532.94	98.1308
2534.87	98.1651
2536.8	98.1884
2538.73	98.2582
2540.66	98.3549
2542.58	98.2462
2544.51	97.9591
2546.44	97.8196
2548.37	97.89
2550.3	97.9707
2552.23	98.0221
2554.16	98.0944
2556.09	98.1238
2558.02	98.0758
2559.95	98.0156
2561.88	97.9992
2563.81	98.0406
2565.73	98.0853
2567.66	98.0404
2569.59	97.9562
2571.52	97.9854
2573.45	98.0881
2575.38	98.0852
2577.31	97.993
2579.24	97.9408
2581.17	97.8732
2583.1	97.7057
2585.03	97.5706
2586.95	97.5997
2588.88	97.7165
2590.81	97.8131
2592.74	97.8754
2594.67	97.8871
2596.6	97.8317
2598.53	97.7599
2600.46	97.7101
2602.39	97.628
2604.32	97.4961
2606.25	97.4467
2608.18	97.5534
2610.1	97.6465
2612.03	97.5833
2613.96	97.4663
2615.89	97.3859
2617.82	97.3142
2619.75	97.292
2621.68	97.3175
2623.61	97.2573
2625.54	97.1516
2627.47	97.175
2629.4	97.2596
2631.32	97.2536
2633.25	97.2141
2635.18	97.177
2637.11	97.0682
2639.04	96.9589
2640.97	96.9668
2642.9	97.0373
2644.83	97.0991
2646.76	97.1498
2648.69	97.1355
2650.62	97.0328
2652.54	96.9278
2654.47	96.8603
2656.4	96.7905
2658.33	96.7216
2660.26	96.6806
2662.19	96.6605
2664.12	96.6581
2666.05	96.6797
2667.98	96.716
2669.91	96.741
2671.84	96.7107
2673.77	96.616
2675.69	96.5267
2677.62	96.4947
2679.55	96.4915
2681.48	96.4961
2683.41	96.5157
2685.34	96.5324
2687.27	96.5437
2689.2	96.5836
2691.13	96.6348
2693.06	96.6156
2694.99	96.4996
2696.91	96.384
2698.84	96.3766
2700.77	96.4394
2702.7	96.4574
2704.63	96.4383
2706.56	96.4661
2708.49	96.5108
2710.42	96.4817
2712.35	96.3919
2714.28	96.3321
2716.21	96.3422
2718.14	96.3741
2720.06	96.3694
2721.99	96.3409
2723.92	96.3089
2725.85	96.2346
2727.78	96.1357
2729.71	96.0959
2731.64	96.0714
2733.57	95.9731
2735.5	95.9136
2737.43	95.9996
2739.36	96.0651
2741.28	95.9817
2743.21	95.9203
2745.14	96.004
2747.07	96.0762
2749	96.004
2750.93	95.8869
2752.86	95.8751
2754.79	95.9752
2756.72	96.0623
2758.65	96.0425
2760.58	95.9682
2762.51	95.9292
2764.43	95.9255
2766.36	95.9339
2768.29	95.9504
2770.22	95.9354
2772.15	95.8659
2774.08	95.7845
2776.01	95.7208
2777.94	95.6682
2779.87	95.6141
2781.8	95.5235
2783.73	95.4073
2785.65	95.3682
2787.58	95.4421
2789.51	95.5332
2791.44	95.576
2793.37	95.5797
2795.3	95.5356
2797.23	95.4478
2799.16	95.3762
2801.09	95.3589
2803.02	95.3665
2804.95	95.3474
2806.87	95.2752
2808.8	95.1586
2810.73	95.0309
2812.66	94.9468
2814.59	94.9446
2816.52	94.9683
2818.45	94.9227
2820.38	94.8144
2822.31	94.6964
2824.24	94.5407
2826.17	94.32
2828.1	94.0825
2830.02	93.8564
2831.95	93.6268
2833.88	93.4015
2835.81	93.2036
2837.74	93.0595
2839.67	92.9714
2841.6	92.8514
2843.53	92.6239
2845.46	92.366
2847.39	92.1451
2849.32	91.8681
2851.24	91.4841
2853.17	91.0818
2855.1	90.6694
2857.03	90.1633
2858.96	89.5808
2860.89	88.9895
2862.82	88.3922
2864.75	87.8426
2866.68	87.4535
2868.61	87.1864
2870.54	86.901
2872.47	86.6365
2874.39	86.5578
2876.32	86.6983
2878.25	86.9957
2880.18	87.3988
2882.11	87.7882
2884.04	88.0552
2885.97	88.266
2887.9	88.4741
2889.83	88.5615
2891.76	88.496
2893.69	88.4129
2895.61	88.3505
2897.54	88.2742
2899.47	88.2429
2901.4	88.2254
2903.33	88.0532
2905.26	87.7844
2907.19	87.692
2909.12	87.785
2911.05	87.7863
2912.98	87.6019
2914.91	87.3964
2916.83	87.2104
2918.76	86.8748
2920.69	86.346
2922.62	85.8079
2924.55	85.3537
2926.48	84.8836
2928.41	84.4314
2930.34	84.2223
2932.27	84.2837
2934.2	84.4014
2936.13	84.5182
2938.06	84.7547
2939.98	85.068
2941.91	85.2754
2943.84	85.3113
2945.77	85.2318
2947.7	85.0986
2949.63	84.8788
2951.56	84.3997
2953.49	83.6084
2955.42	82.838
2957.35	82.4891
2959.28	82.5625
2961.2	82.8379
2963.13	83.3125
2965.06	84.119
2966.99	85.192
2968.92	86.307
2970.85	87.3444
2972.78	88.3118
2974.71	89.1721
2976.64	89.8192
2978.57	90.2402
2980.5	90.6108
2982.43	91.1215
2984.35	91.6969
2986.28	92.0473
2988.21	92.0812
2990.14	92.0564
2992.07	92.2105
2994	92.4681
2995.93	92.6363
2997.86	92.7345
2999.79	92.9478
3001.72	93.3134
3003.65	93.6635
3005.57	93.8767
3007.5	93.9804
3009.43	94.0497
3011.36	94.1762
3013.29	94.4124
3015.22	94.6646
3017.15	94.8193
3019.08	94.9417
3021.01	95.1417
3022.94	95.341
3024.87	95.4073
3026.79	95.4243
3028.72	95.5457
3030.65	95.6593
3032.58	95.5761
3034.51	95.4638
3036.44	95.595
3038.37	95.8225
3040.3	95.87
3042.23	95.8687
3044.16	96.0193
3046.09	96.1319
3048.02	96.0239
3049.94	95.9235
3051.87	96.0354
3053.8	96.1807
3055.73	96.1933
3057.66	96.1848
3059.59	96.2139
3061.52	96.1991
3063.45	96.1839
3065.38	96.2348
3067.31	96.2598
3069.24	96.2132
3071.16	96.1706
3073.09	96.1928
3075.02	96.3486
3076.95	96.5834
3078.88	96.5894
3080.81	96.2798
3082.74	96.0643
3084.67	96.2025
3086.6	96.4351
3088.53	96.506
3090.46	96.4849
3092.39	96.4923
3094.31	96.5014
3096.24	96.4288
3098.17	96.2693
3100.1	96.1032
3102.03	95.9973
3103.96	96.0004
3105.89	96.1522
3107.82	96.335
3109.75	96.3439
3111.68	96.2408
3113.61	96.2495
3115.53	96.2792
3117.46	96.1184
3119.39	95.9997
3121.32	96.2656
3123.25	96.616
3125.18	96.4605
3127.11	95.9462
3129.04	95.767
3130.97	96.0306
3132.9	96.204
3134.83	96.0939
3136.75	96.0269
3138.68	96.1111
3140.61	96.1592
3142.54	96.1869
3144.47	96.3127
3146.4	96.4208
3148.33	96.4055
3150.26	96.3855
3152.19	96.3986
3154.12	96.3211
3156.05	96.188
3157.98	96.1629
3159.9	96.1935
3161.83	96.0861
3163.76	95.8587
3165.69	95.7177
3167.62	95.7884
3169.55	96.0244
3171.48	96.2256
3173.41	96.1498
3175.34	95.813
3177.27	95.5402
3179.2	95.5594
3181.12	95.7815
3183.05	96.021
3184.98	96.1184
3186.91	95.9641
3188.84	95.6935
3190.77	95.5833
3192.7	95.6264
3194.63	95.5967
3196.56	95.513
3198.49	95.5918
3200.42	95.811
3202.35	95.9135
3204.27	95.7795
3206.2	95.5625
3208.13	95.4801
3210.06	95.5477
3211.99	95.5606
3213.92	95.3678
3215.85	95.0942
3217.78	94.9949
3219.71	95.1208
3221.64	95.2472
3223.57	95.2032
3225.49	95.1008
3227.42	95.0758
3229.35	95.0825
3231.28	95.0943
3233.21	95.143
3235.14	95.1503
3237.07	95.0798
3239	95.0167
3240.93	94.9234
3242.86	94.7709
3244.79	94.7256
3246.72	94.7407
3248.64	94.5815
3250.57	94.4424
3252.5	94.6213
3254.43	94.825
3256.36	94.7222
3258.29	94.5852
3260.22	94.6808
3262.15	94.8009
3264.08	94.737
3266.01	94.6101
3267.94	94.5926
3269.86	94.6183
3271.79	94.517
3273.72	94.3399
3275.65	94.273
3277.58	94.3082
3279.51	94.3486
3281.44	94.4045
3283.37	94.4428
3285.3	94.3858
3287.23	94.2657
3289.16	94.1259
3291.08	93.9845
3293.01	93.9348
3294.94	93.9896
3296.87	93.9967
3298.8	93.8832
3300.73	93.7479
3302.66	93.7044
3304.59	93.7696
3306.52	93.8435
3308.45	93.8331
3310.38	93.7885
3312.31	93.7558
3314.23	93.6708
3316.16	93.558
3318.09	93.5468
3320.02	93.6479
3321.95	93.7649
3323.88	93.8247
3325.81	93.768
3327.74	93.6128
3329.67	93.5097
3331.6	93.5359
3333.53	93.5713
3335.45	93.5196
3337.38	93.4399
3339.31	93.3841
3341.24	93.3471
3343.17	93.3626
3345.1	93.4184
3347.03	93.4148
3348.96	93.3835
3350.89	93.4416
3352.82	93.5032
3354.75	93.4501
3356.68	93.4086
3358.6	93.4728
3360.53	93.5014
3362.46	93.4374
3364.39	93.4167
3366.32	93.4798
3368.25	93.5265
3370.18	93.5309
3372.11	93.5581
3374.04	93.5963
3375.97	93.5507
3377.9	93.4626
3379.82	93.5299
3381.75	93.7721
3383.68	93.933
3385.61	93.8331
3387.54	93.5704
3389.47	93.3449
3391.4	93.2963
3393.33	93.4321
3395.26	93.6119
3397.19	93.6965
3399.12	93.6705
3401.04	93.6009
3402.97	93.5615
3404.9	93.5682
3406.83	93.5894
3408.76	93.6543
3410.69	93.7913
3412.62	93.8775
3414.55	93.8327
3416.48	93.8241
3418.41	93.969
3420.34	94.1072
3422.27	94.1333
3424.19	94.1583
3426.12	94.1638
3428.05	94.0087
3429.98	93.7623
3431.91	93.601
3433.84	93.5673
3435.77	93.6646
3437.7	93.8818
3439.63	94.0978
3441.56	94.2374
3443.49	94.3484
3445.41	94.4155
3447.34	94.4026
3449.27	94.3884
3451.2	94.3824
3453.13	94.3019
3455.06	94.2046
3456.99	94.1955
3458.92	94.2531
3460.85	94.3787
3462.78	94.5985
3464.71	94.7878
3466.64	94.7959
3468.56	94.6527
3470.49	94.5194
3472.42	94.4722
3474.35	94.4074
3476.28	94.3343
3478.21	94.4968
3480.14	94.8465
3482.07	94.9814
3484	94.9005
3485.93	94.912
3487.86	94.9095
3489.78	94.7521
3491.71	94.6387
3493.64	94.5373
3495.57	94.3183
3497.5	94.3219
3499.43	94.7182
3501.36	95.0785
3503.29	95.2153
3505.22	95.3553
3507.15	95.3683
3509.08	95.045
3511	94.7623
3512.93	94.8446
3514.86	94.9157
3516.79	94.6687
3518.72	94.4538
3520.65	94.6479
3522.58	95.0856
3524.51	95.3734
3526.44	95.3388
3528.37	95.1009
3530.3	94.9045
3532.23	94.8554
3534.15	94.8447
3536.08	94.789
3538.01	94.7221
3539.94	94.7026
3541.87	94.8002
3543.8	94.9566
3545.73	94.9344
3547.66	94.85
3549.59	95.1285
3551.52	95.5506
3553.45	95.45
3555.37	94.9175
3557.3	94.6103
3559.23	94.6774
3561.16	94.9396
3563.09	95.3291
3565.02	95.7103
3566.95	95.7979
3568.88	95.6362
3570.81	95.5844
3572.74	95.6627
3574.67	95.6681
3576.6	95.5399
3578.52	95.5163
3580.45	95.7954
3582.38	96.1665
3584.31	96.3546
3586.24	96.422
3588.17	96.4552
3590.1	96.4268
3592.03	96.5137
3593.96	96.8229
3595.89	97.0701
3597.82	97.0704
3599.74	97.0631
3601.67	97.1137
3603.6	97.0852
3605.53	97.0986
3607.46	97.3011
3609.39	97.4508
3611.32	97.3428
3613.25	97.2928
3615.18	97.5358
3617.11	97.7839
3619.04	97.6924
3620.97	97.3701
3622.89	97.2087
3624.82	97.4027
3626.75	97.9948
3628.68	98.568
3630.61	98.282
3632.54	97.5986
3634.47	97.2779
3636.4	97.25
3638.33	97.2006
3640.26	97.1826
3642.19	97.3826
3644.11	97.7561
3646.04	98.2322
3647.97	98.7015
3649.9	98.5479
3651.83	97.8568
3653.76	97.5369
3655.69	97.5987
3657.62	97.4758
3659.55	97.0745
3661.48	96.9122
3663.41	97.1693
3665.33	97.582
3667.26	97.9916
3669.19	98.3573
3671.12	98.5183
3673.05	98.6308
3674.98	98.787
3676.91	98.4756
3678.84	97.8235
3680.77	97.5045
3682.7	97.5321
3684.63	97.6787
3686.56	97.9662
3688.48	98.4316
3690.41	98.6737
3692.34	98.4688
3694.27	98.0821
3696.2	97.6402
3698.13	97.3302
3700.06	97.3816
3701.99	97.7453
3703.92	98.1813
3705.85	98.5592
3707.78	98.7859
3709.7	98.7697
3711.63	98.6217
3713.56	98.4696
3715.49	98.2852
3717.42	98.2207
3719.35	98.3894
3721.28	98.5244
3723.21	98.4776
3725.14	98.5766
3727.07	98.8275
3729	98.8748
3730.93	98.8266
3732.85	98.9749
3734.78	99.0456
3736.71	98.6639
3738.64	98.3546
3740.57	98.3973
3742.5	98.4531
3744.43	98.2651
3746.36	98.1967
3748.29	98.515
3750.22	98.7559
3752.15	98.3911
3754.07	97.8671
3756	97.7044
3757.93	97.7747
3759.86	97.8172
3761.79	97.7594
3763.72	97.7065
3765.65	97.7193
3767.58	97.7832
3769.51	97.7883
3771.44	97.6202
3773.37	97.4189
3775.29	97.4072
3777.22	97.5189
3779.15	97.4938
3781.08	97.3176
3783.01	97.2072
3784.94	97.1984
3786.87	97.2446
3788.8	97.3345
3790.73	97.4135
3792.66	97.4916
3794.59	97.6492
3796.52	97.8033
3798.44	97.8439
3800.37	97.9133
3802.3	98.0673
3804.23	98.098
3806.16	97.9761
3808.09	97.7483
3810.02	97.4766
3811.95	97.3829
3813.88	97.5828
3815.81	97.8566
3817.74	97.9323
3819.66	98.0027
3821.59	98.0905
3823.52	97.8985
3825.45	97.6129
3827.38	97.5428
3829.31	97.6465
3831.24	97.7789
3833.17	97.9278
3835.1	98.0324
3837.03	97.9377
3838.96	97.6928
3840.89	97.5616
3842.81	97.5761
3844.74	97.5779
3846.67	97.5467
3848.6	97.6011
3850.53	97.8079
3852.46	98.0185
3854.39	97.8162
3856.32	97.4064
3858.25	97.3498
3860.18	97.6682
3862.11	98.0252
3864.03	98.0083
3865.96	97.7563
3867.89	97.6626
3869.82	97.6796
3871.75	97.5731
3873.68	97.4149
3875.61	97.4111
3877.54	97.5885
3879.47	97.8146
3881.4	97.8675
3883.33	97.674
3885.25	97.4224
3887.18	97.3337
3889.11	97.3914
3891.04	97.4057
3892.97	97.3256
3894.9	97.3437
3896.83	97.553
3898.76	97.849
3900.69	98.0833
3902.62	98.1107
3904.55	97.822
3906.48	97.3744
3908.4	97.0846
3910.33	97.0066
3912.26	97.0308
3914.19	97.1254
3916.12	97.3168
3918.05	97.5544
3919.98	97.7204
3921.91	97.7451
3923.84	97.6198
3925.77	97.4519
3927.7	97.3976
3929.62	97.3968
3931.55	97.2847
3933.48	97.1207
3935.41	97.0741
3937.34	97.1165
3939.27	97.1828
3941.2	97.3034
3943.13	97.4452
3945.06	97.5077
3946.99	97.4718
3948.92	97.352
3950.85	97.2165
3952.77	97.2023
3954.7	97.2817
3956.63	97.3012
3958.56	97.2737
3960.49	97.3043
3962.42	97.3479
3964.35	97.3314
3966.28	97.2847
3968.21	97.2544
3970.14	97.2967
3972.07	97.4127
3973.99	97.4523
3975.92	97.3263
3977.85	97.1578
3979.78	97.0433
3981.71	96.9682
3983.64	96.954
3985.57	96.9888
3987.5	96.9821
3989.43	96.9486
3991.36	96.977
3993.29	97.0387
3995.22	97.0691
3997.14	97.0766
