499.643	78.5075
501.572	79.1815
503.501	79.3247
505.43	80.0282
507.36	80.6849
509.289	80.2867
511.218	79.1183
513.147	78.1818
515.076	78.2513
517.005	79.2655
518.934	80.1215
520.863	80.212
522.792	80.3112
524.722	80.7992
526.651	81.1651
528.58	81.4609
530.509	82.1631
532.438	82.917
534.367	83.0875
536.296	82.8609
538.225	82.9024
540.155	83.4271
542.084	83.9306
544.013	83.8678
545.942	83.6314
547.871	84.0872
549.8	85.0097
551.729	85.3504
553.658	85.0766
555.588	85.1013
557.517	85.5475
559.446	85.7619
561.375	85.7671
563.304	86.089
565.233	86.5173
567.162	86.4572
569.091	86.0911
571.021	86.071
572.95	86.433
574.879	86.6961
576.808	86.694
578.737	86.7005
580.666	86.8156
582.595	86.8526
584.524	86.7515
586.454	86.6089
588.383	86.4615
590.312	86.3259
592.241	86.2223
594.17	86.1223
596.099	86.0478
598.028	86.0483
599.957	86.0442
601.887	85.9291
603.816	85.801
605.745	85.9125
607.674	86.3816
609.603	86.9862
611.532	87.391
613.461	87.5634
615.39	87.6618
617.32	87.7203
619.249	87.7563
621.178	87.8294
623.107	87.8808
625.036	87.8598
626.965	87.833
628.894	87.8131
630.823	87.7731
632.753	87.7475
634.682	87.7042
636.611	87.5574
638.54	87.3494
640.469	87.1487
642.398	86.925
644.327	86.6873
646.256	86.4703
648.186	86.1955
650.115	85.8651
652.044	85.711
653.973	85.8382
655.902	85.999
657.831	86.0196
659.76	86.1357
661.689	86.5656
663.619	87.2224
665.548	88.2422
667.477	89.8185
669.406	90.6048
671.335	90.1798
673.264	90.0397
675.193	90.3911
677.122	90.6999
679.052	90.8535
680.981	91.0941
682.91	91.2625
684.839	91.1849
686.768	91.0571
688.697	91.0131
690.626	90.9677
692.555	90.8349
694.485	90.6309
696.414	90.4716
698.343	90.4418
700.272	90.4553
702.201	90.4226
704.13	90.3923
706.059	90.3461
707.988	90.1857
709.917	89.9977
711.847	89.9224
713.776	89.9037
715.705	89.9122
717.634	90.0407
719.563	90.1806
721.492	90.1051
723.421	89.8827
725.35	89.6882
727.28	89.4844
729.209	89.1979
731.138	88.8261
733.067	88.3228
734.996	87.7156
736.925	87.2014
738.854	86.8783
740.783	86.5633
742.713	86.0454
744.642	85.4218
746.571	85.0411
748.5	85.1266
750.429	85.5887
752.358	86.2039
754.287	86.8144
756.216	87.3428
758.146	87.7563
760.075	88.0357
762.004	88.1283
763.933	87.9952
765.862	87.7014
767.791	87.3302
769.72	86.8245
771.649	86.0176
773.579	84.7708
775.508	82.964
777.437	80.3905
779.366	76.8582
781.295	72.5568
783.224	68.2747
785.153	65.1007
787.082	63.879
789.012	64.9396
790.941	68.0958
792.87	72.6046
794.799	77.2798
796.728	81.0252
798.657	83.3667
800.586	84.4797
802.515	84.7709
804.445	84.4855
806.374	83.6802
808.303	82.3973
810.232	80.7984
812.161	79.2813
814.09	78.4167
816.019	78.5323
817.948	79.4305
819.878	80.668
821.807	81.9328
823.736	83.0294
825.665	83.7935
827.594	84.201
829.523	84.3515
831.452	84.2842
833.381	83.973
835.311	83.4362
837.24	82.6827
839.169	81.6348
841.098	80.2563
843.027	78.7077
844.956	77.2773
846.885	76.1793
848.814	75.4262
850.744	74.8435
852.673	74.2215
854.602	73.489
856.531	72.7209
858.46	72.0204
860.389	71.472
862.318	71.1652
864.247	71.1653
866.177	71.4607
868.106	71.9726
870.035	72.59
871.964	73.1934
873.893	73.6851
875.822	74.0045
877.751	74.1422
879.68	74.1733
881.609	74.2293
883.539	74.406
885.468	74.7208
887.397	75.1101
889.326	75.4561
891.255	75.6933
893.184	75.8496
895.113	75.9381
897.042	75.9406
898.972	75.9413
900.901	76.1202
902.83	76.6038
904.759	77.4195
906.688	78.5284
908.617	79.8026
910.546	81.0172
912.475	81.9392
914.405	82.4296
916.334	82.4597
918.263	82.0632
920.192	81.3291
922.121	80.3904
924.05	79.3157
925.979	78.0674
927.908	76.6317
929.838	75.0638
931.767	73.3815
933.696	71.5993
935.625	69.8542
937.554	68.3393
939.483	67.1747
941.412	66.4159
943.341	66.0405
945.271	65.9062
947.2	65.8907
949.129	66.0552
951.058	66.5373
952.987	67.3514
954.916	68.3803
956.845	69.4687
958.774	70.4897
960.704	71.3998
962.633	72.2506
964.562	73.1286
966.491	74.0825
968.42	75.0809
970.349	76.0281
972.278	76.828
974.207	77.4206
976.137	77.7742
978.066	77.8861
979.995	77.7711
981.924	77.4298
983.853	76.8589
985.782	76.0985
987.711	75.2691
989.64	74.5728
991.57	74.1766
993.499	74.0233
995.428	73.8297
997.357	73.3209
999.286	72.4091
1001.22	71.1746
1003.14	69.7749
1005.07	68.3684
1007	67.082
1008.93	66.0367
1010.86	65.2973
1012.79	64.711
1014.72	63.9274
1016.65	62.6982
1018.58	61.051
1020.51	59.1415
1022.44	57.1357
1024.36	55.2918
1026.29	53.97
1028.22	53.4313
1030.15	53.6229
1032.08	54.2034
1034.01	54.8327
1035.94	55.4206
1037.87	56.0563
1039.8	56.8005
1041.73	57.677
1043.66	58.7673
1045.58	60.1649
1047.51	61.8658
1049.44	63.7384
1051.37	65.5445
1053.3	67.0265
1055.23	68.0788
1057.16	68.821
1059.09	69.4283
1061.02	69.9171
1062.95	70.1342
1064.88	69.9232
1066.81	69.3159
1068.73	68.6235
1070.66	68.2872
1072.59	68.5563
1074.52	69.3391
1076.45	70.3673
1078.38	71.4145
1080.31	72.3533
1082.24	73.1165
1084.17	73.6501
1086.1	73.8873
1088.03	73.7856
1089.95	73.38
1091.88	72.7496
1093.81	71.9425
1095.74	70.9921
1097.67	69.9797
1099.6	69.0081
1101.53	68.0984
1103.46	67.1623
1105.39	66.1071
1107.32	64.9334
1109.25	63.7121
1111.18	62.5231
1113.1	61.4423
1115.03	60.5111
1116.96	59.6784
1118.89	58.8239
1120.82	57.8537
1122.75	56.7459
1124.68	55.5316
1126.61	54.2574
1128.54	52.9569
1130.47	51.6557
1132.4	50.3893
1134.32	49.1889
1136.25	48.0579
1138.18	46.9842
1140.11	45.9741
1142.04	45.0824
1143.97	44.3905
1145.9	43.9288
1147.83	43.6488
1149.76	43.4886
1151.69	43.4269
1153.62	43.4661
1155.55	43.6107
1157.47	43.8775
1159.4	44.3087
1161.33	44.9474
1163.26	45.8033
1165.19	46.8637
1167.12	48.1179
1169.05	49.5518
1170.98	51.1493
1172.91	52.8935
1174.84	54.7334
1176.77	56.5941
1178.69	58.4334
1180.62	60.2306
1182.55	61.9384
1184.48	63.5122
1186.41	64.9432
1188.34	66.2197
1190.27	67.3272
1192.2	68.3114
1194.13	69.2555
1196.06	70.1755
1197.99	71.0135
1199.91	71.7209
1201.84	72.2601
1203.77	72.5492
1205.7	72.511
1207.63	72.1503
1209.56	71.4878
1211.49	70.4787
1213.42	69.0905
1215.35	67.3694
1217.28	65.3618
1219.21	63.0875
1221.14	60.613
1223.06	58.0429
1224.99	55.4455
1226.92	52.8388
1228.85	50.242
1230.78	47.7404
1232.71	45.4903
1234.64	43.6384
1236.57	42.2432
1238.5	41.2619
1240.43	40.5725
1242.36	40.0232
1244.28	39.5
1246.21	38.9471
1248.14	38.3374
1250.07	37.6875
1252	37.0891
1253.93	36.6676
1255.86	36.5351
1257.79	36.7809
1259.72	37.4368
1261.65	38.4729
1263.58	39.8553
1265.51	41.5308
1267.43	43.3963
1269.36	45.3726
1271.29	47.4104
1273.22	49.4178
1275.15	51.321
1277.08	53.1294
1279.01	54.8682
1280.94	56.5554
1282.87	58.2174
1284.8	59.8414
1286.73	61.3771
1288.65	62.8007
1290.58	64.104
1292.51	65.2562
1294.44	66.2482
1296.37	67.1606
1298.3	68.1696
1300.23	69.4687
1302.16	71.1537
1304.09	73.167
1306.02	75.3286
1307.95	77.3957
1309.87	79.1341
1311.8	80.3614
1313.73	80.9591
1315.66	80.9204
1317.59	80.3713
1319.52	79.6128
1321.45	79.1273
1323.38	79.2876
1325.31	80.1262
1327.24	81.3948
1329.17	82.7224
1331.1	83.7951
1333.02	84.458
1334.95	84.785
1336.88	84.9776
1338.81	85.1682
1340.74	85.4144
1342.67	85.7675
1344.6	86.2471
1346.53	86.7964
1348.46	87.2389
1350.39	87.3609
1352.32	87.0886
1354.24	86.4678
1356.17	85.6933
1358.1	85.1327
1360.03	84.899
1361.96	84.6279
1363.89	84.0023
1365.82	83.1427
1367.75	82.07
1369.68	80.7854
1371.61	79.5892
1373.54	78.638
1375.47	77.8638
1377.39	77.3415
1379.32	77.133
1381.25	77.1819
1383.18	77.474
1385.11	78.0942
1387.04	79.0836
1388.97	80.1103
1390.9	80.8223
1392.83	81.2403
1394.76	81.3287
1396.69	80.953
1398.61	80.2188
1400.54	79.5029
1402.47	79.1157
1404.4	79.0864
1406.33	79.3676
1408.26	79.9303
1410.19	80.7509
1412.12	81.7667
1414.05	82.8004
1415.98	83.8279
1417.91	84.952
1419.83	85.9432
1421.76	86.4862
1423.69	86.6123
1425.62	86.4752
1427.55	86.1984
1429.48	85.5648
1431.41	84.4547
1433.34	83.2739
1435.27	82.0097
1437.2	80.319
1439.13	78.7363
1441.06	77.6606
1442.98	76.8251
1444.91	76.1804
1446.84	75.7406
1448.77	75.3315
1450.7	75.0568
1452.63	75.228
1454.56	75.9255
1456.49	77.149
1458.42	78.3962
1460.35	79.2417
1462.28	80.1679
1464.2	81.4352
1466.13	82.7407
1468.06	83.8078
1469.99	84.9397
1471.92	86.2072
1473.85	87.0293
1475.78	87.3583
1477.71	87.7523
1479.64	88.2532
1481.57	88.7357
1483.5	89.2051
1485.43	89.7617
1487.35	90.5245
1489.28	91.4037
1491.21	92.0422
1493.14	92.5593
1495.07	93.2657
1497	94.0226
1498.93	94.4094
1500.86	94.5964
1502.79	94.9472
1504.72	95.5162
1506.65	96.0451
1508.57	95.9712
1510.5	95.7054
1512.43	95.6678
1514.36	95.846
1516.29	96.1475
1518.22	96.443
1520.15	96.6058
1522.08	96.5702
1524.01	96.4472
1525.94	96.288
1527.87	96.1096
1529.8	96.0572
1531.72	96.1751
1533.65	96.3107
1535.58	96.4101
1537.51	96.6801
1539.44	97.1329
1541.37	97.1574
1543.3	96.6701
1545.23	96.3175
1547.16	96.187
1549.09	96.2108
1551.02	96.2791
1552.94	96.3264
1554.87	96.5054
1556.8	96.9349
1558.73	97.1045
1560.66	96.5081
1562.59	96.0334
1564.52	95.8998
1566.45	95.964
1568.38	96.0331
1570.31	95.8645
1572.24	95.6356
1574.16	95.6313
1576.09	95.7046
1578.02	95.5196
1579.95	95.282
1581.88	95.2201
1583.81	95.2556
1585.74	95.2851
1587.67	95.326
1589.6	95.397
1591.53	95.4593
1593.46	95.4883
1595.39	95.4819
1597.31	95.4441
1599.24	95.4097
1601.17	95.3921
1603.1	95.337
1605.03	95.249
1606.96	95.2167
1608.89	95.1868
1610.82	95.0603
1612.75	95.0038
1614.68	95.0919
1616.61	94.9467
1618.53	94.4755
1620.46	94.1744
1622.39	93.9809
1624.32	93.5924
1626.25	93.0744
1628.18	92.4491
1630.11	91.7417
1632.04	91.2938
1633.97	91.1332
1635.9	90.7211
1637.83	90.1338
1639.76	90.2966
1641.68	91.2112
1643.61	92.4312
1645.54	93.645
1647.47	94.4356
1649.4	94.7166
1651.33	94.9942
1653.26	95.2209
1655.19	94.8335
1657.12	94.4652
1659.05	94.4273
1660.98	94.4652
1662.9	94.2483
1664.83	93.9463
1666.76	93.9161
1668.69	94.0474
1670.62	93.9146
1672.55	93.6168
1674.48	93.3677
1676.41	92.9258
1678.34	92.4477
1680.27	92.2796
1682.2	92.2267
1684.12	91.8466
1686.05	91.1516
1687.98	90.3859
1689.91	89.5683
1691.84	88.7206
1693.77	87.7015
1695.7	86.4541
1697.63	84.9739
1699.56	82.7111
1701.49	79.8218
1703.42	77.1398
1705.35	74.1855
1707.27	70.5304
1709.2	66.9366
1711.13	63.7938
1713.06	60.8995
1714.99	58.4217
1716.92	56.1988
1718.85	54.002
1720.78	52.7787
1722.71	52.6851
1724.64	53.1603
1726.57	54.0038
1728.49	55.1678
1730.42	56.4094
1732.35	57.4191
1734.28	57.7167
1736.21	57.3643
1738.14	56.8915
1740.07	56.2604
1742	55.5109
1743.93	55.2016
1745.86	55.4919
1747.79	56.3365
1749.72	58.0086
1751.64	60.164
1753.57	62.361
1755.5	65.0628
1757.43	68.4043
1759.36	71.8693
1761.29	75.3909
1763.22	78.9415
1765.15	81.9757
1767.08	84.5147
1769.01	86.9453
1770.94	89.0964
1772.86	90.6758
1774.79	91.8435
1776.72	92.6961
1778.65	93.3336
1780.58	93.9146
1782.51	94.355
1784.44	94.6265
1786.37	94.9205
1788.3	95.2801
1790.23	95.6599
1792.16	95.9705
1794.08	95.9891
1796.01	95.883
1797.94	95.9526
1799.87	96.1224
1801.8	96.2081
1803.73	96.2424
1805.66	96.2537
1807.59	96.2525
1809.52	96.3066
1811.45	96.3753
1813.38	96.4164
1815.31	96.4873
1817.23	96.5512
1819.16	96.585
1821.09	96.6943
1823.02	96.8635
1824.95	96.9921
1826.88	97.1045
1828.81	97.1868
1830.74	97.1437
1832.67	97.0617
1834.6	97.0677
1836.53	97.136
1838.45	97.2066
1840.38	97.2788
1842.31	97.3927
1844.24	97.5058
1846.17	97.4817
1848.1	97.3884
1850.03	97.3971
1851.96	97.4842
1853.89	97.5065
1855.82	97.4734
1857.75	97.4996
1859.68	97.5316
1861.6	97.4633
1863.53	97.4878
1865.46	97.8218
1867.39	98.1949
1869.32	98.1707
1871.25	97.975
1873.18	97.9578
1875.11	97.9929
1877.04	98.0123
1878.97	98.0957
1880.9	98.1615
1882.82	98.1804
1884.75	98.2718
1886.68	98.3484
1888.61	98.2395
1890.54	98.0637
1892.47	98.0094
1894.4	98.0484
1896.33	98.1412
1898.26	98.2915
1900.19	98.4
1902.12	98.3476
1904.05	98.2071
1905.97	98.2147
1907.9	98.4294
1909.83	98.5923
1911.76	98.5401
1913.69	98.5222
1915.62	98.7249
1917.55	98.9035
1919.48	98.8256
1921.41	98.7294
1923.34	98.818
1925.27	98.9288
1927.19	98.9532
1929.12	98.9784
1931.05	98.9925
1932.98	98.9362
1934.91	98.8647
1936.84	98.8531
1938.77	98.9601
1940.7	99.1661
1942.63	99.2632
1944.56	99.1581
1946.49	99.0944
1948.41	99.1792
1950.34	99.2825
1952.27	99.3982
1954.2	99.5879
1956.13	99.7803
1958.06	99.9271
1959.99	100.008
1961.92	99.9368
1963.85	99.7977
1965.78	99.7722
1967.71	99.7881
1969.64	99.7937
1971.56	100.013
1973.49	100.34
1975.42	100.296
1977.35	99.9874
1979.28	99.9804
1981.21	100.183
1983.14	100.165
1985.07	100.091
1987	100.245
1988.93	100.365
1990.86	100.175
1992.78	99.9248
1994.71	99.9581
1996.64	100.187
1998.57	100.318
2000.5	100.277
2002.43	100.206
2004.36	100.135
2006.29	100.027
2008.22	100.011
2010.15	100.166
2012.08	100.358
2014.01	100.495
2015.93	100.623
2017.86	100.808
2019.79	101.058
2021.72	101.224
2023.65	101.123
2025.58	100.84
2027.51	100.6
2029.44	100.452
2031.37	100.38
2033.3	100.426
2035.23	100.545
2037.15	100.601
2039.08	100.535
2041.01	100.448
2042.94	100.458
2044.87	100.481
2046.8	100.357
2048.73	100.175
2050.66	100.152
2052.59	100.275
2054.52	100.334
2056.45	100.213
2058.37	100.042
2060.3	100.034
2062.23	100.134
2064.16	100.046
2066.09	99.7243
2068.02	99.545
2069.95	99.7595
2071.88	100.106
2073.81	100.144
2075.74	99.8109
2077.67	99.4418
2079.6	99.2815
2081.52	99.2692
2083.45	99.2714
2085.38	99.2621
2087.31	99.2795
2089.24	99.3661
2091.17	99.4974
2093.1	99.5645
2095.03	99.5455
2096.96	99.5368
2098.89	99.5041
2100.82	99.3312
2102.74	99.1366
2104.67	99.1056
2106.6	99.1665
2108.53	99.2186
2110.46	99.2918
2112.39	99.2891
2114.32	99.1527
2116.25	99.1452
2118.18	99.3574
2120.11	99.4242
2122.04	99.1892
2123.97	98.9883
2125.89	99.0795
2127.82	99.3666
2129.75	99.5848
2131.68	99.5307
2133.61	99.3856
2135.54	99.5588
2137.47	99.9823
2139.4	100.229
2141.33	100.276
2143.26	100.321
2145.19	100.274
2147.11	100.112
2149.04	100.064
2150.97	100.152
2152.9	100.248
2154.83	100.39
2156.76	100.546
2158.69	100.549
2160.62	100.523
2162.55	100.668
2164.48	100.723
2166.41	100.394
2168.33	99.9667
2170.26	99.8293
2172.19	99.8472
2174.12	99.7842
2176.05	99.8139
2177.98	100.073
2179.91	100.289
2181.84	100.284
2183.77	100.223
2185.7	100.161
2187.63	100.015
2189.56	99.8881
2191.48	99.8894
2193.41	99.9828
2195.34	100.174
2197.27	100.374
2199.2	100.379
2201.13	100.299
2203.06	100.365
2204.99	100.358
2206.92	100.041
2208.85	99.7111
2210.78	99.6838
2212.7	99.8112
2214.63	99.8228
2216.56	99.68
2218.49	99.5895
2220.42	99.7826
2222.35	100.126
2224.28	100.186
2226.21	99.8725
2228.14	99.592
2230.07	99.6106
2232	99.751
2233.93	99.7962
2235.85	99.824
2237.78	99.9671
2239.71	100.092
2241.64	99.9922
2243.57	99.7953
2245.5	99.8128
2247.43	100.02
2249.36	100.077
2251.29	99.9036
2253.22	99.7625
2255.15	99.7411
2257.07	99.6829
2259	99.6156
2260.93	99.6951
2262.86	99.8432
2264.79	99.8803
2266.72	99.8119
2268.65	99.7174
2270.58	99.6088
2272.51	99.5297
2274.44	99.5732
2276.37	99.7223
2278.29	99.8012
2280.22	99.6964
2282.15	99.5463
2284.08	99.5311
2286.01	99.5974
2287.94	99.6324
2289.87	99.7068
2291.8	99.8942
2293.73	100.086
2295.66	100.183
2297.59	100.254
2299.52	100.405
2301.44	100.656
2303.37	100.971
2305.3	101.361
2307.23	101.92
2309.16	102.657
2311.09	103.351
2313.02	103.836
2314.95	104.209
2316.88	104.615
2318.81	105.207
2320.74	106.152
2322.66	107.213
2324.59	107.967
2326.52	108.587
2328.45	109.338
2330.38	109.855
2332.31	109.913
2334.24	110.026
2336.17	110.339
2338.1	110.503
2340.03	110.741
2341.96	111.231
2343.89	110.755
2345.81	108.764
2347.74	107.202
2349.67	107.314
2351.6	109.078
2353.53	111.792
2355.46	113.985
2357.39	115.222
2359.32	115.981
2361.25	115.87
2363.18	114.829
2365.11	113.569
2367.03	112.348
2368.96	110.749
2370.89	108.609
2372.82	106.405
2374.75	104.465
2376.68	102.724
2378.61	101.27
2380.54	100.237
2382.47	99.454
2384.4	98.7449
2386.33	98.2254
2388.26	98.0094
2390.18	97.9306
2392.11	97.77
2394.04	97.5265
2395.97	97.3502
2397.9	97.3652
2399.83	97.5432
2401.76	97.7048
2403.69	97.7485
2405.62	97.7739
2407.55	97.8444
2409.48	97.8636
2411.4	97.812
2413.33	97.8123
2415.26	97.8819
2417.19	97.9096
2419.12	97.8819
2421.05	97.8834
2422.98	97.9351
2424.91	98.0024
2426.84	98.0603
2428.77	98.0759
2430.7	98.0366
2432.62	97.9885
2434.55	97.9769
2436.48	98.0038
2438.41	98.0417
2440.34	98.0589
2442.27	98.0887
2444.2	98.2107
2446.13	98.3771
2448.06	98.4417
2449.99	98.4197
2451.92	98.4392
2453.85	98.4722
2455.77	98.4165
2457.7	98.3095
2459.63	98.2325
2461.56	98.1993
2463.49	98.2169
2465.42	98.2683
2467.35	98.3024
2469.28	98.3238
2471.21	98.3527
2473.14	98.3492
2475.07	98.3123
2476.99	98.3087
2478.92	98.3401
2480.85	98.3442
2482.78	98.3284
2484.71	98.366
2486.64	98.4498
2488.57	98.4629
2490.5	98.3684
2492.43	98.2986
2494.36	98.3318
2496.29	98.3704
2498.22	98.3511
2500.14	98.3416
2502.07	98.383
2504	98.4331
2505.93	98.4422
2507.86	98.3945
2509.79	98.3222
2511.72	98.2762
2513.65	98.2729
2515.58	98.3015
2517.51	98.3442
2519.44	98.374
2521.36	98.3888
2523.29	98.4276
2525.22	98.5081
2527.15	98.5587
2529.08	98.4743
2531.01	98.2778
2532.94	98.1129
2534.87	98.0533
2536.8	98.0947
2538.73	98.2359
2540.66	98.361
2542.58	98.306
2544.51	98.1461
2546.44	98.0432
2548.37	97.9411
2550.3	97.794
2552.23	97.7542
2554.16	97.8772
2556.09	98.0185
2558.02	98.079
2559.95	98.0778
2561.88	98.0753
2563.81	98.1159
2565.73	98.122
2567.66	97.9717
2569.59	97.7708
2571.52	97.7611
2573.45	97.9161
2575.38	97.9936
2577.31	97.9625
2579.24	97.9602
2581.17	97.9599
2583.1	97.916
2585.03	97.9663
2586.95	98.1091
2588.88	98.1034
2590.81	97.9135
2592.74	97.7561
2594.67	97.6909
2596.6	97.6357
2598.53	97.6343
2600.46	97.7394
2602.39	97.8141
2604.32	97.71
2606.25	97.5322
2608.18	97.4969
2610.1	97.5751
2612.03	97.5727
2613.96	97.5123
2615.89	97.5247
2617.82	97.525
2619.75	97.4189
2621.68	97.3338
2623.61	97.352
2625.54	97.3793
2627.47	97.3567
2629.4	97.3123
2631.32	97.2916
2633.25	97.3127
2635.18	97.2813
2637.11	97.1268
2639.04	97.0141
2640.97	97.0859
2642.9	97.1834
2644.83	97.1442
2646.76	97.0514
2648.69	96.9968
2650.62	96.9462
2652.54	96.8743
2654.47	96.7988
2656.4	96.7433
2658.33	96.727
2660.26	96.7187
2662.19	96.6638
2664.12	96.5887
2666.05	96.5821
2667.98	96.681
2669.91	96.8122
2671.84	96.8467
2673.77	96.7456
2675.69	96.6121
2677.62	96.5427
2679.55	96.5241
2681.48	96.5121
2683.41	96.4977
2685.34	96.496
2687.27	96.5274
2689.2	96.58
2691.13	96.5977
2693.06	96.5433
2694.99	96.4516
2696.91	96.4065
2698.84	96.4439
2700.77	96.4879
2702.7	96.4691
2704.63	96.4354
2706.56	96.435
2708.49	96.4389
2710.42	96.4453
2712.35	96.4598
2714.28	96.4207
2716.21	96.3203
2718.14	96.2511
2720.06	96.245
2721.99	96.248
2723.92	96.2318
2725.85	96.1942
2727.78	96.1388
2729.71	96.0873
2731.64	96.0333
2733.57	95.9656
2735.5	95.9445
2737.43	96.0062
2739.36	96.0677
2741.28	96.066
2743.21	96.0485
2745.14	96.0515
2747.07	96.056
2749	96.0497
2750.93	96.0129
2752.86	95.9436
2754.79	95.9206
2756.72	95.9926
2758.65	96.0787
2760.58	96.0962
2762.51	96.0399
2764.43	95.9277
2766.36	95.8256
2768.29	95.8215
2770.22	95.8864
2772.15	95.9232
2774.08	95.9093
2776.01	95.8458
2777.94	95.7229
2779.87	95.5999
2781.8	95.5438
2783.73	95.5334
2785.65	95.5302
2787.58	95.5303
2789.51	95.5376
2791.44	95.563
2793.37	95.5751
2795.3	95.4921
2797.23	95.3506
2799.16	95.3225
2801.09	95.4401
2803.02	95.5151
2804.95	95.4147
2806.87	95.2117
2808.8	95.0361
2810.73	94.9407
2812.66	94.899
2814.59	94.8542
2816.52	94.8046
2818.45	94.8058
2820.38	94.8193
2822.31	94.7081
2824.24	94.487
2826.17	94.3283
2828.1	94.2355
2830.02	94.0275
2831.95	93.6791
2833.88	93.3447
2835.81	93.0836
2837.74	92.8545
2839.67	92.6829
2841.6	92.6059
2843.53	92.5575
2845.46	92.4465
2847.39	92.2386
2849.32	91.9119
2851.24	91.4725
2853.17	91
2855.1	90.5138
2857.03	89.9129
2858.96	89.2146
2860.89	88.6202
2862.82	88.2075
2864.75	87.8676
2866.68	87.5473
2868.61	87.2231
2870.54	86.8303
2872.47	86.4855
2874.39	86.4258
2876.32	86.6439
2878.25	86.975
2880.18	87.381
2882.11	87.8142
2884.04	88.1329
2885.97	88.3343
2887.9	88.5027
2889.83	88.5661
2891.76	88.446
2893.69	88.2672
2895.61	88.1813
2897.54	88.193
2899.47	88.26
2901.4	88.3357
2903.33	88.2922
2905.26	88.0414
2907.19	87.7312
2909.12	87.5775
2911.05	87.5416
2912.98	87.4285
2914.91	87.2079
2916.83	86.9681
2918.76	86.705
2920.69	86.3837
2922.62	86.0118
2924.55	85.5459
2926.48	84.9728
2928.41	84.4548
2930.34	84.1531
2932.27	84.0445
2934.2	84.0883
2936.13	84.3514
2938.06	84.8113
2939.98	85.2424
2941.91	85.4427
2943.84	85.4358
2945.77	85.3262
2947.7	85.0931
2949.63	84.6842
2951.56	84.1581
2953.49	83.5636
2955.42	82.929
2957.35	82.4967
2959.28	82.5499
2961.2	82.9883
2963.13	83.5568
2965.06	84.2646
2966.99	85.1608
2968.92	86.1536
2970.85	87.2291
2972.78	88.3213
2974.71	89.152
2976.64	89.6415
2978.57	90.0464
2980.5	90.5089
2982.43	90.9691
2984.35	91.3965
2986.28	91.7354
2988.21	91.9328
2990.14	92.1217
2992.07	92.4144
2994	92.6538
2995.93	92.6807
2997.86	92.6477
2999.79	92.8254
3001.72	93.2509
3003.65	93.7296
3005.57	94.0809
3007.5	94.2565
3009.43	94.31
3011.36	94.3565
3013.29	94.4573
3015.22	94.5582
3017.15	94.6549
3019.08	94.8336
3021.01	95.0645
3022.94	95.2263
3024.87	95.3292
3026.79	95.4605
3028.72	95.6001
3030.65	95.6436
3032.58	95.5706
3034.51	95.5532
3036.44	95.7452
3038.37	95.9667
3040.3	95.9718
3042.23	95.9209
3044.16	96.0096
3046.09	96.0202
3048.02	95.8637
3049.94	95.8905
3051.87	96.1522
3053.8	96.2677
3055.73	96.2138
3057.66	96.2577
3059.59	96.2847
3061.52	96.1088
3063.45	95.9663
3065.38	96.0829
3067.31	96.3384
3069.24	96.5415
3071.16	96.5571
3073.09	96.3942
3075.02	96.3468
3076.95	96.5547
3078.88	96.6723
3080.81	96.4814
3082.74	96.2766
3084.67	96.2971
3086.6	96.4165
3088.53	96.4649
3090.46	96.4068
3092.39	96.306
3094.31	96.2607
3096.24	96.2633
3098.17	96.2403
3100.1	96.2122
3102.03	96.2072
3103.96	96.1807
3105.89	96.1147
3107.82	96.0087
3109.75	95.9009
3111.68	95.9479
3113.61	96.1676
3115.53	96.2849
3117.46	96.1891
3119.39	96.1463
3121.32	96.2943
3123.25	96.4079
3125.18	96.3125
3127.11	96.1578
3129.04	96.1472
3130.97	96.2138
3132.9	96.1438
3134.83	95.9493
3136.75	95.8432
3138.68	95.8893
3140.61	96.0084
3142.54	96.1581
3144.47	96.2595
3146.4	96.2188
3148.33	96.0976
3150.26	95.999
3152.19	95.9358
3154.12	95.9567
3156.05	96.0896
3157.98	96.167
3159.9	96.0619
3161.83	95.9509
3163.76	96.0183
3165.69	96.1393
3167.62	96.1527
3169.55	96.1653
3171.48	96.2801
3173.41	96.3176
3175.34	96.1314
3177.27	95.8783
3179.2	95.7329
3181.12	95.6728
3183.05	95.6485
3184.98	95.6532
3186.91	95.6573
3188.84	95.6549
3190.77	95.649
3192.7	95.6013
3194.63	95.5309
3196.56	95.5048
3198.49	95.4993
3200.42	95.4832
3202.35	95.5216
3204.27	95.6212
3206.2	95.6867
3208.13	95.7127
3210.06	95.7788
3211.99	95.8082
3213.92	95.5671
3215.85	95.0725
3217.78	94.7721
3219.71	94.9589
3221.64	95.2673
3223.57	95.2578
3225.49	95.0882
3227.42	95.0573
3229.35	95.1286
3231.28	95.2148
3233.21	95.2391
3235.14	95.0615
3237.07	94.8562
3239	94.9004
3240.93	94.9313
3242.86	94.6806
3244.79	94.5047
3246.72	94.5985
3248.64	94.6323
3250.57	94.5875
3252.5	94.7411
3254.43	94.9686
3256.36	95.0117
3258.29	94.9256
3260.22	94.8074
3262.15	94.6724
3264.08	94.5647
3266.01	94.483
3267.94	94.4327
3269.86	94.4685
3271.79	94.5069
3273.72	94.4126
3275.65	94.2656
3277.58	94.2235
3279.51	94.2686
3281.44	94.282
3283.37	94.2356
3285.3	94.2236
3287.23	94.2916
3289.16	94.309
3291.08	94.1687
3293.01	94.0044
3294.94	94.0096
3296.87	94.1423
3298.8	94.1484
3300.73	93.9186
3302.66	93.7288
3304.59	93.8564
3306.52	94.0859
3308.45	94.0226
3310.38	93.7036
3312.31	93.4617
3314.23	93.4519
3316.16	93.5947
3318.09	93.7141
3320.02	93.6811
3321.95	93.5652
3323.88	93.5104
3325.81	93.5218
3327.74	93.553
3329.67	93.5966
3331.6	93.6058
3333.53	93.5528
3335.45	93.4896
3337.38	93.427
3339.31	93.3583
3341.24	93.3617
3343.17	93.438
3345.1	93.4415
3347.03	93.3605
3348.96	93.3587
3350.89	93.4471
3352.82	93.4662
3354.75	93.3995
3356.68	93.4105
3358.6	93.5485
3360.53	93.6534
3362.46	93.6331
3364.39	93.5919
3366.32	93.5688
3368.25	93.4688
3370.18	93.3427
3372.11	93.3581
3374.04	93.4928
3375.97	93.5786
3377.9	93.5571
3379.82	93.5096
3381.75	93.5256
3383.68	93.5644
3385.61	93.4807
3387.54	93.2977
3389.47	93.2497
3391.4	93.4327
3393.33	93.6735
3395.26	93.7834
3397.19	93.7339
3399.12	93.6052
3401.04	93.4814
3402.97	93.3825
3404.9	93.331
3406.83	93.4171
3408.76	93.6194
3410.69	93.7379
3412.62	93.7192
3414.55	93.7488
3416.48	93.8651
3418.41	93.9002
3420.34	93.862
3422.27	93.9204
3424.19	94.0216
3426.12	93.9612
3428.05	93.7407
3429.98	93.5713
3431.91	93.6131
3433.84	93.7836
3435.77	93.8893
3437.7	93.9523
3439.63	94.14
3441.56	94.3732
3443.49	94.4232
3445.41	94.3419
3447.34	94.3411
3449.27	94.3648
3451.2	94.2402
3453.13	94.0861
3455.06	94.1162
3456.99	94.2618
3458.92	94.3869
3460.85	94.5642
3462.78	94.7703
3464.71	94.8057
3466.64	94.7004
3468.56	94.6288
3470.49	94.5634
3472.42	94.4405
3474.35	94.2933
3476.28	94.1366
3478.21	94.1085
3480.14	94.381
3482.07	94.717
3484	94.7516
3485.93	94.6485
3487.86	94.714
3489.78	94.8416
3491.71	94.8419
3493.64	94.8329
3495.57	95.0007
3497.5	95.2556
3499.43	95.306
3501.36	95.1017
3503.29	94.9909
3505.22	95.1688
3507.15	95.2786
3509.08	95.0449
3511	94.7817
3512.93	94.8606
3514.86	95.0899
3516.79	95.0956
3518.72	94.9155
3520.65	94.8918
3522.58	95.1654
3524.51	95.4884
3526.44	95.4937
3528.37	95.1431
3530.3	94.7681
3532.23	94.6047
3534.15	94.5553
3536.08	94.4807
3538.01	94.4011
3539.94	94.4638
3541.87	94.8023
3543.8	95.2331
3545.73	95.3051
3547.66	95.1167
3549.59	95.2104
3551.52	95.3876
3553.45	95.0895
3555.37	94.6147
3557.3	94.5553
3559.23	94.792
3561.16	95.0115
3563.09	95.2114
3565.02	95.3785
3566.95	95.429
3568.88	95.5253
3570.81	95.7502
3572.74	95.9162
3574.67	95.9045
3576.6	95.7713
3578.52	95.6866
3580.45	95.773
3582.38	95.9698
3584.31	96.1493
3586.24	96.2929
3588.17	96.3976
3590.1	96.4824
3592.03	96.6242
3593.96	96.7381
3595.89	96.6866
3597.82	96.6544
3599.74	96.8397
3601.67	97.0715
3603.6	97.1926
3605.53	97.3108
3607.46	97.4416
3609.39	97.4003
3611.32	97.1439
3613.25	96.9214
3615.18	97.049
3617.11	97.5368
3619.04	97.9851
3620.97	98.0914
3622.89	98.0841
3624.82	98.1789
3626.75	98.2493
3628.68	98.0455
3630.61	97.626
3632.54	97.3609
3634.47	97.3078
3636.4	97.2981
3638.33	97.2147
3640.26	97.1799
3642.19	97.3553
3644.11	97.6831
3646.04	98.0454
3647.97	98.3729
3649.9	98.3078
3651.83	97.8153
3653.76	97.4572
3655.69	97.3682
3657.62	97.3176
3659.55	97.1821
3661.48	97.1455
3663.41	97.2842
3665.33	97.4482
3667.26	97.5506
3669.19	97.6624
3671.12	97.9563
3673.05	98.518
3674.98	98.9172
3676.91	98.4527
3678.84	97.7351
3680.77	97.5322
3682.7	97.5086
3684.63	97.4392
3686.56	97.7427
3688.48	98.5472
3690.41	98.876
3692.34	98.3478
3694.27	97.8187
3696.2	97.5623
3698.13	97.4596
3700.06	97.52
3701.99	97.7563
3703.92	98.0477
3705.85	98.344
3707.78	98.6382
3709.7	98.7457
3711.63	98.4494
3713.56	98.006
3715.49	97.7996
3717.42	97.8637
3719.35	98.0696
3721.28	98.2065
3723.21	98.2678
3725.14	98.4784
3727.07	98.7212
3729	98.7227
3730.93	98.7562
3732.85	99.2209
3734.78	99.6467
3736.71	99.1968
3738.64	98.5537
3740.57	98.46
3742.5	98.6617
3744.43	98.6824
3746.36	98.5481
3748.29	98.6579
3750.22	98.8201
3752.15	98.5067
3754.07	97.9976
3756	97.799
3757.93	97.8002
3759.86	97.7548
3761.79	97.6657
3763.72	97.636
3765.65	97.6602
3767.58	97.7246
3769.51	97.727
3771.44	97.5054
3773.37	97.2474
3775.29	97.264
3777.22	97.451
3779.15	97.4609
3781.08	97.3267
3783.01	97.3563
3784.94	97.4682
3786.87	97.4203
3788.8	97.2976
3790.73	97.3166
3792.66	97.4605
3794.59	97.5896
3796.52	97.6799
3798.44	97.8152
3800.37	97.9395
3802.3	97.882
3804.23	97.7758
3806.16	97.7984
3808.09	97.7475
3810.02	97.5515
3811.95	97.5295
3813.88	97.7455
3815.81	97.8919
3817.74	97.8991
3819.66	98.058
3821.59	98.1342
3823.52	97.7829
3825.45	97.4339
3827.38	97.4413
3829.31	97.6604
3831.24	97.8469
3833.17	97.9681
3835.1	98.0839
3837.03	98.1569
3838.96	98.0661
3840.89	97.8188
3842.81	97.5572
3844.74	97.364
3846.67	97.3592
3848.6	97.6668
3850.53	98.2115
3852.46	98.5603
3854.39	98.1379
3856.32	97.5507
3858.25	97.434
3860.18	97.6259
3862.11	97.8377
3864.03	97.838
3865.96	97.718
3867.89	97.6947
3869.82	97.7246
3871.75	97.6524
3873.68	97.5064
3875.61	97.4139
3877.54	97.426
3879.47	97.5164
3881.4	97.5677
3883.33	97.5053
3885.25	97.4346
3887.18	97.4579
3889.11	97.5125
3891.04	97.5085
3892.97	97.4515
3894.9	97.4378
3896.83	97.5597
3898.76	97.8232
3900.69	98.0396
3902.62	97.9391
3904.55	97.5809
3906.48	97.2791
3908.4	97.1717
3910.33	97.1698
3912.26	97.2088
3914.19	97.3192
3916.12	97.4777
3918.05	97.5314
3919.98	97.4311
3921.91	97.3198
3923.84	97.2668
3925.77	97.2785
3927.7	97.3736
3929.62	97.4526
3931.55	97.3779
3933.48	97.2391
3935.41	97.1973
3937.34	97.2047
3939.27	97.2094
3941.2	97.2424
3943.13	97.2605
3945.06	97.236
3946.99	97.2564
3948.92	97.3005
3950.85	97.2161
3952.77	97.0179
3954.7	96.9092
3956.63	97.0045
3958.56	97.16
3960.49	97.1374
3962.42	96.9673
3964.35	96.929
3966.28	97.1199
3968.21	97.3496
3970.14	97.4327
3972.07	97.3497
3973.99	97.2018
3975.92	97.1177
3977.85	97.118
3979.78	97.0993
3981.71	97.0224
3983.64	96.959
3985.57	96.9317
3987.5	96.9045
3989.43	96.9029
3991.36	96.9623
3993.29	97.0373
3995.22	97.0854
3997.14	97.098
