499.643	79.0525
501.572	80.1522
503.501	80.0243
505.43	79.4303
507.36	79.1001
509.289	79.0082
511.218	79.1899
513.147	79.622
515.076	80.0728
517.005	80.4759
518.934	80.6961
520.863	80.4838
522.792	80.1217
524.722	80.1582
526.651	80.7297
528.58	81.5684
530.509	82.3385
532.438	82.7215
534.367	82.7518
536.296	82.8554
538.225	83.1986
540.155	83.6607
542.084	84.1344
544.013	84.3294
545.942	84.1012
547.871	84.025
549.8	84.5768
551.729	85.2418
553.658	85.4305
555.588	85.4256
557.517	85.6425
559.446	85.8946
561.375	85.9755
563.304	86.1189
565.233	86.3911
567.162	86.4154
569.091	86.1381
571.021	86.0793
572.95	86.3903
574.879	86.5963
576.808	86.549
578.737	86.6702
580.666	86.9878
582.595	87.0132
584.524	86.6389
586.454	86.2735
588.383	86.1684
590.312	86.2174
592.241	86.2194
594.17	86.0824
596.099	85.9195
598.028	85.9221
599.957	86.0798
601.887	86.1578
603.816	86.0691
605.745	86.0623
607.674	86.3689
609.603	86.8472
611.532	87.1868
613.461	87.3214
615.39	87.3923
617.32	87.4843
619.249	87.5735
621.178	87.6259
623.107	87.6839
625.036	87.7932
626.965	87.843
628.894	87.7414
630.823	87.6555
632.753	87.711
634.682	87.7188
636.611	87.5574
638.54	87.392
640.469	87.254
642.398	86.9897
644.327	86.6589
646.256	86.3981
648.186	86.0922
650.115	85.7013
652.044	85.5186
653.973	85.6949
655.902	85.9691
657.831	86.136
659.76	86.3428
661.689	86.6865
663.619	87.1341
665.548	87.9773
667.477	89.5192
669.406	90.4261
671.335	90.074
673.264	89.921
675.193	90.233
677.122	90.5315
679.052	90.7297
680.981	91.0307
682.91	91.2251
684.839	91.1609
686.768	91.0519
688.697	90.9313
690.626	90.6792
692.555	90.4237
694.485	90.3401
696.414	90.3557
698.343	90.3368
700.272	90.2905
702.201	90.2439
704.13	90.1685
706.059	90.0659
707.988	89.9788
709.917	89.9167
711.847	89.8472
713.776	89.7756
715.705	89.7859
717.634	89.9268
719.563	90.0859
721.492	90.0896
723.421	89.9213
725.35	89.6744
727.28	89.3827
729.209	89.0332
731.138	88.6181
733.067	88.1276
734.996	87.5887
736.925	87.1029
738.854	86.7285
740.783	86.3329
742.713	85.747
744.642	85.0943
746.571	84.7209
748.5	84.7945
750.429	85.2217
752.358	85.8559
754.287	86.5416
756.216	87.1169
758.146	87.5339
760.075	87.8244
762.004	87.9461
763.933	87.838
765.862	87.5553
767.791	87.1877
769.72	86.6948
771.649	85.897
773.579	84.6047
775.508	82.7028
777.437	80.0731
779.366	76.5747
781.295	72.3552
783.224	68.1575
785.153	65.0602
787.082	63.8717
789.012	64.8723
790.941	67.9125
792.87	72.3591
794.799	77.0614
796.728	80.8618
798.657	83.2576
800.586	84.4392
802.515	84.7817
804.445	84.4987
806.374	83.6914
808.303	82.4493
810.232	80.9172
812.161	79.451
814.09	78.5859
816.019	78.6493
817.948	79.5024
819.878	80.7351
821.807	81.9872
823.736	83.0389
825.665	83.7674
827.594	84.1473
829.523	84.2395
831.452	84.1147
833.381	83.8026
835.311	83.3009
837.24	82.5679
839.169	81.5135
841.098	80.0977
843.027	78.4894
844.956	77.0352
846.885	75.9844
848.814	75.295
850.744	74.7447
852.673	74.1487
854.602	73.431
856.531	72.6194
858.46	71.8539
860.389	71.2997
862.318	71.0287
864.247	71.0538
866.177	71.3833
868.106	71.9444
870.035	72.5697
871.964	73.1332
873.893	73.5955
875.822	73.9195
877.751	74.0757
879.68	74.1249
881.609	74.1897
883.539	74.3563
885.468	74.6461
887.397	75.0172
889.326	75.3674
891.255	75.6054
893.184	75.7259
895.113	75.7746
897.042	75.7896
898.972	75.8385
900.901	76.0522
902.83	76.5469
904.759	77.3385
906.688	78.3745
908.617	79.5872
910.546	80.8349
912.475	81.8583
914.405	82.4202
916.334	82.4566
918.263	82.0344
920.192	81.2646
922.121	80.2839
924.05	79.1754
925.979	77.9199
927.908	76.5135
929.838	75.0063
931.767	73.393
933.696	71.6669
935.625	69.9696
937.554	68.5006
939.483	67.3569
941.412	66.5717
943.341	66.1454
945.271	65.9768
947.2	65.9454
949.129	66.0849
951.058	66.5354
952.987	67.3411
954.916	68.3796
956.845	69.4625
958.774	70.4661
960.704	71.3647
962.633	72.1806
964.562	72.9828
966.491	73.8835
968.42	74.9008
970.349	75.8898
972.278	76.7076
974.207	77.3182
976.137	77.6978
978.066	77.8104
979.995	77.6751
981.924	77.3247
983.853	76.7576
985.782	76.0042
987.711	75.1825
989.64	74.4782
991.57	74.0461
993.499	73.8519
995.428	73.6536
997.357	73.1895
999.286	72.3303
1001.22	71.1011
1003.14	69.6663
1005.07	68.2353
1007	66.9464
1008.93	65.8981
1010.86	65.1574
1012.79	64.5846
1014.72	63.8153
1016.65	62.5721
1018.58	60.8816
1020.51	58.944
1022.44	56.9596
1024.36	55.1495
1026.29	53.8215
1028.22	53.254
1030.15	53.4457
1032.08	54.058
1034.01	54.7115
1035.94	55.2935
1037.87	55.9085
1039.8	56.6487
1041.73	57.55
1043.66	58.6687
1045.58	60.0593
1047.51	61.7159
1049.44	63.5556
1051.37	65.3774
1053.3	66.8928
1055.23	67.944
1057.16	68.6461
1059.09	69.2058
1061.02	69.6637
1062.95	69.8768
1064.88	69.6888
1066.81	69.1122
1068.73	68.4255
1070.66	68.0655
1072.59	68.3207
1074.52	69.1185
1076.45	70.1563
1078.38	71.1931
1080.31	72.1353
1082.24	72.9197
1084.17	73.4596
1086.1	73.6878
1088.03	73.5742
1089.95	73.1469
1091.88	72.4961
1093.81	71.6928
1095.74	70.7538
1097.67	69.7372
1099.6	68.7547
1101.53	67.8338
1103.46	66.8821
1105.39	65.8147
1107.32	64.6334
1109.25	63.397
1111.18	62.1883
1113.1	61.0922
1115.03	60.1515
1116.96	59.3275
1118.89	58.5084
1120.82	57.5706
1122.75	56.4675
1124.68	55.254
1126.61	54.0036
1128.54	52.7378
1130.47	51.4606
1132.4	50.2012
1134.32	48.9867
1136.25	47.8305
1138.18	46.7612
1140.11	45.8162
1142.04	45.0156
1143.97	44.3766
1145.9	43.9256
1147.83	43.6642
1149.76	43.5457
1151.69	43.5187
1153.62	43.59
1155.55	43.7994
1157.47	44.151
1159.4	44.6315
1161.33	45.2624
1163.26	46.0685
1165.19	47.0531
1167.12	48.2398
1169.05	49.6622
1170.98	51.2952
1172.91	53.0559
1174.84	54.8714
1176.77	56.7038
1178.69	58.5176
1180.62	60.2626
1182.55	61.9039
1184.48	63.437
1186.41	64.8471
1188.34	66.0982
1190.27	67.1943
1192.2	68.1991
1194.13	69.1598
1196.06	70.0617
1197.99	70.871
1199.91	71.5551
1201.84	72.0484
1203.77	72.2748
1205.7	72.2139
1207.63	71.8729
1209.56	71.1996
1211.49	70.1225
1213.42	68.6679
1215.35	66.921
1217.28	64.9023
1219.21	62.6139
1221.14	60.1398
1223.06	57.581
1224.99	54.9786
1226.92	52.367
1228.85	49.8203
1230.78	47.425
1232.71	45.2716
1234.64	43.4688
1236.57	42.1029
1238.5	41.1598
1240.43	40.5134
1242.36	40.0017
1244.28	39.5092
1246.21	38.9735
1248.14	38.3603
1250.07	37.6984
1252	37.1038
1253.93	36.6973
1255.86	36.5536
1257.79	36.7566
1259.72	37.3782
1261.65	38.4017
1263.58	39.7725
1265.51	41.4446
1267.43	43.3303
1269.36	45.3183
1271.29	47.3233
1273.22	49.2779
1275.15	51.1529
1277.08	52.9634
1279.01	54.7217
1280.94	56.4371
1282.87	58.1146
1284.8	59.7234
1286.73	61.2401
1288.65	62.6759
1290.58	64.0097
1292.51	65.1956
1294.44	66.2395
1296.37	67.2099
1298.3	68.2504
1300.23	69.5678
1302.16	71.2771
1304.09	73.2961
1306.02	75.4376
1307.95	77.4917
1309.87	79.2323
1311.8	80.4576
1313.73	81.0526
1315.66	81.035
1317.59	80.5415
1319.52	79.8556
1321.45	79.4217
1323.38	79.5832
1325.31	80.3676
1327.24	81.5502
1329.17	82.8022
1331.1	83.8264
1333.02	84.4509
1334.95	84.7472
1336.88	84.9375
1338.81	85.1513
1340.74	85.4134
1342.67	85.7587
1344.6	86.2164
1346.53	86.74
1348.46	87.1651
1350.39	87.2888
1352.32	87.0305
1354.24	86.4164
1356.17	85.6323
1358.1	85.058
1360.03	84.8201
1361.96	84.5518
1363.89	83.9261
1365.82	83.0605
1367.75	81.9847
1369.68	80.7114
1371.61	79.5422
1373.54	78.6261
1375.47	77.884
1377.39	77.3715
1379.32	77.136
1381.25	77.1366
1383.18	77.3955
1385.11	78.0059
1387.04	78.9929
1388.97	80.0225
1390.9	80.7399
1392.83	81.1508
1394.76	81.2265
1396.69	80.8648
1398.61	80.1603
1400.54	79.453
1402.47	79.0613
1404.4	79.0253
1406.33	79.2785
1408.26	79.8115
1410.19	80.6451
1412.12	81.6977
1414.05	82.7483
1415.98	83.7836
1417.91	84.9038
1419.83	85.8441
1421.76	86.3476
1423.69	86.4962
1425.62	86.3942
1427.55	86.1308
1429.48	85.5112
1431.41	84.4086
1433.34	83.2142
1435.27	81.9474
1437.2	80.2708
1439.13	78.6817
1441.06	77.5945
1442.98	76.7581
1444.91	76.0989
1446.84	75.6336
1448.77	75.2224
1450.7	74.9591
1452.63	75.1288
1454.56	75.8255
1456.49	77.0627
1458.42	78.309
1460.35	79.1404
1462.28	80.0688
1464.2	81.3529
1466.13	82.6684
1468.06	83.7294
1469.99	84.8512
1471.92	86.1278
1473.85	86.9982
1475.78	87.3504
1477.71	87.6882
1479.64	88.0933
1481.57	88.5171
1483.5	88.981
1485.43	89.5412
1487.35	90.3082
1489.28	91.2185
1491.21	91.8928
1493.14	92.4258
1495.07	93.1546
1497	93.9466
1498.93	94.3471
1500.86	94.5296
1502.79	94.887
1504.72	95.4759
1506.65	96.0208
1508.57	95.9411
1510.5	95.6655
1512.43	95.6226
1514.36	95.7914
1516.29	96.0753
1518.22	96.3709
1520.15	96.5925
1522.08	96.6407
1524.01	96.5263
1525.94	96.3058
1527.87	96.0846
1529.8	96.0384
1531.72	96.1668
1533.65	96.2758
1535.58	96.332
1537.51	96.5919
1539.44	97.1091
1541.37	97.237
1543.3	96.7416
1545.23	96.3273
1547.16	96.1762
1549.09	96.2145
1551.02	96.28
1552.94	96.2985
1554.87	96.4572
1556.8	96.8903
1558.73	97.0981
1560.66	96.5354
1562.59	96.0439
1564.52	95.8729
1566.45	95.9076
1568.38	95.9633
1570.31	95.8078
1572.24	95.6233
1574.16	95.6576
1576.09	95.7107
1578.02	95.467
1579.95	95.1972
1581.88	95.1212
1583.81	95.1641
1585.74	95.229
1587.67	95.287
1589.6	95.3393
1591.53	95.3929
1593.46	95.4337
1595.39	95.427
1597.31	95.3857
1599.24	95.3543
1601.17	95.3237
1603.1	95.2643
1605.03	95.2192
1606.96	95.2316
1608.89	95.1969
1610.82	95.0414
1612.75	94.9575
1614.68	95.0157
1616.61	94.8795
1618.53	94.4664
1620.46	94.1929
1622.39	93.989
1624.32	93.5928
1626.25	93.0749
1628.18	92.4601
1630.11	91.7921
1632.04	91.3835
1633.97	91.2378
1635.9	90.8576
1637.83	90.3166
1639.76	90.4567
1641.68	91.3034
1643.61	92.4825
1645.54	93.6953
1647.47	94.4591
1649.4	94.7012
1651.33	95.0115
1653.26	95.3387
1655.19	94.9334
1657.12	94.4593
1659.05	94.3545
1660.98	94.3955
1662.9	94.2339
1664.83	93.975
1666.76	93.9679
1668.69	94.1075
1670.62	93.947
1672.55	93.6055
1674.48	93.3318
1676.41	92.8914
1678.34	92.4347
1680.27	92.2909
1682.2	92.2432
1684.12	91.8353
1686.05	91.1222
1687.98	90.3621
1689.91	89.558
1691.84	88.7381
1693.77	87.7476
1695.7	86.493
1697.63	84.985
1699.56	82.7436
1701.49	79.9127
1703.42	77.2784
1705.35	74.3671
1707.27	70.7374
1709.2	67.1307
1711.13	63.9684
1713.06	61.0778
1714.99	58.6055
1716.92	56.3534
1718.85	54.1148
1720.78	52.8537
1722.71	52.693
1724.64	53.0763
1726.57	53.8534
1728.49	54.9724
1730.42	56.1249
1732.35	57.0228
1734.28	57.3161
1736.21	57.02
1738.14	56.5395
1740.07	55.9015
1742	55.2325
1743.93	55.0378
1745.86	55.4163
1747.79	56.3404
1749.72	58.0493
1751.64	60.1574
1753.57	62.2984
1755.5	64.9925
1757.43	68.3673
1759.36	71.8843
1761.29	75.4257
1763.22	78.9119
1765.15	81.8528
1767.08	84.3709
1769.01	86.8658
1770.94	89.1104
1772.86	90.7604
1774.79	91.9367
1776.72	92.7269
1778.65	93.2867
1780.58	93.8594
1782.51	94.3458
1784.44	94.6051
1786.37	94.8174
1788.3	95.1248
1790.23	95.5141
1792.16	95.8551
1794.08	95.9248
1796.01	95.8944
1797.94	95.9996
1799.87	96.122
1801.8	96.1506
1803.73	96.1843
1805.66	96.2066
1807.59	96.2094
1809.52	96.294
1811.45	96.3936
1813.38	96.4105
1815.31	96.4349
1817.23	96.4844
1819.16	96.5224
1821.09	96.6194
1823.02	96.7617
1824.95	96.8642
1826.88	96.9863
1828.81	97.1485
1830.74	97.1889
1832.67	97.0879
1834.6	97.0118
1836.53	97.0037
1838.45	96.9996
1840.38	97.0217
1842.31	97.1776
1844.24	97.3925
1846.17	97.3786
1848.1	97.2127
1850.03	97.1886
1851.96	97.3143
1853.89	97.3993
1855.82	97.4032
1857.75	97.443
1859.68	97.5163
1861.6	97.5134
1863.53	97.5371
1865.46	97.792
1867.39	98.109
1869.32	98.0881
1871.25	97.8836
1873.18	97.8385
1875.11	97.8311
1877.04	97.7716
1878.97	97.8247
1880.9	97.9652
1882.82	98.0007
1884.75	97.9889
1886.68	98.0886
1888.61	98.2061
1890.54	98.1613
1892.47	98.0325
1894.4	98.0135
1896.33	98.1107
1898.26	98.1897
1900.19	98.1857
1902.12	98.1487
1904.05	98.1814
1905.97	98.3485
1907.9	98.5528
1909.83	98.5982
1911.76	98.4817
1913.69	98.428
1915.62	98.5211
1917.55	98.5961
1919.48	98.5622
1921.41	98.5716
1923.34	98.6645
1925.27	98.7015
1927.19	98.7035
1929.12	98.7797
1931.05	98.8403
1932.98	98.7503
1934.91	98.5691
1936.84	98.5075
1938.77	98.7571
1940.7	99.2016
1942.63	99.4072
1944.56	99.2459
1946.49	99.0986
1948.41	99.1483
1950.34	99.2928
1952.27	99.4622
1954.2	99.5642
1956.13	99.5851
1958.06	99.7481
1959.99	100.059
1961.92	100.147
1963.85	99.9561
1965.78	99.8447
1967.71	99.891
1969.64	99.9164
1971.56	100.019
1973.49	100.242
1975.42	100.262
1977.35	100.085
1979.28	100.144
1981.21	100.35
1983.14	100.261
1985.07	100.028
1987	100.008
1988.93	100.04
1990.86	99.931
1992.78	99.8772
1994.71	99.9823
1996.64	100.064
1998.57	100.028
2000.5	100.02
2002.43	100.182
2004.36	100.368
2006.29	100.354
2008.22	100.253
2010.15	100.251
2012.08	100.277
2014.01	100.26
2015.93	100.247
2017.86	100.27
2019.79	100.423
2021.72	100.652
2023.65	100.647
2025.58	100.452
2027.51	100.458
2029.44	100.579
2031.37	100.476
2033.3	100.354
2035.23	100.527
2037.15	100.745
2039.08	100.701
2041.01	100.519
2042.94	100.405
2044.87	100.346
2046.8	100.267
2048.73	100.189
2050.66	100.168
2052.59	100.203
2054.52	100.22
2056.45	100.14
2058.37	99.9889
2060.3	99.8707
2062.23	99.824
2064.16	99.7786
2066.09	99.6988
2068.02	99.6923
2069.95	99.8476
2071.88	100.019
2073.81	99.9654
2075.74	99.6935
2077.67	99.4269
2079.6	99.2817
2081.52	99.2496
2083.45	99.3218
2085.38	99.3989
2087.31	99.3415
2089.24	99.2401
2091.17	99.3008
2093.1	99.4632
2095.03	99.4991
2096.96	99.3885
2098.89	99.2571
2100.82	99.1342
2102.74	99.057
2104.67	99.1519
2106.6	99.416
2108.53	99.6301
2110.46	99.5767
2112.39	99.2677
2114.32	98.9621
2116.25	98.8984
2118.18	99.0111
2120.11	99.088
2122.04	99.0987
2123.97	99.1123
2125.89	99.144
2127.82	99.2568
2129.75	99.4483
2131.68	99.5265
2133.61	99.5067
2135.54	99.6906
2137.47	100.043
2139.4	100.206
2141.33	100.162
2143.26	100.12
2145.19	100.08
2147.11	100.073
2149.04	100.172
2150.97	100.206
2152.9	100.128
2154.83	100.234
2156.76	100.501
2158.69	100.533
2160.62	100.366
2162.55	100.38
2164.48	100.536
2166.41	100.498
2168.33	100.175
2170.26	99.7639
2172.19	99.5327
2174.12	99.5965
2176.05	99.8342
2177.98	100.103
2179.91	100.382
2181.84	100.631
2183.77	100.725
2185.7	100.576
2187.63	100.247
2189.56	99.9486
2191.48	99.8836
2193.41	100.045
2195.34	100.202
2197.27	100.129
2199.2	99.9296
2201.13	99.9528
2203.06	100.203
2204.99	100.299
2206.92	100.152
2208.85	100.013
2210.78	99.928
2212.7	99.8231
2214.63	99.7454
2216.56	99.6705
2218.49	99.6103
2220.42	99.7841
2222.35	100.144
2224.28	100.234
2226.21	99.9145
2228.14	99.58
2230.07	99.5138
2232	99.5802
2233.93	99.5854
2235.85	99.5923
2237.78	99.7505
2239.71	99.9573
2241.64	99.9585
2243.57	99.7844
2245.5	99.7172
2247.43	99.8019
2249.36	99.8006
2251.29	99.6509
2253.22	99.5377
2255.15	99.536
2257.07	99.6008
2259	99.761
2260.93	99.9471
2262.86	99.946
2264.79	99.8027
2266.72	99.7965
2268.65	99.9217
2270.58	99.9463
2272.51	99.8473
2274.44	99.7223
2276.37	99.5882
2278.29	99.5006
2280.22	99.5121
2282.15	99.5445
2284.08	99.5386
2286.01	99.4952
2287.94	99.3955
2289.87	99.3736
2291.8	99.648
2293.73	100.066
2295.66	100.256
2297.59	100.273
2299.52	100.446
2301.44	100.751
2303.37	100.987
2305.3	101.237
2307.23	101.709
2309.16	102.411
2311.09	103.157
2313.02	103.743
2314.95	104.126
2316.88	104.483
2318.81	105.047
2320.74	105.863
2322.66	106.68
2324.59	107.324
2326.52	108.032
2328.45	108.948
2330.38	109.649
2332.31	109.785
2334.24	109.729
2336.17	109.784
2338.1	109.839
2340.03	110.074
2341.96	110.558
2343.89	110.181
2345.81	108.383
2347.74	106.862
2349.67	106.795
2351.6	108.231
2353.53	110.671
2355.46	112.991
2357.39	114.742
2359.32	115.872
2361.25	115.638
2363.18	114.316
2365.11	112.92
2367.03	111.564
2368.96	109.867
2370.89	107.857
2372.82	105.864
2374.75	104.01
2376.68	102.317
2378.61	100.951
2380.54	99.9703
2382.47	99.1821
2384.4	98.4884
2386.33	98.0337
2388.26	97.899
2390.18	97.9252
2392.11	97.9072
2394.04	97.767
2395.97	97.5613
2397.9	97.4494
2399.83	97.519
2401.76	97.6427
2403.69	97.6923
2405.62	97.7266
2407.55	97.7939
2409.48	97.8314
2411.4	97.8452
2413.33	97.8915
2415.26	97.9158
2417.19	97.8573
2419.12	97.7922
2421.05	97.8151
2422.98	97.9189
2424.91	98.0423
2426.84	98.1084
2428.77	98.0635
2430.7	97.985
2432.62	98.0269
2434.55	98.1731
2436.48	98.2287
2438.41	98.1281
2440.34	98.0545
2442.27	98.164
2444.2	98.3445
2446.13	98.3538
2448.06	98.1641
2449.99	98.0423
2451.92	98.1849
2453.85	98.4262
2455.77	98.4875
2457.7	98.3528
2459.63	98.205
2461.56	98.1483
2463.49	98.159
2465.42	98.1933
2467.35	98.2271
2469.28	98.2466
2471.21	98.2794
2473.14	98.3514
2475.07	98.369
2476.99	98.2518
2478.92	98.1643
2480.85	98.2654
2482.78	98.3808
2484.71	98.3365
2486.64	98.2713
2488.57	98.2979
2490.5	98.3325
2492.43	98.3601
2494.36	98.4221
2496.29	98.4697
2498.22	98.4854
2500.14	98.5187
2502.07	98.5646
2504	98.545
2505.93	98.3696
2507.86	98.103
2509.79	97.9977
2511.72	98.1308
2513.65	98.2903
2515.58	98.377
2517.51	98.4641
2519.44	98.5171
2521.36	98.4881
2523.29	98.4277
2525.22	98.3231
2527.15	98.1674
2529.08	98.0762
2531.01	98.0811
2532.94	98.0736
2534.87	98.0399
2536.8	98.0775
2538.73	98.1768
2540.66	98.1897
2542.58	98.0719
2544.51	97.9767
2546.44	97.9724
2548.37	97.9309
2550.3	97.8368
2552.23	97.8243
2554.16	97.8678
2556.09	97.8482
2558.02	97.8146
2559.95	97.8652
2561.88	97.9716
2563.81	98.0448
2565.73	97.9975
2567.66	97.8228
2569.59	97.698
2571.52	97.7955
2573.45	97.9915
2575.38	98.0424
2577.31	97.9675
2579.24	97.9175
2581.17	97.8433
2583.1	97.6861
2585.03	97.6102
2586.95	97.6898
2588.88	97.744
2590.81	97.6833
2592.74	97.5973
2594.67	97.5335
2596.6	97.536
2598.53	97.6748
2600.46	97.8475
2602.39	97.84
2604.32	97.6402
2606.25	97.4715
2608.18	97.4935
2610.1	97.5836
2612.03	97.5258
2613.96	97.356
2615.89	97.2618
2617.82	97.2697
2619.75	97.3114
2621.68	97.3579
2623.61	97.3402
2625.54	97.2417
2627.47	97.1885
2629.4	97.2136
2631.32	97.2096
2633.25	97.1644
2635.18	97.1164
2637.11	97.0355
2639.04	96.9695
2640.97	97.0176
2642.9	97.1162
2644.83	97.1312
2646.76	97.0551
2648.69	96.9528
2650.62	96.8742
2652.54	96.8346
2654.47	96.7816
2656.4	96.6852
2658.33	96.6342
2660.26	96.677
2662.19	96.7021
2664.12	96.6381
2666.05	96.5839
2667.98	96.6139
2669.91	96.6529
2671.84	96.6262
2673.77	96.5605
2675.69	96.4967
2677.62	96.4482
2679.55	96.4333
2681.48	96.4486
2683.41	96.4618
2685.34	96.4753
2687.27	96.5128
2689.2	96.5536
2691.13	96.5543
2693.06	96.4931
2694.99	96.3907
2696.91	96.3325
2698.84	96.3759
2700.77	96.4364
2702.7	96.4159
2704.63	96.3582
2706.56	96.3294
2708.49	96.3162
2710.42	96.3125
2712.35	96.3226
2714.28	96.308
2716.21	96.2519
2718.14	96.1819
2720.06	96.1216
2721.99	96.0904
2723.92	96.0708
2725.85	96.0152
2727.78	95.9707
2729.71	96.0152
2731.64	96.0559
2733.57	95.9815
2735.5	95.9079
2737.43	95.9557
2739.36	96.0129
2741.28	95.9738
2743.21	95.9241
2745.14	95.9299
2747.07	95.9321
2749	95.8967
2750.93	95.855
2752.86	95.8417
2754.79	95.8919
2756.72	95.9873
2758.65	96.0272
2760.58	95.9671
2762.51	95.8761
2764.43	95.8093
2766.36	95.779
2768.29	95.801
2770.22	95.8464
2772.15	95.851
2774.08	95.7963
2776.01	95.6925
2777.94	95.5658
2779.87	95.4742
2781.8	95.4296
2783.73	95.4006
2785.65	95.4067
2787.58	95.4426
2789.51	95.43
2791.44	95.3654
2793.37	95.3003
2795.3	95.2278
2797.23	95.2159
2799.16	95.3828
2801.09	95.6023
2803.02	95.6218
2804.95	95.4484
2806.87	95.244
2808.8	95.047
2810.73	94.8803
2812.66	94.8327
2814.59	94.8792
2816.52	94.8876
2818.45	94.8285
2820.38	94.7479
2822.31	94.601
2824.24	94.3512
2826.17	94.1101
2828.1	93.9364
2830.02	93.6978
2831.95	93.36
2833.88	93.1043
2835.81	92.9929
2837.74	92.8904
2839.67	92.754
2841.6	92.636
2843.53	92.4996
2845.46	92.2981
2847.39	92.0568
2849.32	91.7779
2851.24	91.4466
2853.17	91.0654
2855.1	90.5747
2857.03	89.9118
2858.96	89.1698
2860.89	88.5255
2862.82	88.051
2864.75	87.7008
2866.68	87.404
2868.61	87.0856
2870.54	86.7102
2872.47	86.4067
2874.39	86.3992
2876.32	86.6993
2878.25	87.0687
2880.18	87.3648
2882.11	87.6548
2884.04	87.9752
2885.97	88.2608
2887.9	88.4534
2889.83	88.5106
2891.76	88.4325
2893.69	88.2988
2895.61	88.1795
2897.54	88.1242
2899.47	88.1888
2901.4	88.2792
2903.33	88.1811
2905.26	87.9223
2907.19	87.7647
2909.12	87.7695
2911.05	87.735
2912.98	87.5262
2914.91	87.193
2916.83	86.8544
2918.76	86.5748
2920.69	86.2958
2922.62	85.9346
2924.55	85.4978
2926.48	85.0024
2928.41	84.4779
2930.34	84.0826
2932.27	83.9558
2934.2	84.0488
2936.13	84.2896
2938.06	84.6597
2939.98	85.0299
2941.91	85.258
2943.84	85.3777
2945.77	85.4099
2947.7	85.2178
2949.63	84.7366
2951.56	84.0981
2953.49	83.4671
2955.42	82.9334
2957.35	82.5438
2959.28	82.3695
2961.2	82.5391
2963.13	83.1333
2965.06	84.0563
2966.99	85.1059
2968.92	86.1471
2970.85	87.162
2972.78	88.1589
2974.71	89.0572
2976.64	89.7238
2978.57	90.1547
2980.5	90.5095
2982.43	90.9218
2984.35	91.3758
2986.28	91.7416
2988.21	91.915
2990.14	91.9896
2992.07	92.158
2994	92.3928
2995.93	92.5106
2997.86	92.5382
2999.79	92.6705
3001.72	92.9866
3003.65	93.4332
3005.57	93.8437
3007.5	94.0036
3009.43	93.9706
3011.36	94.0368
3013.29	94.2474
3015.22	94.4445
3017.15	94.654
3019.08	94.8944
3021.01	95.0102
3022.94	95.0466
3024.87	95.1762
3026.79	95.2948
3028.72	95.3061
3030.65	95.3657
3032.58	95.4795
3034.51	95.5107
3036.44	95.5691
3038.37	95.7652
3040.3	95.9262
3042.23	95.965
3044.16	95.9756
3046.09	95.9248
3048.02	95.8275
3049.94	95.9141
3051.87	96.1809
3053.8	96.3002
3055.73	96.182
3057.66	96.0506
3059.59	96.0027
3061.52	96.014
3063.45	96.1361
3065.38	96.3127
3067.31	96.3611
3069.24	96.2844
3071.16	96.2284
3073.09	96.2478
3075.02	96.3511
3076.95	96.4798
3078.88	96.4446
3080.81	96.2243
3082.74	96.0831
3084.67	96.1474
3086.6	96.2462
3088.53	96.2316
3090.46	96.1479
3092.39	96.128
3094.31	96.2277
3096.24	96.3281
3098.17	96.2903
3100.1	96.1381
3102.03	95.9748
3103.96	95.908
3105.89	95.9778
3107.82	96.0179
3109.75	95.9204
3111.68	95.9167
3113.61	96.083
3115.53	96.0748
3117.46	95.8675
3119.39	95.9109
3121.32	96.2498
3123.25	96.4264
3125.18	96.2538
3127.11	95.9713
3129.04	95.837
3130.97	95.919
3132.9	96.0447
3134.83	96.0324
3136.75	96.0133
3138.68	96.1127
3140.61	96.1467
3142.54	96.067
3144.47	96.0896
3146.4	96.1738
3148.33	96.126
3150.26	96.046
3152.19	96.0403
3154.12	96.0228
3156.05	96.0521
3157.98	96.1781
3159.9	96.1622
3161.83	95.9458
3163.76	95.7996
3165.69	95.7574
3167.62	95.6735
3169.55	95.6741
3171.48	95.8587
3173.41	95.9999
3175.34	95.9475
3177.27	95.8016
3179.2	95.6473
3181.12	95.551
3183.05	95.5864
3184.98	95.6398
3186.91	95.5406
3188.84	95.396
3190.77	95.4162
3192.7	95.553
3194.63	95.6337
3196.56	95.6685
3198.49	95.7589
3200.42	95.849
3202.35	95.7702
3204.27	95.4972
3206.2	95.2433
3208.13	95.2237
3210.06	95.3566
3211.99	95.3455
3213.92	95.067
3215.85	94.7359
3217.78	94.6585
3219.71	94.8609
3221.64	95.0389
3223.57	95.0029
3225.49	94.9293
3227.42	94.9283
3229.35	94.8857
3231.28	94.8752
3233.21	94.9963
3235.14	95.0143
3237.07	94.8721
3239	94.8508
3240.93	94.8536
3242.86	94.6061
3244.79	94.3692
3246.72	94.4171
3248.64	94.5526
3250.57	94.6638
3252.5	94.786
3254.43	94.7603
3256.36	94.5869
3258.29	94.5107
3260.22	94.5305
3262.15	94.4728
3264.08	94.327
3266.01	94.2165
3267.94	94.3089
3269.86	94.552
3271.79	94.5538
3273.72	94.2245
3275.65	94.046
3277.58	94.2191
3279.51	94.3373
3281.44	94.1659
3283.37	93.9772
3285.3	94.0403
3287.23	94.2347
3289.16	94.2348
3291.08	93.9798
3293.01	93.7635
3294.94	93.7678
3296.87	93.8386
3298.8	93.8305
3300.73	93.8254
3302.66	93.9206
3304.59	94.0108
3306.52	93.9069
3308.45	93.6564
3310.38	93.5191
3312.31	93.5294
3314.23	93.4829
3316.16	93.399
3318.09	93.4677
3320.02	93.6318
3321.95	93.7052
3323.88	93.6719
3325.81	93.5707
3327.74	93.4219
3329.67	93.3423
3331.6	93.3986
3333.53	93.4636
3335.45	93.4354
3337.38	93.3486
3339.31	93.229
3341.24	93.1252
3343.17	93.1531
3345.1	93.2714
3347.03	93.2975
3348.96	93.2458
3350.89	93.2519
3352.82	93.2693
3354.75	93.212
3356.68	93.1342
3358.6	93.0854
3360.53	93.0836
3362.46	93.1902
3364.39	93.3626
3366.32	93.4302
3368.25	93.3532
3370.18	93.2781
3372.11	93.3301
3374.04	93.4891
3375.97	93.5906
3377.9	93.5062
3379.82	93.3728
3381.75	93.3885
3383.68	93.4607
3385.61	93.399
3387.54	93.2557
3389.47	93.1657
3391.4	93.1634
3393.33	93.2735
3395.26	93.4438
3397.19	93.5104
3399.12	93.4748
3401.04	93.5024
3402.97	93.5661
3404.9	93.5169
3406.83	93.437
3408.76	93.4948
3410.69	93.6238
3412.62	93.6976
3414.55	93.7534
3416.48	93.8104
3418.41	93.7902
3420.34	93.7476
3422.27	93.8493
3424.19	94.0492
3426.12	94.1203
3428.05	93.9897
3429.98	93.7908
3431.91	93.6631
3433.84	93.6255
3435.77	93.6504
3437.7	93.7986
3439.63	94.1072
3441.56	94.363
3443.49	94.3526
3445.41	94.2817
3447.34	94.4239
3449.27	94.5571
3451.2	94.3771
3453.13	94.0535
3455.06	93.8508
3456.99	93.7775
3458.92	93.8352
3460.85	94.0675
3462.78	94.3438
3464.71	94.5016
3466.64	94.5206
3468.56	94.4432
3470.49	94.3594
3472.42	94.2887
3474.35	94.1044
3476.28	93.9256
3478.21	94.1083
3480.14	94.5286
3482.07	94.6618
3484	94.4871
3485.93	94.4149
3487.86	94.5529
3489.78	94.7926
3491.71	95.006
3493.64	94.9814
3495.57	94.7476
3497.5	94.6411
3499.43	94.7112
3501.36	94.7574
3503.29	94.8399
3505.22	94.9702
3507.15	94.8794
3509.08	94.6566
3511	94.7299
3512.93	95.0452
3514.86	95.1735
3516.79	95.0616
3518.72	94.9504
3520.65	94.9419
3522.58	95.0271
3524.51	95.173
3526.44	95.2789
3528.37	95.3124
3530.3	95.3038
3532.23	95.1774
3534.15	94.9171
3536.08	94.6955
3538.01	94.6188
3539.94	94.6629
3541.87	94.8561
3543.8	95.0936
3545.73	95.1051
3547.66	95.0341
3549.59	95.2336
3551.52	95.4369
3553.45	95.2095
3555.37	94.8159
3557.3	94.7092
3559.23	94.8701
3561.16	95.1732
3563.09	95.5911
3565.02	95.9937
3566.95	96.1337
3568.88	95.9499
3570.81	95.728
3572.74	95.6817
3574.67	95.7512
3576.6	95.7065
3578.52	95.565
3580.45	95.6532
3582.38	96.0147
3584.31	96.2969
3586.24	96.3039
3588.17	96.2182
3590.1	96.345
3592.03	96.6514
3593.96	96.8228
3595.89	96.6796
3597.82	96.5918
3599.74	96.8438
3601.67	97.0644
3603.6	96.9924
3605.53	96.9923
3607.46	97.2456
3609.39	97.3458
3611.32	97.1478
3613.25	97.0913
3615.18	97.3431
3617.11	97.6698
3619.04	97.8846
3620.97	97.8512
3622.89	97.6357
3624.82	97.6039
3626.75	97.9424
3628.68	98.2221
3630.61	97.8824
3632.54	97.4389
3634.47	97.215
3636.4	97.0012
3638.33	96.8724
3640.26	97.1119
3642.19	97.5559
3644.11	97.7591
3646.04	97.717
3647.97	97.7744
3649.9	97.878
3651.83	97.7063
3653.76	97.5109
3655.69	97.4663
3657.62	97.4104
3659.55	97.2247
3661.48	97.0465
3663.41	97.0254
3665.33	97.2279
3667.26	97.5679
3669.19	97.7558
3671.12	97.7509
3673.05	98.0857
3674.98	98.596
3676.91	98.2808
3678.84	97.5183
3680.77	97.2692
3682.7	97.2897
3684.63	97.2658
3686.56	97.5229
3688.48	98.2316
3690.41	98.6354
3692.34	98.3467
3694.27	97.9275
3696.2	97.5965
3698.13	97.4324
3700.06	97.5508
3701.99	97.8254
3703.92	98.0293
3705.85	98.1904
3707.78	98.3814
3709.7	98.5007
3711.63	98.3479
3713.56	97.9691
3715.49	97.7362
3717.42	97.8482
3719.35	98.1522
3721.28	98.3655
3723.21	98.5742
3725.14	98.9275
3727.07	99.0731
3729	98.8824
3730.93	98.8164
3732.85	99.1125
3734.78	99.3543
3736.71	99.123
3738.64	98.7347
3740.57	98.4458
3742.5	98.2212
3744.43	98.156
3746.36	98.3877
3748.29	98.6489
3750.22	98.5153
3752.15	97.9203
3754.07	97.5793
3756	97.6638
3757.93	97.7827
3759.86	97.7382
3761.79	97.6975
3763.72	97.7357
3765.65	97.7433
3767.58	97.7412
3769.51	97.7652
3771.44	97.6286
3773.37	97.3383
3775.29	97.232
3777.22	97.4179
3779.15	97.5557
3781.08	97.406
3783.01	97.2785
3784.94	97.3393
3786.87	97.3388
3788.8	97.2047
3790.73	97.2072
3792.66	97.4416
3794.59	97.71
3796.52	97.8569
3798.44	97.9407
3800.37	97.9966
3802.3	97.9777
3804.23	97.9856
3806.16	97.9988
3808.09	97.7425
3810.02	97.3757
3811.95	97.3972
3813.88	97.7744
3815.81	98.004
3817.74	97.9063
3819.66	97.8816
3821.59	97.9057
3823.52	97.7424
3825.45	97.5879
3827.38	97.5796
3829.31	97.6691
3831.24	97.8333
3833.17	97.9956
3835.1	98.0679
3837.03	98.1176
3838.96	98.1346
3840.89	97.9435
3842.81	97.6207
3844.74	97.3942
3846.67	97.3896
3848.6	97.6122
3850.53	97.9732
3852.46	98.2156
3854.39	97.9585
3856.32	97.5383
3858.25	97.4355
3860.18	97.613
3862.11	97.8194
3864.03	97.793
3865.96	97.6634
3867.89	97.6721
3869.82	97.7222
3871.75	97.6458
3873.68	97.496
3875.61	97.3972
3877.54	97.4323
3879.47	97.5992
3881.4	97.7044
3883.33	97.6087
3885.25	97.4722
3887.18	97.4626
3889.11	97.5237
3891.04	97.5454
3892.97	97.5125
3894.9	97.5043
3896.83	97.5738
3898.76	97.6937
3900.69	97.7908
3902.62	97.7631
3904.55	97.5422
3906.48	97.254
3908.4	97.1059
3910.33	97.1041
3912.26	97.1403
3914.19	97.1736
3916.12	97.235
3918.05	97.3498
3919.98	97.5078
3921.91	97.6067
3923.84	97.5029
3925.77	97.2663
3927.7	97.1622
3929.62	97.1773
3931.55	97.0633
3933.48	96.8562
3935.41	96.8338
3937.34	96.9987
3939.27	97.1799
3941.2	97.3289
3943.13	97.4438
3945.06	97.4552
3946.99	97.3393
3948.92	97.1646
3950.85	97.0119
3952.77	96.9272
3954.7	96.9459
3956.63	97.0851
3958.56	97.2305
3960.49	97.2051
3962.42	97.0524
3964.35	96.9963
3966.28	97.086
3968.21	97.1825
3970.14	97.2002
3972.07	97.1516
3973.99	97.1068
3975.92	97.1349
3977.85	97.1684
3979.78	97.0835
3981.71	96.9255
3983.64	96.8275
3985.57	96.8178
3987.5	96.8606
3989.43	96.9134
3991.36	96.9212
3993.29	96.9032
3995.22	96.9383
3997.14	97.0011
