499.643	77.5338
501.572	77.3332
503.501	77.6063
505.43	78.1417
507.36	78.8463
509.289	79.3075
511.218	79.3463
513.147	79.2709
515.076	79.4308
517.005	79.8031
518.934	80.0473
520.863	80.1403
522.792	80.3965
524.722	80.7259
526.651	80.9001
528.58	81.2542
530.509	81.9986
532.438	82.6751
534.367	82.9362
536.296	82.9722
538.225	83.0153
540.155	83.1633
542.084	83.4346
544.013	83.6497
545.942	83.7144
547.871	83.9048
549.8	84.384
551.729	84.8361
553.658	85.0604
555.588	85.3444
557.517	85.7573
559.446	85.9107
561.375	85.8886
563.304	86.1928
565.233	86.5218
567.162	86.1868
569.091	85.5912
571.021	85.6174
572.95	86.1121
574.879	86.4075
576.808	86.4723
578.737	86.6715
580.666	86.9502
582.595	86.9271
584.524	86.5416
586.454	86.1702
588.383	86.0865
590.312	86.1609
592.241	86.1588
594.17	86.0685
596.099	86.0041
598.028	85.9992
599.957	86.0193
601.887	85.9924
603.816	85.8839
605.745	85.8793
607.674	86.2112
609.603	86.7313
611.532	87.1207
613.461	87.3814
615.39	87.5458
617.32	87.4662
619.249	87.3296
621.178	87.4581
623.107	87.6409
625.036	87.5719
626.965	87.3933
628.894	87.3115
630.823	87.348
632.753	87.4885
634.682	87.5491
636.611	87.3408
638.54	87.0892
640.469	86.9931
642.398	86.7736
644.327	86.3323
646.256	86.0388
648.186	85.9496
650.115	85.7406
652.044	85.4762
653.973	85.4726
655.902	85.6739
657.831	85.8866
659.76	86.1654
661.689	86.5192
663.619	86.9056
665.548	87.6204
667.477	88.9238
669.406	89.7064
671.335	89.5131
673.264	89.5172
675.193	89.8296
677.122	90.0271
679.052	90.1612
680.981	90.4218
682.91	90.5301
684.839	90.4024
686.768	90.3759
688.697	90.4601
690.626	90.3784
692.555	90.1893
694.485	90.1238
696.414	90.144
698.343	90.0917
700.272	89.9743
702.201	89.8997
704.13	89.8961
706.059	89.8664
707.988	89.7482
709.917	89.6319
711.847	89.5652
713.776	89.4823
715.705	89.4533
717.634	89.5929
719.563	89.7416
721.492	89.676
723.421	89.4656
725.35	89.2409
727.28	88.9773
729.209	88.6424
731.138	88.2316
733.067	87.7457
734.996	87.2651
736.925	86.872
738.854	86.5095
740.783	86.0264
742.713	85.3409
744.642	84.6011
746.571	84.1412
748.5	84.1765
750.429	84.6417
752.358	85.3395
754.287	86.0788
756.216	86.7128
758.146	87.1765
760.075	87.4642
762.004	87.5636
763.933	87.4653
765.862	87.2092
767.791	86.8508
769.72	86.3557
771.649	85.5699
773.579	84.3312
775.508	82.5011
777.437	79.8513
779.366	76.2096
781.295	71.8787
783.224	67.7077
785.153	64.6923
787.082	63.5846
789.012	64.6958
790.941	67.8193
792.87	72.2507
794.799	76.911
796.728	80.7108
798.657	83.1075
800.586	84.2893
802.515	84.6775
804.445	84.4565
806.374	83.6866
808.303	82.5023
810.232	81.0815
812.161	79.717
814.09	78.8805
816.019	78.9275
817.948	79.7651
819.878	80.9552
821.807	82.1005
823.736	83.0194
825.665	83.6387
827.594	83.9414
829.523	84.0076
831.452	83.9135
833.381	83.6272
835.311	83.0968
837.24	82.305
839.169	81.2058
841.098	79.7843
843.027	78.1904
844.956	76.7123
846.885	75.6017
848.814	74.8834
850.744	74.3355
852.673	73.735
854.602	73.0391
856.531	72.2923
858.46	71.5712
860.389	71.0262
862.318	70.7728
864.247	70.8009
866.177	71.0851
868.106	71.6267
870.035	72.327
871.964	72.9835
873.893	73.4587
875.822	73.7529
877.751	73.9157
879.68	73.9904
881.609	74.0451
883.539	74.1816
885.468	74.467
887.397	74.8497
889.326	75.1877
891.255	75.3937
893.184	75.4931
895.113	75.5286
897.042	75.5283
898.972	75.5799
900.901	75.8133
902.83	76.3118
904.759	77.1071
906.688	78.1861
908.617	79.4429
910.546	80.6666
912.475	81.6182
914.405	82.1371
916.334	82.1811
918.263	81.7816
920.192	81.0311
922.121	80.0847
924.05	79.0324
925.979	77.8265
927.908	76.4391
929.838	74.9324
931.767	73.3304
933.696	71.6459
935.625	70.0172
937.554	68.621
939.483	67.5341
941.412	66.7778
943.341	66.3451
945.271	66.1507
947.2	66.0944
949.129	66.1851
951.058	66.5468
952.987	67.2824
954.916	68.3125
956.845	69.3954
958.774	70.3531
960.704	71.1876
962.633	71.9707
964.562	72.7675
966.491	73.6356
968.42	74.569
970.349	75.4901
972.278	76.3229
974.207	76.9897
976.137	77.3999
978.066	77.5281
979.995	77.4139
981.924	77.0681
983.853	76.4836
985.782	75.718
987.711	74.9032
989.64	74.2111
991.57	73.7841
993.499	73.5982
995.428	73.4167
997.357	72.9628
999.286	72.1255
1001.22	70.9693
1003.14	69.6175
1005.07	68.1999
1007	66.8701
1008.93	65.783
1010.86	64.9944
1012.79	64.3524
1014.72	63.5357
1016.65	62.2878
1018.58	60.6026
1020.51	58.6586
1022.44	56.6683
1024.36	54.8645
1026.29	53.5497
1028.22	52.9968
1030.15	53.194
1032.08	53.781
1034.01	54.3809
1035.94	54.9254
1037.87	55.5466
1039.8	56.3102
1041.73	57.2167
1043.66	58.3289
1045.58	59.7384
1047.51	61.4462
1049.44	63.3241
1051.37	65.143
1053.3	66.6446
1055.23	67.6876
1057.16	68.3634
1059.09	68.8781
1061.02	69.2913
1062.95	69.4553
1064.88	69.2133
1066.81	68.6072
1068.73	67.9343
1070.66	67.6106
1072.59	67.8813
1074.52	68.6542
1076.45	69.6581
1078.38	70.6856
1080.31	71.6312
1082.24	72.4137
1084.17	72.9563
1086.1	73.1934
1088.03	73.0794
1089.95	72.6322
1091.88	71.9437
1093.81	71.1066
1095.74	70.1682
1097.67	69.1754
1099.6	68.1934
1101.53	67.2386
1103.46	66.248
1105.39	65.1568
1107.32	63.9693
1109.25	62.7403
1111.18	61.5426
1113.1	60.4604
1115.03	59.5336
1116.96	58.6992
1118.89	57.8503
1120.82	56.922
1122.75	55.88
1124.68	54.7109
1126.61	53.4598
1128.54	52.1975
1130.47	50.9569
1132.4	49.7502
1134.32	48.5966
1136.25	47.5075
1138.18	46.495
1140.11	45.59
1142.04	44.8309
1143.97	44.251
1145.9	43.8685
1147.83	43.6748
1149.76	43.6404
1151.69	43.7289
1153.62	43.9091
1155.55	44.1783
1157.47	44.566
1159.4	45.1001
1161.33	45.7829
1163.26	46.6112
1165.19	47.6037
1167.12	48.7846
1169.05	50.145
1170.98	51.6524
1172.91	53.2869
1174.84	55.0198
1176.77	56.7821
1178.69	58.5148
1180.62	60.2075
1182.55	61.837
1184.48	63.3396
1186.41	64.6837
1188.34	65.8924
1190.27	66.9768
1192.2	67.9414
1194.13	68.8403
1196.06	69.718
1197.99	70.525
1199.91	71.1752
1201.84	71.625
1203.77	71.8333
1205.7	71.7312
1207.63	71.2822
1209.56	70.4944
1211.49	69.3649
1213.42	67.8841
1215.35	66.071
1217.28	63.9656
1219.21	61.6335
1221.14	59.1646
1223.06	56.6299
1224.99	54.0808
1226.92	51.5755
1228.85	49.1606
1230.78	46.8814
1232.71	44.8386
1234.64	43.1663
1236.57	41.9296
1238.5	41.0746
1240.43	40.4688
1242.36	39.9683
1244.28	39.4734
1246.21	38.9422
1248.14	38.3616
1250.07	37.7493
1252	37.1776
1253.93	36.7548
1255.86	36.594
1257.79	36.7969
1259.72	37.4111
1261.65	38.421
1263.58	39.7901
1265.51	41.4427
1267.43	43.2582
1269.36	45.1627
1271.29	47.1281
1273.22	49.0787
1275.15	50.9416
1277.08	52.7273
1279.01	54.4737
1280.94	56.1894
1282.87	57.8562
1284.8	59.4505
1286.73	60.9803
1288.65	62.466
1290.58	63.874
1292.51	65.1426
1294.44	66.2612
1296.37	67.296
1298.3	68.4007
1300.23	69.7727
1302.16	71.5059
1304.09	73.5221
1306.02	75.6532
1307.95	77.695
1309.87	79.4196
1311.8	80.6329
1313.73	81.2374
1315.66	81.2644
1317.59	80.8456
1319.52	80.2387
1321.45	79.8565
1323.38	80.0294
1325.31	80.7915
1327.24	81.9173
1329.17	83.0683
1331.1	83.9663
1333.02	84.4924
1334.95	84.7402
1336.88	84.8994
1338.81	85.085
1340.74	85.3466
1342.67	85.7083
1344.6	86.1579
1346.53	86.657
1348.46	87.0741
1350.39	87.1851
1352.32	86.8793
1354.24	86.2214
1356.17	85.4379
1358.1	84.8764
1360.03	84.63
1361.96	84.3426
1363.89	83.7003
1365.82	82.8411
1367.75	81.8261
1369.68	80.6462
1371.61	79.5323
1373.54	78.6069
1375.47	77.8251
1377.39	77.2796
1379.32	77.0252
1381.25	77.0073
1383.18	77.2346
1385.11	77.8132
1387.04	78.7976
1388.97	79.8404
1390.9	80.5416
1392.83	80.9079
1394.76	80.9483
1396.69	80.5985
1398.61	79.959
1400.54	79.3265
1402.47	78.9683
1404.4	78.9386
1406.33	79.211
1408.26	79.7494
1410.19	80.5477
1412.12	81.5707
1414.05	82.6234
1415.98	83.6555
1417.91	84.7669
1419.83	85.7186
1421.76	86.2261
1423.69	86.3776
1425.62	86.3
1427.55	86.0345
1429.48	85.3619
1431.41	84.2269
1433.34	83.0408
1435.27	81.7678
1437.2	80.0811
1439.13	78.5073
1441.06	77.415
1442.98	76.5509
1444.91	75.8913
1446.84	75.4561
1448.77	75.0625
1450.7	74.7994
1452.63	74.9753
1454.56	75.6892
1456.49	76.9337
1458.42	78.1412
1460.35	78.9284
1462.28	79.8434
1464.2	81.1339
1466.13	82.4353
1468.06	83.4441
1469.99	84.51
1471.92	85.7649
1473.85	86.6371
1475.78	86.9677
1477.71	87.306
1479.64	87.7698
1481.57	88.2472
1483.5	88.6919
1485.43	89.1919
1487.35	89.9195
1489.28	90.8411
1491.21	91.5647
1493.14	92.1413
1495.07	92.8959
1497	93.7156
1498.93	94.1558
1500.86	94.3486
1502.79	94.6624
1504.72	95.1816
1506.65	95.7375
1508.57	95.7689
1510.5	95.5201
1512.43	95.4463
1514.36	95.5978
1516.29	95.8741
1518.22	96.1411
1520.15	96.3337
1522.08	96.373
1524.01	96.2634
1525.94	96.0752
1527.87	95.8908
1529.8	95.8467
1531.72	95.9758
1533.65	96.1138
1535.58	96.1564
1537.51	96.3367
1539.44	96.7958
1541.37	96.9732
1543.3	96.527
1545.23	96.1181
1547.16	95.9658
1549.09	95.9941
1551.02	96.0608
1552.94	96.1138
1554.87	96.2952
1556.8	96.6926
1558.73	96.8446
1560.66	96.3067
1562.59	95.8606
1564.52	95.7044
1566.45	95.7346
1568.38	95.7994
1570.31	95.6626
1572.24	95.4626
1574.16	95.4752
1576.09	95.5615
1578.02	95.3608
1579.95	95.0728
1581.88	94.9642
1583.81	94.9985
1585.74	95.0754
1587.67	95.1607
1589.6	95.2435
1591.53	95.3087
1593.46	95.351
1595.39	95.3404
1597.31	95.2702
1599.24	95.2146
1601.17	95.2112
1603.1	95.1872
1605.03	95.1125
1606.96	95.0687
1608.89	95.0423
1610.82	94.9454
1612.75	94.8847
1614.68	94.9386
1616.61	94.8239
1618.53	94.4173
1620.46	94.1176
1622.39	93.9428
1624.32	93.6502
1626.25	93.2102
1628.18	92.6342
1630.11	91.9916
1632.04	91.5655
1633.97	91.3805
1635.9	91.0415
1637.83	90.594
1639.76	90.7329
1641.68	91.4857
1643.61	92.5219
1645.54	93.5956
1647.47	94.3197
1649.4	94.5864
1651.33	94.8846
1653.26	95.1948
1655.19	94.8307
1657.12	94.3729
1659.05	94.2546
1660.98	94.304
1662.9	94.1861
1664.83	93.936
1666.76	93.8657
1668.69	93.9152
1670.62	93.7364
1672.55	93.4302
1674.48	93.1619
1676.41	92.7162
1678.34	92.2634
1680.27	92.0977
1682.2	92.026
1684.12	91.6724
1686.05	91.0354
1687.98	90.3124
1689.91	89.5582
1691.84	88.7784
1693.77	87.7768
1695.7	86.509
1697.63	85.0639
1699.56	82.9481
1701.49	80.2291
1703.42	77.6423
1705.35	74.7201
1707.27	71.0619
1709.2	67.4277
1711.13	64.2273
1713.06	61.2973
1714.99	58.7914
1716.92	56.485
1718.85	54.1807
1720.78	52.8617
1722.71	52.6098
1724.64	52.8424
1726.57	53.4252
1728.49	54.3602
1730.42	55.4187
1732.35	56.3628
1734.28	56.7254
1736.21	56.404
1738.14	55.9349
1740.07	55.3889
1742	54.7872
1743.93	54.6108
1745.86	55.054
1747.79	56.1072
1749.72	57.9283
1751.64	60.0751
1753.57	62.229
1755.5	64.9416
1757.43	68.3049
1759.36	71.753
1761.29	75.2283
1763.22	78.7207
1765.15	81.6909
1767.08	84.1746
1769.01	86.5802
1770.94	88.7742
1772.86	90.4652
1774.79	91.7064
1776.72	92.5511
1778.65	93.1714
1780.58	93.7657
1782.51	94.2024
1784.44	94.435
1786.37	94.7061
1788.3	95.0656
1790.23	95.4353
1792.16	95.7419
1794.08	95.7932
1796.01	95.7219
1797.94	95.8031
1799.87	95.9614
1801.8	96.0126
1803.73	96.0161
1805.66	96.0317
1807.59	96.0511
1809.52	96.1103
1811.45	96.1867
1813.38	96.2532
1815.31	96.3285
1817.23	96.3594
1819.16	96.3679
1821.09	96.4888
1823.02	96.6747
1824.95	96.7928
1826.88	96.8943
1828.81	97.0078
1830.74	97.0033
1832.67	96.913
1834.6	96.8971
1836.53	96.9509
1838.45	96.9849
1840.38	97.0406
1842.31	97.2348
1844.24	97.4755
1846.17	97.4815
1848.1	97.3062
1850.03	97.1821
1851.96	97.1869
1853.89	97.281
1855.82	97.3656
1857.75	97.3985
1859.68	97.4383
1861.6	97.4778
1863.53	97.4918
1865.46	97.5978
1867.39	97.8028
1869.32	97.8765
1871.25	97.8134
1873.18	97.7846
1875.11	97.7483
1877.04	97.7224
1878.97	97.8217
1880.9	97.9396
1882.82	97.9515
1884.75	97.9678
1886.68	98.0407
1888.61	98.0611
1890.54	98.0149
1892.47	97.9795
1894.4	97.985
1896.33	98.0572
1898.26	98.1512
1900.19	98.1275
1902.12	98.0229
1904.05	98.0862
1905.97	98.3575
1907.9	98.5534
1909.83	98.5242
1911.76	98.4575
1913.69	98.4914
1915.62	98.5254
1917.55	98.4832
1919.48	98.4792
1921.41	98.6203
1923.34	98.7836
1925.27	98.7931
1927.19	98.7172
1929.12	98.6938
1931.05	98.674
1932.98	98.6216
1934.91	98.6432
1936.84	98.8007
1938.77	99.0571
1940.7	99.283
1942.63	99.2651
1944.56	99.0543
1946.49	98.9859
1948.41	99.1197
1950.34	99.299
1952.27	99.4987
1954.2	99.6822
1956.13	99.7367
1958.06	99.7477
1959.99	99.8401
1961.92	99.87
1963.85	99.7396
1965.78	99.677
1967.71	99.8422
1969.64	100.032
1971.56	100.079
1973.49	100.068
1975.42	100.03
1977.35	99.9948
1979.28	100.133
1981.21	100.336
1983.14	100.211
1985.07	99.8368
1987	99.7202
1988.93	99.9432
1990.86	100.098
1992.78	99.9708
1994.71	99.8007
1996.64	99.8681
1998.57	100.109
2000.5	100.266
2002.43	100.283
2004.36	100.279
2006.29	100.268
2008.22	100.207
2010.15	100.139
2012.08	100.144
2014.01	100.253
2015.93	100.351
2017.86	100.344
2019.79	100.411
2021.72	100.635
2023.65	100.793
2025.58	100.82
2027.51	100.804
2029.44	100.611
2031.37	100.297
2033.3	100.261
2035.23	100.474
2037.15	100.519
2039.08	100.413
2041.01	100.411
2042.94	100.449
2044.87	100.414
2046.8	100.38
2048.73	100.36
2050.66	100.314
2052.59	100.3
2054.52	100.332
2056.45	100.328
2058.37	100.238
2060.3	100.076
2062.23	99.9001
2064.16	99.8027
2066.09	99.7933
2068.02	99.8051
2069.95	99.8792
2071.88	100.038
2073.81	100.067
2075.74	99.8203
2077.67	99.5042
2079.6	99.3323
2081.52	99.2719
2083.45	99.2695
2085.38	99.3348
2087.31	99.3975
2089.24	99.3747
2091.17	99.3215
2093.1	99.3532
2095.03	99.4541
2096.96	99.4623
2098.89	99.3031
2100.82	99.1168
2102.74	99.0345
2104.67	99.0343
2106.6	99.0846
2108.53	99.1659
2110.46	99.188
2112.39	99.122
2114.32	99.0649
2116.25	99.0768
2118.18	99.1574
2120.11	99.2871
2122.04	99.3395
2123.97	99.2173
2125.89	99.0962
2127.82	99.164
2129.75	99.2638
2131.68	99.2139
2133.61	99.2012
2135.54	99.4431
2137.47	99.7843
2139.4	99.9797
2141.33	100.051
2143.26	100.094
2145.19	100.081
2147.11	100.075
2149.04	100.224
2150.97	100.433
2152.9	100.492
2154.83	100.48
2156.76	100.506
2158.69	100.424
2160.62	100.294
2162.55	100.417
2164.48	100.67
2166.41	100.653
2168.33	100.372
2170.26	100.106
2172.19	99.9605
2174.12	99.9465
2176.05	100.046
2177.98	100.1
2179.91	99.9842
2181.84	99.8762
2183.77	100.048
2185.7	100.384
2187.63	100.479
2189.56	100.258
2191.48	100.045
2193.41	100.017
2195.34	100.084
2197.27	100.128
2199.2	100.054
2201.13	99.901
2203.06	99.9064
2204.99	100.092
2206.92	100.117
2208.85	99.9077
2210.78	99.8289
2212.7	99.9634
2214.63	99.9154
2216.56	99.5978
2218.49	99.493
2220.42	99.8302
2222.35	100.2
2224.28	100.232
2226.21	100.026
2228.14	99.7846
2230.07	99.5849
2232	99.4757
2233.93	99.4695
2235.85	99.5658
2237.78	99.7713
2239.71	99.9318
2241.64	99.8359
2243.57	99.6113
2245.5	99.5852
2247.43	99.7438
2249.36	99.78
2251.29	99.6159
2253.22	99.4593
2255.15	99.4535
2257.07	99.5958
2259	99.8103
2260.93	99.9368
2262.86	99.8929
2264.79	99.7983
2266.72	99.7145
2268.65	99.5772
2270.58	99.4673
2272.51	99.4735
2274.44	99.4655
2276.37	99.422
2278.29	99.5184
2280.22	99.6645
2282.15	99.5838
2284.08	99.3458
2286.01	99.228
2287.94	99.255
2289.87	99.2962
2291.8	99.3596
2293.73	99.4976
2295.66	99.65
2297.59	99.7707
2299.52	99.9264
2301.44	100.143
2303.37	100.347
2305.3	100.55
2307.23	100.877
2309.16	101.341
2311.09	101.822
2313.02	102.282
2314.95	102.734
2316.88	103.11
2318.81	103.462
2320.74	104.006
2322.66	104.751
2324.59	105.502
2326.52	106.264
2328.45	107.011
2330.38	107.42
2332.31	107.422
2334.24	107.459
2336.17	107.696
2338.1	107.921
2340.03	108.158
2341.96	108.394
2343.89	107.836
2345.81	106.199
2347.74	104.902
2349.67	104.902
2351.6	106.269
2353.53	108.448
2355.46	110.199
2357.39	111.218
2359.32	111.752
2361.25	111.303
2363.18	110.31
2365.11	109.65
2367.03	108.916
2368.96	107.477
2370.89	105.678
2372.82	104.056
2374.75	102.653
2376.68	101.377
2378.61	100.291
2380.54	99.4363
2382.47	98.7622
2384.4	98.2473
2386.33	97.9256
2388.26	97.8085
2390.18	97.8194
2392.11	97.8076
2394.04	97.6744
2395.97	97.4918
2397.9	97.4111
2399.83	97.4475
2401.76	97.4902
2403.69	97.5307
2405.62	97.6592
2407.55	97.8099
2409.48	97.8259
2411.4	97.7727
2413.33	97.8046
2415.26	97.8492
2417.19	97.818
2419.12	97.8412
2421.05	97.9621
2422.98	98.0289
2424.91	98.0347
2426.84	98.0786
2428.77	98.0758
2430.7	97.9531
2432.62	97.8708
2434.55	97.9529
2436.48	98.0878
2438.41	98.1097
2440.34	98.0035
2442.27	97.933
2444.2	98.038
2446.13	98.1874
2448.06	98.1707
2449.99	98.0848
2451.92	98.1527
2453.85	98.3065
2455.77	98.3381
2457.7	98.2437
2459.63	98.1466
2461.56	98.1316
2463.49	98.2278
2465.42	98.3409
2467.35	98.33
2469.28	98.2452
2471.21	98.2189
2473.14	98.2057
2475.07	98.1469
2476.99	98.1526
2478.92	98.2571
2480.85	98.3116
2482.78	98.2639
2484.71	98.2318
2486.64	98.2705
2488.57	98.316
2490.5	98.3231
2492.43	98.2975
2494.36	98.2587
2496.29	98.2482
2498.22	98.2787
2500.14	98.2841
2502.07	98.2491
2504	98.2661
2505.93	98.3296
2507.86	98.3079
2509.79	98.2019
2511.72	98.1453
2513.65	98.1742
2515.58	98.2342
2517.51	98.2879
2519.44	98.3124
2521.36	98.3131
2523.29	98.2979
2525.22	98.2219
2527.15	98.0902
2529.08	97.9975
2531.01	97.9749
2532.94	97.9806
2534.87	98.0239
2536.8	98.1236
2538.73	98.2179
2540.66	98.2139
2542.58	98.1044
2544.51	97.9996
2546.44	97.9617
2548.37	97.9025
2550.3	97.8226
2552.23	97.8853
2554.16	98.0388
2556.09	98.0111
2558.02	97.8398
2559.95	97.8339
2561.88	97.9862
2563.81	98.0261
2565.73	97.9243
2567.66	97.8294
2569.59	97.7637
2571.52	97.7345
2573.45	97.821
2575.38	97.9815
2577.31	98.0681
2579.24	98.0227
2581.17	97.883
2583.1	97.7343
2585.03	97.6933
2586.95	97.7827
2588.88	97.8769
2590.81	97.8542
2592.74	97.7127
2594.67	97.5421
2596.6	97.4636
2598.53	97.5408
2600.46	97.6804
2602.39	97.6859
2604.32	97.5105
2606.25	97.3698
2608.18	97.4165
2610.1	97.4768
2612.03	97.3872
2613.96	97.2968
2615.89	97.322
2617.82	97.3217
2619.75	97.2322
2621.68	97.166
2623.61	97.1494
2625.54	97.1501
2627.47	97.2017
2629.4	97.2737
2631.32	97.2799
2633.25	97.2294
2635.18	97.1389
2637.11	96.9765
2639.04	96.8219
2640.97	96.8076
2642.9	96.903
2644.83	96.9772
2646.76	96.9706
2648.69	96.8903
2650.62	96.7711
2652.54	96.6508
2654.47	96.5473
2656.4	96.5081
2658.33	96.5738
2660.26	96.6454
2662.19	96.5996
2664.12	96.4992
2666.05	96.465
2667.98	96.4885
2669.91	96.5223
2671.84	96.546
2673.77	96.5115
2675.69	96.413
2677.62	96.3251
2679.55	96.2814
2681.48	96.2583
2683.41	96.2609
2685.34	96.3002
2687.27	96.3611
2689.2	96.4299
2691.13	96.4734
2693.06	96.4349
2694.99	96.3234
2696.91	96.2379
2698.84	96.2386
2700.77	96.2616
2702.7	96.2366
2704.63	96.2109
2706.56	96.243
2708.49	96.2859
2710.42	96.287
2712.35	96.2612
2714.28	96.2176
2716.21	96.1704
2718.14	96.1592
2720.06	96.1564
2721.99	96.1083
2723.92	96.0532
2725.85	96.0196
2727.78	95.9532
2729.71	95.8627
2731.64	95.8173
2733.57	95.8156
2735.5	95.8489
2737.43	95.9266
2739.36	95.9557
2741.28	95.8597
2743.21	95.7543
2745.14	95.7629
2747.07	95.8369
2749	95.8819
2750.93	95.8636
2752.86	95.8088
2754.79	95.7941
2756.72	95.831
2758.65	95.8366
2760.58	95.8064
2762.51	95.7967
2764.43	95.7677
2766.36	95.6917
2768.29	95.6481
2770.22	95.6669
2772.15	95.6998
2774.08	95.7215
2776.01	95.6931
2777.94	95.5778
2779.87	95.4293
2781.8	95.3245
2783.73	95.3039
2785.65	95.3741
2787.58	95.4334
2789.51	95.376
2791.44	95.2968
2793.37	95.2948
2795.3	95.2728
2797.23	95.2276
2799.16	95.3175
2801.09	95.4755
2803.02	95.4775
2804.95	95.3488
2806.87	95.2211
2808.8	95.0548
2810.73	94.8548
2812.66	94.7667
2814.59	94.7804
2816.52	94.7248
2818.45	94.5896
2820.38	94.5103
2822.31	94.4679
2824.24	94.3006
2826.17	94.0037
2828.1	93.7496
2830.02	93.5858
2831.95	93.3782
2833.88	93.0935
2835.81	92.8571
2837.74	92.7193
2839.67	92.6116
2841.6	92.4879
2843.53	92.3419
2845.46	92.1702
2847.39	91.9664
2849.32	91.6798
2851.24	91.265
2853.17	90.7866
2855.1	90.3143
2857.03	89.7981
2858.96	89.2004
2860.89	88.5976
2862.82	88.0666
2864.75	87.6336
2866.68	87.3039
2868.61	87.002
2870.54	86.6319
2872.47	86.2927
2874.39	86.2057
2876.32	86.4113
2878.25	86.7669
2880.18	87.1578
2882.11	87.5223
2884.04	87.8265
2885.97	88.1046
2887.9	88.3569
2889.83	88.4773
2891.76	88.4302
2893.69	88.3228
2895.61	88.2457
2897.54	88.218
2899.47	88.2049
2901.4	88.1011
2903.33	87.8817
2905.26	87.6975
2907.19	87.6215
2909.12	87.5341
2911.05	87.3815
2912.98	87.2433
2914.91	87.128
2916.83	86.9663
2918.76	86.7209
2920.69	86.374
2922.62	85.9382
2924.55	85.4443
2926.48	84.8615
2928.41	84.2198
2930.34	83.7418
2932.27	83.6133
2934.2	83.7846
2936.13	84.1319
2938.06	84.5726
2939.98	84.984
2941.91	85.2406
2943.84	85.2965
2945.77	85.1402
2947.7	84.798
2949.63	84.3441
2951.56	83.7977
2953.49	83.1657
2955.42	82.5967
2957.35	82.2741
2959.28	82.2395
2961.2	82.4988
2963.13	83.1005
2965.06	83.9693
2966.99	84.9222
2968.92	85.9074
2970.85	86.9669
2972.78	88.0135
2974.71	88.9005
2976.64	89.5908
2978.57	90.0994
2980.5	90.4583
2982.43	90.7824
2984.35	91.1536
2986.28	91.4839
2988.21	91.6787
2990.14	91.8107
2992.07	91.9757
2994	92.1273
2995.93	92.2067
2997.86	92.3357
2999.79	92.6923
3001.72	93.2238
3003.65	93.6734
3005.57	93.9005
3007.5	93.9824
3009.43	94.0073
3011.36	93.9886
3013.29	94.0001
3015.22	94.1801
3017.15	94.5096
3019.08	94.787
3021.01	94.9346
3022.94	95.0655
3024.87	95.1979
3026.79	95.2722
3028.72	95.346
3030.65	95.4149
3032.58	95.3722
3034.51	95.338
3036.44	95.5016
3038.37	95.7134
3040.3	95.806
3042.23	95.9425
3044.16	96.156
3046.09	96.1748
3048.02	95.9845
3049.94	95.8759
3051.87	95.9097
3053.8	95.9419
3055.73	95.9641
3057.66	95.9885
3059.59	95.9498
3061.52	95.9159
3063.45	95.9839
3065.38	96.0442
3067.31	96.0344
3069.24	96.095
3071.16	96.2073
3073.09	96.2035
3075.02	96.1608
3076.95	96.2236
3078.88	96.2721
3080.81	96.2084
3082.74	96.1681
3084.67	96.2353
3086.6	96.3229
3088.53	96.3338
3090.46	96.2559
3092.39	96.1761
3094.31	96.1825
3096.24	96.2496
3098.17	96.3013
3100.1	96.2752
3102.03	96.1621
3103.96	96.1164
3105.89	96.2425
3107.82	96.317
3109.75	96.205
3111.68	96.1679
3113.61	96.2713
3115.53	96.1774
3117.46	95.8732
3119.39	95.7869
3121.32	96.0551
3123.25	96.3409
3125.18	96.3534
3127.11	96.1769
3129.04	96.0582
3130.97	96.0344
3132.9	95.968
3134.83	95.8721
3136.75	95.8738
3138.68	95.9613
3140.61	96.0567
3142.54	96.1146
3144.47	96.0909
3146.4	96.0382
3148.33	96.0451
3150.26	96.0321
3152.19	95.9466
3154.12	95.9304
3156.05	96.012
3157.98	96.0438
3159.9	95.9971
3161.83	95.8991
3163.76	95.7086
3165.69	95.5321
3167.62	95.5763
3169.55	95.7904
3171.48	95.908
3173.41	95.8198
3175.34	95.664
3177.27	95.5779
3179.2	95.5563
3181.12	95.5872
3183.05	95.6874
3184.98	95.7305
3186.91	95.576
3188.84	95.3845
3190.77	95.3795
3192.7	95.4481
3194.63	95.4008
3196.56	95.343
3198.49	95.4259
3200.42	95.5419
3202.35	95.5252
3204.27	95.4065
3206.2	95.321
3208.13	95.3012
3210.06	95.2625
3211.99	95.1418
3213.92	94.9578
3215.85	94.7867
3217.78	94.752
3219.71	94.9144
3221.64	95.1121
3223.57	95.0987
3225.49	94.866
3227.42	94.6667
3229.35	94.7364
3231.28	94.9948
3233.21	95.0725
3235.14	94.8535
3237.07	94.729
3239	94.8854
3240.93	94.9313
3242.86	94.7301
3244.79	94.64
3246.72	94.6251
3248.64	94.3629
3250.57	94.1175
3252.5	94.2739
3254.43	94.5432
3256.36	94.5619
3258.29	94.4913
3260.22	94.4885
3262.15	94.4309
3264.08	94.2845
3266.01	94.1687
3267.94	94.1647
3269.86	94.2601
3271.79	94.3306
3273.72	94.2658
3275.65	94.1624
3277.58	94.1473
3279.51	94.1222
3281.44	93.9889
3283.37	93.9028
3285.3	94.006
3287.23	94.1445
3289.16	94.0871
3291.08	93.8471
3293.01	93.644
3294.94	93.6387
3296.87	93.7548
3298.8	93.7925
3300.73	93.7199
3302.66	93.6565
3304.59	93.6043
3306.52	93.5196
3308.45	93.4848
3310.38	93.5057
3312.31	93.4561
3314.23	93.365
3316.16	93.3382
3318.09	93.2985
3320.02	93.1917
3321.95	93.1495
3323.88	93.2094
3325.81	93.2468
3327.74	93.2373
3329.67	93.2589
3331.6	93.3084
3333.53	93.3217
3335.45	93.2637
3337.38	93.1412
3339.31	93.0376
3341.24	93.0659
3343.17	93.1829
3345.1	93.2129
3347.03	93.1615
3348.96	93.1994
3350.89	93.2658
3352.82	93.1804
3354.75	93.0869
3356.68	93.1859
3358.6	93.2676
3360.53	93.1275
3362.46	93.0065
3364.39	93.1123
3366.32	93.2551
3368.25	93.2893
3370.18	93.3492
3372.11	93.4822
3374.04	93.5127
3375.97	93.3359
3377.9	93.1167
3379.82	93.1183
3381.75	93.3504
3383.68	93.5265
3385.61	93.4591
3387.54	93.298
3389.47	93.2616
3391.4	93.3768
3393.33	93.538
3395.26	93.6364
3397.19	93.6206
3399.12	93.5078
3401.04	93.3619
3402.97	93.2632
3404.9	93.2709
3406.83	93.3771
3408.76	93.5115
3410.69	93.6051
3412.62	93.6367
3414.55	93.6233
3416.48	93.5913
3418.41	93.583
3420.34	93.6594
3422.27	93.8135
3424.19	93.9283
3426.12	93.9143
3428.05	93.7917
3429.98	93.6321
3431.91	93.5257
3433.84	93.517
3435.77	93.5485
3437.7	93.6136
3439.63	93.8258
3441.56	94.1433
3443.49	94.3271
3445.41	94.3468
3447.34	94.3968
3449.27	94.4393
3451.2	94.2717
3453.13	94.0102
3455.06	93.9347
3456.99	94.0365
3458.92	94.16
3460.85	94.309
3462.78	94.4784
3464.71	94.57
3466.64	94.5727
3468.56	94.5234
3470.49	94.4448
3472.42	94.3683
3474.35	94.2461
3476.28	94.1179
3478.21	94.2719
3480.14	94.7256
3482.07	94.9856
3484	94.8514
3485.93	94.7163
3487.86	94.7635
3489.78	94.7851
3491.71	94.6566
3493.64	94.462
3495.57	94.4012
3497.5	94.6063
3499.43	94.8939
3501.36	95.0813
3503.29	95.306
3505.22	95.5557
3507.15	95.4702
3509.08	95.0149
3511	94.6608
3512.93	94.6915
3514.86	94.859
3516.79	94.8789
3518.72	94.8047
3520.65	94.8643
3522.58	95.113
3524.51	95.34
3526.44	95.3226
3528.37	95.116
3530.3	94.9521
3532.23	94.9011
3534.15	94.8452
3536.08	94.7318
3538.01	94.617
3539.94	94.5567
3541.87	94.5987
3543.8	94.6998
3545.73	94.7005
3547.66	94.6929
3549.59	94.9709
3551.52	95.3648
3553.45	95.3758
3555.37	95.022
3557.3	94.7644
3559.23	94.7928
3561.16	95.0686
3563.09	95.4367
3565.02	95.5663
3566.95	95.3248
3568.88	95.2125
3570.81	95.4467
3572.74	95.6241
3574.67	95.6162
3576.6	95.6503
3578.52	95.8129
3580.45	96.0052
3582.38	96.1923
3584.31	96.3367
3586.24	96.342
3588.17	96.2261
3590.1	96.2017
3592.03	96.3363
3593.96	96.4664
3595.89	96.4409
3597.82	96.4224
3599.74	96.6505
3601.67	96.9759
3603.6	97.0923
3605.53	97.0567
3607.46	97.0793
3609.39	97.1028
3611.32	96.9537
3613.25	96.8332
3615.18	97.1278
3617.11	97.7486
3619.04	98.0941
3620.97	97.8604
3622.89	97.5811
3624.82	97.6977
3626.75	98.0608
3628.68	98.1158
3630.61	97.6334
3632.54	97.2819
3634.47	97.2077
3636.4	97.0619
3638.33	96.8537
3640.26	96.911
3642.19	97.213
3644.11	97.504
3646.04	97.8183
3647.97	98.1959
3649.9	98.1502
3651.83	97.7094
3653.76	97.5151
3655.69	97.5942
3657.62	97.6436
3659.55	97.496
3661.48	97.2808
3663.41	97.1786
3665.33	97.2553
3667.26	97.4123
3669.19	97.5284
3671.12	97.678
3673.05	98.0363
3674.98	98.31
3676.91	97.8995
3678.84	97.2852
3680.77	97.1636
3682.7	97.2744
3684.63	97.2792
3686.56	97.4228
3688.48	97.9901
3690.41	98.3872
3692.34	98.0908
3694.27	97.6591
3696.2	97.4748
3698.13	97.5338
3700.06	97.7259
3701.99	97.8942
3703.92	97.9598
3705.85	98.0411
3707.78	98.1999
3709.7	98.273
3711.63	98.0126
3713.56	97.5858
3715.49	97.4243
3717.42	97.6008
3719.35	97.8746
3721.28	97.9829
3723.21	98.0738
3725.14	98.4059
3727.07	98.6879
3729	98.618
3730.93	98.5498
3732.85	98.8742
3734.78	99.1767
3736.71	98.78
3738.64	98.2454
3740.57	98.1318
3742.5	98.278
3744.43	98.4687
3746.36	98.6115
3748.29	98.6265
3750.22	98.3783
3752.15	97.9283
3754.07	97.67
3756	97.6295
3757.93	97.655
3759.86	97.705
3761.79	97.7527
3763.72	97.7309
3765.65	97.6663
3767.58	97.7062
3769.51	97.7893
3771.44	97.6406
3773.37	97.3663
3775.29	97.2814
3777.22	97.315
3779.15	97.2145
3781.08	97.0744
3783.01	97.102
3784.94	97.1761
3786.87	97.1414
3788.8	97.0624
3790.73	97.0935
3792.66	97.3279
3794.59	97.6665
3796.52	97.8321
3798.44	97.8244
3800.37	97.9297
3802.3	98.0625
3804.23	97.9434
3806.16	97.7425
3808.09	97.6156
3810.02	97.5005
3811.95	97.4611
3813.88	97.5638
3815.81	97.641
3817.74	97.6373
3819.66	97.8319
3821.59	98.0875
3823.52	97.9677
3825.45	97.7141
3827.38	97.6558
3829.31	97.6709
3831.24	97.6428
3833.17	97.6935
3835.1	97.7817
3837.03	97.7223
3838.96	97.6377
3840.89	97.677
3842.81	97.5941
3844.74	97.3268
3846.67	97.2094
3848.6	97.4259
3850.53	97.8285
3852.46	98.1339
3854.39	97.9551
3856.32	97.5188
3858.25	97.3466
3860.18	97.4668
3862.11	97.6185
3864.03	97.5623
3865.96	97.4915
3867.89	97.5993
3869.82	97.6664
3871.75	97.546
3873.68	97.4337
3875.61	97.4124
3877.54	97.4304
3879.47	97.509
3881.4	97.5697
3883.33	97.4704
3885.25	97.336
3887.18	97.3621
3889.11	97.4528
3891.04	97.4648
3892.97	97.4265
3894.9	97.389
3896.83	97.3634
3898.76	97.4278
3900.69	97.6361
3902.62	97.7984
3904.55	97.6793
3906.48	97.3494
3908.4	97.0604
3910.33	96.931
3912.26	96.9381
3914.19	97.0395
3916.12	97.2397
3918.05	97.4585
3919.98	97.4964
3921.91	97.3545
3923.84	97.2378
3925.77	97.2715
3927.7	97.3619
3929.62	97.3439
3931.55	97.2015
3933.48	97.0839
3935.41	97.0396
3937.34	96.9809
3939.27	96.9464
3941.2	97.0247
3943.13	97.1405
3945.06	97.2102
3946.99	97.2589
3948.92	97.2332
3950.85	97.1095
3952.77	97.0461
3954.7	97.0999
3956.63	97.1533
3958.56	97.1611
3960.49	97.1534
3962.42	97.1202
3964.35	97.0816
3966.28	97.0804
3968.21	97.1025
3970.14	97.1324
3972.07	97.1622
3973.99	97.149
3975.92	97.0833
3977.85	97.0166
3979.78	96.9693
3981.71	96.9228
3983.64	96.8813
3985.57	96.8583
3987.5	96.8415
3989.43	96.8166
3991.36	96.8108
3993.29	96.8651
3995.22	96.9445
3997.14	96.9565
