499.643	77.1861
501.572	77.83
503.501	78.6096
505.43	78.8061
507.36	78.5562
509.289	78.5902
511.218	78.8368
513.147	78.6305
515.076	78.2877
517.005	78.7766
518.934	79.8619
520.863	80.5249
522.792	80.8035
524.722	81.0127
526.651	80.9701
528.58	80.9622
530.509	81.4272
532.438	82.0048
534.367	82.319
536.296	82.6228
538.225	83.07
540.155	83.4911
542.084	83.7445
544.013	83.6877
545.942	83.5053
547.871	83.7426
549.8	84.3014
551.729	84.5493
553.658	84.5901
555.588	84.9333
557.517	85.3952
559.446	85.644
561.375	85.9347
563.304	86.4232
565.233	86.6777
567.162	86.3316
569.091	85.7062
571.021	85.4828
572.95	85.7715
574.879	86.0268
576.808	86.0394
578.737	86.2157
580.666	86.5752
582.595	86.6308
584.524	86.3206
586.454	86.0335
588.383	85.9257
590.312	85.8959
592.241	85.8677
594.17	85.8252
596.099	85.8228
598.028	85.9247
599.957	86.0501
601.887	86.0544
603.816	85.9776
605.745	86.0225
607.674	86.2907
609.603	86.6466
611.532	86.9131
613.461	87.1115
615.39	87.3144
617.32	87.4357
619.249	87.4198
621.178	87.3904
623.107	87.4268
625.036	87.4691
626.965	87.437
628.894	87.317
630.823	87.2072
632.753	87.2157
634.682	87.2561
636.611	87.1612
638.54	86.9501
640.469	86.7021
642.398	86.4256
644.327	86.2198
646.256	86.1384
648.186	85.9704
650.115	85.6209
652.044	85.3959
653.973	85.4992
655.902	85.7225
657.831	85.8591
659.76	86.0232
661.689	86.3429
663.619	86.7733
665.548	87.4596
667.477	88.6596
669.406	89.4813
671.335	89.3503
673.264	89.3335
675.193	89.7009
677.122	89.9969
679.052	90.0625
680.981	90.2043
682.91	90.3634
684.839	90.2911
686.768	90.1452
688.697	90.1176
690.626	90.0817
692.555	89.962
694.485	89.8815
696.414	89.8549
698.343	89.7944
700.272	89.7268
702.201	89.7091
704.13	89.7027
706.059	89.6632
707.988	89.6129
709.917	89.5776
711.847	89.526
713.776	89.4351
715.705	89.3867
717.634	89.4612
719.563	89.5661
721.492	89.5389
723.421	89.3836
725.35	89.2014
727.28	88.9961
729.209	88.6926
731.138	88.2559
733.067	87.7273
734.996	87.1664
736.925	86.6239
738.854	86.1521
740.783	85.7013
742.713	85.107
744.642	84.4138
746.571	83.9767
748.5	84.0327
750.429	84.5046
752.358	85.2317
754.287	86.0102
756.216	86.5895
758.146	86.9342
760.075	87.1997
762.004	87.3686
763.933	87.3004
765.862	87.0473
767.791	86.7377
769.72	86.2836
771.649	85.4597
773.579	84.1307
775.508	82.226
777.437	79.5845
779.366	76.0439
781.295	71.8059
783.224	67.6353
785.153	64.5744
787.082	63.4431
789.012	64.5493
790.941	67.6782
792.87	72.1314
794.799	76.826
796.728	80.673
798.657	83.0998
800.586	84.2395
802.515	84.5534
804.445	84.3262
806.374	83.5975
808.303	82.4238
810.232	81.0302
812.161	79.7711
814.09	79.0326
816.019	79.0728
817.948	79.833
819.878	80.957
821.807	82.0779
823.736	83.0016
825.665	83.6382
827.594	83.9623
829.523	84.033
831.452	83.8976
833.381	83.5368
835.311	82.9492
837.24	82.1352
839.169	81.0249
841.098	79.5987
843.027	78.0316
844.956	76.6086
846.885	75.5388
848.814	74.8301
850.744	74.2803
852.673	73.6631
854.602	72.9269
856.531	72.1543
858.46	71.444
860.389	70.9102
862.318	70.6594
864.247	70.7167
866.177	71.0462
868.106	71.5985
870.035	72.2616
871.964	72.8582
873.893	73.2861
875.822	73.5767
877.751	73.7731
879.68	73.8896
881.609	73.9959
883.539	74.1885
885.468	74.4807
887.397	74.8081
889.326	75.0953
891.255	75.2908
893.184	75.3959
895.113	75.4471
897.042	75.4666
898.972	75.5085
900.901	75.7128
902.83	76.2066
904.759	77.0075
906.688	78.0695
908.617	79.3082
910.546	80.5406
912.475	81.5105
914.405	82.0284
916.334	82.054
918.263	81.6532
920.192	80.9301
922.121	79.9912
924.05	78.9066
925.979	77.6926
927.908	76.3558
929.838	74.9125
931.767	73.3574
933.696	71.7005
935.625	70.0556
937.554	68.6124
939.483	67.5093
941.412	66.7729
943.341	66.3481
945.271	66.1412
947.2	66.0821
949.129	66.2011
951.058	66.6095
952.987	67.3584
954.916	68.3431
956.845	69.3714
958.774	70.2982
960.704	71.0962
962.633	71.8415
964.562	72.6409
966.491	73.5436
968.42	74.5083
970.349	75.4422
972.278	76.2545
974.207	76.8805
976.137	77.2818
978.066	77.4387
979.995	77.3382
981.924	76.9714
983.853	76.3644
985.782	75.5975
987.711	74.7859
989.64	74.0846
991.57	73.6575
993.499	73.505
995.428	73.3667
997.357	72.9352
999.286	72.1037
1001.22	70.9352
1003.14	69.5434
1005.07	68.083
1007	66.7409
1008.93	65.6695
1010.86	64.902
1012.79	64.2746
1014.72	63.4713
1016.65	62.2389
1018.58	60.5523
1020.51	58.5814
1022.44	56.5747
1024.36	54.7936
1026.29	53.5121
1028.22	52.9611
1030.15	53.1322
1032.08	53.698
1034.01	54.2924
1035.94	54.8261
1037.87	55.4204
1039.8	56.1627
1041.73	57.0721
1043.66	58.1989
1045.58	59.615
1047.51	61.3276
1049.44	63.2289
1051.37	65.0873
1053.3	66.6166
1055.23	67.6531
1057.16	68.2872
1059.09	68.7521
1061.02	69.1501
1062.95	69.3287
1064.88	69.0775
1066.81	68.4374
1068.73	67.7588
1070.66	67.4507
1072.59	67.7135
1074.52	68.475
1076.45	69.4946
1078.38	70.5357
1080.31	71.4759
1082.24	72.258
1084.17	72.7974
1086.1	73.0066
1088.03	72.8723
1089.95	72.4527
1091.88	71.8061
1093.81	70.9623
1095.74	69.9763
1097.67	68.9572
1099.6	67.9886
1101.53	67.0501
1103.46	66.0588
1105.39	64.9562
1107.32	63.7499
1109.25	62.5094
1111.18	61.3196
1113.1	60.2421
1115.03	59.3128
1116.96	58.5033
1118.89	57.6879
1120.82	56.7468
1122.75	55.6811
1124.68	54.5451
1126.61	53.3489
1128.54	52.0987
1130.47	50.8428
1132.4	49.6263
1134.32	48.46
1136.25	47.3504
1138.18	46.3285
1140.11	45.4451
1142.04	44.7375
1143.97	44.2118
1145.9	43.8673
1147.83	43.7015
1149.76	43.6788
1151.69	43.7566
1153.62	43.9396
1155.55	44.2496
1157.47	44.6832
1159.4	45.246
1161.33	45.9538
1163.26	46.7931
1165.19	47.7642
1167.12	48.9136
1169.05	50.2561
1170.98	51.747
1172.91	53.3555
1174.84	55.0605
1176.77	56.7967
1178.69	58.5025
1180.62	60.168
1182.55	61.7745
1184.48	63.2642
1186.41	64.6022
1188.34	65.7899
1190.27	66.8364
1192.2	67.7833
1194.13	68.6999
1196.06	69.5952
1197.99	70.4001
1199.91	71.0439
1201.84	71.4729
1203.77	71.6332
1205.7	71.5017
1207.63	71.0731
1209.56	70.2986
1211.49	69.1321
1213.42	67.611
1215.35	65.7889
1217.28	63.6652
1219.21	61.2821
1221.14	58.7766
1223.06	56.2627
1224.99	53.7657
1226.92	51.2929
1228.85	48.8972
1230.78	46.6746
1232.71	44.7263
1234.64	43.1231
1236.57	41.895
1238.5	41.0243
1240.43	40.427
1242.36	39.9591
1244.28	39.4849
1246.21	38.9532
1248.14	38.3793
1250.07	37.7825
1252	37.2092
1253.93	36.775
1255.86	36.6124
1257.79	36.8071
1259.72	37.3969
1261.65	38.3791
1263.58	39.7156
1265.51	41.3408
1267.43	43.1667
1269.36	45.1049
1271.29	47.0764
1273.22	49.0113
1275.15	50.8742
1277.08	52.6661
1279.01	54.401
1280.94	56.101
1282.87	57.7679
1284.8	59.3699
1286.73	60.9003
1288.65	62.3818
1290.58	63.7909
1292.51	65.0715
1294.44	66.2178
1296.37	67.3017
1298.3	68.469
1300.23	69.8909
1302.16	71.6369
1304.09	73.6273
1306.02	75.7146
1307.95	77.7255
1309.87	79.4556
1311.8	80.7062
1313.73	81.3467
1315.66	81.3822
1317.59	80.9578
1319.52	80.3615
1321.45	80.0058
1323.38	80.1869
1325.31	80.9197
1327.24	82.0065
1329.17	83.1412
1331.1	84.0249
1333.02	84.5062
1334.95	84.7027
1336.88	84.8427
1338.81	85.0285
1340.74	85.287
1342.67	85.6631
1344.6	86.1484
1346.53	86.6603
1348.46	87.0501
1350.39	87.1386
1352.32	86.8386
1354.24	86.1909
1356.17	85.4112
1358.1	84.8475
1360.03	84.5819
1361.96	84.2843
1363.89	83.6783
1365.82	82.8399
1367.75	81.7641
1369.68	80.5
1371.61	79.3753
1373.54	78.5033
1375.47	77.7524
1377.39	77.1885
1379.32	76.9161
1381.25	76.9088
1383.18	77.1541
1385.11	77.7427
1387.04	78.7391
1388.97	79.7826
1390.9	80.464
1392.83	80.8315
1394.76	80.9194
1396.69	80.6096
1398.61	79.9596
1400.54	79.2961
1402.47	78.9073
1404.4	78.8548
1406.33	79.1394
1408.26	79.7277
1410.19	80.5664
1412.12	81.574
1414.05	82.5734
1415.98	83.5784
1417.91	84.7127
1419.83	85.6934
1421.76	86.2029
1423.69	86.3452
1425.62	86.2498
1427.55	85.9671
1429.48	85.2902
1431.41	84.1451
1433.34	82.9439
1435.27	81.6941
1437.2	80.0611
1439.13	78.4955
1441.06	77.3778
1442.98	76.5015
1444.91	75.8392
1446.84	75.3924
1448.77	74.9916
1450.7	74.7349
1452.63	74.9045
1454.56	75.5906
1456.49	76.8383
1458.42	78.1077
1460.35	78.8992
1462.28	79.7574
1464.2	81.0026
1466.13	82.3165
1468.06	83.3538
1469.99	84.4299
1471.92	85.6801
1473.85	86.5421
1475.78	86.8675
1477.71	87.1818
1479.64	87.5851
1481.57	88.0156
1483.5	88.4822
1485.43	89.0358
1487.35	89.7921
1489.28	90.7339
1491.21	91.4877
1493.14	92.0572
1495.07	92.766
1497	93.5631
1498.93	94.0336
1500.86	94.2475
1502.79	94.5664
1504.72	95.1052
1506.65	95.6845
1508.57	95.7211
1510.5	95.4818
1512.43	95.3969
1514.36	95.5078
1516.29	95.7777
1518.22	96.0966
1520.15	96.3188
1522.08	96.331
1524.01	96.1933
1525.94	95.9864
1527.87	95.7719
1529.8	95.6888
1531.72	95.7973
1533.65	95.9845
1535.58	96.1212
1537.51	96.359
1539.44	96.8197
1541.37	96.9588
1543.3	96.4802
1545.23	96.0487
1547.16	95.8695
1549.09	95.8859
1551.02	95.9871
1552.94	96.0794
1554.87	96.229
1556.8	96.5711
1558.73	96.7919
1560.66	96.349
1562.59	95.8785
1564.52	95.6734
1566.45	95.6639
1568.38	95.6924
1570.31	95.5394
1572.24	95.3388
1574.16	95.358
1576.09	95.492
1578.02	95.3543
1579.95	95.0779
1581.88	94.962
1583.81	94.9908
1585.74	95.0272
1587.67	95.0485
1589.6	95.1109
1591.53	95.2106
1593.46	95.3017
1595.39	95.3448
1597.31	95.3128
1599.24	95.2328
1601.17	95.1664
1603.1	95.1215
1605.03	95.0785
1606.96	95.0596
1608.89	95.0267
1610.82	94.9101
1612.75	94.839
1614.68	94.9068
1616.61	94.831
1618.53	94.4508
1620.46	94.1453
1622.39	93.9377
1624.32	93.6019
1626.25	93.1448
1628.18	92.5724
1630.11	91.926
1632.04	91.4954
1633.97	91.323
1635.9	91.0092
1637.83	90.5883
1639.76	90.7456
1641.68	91.4946
1643.61	92.5197
1645.54	93.6048
1647.47	94.3088
1649.4	94.4653
1651.33	94.6427
1653.26	94.9622
1655.19	94.7293
1657.12	94.3077
1659.05	94.171
1660.98	94.2202
1662.9	94.1166
1664.83	93.8381
1666.76	93.7253
1668.69	93.808
1670.62	93.7328
1672.55	93.4719
1674.48	93.2059
1676.41	92.7829
1678.34	92.3288
1680.27	92.1175
1682.2	92.0039
1684.12	91.63
1686.05	90.9569
1687.98	90.2006
1689.91	89.4371
1691.84	88.658
1693.77	87.6719
1695.7	86.4636
1697.63	85.1157
1699.56	83.0768
1701.49	80.3775
1703.42	77.7767
1705.35	74.8442
1707.27	71.1878
1709.2	67.5432
1711.13	64.3079
1713.06	61.3357
1714.99	58.7988
1716.92	56.473
1718.85	54.1457
1720.78	52.7926
1722.71	52.4932
1724.64	52.6696
1726.57	53.2108
1728.49	54.1241
1730.42	55.1491
1732.35	56.0374
1734.28	56.3814
1736.21	56.1076
1738.14	55.6972
1740.07	55.2006
1742	54.6513
1743.93	54.5377
1745.86	55.0247
1747.79	56.0569
1749.72	57.8282
1751.64	60.0047
1753.57	62.2192
1755.5	64.9314
1757.43	68.2751
1759.36	71.7476
1761.29	75.2359
1763.22	78.6804
1765.15	81.6054
1767.08	84.0963
1769.01	86.5335
1770.94	88.731
1772.86	90.3832
1774.79	91.601
1776.72	92.4622
1778.65	93.0951
1780.58	93.6688
1782.51	94.086
1784.44	94.343
1786.37	94.6677
1788.3	95.057
1790.23	95.4006
1792.16	95.6548
1794.08	95.6986
1796.01	95.6414
1797.94	95.6961
1799.87	95.815
1801.8	95.886
1803.73	95.9414
1805.66	95.9795
1807.59	96.0169
1809.52	96.1154
1811.45	96.1723
1813.38	96.1224
1815.31	96.1298
1817.23	96.2574
1819.16	96.4045
1821.09	96.5371
1823.02	96.6521
1824.95	96.7126
1826.88	96.7558
1828.81	96.8069
1830.74	96.7944
1832.67	96.7389
1834.6	96.7705
1836.53	96.9081
1838.45	97.005
1840.38	97.0018
1842.31	97.0631
1844.24	97.2334
1846.17	97.271
1848.1	97.1661
1850.03	97.1315
1851.96	97.1967
1853.89	97.2675
1855.82	97.2966
1857.75	97.2911
1859.68	97.2831
1861.6	97.3062
1863.53	97.414
1865.46	97.6469
1867.39	97.8626
1869.32	97.8309
1871.25	97.6732
1873.18	97.5953
1875.11	97.5667
1877.04	97.6387
1878.97	97.844
1880.9	97.9576
1882.82	97.8919
1884.75	97.8517
1886.68	97.8533
1888.61	97.7557
1890.54	97.672
1892.47	97.7366
1894.4	97.8365
1896.33	97.9327
1898.26	98.0893
1900.19	98.1994
1902.12	98.1667
1904.05	98.1531
1905.97	98.27
1907.9	98.3325
1909.83	98.229
1911.76	98.171
1913.69	98.2897
1915.62	98.3965
1917.55	98.3076
1919.48	98.1679
1921.41	98.2318
1923.34	98.4371
1925.27	98.5647
1927.19	98.633
1929.12	98.7517
1931.05	98.8083
1932.98	98.6724
1934.91	98.4568
1936.84	98.3986
1938.77	98.6567
1940.7	99.0991
1942.63	99.3129
1944.56	99.174
1946.49	99.0561
1948.41	99.1144
1950.34	99.1985
1952.27	99.3134
1954.2	99.5186
1956.13	99.7059
1958.06	99.8255
1959.99	99.8973
1961.92	99.8253
1963.85	99.639
1965.78	99.5663
1967.71	99.6357
1969.64	99.7204
1971.56	99.9117
1973.49	100.185
1975.42	100.157
1977.35	99.8245
1979.28	99.7067
1981.21	99.8518
1983.14	99.856
1985.07	99.7815
1987	99.9433
1988.93	100.165
1990.86	100.053
1992.78	99.6833
1994.71	99.531
1996.64	99.7614
1998.57	99.9858
2000.5	99.9026
2002.43	99.786
2004.36	99.9102
2006.29	100.123
2008.22	100.299
2010.15	100.433
2012.08	100.427
2014.01	100.365
2015.93	100.424
2017.86	100.492
2019.79	100.494
2021.72	100.542
2023.65	100.528
2025.58	100.376
2027.51	100.326
2029.44	100.391
2031.37	100.349
2033.3	100.318
2035.23	100.424
2037.15	100.423
2039.08	100.285
2041.01	100.303
2042.94	100.477
2044.87	100.548
2046.8	100.453
2048.73	100.291
2050.66	100.153
2052.59	100.081
2054.52	100.015
2056.45	99.9383
2058.37	99.9621
2060.3	100.062
2062.23	100.055
2064.16	99.8876
2066.09	99.6391
2068.02	99.4562
2069.95	99.5635
2071.88	99.8986
2073.81	100.015
2075.74	99.7814
2077.67	99.5652
2079.6	99.502
2081.52	99.3851
2083.45	99.213
2085.38	99.1677
2087.31	99.2309
2089.24	99.247
2091.17	99.2033
2093.1	99.2192
2095.03	99.3242
2096.96	99.4167
2098.89	99.4261
2100.82	99.3344
2102.74	99.1608
2104.67	99.0829
2106.6	99.2534
2108.53	99.4438
2110.46	99.3271
2112.39	99.0279
2114.32	98.9137
2116.25	99.0403
2118.18	99.1766
2120.11	99.1804
2122.04	99.0955
2123.97	99.0128
2125.89	99.0464
2127.82	99.2801
2129.75	99.5223
2131.68	99.4603
2133.61	99.2642
2135.54	99.4122
2137.47	99.8246
2139.4	100.019
2141.33	99.9665
2143.26	99.9448
2145.19	99.9739
2147.11	99.9824
2149.04	100.01
2150.97	100.08
2152.9	100.254
2154.83	100.545
2156.76	100.687
2158.69	100.501
2160.62	100.32
2162.55	100.457
2164.48	100.639
2166.41	100.498
2168.33	100.153
2170.26	99.9396
2172.19	99.8961
2174.12	99.8925
2176.05	99.9756
2177.98	100.222
2179.91	100.485
2181.84	100.625
2183.77	100.662
2185.7	100.548
2187.63	100.239
2189.56	99.9672
2191.48	99.9571
2193.41	100.118
2195.34	100.264
2197.27	100.29
2199.2	100.149
2201.13	99.9496
2203.06	99.8924
2204.99	99.9967
2206.92	100.14
2208.85	100.212
2210.78	100.097
2212.7	99.7781
2214.63	99.4775
2216.56	99.4416
2218.49	99.6754
2220.42	99.9815
2222.35	100.164
2224.28	100.157
2226.21	99.9971
2228.14	99.785
2230.07	99.6823
2232	99.7504
2233.93	99.8255
2235.85	99.7972
2237.78	99.7826
2239.71	99.8029
2241.64	99.7169
2243.57	99.615
2245.5	99.7411
2247.43	99.9824
2249.36	99.9942
2251.29	99.7888
2253.22	99.6404
2255.15	99.5788
2257.07	99.5216
2259	99.5574
2260.93	99.6388
2262.86	99.5476
2264.79	99.3977
2266.72	99.4686
2268.65	99.6248
2270.58	99.6233
2272.51	99.5712
2274.44	99.5576
2276.37	99.4629
2278.29	99.3169
2280.22	99.2488
2282.15	99.2319
2284.08	99.2501
2286.01	99.3436
2287.94	99.4137
2289.87	99.3926
2291.8	99.4256
2293.73	99.569
2295.66	99.6644
2297.59	99.6962
2299.52	99.8256
2301.44	100.013
2303.37	100.085
2305.3	100.149
2307.23	100.486
2309.16	101.082
2311.09	101.641
2313.02	102.024
2314.95	102.307
2316.88	102.547
2318.81	102.845
2320.74	103.378
2322.66	104.077
2324.59	104.762
2326.52	105.514
2328.45	106.277
2330.38	106.622
2332.31	106.557
2334.24	106.625
2336.17	106.836
2338.1	106.896
2340.03	107.097
2341.96	107.55
2343.89	107.197
2345.81	105.627
2347.74	104.345
2349.67	104.258
2351.6	105.4
2353.53	107.433
2355.46	109.316
2357.39	110.43
2359.32	111.003
2361.25	110.922
2363.18	110.267
2365.11	109.438
2367.03	108.416
2368.96	106.953
2370.89	105.174
2372.82	103.516
2374.75	102.185
2376.68	101.06
2378.61	100.06
2380.54	99.2449
2382.47	98.6423
2384.4	98.1848
2386.33	97.8432
2388.26	97.6964
2390.18	97.7552
2392.11	97.8155
2394.04	97.6926
2395.97	97.4976
2397.9	97.4412
2399.83	97.5025
2401.76	97.5366
2403.69	97.555
2405.62	97.6508
2407.55	97.7708
2409.48	97.7839
2411.4	97.7021
2413.33	97.6639
2415.26	97.7332
2417.19	97.8183
2419.12	97.8071
2421.05	97.75
2422.98	97.8072
2424.91	97.9691
2426.84	98.029
2428.77	97.9213
2430.7	97.8167
2432.62	97.8282
2434.55	97.9096
2436.48	98.0079
2438.41	98.0979
2440.34	98.1699
2442.27	98.2526
2444.2	98.3303
2446.13	98.3237
2448.06	98.2456
2449.99	98.2279
2451.92	98.3398
2453.85	98.4716
2455.77	98.4535
2457.7	98.2908
2459.63	98.1642
2461.56	98.1604
2463.49	98.1931
2465.42	98.1934
2467.35	98.1802
2469.28	98.1969
2471.21	98.2756
2473.14	98.3592
2475.07	98.3549
2476.99	98.3337
2478.92	98.4137
2480.85	98.4866
2482.78	98.4103
2484.71	98.2939
2486.64	98.2793
2488.57	98.3016
2490.5	98.2717
2492.43	98.24
2494.36	98.2732
2496.29	98.3323
2498.22	98.3395
2500.14	98.3057
2502.07	98.2968
2504	98.2908
2505.93	98.2406
2507.86	98.2128
2509.79	98.235
2511.72	98.2076
2513.65	98.1575
2515.58	98.2185
2517.51	98.3206
2519.44	98.3333
2521.36	98.3319
2523.29	98.3627
2525.22	98.3354
2527.15	98.2953
2529.08	98.3384
2531.01	98.3591
2532.94	98.2549
2534.87	98.127
2536.8	98.1
2538.73	98.1823
2540.66	98.2942
2542.58	98.3141
2544.51	98.1811
2546.44	97.9664
2548.37	97.8123
2550.3	97.7984
2552.23	97.8395
2554.16	97.8106
2556.09	97.7645
2558.02	97.8023
2559.95	97.8621
2561.88	97.8857
2563.81	97.918
2565.73	97.9166
2567.66	97.8254
2569.59	97.7628
2571.52	97.8046
2573.45	97.8271
2575.38	97.7778
2577.31	97.7719
2579.24	97.8285
2581.17	97.8346
2583.1	97.7734
2585.03	97.7237
2586.95	97.6956
2588.88	97.6807
2590.81	97.723
2592.74	97.7616
2594.67	97.6525
2596.6	97.4854
2598.53	97.5091
2600.46	97.6638
2602.39	97.6526
2604.32	97.4836
2606.25	97.4278
2608.18	97.505
2610.1	97.5181
2612.03	97.4596
2613.96	97.4302
2615.89	97.3624
2617.82	97.2057
2619.75	97.1006
2621.68	97.097
2623.61	97.0642
2625.54	97.0144
2627.47	97.0879
2629.4	97.2179
2631.32	97.2327
2633.25	97.1617
2635.18	97.0932
2637.11	96.9825
2639.04	96.8455
2640.97	96.8277
2642.9	96.9383
2644.83	97.0088
2646.76	96.9617
2648.69	96.8814
2650.62	96.8299
2652.54	96.766
2654.47	96.6511
2656.4	96.5371
2658.33	96.4968
2660.26	96.5045
2662.19	96.4868
2664.12	96.4623
2666.05	96.4963
2667.98	96.5617
2669.91	96.5871
2671.84	96.5699
2673.77	96.5307
2675.69	96.4541
2677.62	96.3468
2679.55	96.2612
2681.48	96.2374
2683.41	96.2734
2685.34	96.3328
2687.27	96.3757
2689.2	96.3964
2691.13	96.395
2693.06	96.3422
2694.99	96.2528
2696.91	96.2098
2698.84	96.2271
2700.77	96.2156
2702.7	96.1473
2704.63	96.1026
2706.56	96.1323
2708.49	96.1915
2710.42	96.2092
2712.35	96.1711
2714.28	96.131
2716.21	96.1173
2718.14	96.088
2720.06	96.0507
2721.99	96.0773
2723.92	96.1217
2725.85	96.0492
2727.78	95.8907
2729.71	95.8084
2731.64	95.8269
2733.57	95.8434
2735.5	95.8278
2737.43	95.815
2739.36	95.8077
2741.28	95.8107
2743.21	95.8422
2745.14	95.8755
2747.07	95.8631
2749	95.7869
2750.93	95.6633
2752.86	95.5873
2754.79	95.6748
2756.72	95.8538
2758.65	95.9201
2760.58	95.8448
2762.51	95.7532
2764.43	95.6871
2766.36	95.6518
2768.29	95.6915
2770.22	95.7616
2772.15	95.7676
2774.08	95.7106
2776.01	95.6168
2777.94	95.4942
2779.87	95.4084
2781.8	95.3913
2783.73	95.3655
2785.65	95.2992
2787.58	95.2544
2789.51	95.2607
2791.44	95.2952
2793.37	95.3119
2795.3	95.2607
2797.23	95.1994
2799.16	95.2548
2801.09	95.3791
2803.02	95.3947
2804.95	95.2934
2806.87	95.185
2808.8	95.0509
2810.73	94.8607
2812.66	94.7343
2814.59	94.7381
2816.52	94.7503
2818.45	94.6805
2820.38	94.5649
2822.31	94.4052
2824.24	94.1809
2826.17	93.9803
2828.1	93.8615
2830.02	93.6982
2831.95	93.3909
2833.88	93.0592
2835.81	92.8382
2837.74	92.6914
2839.67	92.5511
2841.6	92.4343
2843.53	92.347
2845.46	92.2285
2847.39	91.9982
2849.32	91.6176
2851.24	91.1692
2853.17	90.7819
2855.1	90.3959
2857.03	89.8157
2858.96	89.0625
2860.89	88.395
2862.82	87.9354
2864.75	87.5686
2866.68	87.2115
2868.61	86.886
2870.54	86.5638
2872.47	86.2457
2874.39	86.114
2876.32	86.3208
2878.25	86.7496
2880.18	87.1998
2882.11	87.6159
2884.04	87.9952
2885.97	88.2751
2887.9	88.3719
2889.83	88.2555
2891.76	88.0374
2893.69	87.9059
2895.61	87.9008
2897.54	87.9525
2899.47	88.0734
2901.4	88.2057
2903.33	88.1217
2905.26	87.8026
2907.19	87.5493
2909.12	87.5115
2911.05	87.5036
2912.98	87.3443
2914.91	87.0511
2916.83	86.7321
2918.76	86.4459
2920.69	86.1396
2922.62	85.7378
2924.55	85.2467
2926.48	84.6989
2928.41	84.1547
2930.34	83.7697
2932.27	83.6654
2934.2	83.8247
2936.13	84.1809
2938.06	84.5912
2939.98	84.8445
2941.91	84.9288
2943.84	84.9964
2945.77	85.0054
2947.7	84.8192
2949.63	84.4816
2951.56	84.0053
2953.49	83.2949
2955.42	82.5195
2957.35	82.068
2959.28	82.0658
2961.2	82.3497
2963.13	82.8464
2965.06	83.6523
2966.99	84.7851
2968.92	86.0362
2970.85	87.1381
2972.78	88.005
2974.71	88.7129
2976.64	89.3464
2978.57	89.9615
2980.5	90.5603
2982.43	91.0536
2984.35	91.3477
2986.28	91.4669
2988.21	91.5587
2990.14	91.7511
2992.07	91.9833
2994	92.0946
2995.93	92.1049
2997.86	92.2016
2999.79	92.4836
3001.72	92.9214
3003.65	93.4118
3005.57	93.762
3007.5	93.8552
3009.43	93.8275
3011.36	93.8836
3013.29	94.055
3015.22	94.2576
3017.15	94.4368
3019.08	94.5949
3021.01	94.764
3022.94	94.9414
3024.87	95.0464
3026.79	95.04
3028.72	95.0249
3030.65	95.0945
3032.58	95.203
3034.51	95.3137
3036.44	95.4846
3038.37	95.691
3040.3	95.8197
3042.23	95.8682
3044.16	95.8609
3046.09	95.7448
3048.02	95.6463
3049.94	95.8126
3051.87	96.1169
3053.8	96.2004
3055.73	96.059
3057.66	95.9034
3059.59	95.7722
3061.52	95.7429
3063.45	95.948
3065.38	96.189
3067.31	96.1671
3069.24	95.97
3071.16	95.8339
3073.09	95.8252
3075.02	95.9523
3076.95	96.1405
3078.88	96.1915
3080.81	96.0612
3082.74	95.9299
3084.67	95.9502
3086.6	96.1272
3088.53	96.3125
3090.46	96.3312
3092.39	96.2391
3094.31	96.1985
3096.24	96.1672
3098.17	96.0604
3100.1	95.9617
3102.03	95.9546
3103.96	96.0669
3105.89	96.2729
3107.82	96.3747
3109.75	96.2734
3111.68	96.2199
3113.61	96.3214
3115.53	96.2902
3117.46	96.0788
3119.39	96.0572
3121.32	96.3331
3123.25	96.4969
3125.18	96.1841
3127.11	95.653
3129.04	95.5267
3130.97	95.8887
3132.9	96.1529
3134.83	96.0426
3136.75	95.899
3138.68	95.8585
3140.61	95.7867
3142.54	95.8186
3144.47	96.0128
3146.4	96.063
3148.33	95.9489
3150.26	95.9712
3152.19	96.0513
3154.12	95.9652
3156.05	95.9026
3157.98	96.0226
3159.9	96.0886
3161.83	95.9839
3163.76	95.8685
3165.69	95.7742
3167.62	95.6846
3169.55	95.7413
3171.48	95.9266
3173.41	95.979
3175.34	95.8238
3177.27	95.6259
3179.2	95.4718
3181.12	95.3863
3183.05	95.4346
3184.98	95.5519
3186.91	95.542
3188.84	95.3564
3190.77	95.1365
3192.7	95.0121
3194.63	95.0315
3196.56	95.1871
3198.49	95.3899
3200.42	95.4988
3202.35	95.4514
3204.27	95.3194
3206.2	95.2177
3208.13	95.1952
3210.06	95.2104
3211.99	95.1769
3213.92	95.0444
3215.85	94.8723
3217.78	94.801
3219.71	94.8878
3221.64	94.9957
3223.57	94.9552
3225.49	94.8001
3227.42	94.6843
3229.35	94.6756
3231.28	94.7632
3233.21	94.8606
3235.14	94.7892
3237.07	94.5486
3239	94.3984
3240.93	94.4224
3242.86	94.4451
3244.79	94.436
3246.72	94.4544
3248.64	94.4373
3250.57	94.4413
3252.5	94.5864
3254.43	94.6787
3256.36	94.4906
3258.29	94.1999
3260.22	94.0677
3262.15	94.0719
3264.08	94.0804
3266.01	94.0648
3267.94	94.0776
3269.86	94.1177
3271.79	94.0597
3273.72	93.8573
3275.65	93.7166
3277.58	93.8017
3279.51	93.9488
3281.44	93.9396
3283.37	93.8392
3285.3	93.8221
3287.23	93.8691
3289.16	93.8577
3291.08	93.7924
3293.01	93.749
3294.94	93.7434
3296.87	93.7518
3298.8	93.7038
3300.73	93.5339
3302.66	93.3657
3304.59	93.3866
3306.52	93.5268
3308.45	93.5828
3310.38	93.5267
3312.31	93.4422
3314.23	93.3784
3316.16	93.3397
3318.09	93.2606
3320.02	93.1349
3321.95	93.1249
3323.88	93.2646
3325.81	93.3425
3327.74	93.3026
3329.67	93.2833
3331.6	93.2296
3333.53	93.041
3335.45	92.9009
3337.38	92.9603
3339.31	93.0587
3341.24	93.0644
3343.17	93.0482
3345.1	93.0548
3347.03	93.0748
3348.96	93.1309
3350.89	93.1773
3352.82	93.1332
3354.75	93.0454
3356.68	93.0168
3358.6	93.0502
3360.53	93.0764
3362.46	93.0663
3364.39	93.06
3366.32	93.0798
3368.25	93.082
3370.18	93.0682
3372.11	93.1055
3374.04	93.1757
3375.97	93.2044
3377.9	93.2183
3379.82	93.2663
3381.75	93.318
3383.68	93.3601
3385.61	93.4033
3387.54	93.3999
3389.47	93.3417
3391.4	93.3177
3393.33	93.3566
3395.26	93.3804
3397.19	93.3609
3399.12	93.3492
3401.04	93.3694
3402.97	93.4008
3404.9	93.4076
3406.83	93.364
3408.76	93.3145
3410.69	93.3472
3412.62	93.4596
3414.55	93.5432
3416.48	93.5223
3418.41	93.4626
3420.34	93.5424
3422.27	93.8381
3424.19	94.1434
3426.12	94.2086
3428.05	94.0389
3429.98	93.8027
3431.91	93.6651
3433.84	93.7097
3435.77	93.8328
3437.7	93.8987
3439.63	94.0071
3441.56	94.2315
3443.49	94.3659
3445.41	94.3261
3447.34	94.2869
3449.27	94.2324
3451.2	94.0438
3453.13	93.9096
3455.06	94.0223
3456.99	94.2513
3458.92	94.4586
3460.85	94.6382
3462.78	94.7083
3464.71	94.6302
3466.64	94.4853
3468.56	94.303
3470.49	94.1825
3472.42	94.2638
3474.35	94.3382
3476.28	94.1552
3478.21	94.0133
3480.14	94.203
3482.07	94.4151
3484	94.4137
3485.93	94.4777
3487.86	94.7233
3489.78	94.9266
3491.71	94.9751
3493.64	94.8894
3495.57	94.7218
3497.5	94.6088
3499.43	94.5727
3501.36	94.5714
3503.29	94.7813
3505.22	95.1929
3507.15	95.342
3509.08	95.0975
3511	94.9323
3512.93	95.0713
3514.86	95.211
3516.79	95.1884
3518.72	95.0992
3520.65	95.0104
3522.58	95.0442
3524.51	95.2559
3526.44	95.3132
3528.37	95.0444
3530.3	94.8749
3532.23	94.9733
3534.15	94.9295
3536.08	94.6861
3538.01	94.6546
3539.94	94.8434
3541.87	94.9313
3543.8	94.8938
3545.73	94.8681
3547.66	94.94
3549.59	95.1505
3551.52	95.2961
3553.45	95.1156
3555.37	94.8317
3557.3	94.7992
3559.23	94.9963
3561.16	95.3102
3563.09	95.6454
3565.02	95.8183
3566.95	95.8241
3568.88	95.8707
3570.81	95.8618
3572.74	95.7161
3574.67	95.6744
3576.6	95.8024
3578.52	95.8492
3580.45	95.7739
3582.38	95.7186
3584.31	95.6986
3586.24	95.7593
3588.17	95.9822
3590.1	96.2572
3592.03	96.5506
3593.96	96.8548
3595.89	96.9402
3597.82	96.8156
3599.74	96.7783
3601.67	96.8143
3603.6	96.7732
3605.53	96.7607
3607.46	96.8508
3609.39	96.9185
3611.32	96.9562
3613.25	97.0928
3615.18	97.3203
3617.11	97.5341
3619.04	97.6227
3620.97	97.5137
3622.89	97.3637
3624.82	97.3937
3626.75	97.6084
3628.68	97.6853
3630.61	97.4093
3632.54	97.2639
3634.47	97.3516
3636.4	97.2128
3638.33	96.7592
3640.26	96.5807
3642.19	96.9933
3644.11	97.5683
3646.04	97.896
3647.97	98.0354
3649.9	97.9864
3651.83	97.7276
3653.76	97.5367
3655.69	97.4693
3657.62	97.325
3659.55	97.0952
3661.48	97.0817
3663.41	97.3794
3665.33	97.6662
3667.26	97.6695
3669.19	97.5466
3671.12	97.7336
3673.05	98.2524
3674.98	98.5488
3676.91	98.1432
3678.84	97.6382
3680.77	97.5716
3682.7	97.5981
3684.63	97.4213
3686.56	97.3408
3688.48	97.8004
3690.41	98.4703
3692.34	98.5314
3694.27	98.0881
3696.2	97.5802
3698.13	97.2844
3700.06	97.2682
3701.99	97.4253
3703.92	97.6238
3705.85	97.8153
3707.78	98.0097
3709.7	98.1774
3711.63	98.15
3713.56	97.9011
3715.49	97.7807
3717.42	97.9589
3719.35	98.1851
3721.28	98.1258
3723.21	97.9657
3725.14	98.0607
3727.07	98.2445
3729	98.3179
3730.93	98.5091
3732.85	98.9214
3734.78	99.1496
3736.71	98.8915
3738.64	98.5224
3740.57	98.2452
3742.5	97.9937
3744.43	97.9048
3746.36	98.1701
3748.29	98.5068
3750.22	98.5061
3752.15	98.0032
3754.07	97.521
3756	97.357
3757.93	97.3913
3759.86	97.5618
3761.79	97.7526
3763.72	97.7664
3765.65	97.5977
3767.58	97.4915
3769.51	97.517
3771.44	97.4592
3773.37	97.3686
3775.29	97.4629
3777.22	97.6298
3779.15	97.5412
3781.08	97.2274
3783.01	97.0658
3784.94	97.1276
3786.87	97.1851
3788.8	97.1744
3790.73	97.2761
3792.66	97.5236
3794.59	97.7144
3796.52	97.7539
3798.44	97.8102
3800.37	97.9336
3802.3	97.9262
3804.23	97.8037
3806.16	97.7563
3808.09	97.714
3810.02	97.571
3811.95	97.4911
3813.88	97.6194
3815.81	97.8288
3817.74	97.8792
3819.66	97.9051
3821.59	98.0475
3823.52	98.0428
3825.45	97.8093
3827.38	97.6155
3829.31	97.6348
3831.24	97.7713
3833.17	97.8428
3835.1	97.8307
3837.03	97.8505
3838.96	97.9169
3840.89	97.866
3842.81	97.6772
3844.74	97.5184
3846.67	97.4847
3848.6	97.5382
3850.53	97.6649
3852.46	97.8589
3854.39	97.8617
3856.32	97.6036
3858.25	97.4272
3860.18	97.4179
3862.11	97.483
3864.03	97.5293
3865.96	97.5394
3867.89	97.5314
3869.82	97.5372
3871.75	97.554
3873.68	97.5058
3875.61	97.4298
3877.54	97.4467
3879.47	97.523
3881.4	97.4996
3883.33	97.365
3885.25	97.2279
3887.18	97.1494
3889.11	97.1756
3891.04	97.2912
3892.97	97.3484
3894.9	97.2969
3896.83	97.3418
3898.76	97.665
3900.69	98.1057
3902.62	98.165
3904.55	97.7072
3906.48	97.1719
3908.4	96.8955
3910.33	96.8146
3912.26	96.8139
3914.19	96.9214
3916.12	97.2074
3918.05	97.5477
3919.98	97.6314
3921.91	97.4235
3923.84	97.1951
3925.77	97.1396
3927.7	97.1966
3929.62	97.2554
3931.55	97.2886
3933.48	97.2656
3935.41	97.1847
3937.34	97.1223
3939.27	97.1306
3941.2	97.1754
3943.13	97.2003
3945.06	97.188
3946.99	97.1218
3948.92	97.0127
3950.85	96.9733
3952.77	97.0481
3954.7	97.0991
3956.63	97.0547
3958.56	97.0025
3960.49	96.9597
3962.42	96.8991
3964.35	96.9368
3966.28	97.1051
3968.21	97.2122
3970.14	97.1821
3972.07	97.1678
3973.99	97.2039
3975.92	97.1445
3977.85	96.9809
3979.78	96.8772
3981.71	96.886
3983.64	96.8773
3985.57	96.7855
3987.5	96.7267
3989.43	96.765
3991.36	96.7916
3993.29	96.7861
3995.22	96.8986
3997.14	97.1092
