499.643	79.6026
501.572	78.5133
503.501	78.4368
505.43	78.9571
507.36	79.0523
509.289	79.2461
511.218	79.586
513.147	79.0861
515.076	78.3903
517.005	79.0175
518.934	80.2213
520.863	80.4421
522.792	80.3089
524.722	80.7107
526.651	81.1636
528.58	81.3
530.509	81.4914
532.438	81.8925
534.367	82.4341
536.296	82.9401
538.225	83.1602
540.155	83.2844
542.084	83.5792
544.013	83.6833
545.942	83.5176
547.871	83.7956
549.8	84.5957
551.729	85.0912
553.658	85.0767
555.588	85.0827
557.517	85.2227
559.446	85.271
561.375	85.3996
563.304	85.8935
565.233	86.4563
567.162	86.4556
569.091	85.886
571.021	85.4728
572.95	85.5512
574.879	85.7748
576.808	86.0193
578.737	86.4856
580.666	86.9365
582.595	86.9312
584.524	86.5583
586.454	86.211
588.383	86.0785
590.312	86.1426
592.241	86.2083
594.17	86.072
596.099	85.8676
598.028	85.8127
599.957	85.7996
601.887	85.6904
603.816	85.6792
605.745	85.9463
607.674	86.3232
609.603	86.5787
611.532	86.7641
613.461	87.056
615.39	87.4185
617.32	87.6485
619.249	87.6767
621.178	87.5918
623.107	87.4545
625.036	87.3049
626.965	87.1742
628.894	87.0582
630.823	87.0219
632.753	87.1231
634.682	87.2085
636.611	87.1183
638.54	86.9629
640.469	86.8507
642.398	86.6643
644.327	86.3646
646.256	86.0991
648.186	85.8955
650.115	85.6718
652.044	85.5154
653.973	85.5603
655.902	85.6951
657.831	85.757
659.76	85.8514
661.689	86.1045
663.619	86.4804
665.548	87.198
667.477	88.621
669.406	89.652
671.335	89.4898
673.264	89.4033
675.193	89.6943
677.122	89.8992
679.052	89.987
680.981	90.2492
682.91	90.4207
684.839	90.2381
686.768	90.0462
688.697	90.0795
690.626	90.1042
692.555	89.9854
694.485	89.8724
696.414	89.8312
698.343	89.7948
700.272	89.7532
702.201	89.7314
704.13	89.7121
706.059	89.6651
707.988	89.5833
709.917	89.4907
711.847	89.4067
713.776	89.323
715.705	89.285
717.634	89.3718
719.563	89.5078
721.492	89.5008
723.421	89.3403
725.35	89.1506
727.28	88.9242
729.209	88.5852
731.138	88.1562
733.067	87.6824
734.996	87.1612
736.925	86.6405
738.854	86.2004
740.783	85.766
742.713	85.1521
744.642	84.4186
746.571	83.9391
748.5	83.9868
750.429	84.4893
752.358	85.215
754.287	85.9438
756.216	86.5058
758.146	86.8712
760.075	87.1347
762.004	87.3129
763.933	87.2984
765.862	87.0604
767.791	86.6991
769.72	86.2178
771.649	85.4103
773.579	84.0798
775.508	82.1653
777.437	79.535
779.366	75.9896
781.295	71.7326
783.224	67.5937
785.153	64.6077
787.082	63.5114
789.012	64.5927
790.941	67.692
792.87	72.1465
794.799	76.8602
796.728	80.7251
798.657	83.1611
800.586	84.2914
802.515	84.5744
804.445	84.3205
806.374	83.6035
808.303	82.4711
810.232	81.1008
812.161	79.8304
814.09	79.0795
816.019	79.1255
817.948	79.8914
819.878	81.0198
821.807	82.1567
823.736	83.079
825.665	83.6607
827.594	83.9162
829.523	83.9748
831.452	83.8743
833.381	83.5251
835.311	82.9076
837.24	82.0784
839.169	80.9995
841.098	79.6087
843.027	78.04
844.956	76.5934
846.885	75.4969
848.814	74.758
850.744	74.1908
852.673	73.585
854.602	72.8793
856.531	72.1444
858.46	71.4621
860.389	70.9171
862.318	70.6284
864.247	70.6648
866.177	70.9855
868.106	71.5165
870.035	72.1777
871.964	72.8184
873.893	73.285
875.822	73.5609
877.751	73.72
879.68	73.8175
881.609	73.9196
883.539	74.1132
885.468	74.4111
887.397	74.7413
889.326	75.0284
891.255	75.2226
893.184	75.3084
895.113	75.3329
897.042	75.3688
898.972	75.4659
900.901	75.7007
902.83	76.1944
904.759	77.0083
906.688	78.0897
908.617	79.3268
910.546	80.5518
912.475	81.5216
914.405	82.0328
916.334	82.0427
918.263	81.6227
920.192	80.8778
922.121	79.9341
924.05	78.8774
925.979	77.6947
927.908	76.3575
929.838	74.8934
931.767	73.3232
933.696	71.662
935.625	70.0294
937.554	68.6166
939.483	67.5318
941.412	66.7822
943.341	66.3477
945.271	66.1598
947.2	66.1144
949.129	66.218
951.058	66.6093
952.987	67.36
954.916	68.3501
956.845	69.3742
958.774	70.2969
960.704	71.1047
962.633	71.8626
964.562	72.6478
966.491	73.5083
968.42	74.4377
970.349	75.3657
972.278	76.1974
974.207	76.8535
976.137	77.2708
978.066	77.4197
979.995	77.3159
981.924	76.9704
983.853	76.3794
985.782	75.5964
987.711	74.7617
989.64	74.061
991.57	73.6414
993.499	73.4729
995.428	73.3114
997.357	72.8829
999.286	72.0664
1001.22	70.9019
1003.14	69.5261
1005.07	68.0958
1007	66.7433
1008.93	65.6174
1010.86	64.8204
1012.79	64.1987
1014.72	63.383
1016.65	62.1282
1018.58	60.4638
1020.51	58.5481
1022.44	56.5633
1024.36	54.7438
1026.29	53.4015
1028.22	52.8257
1030.15	53.0253
1032.08	53.6338
1034.01	54.2486
1035.94	54.7872
1037.87	55.3784
1039.8	56.0974
1041.73	56.9778
1043.66	58.1109
1045.58	59.5699
1047.51	61.3148
1049.44	63.204
1051.37	65.0215
1053.3	66.522
1055.23	67.5685
1057.16	68.2378
1059.09	68.7272
1061.02	69.1303
1062.95	69.3202
1064.88	69.0875
1066.81	68.4308
1068.73	67.6914
1070.66	67.3397
1072.59	67.618
1074.52	68.4116
1076.45	69.4341
1078.38	70.4659
1080.31	71.4059
1082.24	72.1891
1084.17	72.7413
1086.1	72.9848
1088.03	72.8743
1089.95	72.4451
1091.88	71.7795
1093.81	70.9192
1095.74	69.9044
1097.67	68.8543
1099.6	67.876
1101.53	66.9446
1103.46	65.9631
1105.39	64.8781
1107.32	63.7042
1109.25	62.4918
1111.18	61.2981
1113.1	60.1891
1115.03	59.2336
1116.96	58.4174
1118.89	57.6051
1120.82	56.6759
1122.75	55.6281
1124.68	54.4992
1126.61	53.3001
1128.54	52.0623
1130.47	50.8366
1132.4	49.6334
1134.32	48.4469
1136.25	47.3222
1138.18	46.3238
1140.11	45.463
1142.04	44.7355
1143.97	44.1869
1145.9	43.8543
1147.83	43.7003
1149.76	43.6747
1151.69	43.7746
1153.62	44.0026
1155.55	44.3358
1157.47	44.759
1159.4	45.2928
1161.33	45.9789
1163.26	46.8292
1165.19	47.8152
1167.12	48.9387
1169.05	50.2548
1170.98	51.7721
1172.91	53.411
1174.84	55.099
1176.77	56.8168
1178.69	58.5346
1180.62	60.1951
1182.55	61.7686
1184.48	63.2522
1186.41	64.6185
1188.34	65.8156
1190.27	66.836
1192.2	67.755
1194.13	68.66
1196.06	69.5469
1197.99	70.3341
1199.91	70.9599
1201.84	71.3953
1203.77	71.5841
1205.7	71.4622
1207.63	71.0104
1209.56	70.2169
1211.49	69.0486
1213.42	67.5171
1215.35	65.6759
1217.28	63.5495
1219.21	61.1832
1221.14	58.6996
1223.06	56.1969
1224.99	53.6919
1226.92	51.2035
1228.85	48.7985
1230.78	46.5656
1232.71	44.6074
1234.64	43.0162
1236.57	41.8229
1238.5	40.9852
1240.43	40.4025
1242.36	39.9386
1244.28	39.4797
1246.21	38.978
1248.14	38.4207
1250.07	37.8197
1252	37.2497
1253.93	36.8241
1255.86	36.6459
1257.79	36.817
1259.72	37.4076
1261.65	38.3985
1263.58	39.7267
1265.51	41.3399
1267.43	43.1628
1269.36	45.1003
1271.29	47.0671
1273.22	48.9886
1275.15	50.8319
1277.08	52.6125
1279.01	54.3421
1280.94	56.0301
1282.87	57.6999
1284.8	59.3422
1286.73	60.9153
1288.65	62.4022
1290.58	63.7971
1292.51	65.0724
1294.44	66.2229
1296.37	67.3149
1298.3	68.4817
1300.23	69.8814
1302.16	71.6093
1304.09	73.6153
1306.02	75.7218
1307.95	77.7169
1309.87	79.4241
1311.8	80.6868
1313.73	81.3597
1315.66	81.4112
1317.59	80.9883
1319.52	80.4008
1321.45	80.0578
1323.38	80.2397
1325.31	80.9654
1327.24	82.0435
1329.17	83.1613
1331.1	84.029
1333.02	84.5122
1334.95	84.7091
1336.88	84.8252
1338.81	84.9981
1340.74	85.2867
1342.67	85.6862
1344.6	86.1528
1346.53	86.6417
1348.46	87.0338
1350.39	87.1274
1352.32	86.8218
1354.24	86.1729
1356.17	85.4003
1358.1	84.8426
1360.03	84.5735
1361.96	84.2519
1363.89	83.6181
1365.82	82.7877
1367.75	81.7459
1369.68	80.5009
1371.61	79.3775
1373.54	78.5108
1375.47	77.7562
1377.39	77.1641
1379.32	76.8647
1381.25	76.8558
1383.18	77.1155
1385.11	77.7134
1387.04	78.7128
1388.97	79.7702
1390.9	80.4723
1392.83	80.8428
1394.76	80.9132
1396.69	80.587
1398.61	79.9214
1400.54	79.2429
1402.47	78.8696
1404.4	78.8568
1406.33	79.1453
1408.26	79.6856
1410.19	80.4784
1412.12	81.4809
1414.05	82.5051
1415.98	83.5386
1417.91	84.6959
1419.83	85.6903
1421.76	86.2041
1423.69	86.3448
1425.62	86.2471
1427.55	85.9691
1429.48	85.3025
1431.41	84.1573
1433.34	82.9372
1435.27	81.6583
1437.2	80.0085
1439.13	78.4503
1441.06	77.3414
1442.98	76.462
1444.91	75.8011
1446.84	75.3833
1448.77	75.0229
1450.7	74.7786
1452.63	74.9366
1454.56	75.6134
1456.49	76.8564
1458.42	78.1216
1460.35	78.9156
1462.28	79.7733
1464.2	81.0075
1466.13	82.314
1468.06	83.3578
1469.99	84.4375
1471.92	85.6666
1473.85	86.4891
1475.78	86.8136
1477.71	87.1696
1479.64	87.6093
1481.57	88.0407
1483.5	88.4925
1485.43	89.0357
1487.35	89.7787
1489.28	90.7143
1491.21	91.4867
1493.14	92.0731
1495.07	92.785
1497	93.581
1498.93	94.043
1500.86	94.2367
1502.79	94.5328
1504.72	95.0595
1506.65	95.6635
1508.57	95.7311
1510.5	95.4756
1512.43	95.368
1514.36	95.4773
1516.29	95.749
1518.22	96.0535
1520.15	96.2581
1522.08	96.2615
1524.01	96.1443
1525.94	96.007
1527.87	95.857
1529.8	95.7697
1531.72	95.818
1533.65	95.9345
1535.58	96.0312
1537.51	96.2645
1539.44	96.7583
1541.37	96.9496
1543.3	96.4863
1545.23	96.0571
1547.16	95.8925
1549.09	95.9238
1551.02	96.0153
1552.94	96.0758
1554.87	96.2096
1556.8	96.5684
1558.73	96.8065
1560.66	96.3482
1562.59	95.8673
1564.52	95.6686
1566.45	95.6743
1568.38	95.7101
1570.31	95.551
1572.24	95.3585
1574.16	95.3935
1576.09	95.4944
1578.02	95.2881
1579.95	95
1581.88	94.9163
1583.81	94.9691
1585.74	95.014
1587.67	95.0502
1589.6	95.128
1591.53	95.219
1593.46	95.2737
1595.39	95.2813
1597.31	95.2514
1599.24	95.2074
1601.17	95.1663
1603.1	95.1088
1605.03	95.035
1606.96	95.0031
1608.89	94.9956
1610.82	94.9194
1612.75	94.8502
1614.68	94.8697
1616.61	94.7448
1618.53	94.37
1620.46	94.0953
1622.39	93.9213
1624.32	93.621
1626.25	93.1925
1628.18	92.6427
1630.11	92.0074
1632.04	91.5672
1633.97	91.3714
1635.9	91.0368
1637.83	90.6098
1639.76	90.7715
1641.68	91.524
1643.61	92.5348
1645.54	93.589
1647.47	94.2972
1649.4	94.5067
1651.33	94.7423
1653.26	95.0798
1655.19	94.7902
1657.12	94.3195
1659.05	94.1641
1660.98	94.2027
1662.9	94.0732
1664.83	93.7737
1666.76	93.6837
1668.69	93.8212
1670.62	93.7534
1672.55	93.4442
1674.48	93.1525
1676.41	92.7391
1678.34	92.2846
1680.27	92.0533
1682.2	91.9275
1684.12	91.5917
1686.05	90.9906
1687.98	90.2694
1689.91	89.4905
1691.84	88.6701
1693.77	87.6629
1695.7	86.4842
1697.63	85.183
1699.56	83.1427
1701.49	80.4283
1703.42	77.8509
1705.35	74.9388
1707.27	71.2785
1709.2	67.6463
1711.13	64.4312
1713.06	61.4319
1714.99	58.8322
1716.92	56.4938
1718.85	54.1958
1720.78	52.8341
1722.71	52.4988
1724.64	52.6346
1726.57	53.1476
1728.49	54.0571
1730.42	55.0751
1732.35	55.9318
1734.28	56.2842
1736.21	56.0907
1738.14	55.7505
1740.07	55.2736
1742	54.6844
1743.93	54.4808
1745.86	54.8779
1747.79	55.8863
1749.72	57.7168
1751.64	59.9467
1753.57	62.167
1755.5	64.881
1757.43	68.2305
1759.36	71.6944
1761.29	75.1842
1763.22	78.6723
1765.15	81.6508
1767.08	84.154
1769.01	86.5594
1770.94	88.7259
1772.86	90.3781
1774.79	91.5877
1776.72	92.4176
1778.65	93.0333
1780.58	93.6288
1782.51	94.0895
1784.44	94.3682
1786.37	94.6635
1788.3	95.0135
1790.23	95.3795
1792.16	95.6911
1794.08	95.7156
1796.01	95.6036
1797.94	95.6625
1799.87	95.8217
1801.8	95.9054
1803.73	95.9555
1805.66	95.9952
1807.59	96.0299
1809.52	96.1066
1811.45	96.1223
1813.38	96.0379
1815.31	96.045
1817.23	96.1978
1819.16	96.3615
1821.09	96.4895
1823.02	96.6001
1824.95	96.6862
1826.88	96.7863
1828.81	96.8962
1830.74	96.9189
1832.67	96.8579
1834.6	96.8352
1836.53	96.8918
1838.45	96.9431
1840.38	96.9554
1842.31	97.0481
1844.24	97.2184
1846.17	97.2339
1848.1	97.1328
1850.03	97.1275
1851.96	97.217
1853.89	97.3136
1855.82	97.3845
1857.75	97.3875
1859.68	97.3148
1861.6	97.2491
1863.53	97.299
1865.46	97.5236
1867.39	97.808
1869.32	97.8691
1871.25	97.708
1873.18	97.5874
1875.11	97.5668
1877.04	97.6201
1878.97	97.7323
1880.9	97.8181
1882.82	97.8431
1884.75	97.8824
1886.68	97.9345
1888.61	97.9332
1890.54	97.9039
1892.47	97.8885
1894.4	97.8823
1896.33	97.9634
1898.26	98.1864
1900.19	98.3504
1902.12	98.2544
1904.05	98.0984
1905.97	98.1977
1907.9	98.4144
1909.83	98.4297
1911.76	98.3493
1913.69	98.4241
1915.62	98.5073
1917.55	98.3562
1919.48	98.1572
1921.41	98.2273
1923.34	98.4355
1925.27	98.5043
1927.19	98.5267
1929.12	98.6873
1931.05	98.8647
1932.98	98.8903
1934.91	98.7749
1936.84	98.6014
1938.77	98.5832
1940.7	98.9032
1942.63	99.2715
1944.56	99.2307
1946.49	98.9529
1948.41	98.8976
1950.34	99.1415
1952.27	99.423
1954.2	99.5288
1956.13	99.5477
1958.06	99.6953
1959.99	99.8974
1961.92	99.8896
1963.85	99.7038
1965.78	99.5865
1967.71	99.6037
1969.64	99.7038
1971.56	99.9024
1973.49	100.114
1975.42	100.143
1977.35	100.074
1979.28	100.186
1981.21	100.365
1983.14	100.284
1985.07	100.049
1987	99.9769
1988.93	100
1990.86	99.9131
1992.78	99.8044
1994.71	99.8244
1996.64	99.8883
1998.57	99.8959
2000.5	99.914
2002.43	99.9811
2004.36	100.008
2006.29	100.039
2008.22	100.199
2010.15	100.333
2012.08	100.272
2014.01	100.211
2015.93	100.26
2017.86	100.284
2019.79	100.396
2021.72	100.678
2023.65	100.77
2025.58	100.549
2027.51	100.383
2029.44	100.374
2031.37	100.328
2033.3	100.306
2035.23	100.412
2037.15	100.516
2039.08	100.528
2041.01	100.502
2042.94	100.489
2044.87	100.473
2046.8	100.383
2048.73	100.22
2050.66	100.146
2052.59	100.206
2054.52	100.219
2056.45	100.102
2058.37	99.9729
2060.3	99.8766
2062.23	99.7857
2064.16	99.7377
2066.09	99.6972
2068.02	99.5917
2069.95	99.5555
2071.88	99.683
2073.81	99.7281
2075.74	99.5399
2077.67	99.3789
2079.6	99.4012
2081.52	99.4146
2083.45	99.3282
2085.38	99.2579
2087.31	99.2072
2089.24	99.1331
2091.17	99.1616
2093.1	99.3753
2095.03	99.5574
2096.96	99.4235
2098.89	99.049
2100.82	98.8332
2102.74	98.9801
2104.67	99.246
2106.6	99.3327
2108.53	99.2589
2110.46	99.1586
2112.39	99.0463
2114.32	98.9555
2116.25	98.9487
2118.18	98.954
2120.11	98.9138
2122.04	98.9383
2123.97	99.0773
2125.89	99.2498
2127.82	99.4316
2129.75	99.5491
2131.68	99.4393
2133.61	99.2345
2135.54	99.2847
2137.47	99.5609
2139.4	99.773
2141.33	99.9353
2143.26	100.186
2145.19	100.41
2147.11	100.475
2149.04	100.42
2150.97	100.297
2152.9	100.205
2154.83	100.303
2156.76	100.515
2158.69	100.592
2160.62	100.547
2162.55	100.572
2164.48	100.623
2166.41	100.554
2168.33	100.416
2170.26	100.32
2172.19	100.214
2174.12	100.024
2176.05	99.8452
2177.98	99.8465
2179.91	100.069
2181.84	100.398
2183.77	100.638
2185.7	100.62
2187.63	100.386
2189.56	100.161
2191.48	100.041
2193.41	99.9726
2195.34	99.9721
2197.27	100.013
2199.2	99.9854
2201.13	99.9771
2203.06	100.114
2204.99	100.211
2206.92	100.106
2208.85	99.9711
2210.78	99.9321
2212.7	99.8799
2214.63	99.7456
2216.56	99.6095
2218.49	99.6228
2220.42	99.8745
2222.35	100.193
2224.28	100.263
2226.21	100.02
2228.14	99.7043
2230.07	99.5671
2232	99.6354
2233.93	99.7096
2235.85	99.6822
2237.78	99.7275
2239.71	99.8876
2241.64	99.8708
2243.57	99.6501
2245.5	99.6226
2247.43	99.8539
2249.36	99.9645
2251.29	99.8954
2253.22	99.8806
2255.15	99.825
2257.07	99.6049
2259	99.4858
2260.93	99.5756
2262.86	99.6103
2264.79	99.526
2266.72	99.4512
2268.65	99.3519
2270.58	99.2769
2272.51	99.3651
2274.44	99.4528
2276.37	99.364
2278.29	99.2764
2280.22	99.2877
2282.15	99.2419
2284.08	99.153
2286.01	99.1402
2287.94	99.135
2289.87	99.1191
2291.8	99.2414
2293.73	99.4737
2295.66	99.6166
2297.59	99.6585
2299.52	99.7282
2301.44	99.8346
2303.37	99.9541
2305.3	100.196
2307.23	100.674
2309.16	101.293
2311.09	101.787
2313.02	102.009
2314.95	102.095
2316.88	102.286
2318.81	102.748
2320.74	103.464
2322.66	104.133
2324.59	104.602
2326.52	105.189
2328.45	105.974
2330.38	106.428
2332.31	106.377
2334.24	106.369
2336.17	106.515
2338.1	106.542
2340.03	106.714
2341.96	107.109
2343.89	106.725
2345.81	105.223
2347.74	104.013
2349.67	103.94
2351.6	105.112
2353.53	107.237
2355.46	109.122
2357.39	110.075
2359.32	110.562
2361.25	110.613
2363.18	110.155
2365.11	109.324
2367.03	107.995
2368.96	106.261
2370.89	104.618
2372.82	103.316
2374.75	102.137
2376.68	100.918
2378.61	99.8295
2380.54	99.081
2382.47	98.628
2384.4	98.2827
2386.33	97.9753
2388.26	97.7743
2390.18	97.6893
2392.11	97.6078
2394.04	97.4707
2395.97	97.37
2397.9	97.4013
2399.83	97.5083
2401.76	97.5645
2403.69	97.5672
2405.62	97.6062
2407.55	97.6642
2409.48	97.6625
2411.4	97.6615
2413.33	97.7533
2415.26	97.8507
2417.19	97.8319
2419.12	97.7563
2421.05	97.7442
2422.98	97.8081
2424.91	97.9074
2426.84	98.0055
2428.77	98.0397
2430.7	97.9816
2432.62	97.9307
2434.55	98.0043
2436.48	98.139
2438.41	98.1611
2440.34	98.0663
2442.27	98.0274
2444.2	98.1
2446.13	98.1483
2448.06	98.1024
2449.99	98.0813
2451.92	98.1938
2453.85	98.3745
2455.77	98.4869
2457.7	98.4759
2459.63	98.3735
2461.56	98.2611
2463.49	98.2188
2465.42	98.2194
2467.35	98.1765
2469.28	98.1274
2471.21	98.1544
2473.14	98.1936
2475.07	98.1649
2476.99	98.1453
2478.92	98.2258
2480.85	98.3614
2482.78	98.4361
2484.71	98.3965
2486.64	98.3153
2488.57	98.2773
2490.5	98.2501
2492.43	98.2133
2494.36	98.2296
2496.29	98.254
2498.22	98.1929
2500.14	98.1497
2502.07	98.2281
2504	98.2783
2505.93	98.1845
2507.86	98.0898
2509.79	98.0933
2511.72	98.0944
2513.65	98.0703
2515.58	98.1317
2517.51	98.2371
2519.44	98.2178
2521.36	98.1061
2523.29	98.0768
2525.22	98.1322
2527.15	98.1866
2529.08	98.2566
2531.01	98.2925
2532.94	98.1734
2534.87	98.015
2536.8	98.0418
2538.73	98.1782
2540.66	98.2085
2542.58	98.1492
2544.51	98.085
2546.44	97.9579
2548.37	97.7981
2550.3	97.7718
2552.23	97.8462
2554.16	97.8246
2556.09	97.7411
2558.02	97.7844
2559.95	97.9138
2561.88	97.9819
2563.81	98.0329
2565.73	98.0939
2567.66	98.0075
2569.59	97.7943
2571.52	97.7155
2573.45	97.7804
2575.38	97.7501
2577.31	97.6594
2579.24	97.7193
2581.17	97.8391
2583.1	97.8095
2585.03	97.6983
2586.95	97.6654
2588.88	97.7064
2590.81	97.7547
2592.74	97.7517
2594.67	97.6506
2596.6	97.5281
2598.53	97.519
2600.46	97.569
2602.39	97.4934
2604.32	97.3155
2606.25	97.2768
2608.18	97.4415
2610.1	97.5676
2612.03	97.4866
2613.96	97.3248
2615.89	97.2266
2617.82	97.1847
2619.75	97.182
2621.68	97.1943
2623.61	97.1459
2625.54	97.0749
2627.47	97.1046
2629.4	97.1783
2631.32	97.1486
2633.25	97.0537
2635.18	96.9895
2637.11	96.9145
2639.04	96.8209
2640.97	96.8176
2642.9	96.9166
2644.83	96.9979
2646.76	96.9891
2648.69	96.903
2650.62	96.7838
2652.54	96.6863
2654.47	96.6234
2656.4	96.5809
2658.33	96.5869
2660.26	96.6274
2662.19	96.5951
2664.12	96.4816
2666.05	96.4256
2667.98	96.4673
2669.91	96.4982
2671.84	96.4685
2673.77	96.4132
2675.69	96.3403
2677.62	96.2613
2679.55	96.2258
2681.48	96.2474
2683.41	96.2873
2685.34	96.3167
2687.27	96.3416
2689.2	96.3752
2691.13	96.397
2693.06	96.3595
2694.99	96.2744
2696.91	96.2315
2698.84	96.2633
2700.77	96.2799
2702.7	96.2164
2704.63	96.1379
2706.56	96.1248
2708.49	96.1614
2710.42	96.1822
2712.35	96.1516
2714.28	96.0991
2716.21	96.0866
2718.14	96.1052
2720.06	96.0867
2721.99	96.0472
2723.92	96.037
2725.85	95.99
2727.78	95.8696
2729.71	95.8048
2731.64	95.8455
2733.57	95.8657
2735.5	95.8385
2737.43	95.8451
2739.36	95.8431
2741.28	95.7749
2743.21	95.7337
2745.14	95.7746
2747.07	95.806
2749	95.7672
2750.93	95.6981
2752.86	95.6552
2754.79	95.6805
2756.72	95.7703
2758.65	95.8478
2760.58	95.8296
2762.51	95.7123
2764.43	95.5924
2766.36	95.5748
2768.29	95.6342
2770.22	95.6649
2772.15	95.656
2774.08	95.647
2776.01	95.6006
2777.94	95.5016
2779.87	95.4288
2781.8	95.4057
2783.73	95.361
2785.65	95.2739
2787.58	95.2061
2789.51	95.2061
2791.44	95.2509
2793.37	95.2701
2795.3	95.2367
2797.23	95.2067
2799.16	95.2151
2801.09	95.2164
2803.02	95.1863
2804.95	95.163
2806.87	95.1493
2808.8	95.0968
2810.73	94.9981
2812.66	94.8863
2814.59	94.763
2816.52	94.6286
2818.45	94.539
2820.38	94.5172
2822.31	94.4642
2824.24	94.2849
2826.17	94.0361
2828.1	93.8246
2830.02	93.64
2831.95	93.4038
2833.88	93.1155
2835.81	92.8606
2837.74	92.7051
2839.67	92.6187
2841.6	92.5133
2843.53	92.3478
2845.46	92.1393
2847.39	91.8806
2849.32	91.553
2851.24	91.1975
2853.17	90.8469
2855.1	90.4341
2857.03	89.8684
2858.96	89.159
2860.89	88.4269
2862.82	87.8191
2864.75	87.416
2866.68	87.1922
2868.61	87.0138
2870.54	86.7242
2872.47	86.3815
2874.39	86.272
2876.32	86.4849
2878.25	86.7772
2880.18	87.0405
2882.11	87.4141
2884.04	87.8606
2885.97	88.1795
2887.9	88.3239
2889.83	88.2958
2891.76	88.0758
2893.69	87.8371
2895.61	87.7934
2897.54	87.9054
2899.47	88.0376
2901.4	88.1063
2903.33	87.9912
2905.26	87.6926
2907.19	87.4549
2909.12	87.4141
2911.05	87.3893
2912.98	87.2121
2914.91	86.9497
2916.83	86.6958
2918.76	86.4115
2920.69	86.0602
2922.62	85.6961
2924.55	85.328
2926.48	84.8644
2928.41	84.2997
2930.34	83.806
2932.27	83.5704
2934.2	83.6661
2936.13	84.0331
2938.06	84.4668
2939.98	84.7548
2941.91	84.9058
2943.84	85.0388
2945.77	85.0669
2947.7	84.8098
2949.63	84.3279
2951.56	83.7656
2953.49	83.0651
2955.42	82.2706
2957.35	81.7817
2959.28	81.8507
2961.2	82.2587
2963.13	82.847
2965.06	83.7685
2966.99	84.9712
2968.92	86.0896
2970.85	86.9921
2972.78	87.874
2974.71	88.7886
2976.64	89.5423
2978.57	90.066
2980.5	90.549
2982.43	91.0919
2984.35	91.4864
2986.28	91.5738
2988.21	91.5645
2990.14	91.6901
2992.07	91.8757
2994	92.0149
2995.93	92.1509
2997.86	92.2964
2999.79	92.4909
3001.72	92.8871
3003.65	93.4279
3005.57	93.7806
3007.5	93.8362
3009.43	93.8415
3011.36	93.9506
3013.29	94.0843
3015.22	94.2048
3017.15	94.3749
3019.08	94.6041
3021.01	94.8523
3022.94	95.0775
3024.87	95.2045
3026.79	95.1963
3028.72	95.1275
3030.65	95.0714
3032.58	95.0627
3034.51	95.1913
3036.44	95.4794
3038.37	95.7387
3040.3	95.8387
3042.23	95.9076
3044.16	95.9776
3046.09	95.8683
3048.02	95.675
3049.94	95.7337
3051.87	95.9505
3053.8	95.9532
3055.73	95.8127
3057.66	95.7968
3059.59	95.8215
3061.52	95.8327
3063.45	96.0057
3065.38	96.2307
3067.31	96.2514
3069.24	96.1608
3071.16	96.0722
3073.09	95.9401
3075.02	95.94
3076.95	96.1689
3078.88	96.2682
3080.81	96.0585
3082.74	95.8718
3084.67	95.9071
3086.6	96.015
3088.53	96.0737
3090.46	96.0806
3092.39	96.0906
3094.31	96.1709
3096.24	96.263
3098.17	96.2487
3100.1	96.1296
3102.03	95.97
3103.96	95.8512
3105.89	95.861
3107.82	95.9649
3109.75	96.0694
3111.68	96.1767
3113.61	96.2554
3115.53	96.1897
3117.46	95.9999
3119.39	95.8614
3121.32	95.9079
3123.25	96.0882
3125.18	96.1418
3127.11	95.93
3129.04	95.7308
3130.97	95.7896
3132.9	95.9112
3134.83	95.905
3136.75	95.8839
3138.68	95.8706
3140.61	95.7974
3142.54	95.8028
3144.47	95.9357
3146.4	95.9852
3148.33	95.9379
3150.26	95.9663
3152.19	95.9967
3154.12	95.9228
3156.05	95.884
3157.98	95.9131
3159.9	95.8654
3161.83	95.8021
3163.76	95.8428
3165.69	95.8611
3167.62	95.7949
3169.55	95.7997
3171.48	95.8511
3173.41	95.7494
3175.34	95.5313
3177.27	95.3721
3179.2	95.2804
3181.12	95.2593
3183.05	95.4028
3184.98	95.5964
3186.91	95.5687
3188.84	95.3552
3190.77	95.2435
3192.7	95.2875
3194.63	95.3252
3196.56	95.3468
3198.49	95.4446
3200.42	95.5521
3202.35	95.5336
3204.27	95.3962
3206.2	95.2681
3208.13	95.2606
3210.06	95.3366
3211.99	95.3104
3213.92	95.0967
3215.85	94.8722
3217.78	94.8191
3219.71	94.8742
3221.64	94.8815
3223.57	94.8075
3225.49	94.6928
3227.42	94.5877
3229.35	94.6098
3231.28	94.8139
3233.21	94.9802
3235.14	94.8883
3237.07	94.7182
3239	94.6822
3240.93	94.5724
3242.86	94.2903
3244.79	94.1802
3246.72	94.2905
3248.64	94.274
3250.57	94.208
3252.5	94.3778
3254.43	94.5456
3256.36	94.4351
3258.29	94.27
3260.22	94.2418
3262.15	94.262
3264.08	94.2836
3266.01	94.2986
3267.94	94.2862
3269.86	94.2523
3271.79	94.0926
3273.72	93.7965
3275.65	93.6789
3277.58	93.8392
3279.51	93.9175
3281.44	93.7931
3283.37	93.7418
3285.3	93.8299
3287.23	93.8789
3289.16	93.8325
3291.08	93.7505
3293.01	93.7105
3294.94	93.7665
3296.87	93.8263
3298.8	93.7427
3300.73	93.5562
3302.66	93.4372
3304.59	93.4519
3306.52	93.5106
3308.45	93.4926
3310.38	93.3877
3312.31	93.2932
3314.23	93.2768
3316.16	93.3057
3318.09	93.2882
3320.02	93.1957
3321.95	93.152
3323.88	93.2517
3325.81	93.3565
3327.74	93.3235
3329.67	93.2376
3331.6	93.1688
3333.53	93.0459
3335.45	92.9129
3337.38	92.9
3339.31	92.9476
3341.24	92.9374
3343.17	92.9201
3345.1	92.9561
3347.03	92.9982
3348.96	93.0491
3350.89	93.1215
3352.82	93.1124
3354.75	92.9951
3356.68	92.9079
3358.6	92.8956
3360.53	92.896
3362.46	92.9711
3364.39	93.1558
3366.32	93.2582
3368.25	93.1752
3370.18	93.0789
3372.11	93.0693
3374.04	93.0767
3375.97	93.096
3377.9	93.1347
3379.82	93.1419
3381.75	93.1663
3383.68	93.2616
3385.61	93.3096
3387.54	93.2425
3389.47	93.1996
3391.4	93.2728
3393.33	93.3775
3395.26	93.4248
3397.19	93.4217
3399.12	93.4066
3401.04	93.3959
3402.97	93.3795
3404.9	93.351
3406.83	93.3466
3408.76	93.4183
3410.69	93.5538
3412.62	93.6656
3414.55	93.6664
3416.48	93.5427
3418.41	93.3941
3420.34	93.4123
3422.27	93.6906
3424.19	94.0422
3426.12	94.2116
3428.05	94.1617
3429.98	93.9839
3431.91	93.7515
3433.84	93.5731
3435.77	93.5499
3437.7	93.6519
3439.63	93.8152
3441.56	94.0052
3443.49	94.1169
3445.41	94.0956
3447.34	94.0814
3449.27	94.1536
3451.2	94.1812
3453.13	94.1301
3455.06	94.1188
3456.99	94.1606
3458.92	94.2271
3460.85	94.4028
3462.78	94.6715
3464.71	94.8232
3466.64	94.7187
3468.56	94.441
3470.49	94.2271
3472.42	94.2212
3474.35	94.2749
3476.28	94.2677
3478.21	94.3885
3480.14	94.6495
3482.07	94.705
3484	94.5274
3485.93	94.4518
3487.86	94.5472
3489.78	94.7335
3491.71	94.9602
3493.64	94.9773
3495.57	94.7156
3497.5	94.5993
3499.43	94.7649
3501.36	94.8543
3503.29	94.8872
3505.22	95.1232
3507.15	95.2606
3509.08	95.018
3511	94.7847
3512.93	94.8553
3514.86	94.9168
3516.79	94.7878
3518.72	94.7118
3520.65	94.8292
3522.58	95.0092
3524.51	95.0725
3526.44	94.9227
3528.37	94.7373
3530.3	94.8129
3532.23	94.9804
3534.15	94.8723
3536.08	94.7108
3538.01	94.9037
3539.94	95.1667
3541.87	95.0896
3543.8	94.8495
3545.73	94.6974
3547.66	94.622
3549.59	94.7286
3551.52	95.0328
3553.45	95.1496
3555.37	94.9192
3557.3	94.7288
3559.23	94.8404
3561.16	95.1691
3563.09	95.568
3565.02	95.9181
3566.95	95.9974
3568.88	95.7367
3570.81	95.4737
3572.74	95.4508
3574.67	95.6406
3576.6	95.8447
3578.52	95.9238
3580.45	95.9215
3582.38	95.8648
3584.31	95.7473
3586.24	95.7202
3588.17	95.9982
3590.1	96.4588
3592.03	96.8387
3593.96	96.9999
3595.89	96.8935
3597.82	96.7588
3599.74	96.7658
3601.67	96.7291
3603.6	96.6345
3605.53	96.7577
3607.46	97.0335
3609.39	97.0343
3611.32	96.8031
3613.25	96.806
3615.18	97.1131
3617.11	97.4585
3619.04	97.6408
3620.97	97.5552
3622.89	97.3347
3624.82	97.257
3626.75	97.3943
3628.68	97.4762
3630.61	97.2569
3632.54	97.1189
3634.47	97.2228
3636.4	97.2539
3638.33	97.0613
3640.26	96.9539
3642.19	97.1308
3644.11	97.3913
3646.04	97.6058
3647.97	97.8361
3649.9	97.7875
3651.83	97.3627
3653.76	97.1078
3655.69	97.1448
3657.62	97.1626
3659.55	97.0026
3661.48	96.9116
3663.41	97.0397
3665.33	97.2367
3667.26	97.3171
3669.19	97.3225
3671.12	97.5667
3673.05	98.1383
3674.98	98.5096
3676.91	98.1108
3678.84	97.5493
3680.77	97.4025
3682.7	97.3458
3684.63	97.1657
3686.56	97.1998
3688.48	97.8237
3690.41	98.57
3692.34	98.5271
3694.27	97.8923
3696.2	97.3065
3698.13	97.1568
3700.06	97.3912
3701.99	97.7635
3703.92	98.1226
3705.85	98.3384
3707.78	98.324
3709.7	98.1975
3711.63	98.0866
3713.56	97.8209
3715.49	97.4942
3717.42	97.4874
3719.35	97.8051
3721.28	98.0176
3723.21	98.0737
3725.14	98.3667
3727.07	98.7196
3729	98.6853
3730.93	98.4837
3732.85	98.5977
3734.78	98.9537
3736.71	98.908
3738.64	98.4837
3740.57	98.1672
3742.5	98.0541
3744.43	98.0483
3746.36	98.1406
3748.29	98.3856
3750.22	98.6097
3752.15	98.44
3754.07	98.0303
3756	97.7122
3757.93	97.4786
3759.86	97.3995
3761.79	97.493
3763.72	97.5384
3765.65	97.5043
3767.58	97.6211
3769.51	97.7999
3771.44	97.6467
3773.37	97.3214
3775.29	97.2839
3777.22	97.4626
3779.15	97.4296
3781.08	97.1772
3783.01	97.0584
3784.94	97.0385
3786.87	96.9595
3788.8	96.9711
3790.73	97.1737
3792.66	97.4118
3794.59	97.596
3796.52	97.7331
3798.44	97.7633
3800.37	97.6905
3802.3	97.6249
3804.23	97.5973
3806.16	97.6048
3808.09	97.6368
3810.02	97.5971
3811.95	97.5352
3813.88	97.606
3815.81	97.7878
3817.74	97.9513
3819.66	98.1724
3821.59	98.3011
3823.52	97.9881
3825.45	97.5377
3827.38	97.3659
3829.31	97.4442
3831.24	97.5566
3833.17	97.6336
3835.1	97.7026
3837.03	97.7428
3838.96	97.6613
3840.89	97.4457
3842.81	97.2916
3844.74	97.2964
3846.67	97.3311
3848.6	97.3517
3850.53	97.5204
3852.46	97.8376
3854.39	97.7818
3856.32	97.3793
3858.25	97.2112
3860.18	97.2756
3862.11	97.3818
3864.03	97.4652
3865.96	97.5435
3867.89	97.5435
3869.82	97.4395
3871.75	97.3742
3873.68	97.3952
3875.61	97.3941
3877.54	97.3778
3879.47	97.418
3881.4	97.4495
3883.33	97.3405
3885.25	97.15
3887.18	97.102
3889.11	97.2577
3891.04	97.4239
3892.97	97.4173
3894.9	97.327
3896.83	97.3496
3898.76	97.558
3900.69	97.8755
3902.62	98.0027
3904.55	97.7217
3906.48	97.2839
3908.4	97.028
3910.33	96.9299
3912.26	96.8711
3914.19	96.9096
3916.12	97.1438
3918.05	97.4648
3919.98	97.6062
3921.91	97.5025
3923.84	97.3193
3925.77	97.2295
3927.7	97.2297
3929.62	97.191
3931.55	97.075
3933.48	96.9591
3935.41	96.8897
3937.34	96.8641
3939.27	96.9067
3941.2	97.036
3943.13	97.2188
3945.06	97.3722
3946.99	97.3895
3948.92	97.2217
3950.85	96.9782
3952.77	96.8277
3954.7	96.8256
3956.63	96.9391
3958.56	97.0491
3960.49	97.0224
3962.42	96.9482
3964.35	97.028
3966.28	97.1893
3968.21	97.2073
3970.14	97.0917
3972.07	97.0051
3973.99	96.9848
3975.92	96.9915
3977.85	97.0172
3979.78	97.0439
3981.71	97.018
3983.64	96.8844
3985.57	96.6996
3987.5	96.6601
3989.43	96.8256
3991.36	96.9576
3993.29	96.8901
3995.22	96.7945
3997.14	96.8275
