499.643	79.3871
501.572	79.8597
503.501	79.8244
505.43	79.1863
507.36	78.4298
509.289	78.4048
511.218	78.7201
513.147	78.48
515.076	78.1834
517.005	78.6179
518.934	79.1349
520.863	79.1474
522.792	79.431
524.722	80.2865
526.651	80.8961
528.58	81.0675
530.509	81.4289
532.438	81.9524
534.367	82.2471
536.296	82.462
538.225	82.8105
540.155	83.1117
542.084	83.2503
544.013	83.3284
545.942	83.4709
547.871	83.8007
549.8	84.2038
551.729	84.3381
553.658	84.2854
555.588	84.5415
557.517	85.1016
559.446	85.4519
561.375	85.5591
563.304	85.8331
565.233	86.1297
567.162	85.9489
569.091	85.5543
571.021	85.6304
572.95	85.9905
574.879	86.0199
576.808	85.9497
578.737	86.2995
580.666	86.6748
582.595	86.5358
584.524	86.203
586.454	86.0987
588.383	86.0837
590.312	86.0511
592.241	86.0958
594.17	86.0941
596.099	85.9684
598.028	85.9253
599.957	85.9679
601.887	85.8656
603.816	85.7095
605.745	85.7942
607.674	86.1201
609.603	86.4869
611.532	86.7895
613.461	87.0181
615.39	87.1836
617.32	87.2682
619.249	87.2682
621.178	87.2932
623.107	87.4074
625.036	87.4876
626.965	87.445
628.894	87.3548
630.823	87.2792
632.753	87.2303
634.682	87.1909
636.611	87.0662
638.54	86.8548
640.469	86.704
642.398	86.5866
644.327	86.3249
646.256	85.9768
648.186	85.7276
650.115	85.5717
652.044	85.4651
653.973	85.4899
655.902	85.607
657.831	85.6721
659.76	85.7849
661.689	86.1215
663.619	86.6095
665.548	87.3126
667.477	88.4659
669.406	89.2476
671.335	89.1531
673.264	89.1949
675.193	89.5923
677.122	89.9072
679.052	90.019
680.981	90.1639
682.91	90.2521
684.839	90.1667
686.768	90.0818
688.697	90.0636
690.626	90.0143
692.555	89.9473
694.485	89.9141
696.414	89.8871
698.343	89.8572
700.272	89.828
702.201	89.7708
704.13	89.6916
706.059	89.6093
707.988	89.5025
709.917	89.3821
711.847	89.2851
713.776	89.2158
715.705	89.2142
717.634	89.3205
719.563	89.4212
721.492	89.3726
723.421	89.2269
725.35	89.0608
727.28	88.8165
729.209	88.4654
731.138	88.043
733.067	87.5325
734.996	86.9564
736.925	86.4469
738.854	86.061
740.783	85.6576
742.713	85.0612
744.642	84.338
746.571	83.8385
748.5	83.8545
750.429	84.3229
752.358	85.0049
754.287	85.7531
756.216	86.4335
758.146	86.8774
760.075	87.0785
762.004	87.1654
763.933	87.1535
765.862	86.981
767.791	86.6714
769.72	86.2149
771.649	85.4328
773.579	84.1221
775.508	82.1783
777.437	79.4885
779.366	75.9292
781.295	71.6901
783.224	67.5241
785.153	64.4864
787.082	63.3831
789.012	64.4978
790.941	67.637
792.87	72.1147
794.799	76.8078
796.728	80.6312
798.657	83.0673
800.586	84.2346
802.515	84.5447
804.445	84.3204
806.374	83.6634
808.303	82.5848
810.232	81.2161
812.161	79.9166
814.09	79.1526
816.019	79.1981
817.948	79.9435
819.878	81.023
821.807	82.0972
823.736	82.9754
825.665	83.5692
827.594	83.8653
829.523	83.9139
831.452	83.7626
833.381	83.4104
835.311	82.8411
837.24	82.0367
839.169	80.9368
841.098	79.5057
843.027	77.9037
844.956	76.4507
846.885	75.3581
848.814	74.6051
850.744	74.0459
852.673	73.5137
854.602	72.8834
856.531	72.1464
858.46	71.4111
860.389	70.8283
862.318	70.5272
864.247	70.5677
866.177	70.9215
868.106	71.5006
870.035	72.1763
871.964	72.7982
873.893	73.2674
875.822	73.5668
877.751	73.7098
879.68	73.7505
881.609	73.8153
883.539	74.0115
885.468	74.3325
887.397	74.6929
889.326	75.0034
891.255	75.2106
893.184	75.3127
895.113	75.345
897.042	75.3607
898.972	75.436
900.901	75.6669
902.83	76.1446
904.759	76.9273
906.688	78.0007
908.617	79.2513
910.546	80.4843
912.475	81.465
914.405	82.0003
916.334	82.0332
918.263	81.6352
920.192	80.915
922.121	79.9686
924.05	78.8622
925.979	77.6306
927.908	76.3018
929.838	74.8776
931.767	73.3231
933.696	71.6775
935.625	70.0961
937.554	68.719
939.483	67.6196
941.412	66.8577
943.341	66.4189
945.271	66.187
947.2	66.0977
949.129	66.219
951.058	66.6394
952.987	67.369
954.916	68.3185
956.845	69.3218
958.774	70.2332
960.704	71.0191
962.633	71.747
964.562	72.5189
966.491	73.3991
968.42	74.3636
970.349	75.3232
972.278	76.1747
974.207	76.821
976.137	77.2074
978.066	77.3439
979.995	77.2433
981.924	76.8832
983.853	76.2765
985.782	75.5093
987.711	74.7036
989.64	74.021
991.57	73.6165
993.499	73.4573
995.428	73.2833
997.357	72.8385
999.286	72.035
1001.22	70.8998
1003.14	69.5298
1005.07	68.088
1007	66.744
1008.93	65.6382
1010.86	64.8337
1012.79	64.1784
1014.72	63.3353
1016.65	62.0682
1018.58	60.3934
1020.51	58.46
1022.44	56.4578
1024.36	54.6418
1026.29	53.3314
1028.22	52.7989
1030.15	53.0365
1032.08	53.6734
1034.01	54.3028
1035.94	54.8388
1037.87	55.4148
1039.8	56.1101
1041.73	56.9606
1043.66	58.0617
1045.58	59.4971
1047.51	61.2369
1049.44	63.1363
1051.37	64.97
1053.3	66.4897
1055.23	67.5446
1057.16	68.1961
1059.09	68.6601
1061.02	69.0503
1062.95	69.2204
1064.88	68.9619
1066.81	68.3196
1068.73	67.6342
1070.66	67.3147
1072.59	67.582
1074.52	68.3564
1076.45	69.3741
1078.38	70.4161
1080.31	71.3736
1082.24	72.1543
1084.17	72.6672
1086.1	72.8729
1088.03	72.7612
1089.95	72.333
1091.88	71.6412
1093.81	70.7773
1095.74	69.8108
1097.67	68.7966
1099.6	67.8006
1101.53	66.8445
1103.46	65.8561
1105.39	64.7475
1107.32	63.527
1109.25	62.287
1111.18	61.1128
1113.1	60.0512
1115.03	59.1232
1116.96	58.2975
1118.89	57.4733
1120.82	56.549
1122.75	55.4966
1124.68	54.3477
1126.61	53.1398
1128.54	51.9047
1130.47	50.6756
1132.4	49.4785
1134.32	48.3287
1136.25	47.2466
1138.18	46.2631
1140.11	45.4061
1142.04	44.6965
1143.97	44.1602
1145.9	43.8225
1147.83	43.6804
1149.76	43.6921
1151.69	43.8165
1153.62	44.0501
1155.55	44.4018
1157.47	44.8576
1159.4	45.4078
1161.33	46.0745
1163.26	46.8902
1165.19	47.8781
1167.12	49.0489
1169.05	50.3886
1170.98	51.8625
1172.91	53.4416
1174.84	55.1052
1176.77	56.8202
1178.69	58.5341
1180.62	60.1886
1182.55	61.7401
1184.48	63.1747
1186.41	64.5021
1188.34	65.7191
1190.27	66.7976
1192.2	67.7442
1194.13	68.63
1196.06	69.4923
1197.99	70.2667
1199.91	70.8807
1201.84	71.3084
1203.77	71.4896
1205.7	71.3423
1207.63	70.8622
1209.56	70.0664
1211.49	68.9107
1213.42	67.3798
1215.35	65.5301
1217.28	63.4005
1219.21	61.0341
1221.14	58.538
1223.06	56.0094
1224.99	53.4983
1226.92	51.0518
1228.85	48.7082
1230.78	46.513
1232.71	44.5732
1234.64	43.0036
1236.57	41.8296
1238.5	40.9956
1240.43	40.4074
1242.36	39.9407
1244.28	39.4831
1246.21	38.9773
1248.14	38.4068
1250.07	37.7977
1252	37.2377
1253.93	36.832
1255.86	36.6722
1257.79	36.8566
1259.72	37.4486
1261.65	38.4233
1263.58	39.7272
1265.51	41.3194
1267.43	43.1273
1269.36	45.0558
1271.29	47.0281
1273.22	48.9765
1275.15	50.8509
1277.08	52.6375
1279.01	54.3554
1280.94	56.0408
1282.87	57.703
1284.8	59.3185
1286.73	60.8818
1288.65	62.3832
1290.58	63.7703
1292.51	65.0279
1294.44	66.207
1296.37	67.3531
1298.3	68.5474
1300.23	69.9568
1302.16	71.6879
1304.09	73.6794
1306.02	75.7739
1307.95	77.7701
1309.87	79.4587
1311.8	80.688
1313.73	81.3632
1315.66	81.4555
1317.59	81.0672
1319.52	80.4876
1321.45	80.1431
1323.38	80.3349
1325.31	81.071
1327.24	82.1309
1329.17	83.2097
1331.1	84.0507
1333.02	84.5186
1334.95	84.699
1336.88	84.8098
1338.81	84.979
1340.74	85.2396
1342.67	85.6211
1344.6	86.1171
1346.53	86.642
1348.46	87.0299
1350.39	87.1087
1352.32	86.8166
1354.24	86.18
1356.17	85.38
1358.1	84.7811
1360.03	84.5048
1361.96	84.2086
1363.89	83.5855
1365.82	82.7386
1367.75	81.6822
1369.68	80.427
1371.61	79.2835
1373.54	78.4075
1375.47	77.6902
1377.39	77.1656
1379.32	76.9203
1381.25	76.9277
1383.18	77.1679
1385.11	77.7319
1387.04	78.6939
1388.97	79.7125
1390.9	80.392
1392.83	80.7709
1394.76	80.8673
1396.69	80.558
1398.61	79.9024
1400.54	79.2284
1402.47	78.836
1404.4	78.7929
1406.33	79.0816
1408.26	79.655
1410.19	80.4854
1412.12	81.5198
1414.05	82.5568
1415.98	83.5645
1417.91	84.6705
1419.83	85.6401
1421.76	86.1539
1423.69	86.288
1425.62	86.1979
1427.55	85.953
1429.48	85.3059
1431.41	84.1448
1433.34	82.9085
1435.27	81.6386
1437.2	79.996
1439.13	78.4096
1441.06	77.2672
1442.98	76.3902
1444.91	75.7635
1446.84	75.367
1448.77	74.9981
1450.7	74.7418
1452.63	74.895
1454.56	75.5663
1456.49	76.8055
1458.42	78.0728
1460.35	78.8645
1462.28	79.7155
1464.2	80.948
1466.13	82.2615
1468.06	83.3033
1469.99	84.3649
1471.92	85.5918
1473.85	86.4595
1475.78	86.8076
1477.71	87.1311
1479.64	87.5372
1481.57	87.9691
1483.5	88.4265
1485.43	88.9588
1487.35	89.702
1489.28	90.6637
1491.21	91.4498
1493.14	92.0332
1495.07	92.744
1497	93.5232
1498.93	93.9555
1500.86	94.1534
1502.79	94.4756
1504.72	95.0066
1506.65	95.5739
1508.57	95.6335
1510.5	95.421
1512.43	95.3527
1514.36	95.4643
1516.29	95.694
1518.22	95.9577
1520.15	96.1747
1522.08	96.2382
1524.01	96.1619
1525.94	96.0041
1527.87	95.8119
1529.8	95.7351
1531.72	95.8459
1533.65	95.9897
1535.58	96.0401
1537.51	96.2251
1539.44	96.6979
1541.37	96.893
1543.3	96.4672
1545.23	96.081
1547.16	95.9259
1549.09	95.9292
1551.02	95.9797
1552.94	96.0073
1554.87	96.1176
1556.8	96.4532
1558.73	96.6914
1560.66	96.2767
1562.59	95.8228
1564.52	95.6305
1566.45	95.6543
1568.38	95.7341
1570.31	95.6014
1572.24	95.3883
1574.16	95.3874
1576.09	95.4732
1578.02	95.2897
1579.95	95.0347
1581.88	94.9673
1583.81	95.0139
1585.74	95.0442
1587.67	95.065
1589.6	95.1149
1591.53	95.1786
1593.46	95.2365
1595.39	95.2635
1597.31	95.2377
1599.24	95.1935
1601.17	95.1672
1603.1	95.1261
1605.03	95.0565
1606.96	95.0174
1608.89	94.9849
1610.82	94.8771
1612.75	94.7997
1614.68	94.851
1616.61	94.7977
1618.53	94.4713
1620.46	94.1683
1622.39	93.9217
1624.32	93.5911
1626.25	93.2033
1628.18	92.6903
1630.11	92.0525
1632.04	91.5983
1633.97	91.4101
1635.9	91.1231
1637.83	90.7197
1639.76	90.8269
1641.68	91.5061
1643.61	92.4909
1645.54	93.5765
1647.47	94.3163
1649.4	94.527
1651.33	94.7514
1653.26	95.0596
1655.19	94.7552
1657.12	94.291
1659.05	94.1241
1660.98	94.1488
1662.9	94.065
1664.83	93.8324
1666.76	93.7311
1668.69	93.7792
1670.62	93.6727
1672.55	93.4182
1674.48	93.1629
1676.41	92.7403
1678.34	92.2903
1680.27	92.0786
1682.2	91.9423
1684.12	91.5562
1686.05	90.9297
1687.98	90.2188
1689.91	89.4726
1691.84	88.7115
1693.77	87.7555
1695.7	86.5585
1697.63	85.1896
1699.56	83.1311
1701.49	80.4143
1703.42	77.7926
1705.35	74.8786
1707.27	71.2978
1709.2	67.7292
1711.13	64.5206
1713.06	61.5371
1714.99	58.9749
1716.92	56.6194
1718.85	54.2429
1720.78	52.8105
1722.71	52.4305
1724.64	52.5683
1726.57	53.1104
1728.49	54.0041
1730.42	54.9754
1732.35	55.8291
1734.28	56.1799
1736.21	55.9131
1738.14	55.5141
1740.07	55.045
1742	54.5123
1743.93	54.4013
1745.86	54.9201
1747.79	56.0316
1749.72	57.8657
1751.64	60.0104
1753.57	62.1688
1755.5	64.8695
1757.43	68.1894
1759.36	71.5962
1761.29	75.0939
1763.22	78.6525
1765.15	81.6434
1767.08	84.1081
1769.01	86.5246
1770.94	88.7454
1772.86	90.4125
1774.79	91.6111
1776.72	92.4315
1778.65	93.0276
1780.58	93.6096
1782.51	94.075
1784.44	94.3583
1786.37	94.644
1788.3	94.9515
1790.23	95.2503
1792.16	95.5491
1794.08	95.6386
1796.01	95.5735
1797.94	95.6629
1799.87	95.8671
1801.8	95.9426
1803.73	95.919
1805.66	95.9106
1807.59	95.9476
1809.52	96.064
1811.45	96.1867
1813.38	96.2291
1815.31	96.2574
1817.23	96.3102
1819.16	96.371
1821.09	96.4591
1823.02	96.551
1824.95	96.6366
1826.88	96.7812
1828.81	96.9033
1830.74	96.8282
1832.67	96.6817
1834.6	96.6894
1836.53	96.777
1838.45	96.7562
1840.38	96.7169
1842.31	96.9071
1844.24	97.233
1846.17	97.2709
1848.1	97.09
1850.03	97.0309
1851.96	97.1041
1853.89	97.1637
1855.82	97.2067
1857.75	97.298
1859.68	97.3751
1861.6	97.3295
1863.53	97.2919
1865.46	97.5113
1867.39	97.8732
1869.32	97.9431
1871.25	97.7368
1873.18	97.6033
1875.11	97.5724
1877.04	97.6104
1878.97	97.746
1880.9	97.8704
1882.82	97.8858
1884.75	97.8819
1886.68	97.9278
1888.61	97.9643
1890.54	97.9412
1892.47	97.8693
1894.4	97.789
1896.33	97.7983
1898.26	97.9798
1900.19	98.2103
1902.12	98.2742
1904.05	98.2149
1905.97	98.267
1907.9	98.3925
1909.83	98.3622
1911.76	98.2585
1913.69	98.325
1915.62	98.4874
1917.55	98.5023
1919.48	98.4152
1921.41	98.506
1923.34	98.7342
1925.27	98.7669
1927.19	98.6137
1929.12	98.6118
1931.05	98.7765
1932.98	98.8341
1934.91	98.7763
1936.84	98.8272
1938.77	99.0517
1940.7	99.2857
1942.63	99.286
1944.56	99.0684
1946.49	98.996
1948.41	99.2156
1950.34	99.4796
1952.27	99.5757
1954.2	99.5442
1956.13	99.5096
1958.06	99.5764
1959.99	99.6975
1961.92	99.6483
1963.85	99.4342
1965.78	99.3785
1967.71	99.5447
1969.64	99.6761
1971.56	99.8292
1973.49	100.162
1975.42	100.353
1977.35	100.201
1979.28	100.132
1981.21	100.3
1983.14	100.265
1985.07	99.9308
1987	99.6999
1988.93	99.728
1990.86	99.8053
1992.78	99.823
1994.71	99.9185
1996.64	100.14
1998.57	100.262
2000.5	100.175
2002.43	100.122
2004.36	100.193
2006.29	100.175
2008.22	100.111
2010.15	100.185
2012.08	100.271
2014.01	100.246
2015.93	100.213
2017.86	100.253
2019.79	100.39
2021.72	100.559
2023.65	100.572
2025.58	100.501
2027.51	100.567
2029.44	100.594
2031.37	100.403
2033.3	100.316
2035.23	100.508
2037.15	100.682
2039.08	100.676
2041.01	100.572
2042.94	100.432
2044.87	100.371
2046.8	100.386
2048.73	100.273
2050.66	100.123
2052.59	100.243
2054.52	100.433
2056.45	100.283
2058.37	99.926
2060.3	99.6979
2062.23	99.564
2064.16	99.4604
2066.09	99.5348
2068.02	99.7757
2069.95	99.9815
2071.88	100.047
2073.81	99.9585
2075.74	99.7686
2077.67	99.6217
2079.6	99.5414
2081.52	99.3833
2083.45	99.1465
2085.38	99.023
2087.31	99.091
2089.24	99.253
2091.17	99.4009
2093.1	99.4493
2095.03	99.3891
2096.96	99.3475
2098.89	99.3418
2100.82	99.1945
2102.74	98.9768
2104.67	99.0311
2106.6	99.3269
2108.53	99.44
2110.46	99.2439
2112.39	99.0022
2114.32	98.9074
2116.25	98.9823
2118.18	99.1528
2120.11	99.244
2122.04	99.1841
2123.97	99.1362
2125.89	99.2456
2127.82	99.4314
2129.75	99.4896
2131.68	99.3318
2133.61	99.1637
2135.54	99.2927
2137.47	99.657
2139.4	99.8691
2141.33	99.841
2143.26	99.8916
2145.19	100.123
2147.11	100.257
2149.04	100.234
2150.97	100.366
2152.9	100.696
2154.83	100.843
2156.76	100.636
2158.69	100.359
2160.62	100.294
2162.55	100.409
2164.48	100.459
2166.41	100.254
2168.33	99.9156
2170.26	99.7162
2172.19	99.664
2174.12	99.6481
2176.05	99.7589
2177.98	100.013
2179.91	100.189
2181.84	100.234
2183.77	100.252
2185.7	100.13
2187.63	99.839
2189.56	99.7009
2191.48	99.8457
2193.41	100.009
2195.34	100.084
2197.27	100.193
2199.2	100.271
2201.13	100.177
2203.06	100.018
2204.99	99.982
2206.92	100.048
2208.85	100.074
2210.78	100.052
2212.7	100.03
2214.63	99.8765
2216.56	99.5375
2218.49	99.3879
2220.42	99.7417
2222.35	100.22
2224.28	100.263
2226.21	99.9516
2228.14	99.7531
2230.07	99.7998
2232	99.8607
2233.93	99.766
2235.85	99.6277
2237.78	99.639
2239.71	99.7664
2241.64	99.8313
2243.57	99.8389
2245.5	99.9244
2247.43	100.048
2249.36	100.082
2251.29	100.051
2253.22	99.9876
2255.15	99.8259
2257.07	99.6318
2259	99.578
2260.93	99.6151
2262.86	99.5599
2264.79	99.4317
2266.72	99.394
2268.65	99.4925
2270.58	99.5833
2272.51	99.485
2274.44	99.2759
2276.37	99.2636
2278.29	99.4607
2280.22	99.5299
2282.15	99.4075
2284.08	99.3511
2286.01	99.3603
2287.94	99.2392
2289.87	99.0851
2291.8	99.1326
2293.73	99.3294
2295.66	99.4739
2297.59	99.5473
2299.52	99.6595
2301.44	99.8427
2303.37	100.056
2305.3	100.321
2307.23	100.729
2309.16	101.239
2311.09	101.639
2313.02	101.861
2314.95	102.074
2316.88	102.38
2318.81	102.828
2320.74	103.51
2322.66	104.264
2324.59	104.807
2326.52	105.291
2328.45	105.915
2330.38	106.408
2332.31	106.532
2334.24	106.502
2336.17	106.434
2338.1	106.344
2340.03	106.505
2341.96	106.863
2343.89	106.58
2345.81	105.352
2347.74	104.264
2349.67	104.079
2351.6	105.004
2353.53	106.905
2355.46	108.832
2357.39	110.112
2359.32	110.804
2361.25	110.567
2363.18	109.64
2365.11	108.82
2367.03	108.026
2368.96	106.706
2370.89	105.002
2372.82	103.418
2374.75	102.051
2376.68	100.847
2378.61	99.8922
2380.54	99.164
2382.47	98.5393
2384.4	98.0574
2386.33	97.8116
2388.26	97.7258
2390.18	97.66
2392.11	97.5683
2394.04	97.4439
2395.97	97.3115
2397.9	97.2778
2399.83	97.384
2401.76	97.5068
2403.69	97.5653
2405.62	97.6273
2407.55	97.6918
2409.48	97.6431
2411.4	97.525
2413.33	97.5342
2415.26	97.6779
2417.19	97.7792
2419.12	97.8047
2421.05	97.8454
2422.98	97.8842
2424.91	97.8588
2426.84	97.7922
2428.77	97.7287
2430.7	97.7003
2432.62	97.7521
2434.55	97.8994
2436.48	98.0886
2438.41	98.2001
2440.34	98.1447
2442.27	98.0328
2444.2	98.0467
2446.13	98.1238
2448.06	98.1055
2449.99	98.0923
2451.92	98.2363
2453.85	98.3978
2455.77	98.3592
2457.7	98.1574
2459.63	98.0068
2461.56	98.0465
2463.49	98.1976
2465.42	98.2573
2467.35	98.1842
2469.28	98.1469
2471.21	98.2182
2473.14	98.2727
2475.07	98.2408
2476.99	98.2131
2478.92	98.2577
2480.85	98.3176
2482.78	98.3101
2484.71	98.2385
2486.64	98.1934
2488.57	98.2492
2490.5	98.3526
2492.43	98.3882
2494.36	98.3628
2496.29	98.3526
2498.22	98.3028
2500.14	98.1785
2502.07	98.1684
2504	98.3442
2505.93	98.4266
2507.86	98.2721
2509.79	98.1179
2511.72	98.1089
2513.65	98.1334
2515.58	98.1391
2517.51	98.1583
2519.44	98.1909
2521.36	98.2723
2523.29	98.4062
2525.22	98.4616
2527.15	98.3453
2529.08	98.1503
2531.01	98.0236
2532.94	97.9799
2534.87	97.9388
2536.8	97.9481
2538.73	98.1299
2540.66	98.3354
2542.58	98.2905
2544.51	98.086
2546.44	97.9749
2548.37	97.9031
2550.3	97.7621
2552.23	97.6901
2554.16	97.7647
2556.09	97.8507
2558.02	97.8789
2559.95	97.9015
2561.88	97.9337
2563.81	97.9689
2565.73	98.0075
2567.66	97.9969
2569.59	97.9058
2571.52	97.8192
2573.45	97.8097
2575.38	97.8379
2577.31	97.8738
2579.24	97.9217
2581.17	97.9219
2583.1	97.8466
2585.03	97.7626
2586.95	97.6829
2588.88	97.6198
2590.81	97.6801
2592.74	97.7927
2594.67	97.7023
2596.6	97.4593
2598.53	97.3838
2600.46	97.4993
2602.39	97.557
2604.32	97.5026
2606.25	97.4809
2608.18	97.5323
2610.1	97.5497
2612.03	97.4522
2613.96	97.2827
2615.89	97.1329
2617.82	97.0575
2619.75	97.0774
2621.68	97.1423
2623.61	97.1435
2625.54	97.0938
2627.47	97.1137
2629.4	97.1788
2631.32	97.1608
2633.25	97.065
2635.18	96.966
2637.11	96.8839
2639.04	96.8643
2640.97	96.9396
2642.9	97.0144
2644.83	96.9912
2646.76	96.8935
2648.69	96.7775
2650.62	96.6816
2652.54	96.6416
2654.47	96.6341
2656.4	96.6085
2658.33	96.5871
2660.26	96.5861
2662.19	96.5287
2664.12	96.4032
2666.05	96.3479
2667.98	96.4258
2669.91	96.5034
2671.84	96.4723
2673.77	96.3941
2675.69	96.3493
2677.62	96.3315
2679.55	96.322
2681.48	96.3288
2683.41	96.3478
2685.34	96.3612
2687.27	96.3646
2689.2	96.3752
2691.13	96.3936
2693.06	96.3648
2694.99	96.2677
2696.91	96.2164
2698.84	96.2967
2700.77	96.3732
2702.7	96.2951
2704.63	96.1639
2706.56	96.1474
2708.49	96.2095
2710.42	96.2364
2712.35	96.2218
2714.28	96.1877
2716.21	96.1099
2718.14	96.0002
2720.06	95.9324
2721.99	95.9475
2723.92	95.9861
2725.85	95.9573
2727.78	95.8822
2729.71	95.8671
2731.64	95.8958
2733.57	95.8557
2735.5	95.7896
2737.43	95.8141
2739.36	95.8487
2741.28	95.7719
2743.21	95.6814
2745.14	95.7015
2747.07	95.7763
2749	95.8202
2750.93	95.8176
2752.86	95.775
2754.79	95.748
2756.72	95.7958
2758.65	95.8722
2760.58	95.8972
2762.51	95.8476
2764.43	95.7351
2766.36	95.6265
2768.29	95.5989
2770.22	95.6076
2772.15	95.5773
2774.08	95.5471
2776.01	95.5374
2777.94	95.4766
2779.87	95.3581
2781.8	95.2539
2783.73	95.2148
2785.65	95.2733
2787.58	95.3864
2789.51	95.4164
2791.44	95.3401
2793.37	95.284
2795.3	95.2843
2797.23	95.2866
2799.16	95.308
2801.09	95.3464
2803.02	95.3144
2804.95	95.203
2806.87	95.0937
2808.8	95.0056
2810.73	94.8988
2812.66	94.7601
2814.59	94.6182
2816.52	94.5234
2818.45	94.4877
2820.38	94.4539
2822.31	94.3768
2824.24	94.2665
2826.17	94.1216
2828.1	93.9106
2830.02	93.6301
2831.95	93.331
2833.88	93.0754
2835.81	92.8747
2837.74	92.6972
2839.67	92.5351
2841.6	92.4047
2843.53	92.2926
2845.46	92.1622
2847.39	91.9687
2849.32	91.6665
2851.24	91.2693
2853.17	90.8397
2855.1	90.3787
2857.03	89.8408
2858.96	89.2314
2860.89	88.5897
2862.82	87.9649
2864.75	87.4515
2866.68	87.1045
2868.61	86.8277
2870.54	86.5191
2872.47	86.2887
2874.39	86.3289
2876.32	86.6128
2878.25	86.9318
2880.18	87.1896
2882.11	87.4549
2884.04	87.7811
2885.97	88.1221
2887.9	88.3525
2889.83	88.3559
2891.76	88.188
2893.69	88.0378
2895.61	87.9749
2897.54	87.9412
2899.47	87.9329
2901.4	87.9445
2903.33	87.8838
2905.26	87.7246
2907.19	87.5604
2909.12	87.4467
2911.05	87.3431
2912.98	87.1745
2914.91	86.9101
2916.83	86.6296
2918.76	86.4028
2920.69	86.1268
2922.62	85.7008
2924.55	85.2108
2926.48	84.7322
2928.41	84.2293
2930.34	83.778
2932.27	83.5819
2934.2	83.7236
2936.13	84.0766
2938.06	84.4351
2939.98	84.6868
2941.91	84.8784
2943.84	85.0397
2945.77	85.0405
2947.7	84.7897
2949.63	84.3754
2951.56	83.8444
2953.49	83.1522
2955.42	82.4487
2957.35	82.0587
2959.28	82.113
2961.2	82.493
2963.13	83.1054
2965.06	83.9439
2966.99	84.9593
2968.92	86.0486
2970.85	87.0961
2972.78	87.9924
2974.71	88.7153
2976.64	89.3322
2978.57	89.8796
2980.5	90.3697
2982.43	90.8475
2984.35	91.2647
2986.28	91.4793
2988.21	91.5317
2990.14	91.6325
2992.07	91.8306
2994	92.0311
2995.93	92.2459
2997.86	92.5212
2999.79	92.8098
3001.72	93.0987
3003.65	93.3998
3005.57	93.6074
3007.5	93.6699
3009.43	93.7687
3011.36	94.0185
3013.29	94.2436
3015.22	94.3218
3017.15	94.4146
3019.08	94.6254
3021.01	94.8123
3022.94	94.9145
3024.87	95.0669
3026.79	95.298
3028.72	95.4586
3030.65	95.458
3032.58	95.3699
3034.51	95.35
3036.44	95.4754
3038.37	95.6264
3040.3	95.6605
3042.23	95.6699
3044.16	95.7654
3046.09	95.8031
3048.02	95.7344
3049.94	95.8202
3051.87	96.0696
3053.8	96.1002
3055.73	95.869
3057.66	95.7674
3059.59	95.9042
3061.52	96.0666
3063.45	96.1885
3065.38	96.2652
3067.31	96.2225
3069.24	96.1128
3071.16	96.0051
3073.09	95.8688
3075.02	95.8425
3076.95	96.1013
3078.88	96.4002
3080.81	96.3642
3082.74	96.1
3084.67	95.9893
3086.6	96.1171
3088.53	96.2525
3090.46	96.2241
3092.39	96.1252
3094.31	96.121
3096.24	96.1606
3098.17	96.064
3100.1	95.8513
3102.03	95.7481
3103.96	95.871
3105.89	96.0536
3107.82	96.0735
3109.75	95.9882
3111.68	96.0212
3113.61	96.1427
3115.53	96.1321
3117.46	96.0051
3119.39	95.9544
3121.32	96.0126
3123.25	96.0701
3125.18	96.0089
3127.11	95.7899
3129.04	95.6026
3130.97	95.6662
3132.9	95.8359
3134.83	95.8581
3136.75	95.8512
3138.68	96.0012
3140.61	96.1704
3142.54	96.1957
3144.47	96.1114
3146.4	95.9476
3148.33	95.7314
3150.26	95.6014
3152.19	95.6319
3154.12	95.7275
3156.05	95.7825
3157.98	95.7803
3159.9	95.7532
3161.83	95.7195
3163.76	95.6579
3165.69	95.5821
3167.62	95.5789
3169.55	95.6692
3171.48	95.7371
3173.41	95.6878
3175.34	95.5567
3177.27	95.4221
3179.2	95.329
3181.12	95.2947
3183.05	95.2891
3184.98	95.2503
3186.91	95.1927
3188.84	95.187
3190.77	95.1899
3192.7	95.1233
3194.63	95.0967
3196.56	95.211
3198.49	95.3067
3200.42	95.2731
3202.35	95.2404
3204.27	95.2199
3206.2	95.1239
3208.13	95.1142
3210.06	95.2881
3211.99	95.3209
3213.92	94.989
3215.85	94.5959
3217.78	94.5188
3219.71	94.7678
3221.64	95.0917
3223.57	95.2475
3225.49	95.1619
3227.42	94.9327
3229.35	94.7632
3231.28	94.8038
3233.21	94.9
3235.14	94.7804
3237.07	94.5659
3239	94.5312
3240.93	94.5493
3242.86	94.4625
3244.79	94.4383
3246.72	94.4739
3248.64	94.4013
3250.57	94.3613
3252.5	94.4397
3254.43	94.377
3256.36	94.1502
3258.29	94.0642
3260.22	94.1812
3262.15	94.2924
3264.08	94.2276
3266.01	94.0114
3267.94	93.9102
3269.86	94.0795
3271.79	94.2438
3273.72	94.1706
3275.65	94.0553
3277.58	94.0365
3279.51	93.9391
3281.44	93.7246
3283.37	93.6031
3285.3	93.6505
3287.23	93.7307
3289.16	93.7564
3291.08	93.7582
3293.01	93.7481
3294.94	93.7097
3296.87	93.666
3298.8	93.6239
3300.73	93.573
3302.66	93.573
3304.59	93.6189
3306.52	93.5456
3308.45	93.3303
3310.38	93.1972
3312.31	93.2169
3314.23	93.2343
3316.16	93.2339
3318.09	93.2984
3320.02	93.3525
3321.95	93.3249
3323.88	93.2865
3325.81	93.2384
3327.74	93.1233
3329.67	93.0496
3331.6	93.1247
3333.53	93.2037
3335.45	93.1218
3337.38	92.9673
3339.31	92.8942
3341.24	92.902
3343.17	92.9414
3345.1	93.0188
3347.03	93.1273
3348.96	93.2155
3350.89	93.2315
3352.82	93.1494
3354.75	93.0171
3356.68	92.9515
3358.6	92.9885
3360.53	93.0425
3362.46	93.0866
3364.39	93.1734
3366.32	93.2315
3368.25	93.143
3370.18	93.0355
3372.11	93.1268
3374.04	93.3304
3375.97	93.3725
3377.9	93.2199
3379.82	93.102
3381.75	93.1728
3383.68	93.3133
3385.61	93.2994
3387.54	93.1267
3389.47	93.0073
3391.4	93.0757
3393.33	93.3002
3395.26	93.5541
3397.19	93.6432
3399.12	93.4973
3401.04	93.3246
3402.97	93.2886
3404.9	93.258
3406.83	93.1636
3408.76	93.1822
3410.69	93.3337
3412.62	93.4139
3414.55	93.4086
3416.48	93.4645
3418.41	93.5645
3420.34	93.6452
3422.27	93.777
3424.19	93.9568
3426.12	94.0504
3428.05	93.9973
3429.98	93.8262
3431.91	93.6232
3433.84	93.5354
3435.77	93.6089
3437.7	93.762
3439.63	93.9866
3441.56	94.2649
3443.49	94.4147
3445.41	94.3804
3447.34	94.3902
3449.27	94.5318
3451.2	94.5602
3453.13	94.356
3455.06	94.1654
3456.99	94.2184
3458.92	94.3402
3460.85	94.2395
3462.78	94.072
3464.71	94.2304
3466.64	94.5845
3468.56	94.6435
3470.49	94.4155
3472.42	94.3043
3474.35	94.3761
3476.28	94.4865
3478.21	94.7086
3480.14	95.0512
3482.07	95.2781
3484	95.2581
3485.93	95.0405
3487.86	94.7508
3489.78	94.6763
3491.71	94.9002
3493.64	95.0337
3495.57	94.8858
3497.5	94.7868
3499.43	94.883
3501.36	94.9464
3503.29	94.9697
3505.22	95.1101
3507.15	95.2162
3509.08	95.0842
3511	94.8352
3512.93	94.7041
3514.86	94.7072
3516.79	94.718
3518.72	94.7223
3520.65	94.8902
3522.58	95.2721
3524.51	95.5248
3526.44	95.3266
3528.37	94.935
3530.3	94.7921
3532.23	94.8464
3534.15	94.7963
3536.08	94.6792
3538.01	94.7527
3539.94	94.9894
3541.87	95.1173
3543.8	94.9912
3545.73	94.6934
3547.66	94.5124
3549.59	94.7024
3551.52	95.1172
3553.45	95.2555
3555.37	94.9392
3557.3	94.6266
3559.23	94.7141
3561.16	95.1423
3563.09	95.6072
3565.02	95.8405
3566.95	95.6891
3568.88	95.4242
3570.81	95.404
3572.74	95.4582
3574.67	95.3934
3576.6	95.4091
3578.52	95.7399
3580.45	96.1624
3582.38	96.2623
3584.31	96.0486
3586.24	95.8978
3588.17	96.0344
3590.1	96.2808
3592.03	96.4909
3593.96	96.6189
3595.89	96.5741
3597.82	96.5891
3599.74	96.9471
3601.67	97.3159
3603.6	97.2873
3605.53	97.1737
3607.46	97.3071
3609.39	97.3188
3611.32	96.932
3613.25	96.6774
3615.18	96.905
3617.11	97.2159
3619.04	97.2627
3620.97	97.2664
3622.89	97.4164
3624.82	97.5778
3626.75	97.6714
3628.68	97.5713
3630.61	97.1907
3632.54	96.9094
3634.47	96.9118
3636.4	96.9272
3638.33	96.7874
3640.26	96.766
3642.19	97.0109
3644.11	97.247
3646.04	97.3454
3647.97	97.5208
3649.9	97.7256
3651.83	97.6846
3653.76	97.6062
3655.69	97.582
3657.62	97.4217
3659.55	97.1106
3661.48	96.8886
3663.41	96.9366
3665.33	97.2362
3667.26	97.5819
3669.19	97.775
3671.12	97.9133
3673.05	98.2724
3674.98	98.5943
3676.91	98.3778
3678.84	98.0368
3680.77	97.9461
3682.7	97.7411
3684.63	97.3922
3686.56	97.5124
3688.48	98.3712
3690.41	98.9762
3692.34	98.5972
3694.27	97.9857
3696.2	97.5759
3698.13	97.3715
3700.06	97.4742
3701.99	97.9069
3703.92	98.2894
3705.85	98.3623
3707.78	98.2855
3709.7	98.1681
3711.63	97.9721
3713.56	97.7795
3715.49	97.7159
3717.42	97.8112
3719.35	98.0054
3721.28	98.0846
3723.21	98.0183
3725.14	98.1178
3727.07	98.363
3729	98.3881
3730.93	98.3111
3732.85	98.5604
3734.78	98.9796
3736.71	98.8551
3738.64	98.3862
3740.57	98.1843
3742.5	98.344
3744.43	98.6096
3746.36	98.5856
3748.29	98.4446
3750.22	98.4163
3752.15	98.2017
3754.07	97.7767
3756	97.5839
3757.93	97.6912
3759.86	97.8132
3761.79	97.7589
3763.72	97.6189
3765.65	97.4822
3767.58	97.4664
3769.51	97.5893
3771.44	97.5898
3773.37	97.3923
3775.29	97.2588
3777.22	97.2783
3779.15	97.2811
3781.08	97.1867
3783.01	97.1156
3784.94	97.1339
3786.87	97.1871
3788.8	97.1839
3790.73	97.1852
3792.66	97.3911
3794.59	97.7381
3796.52	97.8232
3798.44	97.6378
3800.37	97.6513
3802.3	97.8476
3804.23	97.792
3806.16	97.5991
3808.09	97.4785
3810.02	97.3626
3811.95	97.339
3813.88	97.5807
3815.81	97.9271
3817.74	98.0388
3819.66	98.0153
3821.59	97.9506
3823.52	97.7501
3825.45	97.5723
3827.38	97.5564
3829.31	97.6303
3831.24	97.6713
3833.17	97.6224
3835.1	97.5506
3837.03	97.6259
3838.96	97.8094
3840.89	97.8127
3842.81	97.6365
3844.74	97.4703
3846.67	97.3794
3848.6	97.3849
3850.53	97.5195
3852.46	97.7309
3854.39	97.7476
3856.32	97.5128
3858.25	97.3406
3860.18	97.3768
3862.11	97.5354
3864.03	97.5739
3865.96	97.5218
3867.89	97.5791
3869.82	97.6157
3871.75	97.4931
3873.68	97.4315
3875.61	97.4974
3877.54	97.5268
3879.47	97.4893
3881.4	97.413
3883.33	97.2831
3885.25	97.2302
3887.18	97.3685
3889.11	97.4996
3891.04	97.4501
3892.97	97.3516
3894.9	97.3791
3896.83	97.4961
3898.76	97.6557
3900.69	97.8259
3902.62	97.8184
3904.55	97.4971
3906.48	97.1086
3908.4	96.934
3910.33	96.9192
3912.26	96.9296
3914.19	96.9855
3916.12	97.1391
3918.05	97.285
3919.98	97.3013
3921.91	97.2601
3923.84	97.2805
3925.77	97.3888
3927.7	97.488
3929.62	97.4195
3931.55	97.1662
3933.48	96.9777
3935.41	97.0092
3937.34	97.0912
3939.27	97.1086
3941.2	97.1484
3943.13	97.2411
3945.06	97.29
3946.99	97.2693
3948.92	97.1903
3950.85	97.0383
3952.77	96.9043
3954.7	96.9133
3956.63	97.0283
3958.56	97.1041
3960.49	97.0834
3962.42	97.0355
3964.35	97.054
3966.28	97.1471
3968.21	97.2275
3970.14	97.2376
3972.07	97.2196
3973.99	97.2003
3975.92	97.1355
3977.85	97.0168
3979.78	96.8946
3981.71	96.8068
3983.64	96.7695
3985.57	96.7793
3987.5	96.8194
3989.43	96.8905
3991.36	96.9752
3993.29	97.0245
3995.22	97.0538
3997.14	97.0986
