499.643	76.5424
501.572	77.8159
503.501	78.8355
505.43	79.2703
507.36	78.8197
509.289	78.3497
511.218	78.6172
513.147	78.8708
515.076	78.7207
517.005	79.0478
518.934	79.9352
520.863	80.351
522.792	80.2745
524.722	80.2866
526.651	80.3167
528.58	80.4404
530.509	81.1665
532.438	82.1855
534.367	82.6459
536.296	82.6765
538.225	82.9869
540.155	83.4767
542.084	83.6433
544.013	83.5688
545.942	83.6633
547.871	84.0444
549.8	84.4356
551.729	84.5144
553.658	84.4678
555.588	84.8241
557.517	85.4914
559.446	85.7966
561.375	85.7054
563.304	85.8468
565.233	86.2049
567.162	86.1193
569.091	85.6067
571.021	85.3782
572.95	85.5766
574.879	85.7412
576.808	85.7692
578.737	85.9572
580.666	86.3
582.595	86.4902
584.524	86.3953
586.454	86.1904
588.383	86.1327
590.312	86.2519
592.241	86.2753
594.17	86.0433
596.099	85.7914
598.028	85.7334
599.957	85.7672
601.887	85.7542
603.816	85.7753
605.745	85.9824
607.674	86.3748
609.603	86.7792
611.532	87.0465
613.461	87.194
615.39	87.228
617.32	87.0937
619.249	86.9723
621.178	87.1295
623.107	87.4451
625.036	87.6121
626.965	87.5822
628.894	87.4726
630.823	87.3614
632.753	87.3305
634.682	87.3356
636.611	87.1964
638.54	86.959
640.469	86.8204
642.398	86.7051
644.327	86.4597
646.256	86.173
648.186	85.8957
650.115	85.5513
652.044	85.2747
653.973	85.2743
655.902	85.4401
657.831	85.5692
659.76	85.7829
661.689	86.2195
663.619	86.7311
665.548	87.3502
667.477	88.2567
669.406	88.7978
671.335	88.7418
673.264	88.9196
675.193	89.3758
677.122	89.6562
679.052	89.7778
680.981	90.0359
682.91	90.2322
684.839	90.1726
686.768	90.0907
688.697	90.078
690.626	89.9804
692.555	89.8152
694.485	89.707
696.414	89.6611
698.343	89.6599
700.272	89.708
702.201	89.7422
704.13	89.6896
706.059	89.5547
707.988	89.4022
709.917	89.3069
711.847	89.2689
713.776	89.2198
715.705	89.1884
717.634	89.266
719.563	89.3687
721.492	89.3211
723.421	89.1556
725.35	88.999
727.28	88.8271
729.209	88.5452
731.138	88.1146
733.067	87.5538
734.996	86.9577
736.925	86.4589
738.854	86.0786
740.783	85.6542
742.713	84.9876
744.642	84.1676
746.571	83.6273
748.5	83.6818
750.429	84.2082
752.358	84.9286
754.287	85.6812
756.216	86.3351
758.146	86.7949
760.075	87.0863
762.004	87.2216
763.933	87.1468
765.862	86.8927
767.791	86.5373
769.72	86.0306
771.649	85.2178
773.579	83.9465
775.508	82.0633
777.437	79.3923
779.366	75.8321
781.295	71.6034
783.224	67.4435
785.153	64.4024
787.082	63.3161
789.012	64.4665
790.941	67.6166
792.87	72.0791
794.799	76.7724
796.728	80.5961
798.657	82.9986
800.586	84.1552
802.515	84.5244
804.445	84.3382
806.374	83.6291
808.303	82.5101
810.232	81.2013
812.161	79.9801
814.09	79.2308
816.019	79.2629
817.948	79.9947
819.878	81.0481
821.807	82.1086
823.736	82.9918
825.665	83.5599
827.594	83.8075
829.523	83.8561
831.452	83.7538
833.381	83.4314
835.311	82.8471
837.24	82.0067
839.169	80.8701
841.098	79.4116
843.027	77.7981
844.956	76.3559
846.885	75.3022
848.814	74.6014
850.744	74.0647
852.673	73.4943
854.602	72.7868
856.531	71.9962
858.46	71.2775
860.389	70.7628
862.318	70.5132
864.247	70.5446
866.177	70.8544
868.106	71.4071
870.035	72.0851
871.964	72.7133
873.893	73.1862
875.822	73.5053
877.751	73.6941
879.68	73.7897
881.609	73.8761
883.539	74.0344
885.468	74.2961
887.397	74.6354
889.326	74.9564
891.255	75.1555
893.184	75.225
895.113	75.2345
897.042	75.2468
898.972	75.3258
900.901	75.5663
902.83	76.0619
904.759	76.8642
906.688	77.9512
908.617	79.201
910.546	80.4114
912.475	81.3636
914.405	81.8908
916.334	81.9347
918.263	81.5458
920.192	80.822
922.121	79.8655
924.05	78.7643
925.979	77.5647
927.908	76.2663
929.838	74.8471
931.767	73.2948
933.696	71.6561
935.625	70.065
937.554	68.6798
939.483	67.604
941.412	66.8733
943.341	66.4543
945.271	66.2441
947.2	66.1576
949.129	66.2348
951.058	66.6052
952.987	67.3336
954.916	68.3168
956.845	69.3363
958.774	70.2288
960.704	70.9932
962.633	71.7175
964.562	72.4743
966.491	73.3197
968.42	74.2753
970.349	75.2544
972.278	76.1029
974.207	76.7299
976.137	77.1199
978.066	77.2611
979.995	77.1437
981.924	76.7835
983.853	76.2064
985.782	75.4555
987.711	74.6408
989.64	73.9478
991.57	73.5312
993.499	73.3587
995.428	73.1941
997.357	72.7708
999.286	71.9629
1001.22	70.8106
1003.14	69.4535
1005.07	68.0503
1007	66.7347
1008.93	65.6225
1010.86	64.7655
1012.79	64.0462
1014.72	63.195
1016.65	61.968
1018.58	60.3086
1020.51	58.3685
1022.44	56.3901
1024.36	54.6024
1026.29	53.2826
1028.22	52.7312
1030.15	52.9578
1032.08	53.5654
1034.01	54.1572
1035.94	54.6778
1037.87	55.2584
1039.8	55.9747
1041.73	56.8527
1043.66	57.9579
1045.58	59.3867
1047.51	61.1515
1049.44	63.0894
1051.37	64.9334
1053.3	66.448
1055.23	67.5024
1057.16	68.1465
1059.09	68.5904
1061.02	68.9512
1062.95	69.0858
1064.88	68.8081
1066.81	68.1779
1068.73	67.5112
1070.66	67.1898
1072.59	67.4431
1074.52	68.2144
1076.45	69.2388
1078.38	70.2716
1080.31	71.2057
1082.24	71.9865
1084.17	72.5205
1086.1	72.7213
1088.03	72.5894
1089.95	72.1826
1091.88	71.541
1093.81	70.6911
1095.74	69.6966
1097.67	68.6529
1099.6	67.6341
1101.53	66.6513
1103.46	65.6526
1105.39	64.5663
1107.32	63.37
1109.25	62.1254
1111.18	60.9382
1113.1	59.8809
1115.03	58.9593
1116.96	58.1281
1118.89	57.3061
1120.82	56.4023
1122.75	55.3628
1124.68	54.195
1126.61	52.9567
1128.54	51.7218
1130.47	50.5283
1132.4	49.3662
1134.32	48.2312
1136.25	47.1558
1138.18	46.1784
1140.11	45.3267
1142.04	44.632
1143.97	44.1166
1145.9	43.7866
1147.83	43.6478
1149.76	43.6923
1151.69	43.8732
1153.62	44.1442
1155.55	44.5035
1157.47	44.9641
1159.4	45.5259
1161.33	46.2025
1163.26	47.0272
1165.19	48.015
1167.12	49.154
1169.05	50.4384
1170.98	51.8792
1172.91	53.4688
1174.84	55.1504
1176.77	56.8443
1178.69	58.5031
1180.62	60.1158
1182.55	61.6672
1184.48	63.1237
1186.41	64.4513
1188.34	65.6325
1190.27	66.6828
1192.2	67.6514
1194.13	68.5739
1196.06	69.432
1197.99	70.1831
1199.91	70.7972
1201.84	71.232
1203.77	71.4079
1205.7	71.2494
1207.63	70.7381
1209.56	69.8848
1211.49	68.681
1213.42	67.1314
1215.35	65.2773
1217.28	63.149
1219.21	60.78
1221.14	58.2737
1223.06	55.7563
1224.99	53.2812
1226.92	50.8501
1228.85	48.5091
1230.78	46.3619
1232.71	44.4929
1234.64	42.943
1236.57	41.7518
1238.5	40.9283
1240.43	40.3786
1242.36	39.9414
1244.28	39.4894
1246.21	38.9669
1248.14	38.3793
1250.07	37.7839
1252	37.2533
1253.93	36.8473
1255.86	36.6539
1257.79	36.8005
1259.72	37.3647
1261.65	38.3329
1263.58	39.6606
1265.51	41.2839
1267.43	43.1018
1269.36	45.0234
1271.29	46.9794
1273.22	48.8965
1275.15	50.7457
1277.08	52.5433
1279.01	54.2855
1280.94	55.9705
1282.87	57.6251
1284.8	59.2457
1286.73	60.7933
1288.65	62.2552
1290.58	63.6424
1292.51	64.9491
1294.44	66.1598
1296.37	67.3053
1298.3	68.5143
1300.23	69.9558
1302.16	71.6993
1304.09	73.683
1306.02	75.7753
1307.95	77.7834
1309.87	79.4897
1311.8	80.7264
1313.73	81.3904
1315.66	81.4745
1317.59	81.1085
1319.52	80.5689
1321.45	80.2473
1323.38	80.4437
1325.31	81.1852
1327.24	82.2379
1329.17	83.2768
1331.1	84.0729
1333.02	84.525
1334.95	84.6992
1336.88	84.7934
1338.81	84.9656
1340.74	85.2562
1342.67	85.6467
1344.6	86.1215
1346.53	86.6302
1348.46	87.0131
1350.39	87.0707
1352.32	86.7458
1354.24	86.113
1356.17	85.3615
1358.1	84.787
1360.03	84.4743
1361.96	84.1362
1363.89	83.513
1365.82	82.6787
1367.75	81.6437
1369.68	80.4334
1371.61	79.3196
1373.54	78.4301
1375.47	77.6856
1377.39	77.1285
1379.32	76.8353
1381.25	76.8115
1383.18	77.0557
1385.11	77.6316
1387.04	78.6057
1388.97	79.6404
1390.9	80.3142
1392.83	80.6621
1394.76	80.738
1396.69	80.447
1398.61	79.8323
1400.54	79.1916
1402.47	78.8135
1404.4	78.7758
1406.33	79.0675
1408.26	79.6296
1410.19	80.433
1412.12	81.4451
1414.05	82.4835
1415.98	83.5158
1417.91	84.6511
1419.83	85.6247
1421.76	86.1268
1423.69	86.2549
1425.62	86.1407
1427.55	85.841
1429.48	85.1565
1431.41	84.0183
1433.34	82.8311
1435.27	81.5997
1437.2	79.9894
1439.13	78.4231
1441.06	77.2767
1442.98	76.3757
1444.91	75.7091
1446.84	75.2629
1448.77	74.8681
1450.7	74.6365
1452.63	74.82
1454.56	75.4838
1456.49	76.705
1458.42	77.9906
1460.35	78.7883
1462.28	79.6253
1464.2	80.8571
1466.13	82.1771
1468.06	83.2091
1469.99	84.2569
1471.92	85.4707
1473.85	86.3281
1475.78	86.7016
1477.71	87.0718
1479.64	87.4925
1481.57	87.8991
1483.5	88.3311
1485.43	88.8447
1487.35	89.5628
1489.28	90.5282
1491.21	91.35
1493.14	91.9228
1495.07	92.586
1497	93.3791
1498.93	93.9031
1500.86	94.1383
1502.79	94.4375
1504.72	94.954
1506.65	95.5253
1508.57	95.5584
1510.5	95.3316
1512.43	95.2842
1514.36	95.415
1516.29	95.6356
1518.22	95.8877
1520.15	96.1139
1522.08	96.1851
1524.01	96.114
1525.94	95.9809
1527.87	95.7991
1529.8	95.6881
1531.72	95.7646
1533.65	95.9296
1535.58	96.0174
1537.51	96.212
1539.44	96.7122
1541.37	96.9627
1543.3	96.5207
1545.23	96.0677
1547.16	95.851
1549.09	95.8243
1551.02	95.8846
1552.94	95.9281
1554.87	96.0241
1556.8	96.3644
1558.73	96.7047
1560.66	96.3444
1562.59	95.8358
1564.52	95.5849
1566.45	95.5661
1568.38	95.612
1570.31	95.4731
1572.24	95.281
1574.16	95.3124
1576.09	95.4457
1578.02	95.2871
1579.95	94.9984
1581.88	94.8805
1583.81	94.916
1585.74	94.9829
1587.67	95.0362
1589.6	95.0846
1591.53	95.1358
1593.46	95.1952
1595.39	95.2246
1597.31	95.185
1599.24	95.1278
1601.17	95.1079
1603.1	95.0738
1605.03	94.986
1606.96	94.9258
1608.89	94.9096
1610.82	94.8436
1612.75	94.7961
1614.68	94.8599
1616.61	94.7836
1618.53	94.4003
1620.46	94.0816
1622.39	93.882
1624.32	93.5872
1626.25	93.1776
1628.18	92.6543
1630.11	92.046
1632.04	91.6236
1633.97	91.4633
1635.9	91.2025
1637.83	90.7959
1639.76	90.8867
1641.68	91.5565
1643.61	92.5288
1645.54	93.5897
1647.47	94.2974
1649.4	94.4768
1651.33	94.6717
1653.26	94.9667
1655.19	94.6783
1657.12	94.2274
1659.05	94.0663
1660.98	94.0925
1662.9	94.0037
1664.83	93.7684
1666.76	93.685
1668.69	93.7795
1670.62	93.7034
1672.55	93.4262
1674.48	93.1356
1676.41	92.6815
1678.34	92.1881
1680.27	91.9527
1682.2	91.8736
1684.12	91.6093
1686.05	91.0256
1687.98	90.3072
1689.91	89.5489
1691.84	88.7365
1693.77	87.7102
1695.7	86.4851
1697.63	85.1083
1699.56	83.0377
1701.49	80.4069
1703.42	77.9349
1705.35	75.0798
1707.27	71.4321
1709.2	67.7674
1711.13	64.497
1713.06	61.4723
1714.99	58.8877
1716.92	56.5371
1718.85	54.1733
1720.78	52.7559
1722.71	52.3883
1724.64	52.5133
1726.57	53.027
1728.49	53.9066
1730.42	54.8596
1732.35	55.6626
1734.28	55.9767
1736.21	55.7315
1738.14	55.3755
1740.07	54.9597
1742	54.4803
1743.93	54.3912
1745.86	54.907
1747.79	56.0112
1749.72	57.8471
1751.64	60.0165
1753.57	62.1962
1755.5	64.894
1757.43	68.2279
1759.36	71.6771
1761.29	75.1617
1763.22	78.6308
1765.15	81.5494
1767.08	83.9909
1769.01	86.4162
1770.94	88.6989
1772.86	90.4346
1774.79	91.6094
1776.72	92.3704
1778.65	92.9569
1780.58	93.5752
1782.51	94.074
1784.44	94.3402
1786.37	94.548
1788.3	94.7954
1790.23	95.1234
1792.16	95.486
1794.08	95.58
1796.01	95.4984
1797.94	95.5808
1799.87	95.7681
1801.8	95.8609
1803.73	95.9133
1805.66	95.9615
1807.59	95.9834
1809.52	96.0263
1811.45	96.0386
1813.38	95.9833
1815.31	95.9954
1817.23	96.1234
1819.16	96.2846
1821.09	96.4386
1823.02	96.5554
1824.95	96.6204
1826.88	96.7066
1828.81	96.7968
1830.74	96.7735
1832.67	96.6903
1834.6	96.6896
1836.53	96.7687
1838.45	96.8294
1840.38	96.8623
1842.31	96.9828
1844.24	97.1718
1846.17	97.2066
1848.1	97.1321
1850.03	97.1459
1851.96	97.209
1853.89	97.1996
1855.82	97.1608
1857.75	97.1973
1859.68	97.2798
1861.6	97.296
1863.53	97.3042
1865.46	97.5093
1867.39	97.8755
1869.32	98.0292
1871.25	97.8566
1873.18	97.6342
1875.11	97.4932
1877.04	97.46
1878.97	97.5159
1880.9	97.5794
1882.82	97.6689
1884.75	97.823
1886.68	97.9359
1888.61	97.9554
1890.54	97.9449
1892.47	97.8736
1894.4	97.7615
1896.33	97.8274
1898.26	98.0944
1900.19	98.2379
1902.12	98.1132
1904.05	97.9659
1905.97	98.0035
1907.9	98.1147
1909.83	98.1372
1911.76	98.1238
1913.69	98.2149
1915.62	98.3869
1917.55	98.4594
1919.48	98.3956
1921.41	98.4144
1923.34	98.5514
1925.27	98.5959
1927.19	98.5714
1929.12	98.6423
1931.05	98.6758
1932.98	98.5425
1934.91	98.4503
1936.84	98.5492
1938.77	98.7714
1940.7	99.0604
1942.63	99.2412
1944.56	99.1232
1946.49	98.9746
1948.41	99.1092
1950.34	99.3687
1952.27	99.4919
1954.2	99.5059
1956.13	99.5416
1958.06	99.6678
1959.99	99.8225
1961.92	99.8121
1963.85	99.6782
1965.78	99.7211
1967.71	99.911
1969.64	99.9827
1971.56	100.078
1973.49	100.299
1975.42	100.246
1977.35	99.8987
1979.28	99.8709
1981.21	100.194
1983.14	100.284
1985.07	100.096
1987	100.033
1988.93	100.086
1990.86	99.9901
1992.78	99.7842
1994.71	99.6958
1996.64	99.776
1998.57	99.9086
2000.5	99.9917
2002.43	100.003
2004.36	99.9751
2006.29	99.9953
2008.22	100.106
2010.15	100.216
2012.08	100.294
2014.01	100.396
2015.93	100.462
2017.86	100.502
2019.79	100.675
2021.72	100.812
2023.65	100.632
2025.58	100.397
2027.51	100.436
2029.44	100.504
2031.37	100.397
2033.3	100.363
2035.23	100.526
2037.15	100.684
2039.08	100.69
2041.01	100.534
2042.94	100.289
2044.87	100.114
2046.8	100.098
2048.73	100.174
2050.66	100.24
2052.59	100.277
2054.52	100.324
2056.45	100.37
2058.37	100.331
2060.3	100.187
2062.23	100.031
2064.16	99.8835
2066.09	99.6556
2068.02	99.4272
2069.95	99.4792
2071.88	99.8202
2073.81	100.011
2075.74	99.8012
2077.67	99.5239
2079.6	99.4709
2081.52	99.4424
2083.45	99.2722
2085.38	99.1653
2087.31	99.2179
2089.24	99.2372
2091.17	99.211
2093.1	99.3339
2095.03	99.5082
2096.96	99.4337
2098.89	99.1553
2100.82	98.9523
2102.74	98.8834
2104.67	98.9116
2106.6	99.093
2108.53	99.2921
2110.46	99.2117
2112.39	98.9459
2114.32	98.9079
2116.25	99.1221
2118.18	99.2291
2120.11	99.1367
2122.04	99.0436
2123.97	98.9893
2125.89	98.9527
2127.82	99.0797
2129.75	99.3495
2131.68	99.4461
2133.61	99.2958
2135.54	99.236
2137.47	99.4367
2139.4	99.6715
2141.33	99.7893
2143.26	99.9112
2145.19	100.077
2147.11	100.178
2149.04	100.264
2150.97	100.437
2152.9	100.591
2154.83	100.635
2156.76	100.639
2158.69	100.559
2160.62	100.369
2162.55	100.333
2164.48	100.489
2166.41	100.461
2168.33	100.22
2170.26	100.13
2172.19	100.164
2174.12	100.04
2176.05	99.8738
2177.98	99.8899
2179.91	100.008
2181.84	100.167
2183.77	100.403
2185.7	100.56
2187.63	100.495
2189.56	100.296
2191.48	100.041
2193.41	99.8126
2195.34	99.7796
2197.27	99.9172
2199.2	100.081
2201.13	100.303
2203.06	100.462
2204.99	100.234
2206.92	99.8073
2208.85	99.7154
2210.78	99.8974
2212.7	99.9043
2214.63	99.7175
2216.56	99.5885
2218.49	99.5902
2220.42	99.7493
2222.35	100.063
2224.28	100.269
2226.21	100.099
2228.14	99.7352
2230.07	99.5908
2232	99.6922
2233.93	99.7085
2235.85	99.5865
2237.78	99.5954
2239.71	99.7449
2241.64	99.7749
2243.57	99.6772
2245.5	99.6826
2247.43	99.8297
2249.36	99.9176
2251.29	99.8018
2253.22	99.5605
2255.15	99.3993
2257.07	99.4321
2259	99.573
2260.93	99.6629
2262.86	99.6539
2264.79	99.607
2266.72	99.5332
2268.65	99.3922
2270.58	99.269
2272.51	99.2935
2274.44	99.3882
2276.37	99.3942
2278.29	99.3282
2280.22	99.2585
2282.15	99.1969
2284.08	99.2096
2286.01	99.2934
2287.94	99.2891
2289.87	99.2004
2291.8	99.218
2293.73	99.2994
2295.66	99.2583
2297.59	99.2151
2299.52	99.3959
2301.44	99.6797
2303.37	99.8232
2305.3	99.9105
2307.23	100.222
2309.16	100.784
2311.09	101.304
2313.02	101.584
2314.95	101.755
2316.88	101.996
2318.81	102.411
2320.74	103.081
2322.66	103.842
2324.59	104.405
2326.52	104.854
2328.45	105.332
2330.38	105.617
2332.31	105.631
2334.24	105.699
2336.17	105.883
2338.1	106.039
2340.03	106.305
2341.96	106.596
2343.89	106.125
2345.81	104.734
2347.74	103.661
2349.67	103.686
2351.6	104.976
2353.53	107.187
2355.46	108.999
2357.39	109.785
2359.32	110.021
2361.25	109.649
2363.18	108.858
2365.11	108.153
2367.03	107.361
2368.96	106.169
2370.89	104.764
2372.82	103.386
2374.75	102.063
2376.68	100.849
2378.61	99.8519
2380.54	99.0924
2382.47	98.5228
2384.4	98.0946
2386.33	97.7832
2388.26	97.612
2390.18	97.5915
2392.11	97.6117
2394.04	97.5468
2395.97	97.4501
2397.9	97.4411
2399.83	97.4783
2401.76	97.4753
2403.69	97.5053
2405.62	97.6334
2407.55	97.7241
2409.48	97.6656
2411.4	97.5782
2413.33	97.5892
2415.26	97.6433
2417.19	97.6803
2419.12	97.7457
2421.05	97.84
2422.98	97.8915
2424.91	97.8868
2426.84	97.858
2428.77	97.8213
2430.7	97.8137
2432.62	97.8748
2434.55	97.9809
2436.48	98.0702
2438.41	98.0867
2440.34	98.0318
2442.27	98.0257
2444.2	98.1606
2446.13	98.2838
2448.06	98.2036
2449.99	98.0566
2451.92	98.1218
2453.85	98.3584
2455.77	98.469
2457.7	98.3446
2459.63	98.1583
2461.56	98.0734
2463.49	98.0957
2465.42	98.1753
2467.35	98.2588
2469.28	98.274
2471.21	98.2173
2473.14	98.1712
2475.07	98.154
2476.99	98.1295
2478.92	98.1468
2480.85	98.2221
2482.78	98.2286
2484.71	98.1414
2486.64	98.1186
2488.57	98.2037
2490.5	98.2845
2492.43	98.3425
2494.36	98.4209
2496.29	98.4438
2498.22	98.3189
2500.14	98.1295
2502.07	98.067
2504	98.1761
2505.93	98.2757
2507.86	98.2153
2509.79	98.083
2511.72	98.041
2513.65	98.1138
2515.58	98.2184
2517.51	98.2807
2519.44	98.2934
2521.36	98.2946
2523.29	98.3057
2525.22	98.3193
2527.15	98.2951
2529.08	98.1759
2531.01	98.0062
2532.94	97.9177
2534.87	97.9339
2536.8	97.9962
2538.73	98.0861
2540.66	98.1186
2542.58	97.9991
2544.51	97.8466
2546.44	97.8002
2548.37	97.7873
2550.3	97.7642
2552.23	97.814
2554.16	97.9047
2556.09	97.9255
2558.02	97.8803
2559.95	97.8268
2561.88	97.8129
2563.81	97.8778
2565.73	97.9352
2567.66	97.8363
2569.59	97.6541
2571.52	97.6092
2573.45	97.6909
2575.38	97.7085
2577.31	97.6642
2579.24	97.6759
2581.17	97.6892
2583.1	97.6491
2585.03	97.666
2586.95	97.7399
2588.88	97.7298
2590.81	97.6621
2592.74	97.6326
2594.67	97.5742
2596.6	97.4674
2598.53	97.4516
2600.46	97.5355
2602.39	97.5374
2604.32	97.3897
2606.25	97.2666
2608.18	97.3179
2610.1	97.4152
2612.03	97.3591
2613.96	97.2264
2615.89	97.1897
2617.82	97.1923
2619.75	97.1387
2621.68	97.1057
2623.61	97.1382
2625.54	97.168
2627.47	97.1679
2629.4	97.1414
2631.32	97.0817
2633.25	97.0191
2635.18	96.9576
2637.11	96.861
2639.04	96.7865
2640.97	96.8228
2642.9	96.9132
2644.83	96.9351
2646.76	96.867
2648.69	96.7683
2650.62	96.6975
2652.54	96.6604
2654.47	96.5987
2656.4	96.5027
2658.33	96.4712
2660.26	96.5399
2662.19	96.5897
2664.12	96.5381
2666.05	96.4508
2667.98	96.4005
2669.91	96.3864
2671.84	96.39
2673.77	96.3776
2675.69	96.31
2677.62	96.224
2679.55	96.1916
2681.48	96.199
2683.41	96.1972
2685.34	96.2046
2687.27	96.2399
2689.2	96.2639
2691.13	96.2584
2693.06	96.2342
2694.99	96.1858
2696.91	96.1522
2698.84	96.2044
2700.77	96.2895
2702.7	96.2813
2704.63	96.2084
2706.56	96.1911
2708.49	96.2032
2710.42	96.1393
2712.35	96.0377
2714.28	96.0085
2716.21	96.0291
2718.14	96.0064
2720.06	95.9636
2721.99	95.9798
2723.92	96.0114
2725.85	95.972
2727.78	95.912
2729.71	95.9136
2731.64	95.9114
2733.57	95.8183
2735.5	95.7039
2737.43	95.6841
2739.36	95.7414
2741.28	95.7689
2743.21	95.733
2745.14	95.7058
2747.07	95.7251
2749	95.7176
2750.93	95.6434
2752.86	95.6006
2754.79	95.6695
2756.72	95.7793
2758.65	95.8233
2760.58	95.7906
2762.51	95.7284
2764.43	95.6669
2766.36	95.6138
2768.29	95.5773
2770.22	95.5691
2772.15	95.5838
2774.08	95.5908
2776.01	95.5611
2777.94	95.485
2779.87	95.3616
2781.8	95.2194
2783.73	95.1357
2785.65	95.1525
2787.58	95.1954
2789.51	95.1838
2791.44	95.1571
2793.37	95.1682
2795.3	95.1737
2797.23	95.1527
2799.16	95.1675
2801.09	95.2226
2803.02	95.2342
2804.95	95.1526
2806.87	94.9907
2808.8	94.7991
2810.73	94.6743
2812.66	94.6672
2814.59	94.6876
2816.52	94.6436
2818.45	94.5981
2820.38	94.6028
2822.31	94.5174
2824.24	94.2386
2826.17	93.9334
2828.1	93.7573
2830.02	93.5767
2831.95	93.2571
2833.88	92.9308
2835.81	92.7339
2837.74	92.6029
2839.67	92.4768
2841.6	92.3882
2843.53	92.3114
2845.46	92.1622
2847.39	91.9147
2849.32	91.5864
2851.24	91.1987
2853.17	90.7822
2855.1	90.3262
2857.03	89.7674
2858.96	89.1058
2860.89	88.4448
2862.82	87.8674
2864.75	87.3786
2866.68	86.9831
2868.61	86.6892
2870.54	86.4448
2872.47	86.2107
2874.39	86.0914
2876.32	86.2479
2878.25	86.6695
2880.18	87.1517
2882.11	87.5267
2884.04	87.7934
2885.97	88
2887.9	88.1265
2889.83	88.1277
2891.76	88.0261
2893.69	87.9225
2895.61	87.8835
2897.54	87.8583
2899.47	87.8068
2901.4	87.7921
2903.33	87.7916
2905.26	87.6687
2907.19	87.4754
2909.12	87.412
2911.05	87.439
2912.98	87.3311
2914.91	87.0601
2916.83	86.7753
2918.76	86.5019
2920.69	86.1134
2922.62	85.5709
2924.55	85.0001
2926.48	84.4831
2928.41	83.997
2930.34	83.6367
2932.27	83.5682
2934.2	83.7378
2936.13	83.9833
2938.06	84.2881
2939.98	84.6321
2941.91	84.8897
2943.84	85.0048
2945.77	84.9826
2947.7	84.7979
2949.63	84.4446
2951.56	83.9015
2953.49	83.1718
2955.42	82.4723
2957.35	82.0811
2959.28	82.0291
2961.2	82.247
2963.13	82.7908
2965.06	83.696
2966.99	84.8434
2968.92	86.0295
2970.85	87.0779
2972.78	87.9727
2974.71	88.8001
2976.64	89.4874
2978.57	89.9063
2980.5	90.228
2982.43	90.7222
2984.35	91.279
2986.28	91.5814
2988.21	91.6342
2990.14	91.7096
2992.07	91.9001
2994	92.0716
2995.93	92.161
2997.86	92.2678
2999.79	92.4962
3001.72	92.8563
3003.65	93.2669
3005.57	93.5753
3007.5	93.6963
3009.43	93.7538
3011.36	93.8957
3013.29	94.0368
3015.22	94.0656
3017.15	94.1355
3019.08	94.4112
3021.01	94.7722
3022.94	95.0425
3024.87	95.2062
3026.79	95.2914
3028.72	95.3102
3030.65	95.2664
3032.58	95.1801
3034.51	95.2129
3036.44	95.4876
3038.37	95.75
3040.3	95.7427
3042.23	95.7097
3044.16	95.8544
3046.09	95.8886
3048.02	95.7254
3049.94	95.7396
3051.87	95.9576
3053.8	96.0083
3055.73	95.9022
3057.66	95.91
3059.59	95.9723
3061.52	95.9696
3063.45	96.035
3065.38	96.1705
3067.31	96.1752
3069.24	96.056
3071.16	95.98
3073.09	95.9991
3075.02	96.1101
3076.95	96.2708
3078.88	96.3265
3080.81	96.2076
3082.74	96.0589
3084.67	96.0463
3086.6	96.1927
3088.53	96.3451
3090.46	96.3035
3092.39	96.1241
3094.31	96.0701
3096.24	96.1657
3098.17	96.1538
3100.1	95.9435
3102.03	95.7594
3103.96	95.8002
3105.89	95.92
3107.82	95.8646
3109.75	95.7526
3111.68	95.849
3113.61	95.9959
3115.53	95.9369
3117.46	95.8718
3119.39	96.0285
3121.32	96.2495
3123.25	96.3471
3125.18	96.2797
3127.11	96.0591
3129.04	95.8505
3130.97	95.7812
3132.9	95.7068
3134.83	95.5797
3136.75	95.6018
3138.68	95.792
3140.61	95.9938
3142.54	96.1482
3144.47	96.1652
3146.4	95.9805
3148.33	95.7966
3150.26	95.7522
3152.19	95.6852
3154.12	95.5676
3156.05	95.6042
3157.98	95.7776
3159.9	95.8419
3161.83	95.7125
3163.76	95.4913
3165.69	95.3017
3167.62	95.2763
3169.55	95.4544
3171.48	95.6329
3173.41	95.5912
3175.34	95.4395
3177.27	95.4245
3179.2	95.5158
3181.12	95.549
3183.05	95.5435
3184.98	95.5354
3186.91	95.4525
3188.84	95.3404
3190.77	95.3061
3192.7	95.2923
3194.63	95.2257
3196.56	95.1474
3198.49	95.0957
3200.42	95.1256
3202.35	95.2532
3204.27	95.2976
3206.2	95.1733
3208.13	95.1164
3210.06	95.2136
3211.99	95.1913
3213.92	94.9475
3215.85	94.7353
3217.78	94.7417
3219.71	94.8818
3221.64	94.9603
3223.57	94.9066
3225.49	94.8239
3227.42	94.7734
3229.35	94.735
3231.28	94.748
3233.21	94.7519
3235.14	94.6138
3237.07	94.5156
3239	94.6389
3240.93	94.6697
3242.86	94.4454
3244.79	94.3441
3246.72	94.4154
3248.64	94.3129
3250.57	94.1806
3252.5	94.3284
3254.43	94.4854
3256.36	94.3582
3258.29	94.1701
3260.22	94.1263
3262.15	94.126
3264.08	94.0759
3266.01	94.0237
3267.94	94.06
3269.86	94.1477
3271.79	94.0837
3273.72	93.8626
3275.65	93.7959
3277.58	93.9489
3279.51	93.9855
3281.44	93.8015
3283.37	93.6945
3285.3	93.8075
3287.23	93.9282
3289.16	93.8549
3291.08	93.6511
3293.01	93.5391
3294.94	93.6391
3296.87	93.8037
3298.8	93.7753
3300.73	93.5475
3302.66	93.4052
3304.59	93.5013
3306.52	93.6284
3308.45	93.5671
3310.38	93.4126
3312.31	93.3489
3314.23	93.3552
3316.16	93.3335
3318.09	93.273
3320.02	93.1931
3321.95	93.1285
3323.88	93.1302
3325.81	93.1578
3327.74	93.1286
3329.67	93.0981
3331.6	93.1741
3333.53	93.3025
3335.45	93.3256
3337.38	93.1862
3339.31	92.98
3341.24	92.835
3343.17	92.7625
3345.1	92.7024
3347.03	92.7311
3348.96	92.9578
3350.89	93.214
3352.82	93.2355
3354.75	93.0726
3356.68	92.9748
3358.6	93.0183
3360.53	93.0859
3362.46	93.0869
3364.39	93.0591
3366.32	93.0608
3368.25	93.0544
3370.18	93.0335
3372.11	93.088
3374.04	93.1622
3375.97	93.092
3377.9	92.9805
3379.82	93.0551
3381.75	93.2504
3383.68	93.372
3385.61	93.3703
3387.54	93.2356
3389.47	93.0325
3391.4	92.9982
3393.33	93.2133
3395.26	93.4222
3397.19	93.4513
3399.12	93.4127
3401.04	93.3894
3402.97	93.336
3404.9	93.2779
3406.83	93.2939
3408.76	93.3592
3410.69	93.3968
3412.62	93.4128
3414.55	93.4553
3416.48	93.5039
3418.41	93.5224
3420.34	93.5795
3422.27	93.7443
3424.19	93.8997
3426.12	93.8961
3428.05	93.7808
3429.98	93.6882
3431.91	93.6558
3433.84	93.6383
3435.77	93.6247
3437.7	93.7362
3439.63	94.0719
3441.56	94.3997
3443.49	94.3978
3445.41	94.2219
3447.34	94.2247
3449.27	94.28
3451.2	94.1195
3453.13	93.9394
3455.06	93.9935
3456.99	94.1389
3458.92	94.2167
3460.85	94.3529
3462.78	94.6092
3464.71	94.7945
3466.64	94.7734
3468.56	94.6657
3470.49	94.6246
3472.42	94.5764
3474.35	94.3956
3476.28	94.2464
3478.21	94.3624
3480.14	94.5924
3482.07	94.6093
3484	94.4538
3485.93	94.4328
3487.86	94.6261
3489.78	94.8184
3491.71	94.7552
3493.64	94.4596
3495.57	94.314
3497.5	94.5819
3499.43	94.938
3501.36	94.9931
3503.29	94.9264
3505.22	95.0104
3507.15	94.9995
3509.08	94.7338
3511	94.6286
3512.93	94.9171
3514.86	95.1644
3516.79	95.0684
3518.72	94.9104
3520.65	94.951
3522.58	95.0796
3524.51	95.152
3526.44	95.121
3528.37	94.9853
3530.3	94.8889
3532.23	94.9265
3534.15	94.9425
3536.08	94.8274
3538.01	94.6923
3539.94	94.6754
3541.87	94.8321
3543.8	95.0332
3545.73	94.9856
3547.66	94.8122
3549.59	94.9469
3551.52	95.2054
3553.45	95.1205
3555.37	94.857
3557.3	94.74
3559.23	94.6862
3561.16	94.7367
3563.09	95.0411
3565.02	95.3952
3566.95	95.5948
3568.88	95.7364
3570.81	95.78
3572.74	95.6297
3574.67	95.4253
3576.6	95.3329
3578.52	95.4114
3580.45	95.6928
3582.38	96.0526
3584.31	96.2889
3586.24	96.3507
3588.17	96.2338
3590.1	96.1203
3592.03	96.3195
3593.96	96.7399
3595.89	96.8948
3597.82	96.7284
3599.74	96.7337
3601.67	97.0122
3603.6	97.1633
3605.53	96.9907
3607.46	96.7041
3609.39	96.5967
3611.32	96.6417
3613.25	96.7016
3615.18	96.9754
3617.11	97.5915
3619.04	98.1421
3620.97	98.1601
3622.89	97.8629
3624.82	97.6155
3626.75	97.4023
3628.68	97.133
3630.61	96.8854
3632.54	96.7548
3634.47	96.7234
3636.4	96.6977
3638.33	96.623
3640.26	96.6896
3642.19	97.0859
3644.11	97.6016
3646.04	97.931
3647.97	98.0817
3649.9	98.0258
3651.83	97.6691
3653.76	97.2782
3655.69	97.0855
3657.62	97.1189
3659.55	97.2069
3661.48	97.2368
3663.41	97.2481
3665.33	97.3321
3667.26	97.4751
3669.19	97.4918
3671.12	97.4464
3673.05	97.8237
3674.98	98.4814
3676.91	98.4303
3678.84	97.7287
3680.77	97.3478
3682.7	97.3446
3684.63	97.3726
3686.56	97.4712
3688.48	97.9896
3690.41	98.642
3692.34	98.5368
3694.27	97.7991
3696.2	97.1425
3698.13	97.023
3700.06	97.3128
3701.99	97.6135
3703.92	97.7944
3705.85	97.9828
3707.78	98.2045
3709.7	98.3635
3711.63	98.32
3713.56	98.072
3715.49	97.8484
3717.42	97.8165
3719.35	97.9256
3721.28	97.9662
3723.21	97.9842
3725.14	98.2532
3727.07	98.5521
3729	98.4262
3730.93	98.0872
3732.85	98.1141
3734.78	98.5278
3736.71	98.5942
3738.64	98.2373
3740.57	97.989
3742.5	98.0354
3744.43	98.2838
3746.36	98.4079
3748.29	98.3637
3750.22	98.3195
3752.15	98.1843
3754.07	97.9345
3756	97.7669
3757.93	97.7016
3759.86	97.631
3761.79	97.5294
3763.72	97.4221
3765.65	97.3417
3767.58	97.4448
3769.51	97.6939
3771.44	97.6574
3773.37	97.3044
3775.29	97.1491
3777.22	97.3369
3779.15	97.4772
3781.08	97.3513
3783.01	97.1961
3784.94	97.1118
3786.87	97.0783
3788.8	97.1565
3790.73	97.3088
3792.66	97.4699
3794.59	97.6886
3796.52	97.8847
3798.44	97.8339
3800.37	97.5848
3802.3	97.4995
3804.23	97.731
3806.16	97.9947
3808.09	97.92
3810.02	97.5099
3811.95	97.1976
3813.88	97.2111
3815.81	97.5008
3817.74	97.8882
3819.66	98.2498
3821.59	98.3321
3823.52	97.9735
3825.45	97.5854
3827.38	97.4864
3829.31	97.6083
3831.24	97.72
3833.17	97.6998
3835.1	97.6172
3837.03	97.6101
3838.96	97.6954
3840.89	97.7267
3842.81	97.6516
3844.74	97.5491
3846.67	97.465
3848.6	97.4297
3850.53	97.5641
3852.46	97.9337
3854.39	97.9917
3856.32	97.498
3858.25	97.2151
3860.18	97.3611
3862.11	97.5871
3864.03	97.5621
3865.96	97.5199
3867.89	97.6726
3869.82	97.7423
3871.75	97.5734
3873.68	97.4521
3875.61	97.4981
3877.54	97.5539
3879.47	97.545
3881.4	97.4984
3883.33	97.3933
3885.25	97.2287
3887.18	97.1492
3889.11	97.2325
3891.04	97.3412
3892.97	97.3256
3894.9	97.249
3896.83	97.2832
3898.76	97.5201
3900.69	97.846
3902.62	97.8718
3904.55	97.4455
3906.48	96.9944
3908.4	96.8918
3910.33	97.0098
3912.26	97.0928
3914.19	97.1228
3916.12	97.2376
3918.05	97.3952
3919.98	97.4158
3921.91	97.3335
3923.84	97.2997
3925.77	97.3351
3927.7	97.335
3929.62	97.2163
3931.55	97.0349
3933.48	96.9637
3935.41	97.013
3937.34	97.0213
3939.27	96.9853
3941.2	97.036
3943.13	97.1471
3945.06	97.1676
3946.99	97.0807
3948.92	96.9648
3950.85	96.8961
3952.77	96.9221
3954.7	97.0025
3956.63	97.0751
3958.56	97.1345
3960.49	97.1415
3962.42	97.0373
3964.35	96.9379
3966.28	97.0259
3968.21	97.2352
3970.14	97.319
3972.07	97.2161
3973.99	97.1147
3975.92	97.1143
3977.85	97.0738
3979.78	96.901
3981.71	96.7377
3983.64	96.7095
3985.57	96.734
3987.5	96.7189
3989.43	96.7011
3991.36	96.7135
3993.29	96.7503
3995.22	96.8416
3997.14	96.9565
