499.643	79.1786
501.572	79.3121
503.501	79.7783
505.43	80.4032
507.36	79.8461
509.289	78.7323
511.218	78.5126
513.147	79.0011
515.076	79.4973
517.005	79.8541
518.934	79.771
520.863	79.4866
522.792	79.888
524.722	80.7286
526.651	80.9953
528.58	80.9458
530.509	81.382
532.438	82.1298
534.367	82.7935
536.296	83.3358
538.225	83.666
540.155	83.7327
542.084	83.6914
544.013	83.6886
545.942	83.932
547.871	84.4989
549.8	84.9587
551.729	84.941
553.658	84.7886
555.588	85.0223
557.517	85.5656
559.446	85.9261
561.375	85.9622
563.304	86.019
565.233	86.1823
567.162	86.1021
569.091	85.8123
571.021	85.7692
572.95	85.9541
574.879	86.0063
576.808	86.0077
578.737	86.2325
580.666	86.4848
582.595	86.4284
584.524	86.1778
586.454	86.0738
588.383	86.1668
590.312	86.2511
592.241	86.179
594.17	85.984
596.099	85.8171
598.028	85.8074
599.957	85.9126
601.887	85.9496
603.816	85.9008
605.745	85.9937
607.674	86.3289
609.603	86.6898
611.532	86.886
613.461	86.9762
615.39	87.0054
617.32	86.9667
619.249	87.0486
621.178	87.3564
623.107	87.5916
625.036	87.5074
626.965	87.3192
628.894	87.2882
630.823	87.3406
632.753	87.3357
634.682	87.2586
636.611	87.1142
638.54	86.9424
640.469	86.8059
642.398	86.6274
644.327	86.3121
646.256	85.982
648.186	85.777
650.115	85.643
652.044	85.5449
653.973	85.5716
655.902	85.6881
657.831	85.7875
659.76	85.9674
661.689	86.3122
663.619	86.7049
665.548	87.2362
667.477	88.1572
669.406	88.8556
671.335	88.8976
673.264	89.0367
675.193	89.3821
677.122	89.5804
679.052	89.6818
680.981	89.937
682.91	90.1153
684.839	90.0053
686.768	89.8881
688.697	89.9346
690.626	89.9351
692.555	89.816
694.485	89.7648
696.414	89.802
698.343	89.7575
700.272	89.6278
702.201	89.5675
704.13	89.592
706.059	89.5601
707.988	89.4334
709.917	89.3365
711.847	89.3048
713.776	89.2397
715.705	89.1843
717.634	89.2759
719.563	89.4098
721.492	89.3617
723.421	89.172
725.35	88.9838
727.28	88.7747
729.209	88.4903
731.138	88.1174
733.067	87.6115
734.996	87.0018
736.925	86.4431
738.854	86.0157
740.783	85.5929
742.713	84.9828
744.642	84.2266
746.571	83.6805
748.5	83.6709
750.429	84.1741
752.358	84.9287
754.287	85.683
756.216	86.2953
758.146	86.7537
760.075	87.0825
762.004	87.2271
763.933	87.1554
765.862	86.9413
767.791	86.6058
769.72	86.0593
771.649	85.2161
773.579	83.9542
775.508	82.0507
777.437	79.3105
779.366	75.7018
781.295	71.4859
783.224	67.38
785.153	64.4
787.082	63.3416
789.012	64.4616
790.941	67.5435
792.87	71.9484
794.799	76.638
796.728	80.5257
798.657	83.0165
800.586	84.21
802.515	84.5548
804.445	84.3672
806.374	83.7212
808.303	82.626
810.232	81.2191
812.161	79.8872
814.09	79.1392
816.019	79.2385
817.948	80.0222
819.878	81.0993
821.807	82.14
823.736	82.9729
825.665	83.5201
827.594	83.7683
829.523	83.7882
831.452	83.6558
833.381	83.35
835.311	82.8143
837.24	82.0298
839.169	80.9422
841.098	79.4945
843.027	77.8394
844.956	76.3343
846.885	75.2336
848.814	74.508
850.744	73.9602
852.673	73.3959
854.602	72.7069
856.531	71.924
858.46	71.2159
860.389	70.7493
862.318	70.5512
864.247	70.579
866.177	70.8501
868.106	71.3792
870.035	72.0552
871.964	72.7018
873.893	73.2175
875.822	73.5783
877.751	73.7729
879.68	73.8338
881.609	73.874
883.539	74.0123
885.468	74.2821
887.397	74.6251
889.326	74.9447
891.255	75.1672
893.184	75.2686
895.113	75.2667
897.042	75.2325
898.972	75.2929
900.901	75.5593
902.83	76.074
904.759	76.8551
906.688	77.9191
908.617	79.1901
910.546	80.4379
912.475	81.3846
914.405	81.8695
916.334	81.8843
918.263	81.4944
920.192	80.7881
922.121	79.8555
924.05	78.7559
925.979	77.5353
927.908	76.2377
929.838	74.843
931.767	73.2982
933.696	71.6638
935.625	70.1065
937.554	68.7531
939.483	67.669
941.412	66.9094
943.341	66.4695
945.271	66.252
947.2	66.1691
949.129	66.2504
951.058	66.6194
952.987	67.3512
954.916	68.3479
956.845	69.3747
958.774	70.2454
960.704	70.9617
962.633	71.6567
964.562	72.4422
966.491	73.3392
968.42	74.2999
970.349	75.2367
972.278	76.053
974.207	76.6745
976.137	77.0604
978.066	77.2055
979.995	77.1163
981.924	76.7725
983.853	76.1687
985.782	75.3932
987.711	74.5964
989.64	73.9248
991.57	73.5033
993.499	73.3347
995.428	73.1918
997.357	72.7672
999.286	71.9383
1001.22	70.7876
1003.14	69.4478
1005.07	68.0388
1007	66.701
1008.93	65.5868
1010.86	64.7552
1012.79	64.0569
1014.72	63.1942
1016.65	61.9432
1018.58	60.2854
1020.51	58.3569
1022.44	56.3626
1024.36	54.556
1026.29	53.2519
1028.22	52.7288
1030.15	52.9668
1032.08	53.5749
1034.01	54.1577
1035.94	54.6541
1037.87	55.2058
1039.8	55.902
1041.73	56.7879
1043.66	57.9391
1045.58	59.4102
1047.51	61.1747
1049.44	63.1042
1051.37	64.9572
1053.3	66.4583
1055.23	67.4746
1057.16	68.1103
1059.09	68.5777
1061.02	68.952
1062.95	69.0899
1064.88	68.8136
1066.81	68.1622
1068.73	67.4554
1070.66	67.1143
1072.59	67.3808
1074.52	68.1738
1076.45	69.2112
1078.38	70.2493
1080.31	71.1799
1082.24	71.9514
1084.17	72.4869
1086.1	72.697
1088.03	72.5466
1089.95	72.0878
1091.88	71.4081
1093.81	70.5625
1095.74	69.5938
1097.67	68.5824
1099.6	67.6012
1101.53	66.6431
1103.46	65.6381
1105.39	64.5288
1107.32	63.322
1109.25	62.0859
1111.18	60.9012
1113.1	59.8222
1115.03	58.8771
1116.96	58.0429
1118.89	57.2232
1120.82	56.3129
1122.75	55.2774
1124.68	54.1389
1126.61	52.9364
1128.54	51.7188
1130.47	50.5203
1132.4	49.3402
1134.32	48.187
1136.25	47.1059
1138.18	46.135
1140.11	45.2909
1142.04	44.605
1143.97	44.1108
1145.9	43.8071
1147.83	43.6792
1149.76	43.7099
1151.69	43.8647
1153.62	44.1216
1155.55	44.4895
1157.47	44.9694
1159.4	45.5604
1161.33	46.2802
1163.26	47.1266
1165.19	48.0904
1167.12	49.2072
1169.05	50.5047
1170.98	51.9506
1172.91	53.5134
1174.84	55.1798
1176.77	56.8938
1178.69	58.5779
1180.62	60.1946
1182.55	61.7314
1184.48	63.1658
1186.41	64.472
1188.34	65.6385
1190.27	66.6779
1192.2	67.6263
1194.13	68.5203
1196.06	69.3659
1197.99	70.1314
1199.91	70.765
1201.84	71.1967
1203.77	71.3433
1205.7	71.1598
1207.63	70.6605
1209.56	69.8351
1211.49	68.6264
1213.42	67.044
1215.35	65.166
1217.28	63.0259
1219.21	60.6617
1221.14	58.1953
1223.06	55.7204
1224.99	53.2409
1226.92	50.783
1228.85	48.4383
1230.78	46.2969
1232.71	44.4284
1234.64	42.8959
1236.57	41.7365
1238.5	40.9279
1240.43	40.3717
1242.36	39.9238
1244.28	39.4731
1246.21	38.9764
1248.14	38.4193
1250.07	37.8174
1252	37.2538
1253.93	36.8408
1255.86	36.6765
1257.79	36.8567
1259.72	37.4403
1261.65	38.41
1263.58	39.7234
1265.51	41.3261
1267.43	43.1156
1269.36	44.9936
1271.29	46.9091
1273.22	48.8226
1275.15	50.7053
1277.08	52.5343
1279.01	54.2769
1280.94	55.9516
1282.87	57.6156
1284.8	59.2452
1286.73	60.777
1288.65	62.2339
1290.58	63.6528
1292.51	64.983
1294.44	66.1856
1296.37	67.329
1298.3	68.5456
1300.23	69.9693
1302.16	71.6902
1304.09	73.6962
1306.02	75.8427
1307.95	77.8839
1309.87	79.5785
1311.8	80.7748
1313.73	81.4065
1315.66	81.492
1317.59	81.1443
1319.52	80.6117
1321.45	80.2892
1323.38	80.4843
1325.31	81.2099
1327.24	82.2344
1329.17	83.2605
1331.1	84.067
1333.02	84.5353
1334.95	84.7215
1336.88	84.8154
1338.81	84.9587
1340.74	85.2088
1342.67	85.5918
1344.6	86.0912
1346.53	86.6201
1348.46	87.0077
1350.39	87.0754
1352.32	86.7639
1354.24	86.1146
1356.17	85.3165
1358.1	84.7189
1360.03	84.4342
1361.96	84.139
1363.89	83.5317
1365.82	82.6918
1367.75	81.6375
1369.68	80.401
1371.61	79.2857
1373.54	78.4229
1375.47	77.6871
1377.39	77.1175
1379.32	76.8333
1381.25	76.8361
1383.18	77.0925
1385.11	77.6663
1387.04	78.6341
1388.97	79.6597
1390.9	80.3366
1392.83	80.6986
1394.76	80.7622
1396.69	80.4245
1398.61	79.7821
1400.54	79.1485
1402.47	78.7876
1404.4	78.7744
1406.33	79.0874
1408.26	79.649
1410.19	80.4545
1412.12	81.4835
1414.05	82.5071
1415.98	83.4859
1417.91	84.5967
1419.83	85.5994
1421.76	86.1162
1423.69	86.2404
1425.62	86.1312
1427.55	85.835
1429.48	85.1525
1431.41	84.031
1433.34	82.8543
1435.27	81.5977
1437.2	79.9506
1439.13	78.3965
1441.06	77.2942
1442.98	76.4147
1444.91	75.7337
1446.84	75.2721
1448.77	74.8677
1450.7	74.6101
1452.63	74.7806
1454.56	75.4682
1456.49	76.7065
1458.42	77.9754
1460.35	78.7884
1462.28	79.6442
1464.2	80.838
1466.13	82.0962
1468.06	83.1204
1469.99	84.1893
1471.92	85.4117
1473.85	86.2651
1475.78	86.6338
1477.71	86.9972
1479.64	87.4161
1481.57	87.8289
1483.5	88.2646
1485.43	88.7721
1487.35	89.4777
1489.28	90.4396
1491.21	91.2869
1493.14	91.8996
1495.07	92.5885
1497	93.3678
1498.93	93.852
1500.86	94.0769
1502.79	94.3957
1504.72	94.9344
1506.65	95.5205
1508.57	95.57
1510.5	95.3521
1512.43	95.302
1514.36	95.4281
1516.29	95.6457
1518.22	95.9012
1520.15	96.1557
1522.08	96.253
1524.01	96.1374
1525.94	95.9235
1527.87	95.7251
1529.8	95.6602
1531.72	95.7565
1533.65	95.8773
1535.58	95.935
1537.51	96.1527
1539.44	96.6658
1541.37	96.8649
1543.3	96.4095
1545.23	96.0199
1547.16	95.8808
1549.09	95.891
1551.02	95.9322
1552.94	95.9328
1554.87	96.0032
1556.8	96.3207
1558.73	96.6137
1560.66	96.247
1562.59	95.7788
1564.52	95.5717
1566.45	95.5937
1568.38	95.6588
1570.31	95.4925
1572.24	95.2659
1574.16	95.2896
1576.09	95.4152
1578.02	95.226
1579.95	94.9293
1581.88	94.85
1583.81	94.9451
1585.74	95.0415
1587.67	95.0826
1589.6	95.112
1591.53	95.1572
1593.46	95.2091
1595.39	95.2261
1597.31	95.1815
1599.24	95.1156
1601.17	95.0805
1603.1	95.0607
1605.03	95.0142
1606.96	94.9651
1608.89	94.9247
1610.82	94.8476
1612.75	94.7945
1614.68	94.8271
1616.61	94.7342
1618.53	94.3925
1620.46	94.1147
1622.39	93.9251
1624.32	93.6187
1626.25	93.1858
1628.18	92.6531
1630.11	92.0703
1632.04	91.6723
1633.97	91.4819
1635.9	91.1541
1637.83	90.7517
1639.76	90.8939
1641.68	91.5779
1643.61	92.5186
1645.54	93.5489
1647.47	94.2704
1649.4	94.4601
1651.33	94.6361
1653.26	94.9402
1655.19	94.7054
1657.12	94.2708
1659.05	94.1037
1660.98	94.1198
1662.9	94.0051
1664.83	93.7375
1666.76	93.6409
1668.69	93.739
1670.62	93.6624
1672.55	93.3742
1674.48	93.0733
1676.41	92.6307
1678.34	92.1782
1680.27	91.9815
1682.2	91.9115
1684.12	91.6231
1686.05	91.009
1687.98	90.2608
1689.91	89.4788
1691.84	88.6651
1693.77	87.6587
1695.7	86.4675
1697.63	85.1293
1699.56	83.0693
1701.49	80.4139
1703.42	77.9167
1705.35	75.0453
1707.27	71.3904
1709.2	67.7282
1711.13	64.4591
1713.06	61.4383
1714.99	58.8882
1716.92	56.5914
1718.85	54.2157
1720.78	52.7277
1722.71	52.3094
1724.64	52.4399
1726.57	52.9919
1728.49	53.8882
1730.42	54.828
1732.35	55.6074
1734.28	55.8992
1736.21	55.6654
1738.14	55.3613
1740.07	54.9828
1742	54.4718
1743.93	54.3272
1745.86	54.8338
1747.79	55.9629
1749.72	57.809
1751.64	59.9762
1753.57	62.1719
1755.5	64.8751
1757.43	68.1781
1759.36	71.6208
1761.29	75.1673
1763.22	78.6883
1765.15	81.6107
1767.08	84.0715
1769.01	86.5207
1770.94	88.745
1772.86	90.3783
1774.79	91.5232
1776.72	92.2968
1778.65	92.8895
1780.58	93.5114
1782.51	94.0104
1784.44	94.285
1786.37	94.5364
1788.3	94.8391
1790.23	95.1865
1792.16	95.5262
1794.08	95.5957
1796.01	95.5097
1797.94	95.5845
1799.87	95.7474
1801.8	95.8199
1803.73	95.867
1805.66	95.9024
1807.59	95.9
1809.52	95.9284
1811.45	95.9466
1813.38	95.9229
1815.31	95.9974
1817.23	96.1853
1819.16	96.3559
1821.09	96.4909
1823.02	96.612
1824.95	96.7001
1826.88	96.791
1828.81	96.8645
1830.74	96.8296
1832.67	96.7442
1834.6	96.7193
1836.53	96.7442
1838.45	96.7671
1840.38	96.8114
1842.31	96.9729
1844.24	97.2134
1846.17	97.2681
1848.1	97.126
1850.03	97.0106
1851.96	96.999
1853.89	97.051
1855.82	97.1223
1857.75	97.1771
1859.68	97.206
1861.6	97.2212
1863.53	97.2676
1865.46	97.45
1867.39	97.7631
1869.32	97.9277
1871.25	97.791
1873.18	97.5858
1875.11	97.4882
1877.04	97.525
1878.97	97.633
1880.9	97.702
1882.82	97.7211
1884.75	97.7727
1886.68	97.8601
1888.61	97.9227
1890.54	97.9326
1892.47	97.8844
1894.4	97.8275
1896.33	97.8791
1898.26	98.0367
1900.19	98.1242
1902.12	98.0951
1904.05	98.1249
1905.97	98.2665
1907.9	98.3034
1909.83	98.126
1911.76	97.9801
1913.69	98.0903
1915.62	98.3306
1917.55	98.4354
1919.48	98.4034
1921.41	98.4692
1923.34	98.5804
1925.27	98.5097
1927.19	98.4231
1929.12	98.5728
1931.05	98.74
1932.98	98.6778
1934.91	98.5856
1936.84	98.6574
1938.77	98.8102
1940.7	98.9378
1942.63	98.9418
1944.56	98.8269
1946.49	98.8385
1948.41	99.0652
1950.34	99.3068
1952.27	99.4478
1954.2	99.5132
1956.13	99.5038
1958.06	99.5112
1959.99	99.6203
1961.92	99.6945
1963.85	99.6706
1965.78	99.6903
1967.71	99.7253
1969.64	99.683
1971.56	99.7496
1973.49	99.9676
1975.42	100.029
1977.35	99.9353
1979.28	100.017
1981.21	100.17
1983.14	100.101
1985.07	99.9704
1987	99.9832
1988.93	99.9647
1990.86	99.8243
1992.78	99.7793
1994.71	99.9224
1996.64	100.075
1998.57	100.079
2000.5	99.9802
2002.43	99.9438
2004.36	99.9899
2006.29	99.9924
2008.22	99.9197
2010.15	99.8613
2012.08	99.9258
2014.01	100.144
2015.93	100.336
2017.86	100.353
2019.79	100.405
2021.72	100.593
2023.65	100.618
2025.58	100.427
2027.51	100.354
2029.44	100.402
2031.37	100.314
2033.3	100.197
2035.23	100.294
2037.15	100.488
2039.08	100.576
2041.01	100.56
2042.94	100.451
2044.87	100.26
2046.8	100.147
2048.73	100.198
2050.66	100.258
2052.59	100.264
2054.52	100.339
2056.45	100.382
2058.37	100.17
2060.3	99.8856
2062.23	99.8791
2064.16	99.9973
2066.09	99.8186
2068.02	99.47
2069.95	99.4657
2071.88	99.7915
2073.81	99.8915
2075.74	99.6012
2077.67	99.34
2079.6	99.3019
2081.52	99.2705
2083.45	99.1949
2085.38	99.2198
2087.31	99.2816
2089.24	99.2266
2091.17	99.1135
2093.1	99.0881
2095.03	99.1829
2096.96	99.3332
2098.89	99.416
2100.82	99.329
2102.74	99.138
2104.67	99.0459
2106.6	99.1533
2108.53	99.3093
2110.46	99.2717
2112.39	99.0584
2114.32	98.9767
2116.25	99.1471
2118.18	99.2814
2120.11	99.1772
2122.04	99.0345
2123.97	99.031
2125.89	99.0851
2127.82	99.1705
2129.75	99.3193
2131.68	99.3936
2133.61	99.3328
2135.54	99.3217
2137.47	99.4378
2139.4	99.5931
2141.33	99.7955
2143.26	100.009
2145.19	100.093
2147.11	100.144
2149.04	100.344
2150.97	100.523
2152.9	100.517
2154.83	100.567
2156.76	100.737
2158.69	100.621
2160.62	100.221
2162.55	100.124
2164.48	100.388
2166.41	100.428
2168.33	100.186
2170.26	100.155
2172.19	100.291
2174.12	100.141
2176.05	99.8516
2177.98	99.8816
2179.91	100.081
2181.84	100.117
2183.77	100.169
2185.7	100.389
2187.63	100.453
2189.56	100.167
2191.48	99.8066
2193.41	99.6751
2195.34	99.788
2197.27	99.9372
2199.2	99.9877
2201.13	100.071
2203.06	100.239
2204.99	100.236
2206.92	100.014
2208.85	99.9094
2210.78	99.9785
2212.7	99.9315
2214.63	99.7272
2216.56	99.5881
2218.49	99.6261
2220.42	99.8375
2222.35	100.14
2224.28	100.294
2226.21	100.115
2228.14	99.7634
2230.07	99.5984
2232	99.7328
2233.93	99.8862
2235.85	99.8398
2237.78	99.7612
2239.71	99.7706
2241.64	99.6527
2243.57	99.3732
2245.5	99.2906
2247.43	99.5399
2249.36	99.7864
2251.29	99.7677
2253.22	99.5913
2255.15	99.4611
2257.07	99.4415
2259	99.4708
2260.93	99.4907
2262.86	99.5378
2264.79	99.6297
2266.72	99.6738
2268.65	99.6279
2270.58	99.5425
2272.51	99.4126
2274.44	99.2742
2276.37	99.2832
2278.29	99.4245
2280.22	99.457
2282.15	99.3146
2284.08	99.1796
2286.01	99.1393
2287.94	99.1359
2289.87	99.1724
2291.8	99.2738
2293.73	99.3486
2295.66	99.325
2297.59	99.3274
2299.52	99.4932
2301.44	99.723
2303.37	99.849
2305.3	99.9552
2307.23	100.272
2309.16	100.803
2311.09	101.306
2313.02	101.625
2314.95	101.805
2316.88	101.945
2318.81	102.253
2320.74	102.927
2322.66	103.685
2324.59	104.113
2326.52	104.453
2328.45	105.046
2330.38	105.594
2332.31	105.783
2334.24	105.85
2336.17	105.884
2338.1	105.814
2340.03	105.958
2341.96	106.327
2343.89	106.021
2345.81	104.764
2347.74	103.737
2349.67	103.686
2351.6	104.765
2353.53	106.696
2355.46	108.294
2357.39	108.992
2359.32	109.31
2361.25	109.178
2363.18	108.588
2365.11	107.92
2367.03	107.045
2368.96	105.739
2370.89	104.274
2372.82	102.931
2374.75	101.655
2376.68	100.405
2378.61	99.3765
2380.54	98.7226
2382.47	98.3263
2384.4	97.9842
2386.33	97.6806
2388.26	97.5349
2390.18	97.5406
2392.11	97.5325
2394.04	97.4354
2395.97	97.3634
2397.9	97.4088
2399.83	97.4856
2401.76	97.4795
2403.69	97.4437
2405.62	97.4969
2407.55	97.6037
2409.48	97.6378
2411.4	97.6078
2413.33	97.6256
2415.26	97.7022
2417.19	97.7528
2419.12	97.7501
2421.05	97.7388
2422.98	97.7556
2424.91	97.7922
2426.84	97.7943
2428.77	97.7499
2430.7	97.7651
2432.62	97.89
2434.55	97.9903
2436.48	97.9938
2438.41	98.0022
2440.34	98.0202
2442.27	97.9716
2444.2	97.9566
2446.13	98.0444
2448.06	98.0606
2449.99	97.9719
2451.92	98.0249
2453.85	98.2473
2455.77	98.3538
2457.7	98.2395
2459.63	98.0794
2461.56	98.0029
2463.49	98.0171
2465.42	98.1008
2467.35	98.2017
2469.28	98.2571
2471.21	98.2402
2473.14	98.1522
2475.07	98.043
2476.99	98.0046
2478.92	98.0582
2480.85	98.1224
2482.78	98.1372
2484.71	98.139
2486.64	98.1786
2488.57	98.2277
2490.5	98.237
2492.43	98.2424
2494.36	98.2915
2496.29	98.3084
2498.22	98.2083
2500.14	98.0847
2502.07	98.0769
2504	98.1468
2505.93	98.1802
2507.86	98.1666
2509.79	98.1227
2511.72	98.0558
2513.65	98.0707
2515.58	98.2132
2517.51	98.2891
2519.44	98.183
2521.36	98.0885
2523.29	98.1265
2525.22	98.153
2527.15	98.0916
2529.08	98.0275
2531.01	98.0094
2532.94	98.0276
2534.87	98.0466
2536.8	98.0389
2538.73	98.0609
2540.66	98.1081
2542.58	98.0483
2544.51	97.9248
2546.44	97.9317
2548.37	98.0134
2550.3	97.9933
2552.23	97.9234
2554.16	97.8788
2556.09	97.7917
2558.02	97.7143
2559.95	97.7813
2561.88	97.9067
2563.81	97.9172
2565.73	97.8231
2567.66	97.6954
2569.59	97.5612
2571.52	97.5252
2573.45	97.6559
2575.38	97.7956
2577.31	97.8099
2579.24	97.7969
2581.17	97.8002
2583.1	97.7168
2585.03	97.6073
2586.95	97.6253
2588.88	97.6959
2590.81	97.6704
2592.74	97.597
2594.67	97.5554
2596.6	97.501
2598.53	97.4314
2600.46	97.4236
2602.39	97.4352
2604.32	97.3668
2606.25	97.3291
2608.18	97.4688
2610.1	97.6149
2612.03	97.5444
2613.96	97.3735
2615.89	97.2762
2617.82	97.2124
2619.75	97.152
2621.68	97.108
2623.61	97.0187
2625.54	96.9368
2627.47	96.9919
2629.4	97.0844
2631.32	97.0579
2633.25	96.9787
2635.18	96.9162
2637.11	96.8331
2639.04	96.7887
2640.97	96.8453
2642.9	96.8966
2644.83	96.865
2646.76	96.8162
2648.69	96.7773
2650.62	96.7156
2652.54	96.6577
2654.47	96.6234
2656.4	96.5647
2658.33	96.4845
2660.26	96.4503
2662.19	96.4541
2664.12	96.425
2666.05	96.3735
2667.98	96.3663
2669.91	96.3988
2671.84	96.4191
2673.77	96.4121
2675.69	96.3738
2677.62	96.2921
2679.55	96.2051
2681.48	96.1843
2683.41	96.2333
2685.34	96.2841
2687.27	96.3043
2689.2	96.3262
2691.13	96.3564
2693.06	96.3367
2694.99	96.2415
2696.91	96.1459
2698.84	96.1319
2700.77	96.1693
2702.7	96.1723
2704.63	96.1336
2706.56	96.1086
2708.49	96.1115
2710.42	96.1135
2712.35	96.0914
2714.28	96.0247
2716.21	95.9164
2718.14	95.8297
2720.06	95.8288
2721.99	95.8924
2723.92	95.9386
2725.85	95.9187
2727.78	95.8563
2729.71	95.7954
2731.64	95.7419
2733.57	95.6934
2735.5	95.6763
2737.43	95.6872
2739.36	95.6753
2741.28	95.6447
2743.21	95.6619
2745.14	95.7297
2747.07	95.7731
2749	95.7413
2750.93	95.6533
2752.86	95.5909
2754.79	95.6402
2756.72	95.7715
2758.65	95.86
2760.58	95.8609
2762.51	95.8224
2764.43	95.7574
2766.36	95.6675
2768.29	95.6003
2770.22	95.5685
2772.15	95.5393
2774.08	95.5252
2776.01	95.5408
2777.94	95.5283
2779.87	95.4385
2781.8	95.3046
2783.73	95.1993
2785.65	95.1801
2787.58	95.2474
2789.51	95.3329
2791.44	95.3654
2793.37	95.3282
2795.3	95.258
2797.23	95.2305
2799.16	95.2866
2801.09	95.3502
2803.02	95.3118
2804.95	95.1759
2806.87	95.0202
2808.8	94.8752
2810.73	94.749
2812.66	94.6767
2814.59	94.656
2816.52	94.6231
2818.45	94.5585
2820.38	94.4936
2822.31	94.3776
2824.24	94.135
2826.17	93.8526
2828.1	93.6641
2830.02	93.5112
2831.95	93.272
2833.88	92.99
2835.81	92.7604
2837.74	92.5774
2839.67	92.4186
2841.6	92.2889
2843.53	92.1502
2845.46	91.9484
2847.39	91.6902
2849.32	91.416
2851.24	91.1352
2853.17	90.8036
2855.1	90.3492
2857.03	89.7384
2858.96	89.0465
2860.89	88.4264
2862.82	87.9517
2864.75	87.5372
2866.68	87.0952
2868.61	86.6781
2870.54	86.363
2872.47	86.1463
2874.39	86.05
2876.32	86.1757
2878.25	86.5719
2880.18	87.1134
2882.11	87.5609
2884.04	87.7972
2885.97	87.9482
2887.9	88.1043
2889.83	88.1159
2891.76	87.9342
2893.69	87.8064
2895.61	87.851
2897.54	87.8928
2899.47	87.8623
2901.4	87.8385
2903.33	87.7276
2905.26	87.4279
2907.19	87.1484
2909.12	87.1228
2911.05	87.2374
2912.98	87.2244
2914.91	86.9991
2916.83	86.662
2918.76	86.3286
2920.69	86.0086
2922.62	85.6261
2924.55	85.1498
2926.48	84.6396
2928.41	84.1764
2930.34	83.8254
2932.27	83.643
2934.2	83.6754
2936.13	83.9253
2938.06	84.2765
2939.98	84.5476
2941.91	84.7009
2943.84	84.8174
2945.77	84.8559
2947.7	84.7083
2949.63	84.3738
2951.56	83.8406
2953.49	83.0915
2955.42	82.3702
2957.35	82.0336
2959.28	82.1274
2961.2	82.4782
2963.13	83.0344
2965.06	83.8223
2966.99	84.7923
2968.92	85.8438
2970.85	86.8625
2972.78	87.7846
2974.71	88.6409
2976.64	89.3954
2978.57	89.909
2980.5	90.2329
2982.43	90.6252
2984.35	91.1372
2986.28	91.531
2988.21	91.6799
2990.14	91.7318
2992.07	91.8365
2994	91.967
2995.93	92.0509
2997.86	92.1385
2999.79	92.3519
3001.72	92.7203
3003.65	93.1611
3005.57	93.565
3007.5	93.8363
3009.43	93.9442
3011.36	93.9643
3013.29	94.0004
3015.22	94.1279
3017.15	94.3895
3019.08	94.7062
3021.01	94.9005
3022.94	94.9287
3024.87	94.9186
3026.79	94.9715
3028.72	95.0826
3030.65	95.1812
3032.58	95.2202
3034.51	95.2881
3036.44	95.4777
3038.37	95.6662
3040.3	95.7134
3042.23	95.7378
3044.16	95.8598
3046.09	95.9255
3048.02	95.7955
3049.94	95.6466
3051.87	95.7062
3053.8	95.9023
3055.73	95.9978
3057.66	95.9104
3059.59	95.7407
3061.52	95.6359
3063.45	95.6957
3065.38	95.8813
3067.31	96.04
3069.24	96.0798
3071.16	96.02
3073.09	95.9511
3075.02	96.0169
3076.95	96.2252
3078.88	96.3324
3080.81	96.1757
3082.74	95.9556
3084.67	95.952
3086.6	96.1403
3088.53	96.2737
3090.46	96.2744
3092.39	96.3148
3094.31	96.4046
3096.24	96.2808
3098.17	95.9281
3100.1	95.6827
3102.03	95.6927
3103.96	95.8373
3105.89	96.0409
3107.82	96.2086
3109.75	96.1993
3111.68	96.0927
3113.61	96.0544
3115.53	96.0062
3117.46	95.853
3119.39	95.7554
3121.32	95.8484
3123.25	95.9928
3125.18	95.9994
3127.11	95.895
3129.04	95.8428
3130.97	95.8987
3132.9	95.9585
3134.83	95.9247
3136.75	95.8218
3138.68	95.7461
3140.61	95.8095
3142.54	96.026
3144.47	96.1704
3146.4	96.0116
3148.33	95.7062
3150.26	95.5964
3152.19	95.7125
3154.12	95.8496
3156.05	95.927
3157.98	95.951
3159.9	95.8806
3161.83	95.7352
3163.76	95.613
3165.69	95.5539
3167.62	95.5584
3169.55	95.6461
3171.48	95.751
3173.41	95.7029
3175.34	95.4553
3177.27	95.1928
3179.2	95.11
3181.12	95.2031
3183.05	95.3449
3184.98	95.429
3186.91	95.4074
3188.84	95.3124
3190.77	95.231
3192.7	95.1973
3194.63	95.1735
3196.56	95.1582
3198.49	95.2071
3200.42	95.2958
3202.35	95.2878
3204.27	95.1534
3206.2	95.0849
3208.13	95.2012
3210.06	95.3038
3211.99	95.1637
3213.92	94.849
3215.85	94.5853
3217.78	94.5319
3219.71	94.7179
3221.64	94.9659
3223.57	95.0141
3225.49	94.8256
3227.42	94.5731
3229.35	94.4327
3231.28	94.4824
3233.21	94.5633
3235.14	94.4516
3237.07	94.3285
3239	94.4637
3240.93	94.571
3242.86	94.3846
3244.79	94.2591
3246.72	94.3427
3248.64	94.2715
3250.57	94.119
3252.5	94.2666
3254.43	94.471
3256.36	94.3276
3258.29	94.0736
3260.22	94.0406
3262.15	94.1028
3264.08	94.0509
3266.01	93.9252
3267.94	93.8948
3269.86	94.0087
3271.79	94.0995
3273.72	94.0513
3275.65	93.9709
3277.58	93.891
3279.51	93.7175
3281.44	93.5629
3283.37	93.6138
3285.3	93.7567
3287.23	93.7642
3289.16	93.6405
3291.08	93.5279
3293.01	93.5028
3294.94	93.5753
3296.87	93.6862
3298.8	93.6804
3300.73	93.4832
3302.66	93.2788
3304.59	93.2708
3306.52	93.3687
3308.45	93.3819
3310.38	93.3287
3312.31	93.2951
3314.23	93.2607
3316.16	93.2226
3318.09	93.2149
3320.02	93.2151
3321.95	93.2279
3323.88	93.293
3325.81	93.3281
3327.74	93.2173
3329.67	93.053
3331.6	93.0243
3333.53	93.1096
3335.45	93.1166
3337.38	92.9978
3339.31	92.8983
3341.24	92.8797
3343.17	92.8419
3345.1	92.7551
3347.03	92.7474
3348.96	92.909
3350.89	93.1647
3352.82	93.3308
3354.75	93.2772
3356.68	93.1164
3358.6	93.0786
3360.53	93.145
3362.46	93.1242
3364.39	93.0365
3366.32	93.0268
3368.25	93.0417
3370.18	92.9865
3372.11	92.9637
3374.04	93.0481
3375.97	93.1159
3377.9	93.1093
3379.82	93.18
3381.75	93.3947
3383.68	93.5452
3385.61	93.4365
3387.54	93.1958
3389.47	93.0823
3391.4	93.1537
3393.33	93.2897
3395.26	93.3826
3397.19	93.3977
3399.12	93.3642
3401.04	93.3452
3402.97	93.337
3404.9	93.2716
3406.83	93.1808
3408.76	93.1949
3410.69	93.3153
3412.62	93.3964
3414.55	93.3846
3416.48	93.3618
3418.41	93.3759
3420.34	93.4376
3422.27	93.5869
3424.19	93.7657
3426.12	93.7878
3428.05	93.6166
3429.98	93.4996
3431.91	93.6351
3433.84	93.8313
3435.77	93.7997
3437.7	93.69
3439.63	93.8458
3441.56	94.1522
3443.49	94.2411
3445.41	94.1624
3447.34	94.1864
3449.27	94.222
3451.2	94.0653
3453.13	93.8722
3455.06	93.894
3456.99	94.0891
3458.92	94.2649
3460.85	94.3599
3462.78	94.4141
3464.71	94.4384
3466.64	94.4247
3468.56	94.4254
3470.49	94.4947
3472.42	94.4988
3474.35	94.2452
3476.28	93.95
3478.21	94.0572
3480.14	94.4542
3482.07	94.587
3484	94.4028
3485.93	94.3416
3487.86	94.5456
3489.78	94.8489
3491.71	95.0452
3493.64	94.9402
3495.57	94.6727
3497.5	94.687
3499.43	94.9554
3501.36	95.0279
3503.29	94.9034
3505.22	94.8907
3507.15	94.8811
3509.08	94.7136
3511	94.6336
3512.93	94.7612
3514.86	94.8049
3516.79	94.6382
3518.72	94.4991
3520.65	94.5355
3522.58	94.6677
3524.51	94.8449
3526.44	95.0136
3528.37	95.0597
3530.3	95.031
3532.23	95.041
3534.15	95.0204
3536.08	94.9197
3538.01	94.8063
3539.94	94.6631
3541.87	94.5409
3543.8	94.6177
3545.73	94.7879
3547.66	94.8481
3549.59	95.0185
3551.52	95.3369
3553.45	95.3443
3555.37	94.976
3557.3	94.6702
3559.23	94.5943
3561.16	94.7756
3563.09	95.2461
3565.02	95.7253
3566.95	95.8449
3568.88	95.7205
3570.81	95.5907
3572.74	95.4107
3574.67	95.2988
3576.6	95.4061
3578.52	95.5768
3580.45	95.7247
3582.38	95.9851
3584.31	96.2727
3586.24	96.2813
3588.17	96.0173
3590.1	95.9706
3592.03	96.2273
3593.96	96.4133
3595.89	96.3964
3597.82	96.4762
3599.74	96.6717
3601.67	96.6509
3603.6	96.524
3605.53	96.6921
3607.46	97.0526
3609.39	97.1254
3611.32	96.8708
3613.25	96.6601
3615.18	96.6746
3617.11	96.9111
3619.04	97.2974
3620.97	97.5925
3622.89	97.6237
3624.82	97.568
3626.75	97.5932
3628.68	97.5542
3630.61	97.2385
3632.54	96.923
3634.47	96.7789
3636.4	96.6844
3638.33	96.6317
3640.26	96.7952
3642.19	97.1722
3644.11	97.5357
3646.04	97.8387
3647.97	98.1963
3649.9	98.2672
3651.83	97.7918
3653.76	97.3094
3655.69	97.11
3657.62	97.125
3659.55	97.143
3661.48	97.097
3663.41	97.0743
3665.33	97.1797
3667.26	97.3745
3669.19	97.4763
3671.12	97.5867
3673.05	98.1135
3674.98	98.7525
3676.91	98.5745
3678.84	97.9022
3680.77	97.5598
3682.7	97.387
3684.63	97.2371
3686.56	97.4519
3688.48	98.1906
3690.41	98.6882
3692.34	98.2813
3694.27	97.4969
3696.2	96.9127
3698.13	96.798
3700.06	97.0865
3701.99	97.4941
3703.92	97.7822
3705.85	97.9317
3707.78	98.0237
3709.7	98.0467
3711.63	97.8741
3713.56	97.5669
3715.49	97.4032
3717.42	97.4806
3719.35	97.667
3721.28	97.7105
3723.21	97.6373
3725.14	97.8087
3727.07	98.207
3729	98.3656
3730.93	98.2575
3732.85	98.3713
3734.78	98.8525
3736.71	98.9603
3738.64	98.4963
3740.57	98.0705
3742.5	97.919
3744.43	97.9927
3746.36	98.1602
3748.29	98.3025
3750.22	98.2839
3752.15	97.9886
3754.07	97.7264
3756	97.6918
3757.93	97.7303
3759.86	97.6843
3761.79	97.5755
3763.72	97.446
3765.65	97.3007
3767.58	97.2924
3769.51	97.4657
3771.44	97.4828
3773.37	97.249
3775.29	97.1643
3777.22	97.3842
3779.15	97.5669
3781.08	97.4626
3783.01	97.2666
3784.94	97.1143
3786.87	97.0376
3788.8	97.0793
3790.73	97.1468
3792.66	97.2038
3794.59	97.3965
3796.52	97.6823
3798.44	97.7953
3800.37	97.7158
3802.3	97.6471
3804.23	97.7032
3806.16	97.7942
3808.09	97.6464
3810.02	97.2447
3811.95	97.0423
3813.88	97.2333
3815.81	97.5345
3817.74	97.6857
3819.66	97.9132
3821.59	98.1411
3823.52	97.9671
3825.45	97.6018
3827.38	97.3904
3829.31	97.3516
3831.24	97.3955
3833.17	97.458
3835.1	97.5174
3837.03	97.6381
3838.96	97.8226
3840.89	97.8751
3842.81	97.74
3844.74	97.5548
3846.67	97.4017
3848.6	97.318
3850.53	97.4138
3852.46	97.7561
3854.39	97.8653
3856.32	97.4634
3858.25	97.1857
3860.18	97.2637
3862.11	97.4548
3864.03	97.4835
3865.96	97.4862
3867.89	97.6132
3869.82	97.653
3871.75	97.4877
3873.68	97.3428
3875.61	97.3311
3877.54	97.3692
3879.47	97.3982
3881.4	97.3732
3883.33	97.2845
3885.25	97.2229
3887.18	97.2566
3889.11	97.3167
3891.04	97.319
3892.97	97.2579
3894.9	97.1807
3896.83	97.1383
3898.76	97.2161
3900.69	97.4709
3902.62	97.6748
3904.55	97.5287
3906.48	97.1801
3908.4	96.9698
3910.33	96.9334
3912.26	96.9416
3914.19	96.9652
3916.12	97.0567
3918.05	97.1951
3919.98	97.2905
3921.91	97.2927
3923.84	97.2047
3925.77	97.1341
3927.7	97.1845
3929.62	97.202
3931.55	97.0151
3933.48	96.8429
3935.41	96.9102
3937.34	96.9866
3939.27	96.9137
3941.2	96.9219
3943.13	97.1314
3945.06	97.2726
3946.99	97.2019
3948.92	97.0962
3950.85	97.09
3952.77	97.1004
3954.7	97.0349
3956.63	96.9758
3958.56	97.0189
3960.49	97.038
3962.42	96.9323
3964.35	96.9072
3966.28	97.0831
3968.21	97.2246
3970.14	97.1819
3972.07	97.1075
3973.99	97.0829
3975.92	97.0077
3977.85	96.8646
3979.78	96.7563
3981.71	96.7429
3983.64	96.7697
3985.57	96.7511
3987.5	96.721
3989.43	96.7592
3991.36	96.7912
3993.29	96.7234
3995.22	96.6631
3997.14	96.696
