499.643	79.6317
501.572	80.4735
503.501	80.2276
505.43	79.5883
507.36	79.2369
509.289	79.193
511.218	79.1457
513.147	78.7848
515.076	78.36
517.005	78.5236
518.934	79.1868
520.863	79.6449
522.792	79.9092
524.722	80.3395
526.651	80.876
528.58	81.4237
530.509	82.0266
532.438	82.5423
534.367	82.805
536.296	82.7816
538.225	82.5738
540.155	82.6067
542.084	83.1596
544.013	83.7441
545.942	83.9168
547.871	84.1039
549.8	84.6134
551.729	84.904
553.658	84.7481
555.588	84.7958
557.517	85.3155
559.446	85.7369
561.375	85.7973
563.304	85.8438
565.233	85.9714
567.162	85.9446
569.091	85.7571
571.021	85.6342
572.95	85.7122
574.879	85.9537
576.808	86.2459
578.737	86.4975
580.666	86.5769
582.595	86.3817
584.524	86.07
586.454	85.8762
588.383	85.8438
590.312	85.9426
592.241	86.0557
594.17	85.9864
596.099	85.8207
598.028	85.7918
599.957	85.812
601.887	85.707
603.816	85.6427
605.745	85.8581
607.674	86.3266
609.603	86.8372
611.532	87.1832
613.461	87.2911
615.39	87.2112
617.32	87.0786
619.249	87.1245
621.178	87.3918
623.107	87.5871
625.036	87.5443
626.965	87.4535
628.894	87.4198
630.823	87.3432
632.753	87.2331
634.682	87.1334
636.611	86.968
638.54	86.7512
640.469	86.5969
642.398	86.4932
644.327	86.3809
646.256	86.2528
648.186	86.0362
650.115	85.688
652.044	85.392
653.973	85.3691
655.902	85.5947
657.831	85.8345
659.76	85.9786
661.689	86.1533
663.619	86.5231
665.548	87.2049
667.477	88.233
669.406	88.8551
671.335	88.8202
673.264	88.9332
675.193	89.3309
677.122	89.6905
679.052	89.886
680.981	90.0462
682.91	90.1006
684.839	89.9904
686.768	89.8994
688.697	89.899
690.626	89.8496
692.555	89.7442
694.485	89.6892
696.414	89.6365
698.343	89.5225
700.272	89.446
702.201	89.4635
704.13	89.4814
706.059	89.4193
707.988	89.2948
709.917	89.1854
711.847	89.1538
713.776	89.1877
715.705	89.2569
717.634	89.3543
719.563	89.4145
721.492	89.36
723.421	89.2157
725.35	89.0097
727.28	88.7276
729.209	88.4015
731.138	88.0209
733.067	87.4879
734.996	86.8485
736.925	86.312
738.854	85.9197
740.783	85.4531
742.713	84.7657
744.642	84.0357
746.571	83.5974
748.5	83.6225
750.429	84.0599
752.358	84.7661
754.287	85.5481
756.216	86.199
758.146	86.65
760.075	86.9709
762.004	87.1512
763.933	87.0946
765.862	86.8399
767.791	86.4994
769.72	86.0097
771.649	85.1788
773.579	83.864
775.508	81.9396
777.437	79.2331
779.366	75.6437
781.295	71.3986
783.224	67.257
785.153	64.292
787.082	63.2855
789.012	64.4394
790.941	67.5562
792.87	72.0265
794.799	76.7318
796.728	80.5281
798.657	82.9148
800.586	84.0758
802.515	84.4163
804.445	84.2203
806.374	83.6178
808.303	82.6469
810.232	81.372
812.161	80.0851
814.09	79.2846
816.019	79.2916
817.948	79.9864
819.878	81.0013
821.807	82.0366
823.736	82.9136
825.665	83.5042
827.594	83.781
829.523	83.8317
831.452	83.7054
833.381	83.3515
835.311	82.7435
837.24	81.8956
839.169	80.763
841.098	79.3171
843.027	77.7129
844.956	76.2428
846.885	75.1284
848.814	74.3909
850.744	73.8645
852.673	73.3313
854.602	72.6708
856.531	71.9084
858.46	71.1807
860.389	70.6516
862.318	70.4111
864.247	70.461
866.177	70.7839
868.106	71.3401
870.035	72.0087
871.964	72.6334
873.893	73.128
875.822	73.4741
877.751	73.6698
879.68	73.7607
881.609	73.8497
883.539	74.0153
885.468	74.265
887.397	74.5593
889.326	74.8363
891.255	75.0431
893.184	75.1605
895.113	75.1922
897.042	75.1816
898.972	75.234
900.901	75.4697
902.83	75.9717
904.759	76.7822
906.688	77.8734
908.617	79.1199
910.546	80.333
912.475	81.304
914.405	81.8427
916.334	81.864
918.263	81.4393
920.192	80.7145
922.121	79.7911
924.05	78.7058
925.979	77.4875
927.908	76.18
929.838	74.7988
931.767	73.3178
933.696	71.7384
935.625	70.1607
937.554	68.7547
939.483	67.6625
941.412	66.9374
943.341	66.537
945.271	66.3422
947.2	66.251
949.129	66.3095
951.058	66.6695
952.987	67.3822
954.916	68.3138
956.845	69.2722
958.774	70.1492
960.704	70.9337
962.633	71.6619
964.562	72.4079
966.491	73.2616
968.42	74.227
970.349	75.1871
972.278	76.0152
974.207	76.6439
976.137	77.0306
978.066	77.1614
979.995	77.0562
981.924	76.718
983.853	76.1426
985.782	75.3837
987.711	74.5635
989.64	73.8563
991.57	73.4256
993.499	73.26
995.428	73.1137
997.357	72.7011
999.286	71.9019
1001.22	70.7604
1003.14	69.3952
1005.07	67.9557
1007	66.6097
1008.93	65.506
1010.86	64.6867
1012.79	63.9996
1014.72	63.1481
1016.65	61.8948
1018.58	60.2177
1020.51	58.279
1022.44	56.2998
1024.36	54.5091
1026.29	53.1962
1028.22	52.6481
1030.15	52.8663
1032.08	53.4658
1034.01	54.0506
1035.94	54.5646
1037.87	55.1469
1039.8	55.8666
1041.73	56.7494
1043.66	57.8718
1045.58	59.3097
1047.51	61.0594
1049.44	62.9918
1051.37	64.8522
1053.3	66.3735
1055.23	67.4293
1057.16	68.0831
1059.09	68.5105
1061.02	68.8288
1062.95	68.9519
1064.88	68.6873
1066.81	68.0361
1068.73	67.3264
1070.66	66.994
1072.59	67.2677
1074.52	68.0579
1076.45	69.0928
1078.38	70.1353
1080.31	71.0708
1082.24	71.8331
1084.17	72.3443
1086.1	72.5456
1088.03	72.4273
1089.95	72.0162
1091.88	71.3529
1093.81	70.4821
1095.74	69.4725
1097.67	68.4277
1099.6	67.4302
1101.53	66.4757
1103.46	65.483
1105.39	64.3719
1107.32	63.1489
1109.25	61.9071
1111.18	60.73
1113.1	59.6507
1115.03	58.7028
1116.96	57.8899
1118.89	57.1067
1120.82	56.2152
1122.75	55.1815
1124.68	54.0485
1126.61	52.8411
1128.54	51.5871
1130.47	50.3556
1132.4	49.1934
1134.32	48.0881
1136.25	47.0359
1138.18	46.075
1140.11	45.2426
1142.04	44.5706
1143.97	44.0939
1145.9	43.8098
1147.83	43.6878
1149.76	43.7198
1151.69	43.8971
1153.62	44.1892
1155.55	44.5927
1157.47	45.1225
1159.4	45.7536
1161.33	46.4523
1163.26	47.2418
1165.19	48.178
1167.12	49.2907
1169.05	50.5776
1170.98	52.0239
1172.91	53.5959
1174.84	55.2381
1176.77	56.9075
1178.69	58.5805
1180.62	60.2089
1182.55	61.7277
1184.48	63.1206
1186.41	64.4133
1188.34	65.599
1190.27	66.6442
1192.2	67.57
1194.13	68.4506
1196.06	69.3078
1197.99	70.074
1199.91	70.6731
1201.84	71.0649
1203.77	71.2017
1205.7	71.0261
1207.63	70.5152
1209.56	69.6612
1211.49	68.4435
1213.42	66.8722
1215.35	64.9922
1217.28	62.8373
1219.21	60.4658
1221.14	57.992
1223.06	55.5029
1224.99	53.023
1226.92	50.5866
1228.85	48.2656
1230.78	46.139
1232.71	44.2893
1234.64	42.7944
1236.57	41.6799
1238.5	40.8961
1240.43	40.3442
1242.36	39.9028
1244.28	39.4614
1246.21	38.9622
1248.14	38.403
1250.07	37.8143
1252	37.2593
1253.93	36.8355
1255.86	36.6641
1257.79	36.854
1259.72	37.4393
1261.65	38.3851
1263.58	39.6612
1265.51	41.2337
1267.43	43.0177
1269.36	44.9195
1271.29	46.8684
1273.22	48.7999
1275.15	50.6747
1277.08	52.4802
1279.01	54.2159
1280.94	55.9099
1282.87	57.579
1284.8	59.1922
1286.73	60.7389
1288.65	62.2377
1290.58	63.6579
1292.51	64.9579
1294.44	66.1612
1296.37	67.3366
1298.3	68.5907
1300.23	70.0596
1302.16	71.8107
1304.09	73.7965
1306.02	75.8935
1307.95	77.8992
1309.87	79.5791
1311.8	80.78
1313.73	81.4436
1315.66	81.5705
1317.59	81.2397
1319.52	80.6977
1321.45	80.3659
1323.38	80.5591
1325.31	81.2795
1327.24	82.3003
1329.17	83.3255
1331.1	84.1108
1333.02	84.5413
1334.95	84.7135
1336.88	84.8184
1338.81	84.9593
1340.74	85.192
1342.67	85.5654
1344.6	86.0545
1346.53	86.5727
1348.46	86.9688
1350.39	87.0465
1352.32	86.7167
1354.24	86.0468
1356.17	85.2661
1358.1	84.699
1360.03	84.4049
1361.96	84.0644
1363.89	83.4413
1365.82	82.6383
1367.75	81.6299
1369.68	80.4166
1371.61	79.3048
1373.54	78.4373
1375.47	77.6988
1377.39	77.1312
1379.32	76.8371
1381.25	76.8139
1383.18	77.0528
1385.11	77.6234
1387.04	78.5804
1388.97	79.5884
1390.9	80.2628
1392.83	80.6429
1394.76	80.7396
1396.69	80.4173
1398.61	79.7458
1400.54	79.0796
1402.47	78.7282
1404.4	78.7443
1406.33	79.0621
1408.26	79.6026
1410.19	80.3877
1412.12	81.4227
1414.05	82.4773
1415.98	83.4642
1417.91	84.5393
1419.83	85.5353
1421.76	86.0898
1423.69	86.2099
1425.62	86.0691
1427.55	85.7898
1429.48	85.1509
1431.41	84.031
1433.34	82.8375
1435.27	81.5818
1437.2	79.9205
1439.13	78.3282
1441.06	77.2056
1442.98	76.3341
1444.91	75.6779
1446.84	75.2408
1448.77	74.8544
1450.7	74.6145
1452.63	74.7891
1454.56	75.4482
1456.49	76.6409
1458.42	77.8997
1460.35	78.7217
1462.28	79.5966
1464.2	80.8507
1466.13	82.1601
1468.06	83.1464
1469.99	84.1318
1471.92	85.3085
1473.85	86.1871
1475.78	86.5706
1477.71	86.9244
1479.64	87.3571
1481.57	87.7926
1483.5	88.2156
1485.43	88.6945
1487.35	89.3965
1489.28	90.3648
1491.21	91.2042
1493.14	91.8242
1495.07	92.5376
1497	93.3321
1498.93	93.8261
1500.86	94.0709
1502.79	94.3969
1504.72	94.9135
1506.65	95.4651
1508.57	95.4971
1510.5	95.2469
1512.43	95.156
1514.36	95.2955
1516.29	95.5999
1518.22	95.9098
1520.15	96.1134
1522.08	96.1481
1524.01	96.0357
1525.94	95.8321
1527.87	95.6319
1529.8	95.582
1531.72	95.7106
1533.65	95.8649
1535.58	95.9299
1537.51	96.1089
1539.44	96.5631
1541.37	96.7789
1543.3	96.3637
1545.23	95.9451
1547.16	95.7713
1549.09	95.7887
1551.02	95.8567
1552.94	95.8858
1554.87	95.9941
1556.8	96.3461
1558.73	96.6239
1560.66	96.2137
1562.59	95.7315
1564.52	95.513
1566.45	95.5175
1568.38	95.5975
1570.31	95.49
1572.24	95.283
1574.16	95.2505
1576.09	95.3149
1578.02	95.156
1579.95	94.916
1581.88	94.8401
1583.81	94.8911
1585.74	94.9528
1587.67	95.0116
1589.6	95.0896
1591.53	95.163
1593.46	95.2113
1595.39	95.2118
1597.31	95.1475
1599.24	95.074
1601.17	95.049
1603.1	95.0299
1605.03	94.9805
1606.96	94.9594
1608.89	94.9382
1610.82	94.8186
1612.75	94.7246
1614.68	94.7777
1616.61	94.7238
1618.53	94.3777
1620.46	94.0801
1622.39	93.8695
1624.32	93.5527
1626.25	93.1536
1628.18	92.6643
1630.11	92.0805
1632.04	91.669
1633.97	91.5077
1635.9	91.2303
1637.83	90.8226
1639.76	90.9336
1641.68	91.6041
1643.61	92.5422
1645.54	93.5589
1647.47	94.2514
1649.4	94.4198
1651.33	94.5766
1653.26	94.8595
1655.19	94.6385
1657.12	94.2253
1659.05	94.061
1660.98	94.0749
1662.9	93.9623
1664.83	93.6854
1666.76	93.5754
1668.69	93.6867
1670.62	93.6413
1672.55	93.3532
1674.48	93.0299
1676.41	92.5886
1678.34	92.1693
1680.27	91.9835
1682.2	91.8557
1684.12	91.5005
1686.05	90.9391
1687.98	90.2509
1689.91	89.4654
1691.84	88.6626
1693.77	87.722
1695.7	86.569
1697.63	85.2032
1699.56	83.1532
1701.49	80.5301
1703.42	78.013
1705.35	75.1443
1707.27	71.551
1709.2	67.9309
1711.13	64.6541
1713.06	61.6025
1714.99	58.9837
1716.92	56.607
1718.85	54.2466
1720.78	52.8053
1722.71	52.3612
1724.64	52.3966
1726.57	52.8315
1728.49	53.6434
1730.42	54.5695
1732.35	55.4052
1734.28	55.752
1736.21	55.5176
1738.14	55.1959
1740.07	54.8158
1742	54.3522
1743.93	54.2789
1745.86	54.7933
1747.79	55.8742
1749.72	57.729
1751.64	59.9477
1753.57	62.1247
1755.5	64.7832
1757.43	68.0819
1759.36	71.5099
1761.29	75.0134
1763.22	78.5529
1765.15	81.5502
1767.08	84.044
1769.01	86.4658
1770.94	88.6588
1772.86	90.3005
1774.79	91.4919
1776.72	92.322
1778.65	92.9402
1780.58	93.5212
1782.51	93.949
1784.44	94.2188
1786.37	94.55
1788.3	94.9132
1790.23	95.2348
1792.16	95.5266
1794.08	95.5988
1796.01	95.5194
1797.94	95.5966
1799.87	95.7972
1801.8	95.8855
1803.73	95.8687
1805.66	95.8446
1807.59	95.8619
1809.52	95.9544
1811.45	96.0263
1813.38	96.0219
1815.31	96.0477
1817.23	96.1253
1819.16	96.2138
1821.09	96.3266
1823.02	96.4228
1824.95	96.4917
1826.88	96.6327
1828.81	96.7858
1830.74	96.7728
1832.67	96.6664
1834.6	96.6483
1836.53	96.7214
1838.45	96.7829
1840.38	96.8142
1842.31	96.9645
1844.24	97.265
1846.17	97.3798
1848.1	97.2242
1850.03	97.0975
1851.96	97.0988
1853.89	97.1076
1855.82	97.1086
1857.75	97.1902
1859.68	97.2972
1861.6	97.2753
1863.53	97.1881
1865.46	97.2911
1867.39	97.6088
1869.32	97.8133
1871.25	97.7679
1873.18	97.678
1875.11	97.5989
1877.04	97.5268
1878.97	97.5485
1880.9	97.6621
1882.82	97.7751
1884.75	97.8412
1886.68	97.8392
1888.61	97.7638
1890.54	97.6785
1892.47	97.6551
1894.4	97.7218
1896.33	97.8934
1898.26	98.1202
1900.19	98.2813
1902.12	98.3156
1904.05	98.3053
1905.97	98.3563
1907.9	98.4066
1909.83	98.3401
1911.76	98.2472
1913.69	98.2883
1915.62	98.418
1917.55	98.4737
1919.48	98.4169
1921.41	98.3876
1923.34	98.4741
1925.27	98.5688
1927.19	98.539
1929.12	98.4663
1931.05	98.531
1932.98	98.7064
1934.91	98.7684
1936.84	98.6998
1938.77	98.7814
1940.7	99.0975
1942.63	99.3021
1944.56	99.1791
1946.49	99.0314
1948.41	99.1122
1950.34	99.3142
1952.27	99.4363
1954.2	99.4047
1956.13	99.3215
1958.06	99.38
1959.99	99.5877
1961.92	99.7201
1963.85	99.7031
1965.78	99.7106
1967.71	99.7784
1969.64	99.7897
1971.56	99.8396
1973.49	100.006
1975.42	100.031
1977.35	99.8622
1979.28	99.905
1981.21	100.202
1983.14	100.317
1985.07	100.173
1987	100.058
1988.93	100.021
1990.86	99.9688
1992.78	99.9272
1994.71	99.9142
1996.64	99.8929
1998.57	99.8773
2000.5	99.9219
2002.43	100.029
2004.36	100.085
2006.29	100.027
2008.22	99.9902
2010.15	100.068
2012.08	100.196
2014.01	100.366
2015.93	100.557
2017.86	100.634
2019.79	100.608
2021.72	100.588
2023.65	100.525
2025.58	100.391
2027.51	100.273
2029.44	100.212
2031.37	100.223
2033.3	100.298
2035.23	100.349
2037.15	100.377
2039.08	100.442
2041.01	100.449
2042.94	100.315
2044.87	100.17
2046.8	100.184
2048.73	100.349
2050.66	100.451
2052.59	100.296
2054.52	100.036
2056.45	99.9485
2058.37	99.9851
2060.3	99.9509
2062.23	99.8946
2064.16	99.8782
2066.09	99.7946
2068.02	99.71
2069.95	99.8364
2071.88	100.046
2073.81	99.9801
2075.74	99.6389
2077.67	99.3547
2079.6	99.2594
2081.52	99.2384
2083.45	99.2254
2085.38	99.2179
2087.31	99.1916
2089.24	99.186
2091.17	99.2992
2093.1	99.5132
2095.03	99.6519
2096.96	99.5655
2098.89	99.315
2100.82	99.1004
2102.74	99.032
2104.67	99.0814
2106.6	99.195
2108.53	99.2885
2110.46	99.2214
2112.39	98.9966
2114.32	98.8556
2116.25	98.9525
2118.18	99.1285
2120.11	99.1971
2122.04	99.1784
2123.97	99.1256
2125.89	99.092
2127.82	99.2274
2129.75	99.4775
2131.68	99.4981
2133.61	99.3167
2135.54	99.4348
2137.47	99.8852
2139.4	100.102
2141.33	99.9392
2143.26	99.7985
2145.19	99.8402
2147.11	99.9334
2149.04	100.043
2150.97	100.145
2152.9	100.216
2154.83	100.344
2156.76	100.423
2158.69	100.287
2160.62	100.256
2162.55	100.587
2164.48	100.745
2166.41	100.342
2168.33	99.9012
2170.26	99.8155
2172.19	99.759
2174.12	99.623
2176.05	99.7551
2177.98	100.092
2179.91	100.2
2181.84	100.1
2183.77	100.147
2185.7	100.31
2187.63	100.279
2189.56	100.03
2191.48	99.8229
2193.41	99.8804
2195.34	100.185
2197.27	100.43
2199.2	100.365
2201.13	100.188
2203.06	100.179
2204.99	100.18
2206.92	99.95
2208.85	99.6397
2210.78	99.4908
2212.7	99.5044
2214.63	99.5467
2216.56	99.5272
2218.49	99.5264
2220.42	99.7174
2222.35	100.016
2224.28	100.087
2226.21	99.8594
2228.14	99.6282
2230.07	99.5584
2232	99.5274
2233.93	99.4878
2235.85	99.5563
2237.78	99.7066
2239.71	99.7706
2241.64	99.7411
2243.57	99.7462
2245.5	99.7978
2247.43	99.798
2249.36	99.7164
2251.29	99.6518
2253.22	99.6784
2255.15	99.6891
2257.07	99.5959
2259	99.5388
2260.93	99.5889
2262.86	99.5721
2264.79	99.4493
2266.72	99.4002
2268.65	99.4455
2270.58	99.4502
2272.51	99.3815
2274.44	99.2955
2276.37	99.2459
2278.29	99.2223
2280.22	99.1506
2282.15	99.0916
2284.08	99.175
2286.01	99.2405
2287.94	99.0627
2289.87	98.8646
2291.8	98.974
2293.73	99.2395
2295.66	99.3794
2297.59	99.4773
2299.52	99.6508
2301.44	99.7493
2303.37	99.7114
2305.3	99.7571
2307.23	100.061
2309.16	100.543
2311.09	100.998
2313.02	101.306
2314.95	101.499
2316.88	101.703
2318.81	102.069
2320.74	102.663
2322.66	103.28
2324.59	103.694
2326.52	104.073
2328.45	104.623
2330.38	105.129
2332.31	105.298
2334.24	105.304
2336.17	105.432
2338.1	105.681
2340.03	105.937
2341.96	106.079
2343.89	105.675
2345.81	104.483
2347.74	103.349
2349.67	103.109
2351.6	104.118
2353.53	106.143
2355.46	107.904
2357.39	108.759
2359.32	109.184
2361.25	109.052
2363.18	108.317
2365.11	107.383
2367.03	106.352
2368.96	105.157
2370.89	103.888
2372.82	102.66
2374.75	101.451
2376.68	100.254
2378.61	99.2512
2380.54	98.6169
2382.47	98.265
2384.4	97.9905
2386.33	97.7642
2388.26	97.7035
2390.18	97.7763
2392.11	97.7374
2394.04	97.4724
2395.97	97.2003
2397.9	97.1564
2399.83	97.275
2401.76	97.3664
2403.69	97.4184
2405.62	97.5337
2407.55	97.6802
2409.48	97.7092
2411.4	97.6255
2413.33	97.6132
2415.26	97.7169
2417.19	97.7788
2419.12	97.7537
2421.05	97.756
2422.98	97.8149
2424.91	97.8866
2426.84	97.9627
2428.77	97.9861
2430.7	97.8966
2432.62	97.7898
2434.55	97.797
2436.48	97.8845
2438.41	97.9427
2440.34	97.9777
2442.27	98.0807
2444.2	98.2285
2446.13	98.2577
2448.06	98.137
2449.99	98.0879
2451.92	98.2591
2453.85	98.4829
2455.77	98.5081
2457.7	98.2928
2459.63	98.0028
2461.56	97.8581
2463.49	97.9504
2465.42	98.1538
2467.35	98.2882
2469.28	98.2983
2471.21	98.2087
2473.14	98.0784
2475.07	98.0095
2476.99	98.0442
2478.92	98.1334
2480.85	98.2566
2482.78	98.3933
2484.71	98.4407
2486.64	98.3452
2488.57	98.1881
2490.5	98.0711
2492.43	98.047
2494.36	98.1037
2496.29	98.1432
2498.22	98.0983
2500.14	98.0558
2502.07	98.1357
2504	98.2977
2505.93	98.3713
2507.86	98.268
2509.79	98.0775
2511.72	97.9238
2513.65	97.8536
2515.58	97.8833
2517.51	98.0002
2519.44	98.1384
2521.36	98.2487
2523.29	98.2913
2525.22	98.1952
2527.15	97.9874
2529.08	97.8391
2531.01	97.8561
2532.94	97.9655
2534.87	98.0507
2536.8	98.0886
2538.73	98.1316
2540.66	98.1847
2542.58	98.1681
2544.51	98.0467
2546.44	97.8945
2548.37	97.8006
2550.3	97.7906
2552.23	97.8041
2554.16	97.7515
2556.09	97.6599
2558.02	97.6517
2559.95	97.7334
2561.88	97.7985
2563.81	97.8156
2565.73	97.8
2567.66	97.7223
2569.59	97.6186
2571.52	97.589
2573.45	97.6097
2575.38	97.6131
2577.31	97.6752
2579.24	97.8161
2581.17	97.8605
2583.1	97.7662
2585.03	97.7043
2586.95	97.7073
2588.88	97.6783
2590.81	97.6293
2592.74	97.5608
2594.67	97.414
2596.6	97.2951
2598.53	97.3824
2600.46	97.6242
2602.39	97.7668
2604.32	97.6529
2606.25	97.4405
2608.18	97.4046
2610.1	97.4934
2612.03	97.4427
2613.96	97.2928
2615.89	97.2371
2617.82	97.1991
2619.75	97.0854
2621.68	97.0246
2623.61	97.0586
2625.54	97.0906
2627.47	97.1264
2629.4	97.1775
2631.32	97.1636
2633.25	97.0824
2635.18	96.9908
2637.11	96.8813
2639.04	96.7769
2640.97	96.7594
2642.9	96.829
2644.83	96.8924
2646.76	96.8736
2648.69	96.774
2650.62	96.6579
2652.54	96.5696
2654.47	96.4953
2656.4	96.4481
2658.33	96.4707
2660.26	96.5224
2662.19	96.5122
2664.12	96.4418
2666.05	96.3842
2667.98	96.3627
2669.91	96.3467
2671.84	96.3264
2673.77	96.3189
2675.69	96.3132
2677.62	96.2765
2679.55	96.2199
2681.48	96.1882
2683.41	96.2002
2685.34	96.2565
2687.27	96.3418
2689.2	96.382
2691.13	96.3121
2693.06	96.185
2694.99	96.1098
2696.91	96.1261
2698.84	96.1905
2700.77	96.2158
2702.7	96.1491
2704.63	96.0592
2706.56	96.0531
2708.49	96.103
2710.42	96.0952
2712.35	96.0229
2714.28	95.9808
2716.21	95.9949
2718.14	95.9992
2720.06	95.976
2721.99	95.987
2723.92	96.0249
2725.85	95.9781
2727.78	95.826
2729.71	95.7018
2731.64	95.6754
2733.57	95.6825
2735.5	95.7022
2737.43	95.745
2739.36	95.727
2741.28	95.6328
2743.21	95.6156
2745.14	95.7092
2747.07	95.7499
2749	95.6943
2750.93	95.6708
2752.86	95.7271
2754.79	95.7969
2756.72	95.8196
2758.65	95.7736
2760.58	95.6908
2762.51	95.6187
2764.43	95.5664
2766.36	95.5567
2768.29	95.6079
2770.22	95.6417
2772.15	95.5933
2774.08	95.5184
2776.01	95.4603
2777.94	95.398
2779.87	95.3359
2781.8	95.2729
2783.73	95.2028
2785.65	95.1848
2787.58	95.233
2789.51	95.2564
2791.44	95.2341
2793.37	95.2179
2795.3	95.1901
2797.23	95.1637
2799.16	95.2214
2801.09	95.3002
2803.02	95.2554
2804.95	95.1292
2806.87	95.0254
2808.8	94.9113
2810.73	94.7915
2812.66	94.7476
2814.59	94.7147
2816.52	94.5857
2818.45	94.4586
2820.38	94.4287
2822.31	94.356
2824.24	94.1317
2826.17	93.8893
2828.1	93.7393
2830.02	93.5874
2831.95	93.3374
2833.88	93.0397
2835.81	92.782
2837.74	92.5912
2839.67	92.4366
2841.6	92.2739
2843.53	92.1163
2845.46	91.9969
2847.39	91.8311
2849.32	91.4986
2851.24	91.0701
2853.17	90.6865
2855.1	90.2695
2857.03	89.6563
2858.96	88.922
2860.89	88.297
2862.82	87.8394
2864.75	87.4316
2866.68	87.0436
2868.61	86.7397
2870.54	86.4804
2872.47	86.2192
2874.39	86.091
2876.32	86.2258
2878.25	86.5646
2880.18	87.0091
2882.11	87.4766
2884.04	87.8328
2885.97	88.0285
2887.9	88.1181
2889.83	88.0945
2891.76	87.985
2893.69	87.9103
2895.61	87.8615
2897.54	87.7773
2899.47	87.7504
2901.4	87.7734
2903.33	87.6647
2905.26	87.4887
2907.19	87.4661
2909.12	87.4873
2911.05	87.3205
2912.98	87.0536
2914.91	86.8523
2916.83	86.6364
2918.76	86.2902
2920.69	85.8768
2922.62	85.497
2924.55	85.1208
2926.48	84.6453
2928.41	84.1071
2930.34	83.7106
2932.27	83.5741
2934.2	83.6419
2936.13	83.8636
2938.06	84.1838
2939.98	84.4377
2941.91	84.5545
2943.84	84.6615
2945.77	84.78
2947.7	84.7239
2949.63	84.3823
2951.56	83.8156
2953.49	83.1221
2955.42	82.4521
2957.35	82.0261
2959.28	81.975
2961.2	82.2762
2963.13	82.89
2965.06	83.8137
2966.99	84.9452
2968.92	86.0444
2970.85	86.9707
2972.78	87.8442
2974.71	88.7722
2976.64	89.5667
2978.57	90.0195
2980.5	90.2875
2982.43	90.6616
2984.35	91.1295
2986.28	91.4881
2988.21	91.6987
2990.14	91.8508
2992.07	91.9718
2994	92.0699
2995.93	92.1902
2997.86	92.3572
2999.79	92.6012
3001.72	92.9651
3003.65	93.37
3005.57	93.6296
3007.5	93.694
3009.43	93.7108
3011.36	93.8015
3013.29	93.948
3015.22	94.124
3017.15	94.3678
3019.08	94.6675
3021.01	94.9107
3022.94	95.0158
3024.87	95.0247
3026.79	95.0412
3028.72	95.114
3030.65	95.1848
3032.58	95.208
3034.51	95.2869
3036.44	95.5068
3038.37	95.7186
3040.3	95.7723
3042.23	95.7729
3044.16	95.7857
3046.09	95.6747
3048.02	95.5005
3049.94	95.5333
3051.87	95.7321
3053.8	95.8185
3055.73	95.7775
3057.66	95.7588
3059.59	95.788
3061.52	95.8864
3063.45	96.044
3065.38	96.0972
3067.31	96.0279
3069.24	96.0051
3071.16	95.9569
3073.09	95.7538
3075.02	95.6597
3076.95	95.8725
3078.88	96.0584
3080.81	95.9559
3082.74	95.8318
3084.67	95.92
3086.6	96.0648
3088.53	96.1384
3090.46	96.2322
3092.39	96.3284
3094.31	96.262
3096.24	96.0713
3098.17	95.9709
3100.1	95.9619
3102.03	95.899
3103.96	95.8243
3105.89	95.8176
3107.82	95.7962
3109.75	95.794
3111.68	95.9662
3113.61	96.1497
3115.53	96.0386
3117.46	95.7787
3119.39	95.745
3121.32	95.9258
3123.25	96.0173
3125.18	95.8859
3127.11	95.693
3129.04	95.6712
3130.97	95.8214
3132.9	95.9295
3134.83	95.9324
3136.75	95.9498
3138.68	95.9568
3140.61	95.8858
3142.54	95.8551
3144.47	95.8962
3146.4	95.8247
3148.33	95.621
3150.26	95.5033
3152.19	95.5838
3154.12	95.782
3156.05	95.9795
3157.98	96.072
3159.9	95.9994
3161.83	95.8115
3163.76	95.6274
3165.69	95.512
3167.62	95.462
3169.55	95.4803
3171.48	95.533
3173.41	95.5051
3175.34	95.3593
3177.27	95.2026
3179.2	95.1222
3181.12	95.1466
3183.05	95.2895
3184.98	95.4442
3186.91	95.4539
3188.84	95.3603
3190.77	95.289
3192.7	95.2205
3194.63	95.1269
3196.56	95.0796
3198.49	95.1115
3200.42	95.1981
3202.35	95.2871
3204.27	95.2686
3206.2	95.1462
3208.13	95.0907
3210.06	95.0893
3211.99	94.9084
3213.92	94.5546
3215.85	94.3092
3217.78	94.3154
3219.71	94.508
3221.64	94.7625
3223.57	94.9233
3225.49	94.9041
3227.42	94.7731
3229.35	94.6635
3231.28	94.6578
3233.21	94.6627
3235.14	94.5092
3237.07	94.3369
3239	94.4102
3240.93	94.5202
3242.86	94.3653
3244.79	94.2018
3246.72	94.2592
3248.64	94.309
3250.57	94.3304
3252.5	94.4905
3254.43	94.5182
3256.36	94.2134
3258.29	93.9931
3260.22	94.1043
3262.15	94.1842
3264.08	94.0164
3266.01	93.8831
3267.94	93.9737
3269.86	94.0547
3271.79	93.9045
3273.72	93.6991
3275.65	93.6821
3277.58	93.7346
3279.51	93.657
3281.44	93.5459
3283.37	93.5449
3285.3	93.602
3287.23	93.6527
3289.16	93.703
3291.08	93.7236
3293.01	93.6993
3294.94	93.6853
3296.87	93.6911
3298.8	93.6212
3300.73	93.4191
3302.66	93.2067
3304.59	93.1575
3306.52	93.2467
3308.45	93.301
3310.38	93.2706
3312.31	93.2307
3314.23	93.2015
3316.16	93.1828
3318.09	93.1913
3320.02	93.1664
3321.95	93.0728
3323.88	93.0269
3325.81	93.0822
3327.74	93.1137
3329.67	93.0814
3331.6	93.0987
3333.53	93.1736
3335.45	93.1726
3337.38	93.0401
3339.31	92.8877
3341.24	92.8795
3343.17	93.0264
3345.1	93.1243
3347.03	93.0526
3348.96	92.986
3350.89	93.0642
3352.82	93.1482
3354.75	93.1222
3356.68	93.085
3358.6	93.0944
3360.53	93.0492
3362.46	92.9199
3364.39	92.826
3366.32	92.8525
3368.25	92.9774
3370.18	93.1295
3372.11	93.2023
3374.04	93.1407
3375.97	93.0466
3377.9	93.0499
3379.82	93.1567
3381.75	93.2944
3383.68	93.3675
3385.61	93.3136
3387.54	93.1929
3389.47	93.1164
3391.4	93.145
3393.33	93.2908
3395.26	93.4558
3397.19	93.4792
3399.12	93.3816
3401.04	93.3218
3402.97	93.3265
3404.9	93.3448
3406.83	93.4002
3408.76	93.4719
3410.69	93.4805
3412.62	93.4637
3414.55	93.5166
3416.48	93.6281
3418.41	93.7462
3420.34	93.853
3422.27	93.9245
3424.19	93.9527
3426.12	93.9447
3428.05	93.8649
3429.98	93.7056
3431.91	93.5328
3433.84	93.3949
3435.77	93.3532
3437.7	93.5372
3439.63	93.9475
3441.56	94.3366
3443.49	94.4775
3445.41	94.4032
3447.34	94.2657
3449.27	94.1314
3451.2	93.9896
3453.13	93.8598
3455.06	93.8016
3456.99	93.8426
3458.92	93.9615
3460.85	94.1113
3462.78	94.2094
3464.71	94.2145
3466.64	94.2053
3468.56	94.2875
3470.49	94.4829
3472.42	94.6665
3474.35	94.6127
3476.28	94.3788
3478.21	94.3868
3480.14	94.7075
3482.07	94.8779
3484	94.7858
3485.93	94.8069
3487.86	94.9567
3489.78	94.983
3491.71	94.9141
3493.64	94.8204
3495.57	94.7097
3497.5	94.7726
3499.43	95.0246
3501.36	95.1928
3503.29	95.3299
3505.22	95.6618
3507.15	95.8644
3509.08	95.5509
3511	95.0358
3512.93	94.8347
3514.86	94.9155
3516.79	95.0061
3518.72	95.0138
3520.65	94.9805
3522.58	94.9873
3524.51	95.0427
3526.44	95.0233
3528.37	94.9148
3530.3	94.851
3532.23	94.8272
3534.15	94.7872
3536.08	94.7917
3538.01	94.8074
3539.94	94.7999
3541.87	94.9626
3543.8	95.2266
3545.73	95.1126
3547.66	94.7591
3549.59	94.8417
3551.52	95.1952
3553.45	95.1836
3555.37	94.9011
3557.3	94.7714
3559.23	94.8164
3561.16	95.037
3563.09	95.4068
3565.02	95.6036
3566.95	95.5322
3568.88	95.6135
3570.81	95.8059
3572.74	95.6975
3574.67	95.3531
3576.6	95.2108
3578.52	95.4802
3580.45	95.9368
3582.38	96.2136
3584.31	96.2398
3586.24	96.2694
3588.17	96.4066
3590.1	96.4468
3592.03	96.3544
3593.96	96.2411
3595.89	96.2457
3597.82	96.5269
3599.74	96.9533
3601.67	97.1432
3603.6	97.0535
3605.53	96.9821
3607.46	96.9872
3609.39	96.9468
3611.32	96.8942
3613.25	96.9027
3615.18	96.9823
3617.11	97.1573
3619.04	97.4048
3620.97	97.5929
3622.89	97.6061
3624.82	97.5119
3626.75	97.4861
3628.68	97.5747
3630.61	97.4762
3632.54	97.2307
3634.47	97.1577
3636.4	97.1665
3638.33	97.014
3640.26	96.8565
3642.19	96.9722
3644.11	97.2872
3646.04	97.6061
3647.97	97.8771
3649.9	97.9296
3651.83	97.7547
3653.76	97.6583
3655.69	97.6608
3657.62	97.586
3659.55	97.4088
3661.48	97.2789
3663.41	97.2935
3665.33	97.4505
3667.26	97.6425
3669.19	97.7045
3671.12	97.7346
3673.05	98.134
3674.98	98.707
3676.91	98.5714
3678.84	97.9199
3680.77	97.6202
3682.7	97.5473
3684.63	97.3693
3686.56	97.381
3688.48	97.9735
3690.41	98.479
3692.34	98.1379
3694.27	97.5439
3696.2	97.1397
3698.13	96.9161
3700.06	96.9626
3701.99	97.3671
3703.92	97.7902
3705.85	97.9562
3707.78	98.0562
3709.7	98.1853
3711.63	98.0921
3713.56	97.7913
3715.49	97.6593
3717.42	97.7527
3719.35	97.8764
3721.28	97.8997
3723.21	97.9835
3725.14	98.2515
3727.07	98.4114
3729	98.3396
3730.93	98.4717
3732.85	99.048
3734.78	99.3872
3736.71	98.8452
3738.64	98.2709
3740.57	98.2089
3742.5	98.3586
3744.43	98.4357
3746.36	98.4463
3748.29	98.4476
3750.22	98.3123
3752.15	98.0272
3754.07	97.8524
3756	97.7896
3757.93	97.6778
3759.86	97.5089
3761.79	97.4085
3763.72	97.3753
3765.65	97.3769
3767.58	97.5034
3769.51	97.7214
3771.44	97.7516
3773.37	97.5524
3775.29	97.3831
3777.22	97.3206
3779.15	97.2771
3781.08	97.2634
3783.01	97.2674
3784.94	97.2013
3786.87	97.1699
3788.8	97.2905
3790.73	97.405
3792.66	97.4422
3794.59	97.5591
3796.52	97.7017
3798.44	97.6642
3800.37	97.5683
3802.3	97.5719
3804.23	97.5679
3806.16	97.5986
3808.09	97.6595
3810.02	97.5036
3811.95	97.2804
3813.88	97.3659
3815.81	97.7078
3817.74	97.898
3819.66	98.0011
3821.59	98.0565
3823.52	97.7794
3825.45	97.4705
3827.38	97.4959
3829.31	97.6732
3831.24	97.7587
3833.17	97.839
3835.1	97.9121
3837.03	97.8483
3838.96	97.8046
3840.89	97.8893
3842.81	97.8398
3844.74	97.5728
3846.67	97.2937
3848.6	97.1552
3850.53	97.2035
3852.46	97.497
3854.39	97.7499
3856.32	97.5852
3858.25	97.3765
3860.18	97.3946
3862.11	97.5284
3864.03	97.5699
3865.96	97.6264
3867.89	97.8088
3869.82	97.8319
3871.75	97.5287
3873.68	97.2689
3875.61	97.2885
3877.54	97.43
3879.47	97.5358
3881.4	97.5503
3883.33	97.4751
3885.25	97.3338
3887.18	97.1677
3889.11	97.0672
3891.04	97.1108
3892.97	97.2338
3894.9	97.2891
3896.83	97.3186
3898.76	97.4451
3900.69	97.6154
3902.62	97.6327
3904.55	97.4339
3906.48	97.1383
3908.4	96.911
3910.33	96.8019
3912.26	96.7584
3914.19	96.7963
3916.12	97.03
3918.05	97.3748
3919.98	97.5091
3921.91	97.3866
3923.84	97.2125
3925.77	97.1348
3927.7	97.1884
3929.62	97.2508
3931.55	97.1688
3933.48	97.0704
3935.41	97.137
3937.34	97.1986
3939.27	97.1534
3941.2	97.2068
3943.13	97.3481
3945.06	97.265
3946.99	96.9821
3948.92	96.7854
3950.85	96.7543
3952.77	96.8331
3954.7	97.0031
3956.63	97.1853
3958.56	97.2565
3960.49	97.1905
3962.42	97.0864
3964.35	97.0848
3966.28	97.1827
3968.21	97.2144
3970.14	97.1147
3972.07	97.0049
3973.99	96.9801
3975.92	97.0245
3977.85	97.066
3979.78	97.0205
3981.71	96.9071
3983.64	96.8341
3985.57	96.8157
3987.5	96.8246
3989.43	96.9138
3991.36	97.0204
3993.29	96.9487
3995.22	96.7455
3997.14	96.65
