499.643	80.4553
501.572	80.8127
503.501	80.2868
505.43	79.5469
507.36	79.0206
509.289	78.6547
511.218	78.2539
513.147	77.9487
515.076	78.2473
517.005	79.2349
518.934	80.0175
520.863	80.0948
522.792	80.2048
524.722	80.6538
526.651	80.9211
528.58	81.1085
530.509	81.6671
532.438	82.2882
534.367	82.6545
536.296	82.9621
538.225	83.1429
540.155	83.0462
542.084	83.0678
544.013	83.4573
545.942	83.935
547.871	84.3683
549.8	84.765
551.729	84.8934
553.658	84.7564
555.588	84.7845
557.517	85.1239
559.446	85.4554
561.375	85.64
563.304	85.8457
565.233	85.9965
567.162	85.7867
569.091	85.3674
571.021	85.2982
572.95	85.6354
574.879	85.9373
576.808	86.1459
578.737	86.4978
580.666	86.748
582.595	86.5578
584.524	86.1602
586.454	85.9099
588.383	85.8805
590.312	86.0533
592.241	86.1836
594.17	85.9501
596.099	85.6153
598.028	85.6357
599.957	85.845
601.887	85.8538
603.816	85.7907
605.745	85.9902
607.674	86.4422
609.603	86.8554
611.532	87.0158
613.461	86.9977
615.39	86.9637
617.32	86.9513
619.249	87.0391
621.178	87.2813
623.107	87.4404
625.036	87.3453
626.965	87.2533
628.894	87.3638
630.823	87.4732
632.753	87.3924
634.682	87.1952
636.611	87.0047
638.54	86.8515
640.469	86.7038
642.398	86.529
644.327	86.3512
646.256	86.1857
648.186	85.9668
650.115	85.666
652.044	85.3948
653.973	85.3095
655.902	85.4605
657.831	85.7189
659.76	85.9586
661.689	86.1833
663.619	86.4935
665.548	87.1142
667.477	88.2306
669.406	88.9779
671.335	88.8887
673.264	88.9351
675.193	89.3341
677.122	89.6938
679.052	89.8582
680.981	90.0006
682.91	90.0604
684.839	89.9625
686.768	89.8709
688.697	89.8534
690.626	89.81
692.555	89.7302
694.485	89.6688
696.414	89.5972
698.343	89.4905
700.272	89.4139
702.201	89.4241
704.13	89.472
706.059	89.437
707.988	89.2857
709.917	89.1574
711.847	89.1584
713.776	89.1986
715.705	89.2001
717.634	89.2259
719.563	89.2737
721.492	89.2441
723.421	89.1339
725.35	88.9711
727.28	88.7164
729.209	88.3915
731.138	88.0332
733.067	87.5475
734.996	86.9119
736.925	86.333
738.854	85.9161
740.783	85.441
742.713	84.721
744.642	83.9583
746.571	83.5197
748.5	83.5512
750.429	83.9771
752.358	84.6756
754.287	85.482
756.216	86.1824
758.146	86.6736
760.075	87.008
762.004	87.1853
763.933	87.1057
765.862	86.8013
767.791	86.426
769.72	85.9523
771.649	85.1464
773.579	83.819
775.508	81.8625
777.437	79.1373
779.366	75.5636
781.295	71.3791
783.224	67.2954
785.153	64.3245
787.082	63.2916
789.012	64.4736
790.941	67.6285
792.87	72.0651
794.799	76.6999
796.728	80.4776
798.657	82.8993
800.586	84.0895
802.515	84.425
804.445	84.1996
806.374	83.5583
808.303	82.5597
810.232	81.2882
812.161	80.0302
814.09	79.261
816.019	79.2921
817.948	80.0055
819.878	81.0345
821.807	82.0822
823.736	82.9666
825.665	83.5466
827.594	83.7975
829.523	83.8248
831.452	83.6734
833.381	83.281
835.311	82.6559
837.24	81.849
839.169	80.7649
841.098	79.3028
843.027	77.6521
844.956	76.182
846.885	75.1005
848.814	74.3766
850.744	73.8538
852.673	73.3414
854.602	72.7032
856.531	71.9409
858.46	71.1956
860.389	70.6523
862.318	70.417
864.247	70.4864
866.177	70.8122
868.106	71.3325
870.035	71.9555
871.964	72.5762
873.893	73.1045
875.822	73.4757
877.751	73.6769
879.68	73.7665
881.609	73.8321
883.539	73.9489
885.468	74.1762
887.397	74.5099
889.326	74.8445
891.255	75.0685
893.184	75.1698
895.113	75.193
897.042	75.184
898.972	75.2263
900.901	75.4455
902.83	75.9431
904.759	76.756
906.688	77.8449
908.617	79.09
910.546	80.3077
912.475	81.2807
914.405	81.8178
916.334	81.8471
918.263	81.4357
920.192	80.7113
922.121	79.7861
924.05	78.7197
925.979	77.5254
927.908	76.2181
929.838	74.817
931.767	73.3117
933.696	71.7201
935.625	70.1615
937.554	68.7886
939.483	67.7008
941.412	66.9544
943.341	66.5406
945.271	66.3439
947.2	66.2527
949.129	66.3094
951.058	66.6519
952.987	67.3372
954.916	68.2694
956.845	69.2599
958.774	70.155
960.704	70.9274
962.633	71.6428
964.562	72.3855
966.491	73.2279
968.42	74.1745
970.349	75.1232
972.278	75.9531
974.207	76.6014
976.137	77.0212
978.066	77.1668
979.995	77.0401
981.924	76.6741
983.853	76.097
985.782	75.3521
987.711	74.536
989.64	73.8214
991.57	73.3901
993.499	73.2384
995.428	73.1005
997.357	72.6701
999.286	71.838
1001.22	70.6781
1003.14	69.3239
1005.07	67.9178
1007	66.606
1008.93	65.5176
1010.86	64.6974
1012.79	64.0067
1014.72	63.1466
1016.65	61.8735
1018.58	60.1845
1020.51	58.2639
1022.44	56.3142
1024.36	54.5301
1026.29	53.2031
1028.22	52.6423
1030.15	52.8475
1032.08	53.4293
1034.01	54.0082
1035.94	54.5295
1037.87	55.1095
1039.8	55.8218
1041.73	56.7146
1043.66	57.8509
1045.58	59.2839
1047.51	61.0244
1049.44	62.9568
1051.37	64.811
1053.3	66.3204
1055.23	67.382
1057.16	68.0608
1059.09	68.5121
1061.02	68.8374
1062.95	68.9468
1064.88	68.6598
1066.81	67.9951
1068.73	67.2832
1070.66	66.9574
1072.59	67.2449
1074.52	68.0399
1076.45	69.0568
1078.38	70.0769
1080.31	71.0093
1082.24	71.7851
1084.17	72.3176
1086.1	72.5423
1088.03	72.4321
1089.95	72.0062
1091.88	71.3288
1093.81	70.4602
1095.74	69.4479
1097.67	68.3837
1099.6	67.374
1101.53	66.4208
1103.46	65.4205
1105.39	64.2981
1107.32	63.0805
1109.25	61.8492
1111.18	60.6797
1113.1	59.625
1115.03	58.7065
1116.96	57.8878
1118.89	57.0705
1120.82	56.154
1122.75	55.1113
1124.68	53.9802
1126.61	52.7904
1128.54	51.5527
1130.47	50.3098
1132.4	49.1233
1134.32	48.0153
1136.25	46.9826
1138.18	46.0422
1140.11	45.2218
1142.04	44.5507
1143.97	44.0661
1145.9	43.7816
1147.83	43.6756
1149.76	43.724
1151.69	43.9049
1153.62	44.197
1155.55	44.6034
1157.47	45.1317
1159.4	45.7537
1161.33	46.443
1163.26	47.2317
1165.19	48.1852
1167.12	49.3316
1169.05	50.6453
1170.98	52.0918
1172.91	53.6427
1174.84	55.2526
1176.77	56.8828
1178.69	58.5284
1180.62	60.1579
1182.55	61.6958
1184.48	63.1104
1186.41	64.4184
1188.34	65.598
1190.27	66.6209
1192.2	67.5379
1194.13	68.4229
1196.06	69.276
1197.99	70.0443
1199.91	70.6688
1201.84	71.0761
1203.77	71.1913
1205.7	70.9834
1207.63	70.4598
1209.56	69.6056
1211.49	68.384
1213.42	66.8076
1215.35	64.9297
1217.28	62.7743
1219.21	60.3855
1221.14	57.8887
1223.06	55.3988
1224.99	52.9442
1226.92	50.5352
1228.85	48.2229
1230.78	46.0895
1232.71	44.2366
1234.64	42.7521
1236.57	41.6511
1238.5	40.8747
1240.43	40.3296
1242.36	39.8961
1244.28	39.4581
1246.21	38.9623
1248.14	38.4099
1250.07	37.8213
1252	37.2594
1253.93	36.8369
1255.86	36.6735
1257.79	36.8615
1259.72	37.4367
1261.65	38.3759
1263.58	39.6478
1265.51	41.2148
1267.43	42.9968
1269.36	44.9
1271.29	46.8442
1273.22	48.7627
1275.15	50.6298
1277.08	52.4453
1279.01	54.1998
1280.94	55.8994
1282.87	57.5571
1284.8	59.1613
1286.73	60.7087
1288.65	62.2035
1290.58	63.6141
1292.51	64.9155
1294.44	66.1281
1296.37	67.3022
1298.3	68.5495
1300.23	70.0203
1302.16	71.7765
1304.09	73.7687
1306.02	75.8837
1307.95	77.9128
1309.87	79.6115
1311.8	80.8315
1313.73	81.5052
1315.66	81.6206
1317.59	81.2816
1319.52	80.7554
1321.45	80.43
1323.38	80.5973
1325.31	81.2933
1327.24	82.3167
1329.17	83.3479
1331.1	84.1194
1333.02	84.5281
1334.95	84.6914
1336.88	84.807
1338.81	84.9714
1340.74	85.2212
1342.67	85.5903
1344.6	86.0599
1346.53	86.5563
1348.46	86.9342
1350.39	87.0008
1352.32	86.6754
1354.24	86.0246
1356.17	85.2555
1358.1	84.6768
1360.03	84.3667
1361.96	84.0283
1363.89	83.4112
1365.82	82.5978
1367.75	81.5811
1369.68	80.3843
1371.61	79.3034
1373.54	78.452
1375.47	77.6999
1377.39	77.1081
1379.32	76.8037
1381.25	76.7803
1383.18	77.009
1385.11	77.562
1387.04	78.523
1388.97	79.5649
1390.9	80.2689
1392.83	80.6565
1394.76	80.7447
1396.69	80.4072
1398.61	79.7227
1400.54	79.0568
1402.47	78.711
1404.4	78.7212
1406.33	79.037
1408.26	79.6014
1410.19	80.4063
1412.12	81.4232
1414.05	82.453
1415.98	83.4534
1417.91	84.5684
1419.83	85.5785
1421.76	86.1165
1423.69	86.2246
1425.62	86.0806
1427.55	85.7953
1429.48	85.1525
1431.41	84.036
1433.34	82.8374
1435.27	81.5681
1437.2	79.9175
1439.13	78.3491
1441.06	77.2142
1442.98	76.3034
1444.91	75.6308
1446.84	75.2259
1448.77	74.889
1450.7	74.666
1452.63	74.8205
1454.56	75.4533
1456.49	76.6367
1458.42	77.8988
1460.35	78.7115
1462.28	79.5678
1464.2	80.8124
1466.13	82.1374
1468.06	83.1418
1469.99	84.1323
1471.92	85.3244
1473.85	86.233
1475.78	86.6104
1477.71	86.9288
1479.64	87.3373
1481.57	87.7723
1483.5	88.2103
1485.43	88.7107
1487.35	89.4251
1489.28	90.3824
1491.21	91.2164
1493.14	91.8569
1495.07	92.5822
1497	93.3457
1498.93	93.8
1500.86	94.0457
1502.79	94.3828
1504.72	94.8934
1506.65	95.4491
1508.57	95.5221
1510.5	95.2859
1512.43	95.1729
1514.36	95.2758
1516.29	95.55
1518.22	95.8511
1520.15	96.0642
1522.08	96.1143
1524.01	96.0251
1525.94	95.8501
1527.87	95.6575
1529.8	95.5891
1531.72	95.6897
1533.65	95.8167
1535.58	95.8775
1537.51	96.0913
1539.44	96.5977
1541.37	96.8196
1543.3	96.3876
1545.23	95.9651
1547.16	95.762
1549.09	95.7327
1551.02	95.7843
1552.94	95.8371
1554.87	95.9791
1556.8	96.3591
1558.73	96.636
1560.66	96.1957
1562.59	95.7029
1564.52	95.4802
1566.45	95.4725
1568.38	95.549
1570.31	95.4556
1572.24	95.2599
1574.16	95.2407
1576.09	95.3298
1578.02	95.1786
1579.95	94.9284
1581.88	94.8521
1583.81	94.9127
1585.74	94.9785
1587.67	95.0277
1589.6	95.0774
1591.53	95.1187
1593.46	95.1622
1595.39	95.1839
1597.31	95.1423
1599.24	95.0871
1601.17	95.068
1603.1	95.0312
1605.03	94.9652
1606.96	94.9508
1608.89	94.9439
1610.82	94.8381
1612.75	94.7599
1614.68	94.8089
1616.61	94.7221
1618.53	94.365
1620.46	94.0893
1622.39	93.9086
1624.32	93.6212
1626.25	93.2242
1628.18	92.695
1630.11	92.0746
1632.04	91.6658
1633.97	91.5259
1635.9	91.2676
1637.83	90.8818
1639.76	91.0086
1641.68	91.6818
1643.61	92.6153
1645.54	93.6119
1647.47	94.2638
1649.4	94.417
1651.33	94.5918
1653.26	94.8684
1655.19	94.6066
1657.12	94.1983
1659.05	94.0589
1660.98	94.0704
1662.9	93.9399
1664.83	93.6854
1666.76	93.6168
1668.69	93.736
1670.62	93.6616
1672.55	93.357
1674.48	93.0408
1676.41	92.6073
1678.34	92.1685
1680.27	91.9447
1682.2	91.8029
1684.12	91.4906
1686.05	90.9588
1687.98	90.2594
1689.91	89.4645
1691.84	88.6486
1693.77	87.6742
1695.7	86.4963
1697.63	85.1516
1699.56	83.1354
1701.49	80.5221
1703.42	78.0132
1705.35	75.1484
1707.27	71.5391
1709.2	67.9064
1711.13	64.6419
1713.06	61.6099
1714.99	58.999
1716.92	56.629
1718.85	54.2762
1720.78	52.818
1722.71	52.3426
1724.64	52.365
1726.57	52.8132
1728.49	53.6273
1730.42	54.5194
1732.35	55.3112
1734.28	55.6557
1736.21	55.4649
1738.14	55.2072
1740.07	54.8925
1742	54.4483
1743.93	54.3402
1745.86	54.8185
1747.79	55.8729
1749.72	57.7016
1751.64	59.9357
1753.57	62.1716
1755.5	64.8649
1757.43	68.1414
1759.36	71.5338
1761.29	75.021
1763.22	78.536
1765.15	81.5014
1767.08	83.9914
1769.01	86.4277
1770.94	88.6211
1772.86	90.2765
1774.79	91.5089
1776.72	92.3451
1778.65	92.9166
1780.58	93.4543
1782.51	93.8897
1784.44	94.1904
1786.37	94.5233
1788.3	94.8527
1790.23	95.1478
1792.16	95.4584
1794.08	95.5587
1796.01	95.4696
1797.94	95.53
1799.87	95.7408
1801.8	95.8524
1803.73	95.8427
1805.66	95.8073
1807.59	95.8134
1809.52	95.922
1811.45	96.0349
1813.38	96.0562
1815.31	96.0883
1817.23	96.179
1819.16	96.2687
1821.09	96.3375
1823.02	96.372
1824.95	96.4162
1826.88	96.5774
1828.81	96.7689
1830.74	96.7875
1832.67	96.6614
1834.6	96.5612
1836.53	96.5643
1838.45	96.6562
1840.38	96.7621
1842.31	96.9054
1844.24	97.1393
1846.17	97.272
1848.1	97.1762
1850.03	97.0245
1851.96	96.967
1853.89	97.0083
1855.82	97.096
1857.75	97.1982
1859.68	97.2754
1861.6	97.2661
1863.53	97.2223
1865.46	97.3382
1867.39	97.64
1869.32	97.8228
1871.25	97.7503
1873.18	97.6452
1875.11	97.5783
1877.04	97.5349
1878.97	97.5845
1880.9	97.7028
1882.82	97.7744
1884.75	97.7869
1886.68	97.7916
1888.61	97.8078
1890.54	97.8405
1892.47	97.8458
1894.4	97.7915
1896.33	97.7945
1898.26	97.974
1900.19	98.1998
1902.12	98.2688
1904.05	98.2213
1905.97	98.2396
1907.9	98.3143
1909.83	98.298
1911.76	98.2331
1913.69	98.2935
1915.62	98.4436
1917.55	98.477
1919.48	98.3866
1921.41	98.3873
1923.34	98.4899
1925.27	98.523
1927.19	98.494
1929.12	98.5268
1931.05	98.6283
1932.98	98.7489
1934.91	98.8288
1936.84	98.8253
1938.77	98.8547
1940.7	99.0235
1942.63	99.1554
1944.56	99.0923
1946.49	99.0136
1948.41	99.0765
1950.34	99.2598
1952.27	99.5028
1954.2	99.6693
1956.13	99.6575
1958.06	99.6034
1959.99	99.634
1961.92	99.6686
1963.85	99.7048
1965.78	99.8221
1967.71	99.8676
1969.64	99.7476
1971.56	99.7766
1973.49	100.043
1975.42	100.062
1977.35	99.7188
1979.28	99.648
1981.21	100.025
1983.14	100.234
1985.07	100.058
1987	99.948
1988.93	100.048
1990.86	100.041
1992.78	99.884
1994.71	99.853
1996.64	99.9656
1998.57	100.019
2000.5	99.9855
2002.43	99.9507
2004.36	99.9018
2006.29	99.8652
2008.22	99.9139
2010.15	99.964
2012.08	99.9898
2014.01	100.156
2015.93	100.432
2017.86	100.604
2019.79	100.663
2021.72	100.624
2023.65	100.424
2025.58	100.235
2027.51	100.234
2029.44	100.29
2031.37	100.346
2033.3	100.453
2035.23	100.448
2037.15	100.298
2039.08	100.248
2041.01	100.284
2042.94	100.225
2044.87	100.199
2046.8	100.34
2048.73	100.441
2050.66	100.372
2052.59	100.27
2054.52	100.225
2056.45	100.195
2058.37	100.15
2060.3	100.065
2062.23	99.932
2064.16	99.8144
2066.09	99.7473
2068.02	99.7393
2069.95	99.8755
2071.88	100.121
2073.81	100.188
2075.74	99.9455
2077.67	99.6399
2079.6	99.447
2081.52	99.2742
2083.45	99.116
2085.38	99.1215
2087.31	99.2708
2089.24	99.3723
2091.17	99.3782
2093.1	99.4128
2095.03	99.4811
2096.96	99.423
2098.89	99.2104
2100.82	99.0143
2102.74	98.9494
2104.67	99.0136
2106.6	99.1821
2108.53	99.3299
2110.46	99.2553
2112.39	98.9782
2114.32	98.7996
2116.25	98.9257
2118.18	99.1991
2120.11	99.3124
2122.04	99.1954
2123.97	99.0611
2125.89	99.1043
2127.82	99.2717
2129.75	99.3237
2131.68	99.1548
2133.61	99.0594
2135.54	99.3807
2137.47	99.8991
2139.4	100.12
2141.33	100.054
2143.26	100.012
2145.19	99.9986
2147.11	99.96
2149.04	100.038
2150.97	100.223
2152.9	100.389
2154.83	100.567
2156.76	100.686
2158.69	100.567
2160.62	100.434
2162.55	100.605
2164.48	100.8
2166.41	100.616
2168.33	100.249
2170.26	100.086
2172.19	100.063
2174.12	99.9506
2176.05	99.8246
2177.98	99.8539
2179.91	99.9594
2181.84	100.068
2183.77	100.282
2185.7	100.499
2187.63	100.409
2189.56	100.052
2191.48	99.8192
2193.41	99.9103
2195.34	100.179
2197.27	100.358
2199.2	100.34
2201.13	100.26
2203.06	100.196
2204.99	100.016
2206.92	99.7404
2208.85	99.5667
2210.78	99.5229
2212.7	99.5616
2214.63	99.6772
2216.56	99.7395
2218.49	99.729
2220.42	99.8802
2222.35	100.115
2224.28	100.003
2226.21	99.5741
2228.14	99.3441
2230.07	99.4805
2232	99.6486
2233.93	99.6106
2235.85	99.5259
2237.78	99.6043
2239.71	99.7466
2241.64	99.7631
2243.57	99.7341
2245.5	99.8019
2247.43	99.8504
2249.36	99.7436
2251.29	99.6001
2253.22	99.5372
2255.15	99.4781
2257.07	99.4201
2259	99.496
2260.93	99.6311
2262.86	99.5987
2264.79	99.449
2266.72	99.3824
2268.65	99.354
2270.58	99.2902
2272.51	99.3057
2274.44	99.3723
2276.37	99.3158
2278.29	99.1912
2280.22	99.1435
2282.15	99.1427
2284.08	99.1643
2286.01	99.2126
2287.94	99.1704
2289.87	99.0338
2291.8	99.0193
2293.73	99.1838
2295.66	99.3484
2297.59	99.4509
2299.52	99.5742
2301.44	99.7126
2303.37	99.7996
2305.3	99.8632
2307.23	100.032
2309.16	100.401
2311.09	100.883
2313.02	101.271
2314.95	101.48
2316.88	101.638
2318.81	101.994
2320.74	102.686
2322.66	103.456
2324.59	103.987
2326.52	104.423
2328.45	104.897
2330.38	105.158
2332.31	105.162
2334.24	105.242
2336.17	105.407
2338.1	105.514
2340.03	105.769
2341.96	106.127
2343.89	105.755
2345.81	104.391
2347.74	103.241
2349.67	103.133
2351.6	104.26
2353.53	106.332
2355.46	108.067
2357.39	108.771
2359.32	109.064
2361.25	109.112
2363.18	108.68
2365.11	107.78
2367.03	106.511
2368.96	105.036
2370.89	103.635
2372.82	102.509
2374.75	101.493
2376.68	100.391
2378.61	99.4091
2380.54	98.7862
2382.47	98.3825
2384.4	97.9885
2386.33	97.6725
2388.26	97.5763
2390.18	97.6208
2392.11	97.5869
2394.04	97.3908
2395.97	97.189
2397.9	97.1769
2399.83	97.3155
2401.76	97.4173
2403.69	97.4634
2405.62	97.5609
2407.55	97.6641
2409.48	97.6597
2411.4	97.6191
2413.33	97.6669
2415.26	97.7431
2417.19	97.7435
2419.12	97.714
2421.05	97.7144
2422.98	97.7272
2424.91	97.7849
2426.84	97.8897
2428.77	97.8966
2430.7	97.785
2432.62	97.7707
2434.55	97.9108
2436.48	97.9968
2438.41	97.9458
2440.34	97.9189
2442.27	98.0392
2444.2	98.2115
2446.13	98.235
2448.06	98.1134
2449.99	98.1233
2451.92	98.3719
2453.85	98.5689
2455.77	98.4699
2457.7	98.1942
2459.63	97.9787
2461.56	97.9428
2463.49	98.0672
2465.42	98.2161
2467.35	98.2806
2469.28	98.2802
2471.21	98.2408
2473.14	98.1527
2475.07	98.0678
2476.99	98.0617
2478.92	98.1488
2480.85	98.2878
2482.78	98.3989
2484.71	98.4284
2486.64	98.3896
2488.57	98.2881
2490.5	98.1605
2492.43	98.1444
2494.36	98.2661
2496.29	98.3421
2498.22	98.2821
2500.14	98.1934
2502.07	98.1425
2504	98.1187
2505.93	98.1387
2507.86	98.1707
2509.79	98.1169
2511.72	97.9755
2513.65	97.8739
2515.58	97.8944
2517.51	97.9927
2519.44	98.1302
2521.36	98.2965
2523.29	98.3662
2525.22	98.238
2527.15	98.068
2529.08	98.015
2531.01	97.9978
2532.94	97.9662
2534.87	97.9952
2536.8	98.0653
2538.73	98.1355
2540.66	98.226
2542.58	98.2614
2544.51	98.1817
2546.44	98.0738
2548.37	97.9512
2550.3	97.7656
2552.23	97.6233
2554.16	97.6061
2556.09	97.6278
2558.02	97.6568
2559.95	97.7379
2561.88	97.84
2563.81	97.9311
2565.73	97.9931
2567.66	97.9407
2569.59	97.7702
2571.52	97.6295
2573.45	97.5924
2575.38	97.6153
2577.31	97.7016
2579.24	97.8418
2581.17	97.9165
2583.1	97.8693
2585.03	97.7876
2586.95	97.7181
2588.88	97.6345
2590.81	97.5623
2592.74	97.5221
2594.67	97.473
2596.6	97.45
2598.53	97.5511
2600.46	97.7131
2602.39	97.7127
2604.32	97.4787
2606.25	97.2535
2608.18	97.2804
2610.1	97.4354
2612.03	97.4398
2613.96	97.3177
2615.89	97.2574
2617.82	97.237
2619.75	97.1778
2621.68	97.1447
2623.61	97.1442
2625.54	97.0926
2627.47	97.0286
2629.4	97.0366
2631.32	97.0795
2633.25	97.0825
2635.18	97.0184
2637.11	96.8986
2639.04	96.7927
2640.97	96.7689
2642.9	96.8004
2644.83	96.8126
2646.76	96.7754
2648.69	96.7177
2650.62	96.6796
2652.54	96.6354
2654.47	96.5383
2656.4	96.4589
2658.33	96.4884
2660.26	96.539
2662.19	96.4857
2664.12	96.3952
2666.05	96.379
2667.98	96.3976
2669.91	96.3887
2671.84	96.3902
2673.77	96.4151
2675.69	96.3842
2677.62	96.272
2679.55	96.1802
2681.48	96.1843
2683.41	96.2201
2685.34	96.2226
2687.27	96.244
2689.2	96.3119
2691.13	96.3274
2693.06	96.2308
2694.99	96.1255
2696.91	96.1367
2698.84	96.2337
2700.77	96.2624
2702.7	96.1495
2704.63	96.0126
2706.56	95.9934
2708.49	96.0582
2710.42	96.0756
2712.35	96.0166
2714.28	95.9658
2716.21	95.9794
2718.14	96.0179
2720.06	96.026
2721.99	96.0157
2723.92	96.0051
2725.85	95.9432
2727.78	95.8143
2729.71	95.715
2731.64	95.7051
2733.57	95.7157
2735.5	95.7007
2737.43	95.7017
2739.36	95.7191
2741.28	95.7105
2743.21	95.699
2745.14	95.7216
2747.07	95.7533
2749	95.7685
2750.93	95.7699
2752.86	95.7649
2754.79	95.7809
2756.72	95.8116
2758.65	95.7783
2760.58	95.6713
2762.51	95.595
2764.43	95.584
2766.36	95.5789
2768.29	95.5751
2770.22	95.5981
2772.15	95.6138
2774.08	95.578
2776.01	95.4962
2777.94	95.4171
2779.87	95.3754
2781.8	95.3246
2783.73	95.23
2785.65	95.1713
2787.58	95.182
2789.51	95.1715
2791.44	95.1356
2793.37	95.1438
2795.3	95.1429
2797.23	95.1077
2799.16	95.1588
2801.09	95.2775
2803.02	95.2858
2804.95	95.1827
2806.87	95.0795
2808.8	94.9464
2810.73	94.7721
2812.66	94.6703
2814.59	94.6359
2816.52	94.5472
2818.45	94.4213
2820.38	94.3451
2822.31	94.2765
2824.24	94.1476
2826.17	93.9814
2828.1	93.7896
2830.02	93.538
2831.95	93.2341
2833.88	92.9338
2835.81	92.7036
2837.74	92.5766
2839.67	92.4785
2841.6	92.3127
2843.53	92.1378
2845.46	92.0422
2847.39	91.909
2849.32	91.595
2851.24	91.1833
2853.17	90.7836
2855.1	90.3241
2857.03	89.7168
2858.96	89.0057
2860.89	88.3164
2862.82	87.7691
2864.75	87.3892
2866.68	87.1003
2868.61	86.8247
2870.54	86.5328
2872.47	86.2772
2874.39	86.1934
2876.32	86.3344
2878.25	86.6231
2880.18	87.0095
2882.11	87.4242
2884.04	87.7264
2885.97	87.935
2887.9	88.1502
2889.83	88.2479
2891.76	88.1481
2893.69	88.0489
2895.61	88.021
2897.54	87.9559
2899.47	87.9244
2901.4	87.945
2903.33	87.8039
2905.26	87.5485
2907.19	87.467
2909.12	87.4946
2911.05	87.3699
2912.98	87.1342
2914.91	86.9319
2916.83	86.7138
2918.76	86.4068
2920.69	86.0282
2922.62	85.6028
2924.55	85.1372
2926.48	84.6197
2928.41	84.0862
2930.34	83.6894
2932.27	83.5567
2934.2	83.669
2936.13	83.9608
2938.06	84.3358
2939.98	84.6142
2941.91	84.729
2943.84	84.8174
2945.77	84.8998
2947.7	84.7697
2949.63	84.3414
2951.56	83.7617
2953.49	83.149
2955.42	82.562
2957.35	82.145
2959.28	82.0313
2961.2	82.2324
2963.13	82.7621
2965.06	83.6587
2966.99	84.8083
2968.92	85.972
2970.85	87.0396
2972.78	88.0461
2974.71	88.9202
2976.64	89.4916
2978.57	89.811
2980.5	90.1657
2982.43	90.6859
2984.35	91.214
2986.28	91.595
2988.21	91.8317
2990.14	91.9547
2992.07	91.9956
2994	92.0584
2995.93	92.2085
2997.86	92.3935
2999.79	92.6245
3001.72	92.985
3003.65	93.3561
3005.57	93.516
3007.5	93.545
3009.43	93.6668
3011.36	93.823
3013.29	93.8778
3015.22	93.9654
3017.15	94.2457
3019.08	94.6284
3021.01	94.9553
3022.94	95.1549
3024.87	95.2024
3026.79	95.1546
3028.72	95.1213
3030.65	95.1241
3032.58	95.1372
3034.51	95.2104
3036.44	95.389
3038.37	95.6017
3040.3	95.759
3042.23	95.8553
3044.16	95.8684
3046.09	95.737
3048.02	95.5634
3049.94	95.5758
3051.87	95.7799
3053.8	95.9528
3055.73	95.9727
3057.66	95.885
3059.59	95.8007
3061.52	95.8454
3063.45	95.9723
3065.38	95.9919
3067.31	95.9487
3069.24	95.9921
3071.16	95.9886
3073.09	95.9067
3075.02	96.057
3076.95	96.3861
3078.88	96.4065
3080.81	96.1034
3082.74	95.9333
3084.67	96.0018
3086.6	96.0796
3088.53	96.1005
3090.46	96.1532
3092.39	96.276
3094.31	96.394
3096.24	96.3757
3098.17	96.2289
3100.1	96.088
3102.03	95.9821
3103.96	95.8815
3105.89	95.8122
3107.82	95.763
3109.75	95.77
3111.68	95.9651
3113.61	96.2293
3115.53	96.2278
3117.46	95.9992
3119.39	95.9101
3121.32	96.0159
3123.25	96.0399
3125.18	95.8676
3127.11	95.677
3129.04	95.6594
3130.97	95.7921
3132.9	95.8996
3134.83	95.9071
3136.75	95.8808
3138.68	95.834
3140.61	95.7681
3142.54	95.7732
3144.47	95.8382
3146.4	95.8183
3148.33	95.7047
3150.26	95.6188
3152.19	95.6064
3154.12	95.668
3156.05	95.7876
3157.98	95.8582
3159.9	95.7943
3161.83	95.6469
3163.76	95.5039
3165.69	95.4391
3167.62	95.5072
3169.55	95.6274
3171.48	95.6275
3173.41	95.4777
3175.34	95.3026
3177.27	95.2045
3179.2	95.2206
3181.12	95.3218
3183.05	95.3941
3184.98	95.3716
3186.91	95.3393
3188.84	95.3488
3190.77	95.3139
3192.7	95.2408
3194.63	95.2656
3196.56	95.3493
3198.49	95.3227
3200.42	95.2495
3202.35	95.2932
3204.27	95.357
3206.2	95.3019
3208.13	95.2224
3210.06	95.1642
3211.99	94.9872
3213.92	94.6999
3215.85	94.509
3217.78	94.5309
3219.71	94.7285
3221.64	94.9666
3223.57	95.0724
3225.49	95.0171
3227.42	94.9021
3229.35	94.7938
3231.28	94.7646
3233.21	94.8087
3235.14	94.7092
3237.07	94.4413
3239	94.3185
3240.93	94.3629
3242.86	94.3161
3244.79	94.2749
3246.72	94.3721
3248.64	94.3824
3250.57	94.3321
3252.5	94.4913
3254.43	94.6334
3256.36	94.4276
3258.29	94.1483
3260.22	94.0964
3262.15	94.0938
3264.08	93.9881
3266.01	93.9188
3267.94	93.9603
3269.86	93.9696
3271.79	93.8338
3273.72	93.6899
3275.65	93.7271
3277.58	93.8292
3279.51	93.7746
3281.44	93.6538
3283.37	93.6616
3285.3	93.7455
3287.23	93.7841
3289.16	93.7741
3291.08	93.706
3293.01	93.5869
3294.94	93.5467
3296.87	93.6437
3298.8	93.7061
3300.73	93.5975
3302.66	93.451
3304.59	93.4054
3306.52	93.3619
3308.45	93.2406
3310.38	93.1779
3312.31	93.2399
3314.23	93.2834
3316.16	93.251
3318.09	93.2317
3320.02	93.2182
3321.95	93.1616
3323.88	93.1453
3325.81	93.208
3327.74	93.2212
3329.67	93.1389
3331.6	93.0853
3333.53	93.1059
3335.45	93.1
3337.38	92.9943
3339.31	92.8343
3341.24	92.761
3343.17	92.8708
3345.1	93.0281
3347.03	93.0337
3348.96	92.9702
3350.89	93.0153
3352.82	93.1009
3354.75	93.1144
3356.68	93.1206
3358.6	93.1722
3360.53	93.1991
3362.46	93.1457
3364.39	93.0464
3366.32	93.0049
3368.25	93.0851
3370.18	93.186
3372.11	93.1893
3374.04	93.1729
3375.97	93.2459
3377.9	93.3285
3379.82	93.3197
3381.75	93.2704
3383.68	93.2515
3385.61	93.2316
3387.54	93.1419
3389.47	93.0007
3391.4	92.9706
3393.33	93.1864
3395.26	93.4854
3397.19	93.569
3399.12	93.4312
3401.04	93.286
3402.97	93.202
3404.9	93.1635
3406.83	93.2444
3408.76	93.4169
3410.69	93.5049
3412.62	93.4951
3414.55	93.5454
3416.48	93.6764
3418.41	93.7939
3420.34	93.8938
3422.27	93.978
3424.19	93.9617
3426.12	93.8402
3428.05	93.7098
3429.98	93.5921
3431.91	93.433
3433.84	93.2793
3435.77	93.3242
3437.7	93.6817
3439.63	94.1558
3441.56	94.4251
3443.49	94.4714
3445.41	94.5281
3447.34	94.5969
3449.27	94.4581
3451.2	94.1576
3453.13	93.9589
3455.06	93.9094
3456.99	93.9068
3458.92	94.0079
3460.85	94.2581
3462.78	94.4486
3464.71	94.4263
3466.64	94.3486
3468.56	94.3989
3470.49	94.56
3472.42	94.6731
3474.35	94.5859
3476.28	94.4314
3478.21	94.5383
3480.14	94.832
3482.07	94.9176
3484	94.8249
3485.93	94.8379
3487.86	94.9064
3489.78	94.9721
3491.71	95.0767
3493.64	94.9889
3495.57	94.6684
3497.5	94.5735
3499.43	94.791
3501.36	94.9651
3503.29	95.1719
3505.22	95.5645
3507.15	95.7214
3509.08	95.3987
3511	94.9592
3512.93	94.7282
3514.86	94.7237
3516.79	94.8677
3518.72	94.9544
3520.65	94.9193
3522.58	95.0426
3524.51	95.356
3526.44	95.4512
3528.37	95.2436
3530.3	95.0224
3532.23	94.8493
3534.15	94.6889
3536.08	94.6228
3538.01	94.5936
3539.94	94.5782
3541.87	94.793
3543.8	95.1233
3545.73	95.0779
3547.66	94.8069
3549.59	94.9001
3551.52	95.1881
3553.45	95.1912
3555.37	95.024
3557.3	94.9757
3559.23	95.0648
3561.16	95.3328
3563.09	95.6884
3565.02	95.774
3566.95	95.5289
3568.88	95.4479
3570.81	95.6427
3572.74	95.7744
3574.67	95.7491
3576.6	95.7206
3578.52	95.8131
3580.45	95.9639
3582.38	96.0434
3584.31	96.0936
3586.24	96.2461
3588.17	96.4251
3590.1	96.507
3592.03	96.6105
3593.96	96.7395
3595.89	96.755
3597.82	96.7433
3599.74	96.8315
3601.67	96.9245
3603.6	97.0089
3605.53	97.1718
3607.46	97.265
3609.39	97.0716
3611.32	96.7836
3613.25	96.7569
3615.18	97.0407
3617.11	97.4172
3619.04	97.6929
3620.97	97.8057
3622.89	97.7396
3624.82	97.561
3626.75	97.4792
3628.68	97.6129
3630.61	97.5646
3632.54	97.2849
3634.47	97.2158
3636.4	97.2996
3638.33	97.1781
3640.26	97.0091
3642.19	97.1806
3644.11	97.5723
3646.04	97.8857
3647.97	98.1403
3649.9	98.1879
3651.83	97.874
3653.76	97.6609
3655.69	97.734
3657.62	97.73
3659.55	97.3916
3661.48	97.0576
3663.41	97.0465
3665.33	97.2891
3667.26	97.562
3669.19	97.7674
3671.12	98.035
3673.05	98.585
3674.98	99.0636
3676.91	98.6708
3678.84	97.9379
3680.77	97.7071
3682.7	97.6264
3684.63	97.3542
3686.56	97.3115
3688.48	97.8831
3690.41	98.3949
3692.34	98.1829
3694.27	97.746
3696.2	97.4139
3698.13	97.2063
3700.06	97.1977
3701.99	97.4262
3703.92	97.7175
3705.85	97.8979
3707.78	98.0092
3709.7	98.1658
3711.63	98.2788
3713.56	98.0638
3715.49	97.6725
3717.42	97.4992
3719.35	97.623
3721.28	97.7529
3723.21	97.8353
3725.14	98.1473
3727.07	98.4478
3729	98.364
3730.93	98.2881
3732.85	98.6876
3734.78	99.1162
3736.71	98.8704
3738.64	98.4387
3740.57	98.2636
3742.5	98.2358
3744.43	98.3275
3746.36	98.4751
3748.29	98.4747
3750.22	98.2942
3752.15	98.0287
3754.07	97.8462
3756	97.7727
3757.93	97.7136
3759.86	97.5985
3761.79	97.5068
3763.72	97.4936
3765.65	97.5083
3767.58	97.5874
3769.51	97.7292
3771.44	97.6866
3773.37	97.4463
3775.29	97.335
3777.22	97.3922
3779.15	97.3718
3781.08	97.3052
3783.01	97.3492
3784.94	97.3313
3786.87	97.212
3788.8	97.2418
3790.73	97.3795
3792.66	97.4121
3794.59	97.418
3796.52	97.4908
3798.44	97.4831
3800.37	97.4069
3802.3	97.4624
3804.23	97.6283
3806.16	97.7732
3808.09	97.7294
3810.02	97.3983
3811.95	97.1034
3813.88	97.1703
3815.81	97.5256
3817.74	97.8212
3819.66	98.0504
3821.59	98.1595
3823.52	97.9028
3825.45	97.5856
3827.38	97.5381
3829.31	97.6555
3831.24	97.764
3833.17	97.8908
3835.1	98.0175
3837.03	98.0212
3838.96	97.9334
3840.89	97.8692
3842.81	97.7597
3844.74	97.5317
3846.67	97.3002
3848.6	97.1998
3850.53	97.2461
3852.46	97.4438
3854.39	97.6578
3856.32	97.6198
3858.25	97.4849
3860.18	97.4539
3862.11	97.5
3864.03	97.5178
3865.96	97.6069
3867.89	97.8069
3869.82	97.843
3871.75	97.634
3873.68	97.5238
3875.61	97.5955
3877.54	97.6455
3879.47	97.6206
3881.4	97.5804
3883.33	97.5148
3885.25	97.4134
3887.18	97.3374
3889.11	97.3221
3891.04	97.3363
3892.97	97.2978
3894.9	97.1825
3896.83	97.153
3898.76	97.4058
3900.69	97.8143
3902.62	97.892
3904.55	97.5601
3906.48	97.2021
3908.4	96.9637
3910.33	96.7583
3912.26	96.6353
3914.19	96.7435
3916.12	97.0922
3918.05	97.4583
3919.98	97.5489
3921.91	97.3736
3923.84	97.1706
3925.77	97.135
3927.7	97.2657
3929.62	97.3636
3931.55	97.2442
3933.48	97.0447
3935.41	97.0437
3937.34	97.1398
3939.27	97.1256
3941.2	97.1295
3943.13	97.2873
3945.06	97.3519
3946.99	97.1668
3948.92	96.9535
3950.85	96.9037
3952.77	96.9782
3954.7	97.1081
3956.63	97.2512
3958.56	97.3345
3960.49	97.2998
3962.42	97.1568
3964.35	97.0169
3966.28	97.0171
3968.21	97.1469
3970.14	97.2567
3972.07	97.2506
3973.99	97.1792
3975.92	97.1376
3977.85	97.1328
3979.78	97.0932
3981.71	97.0122
3983.64	96.9562
3985.57	96.916
3987.5	96.8504
3989.43	96.8228
3991.36	96.862
3993.29	96.8681
3995.22	96.8331
3997.14	96.8362
