499.643	79.22
501.572	79.3071
503.501	78.9919
505.43	78.4902
507.36	78.156
509.289	78.6116
511.218	79.0826
513.147	78.7958
515.076	78.5571
517.005	78.9349
518.934	79.3274
520.863	79.6567
522.792	80.3393
524.722	80.9818
526.651	81.1621
528.58	81.2912
530.509	81.5647
532.438	81.7776
534.367	82.1371
536.296	82.789
538.225	83.3168
540.155	83.5081
542.084	83.5352
544.013	83.3963
545.942	83.2439
547.871	83.5456
549.8	84.1689
551.729	84.4382
553.658	84.3731
555.588	84.6342
557.517	85.2617
559.446	85.5932
561.375	85.4297
563.304	85.3283
565.233	85.559
567.162	85.6485
569.091	85.325
571.021	85.0784
572.95	85.264
574.879	85.6055
576.808	85.8898
578.737	86.2388
580.666	86.5133
582.595	86.3472
584.524	85.8256
586.454	85.4598
588.383	85.5479
590.312	85.9298
592.241	86.2157
594.17	86.1729
596.099	85.9147
598.028	85.6589
599.957	85.5204
601.887	85.5307
603.816	85.6648
605.745	85.8881
607.674	86.1995
609.603	86.5442
611.532	86.8019
613.461	86.9431
615.39	87.0046
617.32	86.9991
619.249	87.0158
621.178	87.1274
623.107	87.2134
625.036	87.1895
626.965	87.1672
628.894	87.1746
630.823	87.1061
632.753	86.9919
634.682	86.9316
636.611	86.8885
638.54	86.8093
640.469	86.6884
642.398	86.4562
644.327	86.1244
646.256	85.8622
648.186	85.7037
650.115	85.524
652.044	85.3578
653.973	85.3478
655.902	85.4655
657.831	85.6298
659.76	85.8919
661.689	86.2142
663.619	86.5048
665.548	87.0038
667.477	88.0175
669.406	88.7454
671.335	88.6914
673.264	88.8044
675.193	89.2253
677.122	89.4855
679.052	89.5595
680.981	89.7564
682.91	89.9069
684.839	89.7899
686.768	89.6302
688.697	89.5807
690.626	89.5159
692.555	89.4268
694.485	89.4264
696.414	89.4746
698.343	89.4794
700.272	89.4565
702.201	89.4217
704.13	89.3521
706.059	89.26
707.988	89.1737
709.917	89.1131
711.847	89.0801
713.776	89.0388
715.705	89.0065
717.634	89.0731
719.563	89.1948
721.492	89.1865
723.421	89.0233
725.35	88.8243
727.28	88.5827
729.209	88.216
731.138	87.7359
733.067	87.2045
734.996	86.6713
736.925	86.1943
738.854	85.7786
740.783	85.2909
742.713	84.5839
744.642	83.7765
746.571	83.2518
748.5	83.2768
750.429	83.793
752.358	84.5753
754.287	85.3716
756.216	85.9897
758.146	86.4453
760.075	86.8344
762.004	87.0404
763.933	86.9109
765.862	86.5873
767.791	86.2594
769.72	85.8088
771.649	84.9809
773.579	83.6447
775.508	81.718
777.437	79.0509
779.366	75.5236
781.295	71.3284
783.224	67.2005
785.153	64.2068
787.082	63.1663
789.012	64.3192
790.941	67.4224
792.87	71.826
794.799	76.4956
796.728	80.3619
798.657	82.8569
800.586	84.0873
802.515	84.4657
804.445	84.2724
806.374	83.6098
808.303	82.563
810.232	81.2889
812.161	80.0901
814.09	79.3851
816.019	79.4307
817.948	80.1113
819.878	81.0907
821.807	82.0772
823.736	82.8834
825.665	83.3992
827.594	83.6366
829.523	83.6886
831.452	83.5748
833.381	83.2336
835.311	82.6449
837.24	81.799
839.169	80.6101
841.098	79.0689
843.027	77.4194
844.956	75.9959
846.885	74.9508
848.814	74.2303
850.744	73.6785
852.673	73.1162
854.602	72.449
856.531	71.725
858.46	71.0552
860.389	70.5448
862.318	70.2981
864.247	70.3694
866.177	70.7112
868.106	71.2411
870.035	71.8833
871.964	72.5145
873.893	73.0056
875.822	73.3303
877.751	73.5281
879.68	73.6376
881.609	73.7282
883.539	73.8867
885.468	74.1385
887.397	74.4376
889.326	74.7157
891.255	74.9209
893.184	75.0337
895.113	75.0553
897.042	75.0247
898.972	75.0595
900.901	75.3059
902.83	75.8411
904.759	76.6693
906.688	77.7526
908.617	78.9915
910.546	80.213
912.475	81.1936
914.405	81.7266
916.334	81.7357
918.263	81.3035
920.192	80.5664
922.121	79.6358
924.05	78.5859
925.979	77.4377
927.908	76.1804
929.838	74.8049
931.767	73.2967
933.696	71.6857
935.625	70.1142
937.554	68.7504
939.483	67.6823
941.412	66.9526
943.341	66.5553
945.271	66.3659
947.2	66.2566
949.129	66.2816
951.058	66.6112
952.987	67.312
954.916	68.2582
956.845	69.23
958.774	70.0914
960.704	70.8574
962.633	71.5832
964.562	72.3053
966.491	73.1023
968.42	74.0324
970.349	75.0072
972.278	75.8697
974.207	76.5289
976.137	76.9359
978.066	77.0584
979.995	76.9225
981.924	76.5724
983.853	76.0101
985.782	75.2528
987.711	74.4164
989.64	73.7034
991.57	73.2832
993.499	73.13
995.428	72.9985
997.357	72.6091
999.286	71.8264
1001.22	70.6805
1003.14	69.3141
1005.07	67.9061
1007	66.5945
1008.93	65.4766
1010.86	64.6063
1012.79	63.8842
1014.72	63.0258
1016.65	61.7671
1018.58	60.0745
1020.51	58.124
1022.44	56.1543
1024.36	54.4019
1026.29	53.1412
1028.22	52.6241
1030.15	52.83
1032.08	53.3909
1034.01	53.9392
1035.94	54.431
1037.87	55.0135
1039.8	55.7546
1041.73	56.6505
1043.66	57.7595
1045.58	59.1827
1047.51	60.9349
1049.44	62.8732
1051.37	64.7347
1053.3	66.251
1055.23	67.2863
1057.16	67.9204
1059.09	68.3587
1061.02	68.6958
1062.95	68.8032
1064.88	68.5098
1066.81	67.8602
1068.73	67.168
1070.66	66.8413
1072.59	67.1237
1074.52	67.9329
1076.45	68.9607
1078.38	69.9544
1080.31	70.8451
1082.24	71.6111
1084.17	72.1526
1086.1	72.3601
1088.03	72.2154
1089.95	71.7739
1091.88	71.0965
1093.81	70.2327
1095.74	69.2415
1097.67	68.2006
1099.6	67.1803
1101.53	66.1934
1103.46	65.1788
1105.39	64.0685
1107.32	62.8713
1109.25	61.6554
1111.18	60.4801
1113.1	59.4
1115.03	58.4718
1116.96	57.6729
1118.89	56.8696
1120.82	55.9444
1122.75	54.8976
1124.68	53.7814
1126.61	52.6127
1128.54	51.4013
1130.47	50.1944
1132.4	49.0397
1134.32	47.945
1136.25	46.9083
1138.18	45.961
1140.11	45.1513
1142.04	44.5054
1143.97	44.028
1145.9	43.7341
1147.83	43.6419
1149.76	43.7274
1151.69	43.939
1153.62	44.268
1155.55	44.7231
1157.47	45.2619
1159.4	45.8538
1161.33	46.548
1163.26	47.3885
1165.19	48.362
1167.12	49.4695
1169.05	50.7381
1170.98	52.1584
1172.91	53.6814
1174.84	55.2574
1176.77	56.8585
1178.69	58.4768
1180.62	60.0841
1182.55	61.6196
1184.48	63.047
1186.41	64.3587
1188.34	65.5259
1190.27	66.5374
1192.2	67.4534
1194.13	68.3324
1196.06	69.1644
1197.99	69.9091
1199.91	70.5192
1201.84	70.9229
1203.77	71.0473
1205.7	70.8513
1207.63	70.3155
1209.56	69.421
1211.49	68.1578
1213.42	66.554
1215.35	64.6625
1217.28	62.514
1219.21	60.1451
1221.14	57.6511
1223.06	55.143
1224.99	52.6838
1226.92	50.3008
1228.85	48.0294
1230.78	45.9366
1232.71	44.1084
1234.64	42.6225
1236.57	41.5239
1238.5	40.7869
1240.43	40.2878
1242.36	39.8667
1244.28	39.4288
1246.21	38.9502
1248.14	38.4181
1250.07	37.8369
1252	37.2694
1253.93	36.8268
1255.86	36.6381
1257.79	36.8131
1259.72	37.3878
1261.65	38.3325
1263.58	39.6167
1265.51	41.1993
1267.43	42.9935
1269.36	44.9043
1271.29	46.8509
1273.22	48.7635
1275.15	50.6104
1277.08	52.3879
1279.01	54.102
1280.94	55.7844
1282.87	57.4459
1284.8	59.0509
1286.73	60.6029
1288.65	62.1394
1290.58	63.6165
1292.51	64.9542
1294.44	66.1666
1296.37	67.351
1298.3	68.6274
1300.23	70.1156
1302.16	71.8796
1304.09	73.8771
1306.02	75.9653
1307.95	77.9383
1309.87	79.6122
1311.8	80.8618
1313.73	81.5709
1315.66	81.6943
1317.59	81.3653
1319.52	80.8804
1321.45	80.6001
1323.38	80.7701
1325.31	81.4205
1327.24	82.3786
1329.17	83.3584
1331.1	84.1119
1333.02	84.5229
1334.95	84.6722
1336.88	84.7508
1338.81	84.8901
1340.74	85.1476
1342.67	85.5396
1344.6	86.0335
1346.53	86.547
1348.46	86.9234
1350.39	86.9762
1352.32	86.6291
1354.24	85.9427
1356.17	85.1502
1358.1	84.594
1360.03	84.331
1361.96	84.021
1363.89	83.4069
1365.82	82.5856
1367.75	81.5551
1369.68	80.3483
1371.61	79.2627
1373.54	78.3964
1375.47	77.6235
1377.39	77.0248
1379.32	76.7247
1381.25	76.7135
1383.18	76.963
1385.11	77.533
1387.04	78.4927
1388.97	79.5133
1390.9	80.1791
1392.83	80.5215
1394.76	80.6042
1396.69	80.3391
1398.61	79.7394
1400.54	79.0897
1402.47	78.7106
1404.4	78.69
1406.33	78.9784
1408.26	79.515
1410.19	80.3253
1412.12	81.3742
1414.05	82.4083
1415.98	83.3953
1417.91	84.5293
1419.83	85.5525
1421.76	86.0588
1423.69	86.1668
1425.62	86.0704
1427.55	85.798
1429.48	85.1051
1431.41	83.9444
1433.34	82.7444
1435.27	81.4903
1437.2	79.8509
1439.13	78.2795
1441.06	77.1334
1442.98	76.2156
1444.91	75.5302
1446.84	75.0912
1448.77	74.7336
1450.7	74.5422
1452.63	74.7436
1454.56	75.3945
1456.49	76.5557
1458.42	77.7778
1460.35	78.5836
1462.28	79.4591
1464.2	80.707
1466.13	81.9987
1468.06	82.9939
1469.99	84.0132
1471.92	85.1904
1473.85	86.0158
1475.78	86.3964
1477.71	86.801
1479.64	87.2563
1481.57	87.6757
1483.5	88.1037
1485.43	88.618
1487.35	89.3359
1489.28	90.2807
1491.21	91.1027
1493.14	91.7352
1495.07	92.4731
1497	93.2715
1498.93	93.7231
1500.86	93.9221
1502.79	94.2255
1504.72	94.7256
1506.65	95.2837
1508.57	95.387
1510.5	95.2008
1512.43	95.1317
1514.36	95.2517
1516.29	95.5086
1518.22	95.7988
1520.15	96.023
1522.08	96.0421
1524.01	95.8977
1525.94	95.7428
1527.87	95.6179
1529.8	95.5758
1531.72	95.6744
1533.65	95.8088
1535.58	95.8584
1537.51	96.0387
1539.44	96.5226
1541.37	96.7237
1543.3	96.2699
1545.23	95.8738
1547.16	95.7302
1549.09	95.7461
1551.02	95.813
1552.94	95.842
1554.87	95.9141
1556.8	96.2135
1558.73	96.4955
1560.66	96.1323
1562.59	95.6719
1564.52	95.4725
1566.45	95.4911
1568.38	95.5442
1570.31	95.3833
1572.24	95.1689
1574.16	95.1832
1576.09	95.2993
1578.02	95.1464
1579.95	94.8873
1581.88	94.7986
1583.81	94.8553
1585.74	94.9318
1587.67	94.9732
1589.6	94.9963
1591.53	95.0355
1593.46	95.0984
1595.39	95.13
1597.31	95.0971
1599.24	95.0568
1601.17	95.0455
1603.1	95.0045
1605.03	94.915
1606.96	94.8644
1608.89	94.8416
1610.82	94.7408
1612.75	94.6605
1614.68	94.7182
1616.61	94.6673
1618.53	94.3206
1620.46	94.0288
1622.39	93.8509
1624.32	93.5868
1626.25	93.2207
1628.18	92.7319
1630.11	92.135
1632.04	91.7209
1633.97	91.5734
1635.9	91.3029
1637.83	90.8725
1639.76	90.9535
1641.68	91.5985
1643.61	92.5143
1645.54	93.5126
1647.47	94.1904
1649.4	94.3486
1651.33	94.5013
1653.26	94.7872
1655.19	94.5812
1657.12	94.1908
1659.05	94.0392
1660.98	94.0344
1662.9	93.901
1664.83	93.653
1666.76	93.5773
1668.69	93.6747
1670.62	93.6087
1672.55	93.3514
1674.48	93.069
1676.41	92.6345
1678.34	92.1816
1680.27	91.9406
1682.2	91.7666
1684.12	91.4138
1686.05	90.8713
1687.98	90.199
1689.91	89.4533
1691.84	88.6735
1693.77	87.6947
1695.7	86.4879
1697.63	85.1158
1699.56	83.0883
1701.49	80.5057
1703.42	78.0518
1705.35	75.2213
1707.27	71.6257
1709.2	68.014
1711.13	64.7757
1713.06	61.7573
1714.99	59.1398
1716.92	56.714
1718.85	54.254
1720.78	52.7353
1722.71	52.2843
1724.64	52.3475
1726.57	52.7682
1728.49	53.5157
1730.42	54.3935
1732.35	55.2193
1734.28	55.5411
1736.21	55.2586
1738.14	54.9278
1740.07	54.5892
1742	54.1826
1743.93	54.1547
1745.86	54.7039
1747.79	55.797
1749.72	57.6555
1751.64	59.9195
1753.57	62.1398
1755.5	64.7905
1757.43	68.0864
1759.36	71.5437
1761.29	75.0174
1763.22	78.4689
1765.15	81.4341
1767.08	83.937
1769.01	86.3399
1770.94	88.5501
1772.86	90.2852
1774.79	91.49
1776.72	92.2348
1778.65	92.8107
1780.58	93.4404
1782.51	93.9058
1784.44	94.1309
1786.37	94.4008
1788.3	94.7587
1790.23	95.1123
1792.16	95.4378
1794.08	95.5619
1796.01	95.5327
1797.94	95.5767
1799.87	95.6542
1801.8	95.6759
1803.73	95.7066
1805.66	95.7189
1807.59	95.7274
1809.52	95.8604
1811.45	96.0112
1813.38	96.0045
1815.31	95.9782
1817.23	96.0632
1819.16	96.1864
1821.09	96.288
1823.02	96.3844
1824.95	96.5112
1826.88	96.6874
1828.81	96.8073
1830.74	96.7518
1832.67	96.6274
1834.6	96.5872
1836.53	96.6226
1838.45	96.6547
1840.38	96.6775
1842.31	96.8088
1844.24	97.0624
1846.17	97.1588
1848.1	97.0339
1850.03	96.9301
1851.96	96.9452
1853.89	97.0225
1855.82	97.127
1857.75	97.2256
1859.68	97.2446
1861.6	97.1859
1863.53	97.1946
1865.46	97.402
1867.39	97.7103
1869.32	97.8197
1871.25	97.6734
1873.18	97.5092
1875.11	97.4445
1877.04	97.4961
1878.97	97.6066
1880.9	97.645
1882.82	97.6082
1884.75	97.655
1886.68	97.8241
1888.61	97.9419
1890.54	97.8703
1892.47	97.717
1894.4	97.6636
1896.33	97.7549
1898.26	97.9222
1900.19	98.0715
1902.12	98.1404
1904.05	98.1484
1905.97	98.1665
1907.9	98.1988
1909.83	98.2047
1911.76	98.2119
1913.69	98.2978
1915.62	98.4782
1917.55	98.6205
1919.48	98.5892
1921.41	98.5081
1923.34	98.4828
1925.27	98.387
1927.19	98.2643
1929.12	98.3308
1931.05	98.4866
1932.98	98.5169
1934.91	98.5464
1936.84	98.6982
1938.77	98.8423
1940.7	98.9286
1942.63	98.97
1944.56	98.8852
1946.49	98.7743
1948.41	98.8711
1950.34	99.165
1952.27	99.4282
1954.2	99.5275
1956.13	99.5406
1958.06	99.6283
1959.99	99.7842
1961.92	99.7961
1963.85	99.6216
1965.78	99.5309
1967.71	99.6638
1969.64	99.8246
1971.56	99.8992
1973.49	99.9361
1975.42	99.8803
1977.35	99.811
1979.28	99.9836
1981.21	100.251
1983.14	100.246
1985.07	100.089
1987	100.047
1988.93	99.9857
1990.86	99.795
1992.78	99.6787
1994.71	99.7561
1996.64	99.9268
1998.57	100.027
2000.5	99.9408
2002.43	99.8177
2004.36	99.9201
2006.29	100.169
2008.22	100.286
2010.15	100.238
2012.08	100.196
2014.01	100.281
2015.93	100.446
2017.86	100.56
2019.79	100.609
2021.72	100.616
2023.65	100.51
2025.58	100.336
2027.51	100.251
2029.44	100.205
2031.37	100.122
2033.3	100.167
2035.23	100.36
2037.15	100.433
2039.08	100.324
2041.01	100.261
2042.94	100.346
2044.87	100.46
2046.8	100.476
2048.73	100.381
2050.66	100.312
2052.59	100.38
2054.52	100.421
2056.45	100.224
2058.37	99.9346
2060.3	99.8314
2062.23	99.8517
2064.16	99.7321
2066.09	99.47
2068.02	99.333
2069.95	99.4709
2071.88	99.7034
2073.81	99.7456
2075.74	99.5973
2077.67	99.5027
2079.6	99.5294
2081.52	99.5057
2083.45	99.3522
2085.38	99.1873
2087.31	99.1273
2089.24	99.1711
2091.17	99.2468
2093.1	99.2795
2095.03	99.2418
2096.96	99.1586
2098.89	99.0495
2100.82	98.9292
2102.74	98.8881
2104.67	99.0311
2106.6	99.2964
2108.53	99.4708
2110.46	99.3964
2112.39	99.1181
2114.32	98.8643
2116.25	98.8249
2118.18	98.9219
2120.11	98.957
2122.04	98.9217
2123.97	98.9469
2125.89	99.0853
2127.82	99.2713
2129.75	99.3582
2131.68	99.2768
2133.61	99.2131
2135.54	99.3641
2137.47	99.6485
2139.4	99.924
2141.33	100.132
2143.26	100.141
2145.19	99.9671
2147.11	99.927
2149.04	100.101
2150.97	100.157
2152.9	100.08
2154.83	100.245
2156.76	100.547
2158.69	100.485
2160.62	100.206
2162.55	100.209
2164.48	100.3
2166.41	100.088
2168.33	99.8592
2170.26	99.9063
2172.19	99.9476
2174.12	99.8389
2176.05	99.8727
2177.98	100.097
2179.91	100.246
2181.84	100.297
2183.77	100.391
2185.7	100.456
2187.63	100.372
2189.56	100.215
2191.48	100.104
2193.41	100.072
2195.34	100.129
2197.27	100.215
2199.2	100.217
2201.13	100.171
2203.06	100.223
2204.99	100.27
2206.92	100.052
2208.85	99.6727
2210.78	99.5386
2212.7	99.6781
2214.63	99.6882
2216.56	99.4879
2218.49	99.5099
2220.42	99.9437
2222.35	100.368
2224.28	100.327
2226.21	99.8971
2228.14	99.5578
2230.07	99.5978
2232	99.7611
2233.93	99.6803
2235.85	99.5003
2237.78	99.5561
2239.71	99.7055
2241.64	99.6115
2243.57	99.3558
2245.5	99.2524
2247.43	99.36
2249.36	99.502
2251.29	99.5728
2253.22	99.6157
2255.15	99.6548
2257.07	99.6301
2259	99.5189
2260.93	99.3873
2262.86	99.3117
2264.79	99.3029
2266.72	99.2994
2268.65	99.2827
2270.58	99.3305
2272.51	99.4282
2274.44	99.4387
2276.37	99.3648
2278.29	99.3217
2280.22	99.2845
2282.15	99.2011
2284.08	99.1434
2286.01	99.1175
2287.94	99.0361
2289.87	98.9491
2291.8	98.9873
2293.73	99.122
2295.66	99.2121
2297.59	99.2121
2299.52	99.2029
2301.44	99.2657
2303.37	99.3887
2305.3	99.5396
2307.23	99.7917
2309.16	100.216
2311.09	100.681
2313.02	100.986
2314.95	101.136
2316.88	101.31
2318.81	101.703
2320.74	102.335
2322.66	102.892
2324.59	103.204
2326.52	103.605
2328.45	104.213
2330.38	104.583
2332.31	104.596
2334.24	104.744
2336.17	105.069
2338.1	105.167
2340.03	105.124
2341.96	105.183
2343.89	104.772
2345.81	103.532
2347.74	102.505
2349.67	102.488
2351.6	103.58
2353.53	105.334
2355.46	106.7
2357.39	107.5
2359.32	108.134
2361.25	108.067
2363.18	107.169
2365.11	106.187
2367.03	105.403
2368.96	104.475
2370.89	103.315
2372.82	102.223
2374.75	101.229
2376.68	100.163
2378.61	99.1929
2380.54	98.594
2382.47	98.2559
2384.4	97.917
2386.33	97.5985
2388.26	97.486
2390.18	97.5548
2392.11	97.5472
2394.04	97.3259
2395.97	97.0846
2397.9	97.0695
2399.83	97.2114
2401.76	97.2774
2403.69	97.2632
2405.62	97.3299
2407.55	97.4845
2409.48	97.5987
2411.4	97.6276
2413.33	97.6289
2415.26	97.6331
2417.19	97.5996
2419.12	97.522
2421.05	97.5039
2422.98	97.6254
2424.91	97.7972
2426.84	97.8666
2428.77	97.8161
2430.7	97.7634
2432.62	97.8002
2434.55	97.8894
2436.48	97.9267
2438.41	97.8885
2440.34	97.8749
2442.27	97.9728
2444.2	98.1148
2446.13	98.1582
2448.06	98.0996
2449.99	98.0876
2451.92	98.1973
2453.85	98.327
2455.77	98.3406
2457.7	98.2207
2459.63	98.0799
2461.56	98.0412
2463.49	98.0893
2465.42	98.1067
2467.35	98.0685
2469.28	98.0601
2471.21	98.1142
2473.14	98.1733
2475.07	98.1778
2476.99	98.1364
2478.92	98.1376
2480.85	98.2229
2482.78	98.2642
2484.71	98.156
2486.64	98.0295
2488.57	98.0349
2490.5	98.0837
2492.43	98.0477
2494.36	98.0043
2496.29	98.0688
2498.22	98.1674
2500.14	98.1819
2502.07	98.1669
2504	98.203
2505.93	98.1905
2507.86	98.0414
2509.79	97.9054
2511.72	97.9444
2513.65	98.079
2515.58	98.161
2517.51	98.1846
2519.44	98.1817
2521.36	98.1309
2523.29	98.0708
2525.22	98.0831
2527.15	98.107
2529.08	98.016
2531.01	97.8678
2532.94	97.8077
2534.87	97.8304
2536.8	97.8864
2538.73	98.0048
2540.66	98.1294
2542.58	98.104
2544.51	97.9096
2546.44	97.7036
2548.37	97.624
2550.3	97.663
2552.23	97.7132
2554.16	97.7113
2556.09	97.6949
2558.02	97.7207
2559.95	97.793
2561.88	97.8543
2563.81	97.8412
2565.73	97.7664
2567.66	97.6724
2569.59	97.5751
2571.52	97.5522
2573.45	97.6809
2575.38	97.8515
2577.31	97.9072
2579.24	97.8539
2581.17	97.7603
2583.1	97.6797
2585.03	97.6662
2586.95	97.6778
2588.88	97.6214
2590.81	97.5251
2592.74	97.4659
2594.67	97.4433
2596.6	97.4325
2598.53	97.4314
2600.46	97.4518
2602.39	97.477
2604.32	97.4321
2606.25	97.3272
2608.18	97.2943
2610.1	97.3245
2612.03	97.2728
2613.96	97.1671
2615.89	97.1339
2617.82	97.1564
2619.75	97.1786
2621.68	97.181
2623.61	97.1069
2625.54	96.9824
2627.47	96.9408
2629.4	96.9811
2631.32	96.9814
2633.25	96.9356
2635.18	96.8971
2637.11	96.8356
2639.04	96.7483
2640.97	96.7141
2642.9	96.7404
2644.83	96.7453
2646.76	96.703
2648.69	96.6517
2650.62	96.6011
2652.54	96.537
2654.47	96.4737
2656.4	96.4501
2658.33	96.4781
2660.26	96.4979
2662.19	96.4432
2664.12	96.3626
2666.05	96.3471
2667.98	96.3587
2669.91	96.3097
2671.84	96.2412
2673.77	96.2285
2675.69	96.2345
2677.62	96.2135
2679.55	96.1943
2681.48	96.1789
2683.41	96.1435
2685.34	96.1392
2687.27	96.2095
2689.2	96.2702
2691.13	96.2339
2693.06	96.1496
2694.99	96.104
2696.91	96.1136
2698.84	96.1572
2700.77	96.1843
2702.7	96.1409
2704.63	96.0765
2706.56	96.0827
2708.49	96.1184
2710.42	96.0922
2712.35	96.0376
2714.28	96.0136
2716.21	95.9701
2718.14	95.8601
2720.06	95.7525
2721.99	95.7425
2723.92	95.8153
2725.85	95.8573
2727.78	95.8207
2729.71	95.7868
2731.64	95.7879
2733.57	95.7371
2735.5	95.6286
2737.43	95.5685
2739.36	95.5551
2741.28	95.498
2743.21	95.4364
2745.14	95.4744
2747.07	95.5729
2749	95.6157
2750.93	95.588
2752.86	95.5514
2754.79	95.5508
2756.72	95.6084
2758.65	95.6986
2760.58	95.7211
2762.51	95.6267
2764.43	95.5228
2766.36	95.5116
2768.29	95.5216
2770.22	95.4643
2772.15	95.4097
2774.08	95.4279
2776.01	95.4251
2777.94	95.311
2779.87	95.1592
2781.8	95.074
2783.73	95.0522
2785.65	95.0481
2787.58	95.0472
2789.51	95.0566
2791.44	95.0898
2793.37	95.1422
2795.3	95.1877
2797.23	95.235
2799.16	95.2943
2801.09	95.2754
2803.02	95.1053
2804.95	94.9045
2806.87	94.8056
2808.8	94.7358
2810.73	94.627
2812.66	94.5839
2814.59	94.6145
2816.52	94.5414
2818.45	94.3464
2820.38	94.1999
2822.31	94.1127
2824.24	93.9709
2826.17	93.7985
2828.1	93.6322
2830.02	93.4002
2831.95	93.1348
2833.88	92.9466
2835.81	92.773
2837.74	92.5229
2839.67	92.3026
2841.6	92.2081
2843.53	92.147
2845.46	91.9947
2847.39	91.7039
2849.32	91.2927
2851.24	90.8621
2853.17	90.4961
2855.1	90.1234
2857.03	89.6168
2858.96	88.9866
2860.89	88.3628
2862.82	87.8092
2864.75	87.2862
2866.68	86.8164
2868.61	86.4749
2870.54	86.2148
2872.47	86.0006
2874.39	85.9919
2876.32	86.2735
2878.25	86.6649
2880.18	87.0134
2882.11	87.3189
2884.04	87.5586
2885.97	87.7434
2887.9	87.9529
2889.83	88.1129
2891.76	88.0666
2893.69	87.8788
2895.61	87.7378
2897.54	87.6757
2899.47	87.6126
2901.4	87.5167
2903.33	87.4097
2905.26	87.3237
2907.19	87.2763
2909.12	87.2424
2911.05	87.1455
2912.98	86.912
2914.91	86.5815
2916.83	86.2966
2918.76	86.0868
2920.69	85.806
2922.62	85.3866
2924.55	84.9147
2926.48	84.4389
2928.41	83.986
2930.34	83.6576
2932.27	83.5062
2934.2	83.5284
2936.13	83.7753
2938.06	84.185
2939.98	84.5115
2941.91	84.668
2943.84	84.7898
2945.77	84.8652
2947.7	84.709
2949.63	84.2463
2951.56	83.545
2953.49	82.7636
2955.42	82.1655
2957.35	81.9341
2959.28	82.0206
2961.2	82.3396
2963.13	82.9254
2965.06	83.7874
2966.99	84.8188
2968.92	85.9048
2970.85	86.9799
2972.78	87.9576
2974.71	88.7198
2976.64	89.2415
2978.57	89.6745
2980.5	90.1858
2982.43	90.7316
2984.35	91.1497
2986.28	91.421
2988.21	91.6439
2990.14	91.8532
2992.07	92.0389
2994	92.1843
2995.93	92.2438
2997.86	92.2856
2999.79	92.5008
3001.72	92.8988
3003.65	93.2693
3005.57	93.4916
3007.5	93.5972
3009.43	93.6368
3011.36	93.6841
3013.29	93.8062
3015.22	93.9965
3017.15	94.2198
3019.08	94.4381
3021.01	94.6342
3022.94	94.8554
3024.87	95.0908
3026.79	95.2255
3028.72	95.2479
3030.65	95.2419
3032.58	95.2149
3034.51	95.1987
3036.44	95.2869
3038.37	95.4304
3040.3	95.5096
3042.23	95.5542
3044.16	95.6055
3046.09	95.5964
3048.02	95.5553
3049.94	95.6333
3051.87	95.8206
3053.8	95.9057
3055.73	95.7976
3057.66	95.6782
3059.59	95.7158
3061.52	95.8287
3063.45	95.8861
3065.38	95.9287
3067.31	96.0225
3069.24	96.0725
3071.16	95.9908
3073.09	95.9128
3075.02	95.9882
3076.95	96.1047
3078.88	96.1233
3080.81	96.1006
3082.74	96.0108
3084.67	95.7632
3086.6	95.5937
3088.53	95.7561
3090.46	95.9976
3092.39	96.006
3094.31	95.9096
3096.24	95.8931
3098.17	95.896
3100.1	95.8374
3102.03	95.7298
3103.96	95.6525
3105.89	95.672
3107.82	95.6771
3109.75	95.5795
3111.68	95.5956
3113.61	95.8563
3115.53	96.0815
3117.46	96.0793
3119.39	96.03
3121.32	96.0346
3123.25	95.9501
3125.18	95.7248
3127.11	95.5168
3129.04	95.5077
3130.97	95.7198
3132.9	95.9551
3134.83	96.0025
3136.75	95.9157
3138.68	95.8692
3140.61	95.8612
3142.54	95.7953
3144.47	95.6894
3146.4	95.6027
3148.33	95.5125
3150.26	95.4143
3152.19	95.4062
3154.12	95.5687
3156.05	95.8236
3157.98	95.9615
3159.9	95.8566
3161.83	95.6448
3163.76	95.5385
3165.69	95.5278
3167.62	95.511
3169.55	95.5407
3171.48	95.6271
3173.41	95.5963
3175.34	95.4066
3177.27	95.2244
3179.2	95.1253
3181.12	95.1082
3183.05	95.2179
3184.98	95.355
3186.91	95.3357
3188.84	95.236
3190.77	95.2053
3192.7	95.1382
3194.63	94.9903
3196.56	94.9955
3198.49	95.2153
3200.42	95.371
3202.35	95.3048
3204.27	95.1438
3206.2	95.018
3208.13	94.942
3210.06	94.8919
3211.99	94.8367
3213.92	94.7393
3215.85	94.6018
3217.78	94.5535
3219.71	94.7459
3221.64	95.0273
3223.57	95.0356
3225.49	94.7649
3227.42	94.5641
3229.35	94.5743
3231.28	94.6341
3233.21	94.587
3235.14	94.4309
3237.07	94.3486
3239	94.4515
3240.93	94.479
3242.86	94.246
3244.79	94.0522
3246.72	94.079
3248.64	94.1028
3250.57	94.1044
3252.5	94.2444
3254.43	94.3475
3256.36	94.2177
3258.29	94.0514
3260.22	94.0593
3262.15	94.1443
3264.08	94.0824
3266.01	93.8314
3267.94	93.6575
3269.86	93.7541
3271.79	93.8671
3273.72	93.7724
3275.65	93.7217
3277.58	93.8633
3279.51	93.8806
3281.44	93.6418
3283.37	93.469
3285.3	93.5438
3287.23	93.674
3289.16	93.6808
3291.08	93.5818
3293.01	93.4571
3294.94	93.3702
3296.87	93.316
3298.8	93.2064
3300.73	93.0503
3302.66	93.0336
3304.59	93.2217
3306.52	93.3808
3308.45	93.2977
3310.38	93.0868
3312.31	92.9978
3314.23	93.0674
3316.16	93.1189
3318.09	93.0449
3320.02	92.9525
3321.95	92.9736
3323.88	93.052
3325.81	93.0482
3327.74	92.9668
3329.67	92.9376
3331.6	93.0187
3333.53	93.1127
3335.45	93.0792
3337.38	92.8947
3339.31	92.6751
3341.24	92.5633
3343.17	92.6189
3345.1	92.7526
3347.03	92.8035
3348.96	92.7736
3350.89	92.8265
3352.82	92.9732
3354.75	93.0403
3356.68	92.9894
3358.6	92.9634
3360.53	93.0117
3362.46	93.0335
3364.39	92.9738
3366.32	92.8939
3368.25	92.8465
3370.18	92.8409
3372.11	92.9394
3374.04	93.1351
3375.97	93.1813
3377.9	92.9589
3379.82	92.8095
3381.75	92.996
3383.68	93.2248
3385.61	93.1473
3387.54	92.8959
3389.47	92.8052
3391.4	92.9738
3393.33	93.2142
3395.26	93.2898
3397.19	93.2122
3399.12	93.168
3401.04	93.1929
3402.97	93.1917
3404.9	93.1611
3406.83	93.1418
3408.76	93.1229
3410.69	93.1382
3412.62	93.2536
3414.55	93.4133
3416.48	93.4971
3418.41	93.5275
3420.34	93.6108
3422.27	93.7016
3424.19	93.7106
3426.12	93.7259
3428.05	93.7548
3429.98	93.6252
3431.91	93.4254
3433.84	93.4125
3435.77	93.4719
3437.7	93.4446
3439.63	93.5722
3441.56	93.9192
3443.49	94.1324
3445.41	94.1173
3447.34	94.0712
3449.27	93.9779
3451.2	93.817
3453.13	93.8051
3455.06	93.9929
3456.99	94.1554
3458.92	94.2283
3460.85	94.3786
3462.78	94.5847
3464.71	94.5749
3466.64	94.3175
3468.56	94.1745
3470.49	94.3287
3472.42	94.4475
3474.35	94.2309
3476.28	93.9143
3478.21	93.8618
3480.14	94.0163
3482.07	94.1214
3484	94.1913
3485.93	94.3916
3487.86	94.6625
3489.78	94.8261
3491.71	94.8669
3493.64	94.8692
3495.57	94.879
3497.5	94.906
3499.43	94.8924
3501.36	94.8084
3503.29	94.8352
3505.22	95.1004
3507.15	95.2845
3509.08	95.0426
3511	94.6291
3512.93	94.5328
3514.86	94.6472
3516.79	94.6123
3518.72	94.6038
3520.65	94.9606
3522.58	95.4077
3524.51	95.4444
3526.44	95.1425
3528.37	94.8942
3530.3	94.8153
3532.23	94.7835
3534.15	94.681
3536.08	94.5423
3538.01	94.5445
3539.94	94.7159
3541.87	94.8639
3543.8	94.8677
3545.73	94.7874
3547.66	94.7893
3549.59	94.9575
3551.52	95.1019
3553.45	94.9581
3555.37	94.6477
3557.3	94.494
3559.23	94.577
3561.16	94.8271
3563.09	95.1112
3565.02	95.3067
3566.95	95.5285
3568.88	95.8458
3570.81	95.905
3572.74	95.6509
3574.67	95.4915
3576.6	95.6375
3578.52	95.8837
3580.45	96.104
3582.38	96.2082
3584.31	96.0295
3586.24	95.7292
3588.17	95.7404
3590.1	96.0204
3592.03	96.2577
3593.96	96.4292
3595.89	96.5
3597.82	96.5103
3599.74	96.6667
3601.67	96.8576
3603.6	96.7515
3605.53	96.4988
3607.46	96.5734
3609.39	96.9773
3611.32	97.1379
3613.25	96.9542
3615.18	96.9255
3617.11	97.2389
3619.04	97.5012
3620.97	97.355
3622.89	96.9815
3624.82	96.7144
3626.75	96.7176
3628.68	96.9377
3630.61	96.9975
3632.54	96.9404
3634.47	96.9619
3636.4	96.7952
3638.33	96.3988
3640.26	96.3649
3642.19	96.9052
3644.11	97.3881
3646.04	97.4788
3647.97	97.5929
3649.9	97.6658
3651.83	97.2082
3653.76	96.8283
3655.69	96.969
3657.62	97.213
3659.55	97.0631
3661.48	96.7894
3663.41	96.7397
3665.33	96.9186
3667.26	97.2051
3669.19	97.441
3671.12	97.5872
3673.05	97.9944
3674.98	98.5117
3676.91	98.1971
3678.84	97.4059
3680.77	97.1797
3682.7	97.2886
3684.63	97.2334
3686.56	97.2737
3688.48	97.8459
3690.41	98.3906
3692.34	98.2325
3694.27	97.7912
3696.2	97.3436
3698.13	96.9726
3700.06	96.9063
3701.99	97.1813
3703.92	97.4986
3705.85	97.7313
3707.78	97.938
3709.7	98.0164
3711.63	97.8556
3713.56	97.5878
3715.49	97.3728
3717.42	97.3368
3719.35	97.5381
3721.28	97.7608
3723.21	97.8936
3725.14	98.1631
3727.07	98.4276
3729	98.3483
3730.93	98.1681
3732.85	98.2605
3734.78	98.4097
3736.71	98.2345
3738.64	98.052
3740.57	98.0998
3742.5	98.2577
3744.43	98.3299
3746.36	98.1963
3748.29	98.0183
3750.22	97.8686
3752.15	97.6801
3754.07	97.5855
3756	97.6913
3757.93	97.8359
3759.86	97.7771
3761.79	97.5938
3763.72	97.4895
3765.65	97.4322
3767.58	97.4048
3769.51	97.4939
3771.44	97.5664
3773.37	97.4212
3775.29	97.1728
3777.22	97.0031
3779.15	96.9447
3781.08	96.9827
3783.01	97.1031
3784.94	97.2121
3786.87	97.2155
3788.8	97.1464
3790.73	97.1047
3792.66	97.1683
3794.59	97.3411
3796.52	97.4945
3798.44	97.5495
3800.37	97.584
3802.3	97.5732
3804.23	97.4802
3806.16	97.4506
3808.09	97.4548
3810.02	97.3365
3811.95	97.2578
3813.88	97.3985
3815.81	97.578
3817.74	97.5981
3819.66	97.7092
3821.59	97.8901
3823.52	97.7394
3825.45	97.4153
3827.38	97.282
3829.31	97.3656
3831.24	97.5139
3833.17	97.607
3835.1	97.5853
3837.03	97.5142
3838.96	97.5564
3840.89	97.7008
3842.81	97.7632
3844.74	97.6286
3846.67	97.341
3848.6	97.1105
3850.53	97.1472
3852.46	97.4958
3854.39	97.7079
3856.32	97.4786
3858.25	97.2863
3860.18	97.3464
3862.11	97.5044
3864.03	97.5063
3865.96	97.3848
3867.89	97.2937
3869.82	97.21
3871.75	97.1576
3873.68	97.1765
3875.61	97.1301
3877.54	97.0351
3879.47	97.1228
3881.4	97.3378
3883.33	97.3074
3885.25	97.0797
3887.18	97.0285
3889.11	97.124
3891.04	97.1325
3892.97	97.0946
3894.9	97.1296
3896.83	97.2035
3898.76	97.3366
3900.69	97.5751
3902.62	97.7215
3904.55	97.5376
3906.48	97.1446
3908.4	96.848
3910.33	96.7827
3912.26	96.8705
3914.19	96.9441
3916.12	97.013
3918.05	97.2091
3919.98	97.3817
3921.91	97.3155
3923.84	97.1612
3925.77	97.1243
3927.7	97.0857
3929.62	96.9015
3931.55	96.7205
3933.48	96.7339
3935.41	96.8604
3937.34	96.9317
3939.27	96.9192
3941.2	96.9083
3943.13	96.9878
3945.06	97.1014
3946.99	97.1034
3948.92	97.0025
3950.85	96.9569
3952.77	97.0008
3954.7	97.0381
3956.63	97.0716
3958.56	97.127
3960.49	97.1004
3962.42	96.9673
3964.35	96.9069
3966.28	96.99
3968.21	97.0664
3970.14	97.0518
3972.07	97.0167
3973.99	96.9948
3975.92	96.9501
3977.85	96.8857
3979.78	96.822
3981.71	96.7426
3983.64	96.659
3985.57	96.6445
3987.5	96.7103
3989.43	96.7308
3991.36	96.6254
3993.29	96.536
3995.22	96.6284
3997.14	96.8063
