499.643	76.348
501.572	77.8018
503.501	79.32
505.43	80.1494
507.36	80.1762
509.289	79.5937
511.218	78.6222
513.147	77.6974
515.076	77.6752
517.005	78.8744
518.934	80.0874
520.863	80.2196
522.792	79.9851
524.722	80.1854
526.651	80.5304
528.58	80.7276
530.509	81.0558
532.438	81.5781
534.367	82.0472
536.296	82.4012
538.225	82.8036
540.155	83.3111
542.084	83.7161
544.013	83.8425
545.942	83.907
547.871	84.2113
549.8	84.5821
551.729	84.627
553.658	84.4312
555.588	84.467
557.517	84.8368
559.446	85.1733
561.375	85.3829
563.304	85.7481
565.233	86.0975
567.162	85.8497
569.091	85.1591
571.021	84.936
572.95	85.4363
574.879	85.9715
576.808	86.0871
578.737	86.1059
580.666	86.3048
582.595	86.4759
584.524	86.3944
586.454	86.1096
588.383	85.8468
590.312	85.8136
592.241	85.9289
594.17	85.9246
596.099	85.8263
598.028	85.822
599.957	85.835
601.887	85.7244
603.816	85.6322
605.745	85.7922
607.674	86.2303
609.603	86.7225
611.532	86.9849
613.461	86.9701
615.39	86.8314
617.32	86.6649
619.249	86.5758
621.178	86.7263
623.107	87.0581
625.036	87.293
626.965	87.2998
628.894	87.1927
630.823	87.077
632.753	86.9587
634.682	86.8261
636.611	86.6825
638.54	86.5507
640.469	86.4575
642.398	86.3896
644.327	86.2953
646.256	86.1143
648.186	85.8118
650.115	85.4928
652.044	85.3725
653.973	85.4699
655.902	85.5383
657.831	85.4809
659.76	85.5389
661.689	85.8523
663.619	86.2787
665.548	86.9149
667.477	88.0082
669.406	88.712
671.335	88.5832
673.264	88.6443
675.193	89.0466
677.122	89.3108
679.052	89.3949
680.981	89.6084
682.91	89.7898
684.839	89.7143
686.768	89.5795
688.697	89.5157
690.626	89.4328
692.555	89.3515
694.485	89.3427
696.414	89.3542
698.343	89.3456
700.272	89.3336
702.201	89.3071
704.13	89.2632
706.059	89.202
707.988	89.1103
709.917	89.0327
711.847	88.9889
713.776	88.9093
715.705	88.8411
717.634	88.9216
719.563	89.0617
721.492	89.0393
723.421	88.8662
725.35	88.6672
727.28	88.4373
729.209	88.1414
731.138	87.7622
733.067	87.2498
734.996	86.6405
736.925	86.0862
738.854	85.6281
740.783	85.1049
742.713	84.3829
744.642	83.5966
746.571	83.082
748.5	83.0951
750.429	83.6313
752.358	84.4592
754.287	85.2895
756.216	85.9592
758.146	86.4471
760.075	86.7419
762.004	86.8203
763.933	86.73
765.862	86.538
767.791	86.2156
769.72	85.6793
771.649	84.8478
773.579	83.582
775.508	81.6796
777.437	78.9615
779.366	75.3522
781.295	71.0894
783.224	66.953
785.153	64.0223
787.082	63.0651
789.012	64.2744
790.941	67.4148
792.87	71.8371
794.799	76.481
796.728	80.2947
798.657	82.7541
800.586	83.9673
802.515	84.3443
804.445	84.191
806.374	83.6031
808.303	82.6204
810.232	81.3779
812.161	80.183
814.09	79.4587
816.019	79.4731
817.948	80.1318
819.878	81.1123
821.807	82.1088
823.736	82.9001
825.665	83.3662
827.594	83.5483
829.523	83.5652
831.452	83.4378
833.381	83.095
835.311	82.5028
837.24	81.6514
839.169	80.4833
841.098	78.9923
843.027	77.3684
844.956	75.915
846.885	74.8202
848.814	74.0621
850.744	73.4881
852.673	72.9422
854.602	72.3381
856.531	71.6679
858.46	71.0024
860.389	70.4793
862.318	70.2211
864.247	70.2554
866.177	70.5492
868.106	71.0661
870.035	71.7257
871.964	72.3821
873.893	72.9155
875.822	73.2864
877.751	73.4876
879.68	73.5538
881.609	73.6043
883.539	73.7638
885.468	74.0482
887.397	74.372
889.326	74.6389
891.255	74.8144
893.184	74.9218
895.113	74.9779
897.042	74.9948
898.972	75.0552
900.901	75.2965
902.83	75.8102
904.759	76.6199
906.688	77.7042
908.617	78.952
910.546	80.1488
912.475	81.0719
914.405	81.5751
916.334	81.6059
918.263	81.2084
920.192	80.4987
922.121	79.5845
924.05	78.5144
925.979	77.3192
927.908	76.0396
929.838	74.6756
931.767	73.1952
933.696	71.639
935.625	70.1307
937.554	68.7832
939.483	67.6919
941.412	66.9531
943.341	66.5609
945.271	66.3688
947.2	66.266
949.129	66.3123
951.058	66.6471
952.987	67.3272
954.916	68.2542
956.845	69.2229
958.774	70.0739
960.704	70.7976
962.633	71.4783
964.562	72.2032
966.491	73.0329
968.42	73.9673
970.349	74.9181
972.278	75.7574
974.207	76.3944
976.137	76.7935
978.066	76.9431
979.995	76.8366
981.924	76.4855
983.853	75.9172
985.782	75.161
987.711	74.3083
989.64	73.5726
991.57	73.1507
993.499	73.0007
995.428	72.8636
997.357	72.4868
999.286	71.744
1001.22	70.6271
1003.14	69.2488
1005.07	67.8043
1007	66.4646
1008.93	65.3442
1010.86	64.4935
1012.79	63.7898
1014.72	62.9279
1016.65	61.6579
1018.58	59.9732
1020.51	58.0363
1022.44	56.0575
1024.36	54.2829
1026.29	53.0086
1028.22	52.486
1030.15	52.6937
1032.08	53.264
1034.01	53.8187
1035.94	54.3122
1037.87	54.8943
1039.8	55.6205
1041.73	56.4948
1043.66	57.6088
1045.58	59.0628
1047.51	60.8426
1049.44	62.7999
1051.37	64.6698
1053.3	66.166
1055.23	67.1666
1057.16	67.7844
1059.09	68.2158
1061.02	68.5365
1062.95	68.6355
1064.88	68.3452
1066.81	67.6827
1068.73	66.968
1070.66	66.6412
1072.59	66.9308
1074.52	67.7259
1076.45	68.7456
1078.38	69.7699
1080.31	70.7019
1082.24	71.4837
1084.17	72.0287
1086.1	72.2436
1088.03	72.0927
1089.95	71.626
1091.88	70.9248
1093.81	70.0444
1095.74	69.0435
1097.67	68.0129
1099.6	67.0141
1101.53	66.0245
1103.46	64.9789
1105.39	63.8384
1107.32	62.6198
1109.25	61.3854
1111.18	60.2085
1113.1	59.1562
1115.03	58.2715
1116.96	57.5105
1118.89	56.732
1120.82	55.8158
1122.75	54.7616
1124.68	53.6335
1126.61	52.4621
1128.54	51.2472
1130.47	50.0175
1132.4	48.8357
1134.32	47.7432
1136.25	46.741
1138.18	45.8329
1140.11	45.0444
1142.04	44.4044
1143.97	43.9491
1145.9	43.7106
1147.83	43.6698
1149.76	43.7651
1151.69	43.9716
1153.62	44.3121
1155.55	44.7819
1157.47	45.3398
1159.4	45.9753
1161.33	46.708
1163.26	47.5444
1165.19	48.4946
1167.12	49.5892
1169.05	50.8386
1170.98	52.2223
1172.91	53.7136
1174.84	55.2822
1176.77	56.891
1178.69	58.5036
1180.62	60.0808
1182.55	61.5848
1184.48	62.9887
1186.41	64.2692
1188.34	65.4095
1190.27	66.4221
1192.2	67.348
1194.13	68.227
1196.06	69.0606
1197.99	69.7965
1199.91	70.3665
1201.84	70.7303
1203.77	70.8525
1205.7	70.6663
1207.63	70.1122
1209.56	69.1786
1211.49	67.8835
1213.42	66.2591
1215.35	64.3423
1217.28	62.1604
1219.21	59.7717
1221.14	57.2936
1223.06	54.8263
1224.99	52.4023
1226.92	50.0464
1228.85	47.8244
1230.78	45.8078
1232.71	44.0478
1234.64	42.596
1236.57	41.498
1238.5	40.7402
1240.43	40.2239
1242.36	39.8055
1244.28	39.3697
1246.21	38.8751
1248.14	38.3343
1250.07	37.7815
1252	37.2705
1253.93	36.8725
1255.86	36.6865
1257.79	36.8382
1259.72	37.4008
1261.65	38.346
1263.58	39.619
1265.51	41.1766
1267.43	42.9436
1269.36	44.8336
1271.29	46.7727
1273.22	48.68
1275.15	50.5094
1277.08	52.2732
1279.01	53.9895
1280.94	55.6689
1282.87	57.3195
1284.8	58.9334
1286.73	60.5133
1288.65	62.0681
1290.58	63.5538
1292.51	64.9121
1294.44	66.1517
1296.37	67.3435
1298.3	68.6134
1300.23	70.1178
1302.16	71.92
1304.09	73.9323
1306.02	76.0045
1307.95	77.9688
1309.87	79.6453
1311.8	80.8819
1313.73	81.5778
1315.66	81.7238
1317.59	81.4418
1319.52	80.9874
1321.45	80.7113
1323.38	80.8872
1325.31	81.5619
1327.24	82.5397
1329.17	83.504
1331.1	84.2082
1333.02	84.5568
1334.95	84.6504
1336.88	84.7019
1338.81	84.8569
1340.74	85.1503
1342.67	85.5597
1344.6	86.0373
1346.53	86.5113
1348.46	86.8614
1350.39	86.9277
1352.32	86.6035
1354.24	85.91
1356.17	85.0977
1358.1	84.5394
1360.03	84.2747
1361.96	83.9447
1363.89	83.3235
1365.82	82.5254
1367.75	81.5139
1369.68	80.3048
1371.61	79.2252
1373.54	78.3917
1375.47	77.6452
1377.39	77.0417
1379.32	76.7258
1381.25	76.6947
1383.18	76.9107
1385.11	77.4469
1387.04	78.3984
1388.97	79.4307
1390.9	80.1043
1392.83	80.4562
1394.76	80.5556
1396.69	80.2931
1398.61	79.6828
1400.54	79.0357
1402.47	78.6705
1404.4	78.6611
1406.33	78.9645
1408.26	79.522
1410.19	80.3387
1412.12	81.3689
1414.05	82.3774
1415.98	83.3461
1417.91	84.4635
1419.83	85.4802
1421.76	86.0023
1423.69	86.1256
1425.62	86.0195
1427.55	85.7263
1429.48	85.0304
1431.41	83.8796
1433.34	82.6781
1435.27	81.4127
1437.2	79.7657
1439.13	78.1946
1441.06	77.0565
1442.98	76.151
1444.91	75.4706
1446.84	75.024
1448.77	74.6478
1450.7	74.4277
1452.63	74.6092
1454.56	75.2837
1456.49	76.5358
1458.42	77.8293
1460.35	78.6143
1462.28	79.4449
1464.2	80.6563
1466.13	81.9338
1468.06	82.936
1469.99	83.9771
1471.92	85.1947
1473.85	86.0343
1475.78	86.3453
1477.71	86.6528
1479.64	87.0608
1481.57	87.4987
1483.5	87.9603
1485.43	88.4931
1487.35	89.2313
1489.28	90.1961
1491.21	91.009
1493.14	91.6191
1495.07	92.3511
1497	93.1855
1498.93	93.71
1500.86	93.9589
1502.79	94.2803
1504.72	94.8039
1506.65	95.404
1508.57	95.4941
1510.5	95.2528
1512.43	95.1477
1514.36	95.2481
1516.29	95.4809
1518.22	95.7542
1520.15	96.0211
1522.08	96.1287
1524.01	96.0013
1525.94	95.7722
1527.87	95.5762
1529.8	95.5127
1531.72	95.6127
1533.65	95.7586
1535.58	95.8162
1537.51	95.9689
1539.44	96.4022
1541.37	96.6253
1543.3	96.2484
1545.23	95.8863
1547.16	95.7361
1549.09	95.7175
1551.02	95.741
1552.94	95.7643
1554.87	95.8898
1556.8	96.2772
1558.73	96.6169
1560.66	96.2161
1562.59	95.6992
1564.52	95.447
1566.45	95.4113
1568.38	95.4485
1570.31	95.332
1572.24	95.1551
1574.16	95.1703
1576.09	95.2871
1578.02	95.1515
1579.95	94.893
1581.88	94.7729
1583.81	94.7786
1585.74	94.8255
1587.67	94.8845
1589.6	94.9477
1591.53	95.0138
1593.46	95.0816
1595.39	95.1025
1597.31	95.0549
1599.24	95.0006
1601.17	94.9677
1603.1	94.918
1605.03	94.8632
1606.96	94.8563
1608.89	94.8433
1610.82	94.7497
1612.75	94.709
1614.68	94.8134
1616.61	94.7627
1618.53	94.358
1620.46	94.0217
1622.39	93.8528
1624.32	93.6039
1626.25	93.2
1628.18	92.6876
1630.11	92.1335
1632.04	91.7612
1633.97	91.6274
1635.9	91.4091
1637.83	91.038
1639.76	91.0894
1641.68	91.6579
1643.61	92.5054
1645.54	93.4552
1647.47	94.1126
1649.4	94.2898
1651.33	94.4941
1653.26	94.8341
1655.19	94.5997
1657.12	94.1569
1659.05	93.9918
1660.98	94.0214
1662.9	93.9483
1664.83	93.7345
1666.76	93.6488
1668.69	93.684
1670.62	93.5233
1672.55	93.2071
1674.48	92.926
1676.41	92.534
1678.34	92.1167
1680.27	91.9033
1682.2	91.797
1684.12	91.5178
1686.05	90.933
1687.98	90.1832
1689.91	89.4177
1691.84	88.6715
1693.77	87.75
1695.7	86.6015
1697.63	85.2683
1699.56	83.2522
1701.49	80.6517
1703.42	78.1572
1705.35	75.3031
1707.27	71.7303
1709.2	68.1471
1711.13	64.8891
1713.06	61.8028
1714.99	59.0951
1716.92	56.6194
1718.85	54.1964
1720.78	52.7068
1722.71	52.203
1724.64	52.1654
1726.57	52.5243
1728.49	53.2799
1730.42	54.1813
1732.35	55.0067
1734.28	55.3345
1736.21	55.0978
1738.14	54.8097
1740.07	54.4702
1742	54.0319
1743.93	54.0012
1745.86	54.5958
1747.79	55.7476
1749.72	57.626
1751.64	59.8742
1753.57	62.1122
1755.5	64.8221
1757.43	68.1598
1759.36	71.6239
1761.29	75.1191
1763.22	78.5918
1765.15	81.5132
1767.08	83.9375
1769.01	86.287
1770.94	88.4424
1772.86	90.1237
1774.79	91.3874
1776.72	92.2582
1778.65	92.8677
1780.58	93.431
1782.51	93.8977
1784.44	94.2227
1786.37	94.5247
1788.3	94.7977
1790.23	95.0677
1792.16	95.3785
1794.08	95.4919
1796.01	95.4303
1797.94	95.4957
1799.87	95.6648
1801.8	95.7453
1803.73	95.771
1805.66	95.8036
1807.59	95.8408
1809.52	95.8962
1811.45	95.8967
1813.38	95.8352
1815.31	95.859
1817.23	95.9869
1819.16	96.1076
1821.09	96.1948
1823.02	96.266
1824.95	96.3332
1826.88	96.4407
1828.81	96.5645
1830.74	96.6165
1832.67	96.5917
1834.6	96.5733
1836.53	96.6283
1838.45	96.7183
1840.38	96.7485
1842.31	96.7884
1844.24	96.9512
1846.17	97.0703
1848.1	96.9988
1850.03	96.8884
1851.96	96.8819
1853.89	96.9867
1855.82	97.1401
1857.75	97.2636
1859.68	97.2779
1861.6	97.1532
1863.53	97.0321
1865.46	97.1499
1867.39	97.4718
1869.32	97.6304
1871.25	97.5494
1873.18	97.501
1875.11	97.4941
1877.04	97.4493
1878.97	97.4538
1880.9	97.5444
1882.82	97.649
1884.75	97.7435
1886.68	97.7957
1888.61	97.7678
1890.54	97.749
1892.47	97.8085
1894.4	97.8565
1896.33	97.8614
1898.26	97.9027
1900.19	97.976
1902.12	98.032
1904.05	98.1144
1905.97	98.238
1907.9	98.2963
1909.83	98.226
1911.76	98.144
1913.69	98.2215
1915.62	98.4364
1917.55	98.5257
1919.48	98.3878
1921.41	98.3345
1923.34	98.4491
1925.27	98.4112
1927.19	98.2367
1929.12	98.2688
1931.05	98.4701
1932.98	98.5517
1934.91	98.502
1936.84	98.5037
1938.77	98.7079
1940.7	99.093
1942.63	99.308
1944.56	99.1257
1946.49	98.9261
1948.41	99.0126
1950.34	99.1964
1952.27	99.2888
1954.2	99.3667
1956.13	99.5126
1958.06	99.6705
1959.99	99.7071
1961.92	99.5513
1963.85	99.3711
1965.78	99.4475
1967.71	99.7902
1969.64	100.084
1971.56	100.146
1973.49	100.052
1975.42	99.869
1977.35	99.7465
1979.28	99.9327
1981.21	100.251
1983.14	100.239
1985.07	99.998
1987	99.965
1988.93	100.042
1990.86	99.9386
1992.78	99.8629
1994.71	100.035
1996.64	100.191
1998.57	100.122
2000.5	100.028
2002.43	100.131
2004.36	100.292
2006.29	100.275
2008.22	100.126
2010.15	100.037
2012.08	100.069
2014.01	100.206
2015.93	100.407
2017.86	100.581
2019.79	100.686
2021.72	100.745
2023.65	100.75
2025.58	100.695
2027.51	100.567
2029.44	100.366
2031.37	100.239
2033.3	100.285
2035.23	100.311
2037.15	100.202
2039.08	100.164
2041.01	100.281
2042.94	100.368
2044.87	100.376
2046.8	100.401
2048.73	100.403
2050.66	100.309
2052.59	100.191
2054.52	100.106
2056.45	100.022
2058.37	99.943
2060.3	99.8943
2062.23	99.842
2064.16	99.7578
2066.09	99.6655
2068.02	99.6214
2069.95	99.7096
2071.88	99.9124
2073.81	99.9904
2075.74	99.7608
2077.67	99.4044
2079.6	99.2216
2081.52	99.2515
2083.45	99.315
2085.38	99.2681
2087.31	99.1136
2089.24	98.9901
2091.17	99.0663
2093.1	99.3229
2095.03	99.5067
2096.96	99.4539
2098.89	99.2984
2100.82	99.1675
2102.74	99.0061
2104.67	98.875
2106.6	98.9509
2108.53	99.1344
2110.46	99.1353
2112.39	98.9565
2114.32	98.8939
2116.25	99.084
2118.18	99.2942
2120.11	99.2263
2122.04	98.9586
2123.97	98.8535
2125.89	99.0184
2127.82	99.2147
2129.75	99.2816
2131.68	99.2819
2133.61	99.3228
2135.54	99.484
2137.47	99.7576
2139.4	99.9942
2141.33	100.072
2143.26	100.039
2145.19	100.031
2147.11	100.154
2149.04	100.336
2150.97	100.355
2152.9	100.227
2154.83	100.287
2156.76	100.559
2158.69	100.653
2160.62	100.544
2162.55	100.622
2164.48	100.814
2166.41	100.647
2168.33	100.137
2170.26	99.7804
2172.19	99.7729
2174.12	99.8665
2176.05	99.8909
2177.98	99.9494
2179.91	100.103
2181.84	100.269
2183.77	100.435
2185.7	100.611
2187.63	100.611
2189.56	100.29
2191.48	99.9171
2193.41	99.8875
2195.34	100.11
2197.27	100.15
2199.2	99.9899
2201.13	100.056
2203.06	100.381
2204.99	100.472
2206.92	100.131
2208.85	99.7112
2210.78	99.511
2212.7	99.4993
2214.63	99.5222
2216.56	99.5141
2218.49	99.576
2220.42	99.7944
2222.35	100.015
2224.28	100.012
2226.21	99.7803
2228.14	99.5072
2230.07	99.4295
2232	99.6349
2233.93	99.8939
2235.85	99.9265
2237.78	99.7879
2239.71	99.6831
2241.64	99.6267
2243.57	99.5765
2245.5	99.6089
2247.43	99.7097
2249.36	99.6902
2251.29	99.5312
2253.22	99.4615
2255.15	99.5158
2257.07	99.4804
2259	99.3889
2260.93	99.4853
2262.86	99.6912
2264.79	99.7086
2266.72	99.5505
2268.65	99.4581
2270.58	99.4547
2272.51	99.3682
2274.44	99.1825
2276.37	99.1027
2278.29	99.2315
2280.22	99.3811
2282.15	99.3704
2284.08	99.2966
2286.01	99.282
2287.94	99.2436
2289.87	99.1333
2291.8	99.0799
2293.73	99.1117
2295.66	99.0958
2297.59	99.0652
2299.52	99.2063
2301.44	99.4634
2303.37	99.607
2305.3	99.7004
2307.23	100.001
2309.16	100.445
2311.09	100.742
2313.02	100.893
2314.95	101.052
2316.88	101.197
2318.81	101.436
2320.74	102.032
2322.66	102.75
2324.59	103.139
2326.52	103.423
2328.45	103.907
2330.38	104.253
2332.31	104.234
2334.24	104.274
2336.17	104.501
2338.1	104.631
2340.03	104.795
2341.96	105.146
2343.89	104.92
2345.81	103.631
2347.74	102.425
2349.67	102.251
2351.6	103.337
2353.53	105.332
2355.46	106.967
2357.39	107.679
2359.32	107.952
2361.25	107.588
2363.18	106.667
2365.11	106.003
2367.03	105.651
2368.96	104.851
2370.89	103.454
2372.82	102.056
2374.75	100.921
2376.68	99.8898
2378.61	99.0069
2380.54	98.4375
2382.47	98.0814
2384.4	97.7574
2386.33	97.5114
2388.26	97.4632
2390.18	97.531
2392.11	97.5229
2394.04	97.4102
2395.97	97.3296
2397.9	97.3521
2399.83	97.3902
2401.76	97.3613
2403.69	97.3264
2405.62	97.3789
2407.55	97.4787
2409.48	97.5212
2411.4	97.5186
2413.33	97.5723
2415.26	97.6794
2417.19	97.7147
2419.12	97.6432
2421.05	97.5942
2422.98	97.6548
2424.91	97.744
2426.84	97.7604
2428.77	97.71
2430.7	97.6481
2432.62	97.6354
2434.55	97.7376
2436.48	97.9089
2438.41	97.9628
2440.34	97.8458
2442.27	97.7687
2444.2	97.8661
2446.13	97.9766
2448.06	97.9625
2449.99	97.9633
2451.92	98.1175
2453.85	98.2878
2455.77	98.2642
2457.7	98.0769
2459.63	97.9302
2461.56	97.9255
2463.49	97.9973
2465.42	98.0523
2467.35	98.0521
2469.28	98.0125
2471.21	97.9957
2473.14	98.0393
2475.07	98.0883
2476.99	98.1003
2478.92	98.1475
2480.85	98.2603
2482.78	98.2962
2484.71	98.165
2486.64	98.007
2488.57	97.9612
2490.5	97.9872
2492.43	98.0409
2494.36	98.1312
2496.29	98.1642
2498.22	98.0614
2500.14	97.9674
2502.07	98.0196
2504	98.0999
2505.93	98.0864
2507.86	98.0552
2509.79	98.03
2511.72	97.9298
2513.65	97.8531
2515.58	97.9454
2517.51	98.0756
2519.44	98.1102
2521.36	98.1812
2523.29	98.3029
2525.22	98.262
2527.15	98.0805
2529.08	97.9733
2531.01	97.9281
2532.94	97.8496
2534.87	97.8101
2536.8	97.8542
2538.73	97.9206
2540.66	97.9685
2542.58	97.9369
2544.51	97.7989
2546.44	97.688
2548.37	97.6997
2550.3	97.7534
2552.23	97.7967
2554.16	97.8342
2556.09	97.8053
2558.02	97.7259
2559.95	97.7128
2561.88	97.7447
2563.81	97.7202
2565.73	97.6438
2567.66	97.5126
2569.59	97.3454
2571.52	97.3395
2573.45	97.5553
2575.38	97.7147
2577.31	97.6847
2579.24	97.6542
2581.17	97.6934
2583.1	97.7156
2585.03	97.7315
2586.95	97.7291
2588.88	97.6541
2590.81	97.5953
2592.74	97.5883
2594.67	97.4983
2596.6	97.3818
2598.53	97.4573
2600.46	97.6115
2602.39	97.5267
2604.32	97.2788
2606.25	97.236
2608.18	97.4237
2610.1	97.5006
2612.03	97.3222
2613.96	97.0834
2615.89	96.9481
2617.82	96.924
2619.75	96.9818
2621.68	97.0234
2623.61	96.9495
2625.54	96.8611
2627.47	96.8977
2629.4	96.9678
2631.32	96.9307
2633.25	96.8309
2635.18	96.7506
2637.11	96.6955
2639.04	96.6938
2640.97	96.7681
2642.9	96.8381
2644.83	96.8103
2646.76	96.7001
2648.69	96.5939
2650.62	96.5486
2652.54	96.5423
2654.47	96.5119
2656.4	96.4555
2658.33	96.4333
2660.26	96.4336
2662.19	96.3653
2664.12	96.2347
2666.05	96.1744
2667.98	96.2395
2669.91	96.3251
2671.84	96.3327
2673.77	96.2806
2675.69	96.2146
2677.62	96.1357
2679.55	96.0468
2681.48	95.9877
2683.41	96.0008
2685.34	96.0865
2687.27	96.1878
2689.2	96.2417
2691.13	96.2436
2693.06	96.2043
2694.99	96.1082
2696.91	96.0141
2698.84	96.0466
2700.77	96.1696
2702.7	96.19
2704.63	96.0697
2706.56	95.9711
2708.49	95.9779
2710.42	96.0197
2712.35	96.0306
2714.28	96.004
2716.21	95.947
2718.14	95.8759
2720.06	95.8237
2721.99	95.8071
2723.92	95.7938
2725.85	95.7509
2727.78	95.7287
2729.71	95.7806
2731.64	95.8188
2733.57	95.7385
2735.5	95.6272
2737.43	95.6256
2739.36	95.6934
2741.28	95.7178
2743.21	95.6928
2745.14	95.6552
2747.07	95.6187
2749	95.6051
2750.93	95.609
2752.86	95.5999
2754.79	95.614
2756.72	95.6965
2758.65	95.779
2760.58	95.7576
2762.51	95.6232
2764.43	95.4591
2766.36	95.3843
2768.29	95.4384
2770.22	95.5076
2772.15	95.4956
2774.08	95.4553
2776.01	95.4288
2777.94	95.3729
2779.87	95.2862
2781.8	95.1956
2783.73	95.1089
2785.65	95.0805
2787.58	95.1272
2789.51	95.1505
2791.44	95.1184
2793.37	95.0927
2795.3	95.0498
2797.23	94.9924
2799.16	95.0416
2801.09	95.1529
2803.02	95.1239
2804.95	94.9849
2806.87	94.9112
2808.8	94.8595
2810.73	94.7311
2812.66	94.6218
2814.59	94.5903
2816.52	94.5206
2818.45	94.3849
2820.38	94.2908
2822.31	94.2102
2824.24	94.0181
2826.17	93.7695
2828.1	93.5874
2830.02	93.402
2831.95	93.1282
2833.88	92.8666
2835.81	92.683
2837.74	92.5055
2839.67	92.3304
2841.6	92.1997
2843.53	92.0612
2845.46	91.8693
2847.39	91.614
2849.32	91.2571
2851.24	90.8757
2853.17	90.5974
2855.1	90.2723
2857.03	89.6541
2858.96	88.8555
2860.89	88.1869
2862.82	87.7161
2864.75	87.3019
2866.68	86.872
2868.61	86.4784
2870.54	86.1858
2872.47	86.0203
2874.39	86.0187
2876.32	86.2217
2878.25	86.5734
2880.18	86.9443
2882.11	87.2699
2884.04	87.5646
2885.97	87.839
2887.9	88.0465
2889.83	88.0976
2891.76	87.9983
2893.69	87.8995
2895.61	87.8647
2897.54	87.7877
2899.47	87.6701
2901.4	87.6489
2903.33	87.6754
2905.26	87.5597
2907.19	87.3385
2909.12	87.216
2911.05	87.2027
2912.98	87.1138
2914.91	86.8573
2916.83	86.5166
2918.76	86.1888
2920.69	85.8677
2922.62	85.487
2924.55	85.0088
2926.48	84.4592
2928.41	83.9346
2930.34	83.5613
2932.27	83.4027
2934.2	83.4595
2936.13	83.7504
2938.06	84.2181
2939.98	84.6177
2941.91	84.773
2943.84	84.8053
2945.77	84.816
2947.7	84.6373
2949.63	84.1535
2951.56	83.4979
2953.49	82.8129
2955.42	82.2155
2957.35	81.9101
2959.28	81.9703
2961.2	82.2644
2963.13	82.7978
2965.06	83.6878
2966.99	84.7701
2968.92	85.7565
2970.85	86.699
2972.78	87.7802
2974.71	88.8166
2976.64	89.458
2978.57	89.7402
2980.5	90.0391
2982.43	90.5435
2984.35	91.066
2986.28	91.3684
2988.21	91.4872
2990.14	91.6315
2992.07	91.848
2994	91.9964
2995.93	92.0507
2997.86	92.1622
2999.79	92.4102
3001.72	92.7491
3003.65	93.1145
3005.57	93.3936
3007.5	93.5163
3009.43	93.6331
3011.36	93.8706
3013.29	94.0601
3015.22	94.0806
3017.15	94.1466
3019.08	94.4085
3021.01	94.6931
3022.94	94.8665
3024.87	95.0169
3026.79	95.171
3028.72	95.1922
3030.65	95.0333
3032.58	94.9001
3034.51	95.0211
3036.44	95.3013
3038.37	95.4445
3040.3	95.4179
3042.23	95.4587
3044.16	95.6219
3046.09	95.7124
3048.02	95.6472
3049.94	95.5711
3051.87	95.6139
3053.8	95.7387
3055.73	95.8191
3057.66	95.7807
3059.59	95.7079
3061.52	95.7722
3063.45	95.9589
3065.38	96.0375
3067.31	95.9417
3069.24	95.863
3071.16	95.8627
3073.09	95.8281
3075.02	95.7811
3076.95	95.8137
3078.88	95.8927
3080.81	95.9805
3082.74	96.0795
3084.67	96.1408
3086.6	96.1546
3088.53	96.1453
3090.46	96.0371
3092.39	95.8212
3094.31	95.6982
3096.24	95.769
3098.17	95.836
3100.1	95.7349
3102.03	95.6028
3103.96	95.6498
3105.89	95.812
3107.82	95.85
3109.75	95.7763
3111.68	95.8345
3113.61	95.983
3115.53	95.9007
3117.46	95.6091
3119.39	95.4994
3121.32	95.6829
3123.25	95.8491
3125.18	95.7732
3127.11	95.6045
3129.04	95.5914
3130.97	95.6965
3132.9	95.6627
3134.83	95.4788
3136.75	95.4251
3138.68	95.5524
3140.61	95.6426
3142.54	95.6458
3144.47	95.6361
3146.4	95.5898
3148.33	95.5681
3150.26	95.6632
3152.19	95.7491
3154.12	95.7691
3156.05	95.8699
3157.98	95.9604
3159.9	95.8218
3161.83	95.6078
3163.76	95.5314
3165.69	95.5029
3167.62	95.5219
3169.55	95.7039
3171.48	95.8358
3173.41	95.6684
3175.34	95.3979
3177.27	95.2675
3179.2	95.2082
3181.12	95.1958
3183.05	95.332
3184.98	95.4753
3186.91	95.4052
3188.84	95.2383
3190.77	95.1522
3192.7	95.0393
3194.63	94.8767
3196.56	94.9241
3198.49	95.2118
3200.42	95.4012
3202.35	95.3184
3204.27	95.1101
3206.2	94.9492
3208.13	94.9269
3210.06	94.9953
3211.99	94.9409
3213.92	94.6823
3215.85	94.4301
3217.78	94.3875
3219.71	94.5511
3221.64	94.7819
3223.57	94.8705
3225.49	94.693
3227.42	94.3923
3229.35	94.2598
3231.28	94.3913
3233.21	94.5542
3235.14	94.537
3237.07	94.4822
3239	94.522
3240.93	94.4243
3242.86	94.1408
3244.79	94.051
3246.72	94.2046
3248.64	94.2438
3250.57	94.1647
3252.5	94.1756
3254.43	94.1551
3256.36	93.9872
3258.29	93.8478
3260.22	93.846
3262.15	93.914
3264.08	93.9597
3266.01	93.9111
3267.94	93.8354
3269.86	93.8576
3271.79	93.8719
3273.72	93.7462
3275.65	93.6559
3277.58	93.741
3279.51	93.7955
3281.44	93.6692
3283.37	93.5266
3285.3	93.4988
3287.23	93.5126
3289.16	93.5307
3291.08	93.586
3293.01	93.6196
3294.94	93.5779
3296.87	93.5163
3298.8	93.4389
3300.73	93.3027
3302.66	93.2054
3304.59	93.2429
3306.52	93.2949
3308.45	93.2254
3310.38	93.0922
3312.31	93.0004
3314.23	92.9602
3316.16	92.9302
3318.09	92.8823
3320.02	92.8587
3321.95	92.9398
3323.88	93.087
3325.81	93.1511
3327.74	93.0907
3329.67	93.0093
3331.6	92.9598
3333.53	92.9019
3335.45	92.8292
3337.38	92.7703
3339.31	92.7114
3341.24	92.6361
3343.17	92.5839
3345.1	92.6106
3347.03	92.7266
3348.96	92.8777
3350.89	92.9848
3352.82	93.0044
3354.75	92.9241
3356.68	92.7829
3358.6	92.7227
3360.53	92.8261
3362.46	92.9402
3364.39	92.8989
3366.32	92.7741
3368.25	92.7136
3370.18	92.7728
3372.11	92.9476
3374.04	93.1106
3375.97	93.0935
3377.9	92.9959
3379.82	93.0594
3381.75	93.2478
3383.68	93.3221
3385.61	93.2135
3387.54	93.0519
3389.47	92.9637
3391.4	93.0139
3393.33	93.2059
3395.26	93.4205
3397.19	93.4778
3399.12	93.345
3401.04	93.1724
3402.97	93.0869
3404.9	93.0945
3406.83	93.1723
3408.76	93.2817
3410.69	93.3469
3412.62	93.3569
3414.55	93.3716
3416.48	93.3946
3418.41	93.4223
3420.34	93.5379
3422.27	93.7422
3424.19	93.8676
3426.12	93.838
3428.05	93.7363
3429.98	93.5878
3431.91	93.3606
3433.84	93.1536
3435.77	93.166
3437.7	93.4456
3439.63	93.7769
3441.56	93.9122
3443.49	93.9003
3445.41	94.02
3447.34	94.3264
3449.27	94.504
3451.2	94.3404
3453.13	94.0504
3455.06	93.9274
3456.99	93.9762
3458.92	94.084
3460.85	94.2708
3462.78	94.4965
3464.71	94.5502
3466.64	94.3665
3468.56	94.1532
3470.49	94.0991
3472.42	94.1409
3474.35	94.1208
3476.28	94.1037
3478.21	94.2719
3480.14	94.5042
3482.07	94.5357
3484	94.4824
3485.93	94.5748
3487.86	94.7067
3489.78	94.7871
3491.71	94.8701
3493.64	94.8022
3495.57	94.5286
3497.5	94.4151
3499.43	94.5924
3501.36	94.7535
3503.29	94.8493
3505.22	95.0139
3507.15	95.0185
3509.08	94.7538
3511	94.626
3512.93	94.8253
3514.86	95.0069
3516.79	95.009
3518.72	95.0134
3520.65	95.0762
3522.58	95.1556
3524.51	95.2963
3526.44	95.3825
3528.37	95.2376
3530.3	95.0185
3532.23	94.9158
3534.15	94.8318
3536.08	94.7211
3538.01	94.6555
3539.94	94.5864
3541.87	94.5728
3543.8	94.7898
3545.73	95.0453
3547.66	95.0541
3549.59	95.0737
3551.52	95.2616
3553.45	95.236
3555.37	94.8688
3557.3	94.5891
3559.23	94.7011
3561.16	95.1414
3563.09	95.6307
3565.02	95.9381
3566.95	96.0125
3568.88	95.9101
3570.81	95.6838
3572.74	95.4118
3574.67	95.1857
3576.6	95.0766
3578.52	95.2446
3580.45	95.7325
3582.38	96.1074
3584.31	96.0409
3586.24	95.8248
3588.17	95.7898
3590.1	95.8975
3592.03	96.1576
3593.96	96.4765
3595.89	96.493
3597.82	96.3719
3599.74	96.5826
3601.67	96.8976
3603.6	96.9059
3605.53	96.7445
3607.46	96.5722
3609.39	96.3838
3611.32	96.3449
3613.25	96.5486
3615.18	96.9021
3617.11	97.391
3619.04	97.861
3620.97	97.8466
3622.89	97.3607
3624.82	96.9226
3626.75	96.797
3628.68	96.9068
3630.61	96.8965
3632.54	96.7705
3634.47	96.7605
3636.4	96.7656
3638.33	96.6251
3640.26	96.5528
3642.19	96.7692
3644.11	97.0516
3646.04	97.171
3647.97	97.3305
3649.9	97.5901
3651.83	97.5174
3653.76	97.2928
3655.69	97.2904
3657.62	97.4065
3659.55	97.2815
3661.48	96.9808
3663.41	96.8035
3665.33	96.8692
3667.26	97.1019
3669.19	97.3732
3671.12	97.5876
3673.05	97.9084
3674.98	98.3248
3676.91	98.2258
3678.84	97.6428
3680.77	97.2432
3682.7	97.0488
3684.63	96.9113
3686.56	97.0211
3688.48	97.5938
3690.41	98.2221
3692.34	98.2943
3694.27	97.9048
3696.2	97.3404
3698.13	96.9785
3700.06	97.1087
3701.99	97.5824
3703.92	97.9597
3705.85	98.0202
3707.78	97.8441
3709.7	97.6605
3711.63	97.672
3713.56	97.6344
3715.49	97.4212
3717.42	97.3707
3719.35	97.6218
3721.28	97.8442
3723.21	97.8448
3725.14	97.8772
3727.07	97.9754
3729	97.9567
3730.93	98.0002
3732.85	98.4077
3734.78	98.9294
3736.71	98.9171
3738.64	98.5918
3740.57	98.4283
3742.5	98.3217
3744.43	98.0737
3746.36	97.9381
3748.29	98.0704
3750.22	98.0921
3752.15	97.7449
3754.07	97.4305
3756	97.3884
3757.93	97.5156
3759.86	97.6686
3761.79	97.6562
3763.72	97.4415
3765.65	97.2284
3767.58	97.259
3769.51	97.4343
3771.44	97.4378
3773.37	97.2774
3775.29	97.196
3777.22	97.2432
3779.15	97.2725
3781.08	97.1873
3783.01	97.04
3784.94	96.893
3786.87	96.8318
3788.8	96.93
3790.73	97.1232
3792.66	97.3188
3794.59	97.4929
3796.52	97.5906
3798.44	97.5874
3800.37	97.5842
3802.3	97.5826
3804.23	97.4884
3806.16	97.3952
3808.09	97.3364
3810.02	97.1892
3811.95	97.0872
3813.88	97.3019
3815.81	97.7439
3817.74	97.9658
3819.66	97.9964
3821.59	97.9974
3823.52	97.7968
3825.45	97.5131
3827.38	97.4077
3829.31	97.4609
3831.24	97.5192
3833.17	97.5209
3835.1	97.4895
3837.03	97.5545
3838.96	97.7679
3840.89	97.8179
3842.81	97.5688
3844.74	97.2949
3846.67	97.1787
3848.6	97.2048
3850.53	97.4303
3852.46	97.8722
3854.39	97.9655
3856.32	97.5442
3858.25	97.3161
3860.18	97.4168
3862.11	97.53
3864.03	97.3896
3865.96	97.2336
3867.89	97.351
3869.82	97.5427
3871.75	97.4505
3873.68	97.1789
3875.61	97.0857
3877.54	97.2183
3879.47	97.3803
3881.4	97.3944
3883.33	97.2493
3885.25	97.0138
3887.18	96.8459
3889.11	96.945
3891.04	97.2439
3892.97	97.3808
3894.9	97.2317
3896.83	97.1287
3898.76	97.3296
3900.69	97.7121
3902.62	97.8318
3904.55	97.5321
3906.48	97.1502
3908.4	96.9319
3910.33	96.7951
3912.26	96.7118
3914.19	96.8017
3916.12	97.0236
3918.05	97.1554
3919.98	97.1579
3921.91	97.1735
3923.84	97.2024
3925.77	97.1663
3927.7	97.075
3929.62	96.9887
3931.55	96.9735
3933.48	97.0292
3935.41	97.0194
3937.34	96.8993
3939.27	96.8236
3941.2	96.9091
3943.13	97.072
3945.06	97.1889
3946.99	97.2209
3948.92	97.1264
3950.85	96.9307
3952.77	96.7953
3954.7	96.8042
3956.63	96.8753
3958.56	96.9148
3960.49	96.9267
3962.42	96.9707
3964.35	97.065
3966.28	97.1297
3968.21	97.0689
3970.14	96.9187
3972.07	96.8246
3973.99	96.8544
3975.92	96.9436
3977.85	96.997
3979.78	96.9755
3981.71	96.9081
3983.64	96.8283
3985.57	96.723
3987.5	96.6032
3989.43	96.5423
3991.36	96.5604
3993.29	96.6161
3995.22	96.7256
3997.14	96.8699
