499.643	77.5262
501.572	77.3023
503.501	77.1274
505.43	77.6202
507.36	78.2916
509.289	78.6096
511.218	78.4948
513.147	78.0001
515.076	77.6999
517.005	78.342
518.934	79.3708
520.863	79.7348
522.792	79.7975
524.722	80.0719
526.651	80.2224
528.58	80.3705
530.509	81.0568
532.438	81.9634
534.367	82.4663
536.296	82.6835
538.225	83.0057
540.155	83.3744
542.084	83.502
544.013	83.3879
545.942	83.415
547.871	83.8355
549.8	84.3486
551.729	84.5265
553.658	84.386
555.588	84.2667
557.517	84.4041
559.446	84.8075
561.375	85.386
563.304	85.9463
565.233	86.0924
567.162	85.5582
569.091	84.789
571.021	84.6055
572.95	85.1102
574.879	85.6293
576.808	85.7732
578.737	85.8766
580.666	86.1369
582.595	86.2557
584.524	86.1219
586.454	85.97
588.383	85.9172
590.312	85.9267
592.241	85.9317
594.17	85.8435
596.099	85.7418
598.028	85.768
599.957	85.7714
601.887	85.5677
603.816	85.3895
605.745	85.5487
607.674	85.972
609.603	86.3926
611.532	86.6946
613.461	86.8806
615.39	86.9022
617.32	86.7608
619.249	86.7083
621.178	86.9626
623.107	87.3345
625.036	87.4838
626.965	87.3525
628.894	87.1266
630.823	86.9688
632.753	86.9376
634.682	86.9585
636.611	86.8783
638.54	86.6653
640.469	86.4336
642.398	86.248
644.327	86.0667
646.256	85.8401
648.186	85.5645
650.115	85.3251
652.044	85.2824
653.973	85.4655
655.902	85.6321
657.831	85.5975
659.76	85.5614
661.689	85.7713
663.619	86.1774
665.548	86.8162
667.477	87.8791
669.406	88.6246
671.335	88.6197
673.264	88.7324
675.193	89.0619
677.122	89.22
679.052	89.2778
680.981	89.5004
682.91	89.6577
684.839	89.5666
686.768	89.4721
688.697	89.4678
690.626	89.4067
692.555	89.3145
694.485	89.3057
696.414	89.3426
698.343	89.3555
700.272	89.3416
702.201	89.3051
704.13	89.257
706.059	89.1987
707.988	89.1186
709.917	89.0509
711.847	89.0075
713.776	88.9436
715.705	88.9095
717.634	88.991
719.563	89.0949
721.492	89.0721
723.421	88.93
725.35	88.7075
727.28	88.4064
729.209	88.082
731.138	87.7353
733.067	87.2573
734.996	86.6402
736.925	86.0379
738.854	85.5407
740.783	85.0295
742.713	84.3353
744.642	83.5536
746.571	83.0592
748.5	83.1136
750.429	83.6325
752.358	84.3765
754.287	85.1508
756.216	85.8189
758.146	86.3123
760.075	86.6195
762.004	86.7111
763.933	86.5903
765.862	86.3687
767.791	86.0963
769.72	85.6231
771.649	84.7788
773.579	83.4813
775.508	81.5757
777.437	78.8333
779.366	75.2032
781.295	70.9973
783.224	66.949
785.153	64.0513
787.082	63.0758
789.012	64.2478
790.941	67.3573
792.87	71.7905
794.799	76.4708
796.728	80.2882
798.657	82.7201
800.586	83.9181
802.515	84.296
804.445	84.1476
806.374	83.5741
808.303	82.6096
810.232	81.3641
812.161	80.1347
814.09	79.3699
816.019	79.3835
817.948	80.089
819.878	81.1092
821.807	82.105
823.736	82.9004
825.665	83.4012
827.594	83.5875
829.523	83.5382
831.452	83.334
833.381	82.971
835.311	82.4025
837.24	81.5743
839.169	80.4154
841.098	78.927
843.027	77.3082
844.956	75.8763
846.885	74.8159
848.814	74.0707
850.744	73.4756
852.673	72.9002
854.602	72.2658
856.531	71.5688
858.46	70.9173
860.389	70.4365
862.318	70.1776
864.247	70.1811
866.177	70.4867
868.106	71.0357
870.035	71.6938
871.964	72.3484
873.893	72.9022
875.822	73.2694
877.751	73.4433
879.68	73.5126
881.609	73.5941
883.539	73.7602
885.468	74.0163
887.397	74.3237
889.326	74.6206
891.255	74.8399
893.184	74.9525
895.113	74.9779
897.042	74.9589
898.972	74.9899
900.901	75.2233
902.83	75.7551
904.759	76.575
906.688	77.6515
908.617	78.9107
910.546	80.1295
912.475	81.0397
914.405	81.5208
916.334	81.5699
918.263	81.2041
920.192	80.497
922.121	79.572
924.05	78.4996
925.979	77.306
927.908	76.0261
929.838	74.66
931.767	73.1858
933.696	71.6553
935.625	70.1731
937.554	68.8295
939.483	67.7338
941.412	66.9917
943.341	66.5775
945.271	66.3477
947.2	66.2252
949.129	66.2849
951.058	66.6453
952.987	67.3334
954.916	68.2479
956.845	69.2114
958.774	70.0734
960.704	70.7977
962.633	71.4557
964.562	72.1501
966.491	72.9533
968.42	73.8709
970.349	74.8218
972.278	75.6747
974.207	76.3287
976.137	76.7397
978.066	76.8883
979.995	76.7738
981.924	76.4261
983.853	75.8696
985.782	75.1142
987.711	74.2543
989.64	73.5142
991.57	73.0846
993.499	72.9338
995.428	72.8268
997.357	72.4817
999.286	71.7238
1001.22	70.5817
1003.14	69.2338
1005.07	67.8371
1007	66.4896
1008.93	65.3281
1010.86	64.4615
1012.79	63.7616
1014.72	62.8972
1016.65	61.6272
1018.58	59.9552
1020.51	58.0299
1022.44	56.047
1024.36	54.2622
1026.29	52.9882
1028.22	52.4656
1030.15	52.6551
1032.08	53.2154
1034.01	53.7977
1035.94	54.3219
1037.87	54.8962
1039.8	55.6002
1041.73	56.4683
1043.66	57.5815
1045.58	59.0337
1047.51	60.8113
1049.44	62.7466
1051.37	64.5857
1053.3	66.0936
1055.23	67.1438
1057.16	67.786
1059.09	68.2033
1061.02	68.5154
1062.95	68.6227
1064.88	68.3301
1066.81	67.6509
1068.73	66.9307
1070.66	66.6175
1072.59	66.921
1074.52	67.7178
1076.45	68.7297
1078.38	69.7341
1080.31	70.6336
1082.24	71.3903
1084.17	71.9322
1086.1	72.1578
1088.03	72.0269
1089.95	71.5882
1091.88	70.9037
1093.81	70.0136
1095.74	68.989
1097.67	67.9397
1099.6	66.9303
1101.53	65.9293
1103.46	64.8688
1105.39	63.7288
1107.32	62.5418
1109.25	61.3481
1111.18	60.1896
1113.1	59.1292
1115.03	58.2159
1116.96	57.4195
1118.89	56.6317
1120.82	55.7427
1122.75	54.7138
1124.68	53.5807
1126.61	52.3985
1128.54	51.1995
1130.47	50.0033
1132.4	48.8388
1134.32	47.7354
1136.25	46.7149
1138.18	45.8018
1140.11	45.0236
1142.04	44.3967
1143.97	43.938
1145.9	43.6816
1147.83	43.6408
1149.76	43.768
1151.69	44.01
1153.62	44.3654
1155.55	44.8344
1157.47	45.3895
1159.4	46.0273
1161.33	46.7625
1163.26	47.5933
1165.19	48.5336
1167.12	49.6125
1169.05	50.8346
1170.98	52.2012
1172.91	53.706
1174.84	55.2923
1176.77	56.8998
1178.69	58.5052
1180.62	60.0687
1182.55	61.5465
1184.48	62.938
1186.41	64.2333
1188.34	65.3885
1190.27	66.402
1192.2	67.3285
1194.13	68.2066
1196.06	69.0264
1197.99	69.7466
1199.91	70.3176
1201.84	70.6876
1203.77	70.7923
1205.7	70.5732
1207.63	70.0082
1209.56	69.0907
1211.49	67.8106
1213.42	66.1859
1215.35	64.2586
1217.28	62.0696
1219.21	59.6904
1221.14	57.2211
1223.06	54.7347
1224.99	52.2867
1226.92	49.9418
1228.85	47.745
1230.78	45.7312
1232.71	43.9689
1234.64	42.5363
1236.57	41.4645
1238.5	40.7185
1240.43	40.2021
1242.36	39.7859
1244.28	39.3671
1246.21	38.8997
1248.14	38.3699
1250.07	37.8017
1252	37.2761
1253.93	36.8852
1255.86	36.7069
1257.79	36.84
1259.72	37.3751
1261.65	38.3221
1263.58	39.622
1265.51	41.1901
1267.43	42.9446
1269.36	44.8275
1271.29	46.7639
1273.22	48.6564
1275.15	50.4834
1277.08	52.2776
1279.01	54.0213
1280.94	55.6921
1282.87	57.3199
1284.8	58.9239
1286.73	60.497
1288.65	62.0311
1290.58	63.4927
1292.51	64.8501
1294.44	66.1228
1296.37	67.367
1298.3	68.6794
1300.23	70.1904
1302.16	71.9606
1304.09	73.9366
1306.02	76.0047
1307.95	77.9904
1309.87	79.6833
1311.8	80.926
1313.73	81.6295
1315.66	81.7823
1317.59	81.5013
1319.52	81.0478
1321.45	80.7713
1323.38	80.9331
1325.31	81.5846
1327.24	82.5522
1329.17	83.5232
1331.1	84.2337
1333.02	84.579
1334.95	84.6611
1336.88	84.6927
1338.81	84.8316
1340.74	85.1277
1342.67	85.5441
1344.6	86.0219
1346.53	86.5042
1348.46	86.8637
1350.39	86.9103
1352.32	86.5571
1354.24	85.8702
1356.17	85.0815
1358.1	84.5268
1360.03	84.2749
1361.96	83.9874
1363.89	83.3804
1365.82	82.5522
1367.75	81.5259
1369.68	80.3261
1371.61	79.2354
1373.54	78.368
1375.47	77.6069
1377.39	77.0065
1379.32	76.6817
1381.25	76.644
1383.18	76.8885
1385.11	77.4778
1387.04	78.4595
1388.97	79.4778
1390.9	80.1305
1392.83	80.4748
1394.76	80.5636
1396.69	80.2862
1398.61	79.6791
1400.54	79.0468
1402.47	78.6798
1404.4	78.6565
1406.33	78.9683
1408.26	79.5523
1410.19	80.3671
1412.12	81.3646
1414.05	82.3606
1415.98	83.347
1417.91	84.4708
1419.83	85.471
1421.76	85.9802
1423.69	86.0875
1425.62	85.9691
1427.55	85.6975
1429.48	85.0417
1431.41	83.9038
1433.34	82.6987
1435.27	81.4433
1437.2	79.7962
1439.13	78.198
1441.06	77.0471
1442.98	76.1579
1444.91	75.4946
1446.84	75.041
1448.77	74.6526
1450.7	74.441
1452.63	74.6336
1454.56	75.2987
1456.49	76.5375
1458.42	77.8452
1460.35	78.6382
1462.28	79.4574
1464.2	80.6537
1466.13	81.9093
1468.06	82.8741
1469.99	83.8776
1471.92	85.0889
1473.85	85.9689
1475.78	86.3239
1477.71	86.6621
1479.64	87.0937
1481.57	87.5378
1483.5	87.9838
1485.43	88.4891
1487.35	89.1969
1489.28	90.1531
1491.21	90.9977
1493.14	91.6429
1495.07	92.3957
1497	93.246
1498.93	93.7616
1500.86	93.9685
1502.79	94.2542
1504.72	94.7707
1506.65	95.3686
1508.57	95.4435
1510.5	95.216
1512.43	95.1352
1514.36	95.2357
1516.29	95.4557
1518.22	95.7307
1520.15	95.9735
1522.08	95.997
1524.01	95.8166
1525.94	95.6429
1527.87	95.5548
1529.8	95.5459
1531.72	95.6192
1533.65	95.7088
1535.58	95.7529
1537.51	95.9272
1539.44	96.3882
1541.37	96.6367
1543.3	96.2644
1545.23	95.8866
1547.16	95.7243
1549.09	95.7127
1551.02	95.7521
1552.94	95.7816
1554.87	95.899
1556.8	96.2656
1558.73	96.579
1560.66	96.1814
1562.59	95.6847
1564.52	95.4464
1566.45	95.4156
1568.38	95.4497
1570.31	95.3204
1572.24	95.1234
1574.16	95.1275
1576.09	95.2636
1578.02	95.1561
1579.95	94.9013
1581.88	94.7812
1583.81	94.7913
1585.74	94.8293
1587.67	94.8764
1589.6	94.9436
1591.53	95.0158
1593.46	95.0864
1595.39	95.1163
1597.31	95.0607
1599.24	94.9794
1601.17	94.9467
1603.1	94.9258
1605.03	94.8795
1606.96	94.8602
1608.89	94.8443
1610.82	94.7494
1612.75	94.6879
1614.68	94.7552
1616.61	94.6874
1618.53	94.32
1620.46	94.0328
1622.39	93.8987
1624.32	93.685
1626.25	93.3067
1628.18	92.7715
1630.11	92.1578
1632.04	91.7367
1633.97	91.5837
1635.9	91.3947
1637.83	91.0833
1639.76	91.1522
1641.68	91.6954
1643.61	92.5157
1645.54	93.4669
1647.47	94.1487
1649.4	94.3373
1651.33	94.5318
1653.26	94.85
1655.19	94.6082
1657.12	94.1691
1659.05	94.01
1660.98	94.0429
1662.9	93.9329
1664.83	93.6441
1666.76	93.5165
1668.69	93.5882
1670.62	93.4987
1672.55	93.2219
1674.48	92.9676
1676.41	92.5765
1678.34	92.1089
1680.27	91.8411
1682.2	91.7152
1684.12	91.4696
1686.05	90.9401
1687.98	90.2129
1689.91	89.4301
1691.84	88.6495
1693.77	87.7057
1695.7	86.5607
1697.63	85.2655
1699.56	83.3119
1701.49	80.7493
1703.42	78.2571
1705.35	75.3899
1707.27	71.7826
1709.2	68.1497
1711.13	64.8604
1713.06	61.7766
1714.99	59.0997
1716.92	56.6646
1718.85	54.257
1720.78	52.7519
1722.71	52.2194
1724.64	52.1497
1726.57	52.484
1728.49	53.2208
1730.42	54.0845
1732.35	54.8614
1734.28	55.2044
1736.21	55.042
1738.14	54.8104
1740.07	54.5136
1742	54.1128
1743.93	54.0701
1745.86	54.5952
1747.79	55.6746
1749.72	57.5427
1751.64	59.8327
1753.57	62.0917
1755.5	64.7889
1757.43	68.1251
1759.36	71.6192
1761.29	75.1217
1763.22	78.5532
1765.15	81.4506
1767.08	83.9003
1769.01	86.2808
1770.94	88.4458
1772.86	90.1308
1774.79	91.382
1776.72	92.219
1778.65	92.8086
1780.58	93.382
1782.51	93.8583
1784.44	94.1737
1786.37	94.4643
1788.3	94.7367
1790.23	95.0224
1792.16	95.3776
1794.08	95.5449
1796.01	95.5057
1797.94	95.5612
1799.87	95.7013
1801.8	95.7367
1803.73	95.6999
1805.66	95.6766
1807.59	95.7118
1809.52	95.8409
1811.45	95.9506
1813.38	95.969
1815.31	96.0084
1817.23	96.077
1819.16	96.1063
1821.09	96.1457
1823.02	96.2198
1824.95	96.312
1826.88	96.475
1828.81	96.6715
1830.74	96.7488
1832.67	96.7057
1834.6	96.6654
1836.53	96.6612
1838.45	96.6741
1840.38	96.7149
1842.31	96.8264
1844.24	96.9785
1846.17	97.0296
1848.1	96.9837
1850.03	96.9534
1851.96	96.9737
1853.89	97.0342
1855.82	97.1093
1857.75	97.1629
1859.68	97.1635
1861.6	97.0864
1863.53	97.0271
1865.46	97.1742
1867.39	97.4781
1869.32	97.6236
1871.25	97.5794
1873.18	97.5339
1875.11	97.4635
1877.04	97.4209
1878.97	97.5296
1880.9	97.6394
1882.82	97.6367
1884.75	97.7013
1886.68	97.8411
1888.61	97.8452
1890.54	97.7729
1892.47	97.8219
1894.4	97.9137
1896.33	97.9368
1898.26	97.9558
1900.19	98.0021
1902.12	98.0323
1904.05	98.0835
1905.97	98.201
1907.9	98.2969
1909.83	98.2521
1911.76	98.1364
1913.69	98.1469
1915.62	98.2852
1917.55	98.343
1919.48	98.303
1921.41	98.4011
1923.34	98.5852
1925.27	98.5716
1927.19	98.4226
1929.12	98.3801
1931.05	98.4164
1932.98	98.447
1934.91	98.5367
1936.84	98.71
1938.77	98.9357
1940.7	99.1656
1942.63	99.2263
1944.56	99.0579
1946.49	98.921
1948.41	98.9786
1950.34	99.14
1952.27	99.3146
1954.2	99.4826
1956.13	99.6148
1958.06	99.6946
1959.99	99.7147
1961.92	99.6559
1963.85	99.5652
1965.78	99.5509
1967.71	99.6351
1969.64	99.7551
1971.56	99.9222
1973.49	100.095
1975.42	100.081
1977.35	99.9737
1979.28	100.109
1981.21	100.302
1983.14	100.113
1985.07	99.7878
1987	99.7976
1988.93	99.9658
1990.86	99.9566
1992.78	99.884
1994.71	99.9314
1996.64	100.032
1998.57	100.061
2000.5	100.002
2002.43	100.008
2004.36	100.175
2006.29	100.327
2008.22	100.298
2010.15	100.17
2012.08	100.067
2014.01	100.047
2015.93	100.153
2017.86	100.364
2019.79	100.602
2021.72	100.753
2023.65	100.736
2025.58	100.643
2027.51	100.589
2029.44	100.494
2031.37	100.348
2033.3	100.316
2035.23	100.368
2037.15	100.348
2039.08	100.309
2041.01	100.333
2042.94	100.339
2044.87	100.301
2046.8	100.266
2048.73	100.19
2050.66	100.083
2052.59	100.081
2054.52	100.177
2056.45	100.182
2058.37	100.039
2060.3	99.9189
2062.23	99.9015
2064.16	99.8348
2066.09	99.6159
2068.02	99.4347
2069.95	99.5297
2071.88	99.8005
2073.81	99.9134
2075.74	99.7646
2077.67	99.5424
2079.6	99.3779
2081.52	99.2724
2083.45	99.2327
2085.38	99.2323
2087.31	99.2092
2089.24	99.1881
2091.17	99.2233
2093.1	99.2712
2095.03	99.2668
2096.96	99.2218
2098.89	99.1667
2100.82	99.0913
2102.74	98.996
2104.67	98.96
2106.6	99.0777
2108.53	99.2714
2110.46	99.2895
2112.39	99.049
2114.32	98.8241
2116.25	98.8743
2118.18	99.067
2120.11	99.115
2122.04	98.9877
2123.97	98.8602
2125.89	98.8772
2127.82	99.0731
2129.75	99.3029
2131.68	99.3598
2133.61	99.3271
2135.54	99.4657
2137.47	99.7286
2139.4	99.8805
2141.33	99.9181
2143.26	99.9256
2145.19	99.8855
2147.11	99.8656
2149.04	99.9682
2150.97	100.13
2152.9	100.282
2154.83	100.461
2156.76	100.616
2158.69	100.635
2160.62	100.589
2162.55	100.616
2164.48	100.632
2166.41	100.464
2168.33	100.184
2170.26	100.013
2172.19	99.9156
2174.12	99.703
2176.05	99.5049
2177.98	99.6155
2179.91	99.9634
2181.84	100.278
2183.77	100.51
2185.7	100.626
2187.63	100.49
2189.56	100.193
2191.48	100.002
2193.41	99.9634
2195.34	99.9617
2197.27	99.9125
2199.2	99.8254
2201.13	99.8814
2203.06	100.177
2204.99	100.386
2206.92	100.218
2208.85	99.9313
2210.78	99.8303
2212.7	99.7573
2214.63	99.5168
2216.56	99.2868
2218.49	99.356
2220.42	99.7239
2222.35	100.048
2224.28	99.9984
2226.21	99.6607
2228.14	99.4114
2230.07	99.4599
2232	99.701
2233.93	99.8792
2235.85	99.8536
2237.78	99.7568
2239.71	99.7431
2241.64	99.7222
2243.57	99.6408
2245.5	99.6593
2247.43	99.7355
2249.36	99.6175
2251.29	99.4065
2253.22	99.4024
2255.15	99.506
2257.07	99.4901
2259	99.4859
2260.93	99.6388
2262.86	99.7804
2264.79	99.7357
2266.72	99.5606
2268.65	99.4286
2270.58	99.4328
2272.51	99.4494
2274.44	99.3273
2276.37	99.1946
2278.29	99.2461
2280.22	99.3746
2282.15	99.3767
2284.08	99.2738
2286.01	99.1704
2287.94	99.0816
2289.87	99.0288
2291.8	99.0559
2293.73	99.0965
2295.66	99.0428
2297.59	98.9809
2299.52	99.1026
2301.44	99.3541
2303.37	99.5017
2305.3	99.5709
2307.23	99.8208
2309.16	100.288
2311.09	100.739
2313.02	101.037
2314.95	101.202
2316.88	101.296
2318.81	101.524
2320.74	102.076
2322.66	102.719
2324.59	103.1
2326.52	103.322
2328.45	103.615
2330.38	103.939
2332.31	104.214
2334.24	104.425
2336.17	104.491
2338.1	104.5
2340.03	104.767
2341.96	105.179
2343.89	104.921
2345.81	103.725
2347.74	102.658
2349.67	102.514
2351.6	103.521
2353.53	105.418
2355.46	106.967
2357.39	107.511
2359.32	107.652
2361.25	107.528
2363.18	107.027
2365.11	106.402
2367.03	105.708
2368.96	104.674
2370.89	103.334
2372.82	102.076
2374.75	100.993
2376.68	99.9245
2378.61	98.9804
2380.54	98.3769
2382.47	98.031
2384.4	97.7472
2386.33	97.5245
2388.26	97.4381
2390.18	97.438
2392.11	97.4102
2394.04	97.3171
2395.97	97.2257
2397.9	97.2378
2399.83	97.3482
2401.76	97.4298
2403.69	97.4414
2405.62	97.4834
2407.55	97.5639
2409.48	97.5695
2411.4	97.5201
2413.33	97.5415
2415.26	97.6028
2417.19	97.5933
2419.12	97.5594
2421.05	97.5942
2422.98	97.6646
2424.91	97.7131
2426.84	97.7299
2428.77	97.6916
2430.7	97.6094
2432.62	97.5762
2434.55	97.6637
2436.48	97.8263
2438.41	97.9289
2440.34	97.9144
2442.27	97.9199
2444.2	98.0365
2446.13	98.0871
2448.06	97.9633
2449.99	97.9042
2451.92	98.0774
2453.85	98.2569
2455.77	98.194
2457.7	97.9599
2459.63	97.7957
2461.56	97.8554
2463.49	98.0605
2465.42	98.1647
2467.35	98.0811
2469.28	97.989
2471.21	98.0125
2473.14	98.0745
2475.07	98.0996
2476.99	98.1034
2478.92	98.1158
2480.85	98.1332
2482.78	98.1087
2484.71	98.0473
2486.64	98.0488
2488.57	98.0995
2490.5	98.0644
2492.43	97.9998
2494.36	98.0637
2496.29	98.1549
2498.22	98.0982
2500.14	98.0037
2502.07	98.054
2504	98.1847
2505.93	98.2264
2507.86	98.1544
2509.79	98.0455
2511.72	97.9538
2513.65	97.9402
2515.58	98.04
2517.51	98.1358
2519.44	98.1354
2521.36	98.1773
2523.29	98.2915
2525.22	98.2363
2527.15	98.0175
2529.08	97.936
2531.01	97.9833
2532.94	97.9278
2534.87	97.834
2536.8	97.8834
2538.73	98.0424
2540.66	98.1938
2542.58	98.2298
2544.51	98.081
2546.44	97.864
2548.37	97.7555
2550.3	97.7502
2552.23	97.759
2554.16	97.7453
2556.09	97.6921
2558.02	97.6437
2559.95	97.6863
2561.88	97.7924
2563.81	97.8617
2565.73	97.8452
2567.66	97.7106
2569.59	97.5076
2571.52	97.4335
2573.45	97.5556
2575.38	97.6875
2577.31	97.731
2579.24	97.7577
2581.17	97.743
2583.1	97.6514
2585.03	97.5898
2586.95	97.5949
2588.88	97.6044
2590.81	97.6271
2592.74	97.6114
2594.67	97.4584
2596.6	97.324
2598.53	97.4119
2600.46	97.5485
2602.39	97.4698
2604.32	97.2811
2606.25	97.2434
2608.18	97.3589
2610.1	97.4105
2612.03	97.2771
2613.96	97.0758
2615.89	96.969
2617.82	96.9694
2619.75	97.0153
2621.68	97.0552
2623.61	97.019
2625.54	96.9059
2627.47	96.8456
2629.4	96.9068
2631.32	96.9764
2633.25	96.9268
2635.18	96.7717
2637.11	96.6302
2639.04	96.613
2640.97	96.7141
2642.9	96.8027
2644.83	96.7689
2646.76	96.6534
2648.69	96.5745
2650.62	96.5597
2652.54	96.5302
2654.47	96.4453
2656.4	96.3663
2658.33	96.353
2660.26	96.3783
2662.19	96.3727
2664.12	96.3139
2666.05	96.2662
2667.98	96.2987
2669.91	96.3526
2671.84	96.3132
2673.77	96.2163
2675.69	96.1715
2677.62	96.1447
2679.55	96.0687
2681.48	96.0142
2683.41	96.0409
2685.34	96.1024
2687.27	96.1741
2689.2	96.2383
2691.13	96.2166
2693.06	96.0994
2694.99	95.9914
2696.91	95.9754
2698.84	96.0547
2700.77	96.1559
2702.7	96.1615
2704.63	96.0623
2706.56	95.9816
2708.49	95.9721
2710.42	95.9714
2712.35	95.9548
2714.28	95.9474
2716.21	95.9338
2718.14	95.8929
2720.06	95.8654
2721.99	95.8883
2723.92	95.9041
2725.85	95.8438
2727.78	95.7644
2729.71	95.7432
2731.64	95.7183
2733.57	95.6363
2735.5	95.6012
2737.43	95.6697
2739.36	95.7241
2741.28	95.69
2743.21	95.6343
2745.14	95.6089
2747.07	95.6086
2749	95.6255
2750.93	95.6211
2752.86	95.5776
2754.79	95.5815
2756.72	95.6826
2758.65	95.7611
2760.58	95.6949
2762.51	95.5304
2764.43	95.3955
2766.36	95.3578
2768.29	95.3803
2770.22	95.3788
2772.15	95.3455
2774.08	95.3313
2776.01	95.3251
2777.94	95.3066
2779.87	95.2922
2781.8	95.2219
2783.73	95.0677
2785.65	94.9931
2787.58	95.0781
2789.51	95.1636
2791.44	95.1887
2793.37	95.2251
2795.3	95.1967
2797.23	95.0748
2799.16	95.0538
2801.09	95.1607
2803.02	95.1764
2804.95	95.0564
2806.87	94.921
2808.8	94.7835
2810.73	94.6631
2812.66	94.6352
2814.59	94.621
2816.52	94.4988
2818.45	94.3646
2820.38	94.3376
2822.31	94.2934
2824.24	94.0789
2826.17	93.7719
2828.1	93.5136
2830.02	93.3124
2831.95	93.1381
2833.88	92.9838
2835.81	92.8048
2837.74	92.5824
2839.67	92.3679
2841.6	92.1774
2843.53	92.0007
2845.46	91.8499
2847.39	91.6519
2849.32	91.3141
2851.24	90.931
2853.17	90.5988
2855.1	90.1839
2857.03	89.5749
2858.96	88.8838
2860.89	88.2506
2862.82	87.7146
2864.75	87.2602
2866.68	86.8465
2868.61	86.4772
2870.54	86.2032
2872.47	86.0194
2874.39	85.9334
2876.32	86.0644
2878.25	86.4597
2880.18	86.9544
2882.11	87.3601
2884.04	87.6434
2885.97	87.8508
2887.9	87.9659
2889.83	87.9432
2891.76	87.8624
2893.69	87.8453
2895.61	87.8327
2897.54	87.7364
2899.47	87.6669
2901.4	87.6806
2903.33	87.6077
2905.26	87.4023
2907.19	87.2328
2909.12	87.1484
2911.05	87.0789
2912.98	87.0173
2914.91	86.8882
2916.83	86.5504
2918.76	86.0867
2920.69	85.7242
2922.62	85.4574
2924.55	85.0644
2926.48	84.4628
2928.41	83.8625
2930.34	83.521
2932.27	83.4537
2934.2	83.5454
2936.13	83.794
2938.06	84.1691
2939.98	84.468
2941.91	84.6097
2943.84	84.7331
2945.77	84.8305
2947.7	84.6895
2949.63	84.2208
2951.56	83.5176
2953.49	82.7413
2955.42	82.1363
2957.35	81.8911
2959.28	81.9517
2961.2	82.2205
2963.13	82.781
2965.06	83.6799
2966.99	84.7303
2968.92	85.7453
2970.85	86.747
2972.78	87.7888
2974.71	88.7584
2976.64	89.4762
2978.57	89.9113
2980.5	90.2299
2982.43	90.601
2984.35	90.9853
2986.28	91.2381
2988.21	91.3937
2990.14	91.6222
2992.07	91.9204
2994	92.1043
2995.93	92.1031
2997.86	92.0846
2999.79	92.259
3001.72	92.6393
3003.65	93.0465
3005.57	93.3451
3007.5	93.5612
3009.43	93.741
3011.36	93.8571
3013.29	93.8942
3015.22	93.9286
3017.15	94.0838
3019.08	94.3894
3021.01	94.6976
3022.94	94.8481
3024.87	94.8847
3026.79	94.9559
3028.72	95.0678
3030.65	95.1164
3032.58	95.113
3034.51	95.1923
3036.44	95.3945
3038.37	95.6091
3040.3	95.7503
3042.23	95.8266
3044.16	95.8279
3046.09	95.7166
3048.02	95.5513
3049.94	95.4968
3051.87	95.656
3053.8	95.9227
3055.73	96.0541
3057.66	95.938
3059.59	95.7506
3061.52	95.752
3063.45	95.9277
3065.38	96.0019
3067.31	95.8868
3069.24	95.8273
3071.16	95.941
3073.09	96.0405
3075.02	96.039
3076.95	96.0495
3078.88	96.0681
3080.81	96.0116
3082.74	95.9426
3084.67	95.9459
3086.6	95.9747
3088.53	95.9543
3090.46	95.8905
3092.39	95.8717
3094.31	95.9732
3096.24	96.1062
3098.17	96.0834
3100.1	95.8929
3102.03	95.7373
3103.96	95.7623
3105.89	95.8572
3107.82	95.8297
3109.75	95.7277
3111.68	95.7465
3113.61	95.8257
3115.53	95.7241
3117.46	95.4936
3119.39	95.4309
3121.32	95.6165
3123.25	95.8362
3125.18	95.8645
3127.11	95.7133
3129.04	95.612
3130.97	95.6613
3132.9	95.6806
3134.83	95.5859
3136.75	95.5352
3138.68	95.5705
3140.61	95.6379
3142.54	95.7713
3144.47	95.8361
3146.4	95.6666
3148.33	95.5477
3150.26	95.7224
3152.19	95.8531
3154.12	95.7501
3156.05	95.7354
3157.98	95.8576
3159.9	95.8361
3161.83	95.7188
3163.76	95.647
3165.69	95.5175
3167.62	95.3814
3169.55	95.4194
3171.48	95.5179
3173.41	95.5089
3175.34	95.4652
3177.27	95.42
3179.2	95.3102
3181.12	95.2305
3183.05	95.2755
3184.98	95.2972
3186.91	95.172
3188.84	95.0724
3190.77	95.1448
3192.7	95.1834
3194.63	95.01
3196.56	94.8905
3198.49	95.0873
3200.42	95.3548
3202.35	95.363
3204.27	95.1783
3206.2	95.0148
3208.13	94.9693
3210.06	95.0285
3211.99	95.0083
3213.92	94.7327
3215.85	94.4077
3217.78	94.4064
3219.71	94.7069
3221.64	94.9327
3223.57	94.8679
3225.49	94.6387
3227.42	94.462
3229.35	94.4481
3231.28	94.5482
3233.21	94.5591
3235.14	94.3902
3237.07	94.3069
3239	94.4632
3240.93	94.4769
3242.86	94.1431
3244.79	93.9154
3246.72	94.0188
3248.64	94.0899
3250.57	94.0308
3252.5	94.0763
3254.43	94.1395
3256.36	94.0403
3258.29	93.9274
3260.22	93.9426
3262.15	93.9915
3264.08	93.9433
3266.01	93.7899
3267.94	93.6973
3269.86	93.7881
3271.79	93.8833
3273.72	93.8197
3275.65	93.7705
3277.58	93.8511
3279.51	93.8676
3281.44	93.7148
3283.37	93.5336
3285.3	93.4227
3287.23	93.3633
3289.16	93.3395
3291.08	93.332
3293.01	93.334
3294.94	93.4102
3296.87	93.5459
3298.8	93.5509
3300.73	93.3882
3302.66	93.3183
3304.59	93.4041
3306.52	93.3588
3308.45	93.1189
3310.38	92.9554
3312.31	92.9446
3314.23	92.9408
3316.16	92.9217
3318.09	92.9248
3320.02	92.9407
3321.95	92.9967
3323.88	93.0573
3325.81	93.0093
3327.74	92.9114
3329.67	92.9271
3331.6	93.0139
3333.53	93.0242
3335.45	92.9547
3337.38	92.8431
3339.31	92.6744
3341.24	92.5331
3343.17	92.5584
3345.1	92.6929
3347.03	92.7693
3348.96	92.807
3350.89	92.9046
3352.82	92.994
3354.75	92.9986
3356.68	92.9963
3358.6	93.0138
3360.53	92.9462
3362.46	92.8011
3364.39	92.7276
3366.32	92.7702
3368.25	92.8663
3370.18	93.0212
3372.11	93.2021
3374.04	93.2173
3375.97	93.0219
3377.9	92.9137
3379.82	93.0908
3381.75	93.3331
3383.68	93.383
3385.61	93.2682
3387.54	93.105
3389.47	92.9582
3391.4	92.9208
3393.33	93.028
3395.26	93.1797
3397.19	93.2765
3399.12	93.2746
3401.04	93.1687
3402.97	93.0579
3404.9	93.0549
3406.83	93.1208
3408.76	93.1792
3410.69	93.2612
3412.62	93.3662
3414.55	93.3958
3416.48	93.3418
3418.41	93.3425
3420.34	93.4966
3422.27	93.7238
3424.19	93.8629
3426.12	93.8702
3428.05	93.8068
3429.98	93.7092
3431.91	93.5957
3433.84	93.4951
3435.77	93.4144
3437.7	93.4149
3439.63	93.608
3441.56	93.9329
3443.49	94.1919
3445.41	94.3607
3447.34	94.5112
3449.27	94.531
3451.2	94.3005
3453.13	93.9584
3455.06	93.7533
3456.99	93.7986
3458.92	94.0187
3460.85	94.2647
3462.78	94.4564
3464.71	94.5719
3466.64	94.5236
3468.56	94.2757
3470.49	94.07
3472.42	94.1366
3474.35	94.288
3476.28	94.2909
3478.21	94.3429
3480.14	94.6342
3482.07	94.9207
3484	94.9535
3485.93	94.8197
3487.86	94.6781
3489.78	94.6301
3491.71	94.6532
3493.64	94.5961
3495.57	94.5526
3497.5	94.7899
3499.43	95.1149
3501.36	95.1533
3503.29	95.085
3505.22	95.1799
3507.15	95.1268
3509.08	94.7559
3511	94.5394
3512.93	94.7462
3514.86	94.9897
3516.79	94.9856
3518.72	94.9113
3520.65	94.9505
3522.58	95.0357
3524.51	95.063
3526.44	95.0495
3528.37	95.0669
3530.3	95.0969
3532.23	95.0391
3534.15	94.9192
3536.08	94.8436
3538.01	94.734
3539.94	94.5597
3541.87	94.6024
3543.8	94.8918
3545.73	94.9772
3547.66	94.8696
3549.59	95.0671
3551.52	95.3238
3553.45	95.0214
3555.37	94.4278
3557.3	94.1997
3559.23	94.398
3561.16	94.8038
3563.09	95.2382
3565.02	95.5278
3566.95	95.622
3568.88	95.6639
3570.81	95.6687
3572.74	95.5316
3574.67	95.3021
3576.6	95.2116
3578.52	95.4685
3580.45	95.9503
3582.38	96.1802
3584.31	95.9183
3586.24	95.5074
3588.17	95.483
3590.1	95.8692
3592.03	96.2903
3593.96	96.5225
3595.89	96.4937
3597.82	96.4534
3599.74	96.658
3601.67	96.9218
3603.6	96.9412
3605.53	96.7154
3607.46	96.3589
3609.39	96.0733
3611.32	96.1159
3613.25	96.4389
3615.18	96.8384
3617.11	97.3265
3619.04	97.8498
3620.97	97.9217
3622.89	97.4522
3624.82	97.0308
3626.75	97.0062
3628.68	97.193
3630.61	97.1125
3632.54	96.8866
3634.47	96.7613
3636.4	96.6036
3638.33	96.3762
3640.26	96.414
3642.19	96.8663
3644.11	97.3091
3646.04	97.4188
3647.97	97.4493
3649.9	97.4748
3651.83	97.1445
3653.76	96.8018
3655.69	96.8329
3657.62	97.024
3659.55	97.0117
3661.48	96.9627
3663.41	97.0649
3665.33	97.2525
3667.26	97.5081
3669.19	97.7736
3671.12	97.8826
3673.05	98.038
3674.98	98.2113
3676.91	97.7722
3678.84	97.1168
3680.77	96.9971
3682.7	97.092
3684.63	96.988
3686.56	97.0332
3688.48	97.7263
3690.41	98.4886
3692.34	98.3931
3694.27	97.8018
3696.2	97.2279
3698.13	96.8835
3700.06	96.9032
3701.99	97.3324
3703.92	97.8642
3705.85	98.0675
3707.78	97.9756
3709.7	97.9284
3711.63	97.9787
3713.56	97.802
3715.49	97.5733
3717.42	97.6393
3719.35	97.8569
3721.28	97.8477
3723.21	97.7403
3725.14	97.9083
3727.07	98.0965
3729	97.9269
3730.93	97.7247
3732.85	98.0488
3734.78	98.805
3736.71	99.1236
3738.64	98.84
3740.57	98.4359
3742.5	98.0208
3744.43	97.7152
3746.36	97.838
3748.29	98.1517
3750.22	98.1861
3752.15	97.8215
3754.07	97.4936
3756	97.4115
3757.93	97.4984
3759.86	97.6548
3761.79	97.7023
3763.72	97.543
3765.65	97.2808
3767.58	97.1778
3769.51	97.301
3771.44	97.3432
3773.37	97.182
3775.29	97.1015
3777.22	97.2406
3779.15	97.3666
3781.08	97.2908
3783.01	97.1685
3784.94	97.0886
3786.87	97.0078
3788.8	96.9684
3790.73	97.0163
3792.66	97.1681
3794.59	97.4683
3796.52	97.7749
3798.44	97.7998
3800.37	97.585
3802.3	97.4858
3804.23	97.6095
3806.16	97.7553
3808.09	97.7408
3810.02	97.5169
3811.95	97.2953
3813.88	97.3034
3815.81	97.5511
3817.74	97.7723
3819.66	97.8379
3821.59	97.7588
3823.52	97.5493
3825.45	97.3973
3827.38	97.4186
3829.31	97.5349
3831.24	97.6444
3833.17	97.7301
3835.1	97.7466
3837.03	97.6367
3838.96	97.4871
3840.89	97.4259
3842.81	97.3927
3844.74	97.292
3846.67	97.1966
3848.6	97.2728
3850.53	97.6108
3852.46	98.0863
3854.39	98.1464
3856.32	97.7664
3858.25	97.549
3860.18	97.5652
3862.11	97.5483
3864.03	97.3302
3865.96	97.2124
3867.89	97.4171
3869.82	97.6079
3871.75	97.4355
3873.68	97.1739
3875.61	97.1618
3877.54	97.2994
3879.47	97.3976
3881.4	97.3928
3883.33	97.2741
3885.25	97.0673
3887.18	96.9512
3889.11	97.0607
3891.04	97.2512
3892.97	97.2815
3894.9	97.1642
3896.83	97.1233
3898.76	97.3215
3900.69	97.7209
3902.62	97.9162
3904.55	97.6167
3906.48	97.1746
3908.4	96.9909
3910.33	96.9715
3912.26	96.9244
3914.19	96.904
3916.12	97.0341
3918.05	97.2422
3919.98	97.3404
3921.91	97.292
3923.84	97.1885
3925.77	97.0943
3927.7	97.0001
3929.62	96.9207
3931.55	96.9466
3933.48	97.0622
3935.41	97.1108
3937.34	97.0697
3939.27	97.0385
3941.2	97.0518
3943.13	97.0952
3945.06	97.1604
3946.99	97.1895
3948.92	97.1204
3950.85	96.9925
3952.77	96.8986
3954.7	96.8909
3956.63	96.9624
3958.56	97.0218
3960.49	96.9902
3962.42	96.9382
3964.35	96.9537
3966.28	96.9892
3968.21	97.0031
3970.14	97.0349
3972.07	97.0624
3973.99	97.0167
3975.92	96.9308
3977.85	96.8706
3979.78	96.8139
3981.71	96.7349
3983.64	96.6748
3985.57	96.6589
3987.5	96.6595
3989.43	96.651
3991.36	96.6291
3993.29	96.6184
3995.22	96.6636
3997.14	96.7365
