499.643	78.1321
501.572	77.3967
503.501	77.4846
505.43	77.9075
507.36	77.9431
509.289	78.2834
511.218	79.1092
513.147	79.7361
515.076	80.0468
517.005	80.1462
518.934	79.7649
520.863	79.2355
522.792	79.2777
524.722	79.7588
526.651	80.102
528.58	80.3334
530.509	80.7688
532.438	81.3659
534.367	81.9491
536.296	82.4125
538.225	82.7119
540.155	82.9721
542.084	83.3164
544.013	83.5785
545.942	83.6445
547.871	83.7988
549.8	84.1666
551.729	84.3125
553.658	84.055
555.588	84.0107
557.517	84.5765
559.446	85.216
561.375	85.4777
563.304	85.6268
565.233	85.7278
567.162	85.4563
569.091	85.0444
571.021	85.0837
572.95	85.4833
574.879	85.7059
576.808	85.7168
578.737	85.9308
580.666	86.3306
582.595	86.4506
584.524	86.2001
586.454	85.9449
588.383	85.8509
590.312	85.8363
592.241	85.8645
594.17	85.8535
596.099	85.7371
598.028	85.6554
599.957	85.6699
601.887	85.6118
603.816	85.4992
605.745	85.6008
607.674	85.9729
609.603	86.392
611.532	86.6951
613.461	86.8577
615.39	86.8708
617.32	86.811
619.249	86.872
621.178	87.0824
623.107	87.2507
625.036	87.2929
626.965	87.2898
628.894	87.2256
630.823	87.0543
632.753	86.8917
634.682	86.8025
636.611	86.6957
638.54	86.6038
640.469	86.5997
642.398	86.5182
644.327	86.2406
646.256	85.9281
648.186	85.6673
650.115	85.3892
652.044	85.1928
653.973	85.2396
655.902	85.4284
657.831	85.5651
659.76	85.71
661.689	85.9924
663.619	86.3646
665.548	86.8856
667.477	87.7623
669.406	88.4852
671.335	88.6088
673.264	88.7329
675.193	88.9456
677.122	88.9983
679.052	89.0483
680.981	89.3524
682.91	89.6367
684.839	89.6082
686.768	89.4796
688.697	89.4483
690.626	89.424
692.555	89.3558
694.485	89.2953
696.414	89.2358
698.343	89.1816
700.272	89.1888
702.201	89.2587
704.13	89.3118
706.059	89.2431
707.988	89.0534
709.917	88.9119
711.847	88.9051
713.776	88.9021
715.705	88.862
717.634	88.9071
719.563	89.0012
721.492	88.99
723.421	88.8778
725.35	88.6985
727.28	88.4064
729.209	88.046
731.138	87.6683
733.067	87.1796
734.996	86.5634
736.925	86.007
738.854	85.6036
740.783	85.1457
742.713	84.4013
744.642	83.5259
746.571	82.9736
748.5	82.9896
750.429	83.4665
752.358	84.2253
754.287	85.0788
756.216	85.7783
758.146	86.2277
760.075	86.5344
762.004	86.7106
763.933	86.6562
765.862	86.4144
767.791	86.089
769.72	85.6077
771.649	84.7858
773.579	83.4708
775.508	81.5287
777.437	78.8102
779.366	75.2305
781.295	71.0183
783.224	66.9319
785.153	64.0267
787.082	63.0775
789.012	64.2857
790.941	67.3932
792.87	71.7606
794.799	76.3902
796.728	80.239
798.657	82.7287
800.586	83.9597
802.515	84.354
804.445	84.1838
806.374	83.5553
808.303	82.5865
810.232	81.4104
812.161	80.2508
814.09	79.5154
816.019	79.508
817.948	80.1283
819.878	81.0541
821.807	82.0266
823.736	82.851
825.665	83.3754
827.594	83.5795
829.523	83.553
831.452	83.3689
833.381	83.0162
835.311	82.4258
837.24	81.5472
839.169	80.3788
841.098	78.9397
843.027	77.3431
844.956	75.8774
846.885	74.8092
848.814	74.1128
850.744	73.5523
852.673	72.9572
854.602	72.2853
856.531	71.5555
858.46	70.8561
860.389	70.3356
862.318	70.1037
864.247	70.1634
866.177	70.4612
868.106	70.9685
870.035	71.6431
871.964	72.3397
873.893	72.8899
875.822	73.2437
877.751	73.4358
879.68	73.5193
881.609	73.5886
883.539	73.7346
885.468	73.9685
887.397	74.2509
889.326	74.5346
891.255	74.7588
893.184	74.8751
895.113	74.8914
897.042	74.8846
898.972	74.9726
900.901	75.2527
902.83	75.7742
904.759	76.569
906.688	77.6312
908.617	78.8554
910.546	80.0469
912.475	80.9906
914.405	81.5229
916.334	81.5805
918.263	81.1944
920.192	80.4639
922.121	79.5275
924.05	78.4719
925.979	77.2937
927.908	76.0038
929.838	74.6481
931.767	73.212
933.696	71.6841
935.625	70.1792
937.554	68.8484
939.483	67.7758
941.412	67.0336
943.341	66.6439
945.271	66.4642
947.2	66.3303
949.129	66.3051
951.058	66.5999
952.987	67.2817
954.916	68.2024
956.845	69.1575
958.774	70.0141
960.704	70.7391
962.633	71.3963
964.562	72.0995
966.491	72.9219
968.42	73.8451
970.349	74.7885
972.278	75.6479
974.207	76.3095
976.137	76.6993
978.066	76.838
979.995	76.7737
981.924	76.4748
983.853	75.8938
985.782	75.101
987.711	74.2618
989.64	73.5497
991.57	73.1064
993.499	72.9366
995.428	72.8212
997.357	72.4676
999.286	71.7288
1001.22	70.6262
1003.14	69.2758
1005.07	67.8414
1007	66.48
1008.93	65.3197
1010.86	64.4378
1012.79	63.7355
1014.72	62.8911
1016.65	61.6066
1018.58	59.8755
1020.51	57.9223
1022.44	55.9794
1024.36	54.246
1026.29	52.989
1028.22	52.4666
1030.15	52.6524
1032.08	53.1858
1034.01	53.7255
1035.94	54.2342
1037.87	54.8393
1039.8	55.586
1041.73	56.4633
1043.66	57.544
1045.58	58.9541
1047.51	60.7207
1049.44	62.6965
1051.37	64.606
1053.3	66.1589
1055.23	67.1933
1057.16	67.7814
1059.09	68.1594
1061.02	68.4704
1062.95	68.5918
1064.88	68.3034
1066.81	67.6241
1068.73	66.901
1070.66	66.5629
1072.59	66.8326
1074.52	67.6259
1076.45	68.6591
1078.38	69.6762
1080.31	70.5783
1082.24	71.3338
1084.17	71.859
1086.1	72.0556
1088.03	71.9032
1089.95	71.454
1091.88	70.7614
1093.81	69.8658
1095.74	68.8511
1097.67	67.8361
1099.6	66.8661
1101.53	65.8824
1103.46	64.8224
1105.39	63.6744
1107.32	62.4532
1109.25	61.2029
1111.18	60.0091
1113.1	58.9568
1115.03	58.077
1116.96	57.317
1118.89	56.5542
1120.82	55.6735
1122.75	54.6378
1124.68	53.4793
1126.61	52.2635
1128.54	51.0588
1130.47	49.8911
1132.4	48.7481
1134.32	47.6473
1136.25	46.6375
1138.18	45.7383
1140.11	44.9564
1142.04	44.3338
1143.97	43.9089
1145.9	43.685
1147.83	43.6564
1149.76	43.7988
1151.69	44.0633
1153.62	44.4336
1155.55	44.9134
1157.47	45.469
1159.4	46.084
1161.33	46.804
1163.26	47.6565
1165.19	48.6277
1167.12	49.7232
1169.05	50.9538
1170.98	52.3032
1172.91	53.7616
1174.84	55.3216
1176.77	56.9367
1178.69	58.54
1180.62	60.0826
1182.55	61.5407
1184.48	62.9109
1186.41	64.1834
1188.34	65.3226
1190.27	66.319
1192.2	67.2292
1194.13	68.1097
1196.06	68.9471
1197.99	69.6946
1199.91	70.311
1201.84	70.7216
1203.77	70.8155
1205.7	70.5385
1207.63	69.9193
1209.56	68.9739
1211.49	67.677
1213.42	66.0452
1215.35	64.1341
1217.28	61.968
1219.21	59.5831
1221.14	57.0816
1223.06	54.5724
1224.99	52.1312
1226.92	49.8109
1228.85	47.6365
1230.78	45.6387
1232.71	43.8952
1234.64	42.4872
1236.57	41.44
1238.5	40.7133
1240.43	40.2042
1242.36	39.7877
1244.28	39.3811
1246.21	38.9301
1248.14	38.3823
1250.07	37.7676
1252	37.2214
1253.93	36.8587
1255.86	36.7267
1257.79	36.8863
1259.72	37.4115
1261.65	38.3265
1263.58	39.6025
1265.51	41.1621
1267.43	42.901
1269.36	44.7533
1271.29	46.6724
1273.22	48.5847
1275.15	50.4416
1277.08	52.2349
1279.01	53.9593
1280.94	55.6397
1282.87	57.3098
1284.8	58.9449
1286.73	60.5175
1288.65	62.0467
1290.58	63.5162
1292.51	64.8704
1294.44	66.1246
1296.37	67.3697
1298.3	68.6992
1300.23	70.2031
1302.16	71.9619
1304.09	73.9687
1306.02	76.0762
1307.95	78.0571
1309.87	79.7262
1311.8	80.9618
1313.73	81.6581
1315.66	81.7966
1317.59	81.5183
1319.52	81.0929
1321.45	80.8546
1323.38	81.0455
1325.31	81.6963
1327.24	82.6248
1329.17	83.5321
1331.1	84.1801
1333.02	84.4966
1334.95	84.5944
1336.88	84.654
1338.81	84.8011
1340.74	85.1035
1342.67	85.5496
1344.6	86.065
1346.53	86.5679
1348.46	86.9208
1350.39	86.936
1352.32	86.5426
1354.24	85.8392
1356.17	85.0738
1358.1	84.5422
1360.03	84.2602
1361.96	83.9055
1363.89	83.2694
1365.82	82.4626
1367.75	81.4665
1369.68	80.293
1371.61	79.2187
1373.54	78.3427
1375.47	77.5658
1377.39	76.9745
1379.32	76.6673
1381.25	76.6293
1383.18	76.8574
1385.11	77.4181
1387.04	78.3669
1388.97	79.3877
1390.9	80.0832
1392.83	80.4579
1394.76	80.5257
1396.69	80.2038
1398.61	79.581
1400.54	78.9632
1402.47	78.6245
1404.4	78.6332
1406.33	78.9533
1408.26	79.5088
1410.19	80.2961
1412.12	81.3017
1414.05	82.3236
1415.98	83.3231
1417.91	84.4473
1419.83	85.4428
1421.76	85.9447
1423.69	86.0552
1425.62	85.9614
1427.55	85.7177
1429.48	85.0592
1431.41	83.887
1433.34	82.6515
1435.27	81.3826
1437.2	79.7353
1439.13	78.1579
1441.06	77.0342
1442.98	76.146
1444.91	75.4604
1446.84	75.001
1448.77	74.6233
1450.7	74.4162
1452.63	74.6293
1454.56	75.3303
1456.49	76.5435
1458.42	77.7552
1460.35	78.5193
1462.28	79.3519
1464.2	80.5593
1466.13	81.8414
1468.06	82.8441
1469.99	83.8627
1471.92	85.0616
1473.85	85.9367
1475.78	86.3018
1477.71	86.6286
1479.64	87.0292
1481.57	87.4541
1483.5	87.902
1485.43	88.4106
1487.35	89.1224
1489.28	90.0955
1491.21	90.9464
1493.14	91.5771
1495.07	92.3165
1497	93.1648
1498.93	93.6944
1500.86	93.923
1502.79	94.2079
1504.72	94.6752
1506.65	95.2061
1508.57	95.2933
1510.5	95.0997
1512.43	95.029
1514.36	95.1471
1516.29	95.3951
1518.22	95.6721
1520.15	95.898
1522.08	95.9461
1524.01	95.8262
1525.94	95.6764
1527.87	95.5618
1529.8	95.5317
1531.72	95.6213
1533.65	95.7451
1535.58	95.8125
1537.51	96.002
1539.44	96.436
1541.37	96.5549
1543.3	96.0901
1545.23	95.7295
1547.16	95.6219
1549.09	95.6525
1551.02	95.7215
1552.94	95.7661
1554.87	95.8612
1556.8	96.1674
1558.73	96.4438
1560.66	96.0981
1562.59	95.6583
1564.52	95.4535
1566.45	95.4404
1568.38	95.4761
1570.31	95.3415
1572.24	95.1455
1574.16	95.1451
1576.09	95.2475
1578.02	95.1075
1579.95	94.8699
1581.88	94.7903
1583.81	94.8184
1585.74	94.8359
1587.67	94.8407
1589.6	94.866
1591.53	94.9287
1593.46	95.0313
1595.39	95.0993
1597.31	95.0597
1599.24	94.9751
1601.17	94.9276
1603.1	94.8955
1605.03	94.8465
1606.96	94.8113
1608.89	94.7806
1610.82	94.7219
1612.75	94.7219
1614.68	94.8179
1616.61	94.7414
1618.53	94.3528
1620.46	94.0198
1622.39	93.817
1624.32	93.5685
1626.25	93.2088
1628.18	92.7108
1630.11	92.152
1632.04	91.8033
1633.97	91.7026
1635.9	91.4748
1637.83	91.063
1639.76	91.0991
1641.68	91.6781
1643.61	92.539
1645.54	93.4849
1647.47	94.1395
1649.4	94.3316
1651.33	94.5359
1653.26	94.8594
1655.19	94.6297
1657.12	94.175
1659.05	93.9668
1660.98	93.9494
1662.9	93.8454
1664.83	93.6094
1666.76	93.5232
1668.69	93.5913
1670.62	93.4678
1672.55	93.1894
1674.48	92.9576
1676.41	92.5639
1678.34	92.081
1680.27	91.8195
1682.2	91.6904
1684.12	91.3752
1686.05	90.787
1687.98	90.0862
1689.91	89.3547
1691.84	88.5997
1693.77	87.6628
1695.7	86.5288
1697.63	85.2333
1699.56	83.2647
1701.49	80.7168
1703.42	78.2592
1705.35	75.4111
1707.27	71.8049
1709.2	68.1686
1711.13	64.8983
1713.06	61.8779
1714.99	59.2615
1716.92	56.7582
1718.85	54.2017
1720.78	52.655
1722.71	52.174
1724.64	52.1604
1726.57	52.4987
1728.49	53.1997
1730.42	54.05
1732.35	54.8406
1734.28	55.1261
1736.21	54.8481
1738.14	54.5684
1740.07	54.3025
1742	53.9674
1743.93	54.0052
1745.86	54.6187
1747.79	55.7578
1749.72	57.6016
1751.64	59.8084
1753.57	62.024
1755.5	64.7338
1757.43	68.0566
1759.36	71.4713
1761.29	74.9355
1763.22	78.432
1765.15	81.3956
1767.08	83.8617
1769.01	86.2534
1770.94	88.4174
1772.86	90.063
1774.79	91.2869
1776.72	92.1229
1778.65	92.7293
1780.58	93.352
1782.51	93.861
1784.44	94.1459
1786.37	94.4309
1788.3	94.7832
1790.23	95.125
1792.16	95.3907
1794.08	95.4118
1796.01	95.3174
1797.94	95.3735
1799.87	95.5263
1801.8	95.622
1803.73	95.6931
1805.66	95.7378
1807.59	95.747
1809.52	95.801
1811.45	95.8437
1813.38	95.795
1815.31	95.7704
1817.23	95.853
1819.16	96.0169
1821.09	96.2233
1823.02	96.3832
1824.95	96.4535
1826.88	96.5566
1828.81	96.7056
1830.74	96.7106
1832.67	96.5591
1834.6	96.4638
1836.53	96.5384
1838.45	96.6939
1840.38	96.7802
1842.31	96.8351
1844.24	96.9318
1846.17	96.9598
1848.1	96.9089
1850.03	96.9056
1851.96	96.931
1853.89	96.9283
1855.82	96.952
1857.75	97.0095
1859.68	97.0222
1861.6	96.9984
1863.53	97.0355
1865.46	97.1729
1867.39	97.3392
1869.32	97.436
1871.25	97.4743
1873.18	97.4785
1875.11	97.4341
1877.04	97.4502
1878.97	97.6116
1880.9	97.757
1882.82	97.7606
1884.75	97.7351
1886.68	97.7445
1888.61	97.7115
1890.54	97.647
1892.47	97.6342
1894.4	97.6922
1896.33	97.8441
1898.26	98.065
1900.19	98.1827
1902.12	98.0857
1904.05	97.9192
1905.97	97.8873
1907.9	97.9933
1909.83	98.1418
1911.76	98.2839
1913.69	98.3865
1915.62	98.4028
1917.55	98.332
1919.48	98.3037
1921.41	98.4228
1923.34	98.5331
1925.27	98.4612
1927.19	98.3968
1929.12	98.5337
1931.05	98.6759
1932.98	98.6447
1934.91	98.5863
1936.84	98.6262
1938.77	98.7618
1940.7	98.9636
1942.63	99.0512
1944.56	98.9319
1946.49	98.8812
1948.41	99.037
1950.34	99.2084
1952.27	99.2945
1954.2	99.3441
1956.13	99.3853
1958.06	99.5302
1959.99	99.8021
1961.92	99.8874
1963.85	99.6417
1965.78	99.4484
1967.71	99.5849
1969.64	99.817
1971.56	99.9409
1973.49	99.9703
1975.42	99.8113
1977.35	99.5647
1979.28	99.6684
1981.21	100.115
1983.14	100.348
1985.07	100.201
1987	100.039
1988.93	100.016
1990.86	99.9676
1992.78	99.8771
1994.71	99.8748
1996.64	99.9208
1998.57	99.8885
2000.5	99.8401
2002.43	99.9112
2004.36	100.054
2006.29	100.208
2008.22	100.391
2010.15	100.444
2012.08	100.26
2014.01	100.109
2015.93	100.204
2017.86	100.438
2019.79	100.697
2021.72	100.823
2023.65	100.63
2025.58	100.361
2027.51	100.353
2029.44	100.422
2031.37	100.367
2033.3	100.36
2035.23	100.459
2037.15	100.562
2039.08	100.693
2041.01	100.727
2042.94	100.46
2044.87	100.119
2046.8	100.069
2048.73	100.213
2050.66	100.245
2052.59	100.148
2054.52	100.08
2056.45	100.073
2058.37	100.014
2060.3	99.839
2062.23	99.6696
2064.16	99.6281
2066.09	99.6135
2068.02	99.5463
2069.95	99.6237
2071.88	99.8914
2073.81	99.9697
2075.74	99.6931
2077.67	99.4384
2079.6	99.416
2081.52	99.3973
2083.45	99.309
2085.38	99.2997
2087.31	99.2897
2089.24	99.1553
2091.17	99.0599
2093.1	99.1094
2095.03	99.1457
2096.96	99.1263
2098.89	99.1562
2100.82	99.1548
2102.74	99.0431
2104.67	99.024
2106.6	99.2292
2108.53	99.4133
2110.46	99.3152
2112.39	99.0481
2114.32	98.9089
2116.25	98.9803
2118.18	99.0998
2120.11	99.1332
2122.04	99.0788
2123.97	98.975
2125.89	98.9383
2127.82	99.1224
2129.75	99.4163
2131.68	99.5052
2133.61	99.3924
2135.54	99.423
2137.47	99.7161
2139.4	100.023
2141.33	100.157
2143.26	100.183
2145.19	100.184
2147.11	100.147
2149.04	100.083
2150.97	100.078
2152.9	100.206
2154.83	100.468
2156.76	100.711
2158.69	100.661
2160.62	100.347
2162.55	100.173
2164.48	100.253
2166.41	100.255
2168.33	100.103
2170.26	100.08
2172.19	100.184
2174.12	100.163
2176.05	100.089
2177.98	100.186
2179.91	100.326
2181.84	100.3
2183.77	100.198
2185.7	100.127
2187.63	100.05
2189.56	100.005
2191.48	100.03
2193.41	100.065
2195.34	100.109
2197.27	100.146
2199.2	100.096
2201.13	100.045
2203.06	100.097
2204.99	100.11
2206.92	100.041
2208.85	100.061
2210.78	100.115
2212.7	100.01
2214.63	99.7866
2216.56	99.5975
2218.49	99.5905
2220.42	99.8963
2222.35	100.301
2224.28	100.307
2226.21	99.8522
2228.14	99.4573
2230.07	99.4778
2232	99.677
2233.93	99.7196
2235.85	99.7244
2237.78	99.9201
2239.71	100.07
2241.64	99.8703
2243.57	99.5921
2245.5	99.6387
2247.43	99.8812
2249.36	99.9939
2251.29	99.9491
2253.22	99.7874
2255.15	99.4755
2257.07	99.2049
2259	99.2408
2260.93	99.4766
2262.86	99.6237
2264.79	99.6132
2266.72	99.5114
2268.65	99.3974
2270.58	99.3819
2272.51	99.4144
2274.44	99.3228
2276.37	99.1593
2278.29	99.0718
2280.22	99.0151
2282.15	98.9865
2284.08	99.0943
2286.01	99.2153
2287.94	99.1321
2289.87	98.9543
2291.8	98.927
2293.73	99.0267
2295.66	99.0799
2297.59	99.0698
2299.52	99.1153
2301.44	99.2617
2303.37	99.4174
2305.3	99.5189
2307.23	99.6634
2309.16	99.9555
2311.09	100.301
2313.02	100.521
2314.95	100.607
2316.88	100.719
2318.81	101.046
2320.74	101.596
2322.66	102.097
2324.59	102.384
2326.52	102.708
2328.45	103.246
2330.38	103.751
2332.31	103.975
2334.24	104.061
2336.17	104.141
2338.1	104.163
2340.03	104.201
2341.96	104.273
2343.89	103.879
2345.81	102.816
2347.74	101.975
2349.67	102.008
2351.6	103.033
2353.53	104.779
2355.46	106.368
2357.39	107.341
2359.32	107.733
2361.25	107.306
2363.18	106.469
2365.11	105.825
2367.03	105.107
2368.96	103.887
2370.89	102.456
2372.82	101.304
2374.75	100.417
2376.68	99.5967
2378.61	98.8977
2380.54	98.4012
2382.47	98.0194
2384.4	97.6974
2386.33	97.505
2388.26	97.4709
2390.18	97.4894
2392.11	97.4313
2394.04	97.3096
2395.97	97.2744
2397.9	97.38
2399.83	97.4648
2401.76	97.4055
2403.69	97.3352
2405.62	97.4246
2407.55	97.6138
2409.48	97.7165
2411.4	97.6658
2413.33	97.558
2415.26	97.5065
2417.19	97.5079
2419.12	97.4966
2421.05	97.508
2422.98	97.6356
2424.91	97.8226
2426.84	97.905
2428.77	97.8552
2430.7	97.7786
2432.62	97.7449
2434.55	97.7964
2436.48	97.9385
2438.41	98.0303
2440.34	97.961
2442.27	97.8915
2444.2	97.9855
2446.13	98.091
2448.06	98.0341
2449.99	97.9677
2451.92	98.1062
2453.85	98.3502
2455.77	98.4258
2457.7	98.2681
2459.63	98.0792
2461.56	98.0208
2463.49	98.0237
2465.42	97.9954
2467.35	98.0075
2469.28	98.0884
2471.21	98.0884
2473.14	97.9532
2475.07	97.8508
2476.99	97.9052
2478.92	98.0563
2480.85	98.1866
2482.78	98.2237
2484.71	98.1835
2486.64	98.133
2488.57	98.0792
2490.5	98.022
2492.43	98.0388
2494.36	98.1341
2496.29	98.1874
2498.22	98.1577
2500.14	98.1325
2502.07	98.1776
2504	98.2538
2505.93	98.246
2507.86	98.1205
2509.79	98.0068
2511.72	97.9815
2513.65	97.9672
2515.58	97.9472
2517.51	97.9996
2519.44	98.1157
2521.36	98.2006
2523.29	98.1946
2525.22	98.1352
2527.15	98.0892
2529.08	97.996
2531.01	97.7928
2532.94	97.6674
2534.87	97.8033
2536.8	98.0496
2538.73	98.1751
2540.66	98.1307
2542.58	97.9651
2544.51	97.8091
2546.44	97.787
2548.37	97.8125
2550.3	97.7554
2552.23	97.6741
2554.16	97.6511
2556.09	97.6645
2558.02	97.6782
2559.95	97.6748
2561.88	97.7053
2563.81	97.85
2565.73	97.971
2567.66	97.8293
2569.59	97.5399
2571.52	97.4242
2573.45	97.4843
2575.38	97.5392
2577.31	97.6299
2579.24	97.8023
2581.17	97.8585
2583.1	97.7039
2585.03	97.5259
2586.95	97.4502
2588.88	97.4424
2590.81	97.493
2592.74	97.5515
2594.67	97.5066
2596.6	97.4151
2598.53	97.438
2600.46	97.5448
2602.39	97.5548
2604.32	97.4105
2606.25	97.2624
2608.18	97.2649
2610.1	97.323
2612.03	97.2383
2613.96	97.0896
2615.89	97.0814
2617.82	97.1384
2619.75	97.1041
2621.68	97.0488
2623.61	97.0316
2625.54	96.9801
2627.47	96.943
2629.4	97.0169
2631.32	97.0913
2633.25	97.0137
2635.18	96.8308
2637.11	96.6832
2639.04	96.637
2640.97	96.6765
2642.9	96.749
2644.83	96.7917
2646.76	96.754
2648.69	96.6533
2650.62	96.5764
2652.54	96.532
2654.47	96.4275
2656.4	96.2945
2658.33	96.2842
2660.26	96.3721
2662.19	96.3857
2664.12	96.3095
2666.05	96.2666
2667.98	96.2879
2669.91	96.3111
2671.84	96.2907
2673.77	96.2209
2675.69	96.1451
2677.62	96.1207
2679.55	96.1356
2681.48	96.1379
2683.41	96.1284
2685.34	96.1432
2687.27	96.1936
2689.2	96.2641
2691.13	96.3047
2693.06	96.2397
2694.99	96.0839
2696.91	95.9921
2698.84	96.0566
2700.77	96.1454
2702.7	96.1033
2704.63	95.989
2706.56	95.9452
2708.49	95.9749
2710.42	95.9893
2712.35	95.9575
2714.28	95.9143
2716.21	95.8877
2718.14	95.8759
2720.06	95.8836
2721.99	95.9249
2723.92	95.9547
2725.85	95.8881
2727.78	95.7446
2729.71	95.6471
2731.64	95.6353
2733.57	95.6382
2735.5	95.6294
2737.43	95.637
2739.36	95.6416
2741.28	95.6185
2743.21	95.5967
2745.14	95.5869
2747.07	95.5716
2749	95.5645
2750.93	95.5616
2752.86	95.5292
2754.79	95.5039
2756.72	95.5339
2758.65	95.5572
2760.58	95.516
2762.51	95.4597
2764.43	95.4291
2766.36	95.4174
2768.29	95.4265
2770.22	95.4343
2772.15	95.4235
2774.08	95.4288
2776.01	95.415
2777.94	95.2848
2779.87	95.0984
2781.8	95.0172
2783.73	95.0557
2785.65	95.1247
2787.58	95.1845
2789.51	95.2223
2791.44	95.2191
2793.37	95.1544
2795.3	95.0243
2797.23	94.9251
2799.16	94.9703
2801.09	95.0808
2803.02	95.111
2804.95	95.0808
2806.87	95.0155
2808.8	94.8492
2810.73	94.6606
2812.66	94.5979
2814.59	94.5763
2816.52	94.4508
2818.45	94.3102
2820.38	94.2608
2822.31	94.1842
2824.24	93.9679
2826.17	93.7254
2828.1	93.5726
2830.02	93.4002
2831.95	93.0914
2833.88	92.763
2835.81	92.5525
2837.74	92.4042
2839.67	92.2565
2841.6	92.1506
2843.53	92.0715
2845.46	91.9492
2847.39	91.7472
2849.32	91.4045
2851.24	90.9141
2853.17	90.4113
2855.1	89.9422
2857.03	89.3991
2858.96	88.8028
2860.89	88.2843
2862.82	87.8405
2864.75	87.4222
2866.68	87.0559
2868.61	86.7052
2870.54	86.3138
2872.47	85.9911
2874.39	85.8891
2876.32	86.0319
2878.25	86.388
2880.18	86.8655
2882.11	87.2722
2884.04	87.5296
2885.97	87.7575
2887.9	87.9831
2889.83	88.067
2891.76	87.9812
2893.69	87.8268
2895.61	87.6551
2897.54	87.5413
2899.47	87.585
2901.4	87.6546
2903.33	87.5038
2905.26	87.2184
2907.19	87.1139
2909.12	87.2061
2911.05	87.1892
2912.98	86.9114
2914.91	86.559
2916.83	86.3339
2918.76	86.1493
2920.69	85.8126
2922.62	85.3664
2924.55	84.936
2926.48	84.4358
2928.41	83.826
2930.34	83.3566
2932.27	83.2081
2934.2	83.2919
2936.13	83.5504
2938.06	83.9781
2939.98	84.4033
2941.91	84.6803
2943.84	84.8734
2945.77	84.9866
2947.7	84.8389
2949.63	84.3227
2951.56	83.5463
2953.49	82.7459
2955.42	82.1638
2957.35	81.9215
2959.28	81.9884
2961.2	82.2984
2963.13	82.8273
2965.06	83.5672
2966.99	84.4935
2968.92	85.5406
2970.85	86.6181
2972.78	87.6642
2974.71	88.611
2976.64	89.3252
2978.57	89.7539
2980.5	90.0623
2982.43	90.4231
2984.35	90.7945
2986.28	91.0703
2988.21	91.2534
2990.14	91.3912
2992.07	91.5561
2994	91.8219
2995.93	92.0942
2997.86	92.2249
2999.79	92.3538
3001.72	92.7353
3003.65	93.2498
3005.57	93.5249
3007.5	93.5302
3009.43	93.6026
3011.36	93.8453
3013.29	93.9997
3015.22	94.0199
3017.15	94.1878
3019.08	94.5125
3021.01	94.7158
3022.94	94.821
3024.87	95.0095
3026.79	95.1397
3028.72	95.0485
3030.65	94.8946
3032.58	94.8607
3034.51	94.9688
3036.44	95.2007
3038.37	95.4552
3040.3	95.5857
3042.23	95.6303
3044.16	95.6893
3046.09	95.6779
3048.02	95.5677
3049.94	95.5986
3051.87	95.8628
3053.8	96.0425
3055.73	95.9076
3057.66	95.6682
3059.59	95.5805
3061.52	95.6251
3063.45	95.695
3065.38	95.7629
3067.31	95.8566
3069.24	95.9684
3071.16	95.9863
3073.09	95.8954
3075.02	95.9275
3076.95	96.1458
3078.88	96.2208
3080.81	95.9892
3082.74	95.7471
3084.67	95.7432
3086.6	95.8655
3088.53	95.9174
3090.46	95.8827
3092.39	95.8518
3094.31	95.8355
3096.24	95.8109
3098.17	95.8227
3100.1	95.8276
3102.03	95.7228
3103.96	95.6266
3105.89	95.6651
3107.82	95.6915
3109.75	95.6823
3111.68	95.814
3113.61	95.9331
3115.53	95.7764
3117.46	95.5723
3119.39	95.6621
3121.32	95.9398
3123.25	96.0702
3125.18	95.8808
3127.11	95.5465
3129.04	95.4414
3130.97	95.6137
3132.9	95.7355
3134.83	95.7022
3136.75	95.6993
3138.68	95.7263
3140.61	95.68
3142.54	95.6523
3144.47	95.724
3146.4	95.751
3148.33	95.5789
3150.26	95.301
3152.19	95.1849
3154.12	95.3396
3156.05	95.5702
3157.98	95.6433
3159.9	95.5487
3161.83	95.4291
3163.76	95.3802
3165.69	95.3715
3167.62	95.3625
3169.55	95.4234
3171.48	95.5531
3173.41	95.5407
3175.34	95.3101
3177.27	95.1119
3179.2	95.0954
3181.12	95.1003
3183.05	95.0547
3184.98	95.0891
3186.91	95.1822
3188.84	95.1728
3190.77	95.078
3192.7	95.011
3194.63	94.9675
3196.56	94.9548
3198.49	95.0532
3200.42	95.2108
3202.35	95.2534
3204.27	95.1004
3206.2	94.8392
3208.13	94.6896
3210.06	94.7953
3211.99	94.9338
3213.92	94.7683
3215.85	94.4317
3217.78	94.3714
3219.71	94.6607
3221.64	94.9352
3223.57	94.9329
3225.49	94.7356
3227.42	94.5425
3229.35	94.4859
3231.28	94.5537
3233.21	94.5405
3235.14	94.3341
3237.07	94.2113
3239	94.3567
3240.93	94.4109
3242.86	94.1606
3244.79	93.9775
3246.72	93.9977
3248.64	93.911
3250.57	93.7642
3252.5	93.8491
3254.43	94.0417
3256.36	94.0951
3258.29	94.07
3260.22	94.0643
3262.15	94.0328
3264.08	93.9133
3266.01	93.7446
3267.94	93.6972
3269.86	93.8111
3271.79	93.8633
3273.72	93.7846
3275.65	93.7635
3277.58	93.7943
3279.51	93.7078
3281.44	93.5184
3283.37	93.3143
3285.3	93.1496
3287.23	93.143
3289.16	93.3158
3291.08	93.4867
3293.01	93.5276
3294.94	93.4903
3296.87	93.4597
3298.8	93.4261
3300.73	93.3005
3302.66	93.0976
3304.59	92.9917
3306.52	93.0296
3308.45	93.0451
3310.38	92.9781
3312.31	92.9356
3314.23	92.9456
3316.16	92.9646
3318.09	92.9926
3320.02	93.0228
3321.95	93.0538
3323.88	93.1103
3325.81	93.1363
3327.74	93.0503
3329.67	92.9228
3331.6	92.8846
3333.53	92.9286
3335.45	92.9481
3337.38	92.8599
3339.31	92.6738
3341.24	92.5406
3343.17	92.611
3345.1	92.7741
3347.03	92.7941
3348.96	92.7235
3350.89	92.7696
3352.82	92.8612
3354.75	92.8323
3356.68	92.7964
3358.6	92.887
3360.53	92.9744
3362.46	92.9813
3364.39	93.0307
3366.32	93.1105
3368.25	93.0813
3370.18	92.9965
3372.11	92.9705
3374.04	92.9474
3375.97	92.8954
3377.9	92.9109
3379.82	93.0112
3381.75	93.1276
3383.68	93.2411
3385.61	93.3261
3387.54	93.3035
3389.47	93.1486
3391.4	92.9478
3393.33	92.8533
3395.26	92.9583
3397.19	93.1557
3399.12	93.2478
3401.04	93.2281
3402.97	93.242
3404.9	93.3106
3406.83	93.3508
3408.76	93.3575
3410.69	93.3486
3412.62	93.3207
3414.55	93.3331
3416.48	93.3944
3418.41	93.3933
3420.34	93.3639
3422.27	93.4967
3424.19	93.7366
3426.12	93.8256
3428.05	93.6955
3429.98	93.4764
3431.91	93.3463
3433.84	93.4095
3435.77	93.5432
3437.7	93.6073
3439.63	93.7246
3441.56	93.9253
3443.49	93.9507
3445.41	93.8142
3447.34	93.8558
3449.27	94.049
3451.2	94.0682
3453.13	93.9252
3455.06	93.8181
3456.99	93.8073
3458.92	93.975
3460.85	94.3322
3462.78	94.5716
3464.71	94.4759
3466.64	94.2679
3468.56	94.1914
3470.49	94.2181
3472.42	94.2382
3474.35	94.1893
3476.28	94.1039
3478.21	94.103
3480.14	94.2182
3482.07	94.3766
3484	94.5298
3485.93	94.6185
3487.86	94.6292
3489.78	94.6939
3491.71	94.7931
3493.64	94.7131
3495.57	94.5698
3497.5	94.6896
3499.43	94.8999
3501.36	94.8349
3503.29	94.7199
3505.22	94.9326
3507.15	95.1604
3509.08	94.9922
3511	94.7188
3512.93	94.7638
3514.86	94.9128
3516.79	94.8591
3518.72	94.7808
3520.65	94.8619
3522.58	94.935
3524.51	94.9247
3526.44	94.9884
3528.37	95.1098
3530.3	95.11
3532.23	94.9666
3534.15	94.7986
3536.08	94.7109
3538.01	94.7259
3539.94	94.7832
3541.87	94.8155
3543.8	94.7334
3545.73	94.4933
3547.66	94.3667
3549.59	94.6393
3551.52	95.0686
3553.45	95.169
3555.37	94.9107
3557.3	94.6856
3559.23	94.7306
3561.16	94.9868
3563.09	95.2119
3565.02	95.297
3566.95	95.4078
3568.88	95.5588
3570.81	95.504
3572.74	95.3507
3574.67	95.3684
3576.6	95.4885
3578.52	95.5384
3580.45	95.6358
3582.38	95.7895
3584.31	95.7903
3586.24	95.7113
3588.17	95.8509
3590.1	96.1589
3592.03	96.3722
3593.96	96.3517
3595.89	96.1363
3597.82	96.1143
3599.74	96.4435
3601.67	96.6846
3603.6	96.5708
3605.53	96.4393
3607.46	96.5145
3609.39	96.5719
3611.32	96.422
3613.25	96.2507
3615.18	96.3334
3617.11	96.7181
3619.04	97.1316
3620.97	97.2089
3622.89	97.006
3624.82	96.8678
3626.75	96.9481
3628.68	97.1601
3630.61	97.3084
3632.54	97.4097
3634.47	97.3602
3636.4	96.9637
3638.33	96.5424
3640.26	96.6014
3642.19	96.9868
3644.11	97.2457
3646.04	97.4587
3647.97	97.8457
3649.9	97.8631
3651.83	97.4065
3653.76	97.292
3655.69	97.477
3657.62	97.3323
3659.55	96.8496
3661.48	96.591
3663.41	96.6634
3665.33	96.846
3667.26	97.0948
3669.19	97.393
3671.12	97.6034
3673.05	97.9186
3674.98	98.3496
3676.91	98.2037
3678.84	97.6189
3680.77	97.3333
3682.7	97.2083
3684.63	97.0117
3686.56	97.0825
3688.48	97.7076
3690.41	98.2551
3692.34	98.1125
3694.27	97.6739
3696.2	97.2091
3698.13	96.8496
3700.06	96.8665
3701.99	97.339
3703.92	97.8089
3705.85	97.8745
3707.78	97.7519
3709.7	97.8111
3711.63	97.9509
3713.56	97.7635
3715.49	97.5072
3717.42	97.5473
3719.35	97.7152
3721.28	97.6673
3723.21	97.59
3725.14	97.8258
3727.07	98.0685
3729	97.9878
3730.93	97.9054
3732.85	98.1714
3734.78	98.5298
3736.71	98.4805
3738.64	98.2265
3740.57	98.104
3742.5	98.094
3744.43	98.0522
3746.36	97.9516
3748.29	98.0224
3750.22	98.2874
3752.15	98.2507
3754.07	97.7989
3756	97.497
3757.93	97.508
3759.86	97.5767
3761.79	97.4875
3763.72	97.3198
3765.65	97.1692
3767.58	97.123
3769.51	97.217
3771.44	97.2806
3773.37	97.212
3775.29	97.1425
3777.22	97.0998
3779.15	96.9942
3781.08	96.9383
3783.01	97.0606
3784.94	97.1735
3786.87	97.0824
3788.8	96.8913
3790.73	96.7982
3792.66	96.8808
3794.59	97.1263
3796.52	97.4209
3798.44	97.6441
3800.37	97.7305
3802.3	97.5494
3804.23	97.2384
3806.16	97.1864
3808.09	97.3794
3810.02	97.4143
3811.95	97.3051
3813.88	97.3908
3815.81	97.6981
3817.74	97.8887
3819.66	97.914
3821.59	97.8626
3823.52	97.6699
3825.45	97.4721
3827.38	97.4254
3829.31	97.4768
3831.24	97.526
3833.17	97.5724
3835.1	97.6221
3837.03	97.6574
3838.96	97.6745
3840.89	97.6414
3842.81	97.5579
3844.74	97.4781
3846.67	97.4082
3848.6	97.3291
3850.53	97.3096
3852.46	97.4639
3854.39	97.5927
3856.32	97.4282
3858.25	97.2723
3860.18	97.3015
3862.11	97.4139
3864.03	97.4823
3865.96	97.5367
3867.89	97.5472
3869.82	97.4189
3871.75	97.286
3873.68	97.2902
3875.61	97.3135
3877.54	97.3117
3879.47	97.3344
3881.4	97.3011
3883.33	97.1965
3885.25	97.1975
3887.18	97.2539
3889.11	97.1512
3891.04	97.0225
3892.97	97.1233
3894.9	97.2735
3896.83	97.259
3898.76	97.2948
3900.69	97.5563
3902.62	97.6524
3904.55	97.3105
3906.48	96.9247
3908.4	96.7823
3910.33	96.7947
3912.26	96.8903
3914.19	97.0408
3916.12	97.1628
3918.05	97.2024
3919.98	97.1829
3921.91	97.1252
3923.84	97.0583
3925.77	97.0819
3927.7	97.2387
3929.62	97.3772
3931.55	97.2972
3933.48	97.0511
3935.41	96.8952
3937.34	96.8664
3939.27	96.856
3941.2	96.8976
3943.13	97.0345
3945.06	97.122
3946.99	97.0889
3948.92	97.0616
3950.85	97.0599
3952.77	96.9716
3954.7	96.8798
3956.63	96.9676
3958.56	97.1152
3960.49	97.0401
3962.42	96.8325
3964.35	96.8203
3966.28	96.9828
3968.21	97.0401
3970.14	96.9413
3972.07	96.8576
3973.99	96.8736
3975.92	96.9266
3977.85	96.924
3979.78	96.8607
3981.71	96.8276
3983.64	96.8493
3985.57	96.8338
3987.5	96.7626
3989.43	96.7205
3991.36	96.7199
3993.29	96.7079
3995.22	96.7079
3997.14	96.767
