499.643	77.2147
501.572	77.1356
503.501	77.8712
505.43	78.8241
507.36	79.255
509.289	79.466
511.218	79.687
513.147	79.6408
515.076	79.4282
517.005	79.3296
518.934	79.157
520.863	78.9697
522.792	79.3034
524.722	80.0684
526.651	80.5607
528.58	80.7452
530.509	81.1757
532.438	81.835
534.367	82.301
536.296	82.5315
538.225	82.7761
540.155	83.0773
542.084	83.3186
544.013	83.4789
545.942	83.6235
547.871	83.8707
549.8	84.2906
551.729	84.6008
553.658	84.4649
555.588	84.2659
557.517	84.6296
559.446	85.2978
561.375	85.6605
563.304	85.78
565.233	85.7734
567.162	85.4183
569.091	85.0284
571.021	85.1897
572.95	85.6333
574.879	85.7606
576.808	85.7399
578.737	86.0655
580.666	86.5492
582.595	86.6414
584.524	86.3168
586.454	85.9971
588.383	85.8928
590.312	85.9217
592.241	85.948
594.17	85.8618
596.099	85.7297
598.028	85.7597
599.957	85.9123
601.887	85.8953
603.816	85.7067
605.745	85.7002
607.674	86.0368
609.603	86.4883
611.532	86.8032
613.461	86.9469
615.39	86.9566
617.32	86.8947
619.249	86.9319
621.178	87.1286
623.107	87.3076
625.036	87.3533
626.965	87.3269
628.894	87.2439
630.823	87.0902
632.753	86.9466
634.682	86.831
636.611	86.691
638.54	86.6092
640.469	86.6257
642.398	86.5443
644.327	86.2781
646.256	86.0059
648.186	85.7737
650.115	85.4609
652.044	85.1853
653.973	85.2044
655.902	85.4609
657.831	85.671
659.76	85.8079
661.689	86.0278
663.619	86.3669
665.548	86.9138
667.477	87.8368
669.406	88.5013
671.335	88.5003
673.264	88.568
675.193	88.8367
677.122	89.0138
679.052	89.1251
680.981	89.3703
682.91	89.5616
684.839	89.5255
686.768	89.4642
688.697	89.4879
690.626	89.4741
692.555	89.4067
694.485	89.3752
696.414	89.3804
698.343	89.3732
700.272	89.3333
702.201	89.2858
704.13	89.2695
706.059	89.222
707.988	89.0632
709.917	88.9023
711.847	88.8606
713.776	88.8558
715.705	88.8402
717.634	88.9003
719.563	88.9956
721.492	88.9963
723.421	88.9022
725.35	88.7246
727.28	88.4335
729.209	88.0885
731.138	87.7078
733.067	87.1828
734.996	86.5341
736.925	85.9688
738.854	85.5674
740.783	85.115
742.713	84.3674
744.642	83.4718
746.571	82.9101
748.5	82.945
750.429	83.4328
752.358	84.1719
754.287	85.0209
756.216	85.7659
758.146	86.2564
760.075	86.5374
762.004	86.661
763.933	86.6069
765.862	86.4145
767.791	86.1303
769.72	85.6591
771.649	84.8245
773.579	83.493
775.508	81.5489
777.437	78.8244
779.366	75.208
781.295	70.9586
783.224	66.8783
785.153	64.0028
787.082	63.0661
789.012	64.2654
790.941	67.3584
792.87	71.7236
794.799	76.3756
796.728	80.2568
798.657	82.7603
800.586	83.9769
802.515	84.3451
804.445	84.1634
806.374	83.5457
808.303	82.5848
810.232	81.4008
812.161	80.2445
814.09	79.5358
816.019	79.551
817.948	80.1694
819.878	81.0761
821.807	82.0316
823.736	82.8578
825.665	83.3963
827.594	83.6083
829.523	83.586
831.452	83.4041
833.381	83.0339
835.311	82.4105
837.24	81.5113
839.169	80.3362
841.098	78.8902
843.027	77.2831
844.956	75.8024
846.885	74.7325
848.814	74.0738
850.744	73.563
852.673	72.974
854.602	72.279
856.531	71.5431
858.46	70.8432
860.389	70.3034
862.318	70.0618
864.247	70.1483
866.177	70.4823
868.106	70.9978
870.035	71.6527
871.964	72.3249
873.893	72.8613
875.822	73.2133
877.751	73.4163
879.68	73.5206
881.609	73.6027
883.539	73.7419
885.468	73.9667
887.397	74.2541
889.326	74.547
891.255	74.7784
893.184	74.9057
895.113	74.9255
897.042	74.8983
898.972	74.9522
900.901	75.2022
902.83	75.7107
904.759	76.5219
906.688	77.6158
908.617	78.8483
910.546	80.021
912.475	80.9524
914.405	81.4832
916.334	81.5312
918.263	81.1446
920.192	80.4499
922.121	79.5569
924.05	78.5015
925.979	77.2863
927.908	75.967
929.838	74.6057
931.767	73.1795
933.696	71.6741
935.625	70.1964
937.554	68.8813
939.483	67.8078
941.412	67.0533
943.341	66.6481
945.271	66.4611
947.2	66.3283
949.129	66.3032
951.058	66.5995
952.987	67.2906
954.916	68.2182
956.845	69.171
958.774	70.0277
960.704	70.7608
962.633	71.4227
964.562	72.1229
966.491	72.9394
968.42	73.8474
970.349	74.7645
972.278	75.6145
974.207	76.3036
976.137	76.7261
978.066	76.8617
979.995	76.7682
981.924	76.4482
983.853	75.8646
985.782	75.0789
987.711	74.2435
989.64	73.5227
991.57	73.0694
993.499	72.9065
995.428	72.8043
997.357	72.4484
999.286	71.6991
1001.22	70.5986
1003.14	69.2612
1005.07	67.8391
1007	66.4892
1008.93	65.3376
1010.86	64.4529
1012.79	63.7373
1014.72	62.8834
1016.65	61.6038
1018.58	59.8829
1020.51	57.9272
1022.44	55.9686
1024.36	54.2204
1026.29	52.9545
1028.22	52.431
1030.15	52.6334
1032.08	53.1925
1034.01	53.7361
1035.94	54.2196
1037.87	54.7976
1039.8	55.5412
1041.73	56.4444
1043.66	57.564
1045.58	58.9959
1047.51	60.7549
1049.44	62.7115
1051.37	64.6061
1053.3	66.1446
1055.23	67.1681
1057.16	67.766
1059.09	68.1718
1061.02	68.4955
1062.95	68.5968
1064.88	68.2836
1066.81	67.6053
1068.73	66.8959
1070.66	66.5574
1072.59	66.8146
1074.52	67.6006
1076.45	68.6373
1078.38	69.6589
1080.31	70.5545
1082.24	71.2959
1084.17	71.8191
1086.1	72.0325
1088.03	71.8972
1089.95	71.4495
1091.88	70.7498
1093.81	69.8524
1095.74	68.8401
1097.67	67.8188
1099.6	66.8376
1101.53	65.8568
1103.46	64.8094
1105.39	63.6634
1107.32	62.4425
1109.25	61.2071
1111.18	60.0209
1113.1	58.9529
1115.03	58.0615
1116.96	57.3059
1118.89	56.538
1120.82	55.6384
1122.75	54.593
1124.68	53.441
1126.61	52.2356
1128.54	51.0331
1130.47	49.8592
1132.4	48.7157
1134.32	47.6214
1136.25	46.6082
1138.18	45.7031
1140.11	44.937
1142.04	44.3384
1143.97	43.9181
1145.9	43.6865
1147.83	43.6546
1149.76	43.796
1151.69	44.0611
1153.62	44.4349
1155.55	44.9173
1157.47	45.4763
1159.4	46.0954
1161.33	46.8102
1163.26	47.6496
1165.19	48.6155
1167.12	49.7209
1169.05	50.9701
1170.98	52.3361
1172.91	53.7974
1174.84	55.3415
1176.77	56.9282
1178.69	58.5071
1180.62	60.0499
1182.55	61.5332
1184.48	62.9258
1186.41	64.1996
1188.34	65.3312
1190.27	66.32
1192.2	67.2211
1194.13	68.0987
1196.06	68.9418
1197.99	69.6867
1199.91	70.2879
1201.84	70.6881
1203.77	70.7822
1205.7	70.5066
1207.63	69.8938
1209.56	68.9652
1211.49	67.6766
1213.42	66.0282
1215.35	64.0989
1217.28	61.9409
1219.21	59.5725
1221.14	57.069
1223.06	54.5532
1224.99	52.1152
1226.92	49.7884
1228.85	47.5975
1230.78	45.6041
1232.71	43.886
1234.64	42.4955
1236.57	41.4549
1238.5	40.7357
1240.43	40.2295
1242.36	39.8063
1244.28	39.3887
1246.21	38.928
1248.14	38.3846
1250.07	37.7925
1252	37.2599
1253.93	36.8807
1255.86	36.7222
1257.79	36.8701
1259.72	37.3948
1261.65	38.308
1263.58	39.5802
1265.51	41.1444
1267.43	42.9061
1269.36	44.7848
1271.29	46.7072
1273.22	48.6035
1275.15	50.4491
1277.08	52.2374
1279.01	53.9553
1280.94	55.6352
1282.87	57.3151
1284.8	58.9571
1286.73	60.523
1288.65	62.0397
1290.58	63.5095
1292.51	64.8803
1294.44	66.1442
1296.37	67.3775
1298.3	68.6931
1300.23	70.1952
1302.16	71.9489
1304.09	73.9454
1306.02	76.0602
1307.95	78.0635
1309.87	79.7375
1311.8	80.9539
1313.73	81.6377
1315.66	81.7875
1317.59	81.5268
1319.52	81.1069
1321.45	80.8676
1323.38	81.0603
1325.31	81.7109
1327.24	82.6323
1329.17	83.5353
1331.1	84.191
1333.02	84.519
1334.95	84.6192
1336.88	84.6722
1338.81	84.8066
1340.74	85.0884
1342.67	85.5173
1344.6	86.0315
1346.53	86.5422
1348.46	86.9017
1350.39	86.9282
1352.32	86.549
1354.24	85.8414
1356.17	85.0565
1358.1	84.5222
1360.03	84.2586
1361.96	83.9105
1363.89	83.2538
1365.82	82.4267
1367.75	81.4289
1369.68	80.2696
1371.61	79.2195
1373.54	78.3673
1375.47	77.5975
1377.39	76.9949
1379.32	76.6694
1381.25	76.6108
1383.18	76.8236
1385.11	77.3834
1387.04	78.3437
1388.97	79.3752
1390.9	80.0732
1392.83	80.4385
1394.76	80.485
1396.69	80.1569
1398.61	79.564
1400.54	78.9828
1402.47	78.6562
1404.4	78.6585
1406.33	78.9667
1408.26	79.5068
1410.19	80.2864
1412.12	81.3084
1414.05	82.3545
1415.98	83.3579
1417.91	84.4715
1419.83	85.4708
1421.76	85.9822
1423.69	86.082
1425.62	85.9636
1427.55	85.7024
1429.48	85.0446
1431.41	83.8899
1433.34	82.6754
1435.27	81.418
1437.2	79.765
1439.13	78.1653
1441.06	77.014
1442.98	76.1089
1444.91	75.4254
1446.84	74.9717
1448.77	74.5945
1450.7	74.393
1452.63	74.6011
1454.56	75.2684
1456.49	76.4571
1458.42	77.7127
1460.35	78.5134
1462.28	79.3475
1464.2	80.5601
1466.13	81.8563
1468.06	82.8547
1469.99	83.8564
1471.92	85.0369
1473.85	85.8854
1475.78	86.2311
1477.71	86.5713
1479.64	87.0086
1481.57	87.4627
1483.5	87.9142
1485.43	88.4088
1487.35	89.1086
1489.28	90.0923
1491.21	90.9624
1493.14	91.5889
1495.07	92.3173
1497	93.178
1498.93	93.7229
1500.86	93.9367
1502.79	94.2044
1504.72	94.6718
1506.65	95.2034
1508.57	95.2816
1510.5	95.0881
1512.43	95.0119
1514.36	95.1165
1516.29	95.3698
1518.22	95.6691
1520.15	95.8985
1522.08	95.9317
1524.01	95.7987
1525.94	95.634
1527.87	95.5171
1529.8	95.5055
1531.72	95.6087
1533.65	95.7285
1535.58	95.7973
1537.51	95.9913
1539.44	96.4109
1541.37	96.5245
1543.3	96.0848
1545.23	95.7354
1547.16	95.624
1549.09	95.6492
1551.02	95.7082
1552.94	95.7476
1554.87	95.855
1556.8	96.162
1558.73	96.3885
1560.66	96.0129
1562.59	95.5928
1564.52	95.406
1566.45	95.4015
1568.38	95.4529
1570.31	95.3437
1572.24	95.161
1574.16	95.1572
1576.09	95.2543
1578.02	95.115
1579.95	94.8733
1581.88	94.7865
1583.81	94.8138
1585.74	94.8352
1587.67	94.8457
1589.6	94.8786
1591.53	94.9343
1593.46	95.0083
1595.39	95.0547
1597.31	95.0206
1599.24	94.9508
1601.17	94.9134
1603.1	94.8878
1605.03	94.8395
1606.96	94.8027
1608.89	94.7785
1610.82	94.7265
1612.75	94.7154
1614.68	94.7887
1616.61	94.7089
1618.53	94.3467
1620.46	94.0355
1622.39	93.8375
1624.32	93.5824
1626.25	93.2109
1628.18	92.6987
1630.11	92.128
1632.04	91.7716
1633.97	91.6684
1635.9	91.4547
1637.83	91.0722
1639.76	91.1256
1641.68	91.7003
1643.61	92.5386
1645.54	93.4627
1647.47	94.1254
1649.4	94.3408
1651.33	94.5567
1653.26	94.872
1655.19	94.6215
1657.12	94.1577
1659.05	93.9486
1660.98	93.9258
1662.9	93.8048
1664.83	93.557
1666.76	93.4802
1668.69	93.5778
1670.62	93.4766
1672.55	93.1939
1674.48	92.9605
1676.41	92.5849
1678.34	92.1082
1680.27	91.8205
1682.2	91.6491
1684.12	91.3183
1686.05	90.7629
1687.98	90.0996
1689.91	89.3945
1691.84	88.6564
1693.77	87.7228
1695.7	86.5676
1697.63	85.2387
1699.56	83.2658
1701.49	80.7312
1703.42	78.2678
1705.35	75.4161
1707.27	71.8251
1709.2	68.1906
1711.13	64.8944
1713.06	61.8521
1714.99	59.2449
1716.92	56.7696
1718.85	54.2209
1720.78	52.6592
1722.71	52.1555
1724.64	52.117
1726.57	52.4364
1728.49	53.1301
1730.42	53.9798
1732.35	54.777
1734.28	55.089
1736.21	54.8469
1738.14	54.5875
1740.07	54.3127
1742	53.9361
1743.93	53.9307
1745.86	54.5414
1747.79	55.732
1749.72	57.6438
1751.64	59.8672
1753.57	62.0529
1755.5	64.7283
1757.43	68.0332
1759.36	71.4515
1761.29	74.9306
1763.22	78.4307
1765.15	81.3793
1767.08	83.8281
1769.01	86.2196
1770.94	88.4059
1772.86	90.0746
1774.79	91.2949
1776.72	92.1079
1778.65	92.6967
1780.58	93.326
1782.51	93.8554
1784.44	94.1399
1786.37	94.3958
1788.3	94.7215
1790.23	95.0643
1792.16	95.3537
1794.08	95.3946
1796.01	95.3071
1797.94	95.3746
1799.87	95.5507
1801.8	95.6546
1803.73	95.6966
1805.66	95.7092
1807.59	95.7255
1809.52	95.8094
1811.45	95.8629
1813.38	95.8182
1815.31	95.8137
1817.23	95.8929
1819.16	95.9979
1821.09	96.1443
1823.02	96.306
1824.95	96.4315
1826.88	96.5829
1828.81	96.7364
1830.74	96.7178
1832.67	96.5566
1834.6	96.4722
1836.53	96.5474
1838.45	96.6766
1840.38	96.7384
1842.31	96.807
1844.24	96.9525
1846.17	96.9997
1848.1	96.9002
1850.03	96.826
1851.96	96.8254
1853.89	96.866
1855.82	96.9617
1857.75	97.0666
1859.68	97.0919
1861.6	97.0775
1863.53	97.1409
1865.46	97.2996
1867.39	97.4493
1869.32	97.4881
1871.25	97.4608
1873.18	97.4272
1875.11	97.3913
1877.04	97.4343
1878.97	97.5802
1880.9	97.6841
1882.82	97.6931
1884.75	97.7085
1886.68	97.7442
1888.61	97.7471
1890.54	97.7322
1892.47	97.7197
1894.4	97.7409
1896.33	97.8836
1898.26	98.119
1900.19	98.252
1902.12	98.1748
1904.05	98
1905.97	97.9123
1907.9	97.9578
1909.83	98.0558
1911.76	98.1562
1913.69	98.2789
1915.62	98.3849
1917.55	98.384
1919.48	98.3578
1921.41	98.4617
1923.34	98.5578
1925.27	98.4585
1927.19	98.3679
1929.12	98.4781
1931.05	98.5636
1932.98	98.4599
1934.91	98.3854
1936.84	98.5106
1938.77	98.7692
1940.7	99.0175
1942.63	99.0639
1944.56	98.9255
1946.49	98.9109
1948.41	99.0749
1950.34	99.2162
1952.27	99.3179
1954.2	99.4248
1956.13	99.4466
1958.06	99.4583
1959.99	99.5916
1961.92	99.6385
1963.85	99.4667
1965.78	99.4151
1967.71	99.6842
1969.64	99.9669
1971.56	100.068
1973.49	100.051
1975.42	99.8633
1977.35	99.6373
1979.28	99.7751
1981.21	100.163
1983.14	100.266
1985.07	100.1
1987	100.065
1988.93	100.102
1990.86	99.942
1992.78	99.7386
1994.71	99.7773
1996.64	99.9443
1998.57	100.003
2000.5	100.01
2002.43	100.111
2004.36	100.214
2006.29	100.232
2008.22	100.265
2010.15	100.294
2012.08	100.232
2014.01	100.186
2015.93	100.208
2017.86	100.251
2019.79	100.404
2021.72	100.578
2023.65	100.473
2025.58	100.226
2027.51	100.201
2029.44	100.305
2031.37	100.316
2033.3	100.312
2035.23	100.369
2037.15	100.474
2039.08	100.611
2041.01	100.616
2042.94	100.409
2044.87	100.227
2046.8	100.202
2048.73	100.2
2050.66	100.174
2052.59	100.167
2054.52	100.113
2056.45	100.005
2058.37	99.9278
2060.3	99.8602
2062.23	99.7704
2064.16	99.7404
2066.09	99.7553
2068.02	99.7229
2069.95	99.7463
2071.88	99.8911
2073.81	99.901
2075.74	99.638
2077.67	99.3739
2079.6	99.2931
2081.52	99.2711
2083.45	99.2329
2085.38	99.2085
2087.31	99.1587
2089.24	99.0939
2091.17	99.119
2093.1	99.2187
2095.03	99.2663
2096.96	99.2439
2098.89	99.216
2100.82	99.1535
2102.74	99.018
2104.67	98.953
2106.6	99.1173
2108.53	99.3465
2110.46	99.3078
2112.39	99.0094
2114.32	98.7971
2116.25	98.8569
2118.18	99.0445
2120.11	99.1438
2122.04	99.0711
2123.97	98.9154
2125.89	98.8764
2127.82	99.0427
2129.75	99.2576
2131.68	99.3464
2133.61	99.3672
2135.54	99.4846
2137.47	99.7281
2139.4	99.9884
2141.33	100.155
2143.26	100.185
2145.19	100.101
2147.11	99.9907
2149.04	99.9716
2150.97	100.07
2152.9	100.211
2154.83	100.359
2156.76	100.476
2158.69	100.438
2160.62	100.282
2162.55	100.276
2164.48	100.433
2166.41	100.421
2168.33	100.155
2170.26	99.9564
2172.19	100.001
2174.12	100.122
2176.05	100.178
2177.98	100.198
2179.91	100.198
2181.84	100.217
2183.77	100.305
2185.7	100.318
2187.63	100.116
2189.56	99.8902
2191.48	99.8594
2193.41	99.9738
2195.34	100.126
2197.27	100.227
2199.2	100.206
2201.13	100.19
2203.06	100.265
2204.99	100.243
2206.92	100.126
2208.85	100.168
2210.78	100.278
2212.7	100.173
2214.63	99.8925
2216.56	99.6329
2218.49	99.5566
2220.42	99.8057
2222.35	100.168
2224.28	100.166
2226.21	99.8036
2228.14	99.5721
2230.07	99.666
2232	99.7939
2233.93	99.7431
2235.85	99.7048
2237.78	99.8476
2239.71	99.9246
2241.64	99.7289
2243.57	99.5482
2245.5	99.6557
2247.43	99.8505
2249.36	99.8891
2251.29	99.828
2253.22	99.7322
2255.15	99.5614
2257.07	99.3974
2259	99.3836
2260.93	99.491
2262.86	99.5823
2264.79	99.5822
2266.72	99.4897
2268.65	99.3777
2270.58	99.3526
2272.51	99.3756
2274.44	99.3183
2276.37	99.2252
2278.29	99.1968
2280.22	99.1561
2282.15	99.0749
2284.08	99.0834
2286.01	99.1404
2287.94	99.0705
2289.87	98.9441
2291.8	98.9452
2293.73	99.0186
2295.66	99.029
2297.59	99.0295
2299.52	99.1248
2301.44	99.284
2303.37	99.4124
2305.3	99.5006
2307.23	99.6488
2309.16	99.9299
2311.09	100.261
2313.02	100.502
2314.95	100.633
2316.88	100.784
2318.81	101.15
2320.74	101.743
2322.66	102.235
2324.59	102.458
2326.52	102.741
2328.45	103.261
2330.38	103.714
2332.31	103.907
2334.24	104.05
2336.17	104.209
2338.1	104.255
2340.03	104.302
2341.96	104.45
2343.89	104.127
2345.81	102.957
2347.74	101.911
2349.67	101.818
2351.6	102.841
2353.53	104.631
2355.46	106.187
2357.39	107.058
2359.32	107.393
2361.25	107.058
2363.18	106.396
2365.11	105.833
2367.03	105.117
2368.96	103.925
2370.89	102.523
2372.82	101.358
2374.75	100.42
2376.68	99.5289
2378.61	98.8119
2380.54	98.3917
2382.47	98.1011
2384.4	97.8099
2386.33	97.5944
2388.26	97.4909
2390.18	97.4215
2392.11	97.3488
2394.04	97.2836
2395.97	97.2396
2397.9	97.2595
2399.83	97.3312
2401.76	97.3657
2403.69	97.3802
2405.62	97.4823
2407.55	97.6219
2409.48	97.6407
2411.4	97.555
2413.33	97.5178
2415.26	97.5579
2417.19	97.576
2419.12	97.5446
2421.05	97.557
2422.98	97.6829
2424.91	97.8412
2426.84	97.8853
2428.77	97.8175
2430.7	97.7728
2432.62	97.7947
2434.55	97.8478
2436.48	97.9413
2438.41	98.0147
2440.34	97.961
2442.27	97.8985
2444.2	98.0158
2446.13	98.1796
2448.06	98.1557
2449.99	98.0549
2451.92	98.1332
2453.85	98.3491
2455.77	98.4267
2457.7	98.2671
2459.63	98.0878
2461.56	98.0829
2463.49	98.129
2465.42	98.0647
2467.35	98.0054
2469.28	98.0448
2471.21	98.0149
2473.14	97.8577
2475.07	97.7895
2476.99	97.9126
2478.92	98.0821
2480.85	98.1646
2482.78	98.1489
2484.71	98.103
2486.64	98.0987
2488.57	98.106
2490.5	98.0811
2492.43	98.0948
2494.36	98.1732
2496.29	98.2172
2498.22	98.2117
2500.14	98.2382
2502.07	98.2966
2504	98.3168
2505.93	98.2411
2507.86	98.0668
2509.79	97.9049
2511.72	97.8739
2513.65	97.9285
2515.58	97.957
2517.51	97.9671
2519.44	98.0384
2521.36	98.1592
2523.29	98.2155
2525.22	98.1689
2527.15	98.1109
2529.08	98.061
2531.01	97.9535
2532.94	97.8539
2534.87	97.8796
2536.8	97.9962
2538.73	98.1108
2540.66	98.1543
2542.58	98.0635
2544.51	97.8997
2546.44	97.7924
2548.37	97.7213
2550.3	97.6279
2552.23	97.5794
2554.16	97.6226
2556.09	97.7195
2558.02	97.8249
2559.95	97.8652
2561.88	97.8309
2563.81	97.8492
2565.73	97.9062
2567.66	97.8052
2569.59	97.5988
2571.52	97.5565
2573.45	97.6442
2575.38	97.632
2577.31	97.589
2579.24	97.6675
2581.17	97.7095
2583.1	97.5829
2585.03	97.4647
2586.95	97.4732
2588.88	97.5185
2590.81	97.5567
2592.74	97.5646
2594.67	97.4653
2596.6	97.3405
2598.53	97.3701
2600.46	97.4995
2602.39	97.5104
2604.32	97.3657
2606.25	97.2451
2608.18	97.2694
2610.1	97.3277
2612.03	97.2714
2613.96	97.1705
2615.89	97.1502
2617.82	97.1593
2619.75	97.1433
2621.68	97.1405
2623.61	97.0931
2625.54	96.9476
2627.47	96.856
2629.4	96.9185
2631.32	96.9808
2633.25	96.9133
2635.18	96.7856
2637.11	96.6933
2639.04	96.6654
2640.97	96.7021
2642.9	96.7716
2644.83	96.8135
2646.76	96.7744
2648.69	96.6558
2650.62	96.5304
2652.54	96.4395
2654.47	96.3473
2656.4	96.2827
2658.33	96.33
2660.26	96.4196
2662.19	96.399
2664.12	96.2963
2666.05	96.2514
2667.98	96.2793
2669.91	96.3015
2671.84	96.2802
2673.77	96.2205
2675.69	96.1532
2677.62	96.1269
2679.55	96.1459
2681.48	96.1659
2683.41	96.1755
2685.34	96.208
2687.27	96.2661
2689.2	96.3075
2691.13	96.2935
2693.06	96.2053
2694.99	96.071
2696.91	96.001
2698.84	96.0658
2700.77	96.1574
2702.7	96.1387
2704.63	96.0506
2706.56	96.0013
2708.49	95.995
2710.42	95.9839
2712.35	95.9488
2714.28	95.8999
2716.21	95.8693
2718.14	95.8644
2720.06	95.866
2721.99	95.8942
2723.92	95.9352
2725.85	95.8754
2727.78	95.7011
2729.71	95.5763
2731.64	95.5743
2733.57	95.6039
2735.5	95.6321
2737.43	95.6806
2739.36	95.6943
2741.28	95.6467
2743.21	95.6036
2745.14	95.5862
2747.07	95.5704
2749	95.5692
2750.93	95.5711
2752.86	95.5435
2754.79	95.5266
2756.72	95.5522
2758.65	95.5602
2760.58	95.5185
2762.51	95.467
2764.43	95.4272
2766.36	95.4088
2768.29	95.4259
2770.22	95.45
2772.15	95.4525
2774.08	95.4361
2776.01	95.3669
2777.94	95.2304
2779.87	95.1212
2781.8	95.1087
2783.73	95.1333
2785.65	95.1407
2787.58	95.1492
2789.51	95.1633
2791.44	95.1546
2793.37	95.0909
2795.3	94.9748
2797.23	94.9099
2799.16	95.0027
2801.09	95.1647
2803.02	95.2173
2804.95	95.1435
2806.87	95.0109
2808.8	94.8232
2810.73	94.6489
2812.66	94.615
2814.59	94.6467
2816.52	94.5458
2818.45	94.3497
2820.38	94.245
2822.31	94.1864
2824.24	93.9996
2826.17	93.7514
2828.1	93.6123
2830.02	93.4932
2831.95	93.2145
2833.88	92.8589
2835.81	92.6105
2837.74	92.463
2839.67	92.3353
2841.6	92.2259
2843.53	92.118
2845.46	91.9541
2847.39	91.7145
2849.32	91.3835
2851.24	90.9428
2853.17	90.4409
2855.1	89.9303
2857.03	89.3943
2858.96	88.831
2860.89	88.2984
2862.82	87.832
2864.75	87.4169
2866.68	87.0284
2868.61	86.6449
2870.54	86.2775
2872.47	86.0017
2874.39	85.9005
2876.32	86.0158
2878.25	86.3593
2880.18	86.8455
2882.11	87.2624
2884.04	87.4922
2885.97	87.6437
2887.9	87.804
2889.83	87.8963
2891.76	87.8858
2893.69	87.8185
2895.61	87.6938
2897.54	87.5794
2899.47	87.6119
2901.4	87.6879
2903.33	87.5585
2905.26	87.2976
2907.19	87.193
2909.12	87.2436
2911.05	87.1955
2912.98	86.9437
2914.91	86.6001
2916.83	86.2989
2918.76	86.0668
2920.69	85.8141
2922.62	85.4536
2924.55	84.9964
2926.48	84.4782
2928.41	83.9237
2930.34	83.4396
2932.27	83.1934
2934.2	83.2767
2936.13	83.6337
2938.06	84.0783
2939.98	84.4177
2941.91	84.6257
2943.84	84.7798
2945.77	84.8339
2947.7	84.651
2949.63	84.1958
2951.56	83.5336
2953.49	82.7798
2955.42	82.1438
2957.35	81.844
2959.28	81.9321
2961.2	82.3058
2963.13	82.8677
2965.06	83.6125
2966.99	84.569
2968.92	85.6842
2970.85	86.8159
2972.78	87.8426
2974.71	88.6839
2976.64	89.2683
2978.57	89.6445
2980.5	90.0082
2982.43	90.4458
2984.35	90.8275
2986.28	91.0602
2988.21	91.2217
2990.14	91.3999
2992.07	91.6154
2994	91.8553
2995.93	92.0615
2997.86	92.2152
2999.79	92.4275
3001.72	92.7787
3003.65	93.15
3005.57	93.3576
3007.5	93.4093
3009.43	93.5168
3011.36	93.7843
3013.29	94.0245
3015.22	94.1005
3017.15	94.2015
3019.08	94.4616
3021.01	94.7108
3022.94	94.8585
3024.87	94.9898
3026.79	95.0548
3028.72	94.9928
3030.65	94.9316
3032.58	94.9416
3034.51	94.9742
3036.44	95.082
3038.37	95.3065
3040.3	95.5313
3042.23	95.6876
3044.16	95.7725
3046.09	95.6912
3048.02	95.4849
3049.94	95.4517
3051.87	95.6859
3053.8	95.9001
3055.73	95.8964
3057.66	95.7762
3059.59	95.6665
3061.52	95.6266
3063.45	95.7073
3065.38	95.8708
3067.31	96.0089
3069.24	96.0405
3071.16	95.925
3073.09	95.7963
3075.02	95.914
3076.95	96.1873
3078.88	96.1958
3080.81	95.8908
3082.74	95.6759
3084.67	95.7566
3086.6	95.956
3088.53	96.0466
3090.46	95.9872
3092.39	95.9261
3094.31	95.9526
3096.24	95.9469
3098.17	95.857
3100.1	95.8084
3102.03	95.8336
3103.96	95.8695
3105.89	95.8821
3107.82	95.8025
3109.75	95.6795
3111.68	95.7257
3113.61	95.8793
3115.53	95.8366
3117.46	95.6543
3119.39	95.6622
3121.32	95.8979
3123.25	96.0918
3125.18	96.0007
3127.11	95.6882
3129.04	95.5157
3130.97	95.6295
3132.9	95.7489
3134.83	95.7279
3136.75	95.717
3138.68	95.6903
3140.61	95.5817
3142.54	95.5982
3144.47	95.7815
3146.4	95.8248
3148.33	95.6386
3150.26	95.4522
3152.19	95.3864
3154.12	95.4226
3156.05	95.5439
3157.98	95.6448
3159.9	95.5885
3161.83	95.4311
3163.76	95.3454
3165.69	95.3568
3167.62	95.3737
3169.55	95.4138
3171.48	95.5332
3173.41	95.5984
3175.34	95.4555
3177.27	95.2227
3179.2	95.0967
3181.12	95.0709
3183.05	95.0954
3184.98	95.1889
3186.91	95.2531
3188.84	95.1702
3190.77	95.056
3192.7	95.0401
3194.63	95.0305
3196.56	94.9898
3198.49	95.0509
3200.42	95.1807
3202.35	95.1711
3204.27	94.9899
3206.2	94.8126
3208.13	94.8018
3210.06	94.953
3211.99	95.0329
3213.92	94.8221
3215.85	94.4876
3217.78	94.3983
3219.71	94.6017
3221.64	94.8133
3223.57	94.8461
3225.49	94.7616
3227.42	94.6535
3229.35	94.5517
3231.28	94.4833
3233.21	94.4055
3235.14	94.2431
3237.07	94.1299
3239	94.2186
3240.93	94.285
3242.86	94.1352
3244.79	94.0358
3246.72	94.109
3248.64	94.0697
3250.57	93.9208
3252.5	93.9357
3254.43	94.0299
3256.36	93.9977
3258.29	93.9347
3260.22	93.9383
3262.15	93.9298
3264.08	93.8451
3266.01	93.7071
3267.94	93.6358
3269.86	93.7161
3271.79	93.8118
3273.72	93.7899
3275.65	93.7423
3277.58	93.7375
3279.51	93.6993
3281.44	93.58
3283.37	93.3933
3285.3	93.2328
3287.23	93.2443
3289.16	93.388
3291.08	93.4836
3293.01	93.5159
3294.94	93.5527
3296.87	93.5483
3298.8	93.4562
3300.73	93.2893
3302.66	93.0981
3304.59	93.0189
3306.52	93.0997
3308.45	93.1557
3310.38	93.0662
3312.31	92.9425
3314.23	92.8673
3316.16	92.8242
3318.09	92.8308
3320.02	92.899
3321.95	93.0079
3323.88	93.1203
3325.81	93.1233
3327.74	92.9782
3329.67	92.8802
3331.6	92.9505
3333.53	93.0101
3335.45	92.9214
3337.38	92.7808
3339.31	92.6619
3341.24	92.5766
3343.17	92.6066
3345.1	92.7297
3347.03	92.7651
3348.96	92.7142
3350.89	92.7593
3352.82	92.8731
3354.75	92.8772
3356.68	92.7965
3358.6	92.768
3360.53	92.785
3362.46	92.8217
3364.39	92.9281
3366.32	93.032
3368.25	93.0096
3370.18	92.97
3372.11	93.0558
3374.04	93.1292
3375.97	93.0465
3377.9	92.9482
3379.82	92.9793
3381.75	93.0628
3383.68	93.099
3385.61	93.1132
3387.54	93.1385
3389.47	93.119
3391.4	93.0132
3393.33	92.9305
3395.26	93.014
3397.19	93.1867
3399.12	93.2473
3401.04	93.1893
3402.97	93.1561
3404.9	93.1799
3406.83	93.2181
3408.76	93.2742
3410.69	93.3024
3412.62	93.241
3414.55	93.1898
3416.48	93.2656
3418.41	93.3878
3420.34	93.473
3422.27	93.59
3424.19	93.7282
3426.12	93.7642
3428.05	93.6935
3429.98	93.5936
3431.91	93.5092
3433.84	93.4864
3435.77	93.5233
3437.7	93.5736
3439.63	93.6821
3441.56	93.8691
3443.49	93.9966
3445.41	94.0148
3447.34	94.0475
3449.27	94.0934
3451.2	94.0456
3453.13	93.9658
3455.06	93.9639
3456.99	94.0192
3458.92	94.1463
3460.85	94.4074
3462.78	94.636
3464.71	94.5626
3466.64	94.2683
3468.56	94.0914
3470.49	94.0964
3472.42	94.0415
3474.35	93.8828
3476.28	93.8703
3478.21	94.0714
3480.14	94.2833
3482.07	94.4236
3484	94.555
3485.93	94.6234
3487.86	94.5906
3489.78	94.5834
3491.71	94.63
3493.64	94.62
3495.57	94.6075
3497.5	94.7007
3499.43	94.7702
3501.36	94.726
3503.29	94.7977
3505.22	95.0775
3507.15	95.1875
3509.08	94.9125
3511	94.6141
3512.93	94.5962
3514.86	94.6359
3516.79	94.5826
3518.72	94.6349
3520.65	94.8035
3522.58	94.847
3524.51	94.7813
3526.44	94.8384
3528.37	95.0292
3530.3	95.1542
3532.23	95.0607
3534.15	94.7918
3536.08	94.5701
3538.01	94.5648
3539.94	94.7132
3541.87	94.8612
3543.8	94.8534
3545.73	94.6261
3547.66	94.484
3549.59	94.7312
3551.52	95.1159
3553.45	95.1946
3555.37	94.9688
3557.3	94.7562
3559.23	94.7332
3561.16	94.9261
3563.09	95.1987
3565.02	95.337
3566.95	95.3123
3568.88	95.3213
3570.81	95.4208
3572.74	95.5284
3574.67	95.6182
3576.6	95.6551
3578.52	95.6274
3580.45	95.6108
3582.38	95.6401
3584.31	95.6576
3586.24	95.6535
3588.17	95.726
3590.1	95.9393
3592.03	96.1805
3593.96	96.2553
3595.89	96.1443
3597.82	96.1744
3599.74	96.4756
3601.67	96.707
3603.6	96.6239
3605.53	96.4242
3607.46	96.3487
3609.39	96.3926
3611.32	96.4106
3613.25	96.4534
3615.18	96.6957
3617.11	97.0617
3619.04	97.2893
3620.97	97.2519
3622.89	97.0224
3624.82	96.76
3626.75	96.7092
3628.68	97.041
3630.61	97.3583
3632.54	97.3823
3634.47	97.2597
3636.4	96.9532
3638.33	96.5903
3640.26	96.5385
3642.19	96.828
3644.11	97.1781
3646.04	97.515
3647.97	97.8151
3649.9	97.6787
3651.83	97.2865
3653.76	97.2209
3655.69	97.346
3657.62	97.2432
3659.55	96.8976
3661.48	96.6193
3663.41	96.5617
3665.33	96.7601
3667.26	97.1574
3669.19	97.5179
3671.12	97.6629
3673.05	97.8911
3674.98	98.1497
3676.91	97.8068
3678.84	97.2425
3680.77	97.1285
3682.7	97.1952
3684.63	97.1792
3686.56	97.3845
3688.48	98.0112
3690.41	98.4237
3692.34	98.1498
3694.27	97.6029
3696.2	97.0932
3698.13	96.8789
3700.06	97.1291
3701.99	97.5948
3703.92	97.8258
3705.85	97.786
3707.78	97.7136
3709.7	97.7214
3711.63	97.6958
3713.56	97.5018
3715.49	97.3837
3717.42	97.5666
3719.35	97.8316
3721.28	97.7731
3723.21	97.5771
3725.14	97.7058
3727.07	97.9041
3729	97.7711
3730.93	97.629
3732.85	97.9256
3734.78	98.4196
3736.71	98.448
3738.64	98.1678
3740.57	98.0259
3742.5	98.0462
3744.43	98.0673
3746.36	97.9998
3748.29	98.0272
3750.22	98.1944
3752.15	98.1336
3754.07	97.7808
3756	97.5625
3757.93	97.5749
3759.86	97.616
3761.79	97.5418
3763.72	97.3791
3765.65	97.16
3767.58	97.0557
3769.51	97.2184
3771.44	97.3929
3773.37	97.3352
3775.29	97.1975
3777.22	97.0567
3779.15	96.842
3781.08	96.7536
3783.01	96.9516
3784.94	97.133
3786.87	97.0384
3788.8	96.8509
3790.73	96.8173
3792.66	96.975
3794.59	97.2661
3796.52	97.5308
3798.44	97.6731
3800.37	97.791
3802.3	97.8032
3804.23	97.575
3806.16	97.37
3808.09	97.3645
3810.02	97.3492
3811.95	97.2758
3813.88	97.3473
3815.81	97.5519
3817.74	97.681
3819.66	97.8141
3821.59	97.9212
3823.52	97.7066
3825.45	97.3832
3827.38	97.3031
3829.31	97.4038
3831.24	97.4637
3833.17	97.5029
3835.1	97.6278
3837.03	97.7699
3838.96	97.8005
3840.89	97.7251
3842.81	97.6175
3844.74	97.4912
3846.67	97.3598
3848.6	97.2776
3850.53	97.2982
3852.46	97.4191
3854.39	97.4373
3856.32	97.2713
3858.25	97.1792
3860.18	97.2499
3862.11	97.3869
3864.03	97.465
3865.96	97.4953
3867.89	97.4961
3869.82	97.4203
3871.75	97.3277
3873.68	97.2883
3875.61	97.2511
3877.54	97.2198
3879.47	97.2328
3881.4	97.2422
3883.33	97.2479
3885.25	97.3133
3887.18	97.3242
3889.11	97.1882
3891.04	97.0934
3892.97	97.1727
3894.9	97.2208
3896.83	97.176
3898.76	97.3086
3900.69	97.6588
3902.62	97.7203
3904.55	97.3312
3906.48	96.9652
3908.4	96.8366
3910.33	96.8265
3912.26	96.9004
3914.19	97.0347
3916.12	97.1234
3918.05	97.137
3919.98	97.1377
3921.91	97.1367
3923.84	97.1356
3925.77	97.1845
3927.7	97.2838
3929.62	97.3315
3931.55	97.2249
3933.48	97.0378
3935.41	96.9428
3937.34	96.9128
3939.27	96.8578
3941.2	96.8787
3943.13	97.0526
3945.06	97.1791
3946.99	97.1371
3948.92	97.0832
3950.85	97.0786
3952.77	97.0032
3954.7	96.9113
3956.63	96.9669
3958.56	97.0668
3960.49	96.9843
3962.42	96.8124
3964.35	96.7995
3966.28	96.9064
3968.21	96.9499
3970.14	96.9287
3972.07	96.9305
3973.99	96.9519
3975.92	96.9448
3977.85	96.8903
3979.78	96.8117
3981.71	96.7427
3983.64	96.6758
3985.57	96.6167
3987.5	96.6308
3989.43	96.7152
3991.36	96.759
3993.29	96.7209
3995.22	96.6896
3997.14	96.7345
