499.643	78.3615
501.572	79.671
503.501	79.3721
505.43	78.7305
507.36	78.7523
509.289	78.768
511.218	78.4943
513.147	78.3841
515.076	78.654
517.005	79.2765
518.934	79.9099
520.863	80.1169
522.792	80.1332
524.722	80.3209
526.651	80.6026
528.58	81.0296
530.509	81.7356
532.438	82.378
534.367	82.6487
536.296	82.7418
538.225	82.86
540.155	83.0447
542.084	83.3113
544.013	83.5128
545.942	83.6038
547.871	83.8412
549.8	84.2422
551.729	84.5028
553.658	84.6195
555.588	84.8163
557.517	85.0224
559.446	85.1016
561.375	85.2628
563.304	85.6563
565.233	85.9229
567.162	85.705
569.091	85.3293
571.021	85.3453
572.95	85.6465
574.879	85.804
576.808	85.8954
578.737	86.2422
580.666	86.6501
582.595	86.693
584.524	86.3654
586.454	85.9674
588.383	85.7403
590.312	85.7917
592.241	85.9859
594.17	86.0255
596.099	85.893
598.028	85.819
599.957	85.8452
601.887	85.8062
603.816	85.6896
605.745	85.7503
607.674	86.1869
609.603	86.7678
611.532	87.0338
613.461	86.9059
615.39	86.6775
617.32	86.5801
619.249	86.7187
621.178	87.0512
623.107	87.2978
625.036	87.2664
626.965	87.1267
628.894	87.0554
630.823	87.0051
632.753	86.9585
634.682	86.9372
636.611	86.8484
638.54	86.6625
640.469	86.4914
642.398	86.3519
644.327	86.1639
646.256	85.9186
648.186	85.6252
650.115	85.3049
652.044	85.1044
653.973	85.1687
655.902	85.4347
657.831	85.7248
659.76	85.9857
661.689	86.2159
663.619	86.4521
665.548	86.9004
667.477	87.7119
669.406	88.2315
671.335	88.2276
673.264	88.4413
675.193	88.9037
677.122	89.1963
679.052	89.2944
680.981	89.452
682.91	89.5853
684.839	89.5815
686.768	89.5652
688.697	89.5626
690.626	89.4882
692.555	89.37
694.485	89.2701
696.414	89.2075
698.343	89.2021
700.272	89.2077
702.201	89.1525
704.13	89.0965
706.059	89.1025
707.988	89.0767
709.917	88.9718
711.847	88.8845
713.776	88.8507
715.705	88.844
717.634	88.9021
719.563	89.0128
721.492	89.0448
723.421	88.9235
725.35	88.682
727.28	88.3708
729.209	88.034
731.138	87.6497
733.067	87.1355
734.996	86.5112
736.925	85.9236
738.854	85.4485
740.783	84.9698
742.713	84.31
744.642	83.5119
746.571	82.931
748.5	82.9125
750.429	83.4352
752.358	84.1996
754.287	84.9502
756.216	85.5825
758.146	86.066
760.075	86.3969
762.004	86.5681
763.933	86.5665
765.862	86.4221
767.791	86.1558
769.72	85.6673
771.649	84.7945
773.579	83.4367
775.508	81.4929
777.437	78.7772
779.366	75.1731
781.295	70.9398
783.224	66.8478
785.153	63.9223
787.082	62.9423
789.012	64.1438
790.941	67.283
792.87	71.7084
794.799	76.3875
796.728	80.2439
798.657	82.7066
800.586	83.9106
802.515	84.308
804.445	84.1786
806.374	83.588
808.303	82.613
810.232	81.4381
812.161	80.3485
814.09	79.6889
816.019	79.6951
817.948	80.3083
819.878	81.2239
821.807	82.1386
823.736	82.8888
825.665	83.3873
827.594	83.5916
829.523	83.5574
831.452	83.365
833.381	82.9941
835.311	82.3872
837.24	81.5239
839.169	80.3443
841.098	78.8149
843.027	77.1492
844.956	75.7149
846.885	74.6867
848.814	73.9807
850.744	73.4354
852.673	72.894
854.602	72.2427
856.531	71.5073
858.46	70.8308
860.389	70.3358
862.318	70.0891
864.247	70.1364
866.177	70.4758
868.106	71.0369
870.035	71.7028
871.964	72.3369
873.893	72.8438
875.822	73.2031
877.751	73.4123
879.68	73.494
881.609	73.5552
883.539	73.7084
885.468	73.9672
887.397	74.2817
889.326	74.578
891.255	74.7756
893.184	74.8602
895.113	74.8834
897.042	74.8887
898.972	74.9504
900.901	75.2106
902.83	75.759
904.759	76.5703
906.688	77.5954
908.617	78.7831
910.546	79.9913
912.475	80.9815
914.405	81.5348
916.334	81.5693
918.263	81.1526
920.192	80.4184
922.121	79.4831
924.05	78.4123
925.979	77.2364
927.908	75.9794
929.838	74.6476
931.767	73.2125
933.696	71.6848
935.625	70.1893
937.554	68.89
939.483	67.8653
941.412	67.1221
943.341	66.6609
945.271	66.4393
947.2	66.3538
949.129	66.3835
951.058	66.6746
952.987	67.3472
954.916	68.2847
956.845	69.2348
958.774	70.0478
960.704	70.7286
962.633	71.3571
964.562	72.0405
966.491	72.8553
968.42	73.7814
970.349	74.7288
972.278	75.5902
974.207	76.2485
976.137	76.6329
978.066	76.7737
979.995	76.7097
981.924	76.3988
983.853	75.8115
985.782	75.0296
987.711	74.2048
989.64	73.5156
991.57	73.1127
993.499	72.9649
995.428	72.8176
997.357	72.4057
999.286	71.6332
1001.22	70.5303
1003.14	69.1843
1005.07	67.7435
1007	66.3859
1008.93	65.2554
1010.86	64.3995
1012.79	63.6854
1014.72	62.8127
1016.65	61.5285
1018.58	59.824
1020.51	57.8856
1022.44	55.9332
1024.36	54.1827
1026.29	52.9116
1028.22	52.3844
1030.15	52.585
1032.08	53.1472
1034.01	53.7113
1035.94	54.2327
1037.87	54.8302
1039.8	55.5452
1041.73	56.3988
1043.66	57.4926
1045.58	58.9204
1047.51	60.6753
1049.44	62.6377
1051.37	64.5548
1053.3	66.1016
1055.23	67.1057
1057.16	67.691
1059.09	68.106
1061.02	68.4308
1062.95	68.5187
1064.88	68.2012
1066.81	67.5228
1068.73	66.8049
1070.66	66.4667
1072.59	66.7315
1074.52	67.5068
1076.45	68.5334
1078.38	69.5853
1080.31	70.5289
1082.24	71.28
1084.17	71.7695
1086.1	71.9455
1088.03	71.7959
1089.95	71.3538
1091.88	70.6646
1093.81	69.7658
1095.74	68.7213
1097.67	67.646
1099.6	66.6375
1101.53	65.682
1103.46	64.6761
1105.39	63.55
1107.32	62.3322
1109.25	61.0979
1111.18	59.9141
1113.1	58.8451
1115.03	57.9371
1116.96	57.1562
1118.89	56.3838
1120.82	55.5051
1122.75	54.4849
1124.68	53.3579
1126.61	52.1792
1128.54	50.9884
1130.47	49.8048
1132.4	48.6549
1134.32	47.5794
1136.25	46.5952
1138.18	45.6967
1140.11	44.9153
1142.04	44.3089
1143.97	43.8907
1145.9	43.6547
1147.83	43.6276
1149.76	43.8015
1151.69	44.1012
1153.62	44.4902
1155.55	44.9893
1157.47	45.5819
1159.4	46.229
1161.33	46.9454
1163.26	47.7722
1165.19	48.7311
1167.12	49.8236
1169.05	51.035
1170.98	52.3606
1172.91	53.8132
1174.84	55.3686
1176.77	56.9614
1178.69	58.5439
1180.62	60.0861
1182.55	61.5505
1184.48	62.9168
1186.41	64.1774
1188.34	65.3069
1190.27	66.2966
1192.2	67.1935
1194.13	68.0508
1196.06	68.8674
1197.99	69.5993
1199.91	70.1914
1201.84	70.5737
1203.77	70.6663
1205.7	70.4189
1207.63	69.8214
1209.56	68.8632
1211.49	67.5333
1213.42	65.8672
1215.35	63.9227
1217.28	61.7324
1219.21	59.3514
1221.14	56.8859
1223.06	54.4257
1224.99	52.016
1226.92	49.6944
1228.85	47.5108
1230.78	45.5311
1232.71	43.824
1234.64	42.432
1236.57	41.3789
1238.5	40.6634
1240.43	40.1969
1242.36	39.8145
1244.28	39.3979
1246.21	38.9227
1248.14	38.3917
1250.07	37.8274
1252	37.3043
1253.93	36.9084
1255.86	36.7266
1257.79	36.8756
1259.72	37.4319
1261.65	38.3658
1263.58	39.6153
1265.51	41.1365
1267.43	42.8683
1269.36	44.7348
1271.29	46.6556
1273.22	48.5579
1275.15	50.4181
1277.08	52.2253
1279.01	53.9489
1280.94	55.6164
1282.87	57.2868
1284.8	58.9269
1286.73	60.4784
1288.65	61.975
1290.58	63.4509
1292.51	64.8596
1294.44	66.1703
1296.37	67.4425
1298.3	68.7874
1300.23	70.3109
1302.16	72.069
1304.09	74.0372
1306.02	76.0986
1307.95	78.0686
1309.87	79.7683
1311.8	81.0439
1313.73	81.7585
1315.66	81.906
1317.59	81.659
1319.52	81.2679
1321.45	81.0204
1323.38	81.1694
1325.31	81.7908
1327.24	82.7104
1329.17	83.6148
1331.1	84.2671
1333.02	84.5933
1334.95	84.6862
1336.88	84.7185
1338.81	84.8363
1340.74	85.1195
1342.67	85.5396
1344.6	86.019
1346.53	86.4983
1348.46	86.8506
1350.39	86.8814
1352.32	86.5185
1354.24	85.8433
1356.17	85.0725
1358.1	84.5159
1360.03	84.2323
1361.96	83.9014
1363.89	83.2832
1365.82	82.4793
1367.75	81.4681
1369.68	80.2605
1371.61	79.1676
1373.54	78.3222
1375.47	77.5932
1377.39	77.0131
1379.32	76.6815
1381.25	76.6087
1383.18	76.8162
1385.11	77.3866
1387.04	78.3624
1388.97	79.3889
1390.9	80.0673
1392.83	80.4285
1394.76	80.4938
1396.69	80.188
1398.61	79.611
1400.54	79.034
1402.47	78.6831
1404.4	78.6361
1406.33	78.9034
1408.26	79.432
1410.19	80.2287
1412.12	81.2904
1414.05	82.3652
1415.98	83.3591
1417.91	84.4576
1419.83	85.487
1421.76	86.0326
1423.69	86.1199
1425.62	85.9634
1427.55	85.6777
1429.48	85.0178
1431.41	83.8667
1433.34	82.6468
1435.27	81.3794
1437.2	79.7266
1439.13	78.1319
1441.06	76.9733
1442.98	76.0579
1444.91	75.3901
1446.84	74.9872
1448.77	74.6521
1450.7	74.4343
1452.63	74.5984
1454.56	75.2535
1456.49	76.4698
1458.42	77.7359
1460.35	78.5291
1462.28	79.3673
1464.2	80.5683
1466.13	81.8208
1468.06	82.7839
1469.99	83.7654
1471.92	84.9263
1473.85	85.7872
1475.78	86.1808
1477.71	86.5454
1479.64	86.9696
1481.57	87.4008
1483.5	87.8376
1485.43	88.3176
1487.35	88.9921
1489.28	89.949
1491.21	90.8324
1493.14	91.5171
1495.07	92.298
1497	93.1532
1498.93	93.6654
1500.86	93.8897
1502.79	94.1767
1504.72	94.6459
1506.65	95.2124
1508.57	95.3493
1510.5	95.1466
1512.43	95.0436
1514.36	95.1408
1516.29	95.3791
1518.22	95.6528
1520.15	95.9002
1522.08	95.9871
1524.01	95.8773
1525.94	95.6955
1527.87	95.5219
1529.8	95.4362
1531.72	95.507
1533.65	95.6553
1535.58	95.7315
1537.51	95.8897
1539.44	96.3302
1541.37	96.5685
1543.3	96.1693
1545.23	95.768
1547.16	95.6117
1549.09	95.629
1551.02	95.6994
1552.94	95.7401
1554.87	95.838
1556.8	96.1611
1558.73	96.4349
1560.66	96.0467
1562.59	95.5873
1564.52	95.3934
1566.45	95.3999
1568.38	95.4461
1570.31	95.3091
1572.24	95.0962
1574.16	95.072
1576.09	95.1768
1578.02	95.058
1579.95	94.8011
1581.88	94.6914
1583.81	94.7478
1585.74	94.8393
1587.67	94.8977
1589.6	94.9471
1591.53	95.0044
1593.46	95.058
1595.39	95.0724
1597.31	95.025
1599.24	94.955
1601.17	94.9126
1603.1	94.8928
1605.03	94.8663
1606.96	94.8333
1608.89	94.767
1610.82	94.6467
1612.75	94.5938
1614.68	94.6856
1616.61	94.6816
1618.53	94.3764
1620.46	94.0719
1622.39	93.8586
1624.32	93.5922
1626.25	93.249
1628.18	92.7952
1630.11	92.2442
1632.04	91.8458
1633.97	91.6843
1635.9	91.4484
1637.83	91.083
1639.76	91.1567
1641.68	91.7557
1643.61	92.6316
1645.54	93.5806
1647.47	94.2008
1649.4	94.3507
1651.33	94.5438
1653.26	94.8688
1655.19	94.6149
1657.12	94.1445
1659.05	93.9371
1660.98	93.9197
1662.9	93.8085
1664.83	93.5576
1666.76	93.4478
1668.69	93.5228
1670.62	93.4687
1672.55	93.2246
1674.48	92.9386
1676.41	92.4875
1678.34	92.0208
1680.27	91.8069
1682.2	91.7242
1684.12	91.4417
1686.05	90.8524
1687.98	90.1501
1689.91	89.4325
1691.84	88.6799
1693.77	87.7153
1695.7	86.5385
1697.63	85.2195
1699.56	83.2726
1701.49	80.765
1703.42	78.3164
1705.35	75.4613
1707.27	71.8788
1709.2	68.2761
1711.13	64.9888
1713.06	61.9157
1714.99	59.2921
1716.92	56.8608
1718.85	54.3416
1720.78	52.7458
1722.71	52.1872
1724.64	52.1001
1726.57	52.3876
1728.49	53.0565
1730.42	53.87
1732.35	54.6503
1734.28	55.0156
1736.21	54.8145
1738.14	54.5145
1740.07	54.1827
1742	53.821
1743.93	53.8821
1745.86	54.5098
1747.79	55.6332
1749.72	57.4842
1751.64	59.7684
1753.57	62.0631
1755.5	64.7842
1757.43	68.0752
1759.36	71.4775
1761.29	74.945
1763.22	78.4251
1765.15	81.3585
1767.08	83.7869
1769.01	86.133
1770.94	88.2865
1772.86	89.997
1774.79	91.3077
1776.72	92.1968
1778.65	92.8152
1780.58	93.4137
1782.51	93.8874
1784.44	94.1385
1786.37	94.3744
1788.3	94.665
1790.23	94.9683
1792.16	95.2825
1794.08	95.4385
1796.01	95.4257
1797.94	95.4434
1799.87	95.5224
1801.8	95.6236
1803.73	95.7314
1805.66	95.7452
1807.59	95.6736
1809.52	95.6815
1811.45	95.7798
1813.38	95.8571
1815.31	95.9188
1817.23	95.9799
1819.16	96.046
1821.09	96.1518
1823.02	96.2521
1824.95	96.3217
1826.88	96.4421
1828.81	96.5726
1830.74	96.5715
1832.67	96.5029
1834.6	96.5249
1836.53	96.6239
1838.45	96.6618
1840.38	96.6138
1842.31	96.6465
1844.24	96.8189
1846.17	96.8997
1848.1	96.8386
1850.03	96.8353
1851.96	96.9252
1853.89	96.9948
1855.82	97.0071
1857.75	97.0254
1859.68	97.0609
1861.6	97.0265
1863.53	96.9769
1865.46	97.1521
1867.39	97.5422
1869.32	97.7385
1871.25	97.6207
1873.18	97.4836
1875.11	97.3998
1877.04	97.3639
1878.97	97.4365
1880.9	97.5384
1882.82	97.577
1884.75	97.6263
1886.68	97.7152
1888.61	97.7557
1890.54	97.7237
1892.47	97.6665
1894.4	97.6329
1896.33	97.6967
1898.26	97.8426
1900.19	97.911
1902.12	97.8771
1904.05	97.9508
1905.97	98.1885
1907.9	98.3182
1909.83	98.193
1911.76	98.0542
1913.69	98.1045
1915.62	98.2613
1917.55	98.362
1919.48	98.3183
1921.41	98.2315
1923.34	98.2641
1925.27	98.3613
1927.19	98.3716
1929.12	98.354
1931.05	98.3992
1932.98	98.4242
1934.91	98.403
1936.84	98.4913
1938.77	98.7777
1940.7	99.1148
1942.63	99.2262
1944.56	99.0445
1946.49	98.8652
1948.41	98.9367
1950.34	99.2222
1952.27	99.5326
1954.2	99.677
1956.13	99.5891
1958.06	99.444
1959.99	99.455
1961.92	99.5631
1963.85	99.6161
1965.78	99.69
1967.71	99.8755
1969.64	100.032
1971.56	100.075
1973.49	100.081
1975.42	100.055
1977.35	100.071
1979.28	100.296
1981.21	100.51
1983.14	100.342
1985.07	99.9777
1987	99.8056
1988.93	99.7968
1990.86	99.8038
1992.78	99.8515
1994.71	99.9102
1996.64	99.9315
1998.57	99.9556
2000.5	99.9836
2002.43	100.015
2004.36	100.1
2006.29	100.225
2008.22	100.33
2010.15	100.335
2012.08	100.178
2014.01	100.013
2015.93	100.066
2017.86	100.291
2019.79	100.509
2021.72	100.636
2023.65	100.607
2025.58	100.476
2027.51	100.411
2029.44	100.356
2031.37	100.209
2033.3	100.18
2035.23	100.375
2037.15	100.514
2039.08	100.474
2041.01	100.426
2042.94	100.401
2044.87	100.343
2046.8	100.333
2048.73	100.328
2050.66	100.144
2052.59	99.8957
2054.52	99.8576
2056.45	99.9686
2058.37	99.9642
2060.3	99.8487
2062.23	99.8047
2064.16	99.8128
2066.09	99.7051
2068.02	99.525
2069.95	99.5429
2071.88	99.8132
2073.81	99.9692
2075.74	99.7335
2077.67	99.3792
2079.6	99.2829
2081.52	99.3429
2083.45	99.2439
2085.38	99.0057
2087.31	98.8914
2089.24	98.9908
2091.17	99.1808
2093.1	99.3608
2095.03	99.5033
2096.96	99.5404
2098.89	99.3999
2100.82	99.1477
2102.74	98.9505
2104.67	98.9205
2106.6	99.0678
2108.53	99.2801
2110.46	99.3168
2112.39	99.0812
2114.32	98.8603
2116.25	98.9413
2118.18	99.1697
2120.11	99.2562
2122.04	99.2067
2123.97	99.1497
2125.89	99.1559
2127.82	99.3052
2129.75	99.4933
2131.68	99.4276
2133.61	99.1948
2135.54	99.2615
2137.47	99.6652
2139.4	99.9651
2141.33	100.023
2143.26	100.05
2145.19	100.083
2147.11	100.069
2149.04	100.114
2150.97	100.231
2152.9	100.288
2154.83	100.329
2156.76	100.453
2158.69	100.534
2160.62	100.51
2162.55	100.517
2164.48	100.464
2166.41	100.152
2168.33	99.8328
2170.26	99.867
2172.19	100.055
2174.12	100.029
2176.05	99.901
2177.98	99.9552
2179.91	100.143
2181.84	100.283
2183.77	100.292
2185.7	100.143
2187.63	99.9595
2189.56	99.9248
2191.48	99.9612
2193.41	99.9225
2195.34	99.935
2197.27	100.055
2199.2	100.058
2201.13	99.9581
2203.06	100.059
2204.99	100.302
2206.92	100.274
2208.85	99.9669
2210.78	99.7905
2212.7	99.8319
2214.63	99.7824
2216.56	99.6371
2218.49	99.7206
2220.42	100.004
2222.35	100.15
2224.28	100.067
2226.21	99.8239
2228.14	99.5076
2230.07	99.3764
2232	99.5325
2233.93	99.6983
2235.85	99.8088
2237.78	100.063
2239.71	100.241
2241.64	100.011
2243.57	99.6629
2245.5	99.5871
2247.43	99.6083
2249.36	99.4962
2251.29	99.4436
2253.22	99.5942
2255.15	99.7398
2257.07	99.7173
2259	99.6031
2260.93	99.497
2262.86	99.4786
2264.79	99.5806
2266.72	99.6542
2268.65	99.5929
2270.58	99.5313
2272.51	99.496
2274.44	99.3512
2276.37	99.2222
2278.29	99.2978
2280.22	99.3889
2282.15	99.2966
2284.08	99.1578
2286.01	99.0514
2287.94	98.8735
2289.87	98.7126
2291.8	98.7841
2293.73	99.0163
2295.66	99.1261
2297.59	99.0601
2299.52	99.0274
2301.44	99.1039
2303.37	99.1388
2305.3	99.1235
2307.23	99.3017
2309.16	99.7801
2311.09	100.336
2313.02	100.722
2314.95	100.877
2316.88	100.883
2318.81	101.005
2320.74	101.506
2322.66	102.155
2324.59	102.512
2326.52	102.663
2328.45	102.904
2330.38	103.237
2332.31	103.588
2334.24	103.893
2336.17	103.936
2338.1	103.77
2340.03	103.889
2341.96	104.295
2343.89	104.127
2345.81	103.042
2347.74	102.008
2349.67	101.785
2351.6	102.678
2353.53	104.494
2355.46	105.903
2357.39	106.264
2359.32	106.519
2361.25	106.76
2363.18	106.416
2365.11	105.728
2367.03	104.992
2368.96	103.968
2370.89	102.65
2372.82	101.433
2374.75	100.438
2376.68	99.5308
2378.61	98.7821
2380.54	98.3055
2382.47	97.9736
2384.4	97.6643
2386.33	97.4816
2388.26	97.503
2390.18	97.5668
2392.11	97.4992
2394.04	97.3391
2395.97	97.2162
2397.9	97.1928
2399.83	97.2595
2401.76	97.3646
2403.69	97.4668
2405.62	97.5619
2407.55	97.6103
2409.48	97.5565
2411.4	97.4703
2413.33	97.4776
2415.26	97.5501
2417.19	97.5788
2419.12	97.5846
2421.05	97.6421
2422.98	97.7242
2424.91	97.7783
2426.84	97.8001
2428.77	97.7823
2430.7	97.7453
2432.62	97.7745
2434.55	97.885
2436.48	97.9401
2438.41	97.8485
2440.34	97.7559
2442.27	97.8513
2444.2	98.055
2446.13	98.1506
2448.06	98.137
2449.99	98.1572
2451.92	98.2208
2453.85	98.2641
2455.77	98.2689
2457.7	98.1893
2459.63	98.0233
2461.56	97.9232
2463.49	97.9837
2465.42	98.0881
2467.35	98.1394
2469.28	98.1847
2471.21	98.227
2473.14	98.1869
2475.07	98.0706
2476.99	97.9719
2478.92	97.9366
2480.85	97.9523
2482.78	98.018
2484.71	98.1299
2486.64	98.2187
2488.57	98.2071
2490.5	98.1446
2492.43	98.1608
2494.36	98.2709
2496.29	98.3668
2498.22	98.3844
2500.14	98.3592
2502.07	98.3631
2504	98.4188
2505.93	98.4382
2507.86	98.3195
2509.79	98.1121
2511.72	97.966
2513.65	97.9676
2515.58	98.0889
2517.51	98.2119
2519.44	98.2319
2521.36	98.1824
2523.29	98.1687
2525.22	98.2128
2527.15	98.2278
2529.08	98.1063
2531.01	97.8852
2532.94	97.7686
2534.87	97.8404
2536.8	97.9611
2538.73	98.046
2540.66	98.1096
2542.58	98.104
2544.51	98.0245
2546.44	97.9418
2548.37	97.8546
2550.3	97.7834
2552.23	97.773
2554.16	97.7043
2556.09	97.5398
2558.02	97.5272
2559.95	97.7275
2561.88	97.8623
2563.81	97.8263
2565.73	97.7296
2567.66	97.581
2569.59	97.4419
2571.52	97.4804
2573.45	97.6335
2575.38	97.7097
2577.31	97.7394
2579.24	97.7957
2581.17	97.7909
2583.1	97.7191
2585.03	97.6959
2586.95	97.6882
2588.88	97.5876
2590.81	97.4589
2592.74	97.4158
2594.67	97.4116
2596.6	97.3648
2598.53	97.3409
2600.46	97.4223
2602.39	97.4847
2604.32	97.3509
2606.25	97.1592
2608.18	97.2007
2610.1	97.3865
2612.03	97.3714
2613.96	97.1565
2615.89	97.0202
2617.82	97.0237
2619.75	97.0454
2621.68	97.0276
2623.61	96.9452
2625.54	96.8359
2627.47	96.8345
2629.4	96.9477
2631.32	97.0174
2633.25	96.9808
2635.18	96.887
2637.11	96.7602
2639.04	96.6521
2640.97	96.6332
2642.9	96.6768
2644.83	96.709
2646.76	96.6892
2648.69	96.6014
2650.62	96.4982
2652.54	96.4637
2654.47	96.4708
2656.4	96.4514
2658.33	96.4392
2660.26	96.4529
2662.19	96.4119
2664.12	96.3012
2666.05	96.2225
2667.98	96.2272
2669.91	96.2607
2671.84	96.2685
2673.77	96.2495
2675.69	96.2191
2677.62	96.1862
2679.55	96.1614
2681.48	96.1436
2683.41	96.1158
2685.34	96.1008
2687.27	96.1533
2689.2	96.245
2691.13	96.2707
2693.06	96.1971
2694.99	96.1011
2696.91	96.0665
2698.84	96.0878
2700.77	96.0669
2702.7	95.9724
2704.63	95.9273
2706.56	95.983
2708.49	96.0026
2710.42	95.935
2712.35	95.9049
2714.28	95.9402
2716.21	95.9391
2718.14	95.8813
2720.06	95.8278
2721.99	95.8139
2723.92	95.8342
2725.85	95.8433
2727.78	95.8115
2729.71	95.7664
2731.64	95.6975
2733.57	95.5858
2735.5	95.5349
2737.43	95.6034
2739.36	95.644
2741.28	95.5839
2743.21	95.57
2745.14	95.6529
2747.07	95.6989
2749	95.6569
2750.93	95.5905
2752.86	95.5484
2754.79	95.5792
2756.72	95.6818
2758.65	95.7323
2760.58	95.6465
2762.51	95.5132
2764.43	95.4592
2766.36	95.4961
2768.29	95.5276
2770.22	95.4771
2772.15	95.3977
2774.08	95.3648
2776.01	95.3287
2777.94	95.2406
2779.87	95.1611
2781.8	95.1109
2783.73	95.0616
2785.65	95.0631
2787.58	95.121
2789.51	95.133
2791.44	95.1094
2793.37	95.1379
2795.3	95.1482
2797.23	95.0748
2799.16	95.0436
2801.09	95.0918
2803.02	95.0576
2804.95	94.9248
2806.87	94.8518
2808.8	94.822
2810.73	94.6891
2812.66	94.4953
2814.59	94.3968
2816.52	94.4076
2818.45	94.4373
2820.38	94.4066
2822.31	94.2394
2824.24	93.9476
2826.17	93.68
2828.1	93.5084
2830.02	93.3281
2831.95	93.0912
2833.88	92.885
2835.81	92.7312
2837.74	92.5609
2839.67	92.3668
2841.6	92.1927
2843.53	92.0389
2845.46	91.8591
2847.39	91.5979
2849.32	91.2476
2851.24	90.8761
2853.17	90.5235
2855.1	90.1147
2857.03	89.5496
2858.96	88.8446
2860.89	88.1572
2862.82	87.6376
2864.75	87.2622
2866.68	86.9138
2868.61	86.5785
2870.54	86.3012
2872.47	86.0797
2874.39	85.9651
2876.32	86.0769
2878.25	86.4253
2880.18	86.8803
2882.11	87.2867
2884.04	87.5224
2885.97	87.5912
2887.9	87.6486
2889.83	87.7763
2891.76	87.8537
2893.69	87.7695
2895.61	87.5963
2897.54	87.5024
2899.47	87.5771
2901.4	87.7035
2903.33	87.6529
2905.26	87.4095
2907.19	87.215
2909.12	87.183
2911.05	87.1488
2912.98	86.9777
2914.91	86.7157
2916.83	86.4065
2918.76	86.0296
2920.69	85.611
2922.62	85.196
2924.55	84.7446
2926.48	84.199
2928.41	83.6435
2930.34	83.2764
2932.27	83.2014
2934.2	83.3674
2936.13	83.6983
2938.06	84.0952
2939.98	84.3799
2941.91	84.4836
2943.84	84.5325
2945.77	84.5388
2947.7	84.3267
2949.63	83.8921
2951.56	83.4093
2953.49	82.8826
2955.42	82.2722
2957.35	81.8095
2959.28	81.7325
2961.2	81.9891
2963.13	82.5262
2965.06	83.4437
2966.99	84.6489
2968.92	85.8129
2970.85	86.7855
2972.78	87.6989
2974.71	88.6289
2976.64	89.4144
2978.57	89.9005
2980.5	90.2016
2982.43	90.5296
2984.35	90.8827
2986.28	91.1486
2988.21	91.3418
2990.14	91.5119
2992.07	91.664
2994	91.8424
2995.93	92.0381
2997.86	92.177
2999.79	92.3563
3001.72	92.726
3003.65	93.14
3005.57	93.3454
3007.5	93.3909
3009.43	93.4855
3011.36	93.6566
3013.29	93.8284
3015.22	94.0505
3017.15	94.3854
3019.08	94.6876
3021.01	94.7891
3022.94	94.7716
3024.87	94.7764
3026.79	94.8169
3028.72	94.9263
3030.65	95.1007
3032.58	95.1977
3034.51	95.2387
3036.44	95.3987
3038.37	95.5482
3040.3	95.4661
3042.23	95.3704
3044.16	95.5085
3046.09	95.6726
3048.02	95.6681
3049.94	95.6351
3051.87	95.6499
3053.8	95.6646
3055.73	95.7543
3057.66	95.8934
3059.59	95.8601
3061.52	95.6884
3063.45	95.6604
3065.38	95.7861
3067.31	95.8711
3069.24	95.91
3071.16	95.9241
3073.09	95.8227
3075.02	95.7123
3076.95	95.8154
3078.88	96.0209
3080.81	96.0301
3082.74	95.8781
3084.67	95.881
3086.6	96.1139
3088.53	96.2714
3090.46	96.1381
3092.39	95.9145
3094.31	95.85
3096.24	95.8783
3098.17	95.8368
3100.1	95.7185
3102.03	95.6056
3103.96	95.6081
3105.89	95.7373
3107.82	95.801
3109.75	95.7002
3111.68	95.631
3113.61	95.7123
3115.53	95.7788
3117.46	95.7476
3119.39	95.79
3121.32	95.9931
3123.25	96.1371
3125.18	95.9904
3127.11	95.7183
3129.04	95.6699
3130.97	95.8129
3132.9	95.821
3134.83	95.6452
3136.75	95.5273
3138.68	95.5532
3140.61	95.6169
3142.54	95.6648
3144.47	95.7123
3146.4	95.726
3148.33	95.649
3150.26	95.5316
3152.19	95.5054
3154.12	95.5917
3156.05	95.6938
3157.98	95.757
3159.9	95.7582
3161.83	95.6656
3163.76	95.5233
3165.69	95.3998
3167.62	95.3215
3169.55	95.3467
3171.48	95.4395
3173.41	95.3914
3175.34	95.1829
3177.27	95.0482
3179.2	95.0512
3181.12	95.1036
3183.05	95.2315
3184.98	95.3796
3186.91	95.3801
3188.84	95.2666
3190.77	95.1348
3192.7	94.9668
3194.63	94.8919
3196.56	95.0548
3198.49	95.2591
3200.42	95.2913
3202.35	95.221
3204.27	95.1
3206.2	94.9331
3208.13	94.8624
3210.06	94.9152
3211.99	94.8937
3213.92	94.7079
3215.85	94.4954
3217.78	94.4513
3219.71	94.6299
3221.64	94.8098
3223.57	94.7481
3225.49	94.5262
3227.42	94.3321
3229.35	94.2399
3231.28	94.3328
3233.21	94.5358
3235.14	94.574
3237.07	94.4768
3239	94.4753
3240.93	94.4275
3242.86	94.1927
3244.79	94.0256
3246.72	93.9692
3248.64	93.824
3250.57	93.7957
3252.5	94.0774
3254.43	94.2818
3256.36	94.1674
3258.29	94.067
3260.22	94.1204
3262.15	94.0679
3264.08	93.8619
3266.01	93.7221
3267.94	93.7389
3269.86	93.82
3271.79	93.8136
3273.72	93.6315
3275.65	93.4292
3277.58	93.459
3279.51	93.6456
3281.44	93.6915
3283.37	93.5985
3285.3	93.5859
3287.23	93.614
3289.16	93.5101
3291.08	93.3494
3293.01	93.296
3294.94	93.3507
3296.87	93.4217
3298.8	93.3903
3300.73	93.2314
3302.66	93.1413
3304.59	93.2234
3306.52	93.2739
3308.45	93.188
3310.38	93.1138
3312.31	93.0662
3314.23	92.9557
3316.16	92.8736
3318.09	92.8866
3320.02	92.892
3321.95	92.8807
3323.88	92.9436
3325.81	93.0535
3327.74	93.1311
3329.67	93.1496
3331.6	93.0915
3333.53	92.9864
3335.45	92.8892
3337.38	92.7606
3339.31	92.5938
3341.24	92.5419
3343.17	92.6496
3345.1	92.725
3347.03	92.719
3348.96	92.8208
3350.89	93.0034
3352.82	92.999
3354.75	92.8088
3356.68	92.7512
3358.6	92.9417
3360.53	93.1279
3362.46	93.111
3364.39	92.9887
3366.32	92.8815
3368.25	92.7539
3370.18	92.6461
3372.11	92.716
3374.04	92.9112
3375.97	92.9797
3377.9	92.8895
3379.82	92.8569
3381.75	92.9597
3383.68	93.0614
3385.61	93.0719
3387.54	93.0433
3389.47	93.0391
3391.4	93.0608
3393.33	93.0942
3395.26	93.1481
3397.19	93.2292
3399.12	93.307
3401.04	93.3267
3402.97	93.2429
3404.9	93.0702
3406.83	92.9239
3408.76	92.9263
3410.69	93.0569
3412.62	93.1951
3414.55	93.2665
3416.48	93.2697
3418.41	93.2864
3420.34	93.4641
3422.27	93.7698
3424.19	93.9145
3426.12	93.7759
3428.05	93.5424
3429.98	93.3679
3431.91	93.2858
3433.84	93.3384
3435.77	93.4866
3437.7	93.645
3439.63	93.8682
3441.56	94.1612
3443.49	94.3325
3445.41	94.343
3447.34	94.3889
3449.27	94.4536
3451.2	94.3049
3453.13	93.9947
3455.06	93.821
3456.99	93.869
3458.92	94.0151
3460.85	94.2514
3462.78	94.5813
3464.71	94.8074
3466.64	94.7591
3468.56	94.5261
3470.49	94.2989
3472.42	94.1272
3474.35	93.9692
3476.28	93.9336
3478.21	94.1941
3480.14	94.619
3482.07	94.8731
3484	94.9024
3485.93	94.8485
3487.86	94.738
3489.78	94.6927
3491.71	94.8165
3493.64	94.8566
3495.57	94.6932
3497.5	94.6427
3499.43	94.762
3501.36	94.7906
3503.29	94.8597
3505.22	95.1474
3507.15	95.2275
3509.08	94.8253
3511	94.4744
3512.93	94.6947
3514.86	95.1683
3516.79	95.3403
3518.72	95.211
3520.65	95.1442
3522.58	95.2028
3524.51	95.1442
3526.44	94.9326
3528.37	94.7883
3530.3	94.7885
3532.23	94.7837
3534.15	94.6766
3536.08	94.5712
3538.01	94.6059
3539.94	94.7399
3541.87	94.8515
3543.8	94.8914
3545.73	94.8717
3547.66	94.9292
3549.59	95.1723
3551.52	95.3499
3553.45	95.1283
3555.37	94.7146
3557.3	94.5498
3559.23	94.7114
3561.16	95.0901
3563.09	95.5382
3565.02	95.8261
3566.95	95.8125
3568.88	95.6689
3570.81	95.5804
3572.74	95.5593
3574.67	95.6299
3576.6	95.7206
3578.52	95.7473
3580.45	95.8038
3582.38	95.8903
3584.31	95.8285
3586.24	95.5946
3588.17	95.3964
3590.1	95.4502
3592.03	95.7975
3593.96	96.3079
3595.89	96.6627
3597.82	96.7709
3599.74	96.815
3601.67	96.7685
3603.6	96.6493
3605.53	96.6954
3607.46	96.911
3609.39	97.0024
3611.32	96.914
3613.25	96.9132
3615.18	97.1212
3617.11	97.3782
3619.04	97.4426
3620.97	97.2658
3622.89	97.0503
3624.82	96.9238
3626.75	96.9173
3628.68	97.0196
3630.61	97.0575
3632.54	97.048
3634.47	97.0816
3636.4	96.9651
3638.33	96.687
3640.26	96.6727
3642.19	97.0266
3644.11	97.2532
3646.04	97.1468
3647.97	97.1503
3649.9	97.4432
3651.83	97.4533
3653.76	97.2719
3655.69	97.2664
3657.62	97.3077
3659.55	97.0766
3661.48	96.7425
3663.41	96.6795
3665.33	96.9316
3667.26	97.2503
3669.19	97.4443
3671.12	97.5351
3673.05	97.8058
3674.98	98.2441
3676.91	98.176
3678.84	97.5503
3680.77	97.1313
3682.7	97.0648
3684.63	97.1388
3686.56	97.4112
3688.48	98.0296
3690.41	98.4627
3692.34	98.2176
3694.27	97.7033
3696.2	97.2039
3698.13	96.9008
3700.06	97.0463
3701.99	97.5229
3703.92	97.8097
3705.85	97.811
3707.78	97.8332
3709.7	97.9737
3711.63	98.0504
3713.56	97.8962
3715.49	97.6769
3717.42	97.6418
3719.35	97.7784
3721.28	97.7746
3723.21	97.6284
3725.14	97.7681
3727.07	98.0931
3729	98.0799
3730.93	97.8364
3732.85	97.9103
3734.78	98.3916
3736.71	98.5886
3738.64	98.264
3740.57	97.8632
3742.5	97.6167
3744.43	97.622
3746.36	97.8687
3748.29	98.169
3750.22	98.3277
3752.15	98.105
3754.07	97.7342
3756	97.5629
3757.93	97.5547
3759.86	97.545
3761.79	97.4433
3763.72	97.322
3765.65	97.3138
3767.58	97.4497
3769.51	97.556
3771.44	97.5068
3773.37	97.4251
3775.29	97.4013
3777.22	97.3391
3779.15	97.1766
3781.08	97.053
3783.01	97.0617
3784.94	97.0836
3786.87	97.0006
3788.8	96.8782
3790.73	96.8978
3792.66	97.1717
3794.59	97.5989
3796.52	97.8556
3798.44	97.8144
3800.37	97.7611
3802.3	97.8743
3804.23	97.9422
3806.16	97.8682
3808.09	97.6996
3810.02	97.4782
3811.95	97.3688
3813.88	97.5073
3815.81	97.7502
3817.74	97.8158
3819.66	97.8161
3821.59	97.8278
3823.52	97.6653
3825.45	97.4666
3827.38	97.4602
3829.31	97.5834
3831.24	97.6629
3833.17	97.6428
3835.1	97.5336
3837.03	97.4309
3838.96	97.5131
3840.89	97.6985
3842.81	97.6991
3844.74	97.4878
3846.67	97.309
3848.6	97.3678
3850.53	97.6604
3852.46	97.9921
3854.39	97.918
3856.32	97.5078
3858.25	97.2881
3860.18	97.384
3862.11	97.6196
3864.03	97.6885
3865.96	97.594
3867.89	97.5161
3869.82	97.3984
3871.75	97.2519
3873.68	97.2449
3875.61	97.2909
3877.54	97.2505
3879.47	97.1837
3881.4	97.1353
3883.33	97.0541
3885.25	97.013
3887.18	97.1112
3889.11	97.2885
3891.04	97.4691
3892.97	97.5549
3894.9	97.4702
3896.83	97.3724
3898.76	97.479
3900.69	97.7349
3902.62	97.7605
3904.55	97.4215
3906.48	97.0251
3908.4	96.8394
3910.33	96.8516
3912.26	96.937
3914.19	97.0277
3916.12	97.1703
3918.05	97.3504
3919.98	97.3991
3921.91	97.2882
3923.84	97.1751
3925.77	97.1492
3927.7	97.154
3929.62	97.1129
3931.55	97.0163
3933.48	96.9551
3935.41	97.0042
3937.34	97.0616
3939.27	97.0325
3941.2	97.0404
3943.13	97.1952
3945.06	97.3042
3946.99	97.1904
3948.92	96.9777
3950.85	96.8459
3952.77	96.8305
3954.7	96.9223
3956.63	97.0759
3958.56	97.144
3960.49	97.0504
3962.42	96.9201
3964.35	96.8939
3966.28	96.9599
3968.21	97.0325
3970.14	97.0553
3972.07	97.0264
3973.99	96.9886
3975.92	96.9562
3977.85	96.8817
3979.78	96.7635
3981.71	96.6888
3983.64	96.6918
3985.57	96.6902
3987.5	96.6399
3989.43	96.6183
3991.36	96.6831
3993.29	96.7728
3995.22	96.8253
3997.14	96.8581
