499.643	79.0704
501.572	77.8885
503.501	78.2853
505.43	79.1303
507.36	78.9057
509.289	78.361
511.218	78.5253
513.147	78.9116
515.076	79.0202
517.005	79.2348
518.934	79.6352
520.863	79.8082
522.792	79.8677
524.722	80.0766
526.651	80.2658
528.58	80.4603
530.509	80.9844
532.438	81.6876
534.367	82.1661
536.296	82.4812
538.225	82.8568
540.155	83.2257
542.084	83.4534
544.013	83.4668
545.942	83.376
547.871	83.5777
549.8	84.1013
551.729	84.368
553.658	84.2459
555.588	84.3208
557.517	84.7539
559.446	85.0914
561.375	85.2235
563.304	85.3975
565.233	85.5092
567.162	85.3402
569.091	85.2031
571.021	85.5167
572.95	86.0028
574.879	86.108
576.808	85.9409
578.737	86.0056
580.666	86.2694
582.595	86.3408
584.524	86.1249
586.454	85.8203
588.383	85.6663
590.312	85.7671
592.241	85.9051
594.17	85.8147
596.099	85.648
598.028	85.65
599.957	85.7169
601.887	85.678
603.816	85.6323
605.745	85.7518
607.674	86.0563
609.603	86.4242
611.532	86.7039
613.461	86.8722
615.39	86.994
617.32	87.0619
619.249	87.0881
621.178	87.1328
623.107	87.1336
625.036	87.0691
626.965	87.0843
628.894	87.1383
630.823	87.0422
632.753	86.8991
634.682	86.8694
636.611	86.78
638.54	86.5527
640.469	86.4103
642.398	86.3707
644.327	86.2702
646.256	86.1321
648.186	85.9445
650.115	85.6011
652.044	85.2847
653.973	85.2438
655.902	85.3672
657.831	85.4921
659.76	85.7467
661.689	86.1725
663.619	86.5938
665.548	87.1259
667.477	88.002
669.406	88.5325
671.335	88.4
673.264	88.4496
675.193	88.8044
677.122	89.096
679.052	89.2942
680.981	89.5931
682.91	89.7538
684.839	89.5951
686.768	89.4379
688.697	89.4638
690.626	89.4465
692.555	89.2838
694.485	89.1678
696.414	89.1935
698.343	89.2395
700.272	89.2232
702.201	89.1929
704.13	89.1737
706.059	89.1161
707.988	89.0267
709.917	88.9687
711.847	88.9
713.776	88.7586
715.705	88.6826
717.634	88.8007
719.563	88.9355
721.492	88.8637
723.421	88.667
725.35	88.4734
727.28	88.2277
729.209	87.8977
731.138	87.5187
733.067	87.0415
734.996	86.4486
736.925	85.8871
738.854	85.4446
740.783	84.9467
742.713	84.1937
744.642	83.3333
746.571	82.7789
748.5	82.7747
750.429	83.2477
752.358	84.008
754.287	84.8461
756.216	85.549
758.146	86.0364
760.075	86.3673
762.004	86.5489
763.933	86.5297
765.862	86.3459
767.791	86.0476
769.72	85.545
771.649	84.6809
773.579	83.3463
775.508	81.4153
777.437	78.6931
779.366	75.082
781.295	70.8498
783.224	66.7542
785.153	63.8301
787.082	62.8847
789.012	64.136
790.941	67.2953
792.87	71.7151
794.799	76.3909
796.728	80.2455
798.657	82.7048
800.586	83.9099
802.515	84.3066
804.445	84.172
806.374	83.5866
808.303	82.6295
810.232	81.4519
812.161	80.3188
814.09	79.6262
816.019	79.6547
817.948	80.2982
819.878	81.2123
821.807	82.1268
823.736	82.8668
825.665	83.3113
827.594	83.4818
829.523	83.474
831.452	83.2972
833.381	82.9216
835.311	82.3461
837.24	81.5171
839.169	80.3398
841.098	78.8313
843.027	77.1943
844.956	75.7267
846.885	74.6381
848.814	73.9118
850.744	73.3507
852.673	72.7601
854.602	72.0764
856.531	71.3628
858.46	70.7303
860.389	70.2676
862.318	70.0321
864.247	70.0665
866.177	70.3832
868.106	70.9312
870.035	71.5851
871.964	72.2018
873.893	72.7093
875.822	73.0909
877.751	73.3182
879.68	73.4123
881.609	73.4956
883.539	73.6723
885.468	73.9413
887.397	74.2482
889.326	74.5213
891.255	74.6869
893.184	74.7354
895.113	74.7343
897.042	74.7636
898.972	74.884
900.901	75.1554
902.83	75.6532
904.759	76.4432
906.688	77.5143
908.617	78.7492
910.546	79.9613
912.475	80.9308
914.405	81.4655
916.334	81.4981
918.263	81.0924
920.192	80.3641
922.121	79.4307
924.05	78.3649
925.979	77.1823
927.908	75.9141
929.838	74.5995
931.767	73.2069
933.696	71.7207
935.625	70.2524
937.554	68.939
939.483	67.8609
941.412	67.0965
943.341	66.6649
945.271	66.442
947.2	66.3127
949.129	66.3357
951.058	66.6488
952.987	67.2958
954.916	68.186
956.845	69.1436
958.774	70
960.704	70.6961
962.633	71.3137
964.562	71.9944
966.491	72.8148
968.42	73.7369
970.349	74.6624
972.278	75.4982
974.207	76.1686
976.137	76.6086
978.066	76.7778
979.995	76.6806
981.924	76.3414
983.853	75.7632
985.782	74.9731
987.711	74.118
989.64	73.4217
991.57	73.0158
993.499	72.85
995.428	72.72
997.357	72.3603
999.286	71.6089
1001.22	70.5054
1003.14	69.1815
1005.07	67.7494
1007	66.3616
1008.93	65.2163
1010.86	64.3747
1012.79	63.658
1014.72	62.7682
1016.65	61.4772
1018.58	59.7582
1020.51	57.7933
1022.44	55.8315
1024.36	54.0911
1026.29	52.8308
1028.22	52.3117
1030.15	52.5196
1032.08	53.0912
1034.01	53.661
1035.94	54.1587
1037.87	54.712
1039.8	55.4182
1041.73	56.3028
1043.66	57.4152
1045.58	58.8489
1047.51	60.6249
1049.44	62.5954
1051.37	64.4905
1053.3	66.0338
1055.23	67.0659
1057.16	67.6567
1059.09	68.0342
1061.02	68.316
1062.95	68.3853
1064.88	68.0793
1066.81	67.4353
1068.73	66.7581
1070.66	66.4518
1072.59	66.729
1074.52	67.4894
1076.45	68.4803
1078.38	69.4929
1080.31	70.4114
1082.24	71.1693
1084.17	71.6874
1086.1	71.8774
1088.03	71.7244
1089.95	71.2896
1091.88	70.6155
1093.81	69.7218
1095.74	68.6809
1097.67	67.6078
1099.6	66.5804
1101.53	65.5886
1103.46	64.5567
1105.39	63.4339
1107.32	62.2427
1109.25	61.0286
1111.18	59.8422
1113.1	58.7679
1115.03	57.8646
1116.96	57.0782
1118.89	56.282
1120.82	55.3872
1122.75	54.3799
1124.68	53.2781
1126.61	52.0994
1128.54	50.8836
1130.47	49.7002
1132.4	48.5886
1134.32	47.5334
1136.25	46.5315
1138.18	45.6278
1140.11	44.8658
1142.04	44.2619
1143.97	43.8379
1145.9	43.6262
1147.83	43.6253
1149.76	43.7874
1151.69	44.0749
1153.62	44.4906
1155.55	45.0194
1157.47	45.607
1159.4	46.2426
1161.33	46.9728
1163.26	47.817
1165.19	48.7695
1167.12	49.8511
1169.05	51.0679
1170.98	52.394
1172.91	53.8302
1174.84	55.3754
1176.77	56.9643
1178.69	58.5346
1180.62	60.0766
1182.55	61.5577
1184.48	62.9164
1186.41	64.1389
1188.34	65.2401
1190.27	66.2211
1192.2	67.117
1194.13	67.9883
1196.06	68.8306
1197.99	69.573
1199.91	70.1475
1201.84	70.4982
1203.77	70.5652
1205.7	70.3019
1207.63	69.6884
1209.56	68.7199
1211.49	67.4056
1213.42	65.776
1215.35	63.8549
1217.28	61.653
1219.21	59.2408
1221.14	56.7581
1223.06	54.2964
1224.99	51.8751
1226.92	49.5468
1228.85	47.3975
1230.78	45.4588
1232.71	43.7505
1234.64	42.3622
1236.57	41.3626
1238.5	40.683
1240.43	40.1843
1242.36	39.7695
1244.28	39.376
1246.21	38.9395
1248.14	38.4186
1250.07	37.8391
1252	37.2917
1253.93	36.8829
1255.86	36.7097
1257.79	36.8633
1259.72	37.395
1261.65	38.3018
1263.58	39.5673
1265.51	41.1374
1267.43	42.8924
1269.36	44.7428
1271.29	46.6604
1273.22	48.5814
1275.15	50.426
1277.08	52.1897
1279.01	53.9078
1280.94	55.5969
1282.87	57.2534
1284.8	58.8648
1286.73	60.4311
1288.65	61.9625
1290.58	63.4393
1292.51	64.8262
1294.44	66.1263
1296.37	67.3935
1298.3	68.7321
1300.23	70.2701
1302.16	72.07
1304.09	74.0755
1306.02	76.1417
1307.95	78.0835
1309.87	79.7366
1311.8	80.9796
1313.73	81.7103
1315.66	81.901
1317.59	81.6595
1319.52	81.2333
1321.45	80.9794
1323.38	81.1661
1325.31	81.8085
1327.24	82.7126
1329.17	83.6046
1331.1	84.2548
1333.02	84.5667
1334.95	84.6487
1336.88	84.6923
1338.81	84.8223
1340.74	85.1085
1342.67	85.5376
1344.6	86.0158
1346.53	86.4692
1348.46	86.8059
1350.39	86.8515
1352.32	86.4965
1354.24	85.8096
1356.17	85.0387
1358.1	84.4942
1360.03	84.2118
1361.96	83.8746
1363.89	83.2466
1365.82	82.4223
1367.75	81.4037
1369.68	80.2174
1371.61	79.1396
1373.54	78.2826
1375.47	77.5471
1377.39	76.9709
1379.32	76.6365
1381.25	76.5698
1383.18	76.7901
1385.11	77.348
1387.04	78.3012
1388.97	79.3356
1390.9	80.0228
1392.83	80.3677
1394.76	80.4281
1396.69	80.1378
1398.61	79.5476
1400.54	78.935
1402.47	78.5722
1404.4	78.5499
1406.33	78.8728
1408.26	79.4623
1410.19	80.2765
1412.12	81.2938
1414.05	82.3184
1415.98	83.3098
1417.91	84.4378
1419.83	85.4749
1421.76	86.0077
1423.69	86.1019
1425.62	85.9658
1427.55	85.6813
1429.48	85.0046
1431.41	83.8431
1433.34	82.6095
1435.27	81.3158
1437.2	79.6708
1439.13	78.1282
1441.06	77.0024
1442.98	76.0897
1444.91	75.414
1446.84	74.9826
1448.77	74.5982
1450.7	74.3668
1452.63	74.5667
1454.56	75.2479
1456.49	76.4331
1458.42	77.6555
1460.35	78.4442
1462.28	79.276
1464.2	80.4719
1466.13	81.7558
1468.06	82.7665
1469.99	83.7857
1471.92	84.9813
1473.85	85.8433
1475.78	86.1866
1477.71	86.5088
1479.64	86.918
1481.57	87.3323
1483.5	87.7494
1485.43	88.2363
1487.35	88.94
1489.28	89.9273
1491.21	90.8372
1493.14	91.5333
1495.07	92.309
1497	93.151
1498.93	93.6226
1500.86	93.7936
1502.79	94.0843
1504.72	94.6304
1506.65	95.2371
1508.57	95.2995
1510.5	95.0768
1512.43	94.9904
1514.36	95.0744
1516.29	95.306
1518.22	95.6155
1520.15	95.8853
1522.08	95.9568
1524.01	95.8379
1525.94	95.6619
1527.87	95.5085
1529.8	95.4526
1531.72	95.5334
1533.65	95.6667
1535.58	95.7459
1537.51	95.9256
1539.44	96.3607
1541.37	96.5615
1543.3	96.1587
1545.23	95.7711
1547.16	95.617
1549.09	95.6313
1551.02	95.7047
1552.94	95.7615
1554.87	95.8856
1556.8	96.22
1558.73	96.4498
1560.66	96.0082
1562.59	95.5317
1564.52	95.3268
1566.45	95.3296
1568.38	95.3807
1570.31	95.2368
1572.24	95.0316
1574.16	95.0652
1576.09	95.2333
1578.02	95.1039
1579.95	94.8167
1581.88	94.7025
1583.81	94.7455
1585.74	94.8055
1587.67	94.8512
1589.6	94.917
1591.53	94.9936
1593.46	95.0466
1595.39	95.0445
1597.31	94.9919
1599.24	94.94
1601.17	94.9185
1603.1	94.901
1605.03	94.8651
1606.96	94.8314
1608.89	94.7826
1610.82	94.6867
1612.75	94.6434
1614.68	94.7148
1616.61	94.6623
1618.53	94.3352
1620.46	94.0595
1622.39	93.8878
1624.32	93.6326
1626.25	93.2664
1628.18	92.7816
1630.11	92.2109
1632.04	91.8067
1633.97	91.6426
1635.9	91.417
1637.83	91.0872
1639.76	91.176
1641.68	91.76
1643.61	92.6394
1645.54	93.631
1647.47	94.2402
1649.4	94.305
1651.33	94.4553
1653.26	94.8374
1655.19	94.6225
1657.12	94.1249
1659.05	93.9201
1660.98	93.9498
1662.9	93.8524
1664.83	93.5617
1666.76	93.4471
1668.69	93.5666
1670.62	93.5071
1672.55	93.1962
1674.48	92.8858
1676.41	92.4705
1678.34	92.0188
1680.27	91.7653
1682.2	91.6315
1684.12	91.3606
1686.05	90.8184
1687.98	90.1225
1689.91	89.4118
1691.84	88.6873
1693.77	87.7335
1695.7	86.5509
1697.63	85.2523
1699.56	83.3004
1701.49	80.7295
1703.42	78.2592
1705.35	75.4279
1707.27	71.8591
1709.2	68.2846
1711.13	65.0528
1713.06	61.9839
1714.99	59.2572
1716.92	56.708
1718.85	54.1907
1720.78	52.6453
1722.71	52.1103
1724.64	52.0287
1726.57	52.3237
1728.49	53.0048
1730.42	53.8076
1732.35	54.5211
1734.28	54.824
1736.21	54.676
1738.14	54.4926
1740.07	54.2476
1742	53.8924
1743.93	53.9062
1745.86	54.5115
1747.79	55.6802
1749.72	57.601
1751.64	59.8793
1753.57	62.1002
1755.5	64.7475
1757.43	68.002
1759.36	71.4187
1761.29	74.9294
1763.22	78.43
1765.15	81.3561
1767.08	83.7917
1769.01	86.1784
1770.94	88.3779
1772.86	90.0726
1774.79	91.2969
1776.72	92.1209
1778.65	92.7438
1780.58	93.3656
1782.51	93.833
1784.44	94.0895
1786.37	94.3665
1788.3	94.7046
1790.23	95.0447
1792.16	95.3317
1794.08	95.3791
1796.01	95.3219
1797.94	95.4064
1799.87	95.5346
1801.8	95.5828
1803.73	95.639
1805.66	95.6917
1807.59	95.7407
1809.52	95.8776
1811.45	95.9755
1813.38	95.9131
1815.31	95.8805
1817.23	95.9824
1819.16	96.1036
1821.09	96.1943
1823.02	96.2843
1824.95	96.3772
1826.88	96.4742
1828.81	96.5335
1830.74	96.5151
1832.67	96.4879
1834.6	96.5191
1836.53	96.59
1838.45	96.6293
1840.38	96.6301
1842.31	96.7324
1844.24	96.9751
1846.17	97.0745
1848.1	96.9644
1850.03	96.9007
1851.96	96.9529
1853.89	96.993
1855.82	96.976
1857.75	96.9745
1859.68	96.9936
1861.6	96.9494
1863.53	96.9134
1865.46	97.1179
1867.39	97.5451
1869.32	97.7822
1871.25	97.6566
1873.18	97.4438
1875.11	97.2979
1877.04	97.3021
1878.97	97.4923
1880.9	97.6936
1882.82	97.7633
1884.75	97.7777
1886.68	97.7973
1888.61	97.7925
1890.54	97.7777
1892.47	97.7527
1894.4	97.7146
1896.33	97.7679
1898.26	97.9312
1900.19	98.015
1902.12	97.9482
1904.05	97.9111
1905.97	98.0145
1907.9	98.1613
1909.83	98.2618
1911.76	98.3046
1913.69	98.3154
1915.62	98.367
1917.55	98.472
1919.48	98.5222
1921.41	98.5077
1923.34	98.5101
1925.27	98.5005
1927.19	98.4546
1929.12	98.4577
1931.05	98.5537
1932.98	98.6692
1934.91	98.663
1936.84	98.5117
1938.77	98.4792
1940.7	98.7452
1942.63	98.9954
1944.56	98.9513
1946.49	98.9092
1948.41	99.0828
1950.34	99.2839
1952.27	99.3895
1954.2	99.448
1956.13	99.4992
1958.06	99.6091
1959.99	99.7345
1961.92	99.6776
1963.85	99.512
1965.78	99.5345
1967.71	99.6783
1969.64	99.6894
1971.56	99.7192
1973.49	99.8863
1975.42	99.8847
1977.35	99.7361
1979.28	99.91
1981.21	100.266
1983.14	100.248
1985.07	100.007
1987	99.9814
1988.93	99.9716
1990.86	99.734
1992.78	99.6409
1994.71	99.9169
1996.64	100.152
1998.57	100.082
2000.5	100.004
2002.43	100.149
2004.36	100.253
2006.29	100.151
2008.22	100.122
2010.15	100.196
2012.08	100.059
2014.01	99.8513
2015.93	100.01
2017.86	100.444
2019.79	100.741
2021.72	100.766
2023.65	100.567
2025.58	100.298
2027.51	100.177
2029.44	100.159
2031.37	100.122
2033.3	100.225
2035.23	100.513
2037.15	100.654
2039.08	100.528
2041.01	100.385
2042.94	100.296
2044.87	100.142
2046.8	99.99
2048.73	99.9734
2050.66	100.05
2052.59	100.156
2054.52	100.28
2056.45	100.332
2058.37	100.202
2060.3	99.9238
2062.23	99.6578
2064.16	99.5117
2066.09	99.46
2068.02	99.5099
2069.95	99.7478
2071.88	100.022
2073.81	99.9908
2075.74	99.6989
2077.67	99.522
2079.6	99.5075
2081.52	99.4564
2083.45	99.4086
2085.38	99.444
2087.31	99.4028
2089.24	99.2066
2091.17	99.0426
2093.1	99.0531
2095.03	99.1628
2096.96	99.2258
2098.89	99.1638
2100.82	99.0336
2102.74	98.9903
2104.67	99.0993
2106.6	99.258
2108.53	99.3416
2110.46	99.2782
2112.39	99.0567
2114.32	98.8404
2116.25	98.8436
2118.18	98.9881
2120.11	99.0505
2122.04	99.0706
2123.97	99.1541
2125.89	99.1939
2127.82	99.1815
2129.75	99.2513
2131.68	99.2835
2133.61	99.1681
2135.54	99.2502
2137.47	99.7482
2139.4	100.219
2141.33	100.234
2143.26	99.9839
2145.19	99.8546
2147.11	99.9417
2149.04	100.109
2150.97	100.221
2152.9	100.305
2154.83	100.49
2156.76	100.73
2158.69	100.792
2160.62	100.611
2162.55	100.399
2164.48	100.306
2166.41	100.235
2168.33	100.081
2170.26	99.9504
2172.19	99.9533
2174.12	99.9817
2176.05	99.9569
2177.98	100.006
2179.91	100.151
2181.84	100.236
2183.77	100.248
2185.7	100.228
2187.63	100.073
2189.56	99.8442
2191.48	99.8426
2193.41	100.112
2195.34	100.348
2197.27	100.37
2199.2	100.323
2201.13	100.369
2203.06	100.421
2204.99	100.306
2206.92	100.098
2208.85	99.9836
2210.78	99.9582
2212.7	99.9306
2214.63	99.8612
2216.56	99.6893
2218.49	99.5009
2220.42	99.5832
2222.35	99.9102
2224.28	100.016
2226.21	99.7197
2228.14	99.4067
2230.07	99.3878
2232	99.5353
2233.93	99.6714
2235.85	99.8607
2237.78	100.108
2239.71	100.124
2241.64	99.7655
2243.57	99.4168
2245.5	99.4598
2247.43	99.6886
2249.36	99.7335
2251.29	99.6601
2253.22	99.6807
2255.15	99.7402
2257.07	99.746
2259	99.7404
2260.93	99.71
2262.86	99.6385
2264.79	99.6217
2266.72	99.6408
2268.65	99.5466
2270.58	99.3685
2272.51	99.2395
2274.44	99.157
2276.37	99.1386
2278.29	99.2613
2280.22	99.3896
2282.15	99.3124
2284.08	99.1122
2286.01	98.9867
2287.94	98.9195
2289.87	98.8302
2291.8	98.7822
2293.73	98.841
2295.66	98.9358
2297.59	98.9865
2299.52	99.0313
2301.44	99.124
2303.37	99.209
2305.3	99.2639
2307.23	99.4526
2309.16	99.8829
2311.09	100.365
2313.02	100.692
2314.95	100.887
2316.88	101.029
2318.81	101.288
2320.74	101.898
2322.66	102.612
2324.59	102.907
2326.52	102.959
2328.45	103.252
2330.38	103.702
2332.31	103.966
2334.24	104.099
2336.17	104.213
2338.1	104.321
2340.03	104.645
2341.96	105.122
2343.89	104.89
2345.81	103.585
2347.74	102.373
2349.67	102.114
2351.6	102.999
2353.53	104.748
2355.46	106.208
2357.39	106.872
2359.32	107.356
2361.25	107.434
2363.18	106.771
2365.11	105.996
2367.03	105.37
2368.96	104.385
2370.89	103.08
2372.82	101.961
2374.75	100.93
2376.68	99.7489
2378.61	98.7672
2380.54	98.2913
2382.47	98.0729
2384.4	97.8382
2386.33	97.6499
2388.26	97.59
2390.18	97.5544
2392.11	97.4346
2394.04	97.2527
2395.97	97.1307
2397.9	97.1699
2399.83	97.283
2401.76	97.301
2403.69	97.2782
2405.62	97.3607
2407.55	97.4375
2409.48	97.3483
2411.4	97.2446
2413.33	97.3347
2415.26	97.524
2417.19	97.6032
2419.12	97.5569
2421.05	97.5139
2422.98	97.552
2424.91	97.6307
2426.84	97.6734
2428.77	97.6815
2430.7	97.6994
2432.62	97.7309
2434.55	97.7983
2436.48	97.9245
2438.41	97.9868
2440.34	97.8804
2442.27	97.7876
2444.2	97.9045
2446.13	98.0783
2448.06	98.1107
2449.99	98.1222
2451.92	98.258
2453.85	98.3835
2455.77	98.336
2457.7	98.1676
2459.63	98.0127
2461.56	97.9618
2463.49	98.0367
2465.42	98.1075
2467.35	98.009
2469.28	97.836
2471.21	97.8213
2473.14	97.9292
2475.07	97.9636
2476.99	97.9522
2478.92	98.0178
2480.85	98.095
2482.78	98.1124
2484.71	98.1638
2486.64	98.2832
2488.57	98.337
2490.5	98.2455
2492.43	98.1223
2494.36	98.1265
2496.29	98.2082
2498.22	98.1328
2500.14	97.8959
2502.07	97.8373
2504	98.0805
2505.93	98.2738
2507.86	98.1781
2509.79	98.0046
2511.72	97.9606
2513.65	97.9726
2515.58	97.9398
2517.51	97.8827
2519.44	97.8598
2521.36	97.9027
2523.29	97.9743
2525.22	98.0104
2527.15	98.0089
2529.08	97.9834
2531.01	97.9209
2532.94	97.855
2534.87	97.8413
2536.8	97.8941
2538.73	98.0169
2540.66	98.1483
2542.58	98.1419
2544.51	97.9761
2546.44	97.7916
2548.37	97.6592
2550.3	97.5774
2552.23	97.5825
2554.16	97.6269
2556.09	97.6092
2558.02	97.6023
2559.95	97.7085
2561.88	97.8121
2563.81	97.805
2565.73	97.7658
2567.66	97.7229
2569.59	97.6287
2571.52	97.5533
2573.45	97.5473
2575.38	97.5409
2577.31	97.5587
2579.24	97.6499
2581.17	97.6754
2583.1	97.5695
2585.03	97.4947
2586.95	97.5006
2588.88	97.5057
2590.81	97.5473
2592.74	97.5981
2594.67	97.4986
2596.6	97.338
2598.53	97.3627
2600.46	97.504
2602.39	97.5186
2604.32	97.407
2606.25	97.3243
2608.18	97.3112
2610.1	97.2936
2612.03	97.2072
2613.96	97.0816
2615.89	96.9927
2617.82	96.9583
2619.75	96.9619
2621.68	96.9935
2623.61	97.0039
2625.54	96.9535
2627.47	96.8941
2629.4	96.8846
2631.32	96.9165
2633.25	96.9491
2635.18	96.9223
2637.11	96.8072
2639.04	96.69
2640.97	96.6703
2642.9	96.7139
2644.83	96.7299
2646.76	96.7023
2648.69	96.663
2650.62	96.6192
2652.54	96.5405
2654.47	96.4036
2656.4	96.272
2658.33	96.2633
2660.26	96.3675
2662.19	96.4187
2664.12	96.3342
2666.05	96.2318
2667.98	96.2174
2669.91	96.2314
2671.84	96.2049
2673.77	96.1764
2675.69	96.1704
2677.62	96.1441
2679.55	96.0863
2681.48	96.0275
2683.41	95.9888
2685.34	95.9915
2687.27	96.0451
2689.2	96.1229
2691.13	96.1852
2693.06	96.181
2694.99	96.0963
2696.91	96.0289
2698.84	96.0458
2700.77	96.0412
2702.7	95.9538
2704.63	95.8996
2706.56	95.9138
2708.49	95.8973
2710.42	95.8585
2712.35	95.8686
2714.28	95.8863
2716.21	95.8617
2718.14	95.8178
2720.06	95.767
2721.99	95.7202
2723.92	95.6959
2725.85	95.6679
2727.78	95.6344
2729.71	95.6352
2731.64	95.6321
2733.57	95.5838
2735.5	95.5713
2737.43	95.6195
2739.36	95.6059
2741.28	95.514
2743.21	95.4808
2745.14	95.524
2747.07	95.5214
2749	95.4481
2750.93	95.403
2752.86	95.4478
2754.79	95.5395
2756.72	95.5912
2758.65	95.57
2760.58	95.5181
2762.51	95.4691
2764.43	95.4219
2766.36	95.3909
2768.29	95.3761
2770.22	95.3443
2772.15	95.3102
2774.08	95.3054
2776.01	95.2835
2777.94	95.2179
2779.87	95.1785
2781.8	95.1727
2783.73	95.1068
2785.65	94.9806
2787.58	94.9092
2789.51	94.9452
2791.44	95.0403
2793.37	95.1321
2795.3	95.177
2797.23	95.1659
2799.16	95.1357
2801.09	95.1082
2803.02	95.0501
2804.95	94.9476
2806.87	94.8444
2808.8	94.7501
2810.73	94.6381
2812.66	94.5519
2814.59	94.5279
2816.52	94.4724
2818.45	94.3278
2820.38	94.1828
2822.31	94.0594
2824.24	93.8941
2826.17	93.7348
2828.1	93.601
2830.02	93.3478
2831.95	92.9682
2833.88	92.6616
2835.81	92.464
2837.74	92.2512
2839.67	92.0515
2841.6	91.9583
2843.53	91.9171
2845.46	91.8321
2847.39	91.6482
2849.32	91.3104
2851.24	90.8743
2853.17	90.4864
2855.1	90.1065
2857.03	89.5648
2858.96	88.9085
2860.89	88.3184
2862.82	87.7818
2864.75	87.2191
2866.68	86.7275
2868.61	86.3888
2870.54	86.119
2872.47	85.9043
2874.39	85.858
2876.32	86.0002
2878.25	86.2769
2880.18	86.6842
2882.11	87.156
2884.04	87.5436
2885.97	87.8003
2887.9	87.9518
2889.83	87.959
2891.76	87.8402
2893.69	87.7371
2895.61	87.7049
2897.54	87.6786
2899.47	87.6511
2901.4	87.6272
2903.33	87.5268
2905.26	87.3519
2907.19	87.2283
2909.12	87.1749
2911.05	87.0819
2912.98	86.9081
2914.91	86.6812
2916.83	86.3845
2918.76	86.0001
2920.69	85.5848
2922.62	85.202
2924.55	84.8021
2926.48	84.2981
2928.41	83.7957
2930.34	83.5097
2932.27	83.4314
2934.2	83.4402
2936.13	83.6162
2938.06	83.9894
2939.98	84.2903
2941.91	84.3917
2943.84	84.5167
2945.77	84.7137
2947.7	84.6936
2949.63	84.2917
2951.56	83.6121
2953.49	82.8111
2955.42	82.0937
2957.35	81.6966
2959.28	81.6702
2961.2	81.9111
2963.13	82.4248
2965.06	83.301
2966.99	84.4739
2968.92	85.7038
2970.85	86.7958
2972.78	87.7332
2974.71	88.5518
2976.64	89.1925
2978.57	89.631
2980.5	90.0081
2982.43	90.4131
2984.35	90.7426
2986.28	90.9399
2988.21	91.1143
2990.14	91.3521
2992.07	91.625
2994	91.8317
2995.93	91.8981
2997.86	91.9664
2999.79	92.2596
3001.72	92.6883
3003.65	92.9858
3005.57	93.1489
3007.5	93.3256
3009.43	93.4991
3011.36	93.6037
3013.29	93.6877
3015.22	93.8464
3017.15	94.1144
3019.08	94.3957
3021.01	94.5662
3022.94	94.6548
3024.87	94.7321
3026.79	94.7888
3028.72	94.8825
3030.65	95.0584
3032.58	95.1857
3034.51	95.2479
3036.44	95.4307
3038.37	95.6609
3040.3	95.6692
3042.23	95.5399
3044.16	95.5092
3046.09	95.5248
3048.02	95.5566
3049.94	95.752
3051.87	95.9899
3053.8	96.0015
3055.73	95.8742
3057.66	95.7666
3059.59	95.5689
3061.52	95.3469
3063.45	95.4061
3065.38	95.6866
3067.31	95.8289
3069.24	95.747
3071.16	95.5955
3073.09	95.5363
3075.02	95.7061
3076.95	96.0042
3078.88	96.1186
3080.81	95.985
3082.74	95.8397
3084.67	95.8662
3086.6	96.0616
3088.53	96.223
3090.46	96.1389
3092.39	95.9538
3094.31	95.9057
3096.24	95.8626
3098.17	95.7001
3100.1	95.6369
3102.03	95.7414
3103.96	95.7868
3105.89	95.6966
3107.82	95.5865
3109.75	95.5577
3111.68	95.6515
3113.61	95.7493
3115.53	95.6923
3117.46	95.603
3119.39	95.6998
3121.32	95.9244
3123.25	96.056
3125.18	95.951
3127.11	95.6438
3129.04	95.3904
3130.97	95.3954
3132.9	95.5237
3134.83	95.5794
3136.75	95.6218
3138.68	95.732
3140.61	95.8349
3142.54	95.8544
3144.47	95.7537
3146.4	95.5294
3148.33	95.3064
3150.26	95.2298
3152.19	95.2931
3154.12	95.4442
3156.05	95.6598
3157.98	95.8114
3159.9	95.7538
3161.83	95.5697
3163.76	95.4296
3165.69	95.3298
3167.62	95.2393
3169.55	95.2563
3171.48	95.3786
3173.41	95.432
3175.34	95.366
3177.27	95.2904
3179.2	95.2297
3181.12	95.1349
3183.05	95.0203
3184.98	94.917
3186.91	94.8474
3188.84	94.8489
3190.77	94.8961
3192.7	94.922
3194.63	94.9459
3196.56	95.0102
3198.49	95.0649
3200.42	95.0621
3202.35	95.0385
3204.27	95.034
3206.2	95.0312
3208.13	94.9935
3210.06	94.9173
3211.99	94.8047
3213.92	94.6015
3215.85	94.3349
3217.78	94.2588
3219.71	94.5171
3221.64	94.8036
3223.57	94.7845
3225.49	94.5728
3227.42	94.3956
3229.35	94.2857
3231.28	94.2661
3233.21	94.2986
3235.14	94.2443
3237.07	94.236
3239	94.4533
3240.93	94.5345
3242.86	94.1909
3244.79	93.9156
3246.72	94.0784
3248.64	94.2869
3250.57	94.2944
3252.5	94.3056
3254.43	94.2774
3256.36	94.0535
3258.29	93.8166
3260.22	93.7005
3262.15	93.6045
3264.08	93.535
3266.01	93.5654
3267.94	93.6781
3269.86	93.8433
3271.79	93.9443
3273.72	93.8412
3275.65	93.6641
3277.58	93.6036
3279.51	93.5651
3281.44	93.4574
3283.37	93.4133
3285.3	93.4699
3287.23	93.4895
3289.16	93.4471
3291.08	93.4174
3293.01	93.3792
3294.94	93.3099
3296.87	93.2903
3298.8	93.3138
3300.73	93.2326
3302.66	93.0594
3304.59	93.0034
3306.52	93.0755
3308.45	93.0541
3310.38	92.9165
3312.31	92.8756
3314.23	92.9627
3316.16	92.9877
3318.09	92.8901
3320.02	92.8048
3321.95	92.8093
3323.88	92.8357
3325.81	92.8311
3327.74	92.831
3329.67	92.8488
3331.6	92.8328
3333.53	92.7659
3335.45	92.7027
3337.38	92.6876
3339.31	92.6971
3341.24	92.691
3343.17	92.6925
3345.1	92.7472
3347.03	92.8056
3348.96	92.7866
3350.89	92.7237
3352.82	92.6755
3354.75	92.6403
3356.68	92.661
3358.6	92.7573
3360.53	92.801
3362.46	92.7443
3364.39	92.7388
3366.32	92.8056
3368.25	92.7866
3370.18	92.7208
3372.11	92.7837
3374.04	92.9177
3375.97	92.9518
3377.9	92.9181
3379.82	92.9615
3381.75	93.0987
3383.68	93.1879
3385.61	93.0987
3387.54	92.9045
3389.47	92.7879
3391.4	92.8167
3393.33	92.9836
3395.26	93.238
3397.19	93.3594
3399.12	93.1872
3401.04	92.9542
3402.97	92.9355
3404.9	93.0239
3406.83	93.0599
3408.76	93.1363
3410.69	93.2737
3412.62	93.3255
3414.55	93.3128
3416.48	93.3656
3418.41	93.4392
3420.34	93.4515
3422.27	93.485
3424.19	93.6217
3426.12	93.7813
3428.05	93.8129
3429.98	93.6657
3431.91	93.4929
3433.84	93.4755
3435.77	93.5494
3437.7	93.5704
3439.63	93.6371
3441.56	93.8869
3443.49	94.1797
3445.41	94.3274
3447.34	94.3386
3449.27	94.2106
3451.2	93.911
3453.13	93.6553
3455.06	93.7131
3456.99	93.9871
3458.92	94.2112
3460.85	94.3332
3462.78	94.3781
3464.71	94.3312
3466.64	94.2345
3468.56	94.1288
3470.49	94.0632
3472.42	94.1029
3474.35	94.138
3476.28	94.0833
3478.21	94.1963
3480.14	94.5821
3482.07	94.8363
3484	94.7325
3485.93	94.5472
3487.86	94.4774
3489.78	94.5317
3491.71	94.6458
3493.64	94.5999
3495.57	94.3705
3497.5	94.2806
3499.43	94.3824
3501.36	94.4743
3503.29	94.662
3505.22	94.9489
3507.15	94.9251
3509.08	94.5763
3511	94.3749
3512.93	94.4188
3514.86	94.4578
3516.79	94.4832
3518.72	94.5583
3520.65	94.6584
3522.58	94.8679
3524.51	95.1382
3526.44	95.1678
3528.37	94.9701
3530.3	94.8387
3532.23	94.7439
3534.15	94.5829
3536.08	94.5522
3538.01	94.6738
3539.94	94.7075
3541.87	94.7549
3543.8	94.9745
3545.73	95.0175
3547.66	94.758
3549.59	94.7319
3551.52	94.9833
3553.45	94.9551
3555.37	94.666
3557.3	94.6518
3559.23	94.9679
3561.16	95.2944
3563.09	95.488
3565.02	95.5931
3566.95	95.6553
3568.88	95.6848
3570.81	95.6166
3572.74	95.46
3574.67	95.3533
3576.6	95.3926
3578.52	95.5751
3580.45	95.8579
3582.38	96.0564
3584.31	96.0397
3586.24	95.97
3588.17	95.9737
3590.1	95.9236
3592.03	95.8796
3593.96	96.0058
3595.89	96.2278
3597.82	96.4455
3599.74	96.6815
3601.67	96.7719
3603.6	96.6321
3605.53	96.5505
3607.46	96.6738
3609.39	96.7447
3611.32	96.6631
3613.25	96.7346
3615.18	97.0309
3617.11	97.1848
3619.04	96.9692
3620.97	96.7137
3622.89	96.7502
3624.82	96.9103
3626.75	97.0427
3628.68	97.1651
3630.61	97.2231
3632.54	97.1858
3634.47	97.0465
3636.4	96.7082
3638.33	96.35
3640.26	96.3836
3642.19	96.7731
3644.11	97.0586
3646.04	97.1658
3647.97	97.3892
3649.9	97.498
3651.83	97.1985
3653.76	97.0166
3655.69	97.1617
3657.62	97.3021
3659.55	97.1708
3661.48	96.9864
3663.41	96.997
3665.33	97.1913
3667.26	97.3908
3669.19	97.4521
3671.12	97.5069
3673.05	97.8511
3674.98	98.2335
3676.91	97.9753
3678.84	97.3934
3680.77	97.1828
3682.7	97.1979
3684.63	97.1719
3686.56	97.3042
3688.48	97.8775
3690.41	98.3804
3692.34	98.1091
3694.27	97.4516
3696.2	96.9645
3698.13	96.8769
3700.06	97.1237
3701.99	97.4933
3703.92	97.7564
3705.85	97.8175
3707.78	97.7663
3709.7	97.7384
3711.63	97.6915
3713.56	97.4533
3715.49	97.2143
3717.42	97.2827
3719.35	97.633
3721.28	97.872
3723.21	97.8487
3725.14	97.9052
3727.07	98.0803
3729	98.0154
3730.93	97.8054
3732.85	97.9607
3734.78	98.493
3736.71	98.597
3738.64	98.2487
3740.57	98.083
3742.5	98.1622
3744.43	98.1932
3746.36	98.1318
3748.29	98.2269
3750.22	98.2617
3752.15	97.8461
3754.07	97.4539
3756	97.4789
3757.93	97.5993
3759.86	97.4697
3761.79	97.2482
3763.72	97.162
3765.65	97.1327
3767.58	97.1115
3769.51	97.1657
3771.44	97.2632
3773.37	97.3297
3775.29	97.3303
3777.22	97.192
3779.15	96.9473
3781.08	96.8208
3783.01	96.8379
3784.94	96.8338
3786.87	96.8067
3788.8	96.8501
3790.73	96.9842
3792.66	97.2289
3794.59	97.527
3796.52	97.6522
3798.44	97.5863
3800.37	97.5896
3802.3	97.6394
3804.23	97.5439
3806.16	97.4668
3808.09	97.4486
3810.02	97.2708
3811.95	97.0979
3813.88	97.2664
3815.81	97.6558
3817.74	97.7892
3819.66	97.7904
3821.59	97.9063
3823.52	97.8491
3825.45	97.5858
3827.38	97.4022
3829.31	97.3507
3831.24	97.3421
3833.17	97.3885
3835.1	97.4848
3837.03	97.5308
3838.96	97.5063
3840.89	97.4678
3842.81	97.3954
3844.74	97.2706
3846.67	97.1528
3848.6	97.113
3850.53	97.2186
3852.46	97.5345
3854.39	97.7582
3856.32	97.5336
3858.25	97.2541
3860.18	97.2288
3862.11	97.4088
3864.03	97.5266
3865.96	97.5008
3867.89	97.4571
3869.82	97.3841
3871.75	97.2651
3873.68	97.1843
3875.61	97.138
3877.54	97.126
3879.47	97.2123
3881.4	97.3047
3883.33	97.2285
3885.25	97.0707
3887.18	97.0268
3889.11	97.0875
3891.04	97.1394
3892.97	97.086
3894.9	96.9412
3896.83	96.924
3898.76	97.251
3900.69	97.7321
3902.62	97.7885
3904.55	97.357
3906.48	96.9226
3908.4	96.723
3910.33	96.6749
3912.26	96.6897
3914.19	96.723
3916.12	96.7704
3918.05	96.8536
3919.98	96.9432
3921.91	97.0111
3923.84	97.0898
3925.77	97.1706
3927.7	97.1762
3929.62	97.0707
3931.55	96.9093
3933.48	96.8135
3935.41	96.8158
3937.34	96.8158
3939.27	96.7816
3941.2	96.8114
3943.13	96.9287
3945.06	96.987
3946.99	96.9074
3948.92	96.7898
3950.85	96.7661
3952.77	96.8561
3954.7	96.9914
3956.63	97.1038
3958.56	97.1199
3960.49	96.982
3962.42	96.7895
3964.35	96.7658
3966.28	96.9323
3968.21	97.0676
3970.14	97.0463
3972.07	96.9417
3973.99	96.8215
3975.92	96.7278
3977.85	96.7349
3979.78	96.8111
3981.71	96.8167
3983.64	96.7301
3985.57	96.6656
3987.5	96.6633
3989.43	96.6714
3991.36	96.6808
3993.29	96.7172
3995.22	96.7591
3997.14	96.7468
