499.643	81.6585
501.572	79.6227
503.501	78.313
505.43	78.3052
507.36	78.4101
509.289	78.3172
511.218	78.3228
513.147	78.3495
515.076	78.5768
517.005	79.4355
518.934	80.2843
520.863	80.2552
522.792	80.0994
524.722	80.639
526.651	81.2506
528.58	81.4014
530.509	81.6534
532.438	82.1356
534.367	82.2977
536.296	82.1548
538.225	82.3225
540.155	82.967
542.084	83.583
544.013	83.7803
545.942	83.7778
547.871	83.9302
549.8	84.1976
551.729	84.3953
553.658	84.5409
555.588	84.7393
557.517	85.0265
559.446	85.364
561.375	85.6889
563.304	85.9792
565.233	86.1523
567.162	85.991
569.091	85.5243
571.021	85.2535
572.95	85.4849
574.879	85.86
576.808	86.0074
578.737	86.1321
580.666	86.4021
582.595	86.5467
584.524	86.4456
586.454	86.2918
588.383	86.1719
590.312	86.0944
592.241	86.0712
594.17	85.9726
596.099	85.7892
598.028	85.7613
599.957	85.8808
601.887	85.823
603.816	85.6018
605.745	85.6498
607.674	86.1245
609.603	86.6611
611.532	86.9356
613.461	87.0438
615.39	87.1247
617.32	87.1222
619.249	87.0978
621.178	87.1994
623.107	87.3294
625.036	87.3425
626.965	87.298
628.894	87.2635
630.823	87.2283
632.753	87.2047
634.682	87.1372
636.611	86.9602
638.54	86.8049
640.469	86.7634
642.398	86.67
644.327	86.4609
646.256	86.2987
648.186	86.1537
650.115	85.8792
652.044	85.6566
653.973	85.7009
655.902	85.8263
657.831	85.8433
659.76	85.9197
661.689	86.1744
663.619	86.5185
665.548	87.0981
667.477	88.1461
669.406	88.8405
671.335	88.7555
673.264	88.8214
675.193	89.1516
677.122	89.3571
679.052	89.4718
680.981	89.734
682.91	89.9046
684.839	89.7747
686.768	89.5972
688.697	89.541
690.626	89.5076
692.555	89.4636
694.485	89.4359
696.414	89.3776
698.343	89.3053
700.272	89.2936
702.201	89.3121
704.13	89.2752
706.059	89.146
707.988	88.967
709.917	88.8616
711.847	88.8683
713.776	88.8617
715.705	88.8145
717.634	88.8517
719.563	88.9509
721.492	88.9537
723.421	88.8314
725.35	88.6199
727.28	88.2941
729.209	87.8828
731.138	87.4658
733.067	87.0301
734.996	86.5022
736.925	85.9157
738.854	85.3859
740.783	84.8521
742.713	84.1028
744.642	83.2281
746.571	82.6659
748.5	82.6696
750.429	83.1391
752.358	83.9002
754.287	84.7595
756.216	85.49
758.146	86.0002
760.075	86.3296
762.004	86.4821
763.933	86.4443
765.862	86.2525
767.791	85.9163
769.72	85.3623
771.649	84.4785
773.579	83.1574
775.508	81.2697
777.437	78.6098
779.366	75.0241
781.295	70.7722
783.224	66.686
785.153	63.806
787.082	62.8558
789.012	64.0575
790.941	67.2099
792.87	71.6695
794.799	76.3668
796.728	80.2115
798.657	82.657
800.586	83.8676
802.515	84.3095
804.445	84.2519
806.374	83.7308
808.303	82.7982
810.232	81.6163
812.161	80.4617
814.09	79.7312
816.019	79.7249
817.948	80.3599
819.878	81.2756
821.807	82.181
823.736	82.9244
825.665	83.3756
827.594	83.5031
829.523	83.4356
831.452	83.2538
833.381	82.8746
835.311	82.2316
837.24	81.3452
839.169	80.179
841.098	78.6921
843.027	77.0557
844.956	75.5926
846.885	74.4996
848.814	73.753
850.744	73.201
852.673	72.6642
854.602	72.0372
856.531	71.3519
858.46	70.7101
860.389	70.195
862.318	69.8959
864.247	69.9207
866.177	70.2879
868.106	70.8809
870.035	71.5477
871.964	72.172
873.893	72.6731
875.822	73.0242
877.751	73.247
879.68	73.3717
881.609	73.4496
883.539	73.5742
885.468	73.8196
887.397	74.1586
889.326	74.4776
891.255	74.6811
893.184	74.7595
895.113	74.7569
897.042	74.7379
898.972	74.8021
900.901	75.0599
902.83	75.576
904.759	76.3696
906.688	77.4293
908.617	78.665
910.546	79.8764
912.475	80.8269
914.405	81.3545
916.334	81.4114
918.263	81.0354
920.192	80.3215
922.121	79.3898
924.05	78.3183
925.979	77.1322
927.908	75.8603
929.838	74.5244
931.767	73.1074
933.696	71.6281
935.625	70.1962
937.554	68.9303
939.483	67.9037
941.412	67.1713
943.341	66.7346
945.271	66.4994
947.2	66.3719
949.129	66.3835
951.058	66.6669
952.987	67.3042
954.916	68.1998
956.845	69.1314
958.774	69.9433
960.704	70.6356
962.633	71.2741
964.562	71.9349
966.491	72.7105
968.42	73.6299
970.349	74.5864
972.278	75.4245
974.207	76.0573
976.137	76.4638
978.066	76.6337
979.995	76.5519
981.924	76.2127
983.853	75.6335
985.782	74.8649
987.711	74.0186
989.64	73.2901
991.57	72.8721
993.499	72.7604
995.428	72.6841
997.357	72.3165
999.286	71.5328
1001.22	70.4178
1003.14	69.1047
1005.07	67.7014
1007	66.3377
1008.93	65.1801
1010.86	64.3117
1012.79	63.5778
1014.72	62.6552
1016.65	61.3315
1018.58	59.6366
1020.51	57.724
1022.44	55.7771
1024.36	54.0291
1026.29	52.7706
1028.22	52.2462
1030.15	52.4378
1032.08	52.9995
1034.01	53.5656
1035.94	54.0593
1037.87	54.6028
1039.8	55.2947
1041.73	56.1868
1043.66	57.3324
1045.58	58.781
1047.51	60.5415
1049.44	62.5072
1051.37	64.4163
1053.3	65.9544
1055.23	66.9511
1057.16	67.5058
1059.09	67.8698
1061.02	68.1543
1062.95	68.2262
1064.88	67.9242
1066.81	67.2915
1068.73	66.6131
1070.66	66.2839
1072.59	66.5541
1074.52	67.3428
1076.45	68.3569
1078.38	69.3636
1080.31	70.2695
1082.24	71.0142
1084.17	71.5141
1086.1	71.6958
1088.03	71.5342
1089.95	71.0609
1091.88	70.3433
1093.81	69.4525
1095.74	68.4569
1097.67	67.4274
1099.6	66.4168
1101.53	65.4225
1103.46	64.3842
1105.39	63.242
1107.32	62.0081
1109.25	60.7658
1111.18	59.6021
1113.1	58.567
1115.03	57.6731
1116.96	56.8813
1118.89	56.092
1120.82	55.2011
1122.75	54.1805
1124.68	53.0789
1126.61	51.9385
1128.54	50.7644
1130.47	49.5802
1132.4	48.4337
1134.32	47.3538
1136.25	46.365
1138.18	45.5059
1140.11	44.7923
1142.04	44.224
1143.97	43.826
1145.9	43.6236
1147.83	43.6145
1149.76	43.7842
1151.69	44.1087
1153.62	44.5586
1155.55	45.1098
1157.47	45.7313
1159.4	46.403
1161.33	47.1448
1163.26	47.9788
1165.19	48.9053
1167.12	49.9446
1169.05	51.1305
1170.98	52.4638
1172.91	53.9187
1174.84	55.4535
1176.77	57.0068
1178.69	58.5353
1180.62	60.0335
1182.55	61.4873
1184.48	62.8541
1186.41	64.0928
1188.34	65.1814
1190.27	66.1309
1192.2	66.9977
1194.13	67.8447
1196.06	68.6808
1197.99	69.4485
1199.91	70.047
1201.84	70.375
1203.77	70.3881
1205.7	70.0939
1207.63	69.4795
1209.56	68.4951
1211.49	67.1277
1213.42	65.4364
1215.35	63.4858
1217.28	61.2995
1219.21	58.9243
1221.14	56.4676
1223.06	54.024
1224.99	51.6361
1226.92	49.3408
1228.85	47.1907
1230.78	45.2424
1232.71	43.5669
1234.64	42.232
1236.57	41.2501
1238.5	40.5783
1240.43	40.1293
1242.36	39.7594
1244.28	39.3478
1246.21	38.8819
1248.14	38.3787
1250.07	37.8366
1252	37.3188
1253.93	36.934
1255.86	36.7612
1257.79	36.8937
1259.72	37.4122
1261.65	38.2997
1263.58	39.5212
1265.51	41.0634
1267.43	42.8291
1269.36	44.6874
1271.29	46.587
1273.22	48.4886
1275.15	50.3315
1277.08	52.108
1279.01	53.8375
1280.94	55.5215
1282.87	57.1712
1284.8	58.7923
1286.73	60.3655
1288.65	61.8912
1290.58	63.386
1292.51	64.8234
1294.44	66.1654
1296.37	67.457
1298.3	68.8251
1300.23	70.3787
1302.16	72.1529
1304.09	74.1274
1306.02	76.2059
1307.95	78.1882
1309.87	79.8676
1311.8	81.1156
1313.73	81.84
1315.66	82.0181
1317.59	81.7823
1319.52	81.4034
1321.45	81.1983
1323.38	81.3849
1325.31	82.0007
1327.24	82.8803
1329.17	83.7272
1331.1	84.3177
1333.02	84.5977
1334.95	84.659
1336.88	84.6656
1338.81	84.7844
1340.74	85.0963
1342.67	85.5293
1344.6	86.0008
1346.53	86.4799
1348.46	86.8395
1350.39	86.8674
1352.32	86.4912
1354.24	85.8003
1356.17	85.0222
1358.1	84.4744
1360.03	84.1994
1361.96	83.8502
1363.89	83.1951
1365.82	82.3726
1367.75	81.3774
1369.68	80.2117
1371.61	79.1628
1373.54	78.3383
1375.47	77.596
1377.39	76.9816
1379.32	76.6164
1381.25	76.5206
1383.18	76.7182
1385.11	77.297
1387.04	78.2993
1388.97	79.3429
1390.9	80.0234
1392.83	80.4103
1394.76	80.5215
1396.69	80.2019
1398.61	79.5448
1400.54	78.9277
1402.47	78.6147
1404.4	78.6167
1406.33	78.8911
1408.26	79.4149
1410.19	80.2241
1412.12	81.2849
1414.05	82.3291
1415.98	83.3026
1417.91	84.4116
1419.83	85.4392
1421.76	85.9658
1423.69	86.0743
1425.62	85.9721
1427.55	85.7102
1429.48	85.0237
1431.41	83.8353
1433.34	82.5973
1435.27	81.3362
1437.2	79.7136
1439.13	78.1362
1441.06	76.9612
1442.98	76.0154
1444.91	75.3144
1446.84	74.8769
1448.77	74.5338
1450.7	74.3585
1452.63	74.578
1454.56	75.2701
1456.49	76.4949
1458.42	77.7123
1460.35	78.4487
1462.28	79.278
1464.2	80.513
1466.13	81.7925
1468.06	82.7637
1469.99	83.7748
1471.92	84.9621
1473.85	85.759
1475.78	86.0596
1477.71	86.3999
1479.64	86.8362
1481.57	87.2648
1483.5	87.6901
1485.43	88.1868
1487.35	88.9276
1489.28	89.975
1491.21	90.8814
1493.14	91.5165
1495.07	92.2474
1497	93.0869
1498.93	93.6001
1500.86	93.8327
1502.79	94.1646
1504.72	94.7257
1506.65	95.3607
1508.57	95.4215
1510.5	95.1186
1512.43	94.9788
1514.36	95.1013
1516.29	95.4005
1518.22	95.7142
1520.15	95.9632
1522.08	96.0487
1524.01	95.9427
1525.94	95.7327
1527.87	95.5135
1529.8	95.4258
1531.72	95.5486
1533.65	95.7522
1535.58	95.8534
1537.51	96.0445
1539.44	96.5262
1541.37	96.7331
1543.3	96.2673
1545.23	95.8411
1547.16	95.6674
1549.09	95.6431
1551.02	95.6633
1552.94	95.7056
1554.87	95.8867
1556.8	96.3403
1558.73	96.6978
1560.66	96.2412
1562.59	95.6625
1564.52	95.3682
1566.45	95.3252
1568.38	95.3653
1570.31	95.2102
1572.24	95.0004
1574.16	95.0498
1576.09	95.2273
1578.02	95.0845
1579.95	94.7916
1581.88	94.6827
1583.81	94.7205
1585.74	94.7532
1587.67	94.7628
1589.6	94.8131
1591.53	94.9182
1593.46	95.0258
1595.39	95.0595
1597.31	94.9992
1599.24	94.9135
1601.17	94.8598
1603.1	94.8281
1605.03	94.8061
1606.96	94.8097
1608.89	94.7926
1610.82	94.6994
1612.75	94.6518
1614.68	94.7316
1616.61	94.6873
1618.53	94.3706
1620.46	94.127
1622.39	93.9799
1624.32	93.7012
1626.25	93.3033
1628.18	92.8295
1630.11	92.298
1632.04	91.9528
1633.97	91.8803
1635.9	91.7117
1637.83	91.319
1639.76	91.331
1641.68	91.8793
1643.61	92.7258
1645.54	93.6684
1647.47	94.2674
1649.4	94.3761
1651.33	94.5521
1653.26	94.882
1655.19	94.6156
1657.12	94.1464
1659.05	93.9771
1660.98	94.0067
1662.9	93.8966
1664.83	93.6306
1666.76	93.5499
1668.69	93.6613
1670.62	93.5673
1672.55	93.2596
1674.48	92.9756
1676.41	92.5731
1678.34	92.1308
1680.27	91.8962
1682.2	91.7668
1684.12	91.4681
1686.05	90.8985
1687.98	90.1626
1689.91	89.3886
1691.84	88.6455
1693.77	87.768
1695.7	86.693
1697.63	85.4331
1699.56	83.4768
1701.49	80.9201
1703.42	78.4533
1705.35	75.6107
1707.27	72.025
1709.2	68.415
1711.13	65.1535
1713.06	62.0996
1714.99	59.4096
1716.92	56.8479
1718.85	54.2777
1720.78	52.687
1722.71	52.0959
1724.64	51.9403
1726.57	52.1626
1728.49	52.7893
1730.42	53.578
1732.35	54.3416
1734.28	54.6978
1736.21	54.5209
1738.14	54.291
1740.07	54.0517
1742	53.7525
1743.93	53.8265
1745.86	54.4745
1747.79	55.6674
1749.72	57.5826
1751.64	59.8428
1753.57	62.0755
1755.5	64.7618
1757.43	68.0312
1759.36	71.4036
1761.29	74.8599
1763.22	78.3643
1765.15	81.3396
1767.08	83.8317
1769.01	86.2721
1770.94	88.4772
1772.86	90.0834
1774.79	91.2232
1776.72	92.051
1778.65	92.7207
1780.58	93.3671
1782.51	93.8209
1784.44	94.0551
1786.37	94.3208
1788.3	94.6368
1790.23	94.941
1792.16	95.251
1794.08	95.3893
1796.01	95.366
1797.94	95.4186
1799.87	95.5249
1801.8	95.5696
1803.73	95.6142
1805.66	95.6556
1807.59	95.6639
1809.52	95.7172
1811.45	95.7871
1813.38	95.7865
1815.31	95.7809
1817.23	95.8227
1819.16	95.9026
1821.09	96.0308
1823.02	96.1681
1824.95	96.2868
1826.88	96.4493
1828.81	96.6029
1830.74	96.5928
1832.67	96.4979
1834.6	96.5016
1836.53	96.5794
1838.45	96.6035
1840.38	96.589
1842.31	96.6794
1844.24	96.8708
1846.17	96.9444
1848.1	96.8893
1850.03	96.8654
1851.96	96.8993
1853.89	96.958
1855.82	97.0429
1857.75	97.1407
1859.68	97.1811
1861.6	97.0906
1863.53	96.9762
1865.46	97.0939
1867.39	97.4517
1869.32	97.677
1871.25	97.5995
1873.18	97.4388
1875.11	97.2952
1877.04	97.2276
1878.97	97.3203
1880.9	97.5017
1882.82	97.6503
1884.75	97.7186
1886.68	97.7021
1888.61	97.6838
1890.54	97.7276
1892.47	97.7086
1894.4	97.6162
1896.33	97.6808
1898.26	97.9245
1900.19	98.0953
1902.12	98.1351
1904.05	98.1739
1905.97	98.2331
1907.9	98.2705
1909.83	98.2817
1911.76	98.2653
1913.69	98.2906
1915.62	98.4114
1917.55	98.4545
1919.48	98.3115
1921.41	98.2774
1923.34	98.4683
1925.27	98.5377
1927.19	98.4205
1929.12	98.4765
1931.05	98.7025
1932.98	98.7198
1934.91	98.5344
1936.84	98.5508
1938.77	98.8914
1940.7	99.2069
1942.63	99.1633
1944.56	98.9382
1946.49	98.9074
1948.41	99.0488
1950.34	99.1934
1952.27	99.3542
1954.2	99.5215
1956.13	99.6023
1958.06	99.6585
1959.99	99.7705
1961.92	99.8096
1963.85	99.7114
1965.78	99.6629
1967.71	99.7404
1969.64	99.7693
1971.56	99.7737
1973.49	99.9453
1975.42	100.117
1977.35	100.067
1979.28	100.058
1981.21	100.217
1983.14	100.189
1985.07	99.9751
1987	99.9721
1988.93	100.097
1990.86	100.008
1992.78	99.8603
1994.71	99.9346
1996.64	100.067
1998.57	100.03
2000.5	99.9159
2002.43	99.907
2004.36	100.003
2006.29	100.132
2008.22	100.255
2010.15	100.265
2012.08	100.153
2014.01	100.148
2015.93	100.31
2017.86	100.444
2019.79	100.602
2021.72	100.877
2023.65	100.943
2025.58	100.654
2027.51	100.386
2029.44	100.329
2031.37	100.347
2033.3	100.432
2035.23	100.559
2037.15	100.557
2039.08	100.45
2041.01	100.35
2042.94	100.219
2044.87	100.114
2046.8	100.171
2048.73	100.253
2050.66	100.189
2052.59	100.147
2054.52	100.228
2056.45	100.181
2058.37	99.9011
2060.3	99.6806
2062.23	99.6715
2064.16	99.6526
2066.09	99.5104
2068.02	99.4612
2069.95	99.6566
2071.88	99.9099
2073.81	99.9247
2075.74	99.6799
2077.67	99.4296
2079.6	99.3185
2081.52	99.2541
2083.45	99.1882
2085.38	99.2064
2087.31	99.2894
2089.24	99.2937
2091.17	99.2038
2093.1	99.1474
2095.03	99.172
2096.96	99.2121
2098.89	99.1998
2100.82	99.0812
2102.74	98.9003
2104.67	98.8729
2106.6	99.0773
2108.53	99.2198
2110.46	99.0807
2112.39	98.8941
2114.32	98.9094
2116.25	99.0006
2118.18	99.0101
2120.11	99.0321
2122.04	99.1514
2123.97	99.2822
2125.89	99.3654
2127.82	99.4037
2129.75	99.3233
2131.68	99.107
2133.61	98.9782
2135.54	99.162
2137.47	99.58
2139.4	99.9764
2141.33	100.191
2143.26	100.22
2145.19	100.159
2147.11	100.108
2149.04	100.058
2150.97	99.9719
2152.9	99.9692
2154.83	100.192
2156.76	100.485
2158.69	100.543
2160.62	100.438
2162.55	100.514
2164.48	100.685
2166.41	100.547
2168.33	100.166
2170.26	99.9844
2172.19	100.029
2174.12	99.9641
2176.05	99.7773
2177.98	99.7433
2179.91	99.8976
2181.84	100.077
2183.77	100.228
2185.7	100.318
2187.63	100.253
2189.56	100.088
2191.48	100.018
2193.41	100.094
2195.34	100.188
2197.27	100.174
2199.2	100.06
2201.13	99.9685
2203.06	99.9884
2204.99	100.07
2206.92	100.073
2208.85	99.8881
2210.78	99.6161
2212.7	99.5202
2214.63	99.6122
2216.56	99.6043
2218.49	99.4874
2220.42	99.5885
2222.35	99.9185
2224.28	100.072
2226.21	99.8516
2228.14	99.5597
2230.07	99.5546
2232	99.7107
2233.93	99.6347
2235.85	99.4302
2237.78	99.5219
2239.71	99.748
2241.64	99.6807
2243.57	99.5659
2245.5	99.7788
2247.43	99.9867
2249.36	99.837
2251.29	99.5874
2253.22	99.423
2255.15	99.1906
2257.07	99.0125
2259	99.1645
2260.93	99.5005
2262.86	99.7089
2264.79	99.7169
2266.72	99.5308
2268.65	99.2412
2270.58	99.1219
2272.51	99.2262
2274.44	99.2678
2276.37	99.1373
2278.29	98.9972
2280.22	98.923
2282.15	98.9203
2284.08	99.0121
2286.01	99.0837
2287.94	99.0116
2289.87	98.9174
2291.8	98.9701
2293.73	99.1128
2295.66	99.1987
2297.59	99.2161
2299.52	99.2657
2301.44	99.3883
2303.37	99.4832
2305.3	99.5101
2307.23	99.6794
2309.16	100.167
2311.09	100.783
2313.02	101.262
2314.95	101.606
2316.88	101.879
2318.81	102.152
2320.74	102.596
2322.66	103.169
2324.59	103.595
2326.52	103.903
2328.45	104.268
2330.38	104.612
2332.31	104.917
2334.24	105.356
2336.17	105.804
2338.1	105.985
2340.03	105.999
2341.96	105.96
2343.89	105.371
2345.81	104.067
2347.74	103.027
2349.67	102.963
2351.6	104.095
2353.53	106.15
2355.46	107.865
2357.39	108.596
2359.32	108.98
2361.25	109.162
2363.18	108.92
2365.11	108.235
2367.03	107.091
2368.96	105.597
2370.89	104.055
2372.82	102.695
2374.75	101.461
2376.68	100.273
2378.61	99.2845
2380.54	98.6037
2382.47	98.1289
2384.4	97.7785
2386.33	97.5678
2388.26	97.4636
2390.18	97.408
2392.11	97.3846
2394.04	97.3298
2395.97	97.1988
2397.9	97.1083
2399.83	97.1415
2401.76	97.1944
2403.69	97.2321
2405.62	97.3674
2407.55	97.5457
2409.48	97.5482
2411.4	97.3908
2413.33	97.3248
2415.26	97.4014
2417.19	97.4375
2419.12	97.4391
2421.05	97.5892
2422.98	97.8033
2424.91	97.8209
2426.84	97.6735
2428.77	97.5779
2430.7	97.5789
2432.62	97.6336
2434.55	97.7274
2436.48	97.7912
2438.41	97.8159
2440.34	97.9024
2442.27	98.0234
2444.2	98.0565
2446.13	98.0288
2448.06	98.009
2449.99	97.9822
2451.92	98.0067
2453.85	98.1356
2455.77	98.1964
2457.7	98.0396
2459.63	97.8527
2461.56	97.88
2463.49	98.0381
2465.42	98.0893
2467.35	98.0022
2469.28	97.8927
2471.21	97.811
2473.14	97.7906
2475.07	97.8762
2476.99	97.9902
2478.92	98.023
2480.85	98.0208
2482.78	98.0578
2484.71	98.0967
2486.64	98.0964
2488.57	98.062
2490.5	98.0037
2492.43	97.9575
2494.36	97.9687
2496.29	98.0543
2498.22	98.1701
2500.14	98.1957
2502.07	98.1245
2504	98.1385
2505.93	98.2331
2507.86	98.1549
2509.79	97.9115
2511.72	97.769
2513.65	97.7811
2515.58	97.8353
2517.51	97.8926
2519.44	97.9148
2521.36	97.899
2523.29	97.9243
2525.22	97.9595
2527.15	97.9096
2529.08	97.8346
2531.01	97.8139
2532.94	97.803
2534.87	97.8198
2536.8	97.9723
2538.73	98.1863
2540.66	98.196
2542.58	97.9406
2544.51	97.7014
2546.44	97.6648
2548.37	97.6885
2550.3	97.6656
2552.23	97.6757
2554.16	97.6861
2556.09	97.6052
2558.02	97.5575
2559.95	97.6561
2561.88	97.7569
2563.81	97.7518
2565.73	97.711
2567.66	97.6198
2569.59	97.4392
2571.52	97.3387
2573.45	97.4304
2575.38	97.552
2577.31	97.6119
2579.24	97.6995
2581.17	97.7503
2583.1	97.6234
2585.03	97.4151
2586.95	97.2927
2588.88	97.2766
2590.81	97.3413
2592.74	97.4357
2594.67	97.4709
2596.6	97.4595
2598.53	97.4751
2600.46	97.4783
2602.39	97.3876
2604.32	97.242
2606.25	97.1684
2608.18	97.2125
2610.1	97.2639
2612.03	97.2321
2613.96	97.1946
2615.89	97.1985
2617.82	97.1488
2619.75	97.0423
2621.68	96.9824
2623.61	96.9501
2625.54	96.8892
2627.47	96.8632
2629.4	96.8966
2631.32	96.9043
2633.25	96.8499
2635.18	96.765
2637.11	96.6837
2639.04	96.6643
2640.97	96.727
2642.9	96.783
2644.83	96.7522
2646.76	96.663
2648.69	96.5763
2650.62	96.5104
2652.54	96.4408
2654.47	96.3399
2656.4	96.2504
2658.33	96.2499
2660.26	96.3039
2662.19	96.298
2664.12	96.2308
2666.05	96.202
2667.98	96.2253
2669.91	96.2211
2671.84	96.1686
2673.77	96.1243
2675.69	96.1012
2677.62	96.0516
2679.55	95.9793
2681.48	95.9494
2683.41	95.9807
2685.34	96.0433
2687.27	96.1237
2689.2	96.1883
2691.13	96.1713
2693.06	96.0706
2694.99	95.9569
2696.91	95.8932
2698.84	95.8966
2700.77	95.9238
2702.7	95.9089
2704.63	95.8575
2706.56	95.8245
2708.49	95.8214
2710.42	95.8363
2712.35	95.8579
2714.28	95.8539
2716.21	95.8217
2718.14	95.7999
2720.06	95.7919
2721.99	95.7905
2723.92	95.8123
2725.85	95.8185
2727.78	95.7552
2729.71	95.6685
2731.64	95.6118
2733.57	95.5618
2735.5	95.529
2737.43	95.5397
2739.36	95.5213
2741.28	95.4371
2743.21	95.4027
2745.14	95.4748
2747.07	95.5378
2749	95.5132
2750.93	95.4554
2752.86	95.4191
2754.79	95.4195
2756.72	95.4745
2758.65	95.5597
2760.58	95.5897
2762.51	95.5088
2764.43	95.364
2766.36	95.2708
2768.29	95.2949
2770.22	95.3782
2772.15	95.4168
2774.08	95.3694
2776.01	95.2586
2777.94	95.14
2779.87	95.0669
2781.8	95.0285
2783.73	94.9905
2785.65	94.9839
2787.58	95.0287
2789.51	95.0558
2791.44	95.0288
2793.37	94.9991
2795.3	94.9945
2797.23	95.008
2799.16	95.0441
2801.09	95.0711
2803.02	95.047
2804.95	94.9851
2806.87	94.881
2808.8	94.7262
2810.73	94.6263
2812.66	94.6451
2814.59	94.6205
2816.52	94.4387
2818.45	94.2712
2820.38	94.2378
2822.31	94.1644
2824.24	93.9405
2826.17	93.716
2828.1	93.5449
2830.02	93.2926
2831.95	92.9851
2833.88	92.7738
2835.81	92.6027
2837.74	92.3572
2839.67	92.142
2841.6	92.0534
2843.53	91.9729
2845.46	91.785
2847.39	91.5029
2849.32	91.1551
2851.24	90.773
2853.17	90.3863
2855.1	89.9455
2857.03	89.3808
2858.96	88.7197
2860.89	88.0733
2862.82	87.5425
2864.75	87.1329
2866.68	86.7721
2868.61	86.4327
2870.54	86.1537
2872.47	85.9605
2874.39	85.886
2876.32	86.0096
2878.25	86.3515
2880.18	86.7791
2882.11	87.1309
2884.04	87.4072
2885.97	87.6957
2887.9	87.9273
2889.83	87.9491
2891.76	87.8
2893.69	87.6277
2895.61	87.4853
2897.54	87.4345
2899.47	87.5334
2901.4	87.6202
2903.33	87.5019
2905.26	87.2884
2907.19	87.1762
2909.12	87.1205
2911.05	86.9848
2912.98	86.7642
2914.91	86.5255
2916.83	86.2986
2918.76	86.0524
2920.69	85.7201
2922.62	85.2791
2924.55	84.7659
2926.48	84.2185
2928.41	83.7098
2930.34	83.3689
2932.27	83.2561
2934.2	83.3394
2936.13	83.6129
2938.06	84.0249
2939.98	84.3678
2941.91	84.5095
2943.84	84.5646
2945.77	84.6127
2947.7	84.5186
2949.63	84.157
2951.56	83.5532
2953.49	82.8135
2955.42	82.126
2957.35	81.708
2959.28	81.6381
2961.2	81.901
2963.13	82.5493
2965.06	83.5819
2966.99	84.783
2968.92	85.9116
2970.85	86.9102
2972.78	87.7917
2974.71	88.5257
2976.64	89.1103
2978.57	89.6029
2980.5	90.0836
2982.43	90.5994
2984.35	91.0387
2986.28	91.2063
2988.21	91.1711
2990.14	91.2484
2992.07	91.5226
2994	91.7412
2995.93	91.7478
2997.86	91.7326
2999.79	91.9666
3001.72	92.4523
3003.65	92.9504
3005.57	93.2907
3007.5	93.4911
3009.43	93.6011
3011.36	93.6472
3013.29	93.6999
3015.22	93.8509
3017.15	94.144
3019.08	94.5213
3021.01	94.8218
3022.94	94.935
3024.87	94.9335
3026.79	94.9521
3028.72	95.0118
3030.65	95.0372
3032.58	95.0116
3034.51	95.0494
3036.44	95.2321
3038.37	95.4488
3040.3	95.554
3042.23	95.5584
3044.16	95.5028
3046.09	95.3749
3048.02	95.2779
3049.94	95.3861
3051.87	95.6285
3053.8	95.7044
3055.73	95.5225
3057.66	95.3682
3059.59	95.4808
3061.52	95.7091
3063.45	95.7907
3065.38	95.7498
3067.31	95.7793
3069.24	95.8709
3071.16	95.8646
3073.09	95.8118
3075.02	95.9049
3076.95	96.0356
3078.88	95.9194
3080.81	95.6723
3082.74	95.6798
3084.67	95.9328
3086.6	96.0697
3088.53	95.9597
3090.46	95.8096
3092.39	95.7841
3094.31	95.8124
3096.24	95.7754
3098.17	95.6917
3100.1	95.603
3102.03	95.5129
3103.96	95.5493
3105.89	95.7901
3107.82	95.9825
3109.75	95.941
3111.68	95.8961
3113.61	95.9822
3115.53	95.9716
3117.46	95.8096
3119.39	95.733
3121.32	95.8179
3123.25	95.915
3125.18	95.8787
3127.11	95.7125
3129.04	95.596
3130.97	95.6046
3132.9	95.5557
3134.83	95.4441
3136.75	95.5176
3138.68	95.6836
3140.61	95.6442
3142.54	95.5502
3144.47	95.6743
3146.4	95.8152
3148.33	95.731
3150.26	95.5667
3152.19	95.4805
3154.12	95.471
3156.05	95.5586
3157.98	95.6779
3159.9	95.6618
3161.83	95.5352
3163.76	95.4573
3165.69	95.4478
3167.62	95.4675
3169.55	95.5098
3171.48	95.4996
3173.41	95.4027
3175.34	95.3174
3177.27	95.256
3179.2	95.1513
3181.12	95.0931
3183.05	95.1638
3184.98	95.2281
3186.91	95.1891
3188.84	95.1266
3190.77	95.0646
3192.7	94.9767
3194.63	94.9301
3196.56	94.9552
3198.49	94.9956
3200.42	95.0495
3202.35	95.1038
3204.27	95.0642
3206.2	94.9448
3208.13	94.8838
3210.06	94.9006
3211.99	94.8643
3213.92	94.6909
3215.85	94.4534
3217.78	94.3314
3219.71	94.4044
3221.64	94.511
3223.57	94.4937
3225.49	94.4402
3227.42	94.4556
3229.35	94.5112
3231.28	94.5916
3233.21	94.6054
3235.14	94.4089
3237.07	94.2034
3239	94.27
3240.93	94.36
3242.86	94.2036
3244.79	94.0564
3246.72	94.0072
3248.64	93.8086
3250.57	93.6398
3252.5	93.8047
3254.43	94.0271
3256.36	94.0136
3258.29	93.9432
3260.22	93.9455
3262.15	93.9405
3264.08	93.8848
3266.01	93.7409
3267.94	93.6063
3269.86	93.702
3271.79	93.8889
3273.72	93.8401
3275.65	93.7017
3277.58	93.7281
3279.51	93.6671
3281.44	93.3384
3283.37	93.122
3285.3	93.2565
3287.23	93.4195
3289.16	93.3459
3291.08	93.1767
3293.01	93.0954
3294.94	93.1425
3296.87	93.2689
3298.8	93.2902
3300.73	93.1097
3302.66	92.9758
3304.59	93.0788
3306.52	93.191
3308.45	93.0969
3310.38	92.9201
3312.31	92.8152
3314.23	92.8044
3316.16	92.8725
3318.09	92.9006
3320.02	92.785
3321.95	92.679
3323.88	92.7497
3325.81	92.8836
3327.74	92.9358
3329.67	92.9408
3331.6	92.9324
3333.53	92.8886
3335.45	92.8249
3337.38	92.7307
3339.31	92.5854
3341.24	92.4859
3343.17	92.5287
3345.1	92.6344
3347.03	92.6861
3348.96	92.7048
3350.89	92.7502
3352.82	92.8057
3354.75	92.8202
3356.68	92.778
3358.6	92.709
3360.53	92.6329
3362.46	92.5466
3364.39	92.4801
3366.32	92.4543
3368.25	92.4169
3370.18	92.3922
3372.11	92.5421
3374.04	92.8437
3375.97	92.9849
3377.9	92.8586
3379.82	92.7789
3381.75	92.9447
3383.68	93.1178
3385.61	93.04
3387.54	92.8191
3389.47	92.73
3391.4	92.8699
3393.33	93.0862
3395.26	93.177
3397.19	93.1428
3399.12	93.1126
3401.04	93.0802
3402.97	92.9664
3404.9	92.847
3406.83	92.8507
3408.76	92.9515
3410.69	93.0716
3412.62	93.2079
3414.55	93.309
3416.48	93.2729
3418.41	93.1815
3420.34	93.2705
3422.27	93.5536
3424.19	93.7747
3426.12	93.7914
3428.05	93.6447
3429.98	93.4137
3431.91	93.2668
3433.84	93.3374
3435.77	93.4992
3437.7	93.6342
3439.63	93.8365
3441.56	94.0279
3443.49	93.9823
3445.41	93.8852
3447.34	94.0577
3449.27	94.2378
3451.2	94.06
3453.13	93.8073
3455.06	93.8251
3456.99	93.9088
3458.92	93.8753
3460.85	93.9435
3462.78	94.185
3464.71	94.3997
3466.64	94.5215
3468.56	94.5482
3470.49	94.4291
3472.42	94.229
3474.35	94.0098
3476.28	93.7993
3478.21	93.8243
3480.14	94.2254
3482.07	94.6766
3484	94.8015
3485.93	94.6723
3487.86	94.5797
3489.78	94.702
3491.71	94.8984
3493.64	94.8485
3495.57	94.6123
3497.5	94.5787
3499.43	94.7463
3501.36	94.8362
3503.29	94.9161
3505.22	95.1047
3507.15	95.1037
3509.08	94.723
3511	94.3419
3512.93	94.382
3514.86	94.6979
3516.79	94.9056
3518.72	94.9203
3520.65	94.9395
3522.58	95.0747
3524.51	95.1625
3526.44	94.9957
3528.37	94.7542
3530.3	94.7952
3532.23	94.9702
3534.15	94.9048
3536.08	94.7463
3538.01	94.7636
3539.94	94.7255
3541.87	94.5064
3543.8	94.4045
3545.73	94.497
3547.66	94.6346
3549.59	94.9044
3551.52	95.2014
3553.45	95.1141
3555.37	94.6935
3557.3	94.3834
3559.23	94.3735
3561.16	94.679
3563.09	95.1611
3565.02	95.5165
3566.95	95.6179
3568.88	95.6297
3570.81	95.6105
3572.74	95.5548
3574.67	95.5708
3576.6	95.6375
3578.52	95.6667
3580.45	95.7365
3582.38	95.7887
3584.31	95.6104
3586.24	95.3577
3588.17	95.482
3590.1	95.8922
3592.03	96.1767
3593.96	96.2957
3595.89	96.3786
3597.82	96.5923
3599.74	96.9367
3601.67	97.088
3603.6	96.8815
3605.53	96.639
3607.46	96.6217
3609.39	96.6964
3611.32	96.66
3613.25	96.5964
3615.18	96.6813
3617.11	96.9454
3619.04	97.2616
3620.97	97.3856
3622.89	97.195
3624.82	96.892
3626.75	96.823
3628.68	97.1673
3630.61	97.3535
3632.54	97.0646
3634.47	96.764
3636.4	96.6666
3638.33	96.6641
3640.26	96.76
3642.19	97.0072
3644.11	97.2287
3646.04	97.3002
3647.97	97.3712
3649.9	97.4685
3651.83	97.3889
3653.76	97.2635
3655.69	97.2188
3657.62	97.1296
3659.55	96.9019
3661.48	96.6974
3663.41	96.7057
3665.33	96.951
3667.26	97.3024
3669.19	97.5817
3671.12	97.7746
3673.05	98.1663
3674.98	98.5623
3676.91	98.1639
3678.84	97.3613
3680.77	97.0644
3682.7	97.1015
3684.63	97.0793
3686.56	97.1916
3688.48	97.8191
3690.41	98.4279
3692.34	98.1671
3694.27	97.457
3696.2	96.9591
3698.13	96.8917
3700.06	97.0575
3701.99	97.2234
3703.92	97.422
3705.85	97.6902
3707.78	97.8945
3709.7	97.9583
3711.63	97.8992
3713.56	97.7466
3715.49	97.6361
3717.42	97.6974
3719.35	97.8285
3721.28	97.8081
3723.21	97.7204
3725.14	97.7851
3727.07	97.8693
3729	97.824
3730.93	97.8431
3732.85	98.0987
3734.78	98.4168
3736.71	98.4798
3738.64	98.3069
3740.57	98.0753
3742.5	97.9413
3744.43	98.0984
3746.36	98.3429
3748.29	98.2747
3750.22	97.9461
3752.15	97.6062
3754.07	97.4217
3756	97.3561
3757.93	97.3982
3759.86	97.5152
3761.79	97.5806
3763.72	97.4931
3765.65	97.2692
3767.58	97.1481
3769.51	97.2912
3771.44	97.3949
3773.37	97.2533
3775.29	97.1251
3777.22	97.1311
3779.15	97.0966
3781.08	96.9995
3783.01	96.957
3784.94	96.9094
3786.87	96.8557
3788.8	96.8743
3790.73	96.8971
3792.66	96.9577
3794.59	97.2261
3796.52	97.5382
3798.44	97.5884
3800.37	97.5156
3802.3	97.5006
3804.23	97.4257
3806.16	97.3502
3808.09	97.3428
3810.02	97.2408
3811.95	97.1295
3813.88	97.2667
3815.81	97.5839
3817.74	97.7486
3819.66	97.809
3821.59	97.8151
3823.52	97.5764
3825.45	97.2675
3827.38	97.1592
3829.31	97.2605
3831.24	97.4335
3833.17	97.5552
3835.1	97.5739
3837.03	97.5337
3838.96	97.4764
3840.89	97.3369
3842.81	97.1251
3844.74	96.9819
3846.67	97.0102
3848.6	97.1826
3850.53	97.4512
3852.46	97.7671
3854.39	97.813
3856.32	97.481
3858.25	97.2274
3860.18	97.2587
3862.11	97.4272
3864.03	97.4446
3865.96	97.3539
3867.89	97.3306
3869.82	97.2725
3871.75	97.1427
3873.68	97.0849
3875.61	97.0589
3877.54	97.0367
3879.47	97.1495
3881.4	97.328
3883.33	97.3059
3885.25	97.1259
3887.18	97.0355
3889.11	97.0637
3891.04	97.0987
3892.97	97.0609
3894.9	96.9703
3896.83	96.9965
3898.76	97.2865
3900.69	97.6572
3902.62	97.6719
3904.55	97.3247
3906.48	96.9905
3908.4	96.8426
3910.33	96.8016
3912.26	96.7766
3914.19	96.7674
3916.12	96.8309
3918.05	96.9459
3919.98	97.0063
3921.91	97.0051
3923.84	96.9946
3925.77	96.983
3927.7	96.9805
3929.62	96.9674
3931.55	96.8846
3933.48	96.7869
3935.41	96.7784
3937.34	96.8154
3939.27	96.855
3941.2	96.9327
3943.13	96.9796
3945.06	96.8855
3946.99	96.728
3948.92	96.6341
3950.85	96.6137
3952.77	96.6408
3954.7	96.7192
3956.63	96.8346
3958.56	96.9073
3960.49	96.833
3962.42	96.6582
3964.35	96.6069
3966.28	96.7656
3968.21	96.9521
3970.14	96.9895
3972.07	96.894
3973.99	96.7792
3975.92	96.7221
3977.85	96.7007
3979.78	96.6453
3981.71	96.5599
3983.64	96.4984
3985.57	96.4757
3987.5	96.5138
3989.43	96.6275
3991.36	96.7141
3993.29	96.6733
3995.22	96.5813
3997.14	96.5228
