499.643	80.6682
501.572	80.3409
503.501	80.156
505.43	80.2922
507.36	79.757
509.289	78.7788
511.218	78.4884
513.147	78.8011
515.076	79.0647
517.005	79.5436
518.934	80.2448
520.863	80.3795
522.792	80.2338
524.722	80.6822
526.651	81.3687
528.58	81.5858
530.509	81.7363
532.438	82.1599
534.367	82.4496
536.296	82.4647
538.225	82.635
540.155	83.1445
542.084	83.6475
544.013	83.8195
545.942	83.8171
547.871	83.99
549.8	84.2969
551.729	84.4286
553.658	84.379
555.588	84.425
557.517	84.687
559.446	85.0839
561.375	85.5631
563.304	86.0519
565.233	86.2947
567.162	86.0698
569.091	85.6159
571.021	85.4776
572.95	85.7396
574.879	85.9148
576.808	85.8161
578.737	85.8997
580.666	86.3036
582.595	86.527
584.524	86.3487
586.454	86.087
588.383	85.9641
590.312	85.9829
592.241	86.0735
594.17	86.0516
596.099	85.901
598.028	85.8622
599.957	85.9455
601.887	85.8865
603.816	85.6975
605.745	85.7021
607.674	86.052
609.603	86.5471
611.532	86.8902
613.461	87.0175
615.39	87.062
617.32	87.0761
619.249	87.0656
621.178	87.132
623.107	87.2836
625.036	87.3677
626.965	87.3048
628.894	87.18
630.823	87.1204
632.753	87.16
634.682	87.1489
636.611	86.9708
638.54	86.7996
640.469	86.7713
642.398	86.6952
644.327	86.4728
646.256	86.2861
648.186	86.1445
650.115	85.9014
652.044	85.6989
653.973	85.7305
655.902	85.8338
657.831	85.8373
659.76	85.908
661.689	86.193
663.619	86.6097
665.548	87.2461
667.477	88.2446
669.406	88.799
671.335	88.6821
673.264	88.8097
675.193	89.1931
677.122	89.379
679.052	89.4582
680.981	89.7405
682.91	89.9405
684.839	89.7976
686.768	89.606
688.697	89.5524
690.626	89.5013
692.555	89.4259
694.485	89.3915
696.414	89.3528
698.343	89.3038
700.272	89.2983
702.201	89.2988
704.13	89.253
706.059	89.1606
707.988	89.0314
709.917	88.9361
711.847	88.93
713.776	88.9145
715.705	88.8329
717.634	88.8082
719.563	88.8848
721.492	88.9245
723.421	88.8333
725.35	88.6183
727.28	88.293
729.209	87.9034
731.138	87.4972
733.067	87.0392
734.996	86.4794
736.925	85.8827
738.854	85.3683
740.783	84.8642
742.713	84.1366
744.642	83.2442
746.571	82.6379
748.5	82.6261
750.429	83.1119
752.358	83.8736
754.287	84.721
756.216	85.4673
758.146	86.0104
760.075	86.3474
762.004	86.478
763.933	86.4187
765.862	86.2223
767.791	85.8913
769.72	85.3475
771.649	84.4775
773.579	83.1543
775.508	81.2428
777.437	78.5781
779.366	75.0239
781.295	70.7934
783.224	66.7004
785.153	63.825
787.082	62.8953
789.012	64.0991
790.941	67.2376
792.87	71.6895
794.799	76.386
796.728	80.237
798.657	82.6973
800.586	83.9131
802.515	84.3367
804.445	84.2446
806.374	83.6919
808.303	82.7554
810.232	81.6013
812.161	80.4751
814.09	79.7556
816.019	79.7542
817.948	80.3877
819.878	81.2945
821.807	82.193
823.736	82.9159
825.665	83.332
827.594	83.4598
829.523	83.4324
831.452	83.2647
833.381	82.865
835.311	82.2212
837.24	81.3566
839.169	80.1992
841.098	78.7104
843.027	77.0782
844.956	75.6184
846.885	74.5171
848.814	73.7589
850.744	73.2073
852.673	72.6732
854.602	72.0244
856.531	71.3081
858.46	70.6749
860.389	70.2029
862.318	69.9251
864.247	69.9339
866.177	70.2893
868.106	70.8971
870.035	71.5804
871.964	72.2026
873.893	72.6996
875.822	73.0579
877.751	73.2782
879.68	73.3824
881.609	73.4497
883.539	73.5853
885.468	73.8389
887.397	74.1702
889.326	74.4758
891.255	74.6696
893.184	74.7482
895.113	74.7575
897.042	74.7458
898.972	74.7974
900.901	75.0396
902.83	75.5671
904.759	76.3956
906.688	77.4758
908.617	78.699
910.546	79.8897
912.475	80.8326
914.405	81.3538
916.334	81.3991
918.263	81.0227
920.192	80.3234
922.121	79.4018
924.05	78.3261
925.979	77.1322
927.908	75.8666
929.838	74.5586
931.767	73.1682
933.696	71.6803
935.625	70.2118
937.554	68.9269
939.483	67.9168
941.412	67.2065
943.341	66.77
945.271	66.5179
947.2	66.3757
949.129	66.3871
951.058	66.6803
952.987	67.3175
954.916	68.1991
956.845	69.1271
958.774	69.9525
960.704	70.647
962.633	71.2685
964.562	71.9218
966.491	72.709
968.42	73.6374
970.349	74.5914
972.278	75.4267
974.207	76.0602
976.137	76.4672
978.066	76.6393
979.995	76.5629
981.924	76.2276
983.853	75.6511
985.782	74.8903
987.711	74.055
989.64	73.3298
991.57	72.9019
993.499	72.7727
995.428	72.6859
997.357	72.3268
999.286	71.561
1001.22	70.4512
1003.14	69.1297
1005.07	67.7209
1007	66.3555
1008.93	65.1925
1010.86	64.3191
1012.79	63.587
1014.72	62.6669
1016.65	61.3377
1018.58	59.631
1020.51	57.71
1022.44	55.7605
1024.36	54.0111
1026.29	52.7586
1028.22	52.2533
1030.15	52.4595
1032.08	53.0145
1034.01	53.5658
1035.94	54.0565
1037.87	54.6051
1039.8	55.2919
1041.73	56.1644
1043.66	57.2998
1045.58	58.7654
1047.51	60.5461
1049.44	62.5077
1051.37	64.4065
1053.3	65.9532
1055.23	66.9628
1057.16	67.5149
1059.09	67.8718
1061.02	68.16
1062.95	68.2384
1064.88	67.9321
1066.81	67.2885
1068.73	66.6043
1070.66	66.2682
1072.59	66.5196
1074.52	67.294
1076.45	68.3229
1078.38	69.3631
1080.31	70.2897
1082.24	71.0321
1084.17	71.5174
1086.1	71.683
1088.03	71.5113
1089.95	71.0411
1091.88	70.3372
1093.81	69.4567
1095.74	68.4565
1097.67	67.413
1099.6	66.3921
1101.53	65.3956
1103.46	64.3578
1105.39	63.2121
1107.32	61.9732
1109.25	60.7353
1111.18	59.5852
1113.1	58.5568
1115.03	57.659
1116.96	56.8693
1118.89	56.0947
1120.82	55.2203
1122.75	54.209
1124.68	53.1023
1126.61	51.9419
1128.54	50.7487
1130.47	49.5587
1132.4	48.4151
1134.32	47.3394
1136.25	46.3522
1138.18	45.4898
1140.11	44.7766
1142.04	44.2171
1143.97	43.821
1145.9	43.6069
1147.83	43.5924
1149.76	43.7719
1151.69	44.1051
1153.62	44.5564
1155.55	45.113
1157.47	45.7457
1159.4	46.4266
1161.33	47.1756
1163.26	48.016
1165.19	48.9445
1167.12	49.9823
1169.05	51.1632
1170.98	52.4786
1172.91	53.9054
1174.84	55.4252
1176.77	56.989
1178.69	58.5356
1180.62	60.0368
1182.55	61.4786
1184.48	62.8378
1186.41	64.0893
1188.34	65.2004
1190.27	66.1553
1192.2	67.0064
1194.13	67.8364
1196.06	68.662
1197.99	69.4197
1199.91	70.0143
1201.84	70.3548
1203.77	70.3855
1205.7	70.0961
1207.63	69.4765
1209.56	68.4887
1211.49	67.1195
1213.42	65.4267
1215.35	63.4785
1217.28	61.2934
1219.21	58.9075
1221.14	56.4321
1223.06	53.9786
1224.99	51.5986
1226.92	49.3217
1228.85	47.186
1230.78	45.2405
1232.71	43.5604
1234.64	42.2216
1236.57	41.2418
1238.5	40.5789
1240.43	40.1398
1242.36	39.7725
1244.28	39.3544
1246.21	38.8808
1248.14	38.3744
1250.07	37.8288
1252	37.3085
1253.93	36.9353
1255.86	36.7848
1257.79	36.9241
1259.72	37.4322
1261.65	38.3186
1263.58	39.5456
1265.51	41.0715
1267.43	42.8091
1269.36	44.663
1271.29	46.5796
1273.22	48.4921
1275.15	50.3369
1277.08	52.1119
1279.01	53.8327
1280.94	55.5098
1282.87	57.1652
1284.8	58.7948
1286.73	60.3724
1288.65	61.9046
1290.58	63.4042
1292.51	64.8412
1294.44	66.185
1296.37	67.4746
1298.3	68.8309
1300.23	70.3841
1302.16	72.174
1304.09	74.1512
1306.02	76.2157
1307.95	78.194
1309.87	79.8798
1311.8	81.1283
1313.73	81.8489
1315.66	82.0213
1317.59	81.7751
1319.52	81.3933
1321.45	81.201
1323.38	81.3975
1325.31	82.0065
1327.24	82.878
1329.17	83.7306
1331.1	84.328
1333.02	84.6034
1334.95	84.659
1336.88	84.6655
1338.81	84.7773
1340.74	85.0768
1342.67	85.5091
1344.6	85.9875
1346.53	86.4692
1348.46	86.8283
1350.39	86.855
1352.32	86.4777
1354.24	85.7934
1356.17	85.0272
1358.1	84.4804
1360.03	84.195
1361.96	83.8413
1363.89	83.1901
1365.82	82.3657
1367.75	81.3659
1369.68	80.2048
1371.61	79.1662
1373.54	78.3467
1375.47	77.6022
1377.39	76.979
1379.32	76.6006
1381.25	76.503
1383.18	76.7174
1385.11	77.3094
1387.04	78.3029
1388.97	79.3362
1390.9	80.0219
1392.83	80.4105
1394.76	80.5102
1396.69	80.1867
1398.61	79.5372
1400.54	78.9175
1402.47	78.599
1404.4	78.6152
1406.33	78.91
1408.26	79.4293
1410.19	80.2214
1412.12	81.2809
1414.05	82.335
1415.98	83.3124
1417.91	84.4244
1419.83	85.4577
1421.76	85.9793
1423.69	86.0787
1425.62	85.9785
1427.55	85.7178
1429.48	85.0139
1431.41	83.8098
1433.34	82.5844
1435.27	81.3432
1437.2	79.7137
1439.13	78.1208
1441.06	76.9456
1442.98	75.9997
1444.91	75.2925
1446.84	74.8559
1448.77	74.5181
1450.7	74.3396
1452.63	74.5555
1454.56	75.2542
1456.49	76.4997
1458.42	77.738
1460.35	78.4736
1462.28	79.2919
1464.2	80.522
1466.13	81.7972
1468.06	82.7489
1469.99	83.7465
1471.92	84.9647
1473.85	85.8083
1475.78	86.0977
1477.71	86.4055
1479.64	86.8322
1481.57	87.2632
1483.5	87.6839
1485.43	88.1745
1487.35	88.9117
1489.28	89.9475
1491.21	90.8435
1493.14	91.4889
1495.07	92.2477
1497	93.1184
1498.93	93.6442
1500.86	93.8681
1502.79	94.1861
1504.72	94.741
1506.65	95.3888
1508.57	95.4634
1510.5	95.1555
1512.43	95.0045
1514.36	95.1158
1516.29	95.4114
1518.22	95.731
1520.15	95.9763
1522.08	96.0407
1524.01	95.9272
1525.94	95.7335
1527.87	95.5316
1529.8	95.448
1531.72	95.561
1533.65	95.7473
1535.58	95.8496
1537.51	96.0677
1539.44	96.5802
1541.37	96.7905
1543.3	96.3155
1545.23	95.8768
1547.16	95.6783
1549.09	95.637
1551.02	95.6601
1552.94	95.7016
1554.87	95.859
1556.8	96.2747
1558.73	96.6112
1560.66	96.1876
1562.59	95.6524
1564.52	95.3824
1566.45	95.3451
1568.38	95.3892
1570.31	95.2437
1572.24	95.0279
1574.16	95.0565
1576.09	95.2289
1578.02	95.101
1579.95	94.8046
1581.88	94.6742
1583.81	94.7002
1585.74	94.7407
1587.67	94.7577
1589.6	94.806
1591.53	94.9129
1593.46	95.0323
1595.39	95.074
1597.31	95.0107
1599.24	94.9231
1601.17	94.8744
1603.1	94.8427
1605.03	94.8145
1606.96	94.8226
1608.89	94.8208
1610.82	94.7288
1612.75	94.6623
1614.68	94.7239
1616.61	94.681
1618.53	94.3752
1620.46	94.1307
1622.39	93.9765
1624.32	93.6992
1626.25	93.3128
1628.18	92.8516
1630.11	92.3239
1632.04	91.9652
1633.97	91.866
1635.9	91.6871
1637.83	91.3152
1639.76	91.3348
1641.68	91.8688
1643.61	92.7034
1645.54	93.6571
1647.47	94.2765
1649.4	94.3848
1651.33	94.5472
1653.26	94.8669
1655.19	94.6031
1657.12	94.1365
1659.05	93.9627
1660.98	93.9824
1662.9	93.8685
1664.83	93.6055
1666.76	93.5164
1668.69	93.6041
1670.62	93.4984
1672.55	93.2038
1674.48	92.9382
1676.41	92.5516
1678.34	92.1178
1680.27	91.8796
1682.2	91.7336
1684.12	91.4151
1686.05	90.8535
1687.98	90.1521
1689.91	89.4093
1691.84	88.6654
1693.77	87.757
1695.7	86.6624
1697.63	85.4268
1699.56	83.503
1701.49	80.9447
1703.42	78.4696
1705.35	75.629
1707.27	72.0346
1709.2	68.4001
1711.13	65.1194
1713.06	62.054
1714.99	59.3464
1716.92	56.7791
1718.85	54.2371
1720.78	52.662
1722.71	52.0598
1724.64	51.9106
1726.57	52.1786
1728.49	52.8376
1730.42	53.6019
1732.35	54.3113
1734.28	54.6424
1736.21	54.4667
1738.14	54.2343
1740.07	53.9983
1742	53.7144
1743.93	53.8029
1745.86	54.4635
1747.79	55.6728
1749.72	57.5969
1751.64	59.8472
1753.57	62.0665
1755.5	64.7486
1757.43	68.0201
1759.36	71.3963
1761.29	74.8624
1763.22	78.3776
1765.15	81.3409
1767.08	83.7969
1769.01	86.2192
1770.94	88.4615
1772.86	90.1187
1774.79	91.2658
1776.72	92.0855
1778.65	92.7556
1780.58	93.3908
1782.51	93.8209
1784.44	94.0464
1786.37	94.3168
1788.3	94.6373
1790.23	94.9561
1792.16	95.2837
1794.08	95.4023
1796.01	95.3439
1797.94	95.3942
1799.87	95.518
1801.8	95.5497
1803.73	95.5634
1805.66	95.6052
1807.59	95.6418
1809.52	95.716
1811.45	95.7912
1813.38	95.8033
1815.31	95.8366
1817.23	95.9313
1819.16	96.0198
1821.09	96.0884
1823.02	96.1733
1824.95	96.3129
1826.88	96.5056
1828.81	96.6279
1830.74	96.5776
1832.67	96.4785
1834.6	96.4697
1836.53	96.5174
1838.45	96.5366
1840.38	96.5612
1842.31	96.725
1844.24	96.978
1846.17	97.0178
1848.1	96.8706
1850.03	96.7876
1851.96	96.8025
1853.89	96.8595
1855.82	96.9778
1857.75	97.1265
1859.68	97.1759
1861.6	97.0773
1863.53	96.9924
1865.46	97.1178
1867.39	97.3978
1869.32	97.5608
1871.25	97.5352
1873.18	97.4381
1875.11	97.2946
1877.04	97.2181
1878.97	97.3347
1880.9	97.5224
1882.82	97.6337
1884.75	97.6741
1886.68	97.6589
1888.61	97.6401
1890.54	97.7063
1892.47	97.7598
1894.4	97.7096
1896.33	97.7283
1898.26	97.9123
1900.19	98.0513
1902.12	98.0344
1904.05	98.0274
1905.97	98.1371
1907.9	98.2555
1909.83	98.2663
1911.76	98.2074
1913.69	98.217
1915.62	98.3198
1917.55	98.3495
1919.48	98.2691
1921.41	98.3355
1923.34	98.5396
1925.27	98.5232
1927.19	98.3327
1929.12	98.3834
1931.05	98.6539
1932.98	98.7626
1934.91	98.6753
1936.84	98.687
1938.77	98.9064
1940.7	99.1295
1942.63	99.1245
1944.56	98.9849
1946.49	98.959
1948.41	99.0158
1950.34	99.0718
1952.27	99.2377
1954.2	99.5047
1956.13	99.6712
1958.06	99.7173
1959.99	99.7522
1961.92	99.7384
1963.85	99.6778
1965.78	99.7142
1967.71	99.7998
1969.64	99.7411
1971.56	99.6765
1973.49	99.8365
1975.42	100.019
1977.35	100.035
1979.28	100.142
1981.21	100.328
1983.14	100.189
1985.07	99.8727
1987	99.8678
1988.93	100.023
1990.86	99.9577
1992.78	99.8531
1994.71	99.941
1996.64	100.028
1998.57	99.9875
2000.5	99.9649
2002.43	100.044
2004.36	100.156
2006.29	100.251
2008.22	100.296
2010.15	100.223
2012.08	100.103
2014.01	100.14
2015.93	100.307
2017.86	100.421
2019.79	100.553
2021.72	100.765
2023.65	100.779
2025.58	100.517
2027.51	100.288
2029.44	100.233
2031.37	100.288
2033.3	100.46
2035.23	100.611
2037.15	100.547
2039.08	100.397
2041.01	100.319
2042.94	100.208
2044.87	100.113
2046.8	100.228
2048.73	100.367
2050.66	100.247
2052.59	100.084
2054.52	100.127
2056.45	100.143
2058.37	99.9312
2060.3	99.7372
2062.23	99.7246
2064.16	99.6749
2066.09	99.493
2068.02	99.4432
2069.95	99.6817
2071.88	99.9632
2073.81	99.9581
2075.74	99.6909
2077.67	99.4564
2079.6	99.3538
2081.52	99.2344
2083.45	99.0945
2085.38	99.1162
2087.31	99.2836
2089.24	99.3599
2091.17	99.2704
2093.1	99.1827
2095.03	99.2137
2096.96	99.2915
2098.89	99.2558
2100.82	99.0311
2102.74	98.7992
2104.67	98.8589
2106.6	99.1652
2108.53	99.3349
2110.46	99.2216
2112.39	99.046
2114.32	98.9454
2116.25	98.8637
2118.18	98.7957
2120.11	98.8028
2122.04	98.8966
2123.97	99.0542
2125.89	99.2453
2127.82	99.3987
2129.75	99.4165
2131.68	99.2988
2133.61	99.2255
2135.54	99.3649
2137.47	99.6493
2139.4	99.9158
2141.33	100.109
2143.26	100.205
2145.19	100.195
2147.11	100.162
2149.04	100.116
2150.97	99.9754
2152.9	99.8743
2154.83	100.062
2156.76	100.408
2158.69	100.536
2160.62	100.467
2162.55	100.526
2164.48	100.671
2166.41	100.574
2168.33	100.238
2170.26	99.9771
2172.19	99.8872
2174.12	99.8222
2176.05	99.7633
2177.98	99.8184
2179.91	99.9844
2181.84	100.197
2183.77	100.41
2185.7	100.486
2187.63	100.329
2189.56	100.094
2191.48	100.009
2193.41	100.093
2195.34	100.219
2197.27	100.274
2199.2	100.237
2201.13	100.209
2203.06	100.256
2204.99	100.301
2206.92	100.238
2208.85	100.022
2210.78	99.7419
2212.7	99.6109
2214.63	99.6472
2216.56	99.5873
2218.49	99.4238
2220.42	99.5041
2222.35	99.8525
2224.28	100.031
2226.21	99.8402
2228.14	99.609
2230.07	99.6404
2232	99.7475
2233.93	99.6423
2235.85	99.5538
2237.78	99.8202
2239.71	100.116
2241.64	99.9855
2243.57	99.7433
2245.5	99.855
2247.43	100.062
2249.36	99.9444
2251.29	99.6252
2253.22	99.3606
2255.15	99.1771
2257.07	99.1288
2259	99.2859
2260.93	99.524
2262.86	99.6998
2264.79	99.7777
2266.72	99.6893
2268.65	99.458
2270.58	99.3127
2272.51	99.3195
2274.44	99.2638
2276.37	99.0858
2278.29	98.9492
2280.22	98.9056
2282.15	98.9352
2284.08	99.0681
2286.01	99.1885
2287.94	99.115
2289.87	98.9577
2291.8	98.9707
2293.73	99.1342
2295.66	99.2453
2297.59	99.2612
2299.52	99.2924
2301.44	99.3884
2303.37	99.4671
2305.3	99.4747
2307.23	99.5954
2309.16	100.08
2311.09	100.793
2313.02	101.32
2314.95	101.56
2316.88	101.734
2318.81	102.023
2320.74	102.521
2322.66	103.144
2324.59	103.643
2326.52	103.992
2328.45	104.342
2330.38	104.663
2332.31	104.916
2334.24	105.263
2336.17	105.698
2338.1	105.971
2340.03	106.029
2341.96	105.921
2343.89	105.247
2345.81	103.923
2347.74	102.915
2349.67	102.907
2351.6	104.114
2353.53	106.261
2355.46	108.038
2357.39	108.719
2359.32	108.961
2361.25	109.055
2363.18	108.857
2365.11	108.284
2367.03	107.207
2368.96	105.647
2370.89	103.989
2372.82	102.61
2374.75	101.429
2376.68	100.271
2378.61	99.2965
2380.54	98.6366
2382.47	98.1361
2384.4	97.7156
2386.33	97.4754
2388.26	97.4073
2390.18	97.394
2392.11	97.4014
2394.04	97.396
2395.97	97.2987
2397.9	97.1646
2399.83	97.1162
2401.76	97.148
2403.69	97.2289
2405.62	97.3874
2407.55	97.5411
2409.48	97.5161
2411.4	97.3442
2413.33	97.2726
2415.26	97.385
2417.19	97.486
2419.12	97.4815
2421.05	97.5344
2422.98	97.6919
2424.91	97.7662
2426.84	97.6894
2428.77	97.6021
2430.7	97.5925
2432.62	97.6402
2434.55	97.7122
2436.48	97.7762
2438.41	97.8351
2440.34	97.9223
2442.27	98.0055
2444.2	98.0269
2446.13	98.0105
2448.06	98.0022
2449.99	98.0034
2451.92	98.0399
2453.85	98.1412
2455.77	98.2118
2457.7	98.1137
2459.63	97.9293
2461.56	97.9063
2463.49	98.0663
2465.42	98.1689
2467.35	98.1239
2469.28	98.0463
2471.21	97.9543
2473.14	97.8374
2475.07	97.8257
2476.99	97.949
2478.92	98.0495
2480.85	98.0731
2482.78	98.0924
2484.71	98.1016
2486.64	98.0641
2488.57	98.0034
2490.5	97.9396
2492.43	97.8947
2494.36	97.939
2496.29	98.1033
2498.22	98.2672
2500.14	98.2652
2502.07	98.1442
2504	98.1008
2505.93	98.1109
2507.86	97.9796
2509.79	97.7477
2511.72	97.6303
2513.65	97.6752
2515.58	97.7811
2517.51	97.8652
2519.44	97.9129
2521.36	97.9728
2523.29	98.0352
2525.22	98.0147
2527.15	97.9473
2529.08	97.9288
2531.01	97.894
2532.94	97.7963
2534.87	97.7937
2536.8	97.9773
2538.73	98.1684
2540.66	98.1439
2542.58	97.9176
2544.51	97.7151
2546.44	97.6792
2548.37	97.728
2550.3	97.7562
2552.23	97.7644
2554.16	97.7535
2556.09	97.7245
2558.02	97.7332
2559.95	97.7873
2561.88	97.8273
2563.81	97.8384
2565.73	97.8026
2567.66	97.6423
2569.59	97.4096
2571.52	97.3282
2573.45	97.4595
2575.38	97.5987
2577.31	97.6427
2579.24	97.6953
2581.17	97.743
2583.1	97.6608
2585.03	97.4957
2586.95	97.3858
2588.88	97.3626
2590.81	97.4005
2592.74	97.4454
2594.67	97.4272
2596.6	97.3894
2598.53	97.4225
2600.46	97.462
2602.39	97.39
2604.32	97.2565
2606.25	97.2031
2608.18	97.2498
2610.1	97.2891
2612.03	97.2677
2613.96	97.2354
2615.89	97.1897
2617.82	97.0813
2619.75	96.979
2621.68	96.9738
2623.61	96.9985
2625.54	96.9726
2627.47	96.943
2629.4	96.9423
2631.32	96.9251
2633.25	96.8716
2635.18	96.7965
2637.11	96.7267
2639.04	96.7184
2640.97	96.7837
2642.9	96.8345
2644.83	96.794
2646.76	96.6966
2648.69	96.6262
2650.62	96.6026
2652.54	96.5511
2654.47	96.4137
2656.4	96.277
2658.33	96.262
2660.26	96.3145
2662.19	96.2927
2664.12	96.2102
2666.05	96.1812
2667.98	96.2089
2669.91	96.2176
2671.84	96.1993
2673.77	96.187
2675.69	96.1671
2677.62	96.1107
2679.55	96.0427
2681.48	96.0185
2683.41	96.0469
2685.34	96.0898
2687.27	96.1296
2689.2	96.1621
2691.13	96.1518
2693.06	96.075
2694.99	95.9729
2696.91	95.9082
2698.84	95.8972
2700.77	95.9016
2702.7	95.882
2704.63	95.8556
2706.56	95.859
2708.49	95.8792
2710.42	95.8845
2712.35	95.8712
2714.28	95.8427
2716.21	95.8045
2718.14	95.7683
2720.06	95.7396
2721.99	95.7447
2723.92	95.8071
2725.85	95.8558
2727.78	95.8015
2729.71	95.6898
2731.64	95.6118
2733.57	95.5662
2735.5	95.5403
2737.43	95.5468
2739.36	95.5347
2741.28	95.4602
2743.21	95.3913
2745.14	95.3933
2747.07	95.4311
2749	95.4533
2750.93	95.4474
2752.86	95.4219
2754.79	95.4172
2756.72	95.4772
2758.65	95.5745
2760.58	95.6129
2762.51	95.5242
2764.43	95.3608
2766.36	95.259
2768.29	95.2849
2770.22	95.3819
2772.15	95.4681
2774.08	95.482
2776.01	95.3888
2777.94	95.2355
2779.87	95.0973
2781.8	94.9763
2783.73	94.8869
2785.65	94.9045
2787.58	95.0008
2789.51	95.0469
2791.44	95.0206
2793.37	94.9902
2795.3	94.9766
2797.23	94.9929
2799.16	95.0485
2801.09	95.072
2803.02	95.0176
2804.95	94.9435
2806.87	94.8594
2808.8	94.7238
2810.73	94.6143
2812.66	94.6101
2814.59	94.5937
2816.52	94.4522
2818.45	94.2945
2820.38	94.2219
2822.31	94.13
2824.24	93.9406
2826.17	93.7446
2828.1	93.5597
2830.02	93.2796
2831.95	92.9551
2833.88	92.7525
2835.81	92.6225
2837.74	92.3952
2839.67	92.1214
2841.6	91.9601
2843.53	91.8799
2845.46	91.7388
2847.39	91.4863
2849.32	91.1564
2851.24	90.8073
2853.17	90.4628
2855.1	90.0481
2857.03	89.4749
2858.96	88.7817
2860.89	88.1069
2862.82	87.5625
2864.75	87.1621
2866.68	86.8334
2868.61	86.5055
2870.54	86.1719
2872.47	85.886
2874.39	85.765
2876.32	85.9357
2878.25	86.3634
2880.18	86.8273
2882.11	87.1669
2884.04	87.4257
2885.97	87.6741
2887.9	87.8505
2889.83	87.878
2891.76	87.7967
2893.69	87.6754
2895.61	87.5414
2897.54	87.4735
2899.47	87.543
2901.4	87.619
2903.33	87.5091
2905.26	87.296
2907.19	87.2087
2909.12	87.2165
2911.05	87.0983
2912.98	86.828
2914.91	86.5646
2916.83	86.3491
2918.76	86.0782
2920.69	85.7003
2922.62	85.259
2924.55	84.7895
2926.48	84.2858
2928.41	83.7909
2930.34	83.4447
2932.27	83.3384
2934.2	83.4073
2936.13	83.593
2938.06	83.9315
2939.98	84.3383
2941.91	84.5874
2943.84	84.6127
2945.77	84.5395
2947.7	84.4087
2949.63	84.1223
2951.56	83.6068
2953.49	82.8988
2955.42	82.1637
2957.35	81.6536
2959.28	81.5405
2961.2	81.8363
2963.13	82.5143
2965.06	83.5328
2966.99	84.7241
2968.92	85.8756
2970.85	86.9048
2972.78	87.8125
2974.71	88.5762
2976.64	89.1811
2978.57	89.6575
2980.5	90.0862
2982.43	90.5513
2984.35	90.978
2986.28	91.1791
2988.21	91.1981
2990.14	91.2966
2992.07	91.5345
2994	91.7244
2995.93	91.7678
2997.86	91.7907
2999.79	92.0038
3001.72	92.4722
3003.65	92.9959
3005.57	93.3369
3007.5	93.4933
3009.43	93.5879
3011.36	93.6704
3013.29	93.7425
3015.22	93.8335
3017.15	94.0176
3019.08	94.3294
3021.01	94.629
3022.94	94.7421
3024.87	94.7519
3026.79	94.8652
3028.72	95.0441
3030.65	95.0853
3032.58	94.9936
3034.51	94.9875
3036.44	95.1469
3038.37	95.3246
3040.3	95.4321
3042.23	95.5185
3044.16	95.5385
3046.09	95.4076
3048.02	95.2774
3049.94	95.3671
3051.87	95.5801
3053.8	95.6308
3055.73	95.4786
3057.66	95.3696
3059.59	95.4676
3061.52	95.6609
3063.45	95.7723
3065.38	95.7856
3067.31	95.7928
3069.24	95.8238
3071.16	95.8207
3073.09	95.7836
3075.02	95.8109
3076.95	95.8963
3078.88	95.8871
3080.81	95.7706
3082.74	95.7172
3084.67	95.779
3086.6	95.8441
3088.53	95.8233
3090.46	95.7179
3092.39	95.6412
3094.31	95.7178
3096.24	95.8525
3098.17	95.8341
3100.1	95.6566
3102.03	95.4885
3103.96	95.4883
3105.89	95.6871
3107.82	95.8998
3109.75	95.9491
3111.68	95.9272
3113.61	95.9273
3115.53	95.8458
3117.46	95.6842
3119.39	95.584
3121.32	95.59
3123.25	95.6728
3125.18	95.7103
3127.11	95.5709
3129.04	95.4693
3130.97	95.6443
3132.9	95.7867
3134.83	95.6332
3136.75	95.5394
3138.68	95.6697
3140.61	95.6844
3142.54	95.5657
3144.47	95.5997
3146.4	95.7019
3148.33	95.6899
3150.26	95.6645
3152.19	95.667
3154.12	95.6318
3156.05	95.6259
3157.98	95.6458
3159.9	95.5526
3161.83	95.3916
3163.76	95.3194
3165.69	95.325
3167.62	95.3477
3169.55	95.3924
3171.48	95.435
3173.41	95.464
3175.34	95.4864
3177.27	95.4086
3179.2	95.2056
3181.12	95.0735
3183.05	95.0942
3184.98	95.0868
3186.91	94.9946
3188.84	94.9678
3190.77	95.0196
3192.7	95.0416
3194.63	95.042
3196.56	95.0759
3198.49	95.1386
3200.42	95.2049
3202.35	95.1947
3204.27	95.0184
3206.2	94.7681
3208.13	94.6653
3210.06	94.7707
3211.99	94.8891
3213.92	94.7933
3215.85	94.5213
3217.78	94.3505
3219.71	94.3981
3221.64	94.4837
3223.57	94.5025
3225.49	94.5425
3227.42	94.578
3229.35	94.5545
3231.28	94.583
3233.21	94.5864
3235.14	94.3368
3237.07	94.0916
3239	94.2415
3240.93	94.4587
3242.86	94.3058
3244.79	94.0575
3246.72	93.9869
3248.64	93.8995
3250.57	93.8035
3252.5	93.8843
3254.43	93.9798
3256.36	93.9398
3258.29	93.9239
3260.22	93.9903
3262.15	94.0358
3264.08	93.9993
3266.01	93.8404
3267.94	93.6802
3269.86	93.7294
3271.79	93.8404
3273.72	93.7468
3275.65	93.6149
3277.58	93.6223
3279.51	93.5224
3281.44	93.2488
3283.37	93.1688
3285.3	93.3672
3287.23	93.4766
3289.16	93.3502
3291.08	93.2185
3293.01	93.2148
3294.94	93.267
3296.87	93.2997
3298.8	93.2258
3300.73	93.0318
3302.66	92.9393
3304.59	93.0826
3306.52	93.2109
3308.45	93.1008
3310.38	92.8985
3312.31	92.7966
3314.23	92.8115
3316.16	92.8991
3318.09	92.9361
3320.02	92.8241
3321.95	92.7296
3323.88	92.8293
3325.81	92.9725
3327.74	92.9738
3329.67	92.9114
3331.6	92.8922
3333.53	92.89
3335.45	92.8657
3337.38	92.7878
3339.31	92.6524
3341.24	92.565
3343.17	92.5934
3345.1	92.6237
3347.03	92.5873
3348.96	92.6198
3350.89	92.7877
3352.82	92.9323
3354.75	92.9214
3356.68	92.8289
3358.6	92.7755
3360.53	92.7432
3362.46	92.6507
3364.39	92.5142
3366.32	92.4181
3368.25	92.3926
3370.18	92.4444
3372.11	92.6164
3374.04	92.8582
3375.97	92.9753
3377.9	92.9044
3379.82	92.851
3381.75	92.9577
3383.68	93.0704
3385.61	93.0038
3387.54	92.8443
3389.47	92.8283
3391.4	93.0227
3393.33	93.2297
3395.26	93.2455
3397.19	93.1302
3399.12	93.0501
3401.04	93.0146
3402.97	92.9722
3404.9	92.9474
3406.83	92.9531
3408.76	92.9893
3410.69	93.1078
3412.62	93.2739
3414.55	93.3259
3416.48	93.2357
3418.41	93.2062
3420.34	93.3926
3422.27	93.6699
3424.19	93.8137
3426.12	93.7949
3428.05	93.6939
3429.98	93.527
3431.91	93.369
3433.84	93.3682
3435.77	93.5049
3437.7	93.6763
3439.63	93.9026
3441.56	94.09
3443.49	94.0422
3445.41	93.9339
3447.34	94.0704
3449.27	94.2232
3451.2	94.0545
3453.13	93.8105
3455.06	93.8237
3456.99	93.9635
3458.92	94.0255
3460.85	94.0523
3462.78	94.1121
3464.71	94.236
3466.64	94.4024
3468.56	94.449
3470.49	94.3351
3472.42	94.2183
3474.35	94.076
3476.28	93.8616
3478.21	93.8846
3480.14	94.3066
3482.07	94.7313
3484	94.8161
3485.93	94.699
3487.86	94.6214
3489.78	94.7318
3491.71	94.967
3493.64	95.013
3495.57	94.8156
3497.5	94.7359
3499.43	94.8789
3501.36	94.9888
3503.29	95.0356
3505.22	95.1325
3507.15	95.1054
3509.08	94.808
3511	94.5062
3512.93	94.4951
3514.86	94.6404
3516.79	94.6889
3518.72	94.6841
3520.65	94.8023
3522.58	95.0132
3524.51	95.1214
3526.44	95.0377
3528.37	94.9237
3530.3	94.9807
3532.23	95.0849
3534.15	94.9806
3536.08	94.7798
3538.01	94.7446
3539.94	94.7709
3541.87	94.686
3543.8	94.5892
3545.73	94.5791
3547.66	94.6948
3549.59	94.9743
3551.52	95.1659
3553.45	94.966
3555.37	94.6386
3557.3	94.5484
3559.23	94.6284
3561.16	94.8503
3563.09	95.2718
3565.02	95.6279
3566.95	95.656
3568.88	95.595
3570.81	95.6167
3572.74	95.577
3574.67	95.5131
3576.6	95.5324
3578.52	95.6367
3580.45	95.8465
3582.38	96.0166
3584.31	95.8918
3586.24	95.641
3588.17	95.7418
3590.1	96.0982
3592.03	96.2916
3593.96	96.281
3595.89	96.2282
3597.82	96.4131
3599.74	96.8744
3601.67	97.1464
3603.6	96.9728
3605.53	96.7665
3607.46	96.7676
3609.39	96.7176
3611.32	96.5952
3613.25	96.709
3615.18	97.0194
3617.11	97.2756
3619.04	97.435
3620.97	97.4464
3622.89	97.2164
3624.82	96.9767
3626.75	97.122
3628.68	97.618
3630.61	97.5919
3632.54	97.0419
3634.47	96.6998
3636.4	96.6644
3638.33	96.658
3640.26	96.6601
3642.19	96.8024
3644.11	97.0422
3646.04	97.3165
3647.97	97.5905
3649.9	97.5793
3651.83	97.2772
3653.76	97.1044
3655.69	97.1429
3657.62	97.1696
3659.55	96.9638
3661.48	96.6771
3663.41	96.6572
3665.33	97.0033
3667.26	97.4172
3669.19	97.5847
3671.12	97.657
3673.05	98.0897
3674.98	98.5746
3676.91	98.21
3678.84	97.4306
3680.77	97.1665
3682.7	97.2108
3684.63	97.1921
3686.56	97.3661
3688.48	98.0719
3690.41	98.6378
3692.34	98.2864
3694.27	97.5626
3696.2	97.0478
3698.13	96.8779
3700.06	96.9335
3701.99	97.125
3703.92	97.4654
3705.85	97.8201
3707.78	98.0126
3709.7	98.058
3711.63	98.0015
3713.56	97.7882
3715.49	97.596
3717.42	97.6415
3719.35	97.8113
3721.28	97.8513
3723.21	97.8671
3725.14	98.0508
3727.07	98.1587
3729	98.0336
3730.93	97.9795
3732.85	98.2317
3734.78	98.5417
3736.71	98.4964
3738.64	98.2415
3740.57	98.0513
3742.5	98.0104
3744.43	98.2033
3746.36	98.4452
3748.29	98.4402
3750.22	98.2103
3752.15	97.8981
3754.07	97.6685
3756	97.5539
3757.93	97.5485
3759.86	97.614
3761.79	97.6382
3763.72	97.538
3765.65	97.3345
3767.58	97.2309
3769.51	97.3376
3771.44	97.3664
3773.37	97.186
3775.29	97.0949
3777.22	97.1721
3779.15	97.1426
3781.08	96.9865
3783.01	96.9608
3784.94	97.0099
3786.87	96.9857
3788.8	96.9469
3790.73	96.9587
3792.66	97.0844
3794.59	97.3824
3796.52	97.6072
3798.44	97.528
3800.37	97.4335
3802.3	97.5404
3804.23	97.5635
3806.16	97.4688
3808.09	97.406
3810.02	97.2955
3811.95	97.1948
3813.88	97.3116
3815.81	97.5889
3817.74	97.764
3819.66	97.8995
3821.59	97.9946
3823.52	97.804
3825.45	97.4649
3827.38	97.2368
3829.31	97.2012
3831.24	97.3311
3833.17	97.4924
3835.1	97.5731
3837.03	97.6277
3838.96	97.6598
3840.89	97.5157
3842.81	97.2384
3844.74	97.0005
3846.67	96.8993
3848.6	96.975
3850.53	97.2359
3852.46	97.6011
3854.39	97.7354
3856.32	97.5511
3858.25	97.3971
3860.18	97.3928
3862.11	97.4463
3864.03	97.4449
3865.96	97.4729
3867.89	97.5478
3869.82	97.4524
3871.75	97.2035
3873.68	97.0898
3875.61	97.0894
3877.54	97.0852
3879.47	97.1755
3881.4	97.3501
3883.33	97.3663
3885.25	97.199
3887.18	97.0824
3889.11	97.1165
3891.04	97.1781
3892.97	97.0962
3894.9	96.9265
3896.83	96.9659
3898.76	97.363
3900.69	97.8032
3902.62	97.7837
3904.55	97.3801
3906.48	97.0102
3908.4	96.8497
3910.33	96.8239
3912.26	96.7999
3914.19	96.7493
3916.12	96.8043
3918.05	96.9931
3919.98	97.0983
3921.91	97.0555
3923.84	97.0261
3925.77	97.0618
3927.7	97.0659
3929.62	96.9942
3931.55	96.8951
3933.48	96.8406
3935.41	96.8319
3937.34	96.8248
3939.27	96.8455
3941.2	96.9203
3943.13	96.9575
3945.06	96.8855
3946.99	96.7709
3948.92	96.6868
3950.85	96.6688
3952.77	96.7186
3954.7	96.7799
3956.63	96.824
3958.56	96.8421
3960.49	96.7499
3962.42	96.5726
3964.35	96.5649
3966.28	96.8158
3968.21	97.058
3970.14	97.0526
3972.07	96.8677
3973.99	96.7208
3975.92	96.7068
3977.85	96.7193
3979.78	96.6662
3981.71	96.6308
3983.64	96.6472
3985.57	96.6037
3987.5	96.5336
3989.43	96.5878
3991.36	96.6956
3993.29	96.6791
3995.22	96.5729
3997.14	96.4903
