499.643	76.1342
501.572	76.4059
503.501	77.1561
505.43	77.9105
507.36	78.4277
509.289	78.6061
511.218	78.5565
513.147	78.2723
515.076	77.8912
517.005	78.0489
518.934	78.7048
520.863	78.9933
522.792	79.1352
524.722	79.8173
526.651	80.4548
528.58	80.4667
530.509	80.5809
532.438	81.1353
534.367	81.569
536.296	81.8002
538.225	82.2261
540.155	82.7578
542.084	83.0938
544.013	83.2259
545.942	83.2725
547.871	83.4553
549.8	83.9459
551.729	84.408
553.658	84.4336
555.588	84.3682
557.517	84.6887
559.446	85.042
561.375	85.0593
563.304	85.204
565.233	85.6158
567.162	85.5253
569.091	84.853
571.021	84.6685
572.95	85.2966
574.879	85.8555
576.808	85.8938
578.737	85.9257
580.666	86.1739
582.595	86.2377
584.524	85.9618
586.454	85.6154
588.383	85.4221
590.312	85.4537
592.241	85.6263
594.17	85.7006
596.099	85.6511
598.028	85.6931
599.957	85.7732
601.887	85.6117
603.816	85.3389
605.745	85.4364
607.674	85.9757
609.603	86.4515
611.532	86.5188
613.461	86.4276
615.39	86.4591
617.32	86.5149
619.249	86.5372
621.178	86.678
623.107	86.8898
625.036	86.998
626.965	87.0373
628.894	87.0824
630.823	87.0728
632.753	86.9977
634.682	86.9022
636.611	86.7793
638.54	86.6595
640.469	86.5692
642.398	86.419
644.327	86.1934
646.256	86.0103
648.186	85.8624
650.115	85.6571
652.044	85.4759
653.973	85.4557
655.902	85.5535
657.831	85.6522
659.76	85.7754
661.689	86.0171
663.619	86.4173
665.548	87.0923
667.477	88.0993
669.406	88.6137
671.335	88.4829
673.264	88.6018
675.193	88.9864
677.122	89.1913
679.052	89.2366
680.981	89.4415
682.91	89.6552
684.839	89.6143
686.768	89.4729
688.697	89.3991
690.626	89.3039
692.555	89.1478
694.485	89.0454
696.414	89.0373
698.343	89.0618
700.272	89.0956
702.201	89.1366
704.13	89.122
706.059	88.9808
707.988	88.7624
709.917	88.6128
711.847	88.5794
713.776	88.5916
715.705	88.6502
717.634	88.7858
719.563	88.8693
721.492	88.7701
723.421	88.5733
725.35	88.3536
727.28	88.0497
729.209	87.6695
731.138	87.2693
733.067	86.7957
734.996	86.2251
736.925	85.6691
738.854	85.1711
740.783	84.5884
742.713	83.7843
744.642	82.8937
746.571	82.3185
748.5	82.3579
750.429	82.9255
752.358	83.7402
754.287	84.591
756.216	85.3074
758.146	85.781
760.075	86.0862
762.004	86.289
763.933	86.2809
765.862	86.0417
767.791	85.71
769.72	85.2388
771.649	84.3837
773.579	83.0122
775.508	81.0534
777.437	78.313
779.366	74.6837
781.295	70.4787
783.224	66.472
785.153	63.6347
787.082	62.7126
789.012	63.947
790.941	67.1078
792.87	71.5493
794.799	76.2392
796.728	80.107
798.657	82.5866
800.586	83.8078
802.515	84.215
804.445	84.078
806.374	83.4722
808.303	82.5284
810.232	81.4535
812.161	80.4543
814.09	79.8033
816.019	79.7583
817.948	80.2993
819.878	81.1362
821.807	81.9884
823.736	82.6973
825.665	83.1553
827.594	83.3184
829.523	83.2472
831.452	83.02
833.381	82.633
835.311	82.029
837.24	81.1623
839.169	79.9931
841.098	78.5083
843.027	76.8442
844.956	75.3178
846.885	74.2104
848.814	73.527
850.744	73.0282
852.673	72.4804
854.602	71.8244
856.531	71.1339
858.46	70.5025
860.389	70.012
862.318	69.7551
864.247	69.8041
866.177	70.1504
868.106	70.713
870.035	71.3855
871.964	72.0425
873.893	72.5655
875.822	72.9052
877.751	73.0905
879.68	73.1958
881.609	73.3113
883.539	73.4995
885.468	73.7628
887.397	74.0549
889.326	74.3113
891.255	74.4849
893.184	74.5663
895.113	74.57
897.042	74.5442
898.972	74.5994
900.901	74.8645
902.83	75.4088
904.759	76.2416
906.688	77.3343
908.617	78.5836
910.546	79.7877
912.475	80.7156
914.405	81.2106
916.334	81.2309
918.263	80.8276
920.192	80.1115
922.121	79.2059
924.05	78.181
925.979	77.0469
927.908	75.8093
929.838	74.4812
931.767	73.0623
933.696	71.5805
935.625	70.1462
937.554	68.8943
939.483	67.8881
941.412	67.1401
943.341	66.6703
945.271	66.441
947.2	66.3379
949.129	66.3512
951.058	66.6404
952.987	67.2923
954.916	68.1659
956.845	69.0491
958.774	69.8276
960.704	70.491
962.633	71.1011
964.562	71.764
966.491	72.5578
968.42	73.471
970.349	74.4122
972.278	75.2623
974.207	75.9191
976.137	76.3237
978.066	76.47
979.995	76.376
981.924	76.0455
983.853	75.4846
985.782	74.741
987.711	73.9235
989.64	73.214
991.57	72.7889
993.499	72.6384
995.428	72.527
997.357	72.1827
999.286	71.4621
1001.22	70.3697
1003.14	69.023
1005.07	67.583
1007	66.1982
1008.93	65.0174
1010.86	64.1305
1012.79	63.4043
1014.72	62.5104
1016.65	61.2095
1018.58	59.5238
1020.51	57.6138
1022.44	55.6446
1024.36	53.8474
1026.29	52.5719
1028.22	52.0878
1030.15	52.318
1032.08	52.8863
1034.01	53.4552
1035.94	53.9526
1037.87	54.4931
1039.8	55.1828
1041.73	56.0583
1043.66	57.169
1045.58	58.6079
1047.51	60.3955
1049.44	62.3799
1051.37	64.2833
1053.3	65.8198
1055.23	66.8283
1057.16	67.3895
1059.09	67.7476
1061.02	68.026
1062.95	68.0921
1064.88	67.7649
1066.81	67.0899
1068.73	66.3864
1070.66	66.0595
1072.59	66.3308
1074.52	67.1076
1076.45	68.1196
1078.38	69.146
1080.31	70.0722
1082.24	70.8166
1084.17	71.3006
1086.1	71.4653
1088.03	71.293
1089.95	70.8292
1091.88	70.1418
1093.81	69.2614
1095.74	68.2316
1097.67	67.1654
1099.6	66.1504
1101.53	65.154
1103.46	64.0927
1105.39	62.9329
1107.32	61.7053
1109.25	60.4791
1111.18	59.328
1113.1	58.2986
1115.03	57.4024
1116.96	56.6043
1118.89	55.8115
1120.82	54.9242
1122.75	53.9119
1124.68	52.8155
1126.61	51.6842
1128.54	50.5376
1130.47	49.3897
1132.4	48.2782
1134.32	47.2373
1136.25	46.2725
1138.18	45.397
1140.11	44.6606
1142.04	44.1066
1143.97	43.7437
1145.9	43.5774
1147.83	43.6118
1149.76	43.8121
1151.69	44.1332
1153.62	44.5796
1155.55	45.1575
1157.47	45.8087
1159.4	46.489
1161.33	47.2407
1163.26	48.1044
1165.19	49.0559
1167.12	50.0867
1169.05	51.2396
1170.98	52.5363
1172.91	53.9482
1174.84	55.4358
1176.77	56.9633
1178.69	58.4933
1180.62	59.9911
1182.55	61.4243
1184.48	62.7578
1186.41	63.9659
1188.34	65.0469
1190.27	66.0203
1192.2	66.9178
1194.13	67.7689
1196.06	68.5738
1197.99	69.2816
1199.91	69.8206
1201.84	70.1411
1203.77	70.1972
1205.7	69.9231
1207.63	69.2762
1209.56	68.2609
1211.49	66.8953
1213.42	65.2116
1215.35	63.2523
1217.28	61.0366
1219.21	58.6175
1221.14	56.1313
1223.06	53.6911
1224.99	51.3227
1226.92	49.058
1228.85	46.9668
1230.78	45.0897
1232.71	43.4549
1234.64	42.1295
1236.57	41.1614
1238.5	40.5041
1240.43	40.0445
1242.36	39.6681
1244.28	39.2898
1246.21	38.8565
1248.14	38.3495
1250.07	37.8022
1252	37.2875
1253.93	36.8803
1255.86	36.6848
1257.79	36.8372
1259.72	37.3871
1261.65	38.2771
1263.58	39.4821
1265.51	41.0011
1267.43	42.7489
1269.36	44.6162
1271.29	46.537
1273.22	48.4359
1275.15	50.2558
1277.08	52.0075
1279.01	53.7193
1280.94	55.4104
1282.87	57.0854
1284.8	58.7091
1286.73	60.2659
1288.65	61.8016
1290.58	63.3247
1292.51	64.7708
1294.44	66.1171
1296.37	67.4318
1298.3	68.8254
1300.23	70.4033
1302.16	72.2101
1304.09	74.1937
1306.02	76.2306
1307.95	78.1623
1309.87	79.8319
1311.8	81.104
1313.73	81.8621
1315.66	82.0819
1317.59	81.8908
1319.52	81.5321
1321.45	81.3146
1323.38	81.4844
1325.31	82.0884
1327.24	82.9418
1329.17	83.7498
1331.1	84.3041
1333.02	84.5477
1334.95	84.5828
1336.88	84.5976
1338.81	84.7346
1340.74	85.0356
1342.67	85.4596
1344.6	85.949
1346.53	86.4348
1348.46	86.77
1350.39	86.7743
1352.32	86.3895
1354.24	85.6947
1356.17	84.9218
1358.1	84.3896
1360.03	84.1288
1361.96	83.7945
1363.89	83.1605
1365.82	82.3522
1367.75	81.3555
1369.68	80.1783
1371.61	79.1134
1373.54	78.2648
1375.47	77.4963
1377.39	76.8733
1379.32	76.5229
1381.25	76.458
1383.18	76.6906
1385.11	77.2866
1387.04	78.2621
1388.97	79.2553
1390.9	79.9098
1392.83	80.2909
1394.76	80.4027
1396.69	80.1038
1398.61	79.472
1400.54	78.8437
1402.47	78.4995
1404.4	78.4981
1406.33	78.8091
1408.26	79.3792
1410.19	80.2136
1412.12	81.265
1414.05	82.2868
1415.98	83.2544
1417.91	84.3647
1419.83	85.3835
1421.76	85.9029
1423.69	85.9999
1425.62	85.8789
1427.55	85.6253
1429.48	84.985
1431.41	83.8343
1433.34	82.6027
1435.27	81.3265
1437.2	79.6589
1439.13	78.038
1441.06	76.8649
1442.98	75.9517
1444.91	75.2819
1446.84	74.8545
1448.77	74.4848
1450.7	74.26
1452.63	74.4658
1454.56	75.2047
1456.49	76.4966
1458.42	77.7124
1460.35	78.4121
1462.28	79.2258
1464.2	80.4542
1466.13	81.7098
1468.06	82.6474
1469.99	83.66
1471.92	84.9222
1473.85	85.7918
1475.78	86.0617
1477.71	86.3527
1479.64	86.7692
1481.57	87.1669
1483.5	87.5566
1485.43	88.0725
1487.35	88.8682
1489.28	89.907
1491.21	90.7524
1493.14	91.3809
1495.07	92.1556
1497	93.0426
1498.93	93.5735
1500.86	93.7972
1502.79	94.1157
1504.72	94.6736
1506.65	95.33
1508.57	95.4375
1510.5	95.1792
1512.43	95.0634
1514.36	95.1738
1516.29	95.4413
1518.22	95.7448
1520.15	95.9852
1522.08	96.0235
1524.01	95.8827
1525.94	95.7065
1527.87	95.5515
1529.8	95.489
1531.72	95.5774
1533.65	95.7204
1535.58	95.8089
1537.51	96.0458
1539.44	96.5743
1541.37	96.7379
1543.3	96.1908
1545.23	95.7277
1547.16	95.5563
1549.09	95.5786
1551.02	95.6716
1552.94	95.7456
1554.87	95.8979
1556.8	96.3162
1558.73	96.6538
1560.66	96.1819
1562.59	95.6183
1564.52	95.368
1566.45	95.3825
1568.38	95.4845
1570.31	95.3565
1572.24	95.111
1574.16	95.1015
1576.09	95.2341
1578.02	95.0558
1579.95	94.7316
1581.88	94.6133
1583.81	94.6664
1585.74	94.7233
1587.67	94.755
1589.6	94.8096
1591.53	94.8845
1593.46	94.9475
1595.39	94.9524
1597.31	94.8928
1599.24	94.8509
1601.17	94.8669
1603.1	94.861
1605.03	94.8058
1606.96	94.7887
1608.89	94.7732
1610.82	94.647
1612.75	94.5623
1614.68	94.6783
1616.61	94.7252
1618.53	94.4342
1620.46	94.1586
1622.39	93.9922
1624.32	93.7218
1626.25	93.3399
1628.18	92.8652
1630.11	92.311
1632.04	91.9566
1633.97	91.9239
1635.9	91.8146
1637.83	91.4129
1639.76	91.3773
1641.68	91.8987
1643.61	92.7435
1645.54	93.6868
1647.47	94.267
1649.4	94.372
1651.33	94.5934
1653.26	94.9712
1655.19	94.6464
1657.12	94.1109
1659.05	93.9242
1660.98	93.9512
1662.9	93.8153
1664.83	93.5192
1666.76	93.436
1668.69	93.5672
1670.62	93.4937
1672.55	93.2099
1674.48	92.9611
1676.41	92.5698
1678.34	92.103
1680.27	91.8669
1682.2	91.787
1684.12	91.5141
1686.05	90.8861
1687.98	90.1226
1689.91	89.3761
1691.84	88.6498
1693.77	87.7505
1695.7	86.6729
1697.63	85.4919
1699.56	83.6354
1701.49	81.0979
1703.42	78.6046
1705.35	75.7568
1707.27	72.1862
1709.2	68.5627
1711.13	65.2391
1713.06	62.1215
1714.99	59.4297
1716.92	56.9064
1718.85	54.3049
1720.78	52.6398
1722.71	51.9931
1724.64	51.7936
1726.57	51.9822
1728.49	52.6024
1730.42	53.4156
1732.35	54.2194
1734.28	54.562
1736.21	54.2886
1738.14	53.991
1740.07	53.7894
1742	53.5841
1743.93	53.7025
1745.86	54.3637
1747.79	55.6079
1749.72	57.587
1751.64	59.8427
1753.57	62.0231
1755.5	64.6827
1757.43	67.9929
1759.36	71.4457
1761.29	74.9291
1763.22	78.3682
1765.15	81.258
1767.08	83.6958
1769.01	86.0988
1770.94	88.3233
1772.86	90.0627
1774.79	91.2991
1776.72	92.0569
1778.65	92.5946
1780.58	93.2032
1782.51	93.7193
1784.44	94.0125
1786.37	94.3067
1788.3	94.6519
1790.23	94.9733
1792.16	95.2327
1794.08	95.2776
1796.01	95.2424
1797.94	95.3894
1799.87	95.604
1801.8	95.6562
1803.73	95.6217
1805.66	95.5884
1807.59	95.585
1809.52	95.688
1811.45	95.787
1813.38	95.7388
1815.31	95.6852
1817.23	95.7575
1819.16	95.8991
1821.09	96.0537
1823.02	96.2099
1824.95	96.3508
1826.88	96.488
1828.81	96.5816
1830.74	96.5432
1832.67	96.4454
1834.6	96.4324
1836.53	96.4937
1838.45	96.5205
1840.38	96.5194
1842.31	96.6425
1844.24	96.8824
1846.17	96.9377
1848.1	96.7788
1850.03	96.6725
1851.96	96.7171
1853.89	96.8206
1855.82	96.9078
1857.75	96.9851
1859.68	97.0281
1861.6	96.989
1863.53	96.9718
1865.46	97.1324
1867.39	97.3833
1869.32	97.4906
1871.25	97.4548
1873.18	97.3513
1875.11	97.1881
1877.04	97.1523
1878.97	97.342
1880.9	97.501
1882.82	97.5068
1884.75	97.5512
1886.68	97.6702
1888.61	97.6885
1890.54	97.5911
1892.47	97.5372
1894.4	97.5735
1896.33	97.6374
1898.26	97.7126
1900.19	97.7958
1902.12	97.8212
1904.05	97.814
1905.97	97.9264
1907.9	98.123
1909.83	98.1613
1911.76	98.0351
1913.69	98.011
1915.62	98.1497
1917.55	98.2393
1919.48	98.2088
1921.41	98.2795
1923.34	98.4622
1925.27	98.468
1927.19	98.3177
1929.12	98.3112
1931.05	98.3982
1932.98	98.3385
1934.91	98.2011
1936.84	98.1584
1938.77	98.2894
1940.7	98.6633
1942.63	99.0476
1944.56	99.0035
1946.49	98.7089
1948.41	98.6872
1950.34	99.0057
1952.27	99.3891
1954.2	99.6174
1956.13	99.6289
1958.06	99.6084
1959.99	99.715
1961.92	99.7071
1963.85	99.4622
1965.78	99.3806
1967.71	99.632
1969.64	99.8432
1971.56	99.9052
1973.49	99.9678
1975.42	99.9075
1977.35	99.7988
1979.28	100.003
1981.21	100.276
1983.14	100.094
1985.07	99.7063
1987	99.5943
1988.93	99.5979
1990.86	99.4894
1992.78	99.5214
1994.71	99.8457
1996.64	100.188
1998.57	100.296
2000.5	100.196
2002.43	100.059
2004.36	99.9784
2006.29	99.9504
2008.22	99.9752
2010.15	100.058
2012.08	100.203
2014.01	100.385
2015.93	100.484
2017.86	100.494
2019.79	100.619
2021.72	100.794
2023.65	100.702
2025.58	100.435
2027.51	100.341
2029.44	100.337
2031.37	100.217
2033.3	100.166
2035.23	100.312
2037.15	100.393
2039.08	100.284
2041.01	100.231
2042.94	100.352
2044.87	100.437
2046.8	100.36
2048.73	100.207
2050.66	100.063
2052.59	99.9845
2054.52	100.017
2056.45	100.039
2058.37	99.9032
2060.3	99.7369
2062.23	99.7217
2064.16	99.7268
2066.09	99.5253
2068.02	99.2567
2069.95	99.304
2071.88	99.6828
2073.81	99.895
2075.74	99.6285
2077.67	99.2446
2079.6	99.1809
2081.52	99.3103
2083.45	99.2709
2085.38	99.0711
2087.31	99.0081
2089.24	99.1891
2091.17	99.4017
2093.1	99.4248
2095.03	99.2954
2096.96	99.1886
2098.89	99.1398
2100.82	99.0692
2102.74	99.0467
2104.67	99.2153
2106.6	99.4253
2108.53	99.3488
2110.46	99.0015
2112.39	98.7273
2114.32	98.7014
2116.25	98.8164
2118.18	98.9176
2120.11	98.9275
2122.04	98.8657
2123.97	98.8177
2125.89	98.8765
2127.82	99.0918
2129.75	99.332
2131.68	99.3381
2133.61	99.168
2135.54	99.2191
2137.47	99.5658
2139.4	99.8622
2141.33	99.9831
2143.26	100.087
2145.19	100.181
2147.11	100.181
2149.04	100.122
2150.97	100.074
2152.9	100.116
2154.83	100.32
2156.76	100.514
2158.69	100.463
2160.62	100.331
2162.55	100.408
2164.48	100.53
2166.41	100.417
2168.33	100.198
2170.26	100.072
2172.19	99.924
2174.12	99.7011
2176.05	99.6785
2177.98	99.9635
2179.91	100.25
2181.84	100.363
2183.77	100.485
2185.7	100.642
2187.63	100.591
2189.56	100.308
2191.48	100.045
2193.41	99.9777
2195.34	100.089
2197.27	100.195
2199.2	100.169
2201.13	100.193
2203.06	100.375
2204.99	100.39
2206.92	100.088
2208.85	99.7859
2210.78	99.6314
2212.7	99.5064
2214.63	99.4803
2216.56	99.6216
2218.49	99.7884
2220.42	99.9191
2222.35	99.9984
2224.28	99.8969
2226.21	99.665
2228.14	99.5702
2230.07	99.6648
2232	99.7148
2233.93	99.5806
2235.85	99.429
2237.78	99.4679
2239.71	99.6013
2241.64	99.6208
2243.57	99.6017
2245.5	99.7045
2247.43	99.8259
2249.36	99.8074
2251.29	99.6634
2253.22	99.4641
2255.15	99.3506
2257.07	99.5051
2259	99.8037
2260.93	99.8949
2262.86	99.7408
2264.79	99.5887
2266.72	99.4989
2268.65	99.4195
2270.58	99.4243
2272.51	99.467
2274.44	99.3684
2276.37	99.2028
2278.29	99.1503
2280.22	99.1225
2282.15	99.0395
2284.08	99.0405
2286.01	99.0947
2287.94	99.003
2289.87	98.8678
2291.8	98.9455
2293.73	99.1547
2295.66	99.2502
2297.59	99.2424
2299.52	99.2678
2301.44	99.3154
2303.37	99.3237
2305.3	99.3771
2307.23	99.6701
2309.16	100.245
2311.09	100.819
2313.02	101.102
2314.95	101.192
2316.88	101.364
2318.81	101.733
2320.74	102.291
2322.66	102.939
2324.59	103.536
2326.52	104.095
2328.45	104.622
2330.38	104.939
2332.31	105.005
2334.24	105.034
2336.17	105.065
2338.1	105.095
2340.03	105.353
2341.96	105.682
2343.89	105.208
2345.81	103.816
2347.74	102.775
2349.67	102.772
2351.6	103.88
2353.53	105.821
2355.46	107.54
2357.39	108.496
2359.32	109.067
2361.25	109.059
2363.18	108.433
2365.11	107.708
2367.03	106.796
2368.96	105.266
2370.89	103.467
2372.82	102.041
2374.75	100.923
2376.68	99.8485
2378.61	98.974
2380.54	98.4455
2382.47	98.1023
2384.4	97.7983
2386.33	97.5516
2388.26	97.4031
2390.18	97.3627
2392.11	97.3742
2394.04	97.2982
2395.97	97.1165
2397.9	97.0096
2399.83	97.0596
2401.76	97.142
2403.69	97.1952
2405.62	97.2872
2407.55	97.4039
2409.48	97.443
2411.4	97.4105
2413.33	97.4293
2415.26	97.5261
2417.19	97.5602
2419.12	97.4492
2421.05	97.3231
2422.98	97.3503
2424.91	97.5483
2426.84	97.8002
2428.77	97.9307
2430.7	97.8289
2432.62	97.6155
2434.55	97.5562
2436.48	97.7205
2438.41	97.8902
2440.34	97.8885
2442.27	97.8109
2444.2	97.8141
2446.13	97.8718
2448.06	97.906
2449.99	97.9724
2451.92	98.1189
2453.85	98.2258
2455.77	98.1626
2457.7	97.9874
2459.63	97.8691
2461.56	97.8892
2463.49	97.977
2465.42	98.0192
2467.35	97.996
2469.28	97.9616
2471.21	97.9408
2473.14	97.934
2475.07	97.9488
2476.99	97.966
2478.92	97.9755
2480.85	98.0173
2482.78	98.0836
2484.71	98.1007
2486.64	98.0695
2488.57	98.0552
2490.5	98.0627
2492.43	98.0816
2494.36	98.1369
2496.29	98.174
2498.22	98.0726
2500.14	97.8735
2502.07	97.7966
2504	97.9079
2505.93	97.9893
2507.86	97.9144
2509.79	97.8526
2511.72	97.9014
2513.65	97.9433
2515.58	97.9783
2517.51	98.0891
2519.44	98.1322
2521.36	97.9703
2523.29	97.7772
2525.22	97.7476
2527.15	97.8269
2529.08	97.8841
2531.01	97.8654
2532.94	97.8046
2534.87	97.8106
2536.8	97.9203
2538.73	98.0013
2540.66	97.9315
2542.58	97.7585
2544.51	97.6081
2546.44	97.5441
2548.37	97.5474
2550.3	97.5785
2552.23	97.634
2554.16	97.708
2556.09	97.7377
2558.02	97.6806
2559.95	97.6001
2561.88	97.5803
2563.81	97.6093
2565.73	97.6155
2567.66	97.5694
2569.59	97.5058
2571.52	97.4612
2573.45	97.4274
2575.38	97.4016
2577.31	97.4242
2579.24	97.4783
2581.17	97.4656
2583.1	97.3879
2585.03	97.3641
2586.95	97.4063
2588.88	97.4161
2590.81	97.3749
2592.74	97.3146
2594.67	97.231
2596.6	97.1782
2598.53	97.2452
2600.46	97.376
2602.39	97.4081
2604.32	97.296
2606.25	97.164
2608.18	97.1365
2610.1	97.1881
2612.03	97.1996
2613.96	97.1228
2615.89	97.0083
2617.82	96.9172
2619.75	96.8866
2621.68	96.906
2623.61	96.91
2625.54	96.8743
2627.47	96.8486
2629.4	96.8484
2631.32	96.8397
2633.25	96.8056
2635.18	96.7162
2637.11	96.5543
2639.04	96.4243
2640.97	96.4479
2642.9	96.5703
2644.83	96.6374
2646.76	96.5997
2648.69	96.5238
2650.62	96.4671
2652.54	96.4057
2654.47	96.2976
2656.4	96.1894
2658.33	96.1597
2660.26	96.1747
2662.19	96.1418
2664.12	96.0659
2666.05	96.0234
2667.98	96.0378
2669.91	96.0656
2671.84	96.0726
2673.77	96.0746
2675.69	96.0764
2677.62	96.0271
2679.55	95.9285
2681.48	95.8781
2683.41	95.9027
2685.34	95.9329
2687.27	95.9697
2689.2	96.0417
2691.13	96.0676
2693.06	95.9801
2694.99	95.8551
2696.91	95.799
2698.84	95.8316
2700.77	95.8833
2702.7	95.8664
2704.63	95.8074
2706.56	95.8133
2708.49	95.8648
2710.42	95.8492
2712.35	95.7833
2714.28	95.7604
2716.21	95.7575
2718.14	95.7039
2720.06	95.6331
2721.99	95.6287
2723.92	95.6851
2725.85	95.7069
2727.78	95.6488
2729.71	95.58
2731.64	95.5432
2733.57	95.4812
2735.5	95.3995
2737.43	95.3991
2739.36	95.4697
2741.28	95.483
2743.21	95.4172
2745.14	95.3672
2747.07	95.3753
2749	95.4084
2750.93	95.4332
2752.86	95.4396
2754.79	95.4432
2756.72	95.4615
2758.65	95.4725
2760.58	95.44
2762.51	95.3669
2764.43	95.2871
2766.36	95.2308
2768.29	95.2079
2770.22	95.2101
2772.15	95.2192
2774.08	95.2127
2776.01	95.1782
2777.94	95.127
2779.87	95.0697
2781.8	95.0085
2783.73	94.9674
2785.65	94.9582
2787.58	94.9382
2789.51	94.8959
2791.44	94.905
2793.37	94.9866
2795.3	95.0403
2797.23	95.0121
2799.16	94.975
2801.09	94.9673
2803.02	94.9212
2804.95	94.8088
2806.87	94.6868
2808.8	94.5763
2810.73	94.4596
2812.66	94.3589
2814.59	94.2872
2816.52	94.2252
2818.45	94.195
2820.38	94.1785
2822.31	94.0368
2824.24	93.743
2826.17	93.4924
2828.1	93.3723
2830.02	93.2321
2831.95	92.9977
2833.88	92.7545
2835.81	92.525
2837.74	92.2945
2839.67	92.135
2841.6	92.076
2843.53	92.0216
2845.46	91.8659
2847.39	91.5547
2849.32	91.1256
2851.24	90.7362
2853.17	90.4567
2855.1	90.1145
2857.03	89.5392
2858.96	88.802
2860.89	88.0966
2862.82	87.5297
2864.75	87.0825
2866.68	86.7009
2868.61	86.3727
2870.54	86.0971
2872.47	85.8762
2874.39	85.7961
2876.32	85.955
2878.25	86.3002
2880.18	86.7038
2882.11	87.0905
2884.04	87.3813
2885.97	87.5349
2887.9	87.6339
2889.83	87.7195
2891.76	87.7182
2893.69	87.6511
2895.61	87.6318
2897.54	87.66
2899.47	87.6558
2901.4	87.5674
2903.33	87.3456
2905.26	87.0332
2907.19	86.8315
2909.12	86.8489
2911.05	86.9131
2912.98	86.8009
2914.91	86.5075
2916.83	86.1642
2918.76	85.8053
2920.69	85.3834
2922.62	84.9695
2924.55	84.6637
2926.48	84.3422
2928.41	83.8614
2930.34	83.4044
2932.27	83.2328
2934.2	83.3433
2936.13	83.6329
2938.06	84.0242
2939.98	84.3473
2941.91	84.5031
2943.84	84.5965
2945.77	84.6239
2947.7	84.4005
2949.63	83.9191
2951.56	83.3631
2953.49	82.8117
2955.42	82.2705
2957.35	81.8465
2959.28	81.7088
2961.2	81.9788
2963.13	82.6638
2965.06	83.6358
2966.99	84.7126
2968.92	85.7501
2970.85	86.6695
2972.78	87.4779
2974.71	88.2273
2976.64	88.924
2978.57	89.5493
2980.5	90.099
2982.43	90.545
2984.35	90.8899
2986.28	91.2068
2988.21	91.4778
2990.14	91.5888
2992.07	91.5854
2994	91.6276
2995.93	91.7179
2997.86	91.8027
2999.79	91.9846
3001.72	92.3571
3003.65	92.8255
3005.57	93.2278
3007.5	93.4844
3009.43	93.6142
3011.36	93.6718
3013.29	93.6814
3015.22	93.6903
3017.15	93.8014
3019.08	94.0286
3021.01	94.2786
3022.94	94.5119
3024.87	94.7091
3026.79	94.8068
3028.72	94.8461
3030.65	94.9355
3032.58	95.0412
3034.51	95.0643
3036.44	95.0137
3038.37	94.9764
3040.3	95.0855
3042.23	95.4157
3044.16	95.7536
3046.09	95.7831
3048.02	95.5914
3049.94	95.5356
3051.87	95.6364
3053.8	95.6536
3055.73	95.577
3057.66	95.5237
3059.59	95.4747
3061.52	95.4825
3063.45	95.6682
3065.38	95.8998
3067.31	95.9862
3069.24	95.9704
3071.16	95.8783
3073.09	95.7343
3075.02	95.7924
3076.95	96.0606
3078.88	96.0897
3080.81	95.7858
3082.74	95.6005
3084.67	95.6958
3086.6	95.8223
3088.53	95.8588
3090.46	95.8397
3092.39	95.803
3094.31	95.8165
3096.24	95.8386
3098.17	95.7263
3100.1	95.5418
3102.03	95.4909
3103.96	95.5617
3105.89	95.5572
3107.82	95.4554
3109.75	95.4538
3111.68	95.6075
3113.61	95.6915
3115.53	95.578
3117.46	95.4572
3119.39	95.521
3121.32	95.7123
3123.25	95.8133
3125.18	95.6673
3127.11	95.4466
3129.04	95.4984
3130.97	95.7499
3132.9	95.7704
3134.83	95.5151
3136.75	95.3509
3138.68	95.407
3140.61	95.5503
3142.54	95.7106
3144.47	95.8068
3146.4	95.7187
3148.33	95.5362
3150.26	95.5003
3152.19	95.6391
3154.12	95.7413
3156.05	95.7042
3157.98	95.6316
3159.9	95.5555
3161.83	95.404
3163.76	95.2598
3165.69	95.2556
3167.62	95.2999
3169.55	95.2411
3171.48	95.122
3173.41	95.0778
3175.34	95.1465
3177.27	95.2222
3179.2	95.1942
3181.12	95.16
3183.05	95.2551
3184.98	95.3185
3186.91	95.1662
3188.84	94.9918
3190.77	95.0023
3192.7	95.0377
3194.63	94.9349
3196.56	94.8317
3198.49	94.8653
3200.42	94.9401
3202.35	94.9429
3204.27	94.9325
3206.2	94.9888
3208.13	95.0452
3210.06	95.0148
3211.99	94.9032
3213.92	94.6838
3215.85	94.357
3217.78	94.1363
3219.71	94.1941
3221.64	94.3728
3223.57	94.4625
3225.49	94.4303
3227.42	94.2734
3229.35	94.1089
3231.28	94.1732
3233.21	94.3524
3235.14	94.3227
3237.07	94.2096
3239	94.2491
3240.93	94.1991
3242.86	93.9604
3244.79	93.9087
3246.72	94.0447
3248.64	93.9961
3250.57	93.8795
3252.5	93.9831
3254.43	94.1065
3256.36	94.0542
3258.29	93.9929
3260.22	93.9795
3262.15	93.9048
3264.08	93.7661
3266.01	93.5823
3267.94	93.4118
3269.86	93.4135
3271.79	93.5676
3273.72	93.6631
3275.65	93.6454
3277.58	93.6042
3279.51	93.5552
3281.44	93.469
3283.37	93.3312
3285.3	93.1824
3287.23	93.1543
3289.16	93.262
3291.08	93.2946
3293.01	93.1625
3294.94	93.045
3296.87	93.0184
3298.8	92.9456
3300.73	92.8171
3302.66	92.8101
3304.59	92.9647
3306.52	93.0943
3308.45	93.0347
3310.38	92.8283
3312.31	92.6396
3314.23	92.5617
3316.16	92.575
3318.09	92.6478
3320.02	92.7584
3321.95	92.8478
3323.88	92.8669
3325.81	92.8359
3327.74	92.7854
3329.67	92.7128
3331.6	92.6356
3333.53	92.6054
3335.45	92.6253
3337.38	92.6132
3339.31	92.5136
3341.24	92.4096
3343.17	92.4219
3345.1	92.5123
3347.03	92.5468
3348.96	92.5405
3350.89	92.6175
3352.82	92.7536
3354.75	92.788
3356.68	92.68
3358.6	92.5723
3360.53	92.5667
3362.46	92.6221
3364.39	92.7072
3366.32	92.8173
3368.25	92.8498
3370.18	92.763
3372.11	92.7213
3374.04	92.787
3375.97	92.7927
3377.9	92.7306
3379.82	92.795
3381.75	92.9716
3383.68	93.0509
3385.61	92.9794
3387.54	92.8801
3389.47	92.8498
3391.4	92.9036
3393.33	93.0079
3395.26	93.0973
3397.19	93.1131
3399.12	93.0719
3401.04	93.0653
3402.97	93.1122
3404.9	93.1209
3406.83	93.1045
3408.76	93.1816
3410.69	93.2944
3412.62	93.308
3414.55	93.3015
3416.48	93.346
3418.41	93.314
3420.34	93.2534
3422.27	93.4063
3424.19	93.651
3426.12	93.6333
3428.05	93.3706
3429.98	93.1545
3431.91	93.157
3433.84	93.3362
3435.77	93.4859
3437.7	93.5039
3439.63	93.6098
3441.56	93.9276
3443.49	94.1642
3445.41	94.1379
3447.34	94.1047
3449.27	94.2227
3451.2	94.2873
3453.13	94.1892
3455.06	94.0652
3456.99	94.0272
3458.92	94.1062
3460.85	94.2954
3462.78	94.4615
3464.71	94.4844
3466.64	94.4645
3468.56	94.497
3470.49	94.4625
3472.42	94.2415
3474.35	93.9242
3476.28	93.7871
3478.21	94.0463
3480.14	94.5107
3482.07	94.7269
3484	94.6488
3485.93	94.6027
3487.86	94.6127
3489.78	94.5199
3491.71	94.3694
3493.64	94.225
3495.57	94.1763
3497.5	94.4227
3499.43	94.7939
3501.36	94.8553
3503.29	94.7187
3505.22	94.785
3507.15	94.8124
3509.08	94.4659
3511	94.1533
3512.93	94.2889
3514.86	94.5335
3516.79	94.5398
3518.72	94.5118
3520.65	94.6626
3522.58	94.8485
3524.51	94.9014
3526.44	94.8279
3528.37	94.7096
3530.3	94.6498
3532.23	94.666
3534.15	94.6701
3536.08	94.6459
3538.01	94.6174
3539.94	94.5762
3541.87	94.6307
3543.8	94.8487
3545.73	94.9886
3547.66	94.951
3549.59	95.0316
3551.52	95.1984
3553.45	95.108
3555.37	94.8374
3557.3	94.6841
3559.23	94.7138
3561.16	94.9788
3563.09	95.3727
3565.02	95.5142
3566.95	95.3576
3568.88	95.3635
3570.81	95.5208
3572.74	95.5331
3574.67	95.4655
3576.6	95.4896
3578.52	95.6585
3580.45	95.9284
3582.38	96.094
3584.31	96.0595
3586.24	96.016
3588.17	96
3590.1	95.878
3592.03	95.8294
3593.96	95.9683
3595.89	96.1445
3597.82	96.3717
3599.74	96.6883
3601.67	96.8143
3603.6	96.7487
3605.53	96.8376
3607.46	96.9873
3609.39	96.8315
3611.32	96.5266
3613.25	96.4175
3615.18	96.5235
3617.11	96.8005
3619.04	97.1681
3620.97	97.3277
3622.89	97.1685
3624.82	96.9968
3626.75	97.0798
3628.68	97.2587
3630.61	96.9927
3632.54	96.5541
3634.47	96.44
3636.4	96.4962
3638.33	96.4775
3640.26	96.6323
3642.19	97.1103
3644.11	97.5142
3646.04	97.6367
3647.97	97.7309
3649.9	97.6863
3651.83	97.2685
3653.76	96.9478
3655.69	96.943
3657.62	96.9638
3659.55	96.772
3661.48	96.5987
3663.41	96.6225
3665.33	96.7245
3667.26	96.8378
3669.19	97.0889
3671.12	97.4884
3673.05	97.9357
3674.98	98.2846
3676.91	98.0291
3678.84	97.3498
3680.77	96.9487
3682.7	96.7781
3684.63	96.5998
3686.56	96.73
3688.48	97.6117
3690.41	98.4695
3692.34	98.2406
3694.27	97.5674
3696.2	97.112
3698.13	96.9168
3700.06	96.9112
3701.99	97.0814
3703.92	97.2919
3705.85	97.4335
3707.78	97.6144
3709.7	97.8908
3711.63	97.9481
3713.56	97.6221
3715.49	97.4307
3717.42	97.6333
3719.35	97.8919
3721.28	97.822
3723.21	97.6904
3725.14	97.8827
3727.07	98.1026
3729	98.0419
3730.93	98.0163
3732.85	98.3811
3734.78	98.8285
3736.71	98.6684
3738.64	98.1935
3740.57	97.98
3742.5	97.9993
3744.43	98.0487
3746.36	98.1246
3748.29	98.2922
3750.22	98.3481
3752.15	98.0273
3754.07	97.6028
3756	97.3843
3757.93	97.3423
3759.86	97.3535
3761.79	97.2982
3763.72	97.1876
3765.65	97.1158
3767.58	97.1765
3769.51	97.3457
3771.44	97.4307
3773.37	97.3545
3775.29	97.2749
3777.22	97.217
3779.15	97.0218
3781.08	96.7906
3783.01	96.7792
3784.94	96.8456
3786.87	96.7435
3788.8	96.6269
3790.73	96.7592
3792.66	97.0816
3794.59	97.3563
3796.52	97.4537
3798.44	97.5063
3800.37	97.6628
3802.3	97.7339
3804.23	97.5917
3806.16	97.5116
3808.09	97.5055
3810.02	97.3021
3811.95	97.0812
3813.88	97.2052
3815.81	97.5662
3817.74	97.676
3819.66	97.6084
3821.59	97.6026
3823.52	97.484
3825.45	97.3088
3827.38	97.3418
3829.31	97.5406
3831.24	97.6536
3833.17	97.5932
3835.1	97.4297
3837.03	97.289
3838.96	97.3239
3840.89	97.44
3842.81	97.3842
3844.74	97.2003
3846.67	97.1321
3848.6	97.2531
3850.53	97.4703
3852.46	97.7116
3854.39	97.7814
3856.32	97.5309
3858.25	97.2191
3860.18	97.05
3862.11	97.0516
3864.03	97.1465
3865.96	97.2826
3867.89	97.3916
3869.82	97.3497
3871.75	97.2263
3873.68	97.1855
3875.61	97.1689
3877.54	97.1563
3879.47	97.2442
3881.4	97.3325
3883.33	97.2395
3885.25	97.0917
3887.18	97.0813
3889.11	97.1498
3891.04	97.1826
3892.97	97.1373
3894.9	97.0406
3896.83	96.9967
3898.76	97.0941
3900.69	97.2942
3902.62	97.4095
3904.55	97.2967
3906.48	97.0072
3908.4	96.7433
3910.33	96.6432
3912.26	96.6954
3914.19	96.8182
3916.12	96.9926
3918.05	97.1987
3919.98	97.2874
3921.91	97.2023
3923.84	97.0858
3925.77	97.0384
3927.7	96.9719
3929.62	96.8124
3931.55	96.6704
3933.48	96.668
3935.41	96.72
3937.34	96.7184
3939.27	96.7373
3941.2	96.8861
3943.13	97.0765
3945.06	97.1141
3946.99	96.9889
3948.92	96.824
3950.85	96.6924
3952.77	96.6201
3954.7	96.6272
3956.63	96.7076
3958.56	96.8256
3960.49	96.9127
3962.42	96.8874
3964.35	96.7885
3966.28	96.7866
3968.21	96.9305
3970.14	97.0566
3972.07	97.0287
3973.99	96.8932
3975.92	96.7551
3977.85	96.6667
3979.78	96.6374
3981.71	96.6594
3983.64	96.6933
3985.57	96.6701
3987.5	96.5942
3989.43	96.5735
3991.36	96.6218
3993.29	96.6153
3995.22	96.5729
3997.14	96.6288
