499.643	77.3727
501.572	77.5249
503.501	77.7156
505.43	77.8991
507.36	78.1082
509.289	78.2962
511.218	78.4551
513.147	78.4938
515.076	78.4033
517.005	78.5171
518.934	78.8761
520.863	79.1276
522.792	79.4558
524.722	80.0689
526.651	80.432
528.58	80.3814
530.509	80.5507
532.438	81.0526
534.367	81.5215
536.296	82.0106
538.225	82.6365
540.155	83.1155
542.084	83.2966
544.013	83.3107
545.942	83.2638
547.871	83.3888
549.8	83.8874
551.729	84.3854
553.658	84.4286
555.588	84.343
557.517	84.5944
559.446	84.8922
561.375	84.9633
563.304	85.2089
565.233	85.6259
567.162	85.4742
569.091	84.7867
571.021	84.6144
572.95	85.2524
574.879	85.8876
576.808	86.0583
578.737	86.1386
580.666	86.3058
582.595	86.2842
584.524	86.0156
586.454	85.7042
588.383	85.4958
590.312	85.5006
592.241	85.6833
594.17	85.7841
596.099	85.757
598.028	85.7944
599.957	85.8112
601.887	85.5657
603.816	85.2489
605.745	85.3404
607.674	85.9164
609.603	86.4734
611.532	86.5865
613.461	86.4706
615.39	86.4885
617.32	86.5609
619.249	86.5664
621.178	86.6743
623.107	86.8768
625.036	86.9663
626.965	86.9775
628.894	87.0484
630.823	87.1141
632.753	87.0701
634.682	86.9136
636.611	86.7134
638.54	86.5841
640.469	86.5175
642.398	86.359
644.327	86.1253
646.256	85.9844
648.186	85.8868
650.115	85.688
652.044	85.5102
653.973	85.5338
655.902	85.6646
657.831	85.7217
659.76	85.7613
661.689	85.9594
663.619	86.3649
665.548	87.0392
667.477	88.0332
669.406	88.5741
671.335	88.4711
673.264	88.5788
675.193	88.9414
677.122	89.1473
679.052	89.2188
680.981	89.4601
682.91	89.692
684.839	89.6334
686.768	89.4726
688.697	89.4071
690.626	89.3218
692.555	89.1519
694.485	89.0273
696.414	89.0113
698.343	89.0489
700.272	89.0978
702.201	89.1263
704.13	89.0893
706.059	88.9602
707.988	88.7702
709.917	88.6167
711.847	88.5619
713.776	88.5754
715.705	88.6515
717.634	88.8001
719.563	88.8892
721.492	88.788
723.421	88.59
725.35	88.381
727.28	88.0807
729.209	87.6766
731.138	87.2524
733.067	86.7791
734.996	86.2002
736.925	85.6141
738.854	85.1174
740.783	84.5836
742.713	83.8165
744.642	82.9246
746.571	82.3441
748.5	82.3875
750.429	82.9542
752.358	83.7608
754.287	84.5991
756.216	85.3037
758.146	85.7743
760.075	86.0752
762.004	86.2665
763.933	86.2616
765.862	86.0389
767.791	85.7041
769.72	85.2149
771.649	84.3643
773.579	83.0174
775.508	81.0658
777.437	78.3029
779.366	74.6478
781.295	70.4452
783.224	66.4646
785.153	63.6428
787.082	62.7169
789.012	63.9485
790.941	67.1065
792.87	71.5385
794.799	76.2339
796.728	80.1236
798.657	82.6043
800.586	83.8003
802.515	84.193
804.445	84.0674
806.374	83.4844
808.303	82.5559
810.232	81.4692
812.161	80.4394
814.09	79.7806
816.019	79.7582
817.948	80.3133
819.878	81.1414
821.807	81.985
823.736	82.6954
825.665	83.1544
827.594	83.3135
829.523	83.2392
831.452	83.014
833.381	82.6308
835.311	82.0295
837.24	81.1673
839.169	79.9974
841.098	78.4954
843.027	76.8145
844.956	75.2967
846.885	74.2085
848.814	73.526
850.744	73.0181
852.673	72.4727
854.602	71.8286
856.531	71.1474
858.46	70.5165
860.389	70.0172
862.318	69.7513
864.247	69.8015
866.177	70.1539
868.106	70.7135
870.035	71.3708
871.964	72.0144
873.893	72.5409
875.822	72.8985
877.751	73.0993
879.68	73.2056
881.609	73.3103
883.539	73.4898
885.468	73.7579
887.397	74.0631
889.326	74.3248
891.255	74.4943
893.184	74.5735
895.113	74.5788
897.042	74.5504
898.972	74.5986
900.901	74.858
902.83	75.3978
904.759	76.2247
906.688	77.3146
908.617	78.5709
910.546	79.7879
912.475	80.7238
914.405	81.218
916.334	81.2347
918.263	80.8327
920.192	80.125
922.121	79.2257
924.05	78.1955
925.979	77.0516
927.908	75.8114
929.838	74.4859
931.767	73.0688
933.696	71.5871
935.625	70.1468
937.554	68.8848
939.483	67.8777
941.412	67.14
943.341	66.6747
945.271	66.4383
947.2	66.328
949.129	66.3406
951.058	66.6326
952.987	67.2881
954.916	68.1636
956.845	69.0457
958.774	69.8214
960.704	70.4805
962.633	71.087
964.562	71.7508
966.491	72.5479
968.42	73.4623
970.349	74.4024
972.278	75.2491
974.207	75.904
976.137	76.3155
978.066	76.4724
979.995	76.3816
981.924	76.0497
983.853	75.4835
985.782	74.7221
987.711	73.8869
989.64	73.18
991.57	72.7674
993.499	72.6244
995.428	72.5224
997.357	72.1868
999.286	71.4639
1001.22	70.3723
1003.14	69.0372
1005.07	67.5976
1007	66.1976
1008.93	65.0131
1010.86	64.14
1012.79	63.4229
1014.72	62.5265
1016.65	61.2267
1018.58	59.5458
1020.51	57.6288
1022.44	55.6457
1024.36	53.8479
1026.29	52.5811
1028.22	52.0948
1030.15	52.3131
1032.08	52.8736
1034.01	53.4398
1035.94	53.9355
1037.87	54.4749
1039.8	55.1651
1041.73	56.0489
1043.66	57.1774
1045.58	58.6265
1047.51	60.4044
1049.44	62.3733
1051.37	64.2738
1053.3	65.8168
1055.23	66.8318
1057.16	67.4007
1059.09	67.7673
1061.02	68.0462
1062.95	68.1022
1064.88	67.7607
1066.81	67.0724
1068.73	66.3637
1070.66	66.0476
1072.59	66.335
1074.52	67.113
1076.45	68.1148
1078.38	69.1383
1080.31	70.0674
1082.24	70.8075
1084.17	71.282
1086.1	71.4423
1088.03	71.272
1089.95	70.8092
1091.88	70.1172
1093.81	69.2353
1095.74	68.219
1097.67	67.1708
1099.6	66.1543
1101.53	65.1417
1103.46	64.0783
1105.39	62.9328
1107.32	61.7081
1109.25	60.4672
1111.18	59.3074
1113.1	58.2849
1115.03	57.3989
1116.96	56.6058
1118.89	55.8131
1120.82	54.9195
1122.75	53.8973
1124.68	52.7968
1126.61	51.672
1128.54	50.537
1130.47	49.3956
1132.4	48.2783
1134.32	47.226
1136.25	46.2594
1138.18	45.396
1140.11	44.6728
1142.04	44.124
1143.97	43.7641
1145.9	43.6027
1147.83	43.6352
1149.76	43.824
1151.69	44.1359
1153.62	44.5823
1155.55	45.1647
1157.47	45.8245
1159.4	46.5172
1161.33	47.2745
1163.26	48.1314
1165.19	49.0729
1167.12	50.0978
1169.05	51.2485
1170.98	52.5449
1172.91	53.957
1174.84	55.4466
1176.77	56.982
1178.69	58.5177
1180.62	60.0059
1182.55	61.421
1184.48	62.7477
1186.41	63.9619
1188.34	65.0462
1190.27	66.0159
1192.2	66.9132
1194.13	67.7705
1196.06	68.5746
1197.99	69.2703
1199.91	69.8031
1201.84	70.1335
1203.77	70.1988
1205.7	69.9169
1207.63	69.2578
1209.56	68.2438
1211.49	66.8862
1213.42	65.2042
1215.35	63.2478
1217.28	61.0421
1219.21	58.6244
1221.14	56.1257
1223.06	53.6794
1224.99	51.3163
1226.92	49.0494
1228.85	46.9466
1230.78	45.0662
1232.71	43.4367
1234.64	42.112
1236.57	41.1434
1238.5	40.4959
1240.43	40.0484
1242.36	39.6711
1244.28	39.2853
1246.21	38.8564
1248.14	38.3628
1250.07	37.8194
1252	37.2953
1253.93	36.8791
1255.86	36.6833
1257.79	36.8369
1259.72	37.3813
1261.65	38.2642
1263.58	39.4717
1265.51	41.0007
1267.43	42.754
1269.36	44.6198
1271.29	46.5369
1273.22	48.4319
1275.15	50.2473
1277.08	51.9955
1279.01	53.7075
1280.94	55.4024
1282.87	57.0797
1284.8	58.7039
1286.73	60.2655
1288.65	61.8063
1290.58	63.3237
1292.51	64.7592
1294.44	66.105
1296.37	67.4264
1298.3	68.8203
1300.23	70.396
1302.16	72.2088
1304.09	74.2002
1306.02	76.2373
1307.95	78.1676
1309.87	79.8391
1311.8	81.1092
1313.73	81.8627
1315.66	82.0854
1317.59	81.898
1319.52	81.5341
1321.45	81.3151
1323.38	81.4955
1325.31	82.1054
1327.24	82.9513
1329.17	83.7558
1331.1	84.3196
1333.02	84.5701
1334.95	84.5978
1336.88	84.6008
1338.81	84.7355
1340.74	85.0393
1342.67	85.4583
1344.6	85.9403
1346.53	86.4312
1348.46	86.7818
1350.39	86.7931
1352.32	86.4029
1354.24	85.7024
1356.17	84.9276
1358.1	84.3925
1360.03	84.1301
1361.96	83.7999
1363.89	83.1677
1365.82	82.3509
1367.75	81.3417
1369.68	80.1584
1371.61	79.0969
1373.54	78.2603
1375.47	77.5076
1377.39	76.893
1379.32	76.5361
1381.25	76.455
1383.18	76.6756
1385.11	77.2712
1387.04	78.253
1388.97	79.2467
1390.9	79.8953
1392.83	80.2752
1394.76	80.3938
1396.69	80.0998
1398.61	79.4713
1400.54	78.8553
1402.47	78.5238
1404.4	78.522
1406.33	78.8226
1408.26	79.3835
1410.19	80.2109
1412.12	81.2588
1414.05	82.2835
1415.98	83.2555
1417.91	84.3693
1419.83	85.3947
1421.76	85.9196
1423.69	86.0158
1425.62	85.8919
1427.55	85.634
1429.48	84.982
1431.41	83.8182
1433.34	82.5844
1435.27	81.314
1437.2	79.6498
1439.13	78.0295
1441.06	76.8563
1442.98	75.9371
1444.91	75.2575
1446.84	74.8309
1448.77	74.4759
1450.7	74.2594
1452.63	74.4579
1454.56	75.1907
1456.49	76.4921
1458.42	77.7137
1460.35	78.4033
1462.28	79.21
1464.2	80.4355
1466.13	81.6898
1468.06	82.6351
1469.99	83.6616
1471.92	84.929
1473.85	85.7956
1475.78	86.0691
1477.71	86.3563
1479.64	86.7629
1481.57	87.1693
1483.5	87.5797
1485.43	88.095
1487.35	88.8675
1489.28	89.8889
1491.21	90.7341
1493.14	91.3708
1495.07	92.163
1497	93.0671
1498.93	93.5945
1500.86	93.8083
1502.79	94.1211
1504.72	94.6624
1506.65	95.2881
1508.57	95.3934
1510.5	95.1544
1512.43	95.0524
1514.36	95.1723
1516.29	95.4412
1518.22	95.734
1520.15	95.9671
1522.08	96.0151
1524.01	95.8877
1525.94	95.7207
1527.87	95.5723
1529.8	95.5063
1531.72	95.5792
1533.65	95.711
1535.58	95.8032
1537.51	96.0392
1539.44	96.5513
1541.37	96.7139
1543.3	96.1921
1545.23	95.739
1547.16	95.5577
1549.09	95.567
1551.02	95.6548
1552.94	95.7275
1554.87	95.8701
1556.8	96.2625
1558.73	96.5806
1560.66	96.1319
1562.59	95.5921
1564.52	95.3474
1566.45	95.3584
1568.38	95.4608
1570.31	95.3435
1572.24	95.1065
1574.16	95.0943
1576.09	95.223
1578.02	95.0517
1579.95	94.7315
1581.88	94.6073
1583.81	94.6554
1585.74	94.711
1587.67	94.7357
1589.6	94.7816
1591.53	94.8622
1593.46	94.9445
1595.39	94.9613
1597.31	94.8963
1599.24	94.848
1601.17	94.8682
1603.1	94.864
1605.03	94.8009
1606.96	94.7855
1608.89	94.7889
1610.82	94.6753
1612.75	94.5829
1614.68	94.6817
1616.61	94.7148
1618.53	94.4224
1620.46	94.1501
1622.39	93.9808
1624.32	93.7026
1626.25	93.3208
1628.18	92.855
1630.11	92.3087
1632.04	91.9566
1633.97	91.924
1635.9	91.821
1637.83	91.4306
1639.76	91.3932
1641.68	91.8988
1643.61	92.7311
1645.54	93.6856
1647.47	94.2866
1649.4	94.3861
1651.33	94.5878
1653.26	94.9611
1655.19	94.6488
1657.12	94.1144
1659.05	93.9273
1660.98	93.9647
1662.9	93.8369
1664.83	93.5277
1666.76	93.4225
1668.69	93.5399
1670.62	93.4694
1672.55	93.2014
1674.48	92.971
1676.41	92.5856
1678.34	92.1086
1680.27	91.8619
1682.2	91.7747
1684.12	91.5012
1686.05	90.8902
1687.98	90.1428
1689.91	89.395
1691.84	88.6573
1693.77	87.7493
1695.7	86.6661
1697.63	85.4852
1699.56	83.6363
1701.49	81.0972
1703.42	78.5984
1705.35	75.7568
1707.27	72.1916
1709.2	68.5655
1711.13	65.252
1713.06	62.1587
1714.99	59.4804
1716.92	56.951
1718.85	54.3378
1720.78	52.6495
1722.71	51.9755
1724.64	51.7667
1726.57	51.9624
1728.49	52.5848
1730.42	53.3986
1732.35	54.2163
1734.28	54.5726
1736.21	54.2984
1738.14	54.0029
1740.07	53.8016
1742	53.5744
1743.93	53.6675
1745.86	54.3305
1747.79	55.5884
1749.72	57.5601
1751.64	59.8013
1753.57	61.9886
1755.5	64.6662
1757.43	67.9921
1759.36	71.4535
1761.29	74.9327
1763.22	78.3616
1765.15	81.2506
1767.08	83.6926
1769.01	86.0939
1770.94	88.3123
1772.86	90.0442
1774.79	91.2746
1776.72	92.0349
1778.65	92.5808
1780.58	93.1921
1782.51	93.7021
1784.44	93.9872
1786.37	94.2823
1788.3	94.6446
1790.23	94.9869
1792.16	95.2465
1794.08	95.2734
1796.01	95.2347
1797.94	95.399
1799.87	95.6284
1801.8	95.6693
1803.73	95.6188
1805.66	95.5961
1807.59	95.615
1809.52	95.7259
1811.45	95.8225
1813.38	95.759
1815.31	95.6662
1817.23	95.7101
1819.16	95.8645
1821.09	96.0232
1823.02	96.145
1824.95	96.2695
1826.88	96.4413
1828.81	96.5784
1830.74	96.5547
1832.67	96.4305
1834.6	96.3676
1836.53	96.4071
1838.45	96.4712
1840.38	96.5206
1842.31	96.6587
1844.24	96.8833
1846.17	96.9351
1848.1	96.8023
1850.03	96.7161
1851.96	96.7348
1853.89	96.7849
1855.82	96.8429
1857.75	96.9249
1859.68	96.9867
1861.6	96.9683
1863.53	96.9621
1865.46	97.127
1867.39	97.3991
1869.32	97.539
1871.25	97.5014
1873.18	97.3516
1875.11	97.1226
1877.04	97.0507
1878.97	97.2723
1880.9	97.4856
1882.82	97.495
1884.75	97.5176
1886.68	97.6557
1888.61	97.7122
1890.54	97.6215
1892.47	97.5579
1894.4	97.5788
1896.33	97.6023
1898.26	97.6414
1900.19	97.7397
1902.12	97.8263
1904.05	97.8976
1905.97	98.0727
1907.9	98.2678
1909.83	98.2243
1911.76	98.006
1913.69	97.9522
1915.62	98.1175
1917.55	98.245
1919.48	98.2216
1921.41	98.2473
1923.34	98.3573
1925.27	98.34
1927.19	98.2574
1929.12	98.3437
1931.05	98.4675
1932.98	98.3918
1934.91	98.2383
1936.84	98.2034
1938.77	98.3564
1940.7	98.7315
1942.63	99.0718
1944.56	98.974
1946.49	98.6453
1948.41	98.5932
1950.34	98.9088
1952.27	99.3342
1954.2	99.5831
1956.13	99.5872
1958.06	99.6176
1959.99	99.7848
1961.92	99.7216
1963.85	99.3833
1965.78	99.3106
1967.71	99.6167
1969.64	99.8357
1971.56	99.8969
1973.49	99.9669
1975.42	99.8832
1977.35	99.7315
1979.28	99.8912
1981.21	100.117
1983.14	99.937
1985.07	99.6304
1987	99.6109
1988.93	99.6441
1990.86	99.4982
1992.78	99.4622
1994.71	99.7493
1996.64	100.122
1998.57	100.275
2000.5	100.156
2002.43	99.9617
2004.36	99.8673
2006.29	99.8809
2008.22	99.9613
2010.15	100.098
2012.08	100.287
2014.01	100.47
2015.93	100.528
2017.86	100.513
2019.79	100.66
2021.72	100.861
2023.65	100.746
2025.58	100.425
2027.51	100.284
2029.44	100.245
2031.37	100.114
2033.3	100.106
2035.23	100.324
2037.15	100.434
2039.08	100.311
2041.01	100.232
2042.94	100.316
2044.87	100.38
2046.8	100.318
2048.73	100.156
2050.66	99.9542
2052.59	99.8911
2054.52	100.024
2056.45	100.071
2058.37	99.8662
2060.3	99.6828
2062.23	99.7157
2064.16	99.7377
2066.09	99.5358
2068.02	99.3001
2069.95	99.3647
2071.88	99.7001
2073.81	99.8601
2075.74	99.6056
2077.67	99.2867
2079.6	99.2561
2081.52	99.3472
2083.45	99.2615
2085.38	99.0597
2087.31	99.0012
2089.24	99.166
2091.17	99.3914
2093.1	99.4788
2095.03	99.3893
2096.96	99.2352
2098.89	99.1117
2100.82	99.027
2102.74	99.033
2104.67	99.2135
2106.6	99.4273
2108.53	99.3693
2110.46	99.0263
2112.39	98.7281
2114.32	98.695
2116.25	98.8572
2118.18	99.0355
2120.11	99.0842
2122.04	98.9797
2123.97	98.8436
2125.89	98.8375
2127.82	99.02
2129.75	99.2312
2131.68	99.2285
2133.61	99.101
2135.54	99.2143
2137.47	99.5876
2139.4	99.8775
2141.33	99.9916
2143.26	100.079
2145.19	100.128
2147.11	100.099
2149.04	100.082
2150.97	100.095
2152.9	100.143
2154.83	100.354
2156.76	100.628
2158.69	100.611
2160.62	100.367
2162.55	100.328
2164.48	100.445
2166.41	100.319
2168.33	100.011
2170.26	99.8676
2172.19	99.8465
2174.12	99.7424
2176.05	99.731
2177.98	100.053
2179.91	100.475
2181.84	100.618
2183.77	100.537
2185.7	100.491
2187.63	100.436
2189.56	100.205
2191.48	99.9328
2193.41	99.9122
2195.34	100.132
2197.27	100.27
2199.2	100.21
2201.13	100.226
2203.06	100.415
2204.99	100.447
2206.92	100.193
2208.85	99.9327
2210.78	99.7794
2212.7	99.6345
2214.63	99.5687
2216.56	99.668
2218.49	99.8284
2220.42	99.9527
2222.35	99.9861
2224.28	99.8565
2226.21	99.6449
2228.14	99.5621
2230.07	99.6499
2232	99.7081
2233.93	99.5698
2235.85	99.3864
2237.78	99.4291
2239.71	99.6089
2241.64	99.6227
2243.57	99.5365
2245.5	99.6298
2247.43	99.8249
2249.36	99.8489
2251.29	99.6866
2253.22	99.4921
2255.15	99.4003
2257.07	99.5217
2259	99.7697
2260.93	99.8592
2262.86	99.718
2264.79	99.555
2266.72	99.4526
2268.65	99.36
2270.58	99.3465
2272.51	99.3997
2274.44	99.3258
2276.37	99.1363
2278.29	99.0395
2280.22	99.0374
2282.15	99.0379
2284.08	99.0875
2286.01	99.1257
2287.94	98.9933
2289.87	98.8246
2291.8	98.8811
2293.73	99.0837
2295.66	99.1927
2297.59	99.2201
2299.52	99.2889
2301.44	99.3558
2303.37	99.3383
2305.3	99.3492
2307.23	99.636
2309.16	100.243
2311.09	100.835
2313.02	101.093
2314.95	101.147
2316.88	101.296
2318.81	101.662
2320.74	102.25
2322.66	102.916
2324.59	103.469
2326.52	103.98
2328.45	104.543
2330.38	104.924
2332.31	104.996
2334.24	105.026
2336.17	105.094
2338.1	105.116
2340.03	105.313
2341.96	105.627
2343.89	105.156
2345.81	103.709
2347.74	102.627
2349.67	102.651
2351.6	103.804
2353.53	105.735
2355.46	107.434
2357.39	108.479
2359.32	109.141
2361.25	109.025
2363.18	108.206
2365.11	107.428
2367.03	106.604
2368.96	105.196
2370.89	103.501
2372.82	102.104
2374.75	100.931
2376.68	99.7946
2378.61	98.9106
2380.54	98.4086
2382.47	98.0945
2384.4	97.8019
2386.33	97.5381
2388.26	97.361
2390.18	97.3137
2392.11	97.3335
2394.04	97.2477
2395.97	97.0482
2397.9	96.96
2399.83	97.0585
2401.76	97.161
2403.69	97.1961
2405.62	97.2847
2407.55	97.4222
2409.48	97.4648
2411.4	97.4214
2413.33	97.4353
2415.26	97.5154
2417.19	97.5309
2419.12	97.4412
2421.05	97.3594
2422.98	97.407
2424.91	97.5931
2426.84	97.8115
2428.77	97.9123
2430.7	97.8105
2432.62	97.5963
2434.55	97.5102
2436.48	97.6735
2438.41	97.8877
2440.34	97.9127
2442.27	97.8199
2444.2	97.7997
2446.13	97.8423
2448.06	97.8776
2449.99	97.9714
2451.92	98.1554
2453.85	98.2802
2455.77	98.1988
2457.7	97.984
2459.63	97.8486
2461.56	97.8805
2463.49	97.9644
2465.42	97.9867
2467.35	97.98
2469.28	97.9975
2471.21	98.0061
2473.14	97.9798
2475.07	97.956
2476.99	97.9479
2478.92	97.9334
2480.85	97.9396
2482.78	98.0101
2484.71	98.1039
2486.64	98.1387
2488.57	98.0969
2490.5	98.0292
2492.43	98.0121
2494.36	98.0904
2496.29	98.1842
2498.22	98.1374
2500.14	97.9658
2502.07	97.8901
2504	97.981
2505.93	98.0274
2507.86	97.9268
2509.79	97.8544
2511.72	97.8967
2513.65	97.9408
2515.58	97.9748
2517.51	98.0699
2519.44	98.1327
2521.36	98.0388
2523.29	97.8668
2525.22	97.7835
2527.15	97.8325
2529.08	97.9125
2531.01	97.9132
2532.94	97.8542
2534.87	97.8391
2536.8	97.8926
2538.73	97.937
2540.66	97.8883
2542.58	97.7427
2544.51	97.6053
2546.44	97.5701
2548.37	97.594
2550.3	97.606
2552.23	97.6251
2554.16	97.6597
2556.09	97.6627
2558.02	97.6326
2559.95	97.6063
2561.88	97.5896
2563.81	97.583
2565.73	97.5838
2567.66	97.5532
2569.59	97.4771
2571.52	97.3999
2573.45	97.352
2575.38	97.3491
2577.31	97.4252
2579.24	97.5233
2581.17	97.4959
2583.1	97.3558
2585.03	97.2898
2586.95	97.343
2588.88	97.3897
2590.81	97.3841
2592.74	97.3561
2594.67	97.2949
2596.6	97.2339
2598.53	97.2568
2600.46	97.3414
2602.39	97.3728
2604.32	97.3056
2606.25	97.2107
2608.18	97.1798
2610.1	97.2047
2612.03	97.182
2613.96	97.0662
2615.89	96.9316
2617.82	96.8647
2619.75	96.8777
2621.68	96.9084
2623.61	96.8843
2625.54	96.8263
2627.47	96.819
2629.4	96.8575
2631.32	96.8684
2633.25	96.8287
2635.18	96.7262
2637.11	96.5528
2639.04	96.4132
2640.97	96.4278
2642.9	96.5378
2644.83	96.5989
2646.76	96.5756
2648.69	96.5172
2650.62	96.4587
2652.54	96.3997
2654.47	96.32
2656.4	96.232
2658.33	96.1889
2660.26	96.1897
2662.19	96.1604
2664.12	96.0787
2666.05	96.0207
2667.98	96.0422
2669.91	96.0907
2671.84	96.0919
2673.77	96.0626
2675.69	96.0407
2677.62	95.9918
2679.55	95.9144
2681.48	95.8911
2683.41	95.9286
2685.34	95.9488
2687.27	95.9582
2689.2	96.0039
2691.13	96.0367
2693.06	95.9918
2694.99	95.8903
2696.91	95.8077
2698.84	95.8145
2700.77	95.8821
2702.7	95.885
2704.63	95.8119
2706.56	95.7936
2708.49	95.842
2710.42	95.8396
2712.35	95.7811
2714.28	95.7429
2716.21	95.7076
2718.14	95.6401
2720.06	95.6016
2721.99	95.6476
2723.92	95.7205
2725.85	95.7172
2727.78	95.6286
2729.71	95.5509
2731.64	95.5254
2733.57	95.4822
2735.5	95.4149
2737.43	95.4156
2739.36	95.4726
2741.28	95.4746
2743.21	95.4222
2745.14	95.3966
2747.07	95.4014
2749	95.3999
2750.93	95.3894
2752.86	95.3798
2754.79	95.3961
2756.72	95.4531
2758.65	95.5012
2760.58	95.4851
2762.51	95.4051
2764.43	95.2858
2766.36	95.1848
2768.29	95.1711
2770.22	95.2125
2772.15	95.217
2774.08	95.1895
2776.01	95.1846
2777.94	95.1761
2779.87	95.112
2781.8	95.0143
2783.73	94.9474
2785.65	94.9314
2787.58	94.9201
2789.51	94.8898
2791.44	94.9047
2793.37	94.9997
2795.3	95.0806
2797.23	95.0709
2799.16	95.0277
2801.09	94.9952
2803.02	94.9171
2804.95	94.7834
2806.87	94.6694
2808.8	94.5851
2810.73	94.4791
2812.66	94.37
2814.59	94.2981
2816.52	94.2401
2818.45	94.1899
2820.38	94.1434
2822.31	93.9979
2824.24	93.7195
2826.17	93.4784
2828.1	93.3606
2830.02	93.2228
2831.95	92.9947
2833.88	92.7596
2835.81	92.5252
2837.74	92.2778
2839.67	92.1125
2841.6	92.0571
2843.53	91.9958
2845.46	91.8323
2847.39	91.5309
2849.32	91.1155
2851.24	90.7244
2853.17	90.4299
2855.1	90.0745
2857.03	89.5034
2858.96	88.787
2860.89	88.0927
2862.82	87.5105
2864.75	87.0435
2866.68	86.6682
2868.61	86.3731
2870.54	86.1314
2872.47	85.9211
2874.39	85.8176
2876.32	85.9285
2878.25	86.2394
2880.18	86.6512
2882.11	87.0632
2884.04	87.3615
2885.97	87.516
2887.9	87.6271
2889.83	87.7269
2891.76	87.7398
2893.69	87.6835
2895.61	87.648
2897.54	87.6424
2899.47	87.6268
2901.4	87.5425
2903.33	87.3111
2905.26	86.9932
2907.19	86.809
2909.12	86.8489
2911.05	86.9357
2912.98	86.8489
2914.91	86.5583
2916.83	86.1863
2918.76	85.8031
2920.69	85.3885
2922.62	84.999
2924.55	84.6998
2926.48	84.3532
2928.41	83.856
2930.34	83.4274
2932.27	83.2912
2934.2	83.3934
2936.13	83.6451
2938.06	84.0092
2939.98	84.3315
2941.91	84.5011
2943.84	84.5986
2945.77	84.6232
2947.7	84.4165
2949.63	83.9576
2951.56	83.3916
2953.49	82.7964
2955.42	82.1987
2957.35	81.7376
2959.28	81.6176
2961.2	81.923
2963.13	82.593
2965.06	83.5405
2966.99	84.6577
2968.92	85.7516
2970.85	86.6729
2972.78	87.4684
2974.71	88.2441
2976.64	88.981
2978.57	89.6097
2980.5	90.1236
2982.43	90.5512
2984.35	90.9272
2986.28	91.2572
2988.21	91.4643
2990.14	91.5109
2992.07	91.5236
2994	91.6086
2995.93	91.7052
2997.86	91.7984
2999.79	92.0131
3001.72	92.3869
3003.65	92.8135
3005.57	93.1911
3007.5	93.4567
3009.43	93.5971
3011.36	93.668
3013.29	93.7052
3015.22	93.7359
3017.15	93.8591
3019.08	94.1041
3021.01	94.3532
3022.94	94.5392
3024.87	94.683
3026.79	94.7755
3028.72	94.8419
3030.65	94.9333
3032.58	94.9952
3034.51	94.9729
3036.44	94.9325
3038.37	94.9516
3040.3	95.0942
3042.23	95.409
3044.16	95.7364
3046.09	95.8015
3048.02	95.648
3049.94	95.569
3051.87	95.6021
3053.8	95.584
3055.73	95.5321
3057.66	95.5266
3059.59	95.5208
3061.52	95.5455
3063.45	95.6817
3065.38	95.8237
3067.31	95.8783
3069.24	95.9055
3071.16	95.8633
3073.09	95.7634
3075.02	95.8653
3076.95	96.118
3078.88	96.0677
3080.81	95.723
3082.74	95.5703
3084.67	95.6839
3086.6	95.7788
3088.53	95.8085
3090.46	95.8487
3092.39	95.8692
3094.31	95.8664
3096.24	95.8211
3098.17	95.6559
3100.1	95.4506
3102.03	95.3954
3103.96	95.483
3105.89	95.5197
3107.82	95.4417
3109.75	95.4053
3111.68	95.5077
3113.61	95.5995
3115.53	95.5362
3117.46	95.4344
3119.39	95.48
3121.32	95.6498
3123.25	95.7301
3125.18	95.5752
3127.11	95.3779
3129.04	95.4653
3130.97	95.7415
3132.9	95.7792
3134.83	95.5309
3136.75	95.3641
3138.68	95.4119
3140.61	95.5097
3142.54	95.5793
3144.47	95.6238
3146.4	95.5799
3148.33	95.4613
3150.26	95.4349
3152.19	95.5847
3154.12	95.7644
3156.05	95.816
3157.98	95.7728
3159.9	95.6856
3161.83	95.5001
3163.76	95.2779
3165.69	95.1947
3167.62	95.227
3169.55	95.2072
3171.48	95.1385
3173.41	95.1437
3175.34	95.2202
3177.27	95.2434
3179.2	95.1575
3181.12	95.0817
3183.05	95.1317
3184.98	95.1845
3186.91	95.0788
3188.84	94.9464
3190.77	94.9775
3192.7	95.0573
3194.63	94.9951
3196.56	94.8776
3198.49	94.8872
3200.42	94.9641
3202.35	94.9388
3204.27	94.8684
3206.2	94.9256
3208.13	95.0402
3210.06	95.0087
3211.99	94.8305
3213.92	94.5915
3215.85	94.3055
3217.78	94.1152
3219.71	94.188
3221.64	94.3678
3223.57	94.412
3225.49	94.3406
3227.42	94.2191
3229.35	94.0953
3231.28	94.1357
3233.21	94.2814
3235.14	94.2425
3237.07	94.1207
3239	94.1802
3240.93	94.1898
3242.86	93.9862
3244.79	93.9238
3246.72	94.0346
3248.64	93.9615
3250.57	93.8656
3252.5	94.0669
3254.43	94.2697
3256.36	94.179
3258.29	94.0185
3260.22	93.9376
3262.15	93.8402
3264.08	93.7235
3266.01	93.6
3267.94	93.4644
3269.86	93.4325
3271.79	93.5295
3273.72	93.6018
3275.65	93.6025
3277.58	93.5927
3279.51	93.5437
3281.44	93.419
3283.37	93.2709
3285.3	93.1791
3287.23	93.1956
3289.16	93.2638
3291.08	93.2365
3293.01	93.1018
3294.94	93.0146
3296.87	93.0236
3298.8	93.0009
3300.73	92.8875
3302.66	92.8187
3304.59	92.9162
3306.52	93.0577
3308.45	93.0139
3310.38	92.7983
3312.31	92.64
3314.23	92.6197
3316.16	92.6453
3318.09	92.7007
3320.02	92.802
3321.95	92.8566
3323.88	92.8129
3325.81	92.7569
3327.74	92.7351
3329.67	92.6836
3331.6	92.5831
3333.53	92.5142
3335.45	92.5287
3337.38	92.5543
3339.31	92.4944
3341.24	92.3953
3343.17	92.3937
3345.1	92.4852
3347.03	92.5344
3348.96	92.5385
3350.89	92.6199
3352.82	92.7529
3354.75	92.7725
3356.68	92.6521
3358.6	92.5376
3360.53	92.5082
3362.46	92.5331
3364.39	92.6384
3366.32	92.8404
3368.25	92.9777
3370.18	92.9244
3372.11	92.8225
3374.04	92.8152
3375.97	92.8211
3377.9	92.7839
3379.82	92.8073
3381.75	92.9227
3383.68	93.0074
3385.61	92.9643
3387.54	92.851
3389.47	92.8135
3391.4	92.9108
3393.33	93.0515
3395.26	93.1329
3397.19	93.137
3399.12	93.092
3401.04	93.063
3402.97	93.09
3404.9	93.1053
3406.83	93.0779
3408.76	93.1084
3410.69	93.2014
3412.62	93.2375
3414.55	93.2319
3416.48	93.2508
3418.41	93.2329
3420.34	93.2323
3422.27	93.4258
3424.19	93.6611
3426.12	93.6154
3428.05	93.3412
3429.98	93.1343
3431.91	93.1484
3433.84	93.3344
3435.77	93.4945
3437.7	93.5226
3439.63	93.6198
3441.56	93.8997
3443.49	94.0836
3445.41	94.025
3447.34	93.9991
3449.27	94.1395
3451.2	94.2027
3453.13	94.0726
3455.06	93.9422
3456.99	94.0087
3458.92	94.2543
3460.85	94.4896
3462.78	94.5587
3464.71	94.5122
3466.64	94.4727
3468.56	94.4458
3470.49	94.389
3472.42	94.2401
3474.35	93.9453
3476.28	93.7414
3478.21	93.9869
3480.14	94.5056
3482.07	94.7561
3484	94.6865
3485.93	94.617
3487.86	94.5487
3489.78	94.3975
3491.71	94.2821
3493.64	94.2188
3495.57	94.2037
3497.5	94.3925
3499.43	94.6883
3501.36	94.7679
3503.29	94.6984
3505.22	94.7648
3507.15	94.7827
3509.08	94.4914
3511	94.2141
3512.93	94.3294
3514.86	94.5779
3516.79	94.6052
3518.72	94.5658
3520.65	94.7216
3522.58	94.9612
3524.51	95.0372
3526.44	94.8896
3528.37	94.6556
3530.3	94.5644
3532.23	94.663
3534.15	94.7147
3536.08	94.5863
3538.01	94.4395
3539.94	94.4422
3541.87	94.6059
3543.8	94.8318
3545.73	94.9281
3547.66	94.9212
3549.59	95.0612
3551.52	95.2372
3553.45	95.1294
3555.37	94.8614
3557.3	94.731
3559.23	94.7668
3561.16	94.9753
3563.09	95.2738
3565.02	95.3746
3566.95	95.2698
3568.88	95.3271
3570.81	95.4747
3572.74	95.4718
3574.67	95.434
3576.6	95.5257
3578.52	95.7401
3580.45	95.9881
3582.38	96.0935
3584.31	96.0161
3586.24	95.9586
3588.17	95.9671
3590.1	95.9072
3592.03	95.8801
3593.96	95.9305
3595.89	95.9929
3597.82	96.2526
3599.74	96.7238
3601.67	96.9322
3603.6	96.7888
3605.53	96.773
3607.46	96.9416
3609.39	96.8703
3611.32	96.5302
3613.25	96.3169
3615.18	96.4272
3617.11	96.7768
3619.04	97.1571
3620.97	97.313
3622.89	97.1687
3624.82	96.9607
3626.75	96.9861
3628.68	97.1976
3630.61	97.0083
3632.54	96.5752
3634.47	96.4153
3636.4	96.3966
3638.33	96.3484
3640.26	96.5993
3642.19	97.2024
3644.11	97.6161
3646.04	97.7012
3647.97	97.8271
3649.9	97.7609
3651.83	97.2268
3653.76	96.8929
3655.69	96.9797
3657.62	97.0455
3659.55	96.7981
3661.48	96.5626
3663.41	96.5701
3665.33	96.6863
3667.26	96.817
3669.19	97.0886
3671.12	97.5358
3673.05	98.0325
3674.98	98.3596
3676.91	98.0381
3678.84	97.3919
3680.77	97.0918
3682.7	96.9633
3684.63	96.7211
3686.56	96.738
3688.48	97.5347
3690.41	98.4022
3692.34	98.239
3694.27	97.586
3696.2	97.0802
3698.13	96.8231
3700.06	96.8273
3701.99	97.0845
3703.92	97.3663
3705.85	97.5087
3707.78	97.6388
3709.7	97.8216
3711.63	97.8128
3713.56	97.5474
3715.49	97.4405
3717.42	97.6324
3719.35	97.8222
3721.28	97.7262
3723.21	97.6123
3725.14	97.8181
3727.07	98.0493
3729	97.9888
3730.93	97.958
3732.85	98.3853
3734.78	98.9685
3736.71	98.8455
3738.64	98.2965
3740.57	98.0438
3742.5	98.0664
3744.43	98.0881
3746.36	98.1134
3748.29	98.2553
3750.22	98.2731
3752.15	97.9281
3754.07	97.5585
3756	97.4003
3757.93	97.3592
3759.86	97.3411
3761.79	97.2789
3763.72	97.1674
3765.65	97.0815
3767.58	97.121
3769.51	97.2556
3771.44	97.2994
3773.37	97.2129
3775.29	97.1661
3777.22	97.1665
3779.15	97.0282
3781.08	96.8274
3783.01	96.8107
3784.94	96.8348
3786.87	96.6814
3788.8	96.5564
3790.73	96.7216
3792.66	97.0896
3794.59	97.4322
3796.52	97.5975
3798.44	97.638
3800.37	97.7069
3802.3	97.7196
3804.23	97.5769
3806.16	97.505
3808.09	97.5066
3810.02	97.2943
3811.95	97.0349
3813.88	97.1253
3815.81	97.5129
3817.74	97.7091
3819.66	97.7206
3821.59	97.7304
3823.52	97.568
3825.45	97.3415
3827.38	97.3262
3829.31	97.4941
3831.24	97.6329
3833.17	97.6242
3835.1	97.4643
3837.03	97.2939
3838.96	97.3389
3840.89	97.4957
3842.81	97.464
3844.74	97.2725
3846.67	97.1546
3848.6	97.2038
3850.53	97.3766
3852.46	97.6396
3854.39	97.7633
3856.32	97.5263
3858.25	97.2223
3860.18	97.0873
3862.11	97.1267
3864.03	97.2238
3865.96	97.3403
3867.89	97.443
3869.82	97.391
3871.75	97.2169
3873.68	97.1092
3875.61	97.0712
3877.54	97.097
3879.47	97.2316
3881.4	97.3094
3883.33	97.1768
3885.25	97.0378
3887.18	97.0626
3889.11	97.1207
3891.04	97.1178
3892.97	97.0779
3894.9	97.0168
3896.83	96.9971
3898.76	97.1226
3900.69	97.3584
3902.62	97.4591
3904.55	97.2852
3906.48	96.9699
3908.4	96.7233
3910.33	96.6317
3912.26	96.6669
3914.19	96.7696
3916.12	96.9417
3918.05	97.1636
3919.98	97.2687
3921.91	97.1877
3923.84	97.0677
3925.77	97.0209
3927.7	96.967
3929.62	96.8255
3931.55	96.6872
3933.48	96.669
3935.41	96.7008
3937.34	96.6775
3939.27	96.6791
3941.2	96.838
3943.13	97.0577
3945.06	97.1001
3946.99	96.9541
3948.92	96.7803
3950.85	96.6547
3952.77	96.5759
3954.7	96.5681
3956.63	96.6609
3958.56	96.8245
3960.49	96.94
3962.42	96.8849
3964.35	96.7326
3966.28	96.7143
3968.21	96.8832
3970.14	97.0356
3972.07	97.0105
3973.99	96.8673
3975.92	96.7324
3977.85	96.6556
3979.78	96.6324
3981.71	96.6484
3983.64	96.6567
3985.57	96.6005
3987.5	96.5305
3989.43	96.5666
3991.36	96.6644
3993.29	96.6584
3995.22	96.5908
3997.14	96.6237
