499.643	91.3598
501.572	90.1271
503.501	87.7979
505.43	87.3937
507.36	88.307
509.289	88.4346
511.218	87.787
513.147	87.5581
515.076	87.7573
517.005	87.8284
518.934	87.9758
520.863	88.2851
522.792	88.1542
524.722	87.5399
526.651	87.1017
528.58	87.1231
530.509	87.4117
532.438	87.7318
534.367	87.8974
536.296	88.0389
538.225	88.329
540.155	88.5853
542.084	88.7993
544.013	89.2159
545.942	89.6709
547.871	89.895
549.8	90.0444
551.729	90.2155
553.658	90.2239
555.588	90.1093
557.517	90.1654
559.446	90.4157
561.375	90.5015
563.304	90.3361
565.233	90.4246
567.162	90.9345
569.091	91.1836
571.021	90.8204
572.95	90.4561
574.879	90.5081
576.808	90.6468
578.737	90.5492
580.666	90.3283
582.595	90.1073
584.524	89.7681
586.454	89.1765
588.383	88.3657
590.312	87.5229
592.241	86.9421
594.17	86.7416
596.099	86.6808
598.028	86.6091
599.957	86.7102
601.887	87.0595
603.816	87.5196
605.745	88.1158
607.674	88.8788
609.603	89.5455
611.532	89.9051
613.461	90.0757
615.39	90.2108
617.32	90.3207
619.249	90.3617
621.178	90.2893
623.107	90.1384
625.036	90.0636
626.965	90.1217
628.894	90.0963
630.823	89.7972
632.753	89.3419
634.682	88.8541
636.611	88.184
638.54	87.2379
640.469	86.1134
642.398	84.8023
644.327	83.2742
646.256	81.6942
648.186	80.3917
650.115	79.7254
652.044	79.6787
653.973	79.9573
655.902	80.4505
657.831	81.1084
659.76	81.9941
661.689	83.3166
663.619	84.7926
665.548	86.0231
667.477	87.1622
669.406	88.4698
671.335	89.5894
673.264	90.4105
675.193	90.9386
677.122	91.2015
679.052	91.4698
680.981	91.813
682.91	92.0421
684.839	92.1802
686.768	92.3642
688.697	92.5108
690.626	92.5318
692.555	92.5787
694.485	92.8266
696.414	93.2056
698.343	93.4782
700.272	93.5516
702.201	93.5635
704.13	93.6387
706.059	93.7318
707.988	93.7516
709.917	93.726
711.847	93.7742
713.776	93.8959
715.705	93.9291
717.634	93.8495
719.563	93.8317
721.492	93.8902
723.421	93.8579
725.35	93.7566
727.28	93.7084
729.209	93.638
731.138	93.4316
733.067	93.1691
734.996	92.9608
736.925	92.8026
738.854	92.7138
740.783	92.771
742.713	92.9205
744.642	93.0038
746.571	93.0143
748.5	93.0646
750.429	93.1321
752.358	93.1321
754.287	93.1254
756.216	93.1922
758.146	93.2744
760.075	93.3037
762.004	93.306
763.933	93.3282
765.862	93.3701
767.791	93.3928
769.72	93.3814
771.649	93.3658
773.579	93.3383
775.508	93.2586
777.437	93.1675
779.366	93.1347
781.295	93.127
783.224	93.0825
785.153	93.0014
787.082	92.8629
789.012	92.6185
790.941	92.286
792.87	91.8636
794.799	91.2423
796.728	90.3784
798.657	89.364
800.586	88.1939
802.515	86.6826
804.445	84.6071
806.374	81.7476
808.303	78.0712
810.232	74.2175
812.161	71.4675
814.09	70.8452
816.019	72.3905
817.948	75.304
819.878	78.5589
821.807	81.4312
823.736	83.6834
825.665	85.3887
827.594	86.668
829.523	87.6013
831.452	88.2585
833.381	88.6794
835.311	88.8452
837.24	88.7532
839.169	88.4687
841.098	88.0386
843.027	87.4786
844.956	86.9108
846.885	86.5517
848.814	86.5072
850.744	86.7026
852.673	87.0176
854.602	87.406
856.531	87.8669
858.46	88.3387
860.389	88.7098
862.318	88.9448
864.247	89.0746
866.177	89.0559
868.106	88.8042
870.035	88.3329
871.964	87.7135
873.893	86.983
875.822	86.194
877.751	85.4388
879.68	84.7865
881.609	84.2977
883.539	84.0445
885.468	84.0128
887.397	84.0695
889.326	84.0881
891.255	84.036
893.184	83.9613
895.113	83.9752
897.042	84.1984
898.972	84.6987
900.901	85.5078
902.83	86.599
904.759	87.7961
906.688	88.8468
908.617	89.6099
910.546	90.0723
912.475	90.2536
914.405	90.1892
916.334	89.9145
918.263	89.4042
920.192	88.5869
922.121	87.4068
924.05	85.8062
925.979	83.6763
927.908	80.8973
929.838	77.4685
931.767	73.6118
933.696	69.747
935.625	66.355
937.554	63.8327
939.483	62.3995
941.412	62.0508
943.341	62.5753
945.271	63.6797
947.2	65.1448
949.129	66.8729
951.058	68.8159
952.987	70.8824
954.916	72.9254
956.845	74.8159
958.774	76.5061
960.704	78.0689
962.633	79.7165
964.562	81.6701
966.491	83.9295
968.42	86.24
970.349	88.2747
972.278	89.8114
974.207	90.8372
976.137	91.5084
978.066	91.9412
979.995	92.1052
981.924	91.9437
983.853	91.4692
985.782	90.7597
987.711	89.9817
989.64	89.3508
991.57	88.9539
993.499	88.6288
995.428	88.0349
997.357	86.8506
999.286	85.0114
1001.22	82.8692
1003.14	81.0479
1005.07	79.9757
1007	79.602
1008.93	79.6935
1010.86	80.2131
1012.79	81.1587
1014.72	82.2376
1016.65	83.0054
1018.58	83.2081
1020.51	82.799
1022.44	81.7914
1024.36	80.308
1026.29	78.6997
1028.22	77.4152
1030.15	76.6273
1032.08	76.0629
1034.01	75.3616
1035.94	74.5078
1037.87	73.7363
1039.8	73.2003
1041.73	72.9595
1043.66	73.102
1045.58	73.6667
1047.51	74.5601
1049.44	75.6072
1051.37	76.5862
1053.3	77.2975
1055.23	77.7367
1057.16	78.1287
1059.09	78.7018
1061.02	79.4528
1062.95	80.1305
1064.88	80.4338
1066.81	80.2737
1068.73	79.8956
1070.66	79.726
1072.59	80.0445
1074.52	80.8003
1076.45	81.7603
1078.38	82.7512
1080.31	83.6793
1082.24	84.445
1084.17	84.9703
1086.1	85.2363
1088.03	85.2415
1089.95	84.9949
1091.88	84.5428
1093.81	83.9424
1095.74	83.2211
1097.67	82.3753
1099.6	81.3924
1101.53	80.2843
1103.46	79.0945
1105.39	77.8359
1107.32	76.4544
1109.25	74.9052
1111.18	73.2132
1113.1	71.4029
1115.03	69.4526
1116.96	67.3805
1118.89	65.2847
1120.82	63.259
1122.75	61.3467
1124.68	59.5551
1126.61	57.8188
1128.54	55.9635
1130.47	53.7706
1132.4	51.0772
1134.32	47.8474
1136.25	44.2299
1138.18	40.5569
1140.11	37.2422
1142.04	34.6333
1143.97	32.9077
1145.9	32.0766
1147.83	32.0797
1149.76	32.8423
1151.69	34.2512
1153.62	36.1643
1155.55	38.4656
1157.47	41.044
1159.4	43.7358
1161.33	46.3609
1163.26	48.7886
1165.19	50.9234
1167.12	52.6933
1169.05	54.1038
1170.98	55.2565
1172.91	56.2956
1174.84	57.3521
1176.77	58.5137
1178.69	59.8264
1180.62	61.3163
1182.55	62.9665
1184.48	64.7016
1186.41	66.4571
1188.34	68.2209
1190.27	69.9871
1192.2	71.7468
1194.13	73.5201
1196.06	75.3115
1197.99	77.0631
1199.91	78.7195
1201.84	80.3088
1203.77	81.8775
1205.7	83.3793
1207.63	84.7393
1209.56	85.9726
1211.49	87.0883
1213.42	87.994
1215.35	88.6725
1217.28	89.2824
1219.21	89.919
1221.14	90.4653
1223.06	90.7979
1224.99	90.9393
1226.92	90.9709
1228.85	90.9293
1230.78	90.8132
1232.71	90.6288
1234.64	90.3925
1236.57	90.1083
1238.5	89.7852
1240.43	89.4718
1242.36	89.2174
1244.28	89.0272
1246.21	88.9322
1248.14	89.0366
1250.07	89.393
1252	89.9046
1253.93	90.4181
1255.86	90.8317
1257.79	91.0916
1259.72	91.1691
1261.65	91.0498
1263.58	90.7218
1265.51	90.1917
1267.43	89.4786
1269.36	88.5817
1271.29	87.5186
1273.22	86.3696
1275.15	85.2069
1277.08	84.0254
1279.01	82.7189
1280.94	81.0348
1282.87	78.6218
1284.8	75.1714
1286.73	70.5687
1288.65	65.2309
1290.58	60.3425
1292.51	57.3029
1294.44	56.8595
1296.37	58.8237
1298.3	62.3144
1300.23	66.1979
1302.16	69.5459
1304.09	71.8812
1306.02	73.0564
1307.95	73.0502
1309.87	72.072
1311.8	70.7612
1313.73	69.9243
1315.66	69.8048
1317.59	69.9666
1319.52	70.1284
1321.45	70.5804
1323.38	71.6412
1325.31	73.292
1327.24	75.351
1329.17	77.6563
1331.1	80.0866
1333.02	82.3825
1334.95	84.1993
1336.88	85.4305
1338.81	86.1763
1340.74	86.5796
1342.67	86.8494
1344.6	87.2187
1346.53	87.8258
1348.46	88.5871
1350.39	89.2449
1352.32	89.6891
1354.24	89.9973
1356.17	90.1657
1358.1	90.1082
1360.03	89.7574
1361.96	88.9231
1363.89	87.4893
1365.82	85.8559
1367.75	84.7073
1369.68	84.5274
1371.61	85.0105
1373.54	85.2375
1375.47	84.7984
1377.39	84.2918
1379.32	84.3784
1381.25	85.1493
1383.18	86.2132
1385.11	87.201
1387.04	88.0208
1388.97	88.5452
1390.9	88.6827
1392.83	88.4913
1394.76	88.0598
1396.69	87.4657
1398.61	86.6991
1400.54	85.9449
1402.47	85.6105
1404.4	85.8814
1406.33	86.5504
1408.26	87.2242
1410.19	87.7974
1412.12	88.3259
1414.05	88.7327
1415.98	88.9645
1417.91	89.0598
1419.83	89.0736
1421.76	89.0176
1423.69	88.8425
1425.62	88.5731
1427.55	88.2096
1429.48	87.5502
1431.41	86.5688
1433.34	85.5396
1435.27	84.4447
1437.2	83.28
1439.13	82.5204
1441.06	82.1755
1442.98	81.8746
1444.91	81.3906
1446.84	80.5584
1448.77	79.3538
1450.7	78.2745
1452.63	77.8536
1454.56	78.1195
1456.49	79.3501
1458.42	81.4483
1460.35	83.0372
1462.28	84.2008
1464.2	85.5579
1466.13	87.0217
1468.06	88.1266
1469.99	89.0259
1471.92	89.9648
1473.85	90.8297
1475.78	91.5074
1477.71	92.0869
1479.64	92.5961
1481.57	93.1289
1483.5	93.7187
1485.43	94.2032
1487.35	94.5313
1489.28	94.8726
1491.21	95.2569
1493.14	95.5238
1495.07	95.6711
1497	95.7891
1498.93	95.9746
1500.86	96.1798
1502.79	96.2869
1504.72	96.2529
1506.65	96.1718
1508.57	96.2847
1510.5	96.4655
1512.43	96.5619
1514.36	96.599
1516.29	96.6153
1518.22	96.6124
1520.15	96.6084
1522.08	96.6511
1524.01	96.702
1525.94	96.7292
1527.87	96.7774
1529.8	96.8232
1531.72	96.8081
1533.65	96.7717
1535.58	96.7679
1537.51	96.7192
1539.44	96.5933
1541.37	96.5756
1543.3	96.701
1545.23	96.7841
1547.16	96.8257
1549.09	96.8314
1551.02	96.7695
1552.94	96.6767
1554.87	96.614
1556.8	96.5617
1558.73	96.5547
1560.66	96.6787
1562.59	96.7774
1564.52	96.7865
1566.45	96.7451
1568.38	96.6953
1570.31	96.6657
1572.24	96.6687
1574.16	96.6785
1576.09	96.651
1578.02	96.6204
1579.95	96.64
1581.88	96.6485
1583.81	96.5921
1585.74	96.5052
1587.67	96.4308
1589.6	96.3723
1591.53	96.3433
1593.46	96.3349
1595.39	96.3118
1597.31	96.2538
1599.24	96.1468
1601.17	96.0016
1603.1	95.8604
1605.03	95.7347
1606.96	95.6055
1608.89	95.4396
1610.82	95.2087
1612.75	94.9508
1614.68	94.6153
1616.61	94.0292
1618.53	93.3639
1620.46	92.7598
1622.39	91.8694
1624.32	90.6903
1626.25	89.6194
1628.18	88.4047
1630.11	86.8811
1632.04	85.4665
1633.97	84.0535
1635.9	82.2544
1637.83	81.4052
1639.76	82.7938
1641.68	85.5686
1643.61	88.4562
1645.54	90.93
1647.47	92.8783
1649.4	93.8997
1651.33	94.2491
1653.26	94.5416
1655.19	94.9754
1657.12	95.2138
1659.05	95.2746
1660.98	95.2062
1662.9	95.0621
1664.83	94.9032
1666.76	94.6954
1668.69	94.4346
1670.62	94.1917
1672.55	93.9784
1674.48	93.649
1676.41	93.1017
1678.34	92.5683
1680.27	92.1189
1682.2	91.4323
1684.12	90.5393
1686.05	89.9406
1687.98	89.2022
1689.91	88.07
1691.84	86.7362
1693.77	84.9606
1695.7	82.5037
1697.63	79.6695
1699.56	76.1616
1701.49	72.0144
1703.42	68.3961
1705.35	64.8921
1707.27	60.7752
1709.2	56.9759
1711.13	54.0295
1713.06	51.4114
1714.99	49.3857
1716.92	48.4976
1718.85	48.2954
1720.78	49.0545
1722.71	51.239
1724.64	54.5309
1726.57	58.7001
1728.49	63.4781
1730.42	68.2821
1732.35	73.0968
1734.28	78.1032
1736.21	82.0448
1738.14	84.4529
1740.07	86.2504
1742	87.8706
1743.93	89.0733
1745.86	89.9999
1747.79	90.9641
1749.72	91.9212
1751.64	92.7532
1753.57	93.4688
1755.5	94.084
1757.43	94.6545
1759.36	95.1563
1761.29	95.5115
1763.22	95.764
1765.15	95.9145
1767.08	95.9406
1769.01	95.9847
1770.94	96.1581
1772.86	96.3752
1774.79	96.566
1776.72	96.7018
1778.65	96.7615
1780.58	96.8236
1782.51	96.9331
1784.44	97.0539
1786.37	97.2098
1788.3	97.3588
1790.23	97.384
1792.16	97.3304
1794.08	97.3683
1796.01	97.4807
1797.94	97.5913
1799.87	97.7094
1801.8	97.8405
1803.73	97.9362
1805.66	97.9394
1807.59	97.8804
1809.52	97.8645
1811.45	97.932
1813.38	98.0533
1815.31	98.205
1817.23	98.3071
1819.16	98.2968
1821.09	98.2744
1823.02	98.3168
1824.95	98.3421
1826.88	98.2721
1828.81	98.1763
1830.74	98.2085
1832.67	98.3741
1834.6	98.4998
1836.53	98.5289
1838.45	98.5366
1840.38	98.5381
1842.31	98.5225
1844.24	98.55
1846.17	98.5908
1848.1	98.5576
1850.03	98.5334
1851.96	98.6262
1853.89	98.7896
1855.82	98.8922
1857.75	98.8769
1859.68	98.8185
1861.6	98.8283
1863.53	98.9077
1865.46	98.9732
1867.39	98.9611
1869.32	98.8793
1871.25	98.8286
1873.18	98.8624
1875.11	98.9332
1877.04	98.9744
1878.97	98.9464
1880.9	98.8946
1882.82	98.9208
1884.75	98.9879
1886.68	98.9389
1888.61	98.8079
1890.54	98.7869
1892.47	98.8731
1894.4	98.9594
1896.33	99.0804
1898.26	99.2437
1900.19	99.3379
1902.12	99.3393
1904.05	99.3099
1905.97	99.225
1907.9	99.0783
1909.83	99.0488
1911.76	99.1974
1913.69	99.2417
1915.62	99.0628
1917.55	98.9681
1919.48	99.1527
1921.41	99.3603
1923.34	99.4025
1925.27	99.375
1927.19	99.3931
1929.12	99.486
1931.05	99.6042
1932.98	99.6255
1934.91	99.5172
1936.84	99.417
1938.77	99.446
1940.7	99.5374
1942.63	99.5468
1944.56	99.5138
1946.49	99.5835
1948.41	99.6722
1950.34	99.6409
1952.27	99.6093
1954.2	99.6864
1956.13	99.7205
1958.06	99.6667
1959.99	99.6806
1961.92	99.6893
1963.85	99.513
1965.78	99.3397
1967.71	99.4389
1969.64	99.645
1971.56	99.7474
1973.49	99.9077
1975.42	100.179
1977.35	100.276
1979.28	100.137
1981.21	100.037
1983.14	100.078
1985.07	100.137
1987	100.084
1988.93	99.8447
1990.86	99.6019
1992.78	99.6902
1994.71	99.9716
1996.64	100.011
1998.57	99.9023
2000.5	100.016
2002.43	100.205
2004.36	100.166
2006.29	100.102
2008.22	100.216
2010.15	100.229
2012.08	100.024
2014.01	99.9407
2015.93	100.123
2017.86	100.301
2019.79	100.289
2021.72	100.196
2023.65	100.142
2025.58	100.102
2027.51	100.052
2029.44	100.083
2031.37	100.214
2033.3	100.251
2035.23	100.136
2037.15	100.061
2039.08	100.006
2041.01	99.7963
2042.94	99.6279
2044.87	99.7914
2046.8	100.116
2048.73	100.273
2050.66	100.231
2052.59	100.117
2054.52	100.018
2056.45	99.9793
2058.37	99.9559
2060.3	99.897
2062.23	99.8906
2064.16	99.9986
2066.09	100.067
2068.02	99.9643
2069.95	99.8397
2071.88	99.8816
2073.81	100.035
2075.74	100.151
2077.67	100.189
2079.6	100.122
2081.52	99.907
2083.45	99.6098
2085.38	99.3581
2087.31	99.2317
2089.24	99.2843
2091.17	99.472
2093.1	99.6215
2095.03	99.6794
2096.96	99.7357
2098.89	99.7312
2100.82	99.6007
2102.74	99.554
2104.67	99.6924
2106.6	99.7305
2108.53	99.5382
2110.46	99.4155
2112.39	99.5343
2114.32	99.6855
2116.25	99.7235
2118.18	99.765
2120.11	99.8614
2122.04	99.8496
2123.97	99.6441
2125.89	99.4317
2127.82	99.4172
2129.75	99.5501
2131.68	99.674
2133.61	99.7724
2135.54	99.8714
2137.47	99.8866
2139.4	99.8012
2141.33	99.7849
2143.26	99.8846
2145.19	99.8857
2147.11	99.7372
2149.04	99.6895
2150.97	99.8045
2152.9	99.8721
2154.83	99.8452
2156.76	99.8451
2158.69	99.9178
2160.62	100.075
2162.55	100.222
2164.48	100.136
2166.41	99.9071
2168.33	99.9205
2170.26	100.147
2172.19	100.166
2174.12	99.9507
2176.05	99.8531
2177.98	99.8605
2179.91	99.7205
2181.84	99.5967
2183.77	99.7699
2185.7	100.02
2187.63	100.025
2189.56	99.8861
2191.48	99.7845
2193.41	99.7047
2195.34	99.6375
2197.27	99.6085
2199.2	99.6442
2201.13	99.809
2203.06	100.014
2204.99	100.082
2206.92	100.118
2208.85	100.271
2210.78	100.292
2212.7	99.9975
2214.63	99.7533
2216.56	99.8895
2218.49	100.15
2220.42	100.186
2222.35	100.077
2224.28	99.9922
2226.21	99.9085
2228.14	99.8986
2230.07	100.098
2232	100.333
2233.93	100.37
2235.85	100.306
2237.78	100.263
2239.71	100.154
2241.64	99.9343
2243.57	99.69
2245.5	99.555
2247.43	99.6237
2249.36	99.7542
2251.29	99.7282
2253.22	99.6613
2255.15	99.7833
2257.07	99.9898
2259	100.042
2260.93	99.9064
2262.86	99.7175
2264.79	99.6632
2266.72	99.7985
2268.65	99.9299
2270.58	99.9163
2272.51	99.9109
2274.44	100.068
2276.37	100.259
2278.29	100.241
2280.22	100.001
2282.15	99.7935
2284.08	99.7838
2286.01	99.7837
2287.94	99.5658
2289.87	99.2604
2291.8	99.1055
2293.73	99.0256
2295.66	98.8536
2297.59	98.7187
2299.52	98.7997
2301.44	98.9359
2303.37	98.8553
2305.3	98.5639
2307.23	98.2475
2309.16	97.9885
2311.09	97.7795
2313.02	97.6578
2314.95	97.6048
2316.88	97.427
2318.81	96.9857
2320.74	96.4395
2322.66	96.0195
2324.59	95.7167
2326.52	95.5034
2328.45	95.4597
2330.38	95.4515
2332.31	95.2047
2334.24	94.8426
2336.17	94.7153
2338.1	94.8474
2340.03	94.9641
2341.96	94.9689
2343.89	95.1262
2345.81	95.564
2347.74	95.9397
2349.67	95.9793
2351.6	95.6237
2353.53	94.9907
2355.46	94.5065
2357.39	94.4123
2359.32	94.414
2361.25	94.2047
2363.18	93.9163
2365.11	94.0156
2367.03	94.6209
2368.96	95.2773
2370.89	95.741
2372.82	96.1978
2374.75	96.7056
2376.68	97.1842
2378.61	97.6704
2380.54	98.1401
2382.47	98.4649
2384.4	98.6575
2386.33	98.8093
2388.26	98.8948
2390.18	98.9255
2392.11	99.0298
2394.04	99.1603
2395.97	99.1256
2397.9	98.9902
2399.83	98.9795
2401.76	99.0805
2403.69	99.1294
2405.62	99.0908
2407.55	99.0003
2409.48	98.8807
2411.4	98.8123
2413.33	98.8576
2415.26	98.9396
2417.19	98.9786
2419.12	99.0293
2421.05	99.112
2422.98	99.1183
2424.91	99.0685
2426.84	99.1437
2428.77	99.2889
2430.7	99.2265
2432.62	98.9895
2434.55	98.8968
2436.48	98.9853
2438.41	99.0228
2440.34	98.9546
2442.27	98.8986
2444.2	98.9235
2446.13	99.036
2448.06	99.1466
2449.99	99.1245
2451.92	99.0379
2453.85	99.0602
2455.77	99.1499
2457.7	99.1684
2459.63	99.1421
2461.56	99.1105
2463.49	98.9988
2465.42	98.8458
2467.35	98.8334
2469.28	98.985
2471.21	99.1255
2473.14	99.1556
2475.07	99.1338
2476.99	99.1334
2478.92	99.16
2480.85	99.1509
2482.78	99.0758
2484.71	99.0521
2486.64	99.1473
2488.57	99.182
2490.5	99.0701
2492.43	99.02
2494.36	99.0603
2496.29	98.964
2498.22	98.8376
2500.14	98.9992
2502.07	99.2973
2504	99.3367
2505.93	99.1615
2507.86	99.0706
2509.79	99.0999
2511.72	99.1122
2513.65	99.0795
2515.58	99.0677
2517.51	99.1176
2519.44	99.1835
2521.36	99.1819
2523.29	99.1532
2525.22	99.2234
2527.15	99.3238
2529.08	99.2252
2531.01	98.9386
2532.94	98.7607
2534.87	98.8619
2536.8	99.1131
2538.73	99.3088
2540.66	99.3551
2542.58	99.2736
2544.51	99.1646
2546.44	99.1436
2548.37	99.2251
2550.3	99.2861
2552.23	99.2358
2554.16	99.1719
2556.09	99.2134
2558.02	99.2845
2559.95	99.2634
2561.88	99.209
2563.81	99.245
2565.73	99.3435
2567.66	99.363
2569.59	99.2637
2571.52	99.1705
2573.45	99.1685
2575.38	99.1996
2577.31	99.2613
2579.24	99.4392
2581.17	99.6701
2583.1	99.7927
2585.03	99.8085
2586.95	99.8234
2588.88	99.8496
2590.81	99.8222
2592.74	99.7055
2594.67	99.5636
2596.6	99.5131
2598.53	99.5474
2600.46	99.5342
2602.39	99.4289
2604.32	99.323
2606.25	99.2969
2608.18	99.3211
2610.1	99.2862
2612.03	99.1778
2613.96	99.144
2615.89	99.2236
2617.82	99.2278
2619.75	99.096
2621.68	99.0306
2623.61	99.1207
2625.54	99.1916
2627.47	99.1217
2629.4	99.0122
2631.32	98.9741
2633.25	98.9625
2635.18	98.928
2637.11	98.9526
2639.04	99.0696
2640.97	99.1355
2642.9	99.0652
2644.83	98.9703
2646.76	98.9331
2648.69	98.8946
2650.62	98.815
2652.54	98.7491
2654.47	98.7673
2656.4	98.8734
2658.33	98.9647
2660.26	98.9312
2662.19	98.8166
2664.12	98.7573
2666.05	98.791
2667.98	98.8571
2669.91	98.8999
2671.84	98.8776
2673.77	98.7893
2675.69	98.7183
2677.62	98.7195
2679.55	98.7308
2681.48	98.7181
2683.41	98.7475
2685.34	98.8193
2687.27	98.8432
2689.2	98.8073
2691.13	98.7565
2693.06	98.6818
2694.99	98.6033
2696.91	98.5896
2698.84	98.6262
2700.77	98.6608
2702.7	98.6974
2704.63	98.7117
2706.56	98.6744
2708.49	98.6548
2710.42	98.6737
2712.35	98.6332
2714.28	98.5497
2716.21	98.541
2718.14	98.57
2720.06	98.5496
2721.99	98.5396
2723.92	98.5611
2725.85	98.5245
2727.78	98.4785
2729.71	98.5505
2731.64	98.6515
2733.57	98.6154
2735.5	98.507
2737.43	98.4816
2739.36	98.51
2741.28	98.4681
2743.21	98.3678
2745.14	98.3421
2747.07	98.433
2749	98.5064
2750.93	98.4505
2752.86	98.3575
2754.79	98.3708
2756.72	98.4673
2758.65	98.5391
2760.58	98.5697
2762.51	98.5978
2764.43	98.599
2766.36	98.5082
2768.29	98.3401
2770.22	98.2151
2772.15	98.2202
2774.08	98.2937
2776.01	98.3114
2777.94	98.2545
2779.87	98.2199
2781.8	98.2583
2783.73	98.2807
2785.65	98.2076
2787.58	98.1166
2789.51	98.1076
2791.44	98.1348
2793.37	98.1064
2795.3	98.0298
2797.23	97.9713
2799.16	97.9733
2801.09	98.0242
2803.02	98.0396
2804.95	97.9316
2806.87	97.7537
2808.8	97.6749
2810.73	97.7329
2812.66	97.7539
2814.59	97.6407
2816.52	97.5338
2818.45	97.5208
2820.38	97.491
2822.31	97.4206
2824.24	97.4205
2826.17	97.4465
2828.1	97.3503
2830.02	97.162
2831.95	97.0141
2833.88	96.9162
2835.81	96.7881
2837.74	96.6002
2839.67	96.4146
2841.6	96.2917
2843.53	96.1841
2845.46	96.0393
2847.39	95.9237
2849.32	95.8562
2851.24	95.7067
2853.17	95.4049
2855.1	94.9784
2857.03	94.4209
2858.96	93.8041
2860.89	93.3053
2862.82	92.9674
2864.75	92.6985
2866.68	92.4679
2868.61	92.2545
2870.54	91.9881
2872.47	91.7284
2874.39	91.6888
2876.32	91.9645
2878.25	92.3717
2880.18	92.6665
2882.11	92.8558
2884.04	93.0724
2885.97	93.2512
2887.9	93.2827
2889.83	93.2876
2891.76	93.3544
2893.69	93.3635
2895.61	93.3165
2897.54	93.3519
2899.47	93.4152
2901.4	93.3714
2903.33	93.2557
2905.26	93.1474
2907.19	93.0866
2909.12	93.0989
2911.05	93.0616
2912.98	92.8202
2914.91	92.5127
2916.83	92.3481
2918.76	92.166
2920.69	91.7037
2922.62	91.0436
2924.55	90.3535
2926.48	89.6003
2928.41	88.8549
2930.34	88.429
2932.27	88.4885
2934.2	88.8578
2936.13	89.2549
2938.06	89.5511
2939.98	89.8016
2941.91	90.0381
2943.84	90.1287
2945.77	89.9816
2947.7	89.6673
2949.63	89.2092
2951.56	88.5982
2953.49	87.969
2955.42	87.417
2957.35	86.9374
2959.28	86.7042
2961.2	86.9089
2963.13	87.4304
2965.06	88.1162
2966.99	88.9797
2968.92	89.8955
2970.85	90.6802
2972.78	91.4191
2974.71	92.1708
2976.64	92.7015
2978.57	92.8975
2980.5	92.9963
2982.43	93.2263
2984.35	93.5772
2986.28	93.9366
2988.21	94.2352
2990.14	94.4991
2992.07	94.7995
2994	95.1199
2995.93	95.3774
2997.86	95.5859
2999.79	95.8375
3001.72	96.1504
3003.65	96.4713
3005.57	96.7497
3007.5	96.9591
3009.43	97.1118
3011.36	97.2183
3013.29	97.2436
3015.22	97.2017
3017.15	97.181
3019.08	97.213
3021.01	97.323
3022.94	97.6046
3024.87	97.9735
3026.79	98.1528
3028.72	98.1192
3030.65	98.1105
3032.58	98.1649
3034.51	98.1429
3036.44	98.0782
3038.37	98.1091
3040.3	98.2378
3042.23	98.3595
3044.16	98.3922
3046.09	98.36
3048.02	98.3746
3049.94	98.474
3051.87	98.5873
3053.8	98.6643
3055.73	98.6594
3057.66	98.5349
3059.59	98.4332
3061.52	98.5582
3063.45	98.8435
3065.38	99.0343
3067.31	99.0232
3069.24	98.8969
3071.16	98.774
3073.09	98.7254
3075.02	98.7275
3076.95	98.6396
3078.88	98.3955
3080.81	98.2444
3082.74	98.4719
3084.67	98.8458
3086.6	98.8956
3088.53	98.6803
3090.46	98.5789
3092.39	98.5997
3094.31	98.5724
3096.24	98.5052
3098.17	98.3663
3100.1	98.1464
3102.03	98.0791
3103.96	98.2371
3105.89	98.3338
3107.82	98.2445
3109.75	98.1791
3111.68	98.3059
3113.61	98.575
3115.53	98.7916
3117.46	98.7978
3119.39	98.6815
3121.32	98.6086
3123.25	98.5203
3125.18	98.3427
3127.11	98.2763
3129.04	98.4824
3130.97	98.7658
3132.9	98.8849
3134.83	98.88
3136.75	98.8646
3138.68	98.8211
3140.61	98.7583
3142.54	98.7318
3144.47	98.7188
3146.4	98.7147
3148.33	98.7453
3150.26	98.727
3152.19	98.6489
3154.12	98.6713
3156.05	98.7755
3157.98	98.765
3159.9	98.651
3161.83	98.5618
3163.76	98.5377
3165.69	98.6631
3167.62	98.9095
3169.55	99.0035
3171.48	98.908
3173.41	98.8839
3175.34	98.8953
3177.27	98.7409
3179.2	98.577
3181.12	98.5843
3183.05	98.5973
3184.98	98.4961
3186.91	98.4082
3188.84	98.432
3190.77	98.5496
3192.7	98.677
3194.63	98.6832
3196.56	98.5318
3198.49	98.3031
3200.42	98.0984
3202.35	98.0838
3204.27	98.3587
3206.2	98.7051
3208.13	98.8299
3210.06	98.7339
3211.99	98.5611
3213.92	98.3978
3215.85	98.3252
3217.78	98.3589
3219.71	98.4139
3221.64	98.4676
3223.57	98.5399
3225.49	98.5476
3227.42	98.4298
3229.35	98.2872
3231.28	98.2156
3233.21	98.1906
3235.14	98.2196
3237.07	98.345
3239	98.4485
3240.93	98.3675
3242.86	98.1866
3244.79	98.1116
3246.72	98.2017
3248.64	98.3942
3250.57	98.5327
3252.5	98.4297
3254.43	98.1845
3256.36	98.1204
3258.29	98.2655
3260.22	98.3579
3262.15	98.2947
3264.08	98.1735
3266.01	98.0821
3267.94	98.0375
3269.86	97.9975
3271.79	97.9652
3273.72	98.0247
3275.65	98.147
3277.58	98.2063
3279.51	98.2224
3281.44	98.279
3283.37	98.3425
3285.3	98.3449
3287.23	98.2137
3289.16	97.9067
3291.08	97.624
3293.01	97.6374
3294.94	97.8491
3296.87	97.9696
3298.8	97.967
3300.73	97.9441
3302.66	97.8998
3304.59	97.846
3306.52	97.7966
3308.45	97.6768
3310.38	97.5463
3312.31	97.6264
3314.23	97.8879
3316.16	98.0151
3318.09	97.8815
3320.02	97.6817
3321.95	97.5877
3323.88	97.5657
3325.81	97.533
3327.74	97.502
3329.67	97.5116
3331.6	97.5445
3333.53	97.5819
3335.45	97.6127
3337.38	97.5558
3339.31	97.3616
3341.24	97.1858
3343.17	97.2424
3345.1	97.4676
3347.03	97.5387
3348.96	97.3314
3350.89	97.1424
3352.82	97.2275
3354.75	97.3954
3356.68	97.3726
3358.6	97.2628
3360.53	97.2509
3362.46	97.2404
3364.39	97.1196
3366.32	96.9811
3368.25	96.9137
3370.18	96.9317
3372.11	97.0832
3374.04	97.34
3375.97	97.5287
3377.9	97.5437
3379.82	97.4467
3381.75	97.3331
3383.68	97.2426
3385.61	97.157
3387.54	97.0607
3389.47	97.0339
3391.4	97.1307
3393.33	97.1783
3395.26	97.0104
3397.19	96.8089
3399.12	96.8155
3401.04	96.9153
3402.97	96.885
3404.9	96.7976
3406.83	96.851
3408.76	97.0078
3410.69	97.0893
3412.62	97.0787
3414.55	97.053
3416.48	96.9483
3418.41	96.7207
3420.34	96.5616
3422.27	96.5852
3424.19	96.6154
3426.12	96.597
3428.05	96.6672
3429.98	96.7817
3431.91	96.8052
3433.84	96.7325
3435.77	96.5882
3437.7	96.5015
3439.63	96.6684
3441.56	96.9455
3443.49	97.0218
3445.41	96.9663
3447.34	96.9939
3449.27	97.0598
3451.2	97.0929
3453.13	97.1238
3455.06	97.112
3456.99	97.039
3458.92	96.9885
3460.85	96.9939
3462.78	97.0225
3464.71	97.0501
3466.64	97.0719
3468.56	97.115
3470.49	97.179
3472.42	97.1777
3474.35	97.0431
3476.28	96.8255
3478.21	96.6451
3480.14	96.5885
3482.07	96.6679
3484	96.8612
3485.93	97.0945
3487.86	97.1767
3489.78	97.0619
3491.71	97.079
3493.64	97.3731
3495.57	97.544
3497.5	97.3753
3499.43	97.218
3501.36	97.1987
3503.29	97.0414
3505.22	96.8112
3507.15	96.809
3509.08	96.9012
3511	96.8041
3512.93	96.6275
3514.86	96.6116
3516.79	96.7218
3518.72	96.7832
3520.65	96.7636
3522.58	96.7963
3524.51	96.9334
3526.44	97.0278
3528.37	97.0122
3530.3	97.0251
3532.23	97.0852
3534.15	97.0417
3536.08	96.9105
3538.01	96.8409
3539.94	96.7843
3541.87	96.5938
3543.8	96.3231
3545.73	96.1938
3547.66	96.3636
3549.59	96.7395
3551.52	97.0275
3553.45	96.9796
3555.37	96.7058
3557.3	96.4887
3559.23	96.3945
3561.16	96.3658
3563.09	96.3773
3565.02	96.4443
3566.95	96.6689
3568.88	97.0385
3570.81	97.2378
3572.74	97.1519
3574.67	97.0227
3576.6	97.0661
3578.52	97.1408
3580.45	97.0787
3582.38	97.0474
3584.31	97.2735
3586.24	97.6588
3588.17	97.773
3590.1	97.5574
3592.03	97.5577
3593.96	97.9491
3595.89	98.2664
3597.82	98.1566
3599.74	97.9316
3601.67	97.9352
3603.6	98.2088
3605.53	98.6317
3607.46	98.9275
3609.39	98.8361
3611.32	98.5265
3613.25	98.2359
3615.18	98.0388
3617.11	98.1245
3619.04	98.4558
3620.97	98.6194
3622.89	98.6684
3624.82	98.9551
3626.75	99.2649
3628.68	99.0415
3630.61	98.579
3632.54	98.6082
3634.47	98.939
3636.4	99.1743
3638.33	99.2028
3640.26	99.1952
3642.19	99.2758
3644.11	99.3045
3646.04	99.1883
3647.97	99.2356
3649.9	99.6997
3651.83	99.9695
3653.76	99.8024
3655.69	99.5154
3657.62	99.328
3659.55	99.2353
3661.48	99.1416
3663.41	99.0617
3665.33	99.0627
3667.26	99.1611
3669.19	99.3449
3671.12	99.4534
3673.05	99.2454
3674.98	98.8254
3676.91	98.7124
3678.84	99.0405
3680.77	99.348
3682.7	99.4439
3684.63	99.3923
3686.56	99.2829
3688.48	99.1486
3690.41	99.0379
3692.34	99.0019
3694.27	98.9677
3696.2	98.8763
3698.13	98.8812
3700.06	99.1665
3701.99	99.4593
3703.92	99.3067
3705.85	98.9894
3707.78	99.0346
3709.7	99.4147
3711.63	99.6349
3713.56	99.4642
3715.49	99.1675
3717.42	98.9163
3719.35	98.786
3721.28	98.7755
3723.21	98.7834
3725.14	98.8635
3727.07	99.1406
3729	99.4279
3730.93	99.4563
3732.85	99.3296
3734.78	99.4741
3736.71	99.7814
3738.64	99.6419
3740.57	99.2493
3742.5	99.1463
3744.43	99.4489
3746.36	99.461
3748.29	98.9486
3750.22	98.5796
3752.15	98.8983
3754.07	99.4129
3756	99.605
3757.93	99.5785
3759.86	99.5073
3761.79	99.4456
3763.72	99.3584
3765.65	99.2616
3767.58	99.2714
3769.51	99.456
3771.44	99.6726
3773.37	99.7392
3775.29	99.6843
3777.22	99.6108
3779.15	99.5345
3781.08	99.4364
3783.01	99.3367
3784.94	99.2541
3786.87	99.2169
3788.8	99.276
3790.73	99.4036
3792.66	99.4802
3794.59	99.4257
3796.52	99.2806
3798.44	99.1184
3800.37	98.9679
3802.3	98.9177
3804.23	99.0622
3806.16	99.3489
3808.09	99.6365
3810.02	99.7633
3811.95	99.7066
3813.88	99.4727
3815.81	99.0946
3817.74	98.8588
3819.66	98.9854
3821.59	99.3579
3823.52	99.6425
3825.45	99.6621
3827.38	99.496
3829.31	99.3211
3831.24	99.291
3833.17	99.341
3835.1	99.3401
3837.03	99.3559
3838.96	99.4571
3840.89	99.4778
3842.81	99.3787
3844.74	99.3144
3846.67	99.311
3848.6	99.2779
3850.53	99.203
3852.46	99.2006
3854.39	99.3838
3856.32	99.5477
3858.25	99.5633
3860.18	99.5671
3862.11	99.6726
3864.03	99.7313
3865.96	99.5242
3867.89	99.2164
3869.82	99.0689
3871.75	99.0516
3873.68	99.0816
3875.61	99.2123
3877.54	99.3516
3879.47	99.326
3881.4	99.2217
3883.33	99.2728
3885.25	99.4341
3887.18	99.505
3889.11	99.4683
3891.04	99.4417
3892.97	99.5086
3894.9	99.6144
3896.83	99.6255
3898.76	99.4853
3900.69	99.2774
3902.62	99.1561
3904.55	99.1828
3906.48	99.3358
3908.4	99.5293
3910.33	99.6629
3912.26	99.6888
3914.19	99.6499
3916.12	99.6259
3918.05	99.5981
3919.98	99.4668
3921.91	99.2695
3923.84	99.1674
3925.77	99.1976
3927.7	99.2326
3929.62	99.2679
3931.55	99.4115
3933.48	99.5947
3935.41	99.6636
3937.34	99.6083
3939.27	99.4367
3941.2	99.2075
3943.13	99.1558
3945.06	99.357
3946.99	99.5537
3948.92	99.5952
3950.85	99.5713
3952.77	99.5286
3954.7	99.4526
3956.63	99.3947
3958.56	99.4019
3960.49	99.4729
3962.42	99.5754
3964.35	99.6171
3966.28	99.5453
3968.21	99.4452
3970.14	99.4109
3972.07	99.419
3973.99	99.3936
3975.92	99.3373
3977.85	99.3235
3979.78	99.3428
3981.71	99.3254
3983.64	99.3287
3985.57	99.4094
3987.5	99.4171
3989.43	99.2806
3991.36	99.2072
3993.29	99.3011
3995.22	99.4058
3997.14	99.433
