499.643	91.5743
501.572	90.7077
503.501	88.9231
505.43	87.7257
507.36	87.3507
509.289	87.4012
511.218	87.6861
513.147	88.0194
515.076	88.0911
517.005	87.8843
518.934	87.8474
520.863	88.0056
522.792	87.8348
524.722	87.4033
526.651	87.3067
528.58	87.5737
530.509	87.8405
532.438	87.9931
534.367	88.0354
536.296	88.1116
538.225	88.4282
540.155	88.8807
542.084	89.2492
544.013	89.5323
545.942	89.774
547.871	89.9835
549.8	90.1776
551.729	90.2983
553.658	90.3056
555.588	90.2775
557.517	90.345
559.446	90.5798
561.375	90.8288
563.304	90.927
565.233	91.0733
567.162	91.3375
569.091	91.2909
571.021	90.9017
572.95	90.7556
574.879	90.9515
576.808	91.007
578.737	90.7538
580.666	90.3964
582.595	90.0056
584.524	89.5406
586.454	88.9737
588.383	88.2415
590.312	87.4372
592.241	86.9386
594.17	86.8835
596.099	86.8953
598.028	86.7822
599.957	86.8158
601.887	87.1176
603.816	87.55
605.745	88.13
607.674	88.8249
609.603	89.3655
611.532	89.6976
613.461	90.0124
615.39	90.264
617.32	90.2796
619.249	90.175
621.178	90.1814
623.107	90.2849
625.036	90.3274
626.965	90.2461
628.894	90.0629
630.823	89.7752
632.753	89.3959
634.682	88.9244
636.611	88.2722
638.54	87.4017
640.469	86.3109
642.398	84.9078
644.327	83.2769
646.256	81.7451
648.186	80.5653
650.115	79.8869
652.044	79.7226
653.973	79.96
655.902	80.4796
657.831	81.1435
659.76	82.061
661.689	83.4399
663.619	84.8882
665.548	86.0283
667.477	87.1707
669.406	88.6123
671.335	89.7646
673.264	90.5374
675.193	91.0469
677.122	91.3324
679.052	91.5975
680.981	91.9042
682.91	92.1243
684.839	92.2929
686.768	92.5036
688.697	92.6589
690.626	92.6796
692.555	92.7187
694.485	92.9595
696.414	93.3265
698.343	93.5644
700.272	93.6184
702.201	93.668
704.13	93.7646
706.059	93.7856
707.988	93.729
709.917	93.7261
711.847	93.8161
713.776	93.9012
715.705	93.8851
717.634	93.8063
719.563	93.784
721.492	93.8213
723.421	93.8162
725.35	93.766
727.28	93.725
729.209	93.648
731.138	93.4591
733.067	93.1933
734.996	92.9543
736.925	92.7929
738.854	92.7074
740.783	92.7241
742.713	92.8467
744.642	92.9707
746.571	93.0075
748.5	93.0049
750.429	93.0216
752.358	93.0376
754.287	93.0544
756.216	93.1218
758.146	93.2424
760.075	93.349
762.004	93.3874
763.933	93.3872
765.862	93.3987
767.791	93.4001
769.72	93.3687
771.649	93.3508
773.579	93.3449
775.508	93.2804
777.437	93.1758
779.366	93.1142
781.295	93.0826
783.224	93.02
785.153	92.9338
787.082	92.8272
789.012	92.6303
790.941	92.2945
792.87	91.827
794.799	91.2025
796.728	90.375
798.657	89.3557
800.586	88.1471
802.515	86.6326
804.445	84.5781
806.374	81.7182
808.303	78.0354
810.232	74.1942
812.161	71.4688
814.09	70.8746
816.019	72.4288
817.948	75.3111
819.878	78.5306
821.807	81.4018
823.736	83.6637
825.665	85.3758
827.594	86.6843
829.523	87.6511
831.452	88.3027
833.381	88.698
835.311	88.8587
837.24	88.7672
839.169	88.4603
841.098	87.999
843.027	87.4249
844.956	86.8555
846.885	86.4845
848.814	86.4142
850.744	86.5947
852.673	86.9271
854.602	87.3518
856.531	87.8376
858.46	88.3188
860.389	88.7011
862.318	88.9463
864.247	89.067
866.177	89.0328
868.106	88.7845
870.035	88.3234
871.964	87.6997
873.893	86.9597
875.822	86.1605
877.751	85.3864
879.68	84.7218
881.609	84.241
883.539	84.0013
885.468	83.9845
887.397	84.059
889.326	84.0753
891.255	84.0054
893.184	83.9427
895.113	83.9942
897.042	84.2335
898.972	84.7335
900.901	85.5495
902.83	86.6288
904.759	87.7843
906.688	88.8026
908.617	89.5538
910.546	90.0051
912.475	90.1897
914.405	90.1551
916.334	89.8997
918.263	89.374
920.192	88.54
922.121	87.3687
924.05	85.7859
925.979	83.6697
927.908	80.9072
929.838	77.491
931.767	73.6355
933.696	69.7776
935.625	66.4028
937.554	63.8832
939.483	62.4388
941.412	62.0915
943.341	62.6222
945.271	63.7161
947.2	65.1685
949.129	66.8961
951.058	68.8369
952.987	70.8939
954.916	72.9297
956.845	74.8169
958.774	76.5097
960.704	78.0856
962.633	79.7481
964.562	81.7005
966.491	83.9353
968.42	86.2129
970.349	88.2373
972.278	89.7939
974.207	90.8362
976.137	91.4932
978.066	91.8976
979.995	92.0517
981.924	91.9021
983.853	91.437
985.782	90.7222
987.711	89.9436
989.64	89.3345
991.57	88.9697
993.499	88.6616
995.428	88.0563
997.357	86.8432
999.286	84.9904
1001.22	82.8631
1003.14	81.0548
1005.07	79.9745
1007	79.5967
1008.93	79.7003
1010.86	80.2204
1012.79	81.1453
1014.72	82.2077
1016.65	82.9775
1018.58	83.1912
1020.51	82.7962
1022.44	81.8025
1024.36	80.3179
1026.29	78.6911
1028.22	77.3936
1030.15	76.6135
1032.08	76.0635
1034.01	75.3627
1035.94	74.4943
1037.87	73.7106
1039.8	73.1821
1041.73	72.959
1043.66	73.1038
1045.58	73.6573
1047.51	74.5521
1049.44	75.6131
1051.37	76.5953
1053.3	77.3009
1055.23	77.748
1057.16	78.1585
1059.09	78.7316
1061.02	79.4536
1062.95	80.0965
1064.88	80.387
1066.81	80.2386
1068.73	79.8775
1070.66	79.7152
1072.59	80.0308
1074.52	80.7741
1076.45	81.7114
1078.38	82.6863
1080.31	83.6281
1082.24	84.4253
1084.17	84.9652
1086.1	85.2248
1088.03	85.226
1089.95	84.9799
1091.88	84.5136
1093.81	83.8824
1095.74	83.1362
1097.67	82.2883
1099.6	81.3186
1101.53	80.2219
1103.46	79.0338
1105.39	77.7713
1107.32	76.3882
1109.25	74.8422
1111.18	73.1502
1113.1	71.3351
1115.03	69.3887
1116.96	67.3295
1118.89	65.2346
1120.82	63.1936
1122.75	61.2689
1124.68	59.4752
1126.61	57.7368
1128.54	55.8765
1130.47	53.686
1132.4	51.0096
1134.32	47.8049
1136.25	44.2121
1138.18	40.569
1140.11	37.2874
1142.04	34.691
1143.97	32.9481
1145.9	32.0937
1147.83	32.0875
1149.76	32.8596
1151.69	34.2964
1153.62	36.2313
1155.55	38.5161
1157.47	41.0565
1159.4	43.7332
1161.33	46.3688
1163.26	48.8041
1165.19	50.9364
1167.12	52.702
1169.05	54.1031
1170.98	55.2456
1172.91	56.3002
1174.84	57.4044
1176.77	58.6008
1178.69	59.8977
1180.62	61.3501
1182.55	62.9864
1184.48	64.7277
1186.41	66.4917
1188.34	68.2727
1190.27	70.0636
1192.2	71.8416
1194.13	73.6292
1196.06	75.4422
1197.99	77.2268
1199.91	78.9282
1201.84	80.5558
1203.77	82.1322
1205.7	83.629
1207.63	84.9977
1209.56	86.231
1211.49	87.3269
1213.42	88.2399
1215.35	88.9625
1217.28	89.5862
1219.21	90.1748
1221.14	90.6649
1223.06	90.9815
1224.99	91.1404
1226.92	91.1922
1228.85	91.152
1230.78	91.0187
1232.71	90.8078
1234.64	90.5379
1236.57	90.2146
1238.5	89.8511
1240.43	89.4927
1242.36	89.192
1244.28	88.9752
1246.21	88.8828
1248.14	88.9968
1250.07	89.3471
1252	89.8446
1253.93	90.356
1255.86	90.7785
1257.79	91.0456
1259.72	91.1315
1261.65	91.0248
1263.58	90.6927
1265.51	90.1317
1267.43	89.3949
1269.36	88.5107
1271.29	87.4754
1273.22	86.3368
1275.15	85.1706
1277.08	83.9904
1279.01	82.697
1280.94	81.0336
1282.87	78.6365
1284.8	75.1869
1286.73	70.579
1288.65	65.2472
1290.58	60.3744
1292.51	57.3433
1294.44	56.8967
1296.37	58.8541
1298.3	62.3404
1300.23	66.2247
1302.16	69.5794
1304.09	71.9186
1306.02	73.0822
1307.95	73.0547
1309.87	72.0673
1311.8	70.7673
1313.73	69.9449
1315.66	69.8273
1317.59	69.9841
1319.52	70.1527
1321.45	70.6293
1323.38	71.7165
1325.31	73.3794
1327.24	75.4335
1329.17	77.7244
1331.1	80.1429
1333.02	82.4387
1334.95	84.2627
1336.88	85.4977
1338.81	86.2426
1340.74	86.6486
1342.67	86.937
1344.6	87.3477
1346.53	88.0041
1348.46	88.7973
1350.39	89.4704
1352.32	89.929
1354.24	90.2453
1356.17	90.4086
1358.1	90.343
1360.03	89.993
1361.96	89.1825
1363.89	87.7924
1365.82	86.1832
1367.75	85.0194
1369.68	84.8079
1371.61	85.2704
1373.54	85.4933
1375.47	85.0642
1377.39	84.5652
1379.32	84.6332
1381.25	85.3599
1383.18	86.3802
1385.11	87.3363
1387.04	88.1208
1388.97	88.6015
1390.9	88.7136
1392.83	88.5338
1394.76	88.131
1396.69	87.5402
1398.61	86.755
1400.54	85.9908
1402.47	85.6529
1404.4	85.9196
1406.33	86.5944
1408.26	87.2847
1410.19	87.8702
1412.12	88.3986
1414.05	88.7998
1415.98	89.0326
1417.91	89.1406
1419.83	89.174
1421.76	89.1339
1423.69	88.9579
1425.62	88.667
1427.55	88.2821
1429.48	87.6181
1431.41	86.6394
1433.34	85.6143
1435.27	84.5339
1437.2	83.3888
1439.13	82.6364
1441.06	82.2861
1442.98	81.9666
1444.91	81.452
1446.84	80.5954
1448.77	79.3868
1450.7	78.3213
1452.63	77.9263
1454.56	78.2249
1456.49	79.4729
1458.42	81.5531
1460.35	83.1317
1462.28	84.3016
1464.2	85.6494
1466.13	87.079
1468.06	88.1622
1469.99	89.0627
1471.92	90.006
1473.85	90.8564
1475.78	91.5066
1477.71	92.0716
1479.64	92.5865
1481.57	93.1237
1483.5	93.7
1485.43	94.1743
1487.35	94.5097
1489.28	94.8517
1491.21	95.2252
1493.14	95.4969
1495.07	95.6635
1497	95.8091
1498.93	96.019
1500.86	96.2191
1502.79	96.2988
1504.72	96.2462
1506.65	96.1664
1508.57	96.2669
1510.5	96.4369
1512.43	96.5538
1514.36	96.6295
1516.29	96.6658
1518.22	96.6429
1520.15	96.5952
1522.08	96.6223
1524.01	96.7112
1525.94	96.7793
1527.87	96.8214
1529.8	96.827
1531.72	96.7769
1533.65	96.7428
1535.58	96.7775
1537.51	96.7677
1539.44	96.6523
1541.37	96.608
1543.3	96.7205
1545.23	96.8123
1547.16	96.862
1549.09	96.8793
1551.02	96.8427
1552.94	96.7695
1554.87	96.6927
1556.8	96.5997
1558.73	96.5646
1560.66	96.6885
1562.59	96.7744
1564.52	96.7696
1566.45	96.7411
1568.38	96.7265
1570.31	96.7109
1572.24	96.6993
1574.16	96.6976
1576.09	96.673
1578.02	96.6404
1579.95	96.6429
1581.88	96.6383
1583.81	96.5856
1585.74	96.5075
1587.67	96.4378
1589.6	96.3923
1591.53	96.3756
1593.46	96.3539
1595.39	96.3089
1597.31	96.2493
1599.24	96.142
1601.17	95.9834
1603.1	95.843
1605.03	95.7377
1606.96	95.6243
1608.89	95.4671
1610.82	95.2363
1612.75	94.9623
1614.68	94.6211
1616.61	94.0654
1618.53	93.4127
1620.46	92.778
1622.39	91.8695
1624.32	90.7073
1626.25	89.644
1628.18	88.4215
1630.11	86.9035
1632.04	85.4987
1633.97	84.0849
1635.9	82.293
1637.83	81.467
1639.76	82.865
1641.68	85.6299
1643.61	88.497
1645.54	90.9502
1647.47	92.8898
1649.4	93.9018
1651.33	94.2307
1653.26	94.5236
1655.19	94.9936
1657.12	95.2495
1659.05	95.3198
1660.98	95.2649
1662.9	95.111
1664.83	94.9233
1666.76	94.7101
1668.69	94.4577
1670.62	94.1858
1672.55	93.9347
1674.48	93.6262
1676.41	93.1372
1678.34	92.6192
1680.27	92.1482
1682.2	91.46
1684.12	90.5922
1686.05	89.9817
1687.98	89.2099
1689.91	88.0613
1691.84	86.7217
1693.77	84.9469
1695.7	82.51
1697.63	79.71
1699.56	76.2408
1701.49	72.1408
1703.42	68.5392
1705.35	65.0078
1707.27	60.8832
1709.2	57.1313
1711.13	54.2255
1713.06	51.609
1714.99	49.5908
1716.92	48.7306
1718.85	48.5123
1720.78	49.243
1722.71	51.4434
1724.64	54.7673
1726.57	58.9496
1728.49	63.7456
1730.42	68.5909
1732.35	73.4473
1734.28	78.4937
1736.21	82.4788
1738.14	84.8906
1740.07	86.6515
1742	88.2693
1743.93	89.5289
1745.86	90.5049
1747.79	91.4865
1749.72	92.4455
1751.64	93.2439
1753.57	93.8804
1755.5	94.4151
1757.43	94.9478
1759.36	95.4404
1761.29	95.7664
1763.22	95.9681
1765.15	96.0878
1767.08	96.1142
1769.01	96.1749
1770.94	96.3741
1772.86	96.6036
1774.79	96.7583
1776.72	96.8338
1778.65	96.8591
1780.58	96.9223
1782.51	97.0214
1784.44	97.0915
1786.37	97.2022
1788.3	97.3584
1790.23	97.4232
1792.16	97.4034
1794.08	97.4711
1796.01	97.6075
1797.94	97.6914
1799.87	97.7262
1801.8	97.8054
1803.73	97.9233
1805.66	97.9582
1807.59	97.9067
1809.52	97.8897
1811.45	97.9399
1813.38	98.0237
1815.31	98.1563
1817.23	98.2869
1819.16	98.3394
1821.09	98.3761
1823.02	98.4327
1824.95	98.4198
1826.88	98.3226
1828.81	98.2456
1830.74	98.2813
1832.67	98.4026
1834.6	98.4841
1836.53	98.488
1838.45	98.4779
1840.38	98.4776
1842.31	98.4844
1844.24	98.5382
1846.17	98.5958
1848.1	98.5931
1850.03	98.602
1851.96	98.6792
1853.89	98.7836
1855.82	98.858
1857.75	98.8671
1859.68	98.8328
1861.6	98.8429
1863.53	98.9247
1865.46	99.0075
1867.39	99.0158
1869.32	98.9298
1871.25	98.8457
1873.18	98.858
1875.11	98.9356
1877.04	98.9777
1878.97	98.9189
1880.9	98.8232
1882.82	98.8222
1884.75	98.8982
1886.68	98.8871
1888.61	98.7933
1890.54	98.7969
1892.47	98.8903
1894.4	98.9522
1896.33	99.0487
1898.26	99.2319
1900.19	99.3439
1902.12	99.3089
1904.05	99.2485
1905.97	99.202
1907.9	99.1224
1909.83	99.1226
1911.76	99.2534
1913.69	99.2671
1915.62	99.0711
1917.55	98.9585
1919.48	99.1055
1921.41	99.2898
1923.34	99.3561
1925.27	99.3601
1927.19	99.365
1929.12	99.4257
1931.05	99.5559
1932.98	99.6352
1934.91	99.582
1936.84	99.5274
1938.77	99.6091
1940.7	99.7196
1942.63	99.667
1944.56	99.5298
1946.49	99.5076
1948.41	99.5244
1950.34	99.4637
1952.27	99.4537
1954.2	99.5558
1956.13	99.592
1958.06	99.5392
1959.99	99.5747
1961.92	99.6541
1963.85	99.602
1965.78	99.5154
1967.71	99.5645
1969.64	99.6411
1971.56	99.6729
1973.49	99.8508
1975.42	100.153
1977.35	100.235
1979.28	100.057
1981.21	99.9351
1983.14	99.9606
1985.07	99.996
1987	99.9616
1988.93	99.8206
1990.86	99.6504
1992.78	99.6753
1994.71	99.8749
1996.64	99.9771
1998.57	99.9705
2000.5	100.04
2002.43	100.135
2004.36	100.132
2006.29	100.147
2008.22	100.256
2010.15	100.282
2012.08	100.134
2014.01	99.9896
2015.93	100.016
2017.86	100.151
2019.79	100.235
2021.72	100.263
2023.65	100.325
2025.58	100.382
2027.51	100.335
2029.44	100.258
2031.37	100.235
2033.3	100.163
2035.23	100.017
2037.15	99.9577
2039.08	99.9655
2041.01	99.8402
2042.94	99.6855
2044.87	99.8386
2046.8	100.256
2048.73	100.474
2050.66	100.277
2052.59	99.9591
2054.52	99.8349
2056.45	99.8904
2058.37	99.9531
2060.3	99.9444
2062.23	99.9335
2064.16	100.009
2066.09	100.099
2068.02	100.057
2069.95	99.9306
2071.88	99.8746
2073.81	99.9032
2075.74	99.9622
2077.67	100.042
2079.6	100.068
2081.52	99.9332
2083.45	99.6701
2085.38	99.4237
2087.31	99.3289
2089.24	99.4062
2091.17	99.5173
2093.1	99.5729
2095.03	99.7045
2096.96	99.9422
2098.89	100.004
2100.82	99.7801
2102.74	99.5786
2104.67	99.5821
2106.6	99.5988
2108.53	99.5269
2110.46	99.5284
2112.39	99.6637
2114.32	99.8056
2116.25	99.884
2118.18	99.9113
2120.11	99.8806
2122.04	99.788
2123.97	99.6519
2125.89	99.5264
2127.82	99.5466
2129.75	99.7749
2131.68	99.9994
2133.61	99.9795
2135.54	99.8116
2137.47	99.7126
2139.4	99.6813
2141.33	99.6958
2143.26	99.8064
2145.19	99.8698
2147.11	99.7362
2149.04	99.6001
2150.97	99.6352
2152.9	99.695
2154.83	99.7202
2156.76	99.8397
2158.69	100.014
2160.62	100.139
2162.55	100.211
2164.48	100.111
2166.41	99.8411
2168.33	99.7764
2170.26	100.023
2172.19	100.121
2174.12	99.9121
2176.05	99.8012
2177.98	99.849
2179.91	99.7477
2181.84	99.6681
2183.77	99.9477
2185.7	100.263
2187.63	100.165
2189.56	99.8756
2191.48	99.78
2193.41	99.8239
2195.34	99.7918
2197.27	99.6821
2199.2	99.6669
2201.13	99.8409
2203.06	100.051
2204.99	100.124
2206.92	100.131
2208.85	100.136
2210.78	99.9922
2212.7	99.7087
2214.63	99.6045
2216.56	99.8433
2218.49	100.159
2220.42	100.243
2222.35	100.116
2224.28	99.9359
2226.21	99.8002
2228.14	99.8733
2230.07	100.195
2232	100.426
2233.93	100.358
2235.85	100.257
2237.78	100.248
2239.71	100.121
2241.64	99.9
2243.57	99.7702
2245.5	99.6998
2247.43	99.6502
2249.36	99.6775
2251.29	99.7153
2253.22	99.7249
2255.15	99.8272
2257.07	100.014
2259	100.09
2260.93	99.9741
2262.86	99.8021
2264.79	99.7363
2266.72	99.7924
2268.65	99.8722
2270.58	99.9439
2272.51	100.06
2274.44	100.215
2276.37	100.308
2278.29	100.224
2280.22	99.9802
2282.15	99.791
2284.08	99.8139
2286.01	99.8757
2287.94	99.7406
2289.87	99.5065
2291.8	99.3812
2293.73	99.2807
2295.66	99.0513
2297.59	98.8543
2299.52	98.9085
2301.44	99.0565
2303.37	98.9863
2305.3	98.7087
2307.23	98.4605
2309.16	98.3066
2311.09	98.1628
2313.02	98.0537
2314.95	97.9997
2316.88	97.8434
2318.81	97.4995
2320.74	97.122
2322.66	96.807
2324.59	96.46
2326.52	96.1434
2328.45	96.064
2330.38	96.1498
2332.31	96.0742
2334.24	95.8322
2336.17	95.7281
2338.1	95.8352
2340.03	95.9253
2341.96	95.9007
2343.89	95.9663
2345.81	96.2426
2347.74	96.5178
2349.67	96.5825
2351.6	96.3311
2353.53	95.8007
2355.46	95.3697
2357.39	95.2882
2359.32	95.2962
2361.25	95.1912
2363.18	95.1217
2365.11	95.3348
2367.03	95.7944
2368.96	96.1912
2370.89	96.4625
2372.82	96.7871
2374.75	97.1572
2376.68	97.5022
2378.61	97.8927
2380.54	98.3127
2382.47	98.6261
2384.4	98.8121
2386.33	98.9277
2388.26	98.9635
2390.18	98.9535
2392.11	99.0149
2394.04	99.1383
2395.97	99.1789
2397.9	99.1002
2399.83	99.0193
2401.76	99.0296
2403.69	99.0868
2405.62	99.0761
2407.55	98.9791
2409.48	98.899
2411.4	98.8979
2413.33	98.9406
2415.26	98.9913
2417.19	99.0369
2419.12	99.0656
2421.05	99.078
2422.98	99.0735
2424.91	99.0797
2426.84	99.1632
2428.77	99.2699
2430.7	99.2138
2432.62	99.0026
2434.55	98.8841
2436.48	98.9522
2438.41	99.0418
2440.34	99.0249
2442.27	98.9474
2444.2	98.9399
2446.13	99.0719
2448.06	99.2112
2449.99	99.1885
2451.92	99.1087
2453.85	99.1581
2455.77	99.2518
2457.7	99.2451
2459.63	99.2031
2461.56	99.1705
2463.49	99.0477
2465.42	98.8644
2467.35	98.8086
2469.28	98.928
2471.21	99.0893
2473.14	99.1949
2475.07	99.2413
2476.99	99.2431
2478.92	99.2133
2480.85	99.1455
2482.78	99.041
2484.71	98.9979
2486.64	99.0925
2488.57	99.1989
2490.5	99.2006
2492.43	99.1801
2494.36	99.129
2496.29	98.9321
2498.22	98.7954
2500.14	99.0093
2502.07	99.3338
2504	99.3619
2505.93	99.2153
2507.86	99.1896
2509.79	99.194
2511.72	99.0842
2513.65	99.0096
2515.58	99.0845
2517.51	99.1741
2519.44	99.1675
2521.36	99.1408
2523.29	99.1976
2525.22	99.3173
2527.15	99.3683
2529.08	99.2459
2531.01	99.0039
2532.94	98.8211
2534.87	98.8489
2536.8	99.0866
2538.73	99.3483
2540.66	99.4198
2542.58	99.3065
2544.51	99.2041
2546.44	99.219
2548.37	99.2711
2550.3	99.2487
2552.23	99.1523
2554.16	99.0977
2556.09	99.1729
2558.02	99.2986
2559.95	99.3444
2561.88	99.3421
2563.81	99.3994
2565.73	99.4619
2567.66	99.383
2569.59	99.2003
2571.52	99.1043
2573.45	99.1382
2575.38	99.1995
2577.31	99.3016
2579.24	99.5076
2581.17	99.7093
2583.1	99.7942
2585.03	99.8303
2586.95	99.8639
2588.88	99.84
2590.81	99.7785
2592.74	99.727
2594.67	99.661
2596.6	99.614
2598.53	99.6362
2600.46	99.6088
2602.39	99.4263
2604.32	99.2407
2606.25	99.233
2608.18	99.3237
2610.1	99.3309
2612.03	99.2558
2613.96	99.2298
2615.89	99.2609
2617.82	99.219
2619.75	99.087
2621.68	99.022
2623.61	99.0886
2625.54	99.1433
2627.47	99.0832
2629.4	99.0006
2631.32	98.9902
2633.25	99.0047
2635.18	99.0021
2637.11	99.043
2639.04	99.1352
2640.97	99.1655
2642.9	99.0837
2644.83	98.9827
2646.76	98.9359
2648.69	98.9089
2650.62	98.8608
2652.54	98.8239
2654.47	98.8554
2656.4	98.9368
2658.33	98.9667
2660.26	98.898
2662.19	98.8107
2664.12	98.7816
2666.05	98.7967
2667.98	98.8333
2669.91	98.8841
2671.84	98.8983
2673.77	98.8468
2675.69	98.7932
2677.62	98.7798
2679.55	98.7549
2681.48	98.7082
2683.41	98.7196
2685.34	98.7955
2687.27	98.8368
2689.2	98.8131
2691.13	98.7777
2693.06	98.7337
2694.99	98.6737
2696.91	98.659
2698.84	98.7111
2700.77	98.761
2702.7	98.7619
2704.63	98.7185
2706.56	98.6545
2708.49	98.6223
2710.42	98.6297
2712.35	98.6086
2714.28	98.5743
2716.21	98.6214
2718.14	98.6981
2720.06	98.6683
2721.99	98.5704
2723.92	98.5213
2725.85	98.504
2727.78	98.4855
2729.71	98.5241
2731.64	98.6003
2733.57	98.5963
2735.5	98.5242
2737.43	98.5169
2739.36	98.5647
2741.28	98.5158
2743.21	98.3673
2745.14	98.3094
2747.07	98.4099
2749	98.4936
2750.93	98.4406
2752.86	98.3689
2754.79	98.4008
2756.72	98.4799
2758.65	98.5252
2760.58	98.5509
2762.51	98.5817
2764.43	98.5982
2766.36	98.5624
2768.29	98.4466
2770.22	98.3009
2772.15	98.2441
2774.08	98.2958
2776.01	98.3266
2777.94	98.2674
2779.87	98.2185
2781.8	98.2475
2783.73	98.2553
2785.65	98.1722
2787.58	98.1003
2789.51	98.1185
2791.44	98.1451
2793.37	98.1096
2795.3	98.0522
2797.23	98.0075
2799.16	97.9827
2801.09	97.9997
2803.02	98.0112
2804.95	97.9255
2806.87	97.798
2808.8	97.7818
2810.73	97.8591
2812.66	97.864
2814.59	97.7734
2816.52	97.7187
2818.45	97.7087
2820.38	97.6224
2822.31	97.4688
2824.24	97.3867
2826.17	97.4065
2828.1	97.4085
2830.02	97.2812
2831.95	97.0486
2833.88	96.8557
2835.81	96.7775
2837.74	96.7179
2839.67	96.6172
2841.6	96.5374
2843.53	96.444
2845.46	96.2397
2847.39	95.993
2849.32	95.7952
2851.24	95.5826
2853.17	95.3071
2855.1	94.977
2857.03	94.5435
2858.96	94.0192
2860.89	93.5149
2862.82	93.0723
2864.75	92.6952
2866.68	92.4229
2868.61	92.2153
2870.54	91.9905
2872.47	91.8086
2874.39	91.8235
2876.32	92.0786
2878.25	92.4212
2880.18	92.6649
2882.11	92.8414
2884.04	93.0805
2885.97	93.2904
2887.9	93.3241
2889.83	93.2899
2891.76	93.3246
2893.69	93.3784
2895.61	93.4216
2897.54	93.4861
2899.47	93.525
2901.4	93.4949
2903.33	93.4038
2905.26	93.2511
2907.19	93.1175
2909.12	93.0951
2911.05	93.048
2912.98	92.8052
2914.91	92.4992
2916.83	92.3053
2918.76	92.0706
2920.69	91.5917
2922.62	90.9672
2924.55	90.3562
2926.48	89.7418
2928.41	89.1544
2930.34	88.7892
2932.27	88.7587
2934.2	88.9692
2936.13	89.2703
2938.06	89.595
2939.98	89.926
2941.91	90.1653
2943.84	90.18
2945.77	90.0086
2947.7	89.7589
2949.63	89.3586
2951.56	88.7554
2953.49	88.1211
2955.42	87.5671
2957.35	87.0794
2959.28	86.8102
2961.2	86.9429
2963.13	87.4303
2965.06	88.1735
2966.99	89.1002
2968.92	90.0353
2970.85	90.8737
2972.78	91.6796
2974.71	92.4008
2976.64	92.8558
2978.57	93.0429
2980.5	93.1424
2982.43	93.3117
2984.35	93.6126
2986.28	93.973
2988.21	94.2608
2990.14	94.505
2992.07	94.8466
2994	95.2428
2995.93	95.5169
2997.86	95.6777
2999.79	95.8933
3001.72	96.2105
3003.65	96.5079
3005.57	96.6852
3007.5	96.8322
3009.43	97.1068
3011.36	97.4018
3013.29	97.4566
3015.22	97.3709
3017.15	97.4453
3019.08	97.5912
3021.01	97.6214
3022.94	97.7474
3024.87	98.0577
3026.79	98.1957
3028.72	98.0578
3030.65	97.9671
3032.58	98.036
3034.51	98.1024
3036.44	98.1302
3038.37	98.1846
3040.3	98.2552
3042.23	98.2817
3044.16	98.2082
3046.09	98.0909
3048.02	98.1012
3049.94	98.2728
3051.87	98.4665
3053.8	98.6306
3055.73	98.7726
3057.66	98.7946
3059.59	98.6662
3061.52	98.5689
3063.45	98.6548
3065.38	98.8251
3067.31	98.8806
3069.24	98.8145
3071.16	98.785
3073.09	98.8224
3075.02	98.7897
3076.95	98.611
3078.88	98.3639
3080.81	98.2478
3082.74	98.4297
3084.67	98.7372
3086.6	98.8216
3088.53	98.722
3090.46	98.7235
3092.39	98.793
3094.31	98.7651
3096.24	98.6836
3098.17	98.5639
3100.1	98.3858
3102.03	98.3386
3103.96	98.5024
3105.89	98.5973
3107.82	98.4416
3109.75	98.2377
3111.68	98.2557
3113.61	98.5067
3115.53	98.7413
3117.46	98.7547
3119.39	98.6591
3121.32	98.6451
3123.25	98.6481
3125.18	98.5702
3127.11	98.5541
3129.04	98.7199
3130.97	98.9312
3132.9	99.0281
3134.83	99.0109
3136.75	98.9233
3138.68	98.8065
3140.61	98.7412
3142.54	98.7345
3144.47	98.7177
3146.4	98.7373
3148.33	98.8472
3150.26	98.9114
3152.19	98.865
3154.12	98.8585
3156.05	98.8977
3157.98	98.8127
3159.9	98.6318
3161.83	98.5498
3163.76	98.671
3165.69	98.9557
3167.62	99.1714
3169.55	99.0923
3171.48	98.9002
3173.41	98.884
3175.34	98.8968
3177.27	98.732
3179.2	98.566
3181.12	98.5381
3183.05	98.5201
3184.98	98.4729
3186.91	98.4671
3188.84	98.5117
3190.77	98.6373
3192.7	98.8027
3194.63	98.8028
3196.56	98.5766
3198.49	98.2972
3200.42	98.1159
3202.35	98.1499
3204.27	98.4467
3206.2	98.7819
3208.13	98.8931
3210.06	98.817
3211.99	98.6768
3213.92	98.4931
3215.85	98.3527
3217.78	98.3565
3219.71	98.4212
3221.64	98.4226
3223.57	98.412
3225.49	98.4921
3227.42	98.5855
3229.35	98.5141
3231.28	98.2954
3233.21	98.1517
3235.14	98.2056
3237.07	98.363
3239	98.4742
3240.93	98.4789
3242.86	98.4097
3244.79	98.3272
3246.72	98.3135
3248.64	98.4359
3250.57	98.5789
3252.5	98.5239
3254.43	98.3351
3256.36	98.2821
3258.29	98.3635
3260.22	98.3722
3262.15	98.2744
3264.08	98.1614
3266.01	98.0756
3267.94	98.0283
3269.86	98.0186
3271.79	98.0581
3273.72	98.1426
3275.65	98.183
3277.58	98.1666
3279.51	98.2247
3281.44	98.3409
3283.37	98.3553
3285.3	98.2752
3287.23	98.1538
3289.16	97.9322
3291.08	97.7328
3293.01	97.7939
3294.94	97.9953
3296.87	98.0396
3298.8	97.9602
3300.73	97.9259
3302.66	97.8796
3304.59	97.7633
3306.52	97.6673
3308.45	97.6012
3310.38	97.5656
3312.31	97.7169
3314.23	98.0172
3316.16	98.0993
3318.09	97.8526
3320.02	97.6153
3321.95	97.5827
3323.88	97.6004
3325.81	97.5856
3327.74	97.6134
3329.67	97.6491
3331.6	97.6214
3333.53	97.6133
3335.45	97.6799
3337.38	97.6847
3339.31	97.5293
3341.24	97.3409
3343.17	97.3039
3345.1	97.4386
3347.03	97.5767
3348.96	97.5288
3350.89	97.3446
3352.82	97.2846
3354.75	97.423
3356.68	97.5189
3358.6	97.4158
3360.53	97.2594
3362.46	97.2075
3364.39	97.2228
3366.32	97.1945
3368.25	97.0973
3370.18	97.0351
3372.11	97.1418
3374.04	97.3869
3375.97	97.5826
3377.9	97.6298
3379.82	97.5794
3381.75	97.4781
3383.68	97.3397
3385.61	97.1952
3387.54	97.0852
3389.47	97.0809
3391.4	97.1957
3393.33	97.2247
3395.26	97.015
3397.19	96.8435
3399.12	96.9943
3401.04	97.1951
3402.97	97.0695
3404.9	96.8156
3406.83	96.8401
3408.76	97.0735
3410.69	97.1831
3412.62	97.14
3414.55	97.0992
3416.48	97.0066
3418.41	96.7789
3420.34	96.5981
3422.27	96.6145
3424.19	96.6966
3426.12	96.7796
3428.05	96.9106
3429.98	96.9489
3431.91	96.8132
3433.84	96.6926
3435.77	96.662
3437.7	96.6697
3439.63	96.8142
3441.56	97.0454
3443.49	97.0937
3445.41	96.9825
3447.34	96.9402
3449.27	96.9714
3451.2	97.0466
3453.13	97.2052
3455.06	97.2832
3456.99	97.1426
3458.92	96.9946
3460.85	97.029
3462.78	97.1181
3464.71	97.1128
3466.64	97.0774
3468.56	97.135
3470.49	97.2549
3472.42	97.2728
3474.35	97.1291
3476.28	96.9502
3478.21	96.8219
3480.14	96.7133
3482.07	96.6752
3484	96.8323
3485.93	97.1087
3487.86	97.2243
3489.78	97.122
3491.71	97.1521
3493.64	97.4615
3495.57	97.6237
3497.5	97.3839
3499.43	97.1557
3501.36	97.1908
3503.29	97.1932
3505.22	97.0833
3507.15	97.0867
3509.08	97.0452
3511	96.7254
3512.93	96.4474
3514.86	96.5605
3516.79	96.8837
3518.72	97.0837
3520.65	97.0963
3522.58	97.0395
3524.51	97.0026
3526.44	96.964
3528.37	96.8801
3530.3	96.8352
3532.23	96.9031
3534.15	96.9641
3536.08	96.9119
3538.01	96.8444
3539.94	96.8316
3541.87	96.7405
3543.8	96.4983
3545.73	96.3133
3547.66	96.4259
3549.59	96.7188
3551.52	96.9177
3553.45	96.9603
3555.37	96.9619
3557.3	96.9185
3559.23	96.7537
3561.16	96.5662
3563.09	96.4699
3565.02	96.4324
3566.95	96.5729
3568.88	96.9573
3570.81	97.1453
3572.74	96.9746
3574.67	96.848
3576.6	97.0259
3578.52	97.2304
3580.45	97.2946
3582.38	97.4036
3584.31	97.5971
3586.24	97.7548
3588.17	97.8188
3590.1	97.7861
3592.03	97.8104
3593.96	98.1139
3595.89	98.5339
3597.82	98.5756
3599.74	98.268
3601.67	98.1426
3603.6	98.4724
3605.53	98.9462
3607.46	99.0578
3609.39	98.6671
3611.32	98.2558
3613.25	98.1593
3615.18	98.245
3617.11	98.4007
3619.04	98.6012
3620.97	98.7593
3622.89	98.9496
3624.82	99.251
3626.75	99.415
3628.68	99.1181
3630.61	98.7473
3632.54	98.8051
3634.47	99.1114
3636.4	99.4018
3638.33	99.4801
3640.26	99.37
3642.19	99.314
3644.11	99.3561
3646.04	99.3309
3647.97	99.4209
3649.9	99.8971
3651.83	100.08
3653.76	99.7114
3655.69	99.3222
3657.62	99.2849
3659.55	99.386
3661.48	99.3312
3663.41	99.1955
3665.33	99.1715
3667.26	99.3195
3669.19	99.545
3671.12	99.5821
3673.05	99.3016
3674.98	98.912
3676.91	98.8365
3678.84	99.1731
3680.77	99.4978
3682.7	99.5541
3684.63	99.4228
3686.56	99.3155
3688.48	99.2058
3690.41	98.9852
3692.34	98.9045
3694.27	99.0386
3696.2	99.1499
3698.13	99.2302
3700.06	99.4869
3701.99	99.7356
3703.92	99.5785
3705.85	99.2824
3707.78	99.2954
3709.7	99.5506
3711.63	99.6844
3713.56	99.5909
3715.49	99.3987
3717.42	99.1793
3719.35	99.0455
3721.28	99.0289
3723.21	98.9839
3725.14	98.9599
3727.07	99.178
3729	99.5071
3730.93	99.6437
3732.85	99.6074
3734.78	99.684
3736.71	99.8092
3738.64	99.6636
3740.57	99.4439
3742.5	99.4996
3744.43	99.8165
3746.36	99.7786
3748.29	99.288
3750.22	98.9787
3752.15	99.2839
3754.07	99.6617
3756	99.6819
3757.93	99.5435
3759.86	99.4419
3761.79	99.3616
3763.72	99.2902
3765.65	99.3273
3767.58	99.5211
3769.51	99.7854
3771.44	99.9457
3773.37	99.8928
3775.29	99.7496
3777.22	99.6873
3779.15	99.6825
3781.08	99.5966
3783.01	99.452
3784.94	99.3327
3786.87	99.2565
3788.8	99.2663
3790.73	99.3764
3792.66	99.4856
3794.59	99.4935
3796.52	99.402
3798.44	99.2626
3800.37	99.1283
3802.3	99.0825
3804.23	99.1448
3806.16	99.2789
3808.09	99.4974
3810.02	99.7174
3811.95	99.7774
3813.88	99.575
3815.81	99.1631
3817.74	98.9029
3819.66	99.0127
3821.59	99.3722
3823.52	99.7142
3825.45	99.8265
3827.38	99.6877
3829.31	99.4762
3831.24	99.4119
3833.17	99.4088
3835.1	99.3144
3837.03	99.3074
3838.96	99.5007
3840.89	99.5802
3842.81	99.4805
3844.74	99.4494
3846.67	99.4978
3848.6	99.4955
3850.53	99.4678
3852.46	99.5499
3854.39	99.7562
3856.32	99.8249
3858.25	99.6971
3860.18	99.548
3862.11	99.5606
3864.03	99.6564
3865.96	99.5513
3867.89	99.3175
3869.82	99.2273
3871.75	99.2857
3873.68	99.3702
3875.61	99.4799
3877.54	99.5373
3879.47	99.4148
3881.4	99.2314
3883.33	99.2423
3885.25	99.4088
3887.18	99.4809
3889.11	99.4101
3891.04	99.3843
3892.97	99.5191
3894.9	99.6639
3896.83	99.6747
3898.76	99.6008
3900.69	99.5135
3902.62	99.3934
3904.55	99.2909
3906.48	99.3366
3908.4	99.4864
3910.33	99.6102
3912.26	99.6617
3914.19	99.6502
3916.12	99.6087
3918.05	99.5916
3919.98	99.5694
3921.91	99.4388
3923.84	99.2538
3925.77	99.2048
3927.7	99.2984
3929.62	99.3824
3931.55	99.4543
3933.48	99.6
3935.41	99.7556
3937.34	99.7668
3939.27	99.5715
3941.2	99.3026
3943.13	99.2228
3945.06	99.3877
3946.99	99.5901
3948.92	99.7044
3950.85	99.7372
3952.77	99.6945
3954.7	99.6234
3956.63	99.5993
3958.56	99.6203
3960.49	99.6433
3962.42	99.6437
3964.35	99.602
3966.28	99.5462
3968.21	99.519
3970.14	99.4976
3972.07	99.4616
3973.99	99.4326
3975.92	99.4078
3977.85	99.3883
3979.78	99.3949
3981.71	99.4253
3983.64	99.4965
3985.57	99.5797
3987.5	99.5246
3989.43	99.3229
3991.36	99.2319
3993.29	99.3662
3995.22	99.5199
3997.14	99.5408
