499.643	89.7084
501.572	89.5706
503.501	89.2883
505.43	88.7698
507.36	88.0639
509.289	87.6236
511.218	87.699
513.147	87.7253
515.076	87.4099
517.005	87.4791
518.934	88.2163
520.863	88.626
522.792	88.2037
524.722	87.503
526.651	87.0632
528.58	87.0729
530.509	87.5291
532.438	88.041
534.367	88.1529
536.296	88.1121
538.225	88.3918
540.155	88.768
542.084	88.8815
544.013	89.0222
545.942	89.4917
547.871	90.0353
549.8	90.3262
551.729	90.2587
553.658	89.936
555.588	89.8464
557.517	90.3747
559.446	91.0765
561.375	91.2442
563.304	90.8562
565.233	90.4095
567.162	90.2924
569.091	90.4791
571.021	90.6226
572.95	90.6444
574.879	90.7759
576.808	90.8775
578.737	90.6257
580.666	90.2178
582.595	89.9354
584.524	89.5896
586.454	88.9528
588.383	88.111
590.312	87.2757
592.241	86.7089
594.17	86.547
596.099	86.5887
598.028	86.6458
599.957	86.8344
601.887	87.2445
603.816	87.7436
605.745	88.2549
607.674	88.7926
609.603	89.2864
611.532	89.7202
613.461	90.1574
615.39	90.4529
617.32	90.4077
619.249	90.2071
621.178	90.1576
623.107	90.2506
625.036	90.3635
626.965	90.4405
628.894	90.3812
630.823	90.0922
632.753	89.6388
634.682	89.1202
636.611	88.4702
638.54	87.5738
640.469	86.4363
642.398	85.0878
644.327	83.5441
646.256	81.9702
648.186	80.7579
650.115	80.2054
652.044	80.1127
653.973	80.2498
655.902	80.7296
657.831	81.5311
659.76	82.579
661.689	83.8904
663.619	85.1732
665.548	86.3463
667.477	87.8773
669.406	89.5033
671.335	90.3098
673.264	90.8069
675.193	91.3367
677.122	91.7615
679.052	92.0692
680.981	92.3796
682.91	92.6506
684.839	92.8389
686.768	92.9777
688.697	93.0583
690.626	93.0868
692.555	93.1303
694.485	93.2529
696.414	93.4588
698.343	93.6488
700.272	93.7071
702.201	93.6655
704.13	93.6422
706.059	93.6523
707.988	93.6553
709.917	93.6968
711.847	93.8137
713.776	93.9144
715.705	93.9219
717.634	93.8989
719.563	93.909
721.492	93.9095
723.421	93.8744
725.35	93.8625
727.28	93.8675
729.209	93.7651
731.138	93.4987
733.067	93.17
734.996	92.8806
736.925	92.6599
738.854	92.5535
740.783	92.5848
742.713	92.6713
744.642	92.7499
746.571	92.8565
748.5	92.9752
750.429	93.0044
752.358	92.9414
754.287	92.913
756.216	92.9839
758.146	93.0857
760.075	93.1539
762.004	93.2096
763.933	93.2866
765.862	93.3576
767.791	93.3656
769.72	93.3203
771.649	93.3204
773.579	93.4028
775.508	93.4381
777.437	93.3157
779.366	93.1287
781.295	93.0148
783.224	92.9588
785.153	92.8733
787.082	92.7285
789.012	92.5258
790.941	92.2391
792.87	91.8061
794.799	91.164
796.728	90.3098
798.657	89.2908
800.586	88.1062
802.515	86.6325
804.445	84.6102
806.374	81.7463
808.303	78.0651
810.232	74.2889
812.161	71.6413
814.09	71.049
816.019	72.5559
817.948	75.4238
819.878	78.6513
821.807	81.4977
823.736	83.7185
825.665	85.4164
827.594	86.7284
829.523	87.6766
831.452	88.2612
833.381	88.5746
835.311	88.7235
837.24	88.6992
839.169	88.4424
841.098	87.9781
843.027	87.4073
844.956	86.867
846.885	86.5167
848.814	86.4404
850.744	86.5925
852.673	86.8992
854.602	87.3135
856.531	87.7783
858.46	88.2345
860.389	88.6272
862.318	88.8897
864.247	88.9756
866.177	88.8669
868.106	88.5616
870.035	88.1039
871.964	87.5517
873.893	86.9059
875.822	86.1714
877.751	85.4302
879.68	84.7815
881.609	84.2984
883.539	84.0423
885.468	84.0135
887.397	84.1033
889.326	84.1682
891.255	84.1431
893.184	84.0745
895.113	84.0747
897.042	84.2688
898.972	84.7616
900.901	85.5889
902.83	86.6612
904.759	87.7922
906.688	88.8023
908.617	89.5724
910.546	90.0386
912.475	90.2104
914.405	90.154
916.334	89.8967
918.263	89.3881
920.192	88.5726
922.121	87.4128
924.05	85.8242
925.979	83.6719
927.908	80.863
929.838	77.4449
931.767	73.6465
933.696	69.8436
935.625	66.4802
937.554	63.9704
939.483	62.5648
941.412	62.2457
943.341	62.7681
945.271	63.8384
947.2	65.265
949.129	66.9688
951.058	68.8923
952.987	70.9286
954.916	72.9397
956.845	74.8128
958.774	76.496
960.704	78.0571
962.633	79.7102
964.562	81.6574
966.491	83.8741
968.42	86.1182
970.349	88.1085
972.278	89.6554
974.207	90.7327
976.137	91.4542
978.066	91.9019
979.995	92.0376
981.924	91.835
983.853	91.3554
985.782	90.6751
987.711	89.9211
989.64	89.3136
991.57	88.9504
993.499	88.6245
995.428	87.9887
997.357	86.7964
999.286	85.0133
1001.22	82.9384
1003.14	81.1547
1005.07	80.0818
1007	79.6654
1008.93	79.699
1010.86	80.1864
1012.79	81.1234
1014.72	82.1877
1016.65	82.9313
1018.58	83.122
1020.51	82.728
1022.44	81.7459
1024.36	80.26
1026.29	78.6229
1028.22	77.3239
1030.15	76.5341
1032.08	75.9536
1034.01	75.2492
1035.94	74.4275
1037.87	73.677
1039.8	73.1288
1041.73	72.8753
1043.66	73.0057
1045.58	73.5398
1047.51	74.3924
1049.44	75.3985
1051.37	76.3653
1053.3	77.1358
1055.23	77.6612
1057.16	78.0724
1059.09	78.6056
1061.02	79.3249
1062.95	79.979
1064.88	80.2432
1066.81	80.0567
1068.73	79.692
1070.66	79.5452
1072.59	79.8546
1074.52	80.5878
1076.45	81.5555
1078.38	82.5612
1080.31	83.4618
1082.24	84.1948
1084.17	84.7432
1086.1	85.0513
1088.03	85.0616
1089.95	84.809
1091.88	84.3569
1093.81	83.717
1095.74	82.9196
1097.67	82.0276
1099.6	81.0452
1101.53	79.9521
1103.46	78.7773
1105.39	77.5164
1107.32	76.0977
1109.25	74.5046
1111.18	72.7927
1113.1	70.9801
1115.03	69.0492
1116.96	67.0207
1118.89	64.9548
1120.82	62.9334
1122.75	61.0353
1124.68	59.2632
1126.61	57.5107
1128.54	55.6198
1130.47	53.4213
1132.4	50.758
1134.32	47.5852
1136.25	44.0706
1138.18	40.5336
1140.11	37.3155
1142.04	34.7289
1143.97	33.001
1145.9	32.1872
1147.83	32.2136
1149.76	32.9923
1151.69	34.4173
1153.62	36.3325
1155.55	38.5936
1157.47	41.0964
1159.4	43.7176
1161.33	46.3027
1163.26	48.7204
1165.19	50.8714
1167.12	52.6687
1169.05	54.093
1170.98	55.258
1172.91	56.3344
1174.84	57.4284
1176.77	58.5986
1178.69	59.9161
1180.62	61.422
1182.55	63.0882
1184.48	64.8647
1186.41	66.7093
1188.34	68.5729
1190.27	70.4238
1192.2	72.2801
1194.13	74.1742
1196.06	76.0973
1197.99	78.0062
1199.91	79.8633
1201.84	81.6499
1203.77	83.3449
1205.7	84.9075
1207.63	86.2987
1209.56	87.5168
1211.49	88.5972
1213.42	89.5809
1215.35	90.4594
1217.28	91.14
1219.21	91.5522
1221.14	91.7945
1223.06	92.0301
1224.99	92.2802
1226.92	92.4323
1228.85	92.4012
1230.78	92.1851
1232.71	91.8169
1234.64	91.3359
1236.57	90.7812
1238.5	90.2005
1240.43	89.6638
1242.36	89.2331
1244.28	88.9335
1246.21	88.7935
1248.14	88.8727
1250.07	89.1934
1252	89.6756
1253.93	90.1768
1255.86	90.5773
1257.79	90.8166
1259.72	90.8817
1261.65	90.7686
1263.58	90.4481
1265.51	89.9035
1267.43	89.1719
1269.36	88.2903
1271.29	87.2717
1273.22	86.175
1275.15	85.0758
1277.08	83.9541
1279.01	82.6778
1280.94	81.0199
1282.87	78.6642
1284.8	75.2812
1286.73	70.7248
1288.65	65.4203
1290.58	60.5678
1292.51	57.5542
1294.44	57.1006
1296.37	59.0272
1298.3	62.5012
1300.23	66.4017
1302.16	69.7578
1304.09	72.0755
1306.02	73.2368
1307.95	73.2424
1309.87	72.2999
1311.8	71.0251
1313.73	70.1836
1315.66	70.0177
1317.59	70.1496
1319.52	70.3344
1321.45	70.8335
1323.38	71.9375
1325.31	73.6264
1327.24	75.7056
1329.17	78.0133
1331.1	80.4663
1333.02	82.8176
1334.95	84.6904
1336.88	85.9762
1338.81	86.797
1340.74	87.2822
1342.67	87.6418
1344.6	88.1413
1346.53	88.9035
1348.46	89.8061
1350.39	90.5928
1352.32	91.1418
1354.24	91.4875
1356.17	91.6465
1358.1	91.6096
1360.03	91.3519
1361.96	90.6794
1363.89	89.3923
1365.82	87.7808
1367.75	86.5474
1369.68	86.287
1371.61	86.7496
1373.54	86.9575
1375.47	86.4437
1377.39	85.8348
1379.32	85.811
1381.25	86.4441
1383.18	87.3529
1385.11	88.1764
1387.04	88.7973
1388.97	89.1202
1390.9	89.1325
1392.83	88.9078
1394.76	88.4914
1396.69	87.8942
1398.61	87.1019
1400.54	86.3342
1402.47	85.9907
1404.4	86.2485
1406.33	86.922
1408.26	87.6191
1410.19	88.2035
1412.12	88.7097
1414.05	89.0872
1415.98	89.3374
1417.91	89.5101
1419.83	89.5923
1421.76	89.5582
1423.69	89.3783
1425.62	89.0676
1427.55	88.6512
1429.48	87.9838
1431.41	87.0315
1433.34	86.0305
1435.27	84.9689
1437.2	83.8331
1439.13	83.0565
1441.06	82.6579
1442.98	82.2968
1444.91	81.789
1446.84	80.9936
1448.77	79.8256
1450.7	78.7253
1452.63	78.2779
1454.56	78.5653
1456.49	79.8308
1458.42	81.8934
1460.35	83.4289
1462.28	84.5798
1464.2	85.9342
1466.13	87.3577
1468.06	88.4125
1469.99	89.3092
1471.92	90.2917
1473.85	91.1524
1475.78	91.7462
1477.71	92.2539
1479.64	92.7189
1481.57	93.1942
1483.5	93.7235
1485.43	94.1974
1487.35	94.5649
1489.28	94.9424
1491.21	95.3311
1493.14	95.5978
1495.07	95.7728
1497	95.9738
1498.93	96.2314
1500.86	96.4073
1502.79	96.4428
1504.72	96.3926
1506.65	96.4063
1508.57	96.5827
1510.5	96.7091
1512.43	96.7536
1514.36	96.7974
1516.29	96.8518
1518.22	96.8632
1520.15	96.8499
1522.08	96.8785
1524.01	96.9197
1525.94	96.9453
1527.87	96.9757
1529.8	96.9922
1531.72	96.9876
1533.65	96.9815
1535.58	96.9338
1537.51	96.8236
1539.44	96.7687
1541.37	96.9129
1543.3	97.0269
1545.23	97.0204
1547.16	97.0238
1549.09	97.0527
1551.02	97.0462
1552.94	96.977
1554.87	96.8704
1556.8	96.7762
1558.73	96.8202
1560.66	96.9794
1562.59	97.0285
1564.52	96.9985
1566.45	96.9624
1568.38	96.924
1570.31	96.8532
1572.24	96.7945
1574.16	96.7925
1576.09	96.813
1578.02	96.8026
1579.95	96.7761
1581.88	96.7345
1583.81	96.6612
1585.74	96.5823
1587.67	96.515
1589.6	96.4537
1591.53	96.4184
1593.46	96.3992
1595.39	96.3415
1597.31	96.2355
1599.24	96.1228
1601.17	96.0196
1603.1	95.898
1605.03	95.7465
1606.96	95.6071
1608.89	95.4698
1610.82	95.2575
1612.75	94.9946
1614.68	94.6821
1616.61	94.1681
1618.53	93.5448
1620.46	92.9284
1622.39	92.0221
1624.32	90.8303
1626.25	89.7333
1628.18	88.5049
1630.11	87.0053
1632.04	85.6501
1633.97	84.3412
1635.9	82.6371
1637.83	81.7295
1639.76	82.9747
1641.68	85.6424
1643.61	88.4853
1645.54	90.9963
1647.47	93.0495
1649.4	94.1313
1651.33	94.4885
1653.26	94.7875
1655.19	95.1818
1657.12	95.3373
1659.05	95.3468
1660.98	95.2922
1662.9	95.1724
1664.83	94.9895
1666.76	94.7798
1668.69	94.5845
1670.62	94.3809
1672.55	94.1367
1674.48	93.803
1676.41	93.2662
1678.34	92.688
1680.27	92.2151
1682.2	91.6209
1684.12	90.8423
1686.05	90.1944
1687.98	89.389
1689.91	88.2524
1691.84	86.9156
1693.77	85.1355
1695.7	82.7261
1697.63	79.9931
1699.56	76.6138
1701.49	72.5768
1703.42	68.9758
1705.35	65.4646
1707.27	61.4534
1709.2	57.8103
1711.13	54.9182
1713.06	52.3152
1714.99	50.4016
1716.92	49.6337
1718.85	49.4228
1720.78	50.2168
1722.71	52.5263
1724.64	55.9283
1726.57	60.1867
1728.49	65.0912
1730.42	70.0499
1732.35	75.0674
1734.28	80.3707
1736.21	84.5725
1738.14	87.1238
1740.07	88.9948
1742	90.6336
1743.93	91.8429
1745.86	92.8283
1747.79	93.8392
1749.72	94.6992
1751.64	95.3511
1753.57	95.9219
1755.5	96.3887
1757.43	96.7968
1759.36	97.162
1761.29	97.3535
1763.22	97.3665
1765.15	97.2856
1767.08	97.1616
1769.01	97.1267
1770.94	97.243
1772.86	97.3544
1774.79	97.4107
1776.72	97.4819
1778.65	97.5326
1780.58	97.5247
1782.51	97.4828
1784.44	97.4964
1786.37	97.636
1788.3	97.7765
1790.23	97.7729
1792.16	97.7224
1794.08	97.774
1796.01	97.8398
1797.94	97.8589
1799.87	97.8861
1801.8	97.9721
1803.73	98.087
1805.66	98.1339
1807.59	98.0942
1809.52	98.075
1811.45	98.1268
1813.38	98.201
1815.31	98.2895
1817.23	98.3608
1819.16	98.3579
1821.09	98.3369
1823.02	98.3482
1824.95	98.3396
1826.88	98.2827
1828.81	98.2247
1830.74	98.2508
1832.67	98.3795
1834.6	98.4863
1836.53	98.5017
1838.45	98.4899
1840.38	98.4769
1842.31	98.4177
1844.24	98.3574
1846.17	98.3956
1848.1	98.5212
1850.03	98.6608
1851.96	98.7235
1853.89	98.7084
1855.82	98.7333
1857.75	98.7965
1859.68	98.8002
1861.6	98.7989
1863.53	98.8872
1865.46	98.9993
1867.39	99.0278
1869.32	98.9542
1871.25	98.8583
1873.18	98.8232
1875.11	98.878
1877.04	98.9833
1878.97	99.0185
1880.9	98.9333
1882.82	98.8574
1884.75	98.878
1886.68	98.863
1888.61	98.744
1890.54	98.6889
1892.47	98.7751
1894.4	98.8814
1896.33	98.9896
1898.26	99.1744
1900.19	99.3509
1902.12	99.3307
1904.05	99.107
1905.97	98.8925
1907.9	98.8463
1909.83	98.9715
1911.76	99.1657
1913.69	99.2535
1915.62	99.1822
1917.55	99.1412
1919.48	99.2423
1921.41	99.2942
1923.34	99.2523
1925.27	99.3284
1927.19	99.5134
1929.12	99.5869
1931.05	99.5563
1932.98	99.6083
1934.91	99.704
1936.84	99.6156
1938.77	99.3821
1940.7	99.3272
1942.63	99.5281
1944.56	99.6247
1946.49	99.4235
1948.41	99.1686
1950.34	99.08
1952.27	99.1285
1954.2	99.2251
1956.13	99.3507
1958.06	99.4759
1959.99	99.5332
1961.92	99.4856
1963.85	99.3697
1965.78	99.3057
1967.71	99.4025
1969.64	99.551
1971.56	99.5811
1973.49	99.6271
1975.42	99.8651
1977.35	100.098
1979.28	100.123
1981.21	100.081
1983.14	100.106
1985.07	100.184
1987	100.258
1988.93	100.122
1990.86	99.7153
1992.78	99.4625
1994.71	99.6265
1996.64	99.8782
1998.57	99.9767
2000.5	100.004
2002.43	99.9413
2004.36	99.7538
2006.29	99.6681
2008.22	99.8392
2010.15	100.069
2012.08	100.126
2014.01	100.063
2015.93	100.048
2017.86	100.059
2019.79	100.002
2021.72	99.9974
2023.65	100.125
2025.58	100.16
2027.51	99.9923
2029.44	99.9274
2031.37	100.166
2033.3	100.421
2035.23	100.347
2037.15	100.01
2039.08	99.7241
2041.01	99.6237
2042.94	99.6062
2044.87	99.642
2046.8	99.828
2048.73	100.074
2050.66	100.149
2052.59	100.063
2054.52	99.9687
2056.45	99.884
2058.37	99.8087
2060.3	99.8154
2062.23	99.8667
2064.16	99.8751
2066.09	99.8881
2068.02	99.947
2069.95	99.973
2071.88	99.9404
2073.81	99.9078
2075.74	99.8984
2077.67	99.9367
2079.6	100.046
2081.52	100.096
2083.45	99.8981
2085.38	99.5331
2087.31	99.3056
2089.24	99.344
2091.17	99.4986
2093.1	99.6399
2095.03	99.7852
2096.96	99.9068
2098.89	99.9055
2100.82	99.8149
2102.74	99.7648
2104.67	99.7575
2106.6	99.7017
2108.53	99.5917
2110.46	99.4893
2112.39	99.4528
2114.32	99.5412
2116.25	99.7206
2118.18	99.852
2120.11	99.9096
2122.04	99.9654
2123.97	99.936
2125.89	99.7446
2127.82	99.617
2129.75	99.7647
2131.68	99.9997
2133.61	100.041
2135.54	99.9252
2137.47	99.8765
2139.4	99.9925
2141.33	100.166
2143.26	100.213
2145.19	100.091
2147.11	99.9652
2149.04	99.9704
2150.97	100.042
2152.9	100.051
2154.83	99.9734
2156.76	99.8695
2158.69	99.8278
2160.62	99.9487
2162.55	100.189
2164.48	100.296
2166.41	100.149
2168.33	100.001
2170.26	100.076
2172.19	100.21
2174.12	100.163
2176.05	99.9848
2177.98	99.7992
2179.91	99.6425
2181.84	99.638
2183.77	99.845
2185.7	99.9805
2187.63	99.8286
2189.56	99.6498
2191.48	99.7099
2193.41	99.882
2195.34	99.9787
2197.27	99.991
2199.2	99.9759
2201.13	100.01
2203.06	100.102
2204.99	100.175
2206.92	100.245
2208.85	100.299
2210.78	100.125
2212.7	99.751
2214.63	99.6288
2216.56	99.9213
2218.49	100.218
2220.42	100.234
2222.35	100.137
2224.28	100.079
2226.21	100.038
2228.14	100.078
2230.07	100.232
2232	100.322
2233.93	100.298
2235.85	100.32
2237.78	100.294
2239.71	100.019
2241.64	99.7111
2243.57	99.6899
2245.5	99.8531
2247.43	99.9734
2249.36	100.055
2251.29	100.166
2253.22	100.269
2255.15	100.278
2257.07	100.195
2259	100.149
2260.93	100.205
2262.86	100.259
2264.79	100.241
2266.72	100.186
2268.65	100.149
2270.58	100.191
2272.51	100.279
2274.44	100.299
2276.37	100.278
2278.29	100.277
2280.22	100.203
2282.15	100.075
2284.08	100.058
2286.01	100.084
2287.94	99.9628
2289.87	99.7884
2291.8	99.7512
2293.73	99.7985
2295.66	99.792
2297.59	99.7296
2299.52	99.6643
2301.44	99.604
2303.37	99.5277
2305.3	99.4189
2307.23	99.331
2309.16	99.3854
2311.09	99.5747
2313.02	99.6956
2314.95	99.6555
2316.88	99.5952
2318.81	99.5504
2320.74	99.3639
2322.66	99.0317
2324.59	98.7553
2326.52	98.663
2328.45	98.7858
2330.38	98.9966
2332.31	99.0062
2334.24	98.8582
2336.17	98.909
2338.1	99.1455
2340.03	99.2188
2341.96	99.1037
2343.89	98.9834
2345.81	98.8476
2347.74	98.7174
2349.67	98.6574
2351.6	98.6369
2353.53	98.6639
2355.46	98.8669
2357.39	99.1751
2359.32	99.2952
2361.25	99.1736
2363.18	98.9701
2365.11	98.7919
2367.03	98.7087
2368.96	98.6887
2370.89	98.7301
2372.82	98.931
2374.75	99.1627
2376.68	99.185
2378.61	99.0728
2380.54	99.0549
2382.47	99.1385
2384.4	99.1926
2386.33	99.167
2388.26	99.1033
2390.18	99.0656
2392.11	99.0821
2394.04	99.1182
2395.97	99.1323
2397.9	99.1187
2399.83	99.0919
2401.76	99.0848
2403.69	99.1104
2405.62	99.1224
2407.55	99.0998
2409.48	99.0877
2411.4	99.0853
2413.33	99.0362
2415.26	98.9633
2417.19	98.9783
2419.12	99.1235
2421.05	99.2757
2422.98	99.2744
2424.91	99.1322
2426.84	99.0132
2428.77	99.0061
2430.7	99.0358
2432.62	99.0054
2434.55	98.9495
2436.48	98.9801
2438.41	99.0773
2440.34	99.0828
2442.27	98.979
2444.2	98.9543
2446.13	99.0754
2448.06	99.1448
2449.99	99.0388
2451.92	98.9507
2453.85	99.0766
2455.77	99.2683
2457.7	99.2795
2459.63	99.1606
2461.56	99.0852
2463.49	99.0285
2465.42	98.9342
2467.35	98.9084
2469.28	99.0014
2471.21	99.0921
2473.14	99.1116
2475.07	99.1317
2476.99	99.2098
2478.92	99.2963
2480.85	99.2894
2482.78	99.1886
2484.71	99.1543
2486.64	99.2642
2488.57	99.3538
2490.5	99.3188
2492.43	99.2991
2494.36	99.331
2496.29	99.2312
2498.22	99.0055
2500.14	98.9118
2502.07	99.0187
2504	99.1192
2505.93	99.1082
2507.86	99.0892
2509.79	99.1028
2511.72	99.0763
2513.65	99.0572
2515.58	99.1787
2517.51	99.3595
2519.44	99.3582
2521.36	99.15
2523.29	98.9786
2525.22	99.0299
2527.15	99.1977
2529.08	99.2146
2531.01	99.0545
2532.94	99.0228
2534.87	99.2513
2536.8	99.448
2538.73	99.3842
2540.66	99.182
2542.58	99.0066
2544.51	98.9401
2546.44	99.0622
2548.37	99.283
2550.3	99.3755
2552.23	99.3407
2554.16	99.3635
2556.09	99.4496
2558.02	99.481
2559.95	99.4556
2561.88	99.4124
2563.81	99.3574
2565.73	99.3471
2567.66	99.3974
2569.59	99.4052
2571.52	99.3468
2573.45	99.3197
2575.38	99.3103
2577.31	99.2513
2579.24	99.2691
2581.17	99.515
2583.1	99.8581
2585.03	100.059
2586.95	100.101
2588.88	100.09
2590.81	100.013
2592.74	99.8339
2594.67	99.6489
2596.6	99.5508
2598.53	99.495
2600.46	99.4113
2602.39	99.3102
2604.32	99.2567
2606.25	99.3039
2608.18	99.3906
2610.1	99.3811
2612.03	99.2905
2613.96	99.2545
2615.89	99.2575
2617.82	99.189
2619.75	99.095
2621.68	99.0989
2623.61	99.1867
2625.54	99.2297
2627.47	99.1536
2629.4	99.0392
2631.32	99.0132
2633.25	99.0686
2635.18	99.1291
2637.11	99.1916
2639.04	99.2357
2640.97	99.1864
2642.9	99.0711
2644.83	98.9919
2646.76	98.9606
2648.69	98.9366
2650.62	98.9233
2652.54	98.9394
2654.47	98.9851
2656.4	99.0309
2658.33	99.021
2660.26	98.9437
2662.19	98.8544
2664.12	98.8013
2666.05	98.8024
2667.98	98.8551
2669.91	98.907
2671.84	98.8997
2673.77	98.8464
2675.69	98.7863
2677.62	98.7252
2679.55	98.6683
2681.48	98.6301
2683.41	98.6266
2685.34	98.6934
2687.27	98.8237
2689.2	98.9054
2691.13	98.8432
2693.06	98.695
2694.99	98.5879
2696.91	98.5714
2698.84	98.6195
2700.77	98.6978
2702.7	98.7564
2704.63	98.7361
2706.56	98.6654
2708.49	98.6524
2710.42	98.7031
2712.35	98.7068
2714.28	98.6451
2716.21	98.59
2718.14	98.5269
2720.06	98.4354
2721.99	98.4041
2723.92	98.4455
2725.85	98.4399
2727.78	98.3917
2729.71	98.4292
2731.64	98.5184
2733.57	98.5112
2735.5	98.4376
2737.43	98.4433
2739.36	98.5084
2741.28	98.4841
2743.21	98.3571
2745.14	98.2735
2747.07	98.3019
2749	98.3422
2750.93	98.3115
2752.86	98.2749
2754.79	98.3122
2756.72	98.3804
2758.65	98.4121
2760.58	98.4418
2762.51	98.5305
2764.43	98.6315
2766.36	98.6257
2768.29	98.4752
2770.22	98.2814
2772.15	98.1707
2774.08	98.1623
2776.01	98.1787
2777.94	98.1639
2779.87	98.1408
2781.8	98.1464
2783.73	98.1615
2785.65	98.1515
2787.58	98.1353
2789.51	98.1517
2791.44	98.1926
2793.37	98.208
2795.3	98.1508
2797.23	98.0386
2799.16	97.9762
2801.09	98.0244
2803.02	98.0674
2804.95	97.9619
2806.87	97.7717
2808.8	97.6811
2810.73	97.7236
2812.66	97.7604
2814.59	97.718
2816.52	97.6845
2818.45	97.7115
2820.38	97.69
2822.31	97.5482
2824.24	97.4032
2826.17	97.3624
2828.1	97.3291
2830.02	97.1646
2831.95	96.9246
2833.88	96.7707
2835.81	96.7211
2837.74	96.6747
2839.67	96.6101
2841.6	96.5514
2843.53	96.4434
2845.46	96.2553
2847.39	96.025
2849.32	95.7348
2851.24	95.42
2853.17	95.2318
2855.1	95.0856
2857.03	94.6694
2858.96	94.0147
2860.89	93.4755
2862.82	93.1251
2864.75	92.7764
2866.68	92.4149
2868.61	92.1163
2870.54	91.8414
2872.47	91.6261
2874.39	91.6585
2876.32	91.9963
2878.25	92.419
2880.18	92.6833
2882.11	92.8291
2884.04	93.0282
2885.97	93.2198
2887.9	93.2564
2889.83	93.2568
2891.76	93.3558
2893.69	93.4154
2895.61	93.371
2897.54	93.3834
2899.47	93.449
2901.4	93.3934
2903.33	93.2381
2905.26	93.1517
2907.19	93.1829
2909.12	93.2327
2911.05	93.1536
2912.98	92.9027
2914.91	92.6166
2916.83	92.3974
2918.76	92.1332
2920.69	91.6879
2922.62	91.0987
2924.55	90.4705
2926.48	89.8496
2928.41	89.2924
2930.34	88.9336
2932.27	88.8881
2934.2	89.1232
2936.13	89.4722
2938.06	89.7795
2939.98	90.0219
2941.91	90.2486
2943.84	90.4051
2945.77	90.3376
2947.7	89.9734
2949.63	89.3797
2951.56	88.7002
2953.49	88.0677
2955.42	87.5135
2957.35	87.0725
2959.28	86.9267
2961.2	87.1903
2963.13	87.743
2965.06	88.4665
2966.99	89.3106
2968.92	90.1677
2970.85	91.0046
2972.78	91.8243
2974.71	92.4423
2976.64	92.771
2978.57	93.0244
2980.5	93.2855
2982.43	93.4608
2984.35	93.6722
2986.28	94.0247
2988.21	94.3377
2990.14	94.5974
2992.07	95.0607
2994	95.6776
2995.93	96.072
2997.86	96.1603
2999.79	96.2434
3001.72	96.4892
3003.65	96.7583
3005.57	96.948
3007.5	97.1646
3009.43	97.4475
3011.36	97.6448
3013.29	97.6929
3015.22	97.7205
3017.15	97.79
3019.08	97.8477
3021.01	97.9298
3022.94	98.0776
3024.87	98.1464
3026.79	98.0663
3028.72	98.0699
3030.65	98.2889
3032.58	98.4531
3034.51	98.3437
3036.44	98.1975
3038.37	98.308
3040.3	98.5391
3042.23	98.5729
3044.16	98.4177
3046.09	98.3325
3048.02	98.4147
3049.94	98.5537
3051.87	98.6517
3053.8	98.7129
3055.73	98.8101
3057.66	98.9368
3059.59	98.9029
3061.52	98.6774
3063.45	98.6017
3065.38	98.8251
3067.31	99.0317
3069.24	99.0785
3071.16	99.1318
3073.09	99.1117
3075.02	98.8659
3076.95	98.6212
3078.88	98.5975
3080.81	98.68
3082.74	98.7368
3084.67	98.7505
3086.6	98.7021
3088.53	98.6297
3090.46	98.5884
3092.39	98.5703
3094.31	98.6106
3096.24	98.7205
3098.17	98.7553
3100.1	98.636
3102.03	98.4699
3103.96	98.3578
3105.89	98.3484
3107.82	98.4402
3109.75	98.5087
3111.68	98.533
3113.61	98.7221
3115.53	99.0756
3117.46	99.2631
3119.39	99.1783
3121.32	99.0129
3123.25	98.7907
3125.18	98.4831
3127.11	98.3597
3129.04	98.6191
3130.97	98.9912
3132.9	99.1347
3134.83	99.0768
3136.75	99.0034
3138.68	98.9703
3140.61	98.9775
3142.54	99.006
3144.47	98.9882
3146.4	98.9352
3148.33	98.8963
3150.26	98.7935
3152.19	98.6241
3154.12	98.5805
3156.05	98.6471
3157.98	98.5812
3159.9	98.4544
3161.83	98.5348
3163.76	98.7488
3165.69	98.919
3167.62	99.1007
3169.55	99.2474
3171.48	99.1662
3173.41	98.9187
3175.34	98.6973
3177.27	98.5264
3179.2	98.4109
3181.12	98.4159
3183.05	98.5346
3184.98	98.7003
3186.91	98.8049
3188.84	98.7736
3190.77	98.7481
3192.7	98.8769
3194.63	98.9884
3196.56	98.865
3198.49	98.5611
3200.42	98.2479
3202.35	98.1295
3204.27	98.3469
3206.2	98.6715
3208.13	98.7386
3210.06	98.5888
3211.99	98.4708
3213.92	98.4349
3215.85	98.4512
3217.78	98.4851
3219.71	98.4559
3221.64	98.4218
3223.57	98.5053
3225.49	98.605
3227.42	98.5891
3229.35	98.5263
3231.28	98.4271
3233.21	98.223
3235.14	98.1086
3237.07	98.3141
3239	98.5991
3240.93	98.5771
3242.86	98.3433
3244.79	98.2203
3246.72	98.2593
3248.64	98.3702
3250.57	98.4825
3252.5	98.4648
3254.43	98.3248
3256.36	98.2733
3258.29	98.3332
3260.22	98.3413
3262.15	98.308
3264.08	98.3066
3266.01	98.2929
3267.94	98.2842
3269.86	98.309
3271.79	98.2518
3273.72	98.1153
3275.65	98.1375
3277.58	98.3861
3279.51	98.5947
3281.44	98.5587
3283.37	98.3879
3285.3	98.2821
3287.23	98.2652
3289.16	98.219
3291.08	98.0614
3293.01	97.8555
3294.94	97.7629
3296.87	97.8339
3298.8	97.9412
3300.73	98.0108
3302.66	98.0825
3304.59	98.093
3306.52	97.9439
3308.45	97.7421
3310.38	97.6667
3312.31	97.7171
3314.23	97.7617
3316.16	97.7236
3318.09	97.6568
3320.02	97.6359
3321.95	97.6174
3323.88	97.5613
3325.81	97.5516
3327.74	97.5915
3329.67	97.5628
3331.6	97.5026
3333.53	97.5145
3335.45	97.4917
3337.38	97.3601
3339.31	97.3027
3341.24	97.4006
3343.17	97.4916
3345.1	97.5143
3347.03	97.5019
3348.96	97.3592
3350.89	97.1285
3352.82	97.0858
3354.75	97.2618
3356.68	97.3909
3358.6	97.3954
3360.53	97.3889
3362.46	97.3286
3364.39	97.1217
3366.32	96.8865
3368.25	96.8212
3370.18	96.9541
3372.11	97.1394
3374.04	97.2491
3375.97	97.3281
3377.9	97.4715
3379.82	97.5981
3381.75	97.5582
3383.68	97.3708
3385.61	97.1485
3387.54	96.9692
3389.47	96.9297
3391.4	97.0326
3393.33	97.0675
3395.26	96.9508
3397.19	96.9234
3399.12	97.0856
3401.04	97.1876
3402.97	97.0764
3404.9	96.8906
3406.83	96.8035
3408.76	96.8941
3410.69	97.1098
3412.62	97.2449
3414.55	97.1651
3416.48	96.9477
3418.41	96.7308
3420.34	96.6418
3422.27	96.7259
3424.19	96.8285
3426.12	96.8547
3428.05	96.9217
3429.98	97.0149
3431.91	96.993
3433.84	96.9093
3435.77	96.8516
3437.7	96.8005
3439.63	96.8287
3441.56	96.9718
3443.49	97.0927
3445.41	97.1409
3447.34	97.1529
3449.27	97.0893
3451.2	96.9728
3453.13	96.8806
3455.06	96.8495
3456.99	96.9759
3458.92	97.2207
3460.85	97.2721
3462.78	97.0755
3464.71	96.9725
3466.64	97.0265
3468.56	97.0103
3470.49	97.0035
3472.42	97.2126
3474.35	97.4452
3476.28	97.3643
3478.21	97.0312
3480.14	96.7929
3482.07	96.854
3484	97.1167
3485.93	97.3185
3487.86	97.2804
3489.78	97.1035
3491.71	97.0991
3493.64	97.3465
3495.57	97.5352
3497.5	97.4481
3499.43	97.2784
3501.36	97.2064
3503.29	97.142
3505.22	97.0032
3507.15	96.8117
3509.08	96.5846
3511	96.4634
3512.93	96.6204
3514.86	96.9383
3516.79	97.1586
3518.72	97.1752
3520.65	97.0187
3522.58	96.8021
3524.51	96.7145
3526.44	96.791
3528.37	96.8606
3530.3	96.8768
3532.23	96.9539
3534.15	97.0658
3536.08	97.0491
3538.01	96.8888
3539.94	96.7688
3541.87	96.7298
3543.8	96.5787
3545.73	96.3269
3547.66	96.3445
3549.59	96.6891
3551.52	96.9922
3553.45	97.09
3555.37	97.1202
3557.3	97.1072
3559.23	96.9931
3561.16	96.8549
3563.09	96.7224
3565.02	96.5444
3566.95	96.5336
3568.88	96.9198
3570.81	97.3292
3572.74	97.4318
3574.67	97.3578
3576.6	97.3529
3578.52	97.4184
3580.45	97.437
3582.38	97.4521
3584.31	97.5738
3586.24	97.7805
3588.17	97.9062
3590.1	97.8963
3592.03	97.9227
3593.96	98.0253
3595.89	98.0547
3597.82	98.0173
3599.74	98.0971
3601.67	98.2691
3603.6	98.4198
3605.53	98.6237
3607.46	98.8377
3609.39	98.7847
3611.32	98.5033
3613.25	98.271
3615.18	98.135
3617.11	98.1716
3619.04	98.5341
3620.97	98.9787
3622.89	99.1744
3624.82	99.2879
3626.75	99.466
3628.68	99.5176
3630.61	99.3382
3632.54	99.1634
3634.47	99.0852
3636.4	99.1249
3638.33	99.25
3640.26	99.3498
3642.19	99.4133
3644.11	99.4748
3646.04	99.5528
3647.97	99.8313
3649.9	100.246
3651.83	100.062
3653.76	99.3721
3655.69	98.8474
3657.62	98.852
3659.55	99.0612
3661.48	99.1743
3663.41	99.301
3665.33	99.4311
3667.26	99.4461
3669.19	99.4645
3671.12	99.5675
3673.05	99.4601
3674.98	99.1202
3676.91	99.05
3678.84	99.2985
3680.77	99.3834
3682.7	99.2595
3684.63	99.2026
3686.56	99.3804
3688.48	99.6429
3690.41	99.5834
3692.34	99.2467
3694.27	99.0701
3696.2	99.0887
3698.13	99.1201
3700.06	99.1962
3701.99	99.3642
3703.92	99.3486
3705.85	99.117
3707.78	99.0598
3709.7	99.3286
3711.63	99.5217
3713.56	99.3649
3715.49	99.2287
3717.42	99.3111
3719.35	99.4562
3721.28	99.479
3723.21	99.4538
3725.14	99.5462
3727.07	99.6837
3729	99.688
3730.93	99.5544
3732.85	99.5214
3734.78	99.8897
3736.71	100.253
3738.64	99.9494
3740.57	99.3695
3742.5	99.1098
3744.43	99.2797
3746.36	99.3213
3748.29	99.0173
3750.22	98.8569
3752.15	99.2307
3754.07	99.6696
3756	99.7393
3757.93	99.6134
3759.86	99.5538
3761.79	99.5441
3763.72	99.4797
3765.65	99.4623
3767.58	99.5828
3769.51	99.7537
3771.44	99.8541
3773.37	99.8221
3775.29	99.7027
3777.22	99.6032
3779.15	99.5425
3781.08	99.4752
3783.01	99.4515
3784.94	99.48
3786.87	99.4993
3788.8	99.5851
3790.73	99.7562
3792.66	99.7835
3794.59	99.5619
3796.52	99.3233
3798.44	99.2212
3800.37	99.198
3802.3	99.3028
3804.23	99.5109
3806.16	99.6565
3808.09	99.7282
3810.02	99.7641
3811.95	99.7052
3813.88	99.5081
3815.81	99.254
3817.74	99.1358
3819.66	99.224
3821.59	99.4294
3823.52	99.556
3825.45	99.5173
3827.38	99.3948
3829.31	99.3224
3831.24	99.4043
3833.17	99.5315
3835.1	99.4865
3837.03	99.3647
3838.96	99.486
3840.89	99.6706
3842.81	99.5375
3844.74	99.2897
3846.67	99.2973
3848.6	99.4943
3850.53	99.5762
3852.46	99.4192
3854.39	99.3065
3856.32	99.4295
3858.25	99.5189
3860.18	99.5225
3862.11	99.578
3864.03	99.7131
3865.96	99.7596
3867.89	99.6449
3869.82	99.4232
3871.75	99.1832
3873.68	99.1036
3875.61	99.2455
3877.54	99.4392
3879.47	99.539
3881.4	99.579
3883.33	99.6011
3885.25	99.5442
3887.18	99.4491
3889.11	99.4124
3891.04	99.4193
3892.97	99.4814
3894.9	99.619
3896.83	99.7102
3898.76	99.6362
3900.69	99.4731
3902.62	99.4178
3904.55	99.4978
3906.48	99.6236
3908.4	99.7314
3910.33	99.784
3912.26	99.7695
3914.19	99.7189
3916.12	99.6711
3918.05	99.6083
3919.98	99.4943
3921.91	99.3977
3923.84	99.4088
3925.77	99.439
3927.7	99.3617
3929.62	99.3316
3931.55	99.5389
3933.48	99.7705
3935.41	99.7142
3937.34	99.4768
3939.27	99.3013
3941.2	99.2637
3943.13	99.3572
3945.06	99.5559
3946.99	99.7579
3948.92	99.8186
3950.85	99.6744
3952.77	99.4616
3954.7	99.3792
3956.63	99.4219
3958.56	99.4148
3960.49	99.3526
3962.42	99.4187
3964.35	99.6017
3966.28	99.6783
3968.21	99.5936
3970.14	99.4879
3972.07	99.426
3973.99	99.3783
3975.92	99.3846
3977.85	99.4818
3979.78	99.5663
3981.71	99.5433
3983.64	99.4968
3985.57	99.5217
3987.5	99.5266
3989.43	99.4002
3991.36	99.234
3993.29	99.1945
3995.22	99.274
3997.14	99.3412
