499.643	88.3334
501.572	88.0826
503.501	88.4532
505.43	89.1209
507.36	89.3224
509.289	88.8976
511.218	88.3239
513.147	88.1782
515.076	88.5173
517.005	88.9171
518.934	89.1135
520.863	89.0916
522.792	88.7076
524.722	87.9705
526.651	87.3634
528.58	87.3518
530.509	87.8256
532.438	88.2866
534.367	88.4038
536.296	88.423
538.225	88.7014
540.155	89.0956
542.084	89.317
544.013	89.4368
545.942	89.6514
547.871	89.9536
549.8	90.2074
551.729	90.3722
553.658	90.5205
555.588	90.6301
557.517	90.623
559.446	90.6053
561.375	90.6733
563.304	90.7083
565.233	90.7204
567.162	90.8489
569.091	90.906
571.021	90.6923
572.95	90.5254
574.879	90.6387
576.808	90.6576
578.737	90.3567
580.666	90.1299
582.595	90.1039
584.524	89.8207
586.454	89.1129
588.383	88.2955
590.312	87.5509
592.241	86.9729
594.17	86.714
596.099	86.636
598.028	86.553
599.957	86.655
601.887	87.0347
603.816	87.4467
605.745	87.9211
607.674	88.6739
609.603	89.4358
611.532	89.8208
613.461	90.0091
615.39	90.2959
617.32	90.5674
619.249	90.6465
621.178	90.5964
623.107	90.5117
625.036	90.4459
626.965	90.4361
628.894	90.3731
630.823	90.0775
632.753	89.5652
634.682	89.0158
636.611	88.498
638.54	87.8861
640.469	86.9393
642.398	85.5015
644.327	83.7953
646.256	82.2736
648.186	81.2135
650.115	80.6622
652.044	80.4953
653.973	80.6356
655.902	81.0957
657.831	81.742
659.76	82.6158
661.689	83.9177
663.619	85.3258
665.548	86.614
667.477	88.21
669.406	89.8845
671.335	90.7273
673.264	91.2284
675.193	91.7014
677.122	92.0087
679.052	92.2304
680.981	92.5604
682.91	92.9057
684.839	93.1246
686.768	93.2344
688.697	93.2574
690.626	93.2266
692.555	93.2403
694.485	93.3771
696.414	93.5922
698.343	93.7325
700.272	93.7401
702.201	93.7495
704.13	93.8471
706.059	93.9188
707.988	93.8857
709.917	93.8561
711.847	93.905
713.776	93.9422
715.705	93.9153
717.634	93.9218
719.563	93.9927
721.492	93.9848
723.421	93.8471
725.35	93.7231
727.28	93.6611
729.209	93.5403
731.138	93.3378
733.067	93.1638
734.996	93.0207
736.925	92.8311
738.854	92.6551
740.783	92.6098
742.713	92.6531
744.642	92.6739
746.571	92.6894
748.5	92.7676
750.429	92.876
752.358	92.9437
754.287	92.9741
756.216	93.0065
758.146	93.0431
760.075	93.0823
762.004	93.1585
763.933	93.2787
765.862	93.3758
767.791	93.4007
769.72	93.397
771.649	93.4148
773.579	93.4301
775.508	93.3978
777.437	93.3071
779.366	93.1782
781.295	93.0562
783.224	92.9703
785.153	92.8876
787.082	92.7549
789.012	92.5506
790.941	92.2491
792.87	91.7954
794.799	91.1571
796.728	90.3524
798.657	89.3871
800.586	88.2055
802.515	86.7019
804.445	84.6809
806.374	81.8504
808.303	78.1718
810.232	74.3559
812.161	71.6855
814.09	71.1077
816.019	72.6282
817.948	75.4953
819.878	78.7245
821.807	81.564
823.736	83.7514
825.665	85.4088
827.594	86.6896
829.523	87.6171
831.452	88.2217
833.381	88.5953
835.311	88.7594
837.24	88.6691
839.169	88.3547
841.098	87.9072
843.027	87.387
844.956	86.8754
846.885	86.5183
848.814	86.4178
850.744	86.5533
852.673	86.8444
854.602	87.2296
856.531	87.6679
858.46	88.1075
860.389	88.485
862.318	88.7514
864.247	88.8634
866.177	88.7732
868.106	88.4816
870.035	88.0483
871.964	87.4978
873.893	86.8168
875.822	86.0677
877.751	85.3649
879.68	84.7682
881.609	84.3175
883.539	84.0762
885.468	84.0379
887.397	84.0904
889.326	84.1146
891.255	84.0719
893.184	84.0322
895.113	84.1147
897.042	84.3738
898.972	84.8347
900.901	85.5911
902.83	86.6563
904.759	87.8128
906.688	88.8156
908.617	89.5838
910.546	90.0877
912.475	90.2848
914.405	90.2107
916.334	89.9328
918.263	89.4274
920.192	88.6071
922.121	87.4132
924.05	85.8068
925.979	83.6888
927.908	80.9189
929.838	77.5065
931.767	73.7218
933.696	69.9578
935.625	66.6115
937.554	64.0912
939.483	62.6823
941.412	62.3513
943.341	62.8321
945.271	63.8804
947.2	65.3417
949.129	67.0819
951.058	68.9876
952.987	70.9746
954.916	72.9419
956.845	74.7837
958.774	76.4607
960.704	78.044
962.633	79.7139
964.562	81.6581
966.491	83.8739
968.42	86.1155
970.349	88.0858
972.278	89.6127
974.207	90.6769
976.137	91.3748
978.066	91.8096
979.995	91.9752
981.924	91.8133
983.853	91.3418
985.782	90.6492
987.711	89.8785
989.64	89.2496
991.57	88.8854
993.499	88.5928
995.428	87.9866
997.357	86.7952
999.286	85.0059
1001.22	82.9305
1003.14	81.1439
1005.07	80.0715
1007	79.6625
1008.93	79.6942
1010.86	80.1702
1012.79	81.1117
1014.72	82.1979
1016.65	82.9462
1018.58	83.1059
1020.51	82.6661
1022.44	81.6485
1024.36	80.1492
1026.29	78.5232
1028.22	77.2453
1030.15	76.4704
1032.08	75.8959
1034.01	75.1831
1035.94	74.3362
1037.87	73.5663
1039.8	73.0146
1041.73	72.7491
1043.66	72.8529
1045.58	73.37
1047.51	74.2295
1049.44	75.2631
1051.37	76.2473
1053.3	76.9774
1055.23	77.4318
1057.16	77.8433
1059.09	78.455
1061.02	79.2118
1062.95	79.8107
1064.88	80.0047
1066.81	79.7861
1068.73	79.4057
1070.66	79.2603
1072.59	79.6075
1074.52	80.3765
1076.45	81.3295
1078.38	82.3046
1080.31	83.2257
1082.24	84.0117
1084.17	84.5673
1086.1	84.8323
1088.03	84.8245
1089.95	84.6006
1091.88	84.1719
1093.81	83.5296
1095.74	82.7202
1097.67	81.8006
1099.6	80.7716
1101.53	79.6245
1103.46	78.3842
1105.39	77.0665
1107.32	75.6488
1109.25	74.0949
1111.18	72.3846
1113.1	70.531
1115.03	68.58
1116.96	66.5812
1118.89	64.571
1120.82	62.5959
1122.75	60.7171
1124.68	58.953
1126.61	57.225
1128.54	55.3642
1130.47	53.1696
1132.4	50.4958
1134.32	47.3415
1136.25	43.874
1138.18	40.3804
1140.11	37.2044
1142.04	34.677
1143.97	33.0159
1145.9	32.2655
1147.83	32.3455
1149.76	33.1332
1151.69	34.5072
1153.62	36.3656
1155.55	38.6129
1157.47	41.1196
1159.4	43.7255
1161.33	46.2867
1163.26	48.6871
1165.19	50.8237
1167.12	52.6255
1169.05	54.0828
1170.98	55.2658
1172.91	56.3246
1174.84	57.4241
1176.77	58.6494
1178.69	60.0133
1180.62	61.5292
1182.55	63.2021
1184.48	64.9888
1186.41	66.8359
1188.34	68.7155
1190.27	70.6115
1192.2	72.5317
1194.13	74.5116
1196.06	76.5496
1197.99	78.5783
1199.91	80.5341
1201.84	82.3948
1203.77	84.1276
1205.7	85.6882
1207.63	87.0814
1209.56	88.3366
1211.49	89.4746
1213.42	90.5495
1215.35	91.5454
1217.28	92.2363
1219.21	92.477
1221.14	92.5364
1223.06	92.7467
1224.99	93.0713
1226.92	93.2673
1228.85	93.2124
1230.78	92.9146
1232.71	92.4185
1234.64	91.779
1236.57	91.0442
1238.5	90.2951
1240.43	89.6492
1242.36	89.1595
1244.28	88.8085
1246.21	88.6185
1248.14	88.6596
1250.07	88.948
1252	89.4045
1253.93	89.9006
1255.86	90.3201
1257.79	90.5833
1259.72	90.6434
1261.65	90.4902
1263.58	90.1367
1265.51	89.6023
1267.43	88.914
1269.36	88.0836
1271.29	87.1055
1273.22	86.0241
1275.15	84.9198
1277.08	83.7999
1279.01	82.5547
1280.94	80.9567
1282.87	78.6701
1284.8	75.3492
1286.73	70.8556
1288.65	65.6217
1290.58	60.8205
1292.51	57.8105
1294.44	57.3334
1296.37	59.2444
1298.3	62.6986
1300.23	66.5517
1302.16	69.8655
1304.09	72.1894
1306.02	73.3853
1307.95	73.4164
1309.87	72.4936
1311.8	71.2302
1313.73	70.367
1315.66	70.1593
1317.59	70.2687
1319.52	70.465
1321.45	71.0068
1323.38	72.1635
1325.31	73.8831
1327.24	75.9795
1329.17	78.315
1331.1	80.779
1333.02	83.0999
1334.95	84.9447
1336.88	86.2499
1338.81	87.1376
1340.74	87.7119
1342.67	88.1494
1344.6	88.7177
1346.53	89.5756
1348.46	90.5901
1350.39	91.4402
1352.32	92.002
1354.24	92.3668
1356.17	92.5529
1358.1	92.5128
1360.03	92.2416
1361.96	91.6059
1363.89	90.4032
1365.82	88.8511
1367.75	87.6272
1369.68	87.3656
1371.61	87.8415
1373.54	88.0367
1375.47	87.4488
1377.39	86.7474
1379.32	86.6363
1381.25	87.1648
1383.18	87.9726
1385.11	88.7177
1387.04	89.2357
1388.97	89.4348
1390.9	89.3819
1392.83	89.148
1394.76	88.714
1396.69	88.0838
1398.61	87.2922
1400.54	86.5527
1402.47	86.231
1404.4	86.5039
1406.33	87.1893
1408.26	87.8819
1410.19	88.4508
1412.12	88.9641
1414.05	89.3844
1415.98	89.672
1417.91	89.8327
1419.83	89.888
1421.76	89.8672
1423.69	89.6948
1425.62	89.3598
1427.55	88.9425
1429.48	88.3152
1431.41	87.3725
1433.34	86.3311
1435.27	85.2535
1437.2	84.1517
1439.13	83.371
1441.06	82.9088
1442.98	82.4887
1444.91	81.9608
1446.84	81.167
1448.77	80.0135
1450.7	78.947
1452.63	78.5346
1454.56	78.8472
1456.49	80.1219
1458.42	82.1434
1460.35	83.621
1462.28	84.7395
1464.2	86.0801
1466.13	87.4894
1468.06	88.5245
1469.99	89.408
1471.92	90.3969
1473.85	91.2623
1475.78	91.8057
1477.71	92.2411
1479.64	92.6887
1481.57	93.2081
1483.5	93.7678
1485.43	94.2357
1487.35	94.6199
1489.28	95.0323
1491.21	95.3908
1493.14	95.6136
1495.07	95.8151
1497	96.0785
1498.93	96.3294
1500.86	96.4563
1502.79	96.4912
1504.72	96.523
1506.65	96.6612
1508.57	96.8275
1510.5	96.8628
1512.43	96.8638
1514.36	96.9149
1516.29	97.0097
1518.22	97.0751
1520.15	97.0868
1522.08	97.097
1524.01	97.1332
1525.94	97.1633
1527.87	97.1705
1529.8	97.1797
1531.72	97.2256
1533.65	97.2798
1535.58	97.2422
1537.51	97.1228
1539.44	97.056
1541.37	97.1634
1543.3	97.2376
1545.23	97.1957
1547.16	97.1698
1549.09	97.1989
1551.02	97.2144
1552.94	97.1586
1554.87	97.0698
1556.8	97.0332
1558.73	97.1232
1560.66	97.2104
1562.59	97.1699
1564.52	97.0832
1566.45	97.0093
1568.38	96.9625
1570.31	96.9297
1572.24	96.9164
1574.16	96.9295
1576.09	96.9376
1578.02	96.9024
1579.95	96.8421
1581.88	96.7717
1583.81	96.6979
1585.74	96.6254
1587.67	96.5351
1589.6	96.4468
1591.53	96.407
1593.46	96.3882
1595.39	96.3487
1597.31	96.2988
1599.24	96.225
1601.17	96.1086
1603.1	95.966
1605.03	95.7944
1606.96	95.6043
1608.89	95.4343
1610.82	95.2671
1612.75	95.0711
1614.68	94.7917
1616.61	94.2841
1618.53	93.651
1620.46	93.0179
1622.39	92.1128
1624.32	90.9442
1626.25	89.8552
1628.18	88.6065
1630.11	87.0841
1632.04	85.7317
1633.97	84.4762
1635.9	82.8771
1637.83	82.0284
1639.76	83.2495
1641.68	85.8822
1643.61	88.737
1645.54	91.2906
1647.47	93.2906
1649.4	94.2394
1651.33	94.5513
1653.26	94.952
1655.19	95.3814
1657.12	95.4598
1659.05	95.4317
1660.98	95.3899
1662.9	95.2627
1664.83	95.049
1666.76	94.8471
1668.69	94.6846
1670.62	94.463
1672.55	94.1677
1674.48	93.8318
1676.41	93.3425
1678.34	92.7953
1680.27	92.3343
1682.2	91.7803
1684.12	91.0567
1686.05	90.4026
1687.98	89.561
1689.91	88.3947
1691.84	87.0474
1693.77	85.3219
1695.7	83.06
1697.63	80.4743
1699.56	77.093
1701.49	72.9491
1703.42	69.2906
1705.35	65.7837
1707.27	61.7775
1709.2	58.1485
1711.13	55.3409
1713.06	52.8716
1714.99	51.0188
1716.92	50.1762
1718.85	49.937
1720.78	50.8376
1722.71	53.264
1724.64	56.7217
1726.57	60.9969
1728.49	65.9564
1730.42	71.052
1732.35	76.2764
1734.28	81.7847
1736.21	86.1197
1738.14	88.7619
1740.07	90.7122
1742	92.3918
1743.93	93.5524
1745.86	94.4096
1747.79	95.3047
1749.72	96.189
1751.64	96.952
1753.57	97.5165
1755.5	97.8199
1757.43	98.03
1759.36	98.272
1761.29	98.4048
1763.22	98.387
1765.15	98.2921
1767.08	98.1236
1769.01	97.976
1770.94	97.9549
1772.86	97.9526
1774.79	97.8889
1776.72	97.8414
1778.65	97.8389
1780.58	97.8519
1782.51	97.809
1784.44	97.7358
1786.37	97.7895
1788.3	97.9479
1790.23	98.0287
1792.16	98.0266
1794.08	98.0719
1796.01	98.1268
1797.94	98.1168
1799.87	98.0762
1801.8	98.0828
1803.73	98.1287
1805.66	98.1349
1807.59	98.1195
1809.52	98.1714
1811.45	98.2458
1813.38	98.2426
1815.31	98.215
1817.23	98.2279
1819.16	98.2628
1821.09	98.3127
1823.02	98.3654
1824.95	98.3821
1826.88	98.3577
1828.81	98.2922
1830.74	98.2347
1832.67	98.3007
1834.6	98.4498
1836.53	98.5495
1838.45	98.5857
1840.38	98.6274
1842.31	98.6711
1844.24	98.6671
1846.17	98.6338
1848.1	98.6534
1850.03	98.7392
1851.96	98.8195
1853.89	98.8424
1855.82	98.8492
1857.75	98.8783
1859.68	98.9072
1861.6	98.9248
1863.53	98.9801
1865.46	99.1095
1867.39	99.2073
1869.32	99.0669
1871.25	98.7655
1873.18	98.6073
1875.11	98.6874
1877.04	98.8762
1878.97	98.969
1880.9	98.9216
1882.82	98.8928
1884.75	98.9558
1886.68	98.9779
1888.61	98.9355
1890.54	98.9762
1892.47	99.0515
1894.4	99.0114
1896.33	98.9849
1898.26	99.1445
1900.19	99.3163
1902.12	99.2731
1904.05	99.0895
1905.97	98.9451
1907.9	98.9046
1909.83	99.0269
1911.76	99.2593
1913.69	99.3428
1915.62	99.2157
1917.55	99.1699
1919.48	99.3661
1921.41	99.551
1923.34	99.5392
1925.27	99.4573
1927.19	99.4424
1929.12	99.4225
1931.05	99.3287
1932.98	99.2885
1934.91	99.3577
1936.84	99.3567
1938.77	99.2984
1940.7	99.4422
1942.63	99.6996
1944.56	99.6994
1946.49	99.4995
1948.41	99.3516
1950.34	99.2735
1952.27	99.317
1954.2	99.5351
1956.13	99.6951
1958.06	99.6302
1959.99	99.5387
1961.92	99.5656
1963.85	99.62
1965.78	99.6806
1967.71	99.7616
1969.64	99.7457
1971.56	99.6609
1973.49	99.7526
1975.42	100.037
1977.35	100.219
1979.28	100.195
1981.21	100.131
1983.14	100.119
1985.07	100.161
1987	100.222
1988.93	100.145
1990.86	99.8914
1992.78	99.7665
1994.71	99.9368
1996.64	100.11
1998.57	100.065
2000.5	99.9571
2002.43	99.934
2004.36	99.9349
2006.29	99.9609
2008.22	100.053
2010.15	100.059
2012.08	99.9225
2014.01	99.899
2015.93	100.049
2017.86	100.078
2019.79	99.9847
2021.72	100.088
2023.65	100.304
2025.58	100.287
2027.51	100.11
2029.44	100.072
2031.37	100.129
2033.3	100.098
2035.23	100.069
2037.15	100.135
2039.08	100.071
2041.01	99.7405
2042.94	99.4905
2044.87	99.6464
2046.8	99.9895
2048.73	100.161
2050.66	100.146
2052.59	100.072
2054.52	99.9683
2056.45	99.8475
2058.37	99.7542
2060.3	99.7521
2062.23	99.8812
2064.16	100.04
2066.09	100.079
2068.02	100.007
2069.95	99.9026
2071.88	99.8012
2073.81	99.8127
2075.74	99.9726
2077.67	100.071
2079.6	99.9996
2081.52	99.9242
2083.45	99.8732
2085.38	99.6923
2087.31	99.4794
2089.24	99.4672
2091.17	99.5908
2093.1	99.6782
2095.03	99.786
2096.96	99.9538
2098.89	100.007
2100.82	99.8814
2102.74	99.7624
2104.67	99.7632
2106.6	99.7781
2108.53	99.6847
2110.46	99.5219
2112.39	99.4576
2114.32	99.6
2116.25	99.8363
2118.18	99.9651
2120.11	99.954
2122.04	99.8794
2123.97	99.742
2125.89	99.598
2127.82	99.6383
2129.75	99.8704
2131.68	100.027
2133.61	99.9888
2135.54	99.9293
2137.47	99.9434
2139.4	99.9225
2141.33	99.8553
2143.26	99.8889
2145.19	100.053
2147.11	100.161
2149.04	100.073
2150.97	99.9161
2152.9	99.8773
2154.83	99.9013
2156.76	99.8482
2158.69	99.8506
2160.62	100.098
2162.55	100.4
2164.48	100.454
2166.41	100.342
2168.33	100.342
2170.26	100.458
2172.19	100.48
2174.12	100.337
2176.05	100.133
2177.98	99.9381
2179.91	99.799
2181.84	99.8239
2183.77	99.9903
2185.7	100.031
2187.63	99.8052
2189.56	99.5455
2191.48	99.4824
2193.41	99.5579
2195.34	99.652
2197.27	99.767
2199.2	99.9116
2201.13	99.9986
2203.06	99.9112
2204.99	99.7029
2206.92	99.6577
2208.85	99.9046
2210.78	100.137
2212.7	100.081
2214.63	99.9432
2216.56	99.9752
2218.49	100.061
2220.42	100.091
2222.35	100.156
2224.28	100.167
2226.21	100.007
2228.14	99.9452
2230.07	100.163
2232	100.344
2233.93	100.313
2235.85	100.311
2237.78	100.348
2239.71	100.195
2241.64	99.9563
2243.57	99.8845
2245.5	99.9724
2247.43	100.083
2249.36	100.121
2251.29	100.067
2253.22	100.008
2255.15	99.9946
2257.07	99.979
2259	99.9816
2260.93	100.054
2262.86	100.164
2264.79	100.291
2266.72	100.421
2268.65	100.48
2270.58	100.471
2272.51	100.446
2274.44	100.388
2276.37	100.306
2278.29	100.218
2280.22	100.068
2282.15	99.9352
2284.08	99.9909
2286.01	100.122
2287.94	100.075
2289.87	99.9173
2291.8	99.8816
2293.73	99.9583
2295.66	99.9952
2297.59	99.9863
2299.52	100.028
2301.44	100.09
2303.37	100.038
2305.3	99.9126
2307.23	99.9331
2309.16	100.108
2311.09	100.208
2313.02	100.216
2314.95	100.322
2316.88	100.515
2318.81	100.632
2320.74	100.618
2322.66	100.514
2324.59	100.39
2326.52	100.301
2328.45	100.29
2330.38	100.407
2332.31	100.584
2334.24	100.636
2336.17	100.625
2338.1	100.772
2340.03	100.982
2341.96	101.018
2343.89	100.891
2345.81	100.655
2347.74	100.384
2349.67	100.23
2351.6	100.302
2353.53	100.635
2355.46	101.14
2357.39	101.579
2359.32	101.747
2361.25	101.605
2363.18	101.242
2365.11	100.854
2367.03	100.746
2368.96	100.828
2370.89	100.736
2372.82	100.52
2374.75	100.372
2376.68	100.165
2378.61	99.8065
2380.54	99.4677
2382.47	99.2929
2384.4	99.2599
2386.33	99.2658
2388.26	99.2145
2390.18	99.1213
2392.11	99.087
2394.04	99.0995
2395.97	99.0641
2397.9	99.0385
2399.83	99.1238
2401.76	99.1935
2403.69	99.0882
2405.62	98.9339
2407.55	98.916
2409.48	98.9559
2411.4	98.9358
2413.33	98.9511
2415.26	99.0691
2417.19	99.1579
2419.12	99.1327
2421.05	99.0758
2422.98	99.0506
2424.91	99.051
2426.84	99.0878
2428.77	99.132
2430.7	99.0904
2432.62	98.9814
2434.55	98.9698
2436.48	99.0945
2438.41	99.1539
2440.34	99.005
2442.27	98.7984
2444.2	98.7776
2446.13	98.9675
2448.06	99.1545
2449.99	99.1629
2451.92	99.0851
2453.85	99.1042
2455.77	99.1826
2457.7	99.1771
2459.63	99.1255
2461.56	99.1208
2463.49	99.0993
2465.42	99.0073
2467.35	98.9423
2469.28	98.9796
2471.21	99.072
2473.14	99.162
2475.07	99.2317
2476.99	99.2581
2478.92	99.2189
2480.85	99.1258
2482.78	99.0291
2484.71	99.0062
2486.64	99.1047
2488.57	99.2643
2490.5	99.3678
2492.43	99.3753
2494.36	99.3135
2496.29	99.2165
2498.22	99.1866
2500.14	99.3071
2502.07	99.4276
2504	99.3492
2505.93	99.1789
2507.86	99.1342
2509.79	99.1798
2511.72	99.174
2513.65	99.1197
2515.58	99.0774
2517.51	99.051
2519.44	99.0284
2521.36	99.0283
2523.29	99.0911
2525.22	99.1971
2527.15	99.2444
2529.08	99.1828
2531.01	99.0696
2532.94	98.9891
2534.87	99.0225
2536.8	99.166
2538.73	99.2622
2540.66	99.2169
2542.58	99.1466
2544.51	99.1481
2546.44	99.1785
2548.37	99.1955
2550.3	99.1963
2552.23	99.2048
2554.16	99.2666
2556.09	99.341
2558.02	99.341
2559.95	99.3081
2561.88	99.3264
2563.81	99.3729
2565.73	99.403
2567.66	99.4072
2569.59	99.38
2571.52	99.3469
2573.45	99.3246
2575.38	99.283
2577.31	99.2283
2579.24	99.2119
2581.17	99.2876
2583.1	99.5033
2585.03	99.7793
2586.95	99.92
2588.88	99.8952
2590.81	99.8324
2592.74	99.7428
2594.67	99.6079
2596.6	99.5354
2598.53	99.5375
2600.46	99.4688
2602.39	99.3168
2604.32	99.2418
2606.25	99.3217
2608.18	99.4617
2610.1	99.5119
2612.03	99.4116
2613.96	99.2497
2615.89	99.1476
2617.82	99.0982
2619.75	99.0348
2621.68	99.0058
2623.61	99.0825
2625.54	99.1572
2627.47	99.0886
2629.4	98.9658
2631.32	98.9513
2633.25	99.0104
2635.18	99.0548
2637.11	99.123
2639.04	99.2079
2640.97	99.1853
2642.9	99.0534
2644.83	98.9625
2646.76	98.9546
2648.69	98.9318
2650.62	98.8753
2652.54	98.8682
2654.47	98.9258
2656.4	98.9631
2658.33	98.9133
2660.26	98.7993
2662.19	98.7098
2664.12	98.708
2666.05	98.7615
2667.98	98.8078
2669.91	98.845
2671.84	98.8753
2673.77	98.8656
2675.69	98.8315
2677.62	98.8054
2679.55	98.7387
2681.48	98.6323
2683.41	98.6246
2685.34	98.7513
2687.27	98.8493
2689.2	98.8343
2691.13	98.7923
2693.06	98.7745
2694.99	98.761
2696.91	98.7509
2698.84	98.7388
2700.77	98.7192
2702.7	98.7007
2704.63	98.639
2706.56	98.5239
2708.49	98.4816
2710.42	98.5558
2712.35	98.5946
2714.28	98.5482
2716.21	98.5343
2718.14	98.5492
2720.06	98.5058
2721.99	98.4595
2723.92	98.4746
2725.85	98.4869
2727.78	98.4727
2729.71	98.4871
2731.64	98.5032
2733.57	98.4595
2735.5	98.4075
2737.43	98.4254
2739.36	98.4739
2741.28	98.4606
2743.21	98.3764
2745.14	98.298
2747.07	98.3076
2749	98.4154
2750.93	98.5118
2752.86	98.4697
2754.79	98.3417
2756.72	98.3063
2758.65	98.3964
2760.58	98.4723
2762.51	98.4521
2764.43	98.3878
2766.36	98.3548
2768.29	98.3679
2770.22	98.377
2772.15	98.3479
2774.08	98.3196
2776.01	98.3088
2777.94	98.2678
2779.87	98.2103
2781.8	98.1981
2783.73	98.204
2785.65	98.1711
2787.58	98.1126
2789.51	98.044
2791.44	97.9797
2793.37	97.9741
2795.3	98.0145
2797.23	98.0324
2799.16	98.0662
2801.09	98.1428
2803.02	98.1087
2804.95	97.8891
2806.87	97.6829
2808.8	97.6527
2810.73	97.7228
2812.66	97.7859
2814.59	97.8114
2816.52	97.7707
2818.45	97.6781
2820.38	97.6116
2822.31	97.5932
2824.24	97.5685
2826.17	97.494
2828.1	97.3407
2830.02	97.0925
2831.95	96.8237
2833.88	96.6704
2835.81	96.6554
2837.74	96.6644
2839.67	96.6391
2841.6	96.6198
2843.53	96.5701
2845.46	96.3779
2847.39	96.0413
2849.32	95.6873
2851.24	95.452
2853.17	95.3474
2855.1	95.1633
2857.03	94.6801
2858.96	94.0085
2860.89	93.4134
2862.82	92.9609
2864.75	92.6403
2866.68	92.4563
2868.61	92.2562
2870.54	91.9329
2872.47	91.6894
2874.39	91.7204
2876.32	91.9538
2878.25	92.25
2880.18	92.5264
2882.11	92.7659
2884.04	93.0064
2885.97	93.1802
2887.9	93.1971
2889.83	93.2056
2891.76	93.3181
2893.69	93.3555
2895.61	93.296
2897.54	93.3863
2899.47	93.5642
2901.4	93.5068
2903.33	93.2647
2905.26	93.1627
2907.19	93.2271
2909.12	93.2182
2911.05	93.0552
2912.98	92.8579
2914.91	92.6775
2916.83	92.4545
2918.76	92.1717
2920.69	91.8303
2922.62	91.3602
2924.55	90.6964
2926.48	89.8832
2928.41	89.1313
2930.34	88.7383
2932.27	88.7931
2934.2	89.1009
2936.13	89.4956
2938.06	89.9049
2939.98	90.1755
2941.91	90.268
2943.84	90.3598
2945.77	90.4182
2947.7	90.1427
2949.63	89.5239
2951.56	88.8911
2953.49	88.3329
2955.42	87.6862
2957.35	87.1042
2959.28	86.96
2961.2	87.2245
2963.13	87.6554
2965.06	88.3739
2966.99	89.4837
2968.92	90.5792
2970.85	91.3459
2972.78	91.9804
2974.71	92.5424
2976.64	92.8215
2978.57	92.9583
2980.5	93.2711
2982.43	93.6702
2984.35	93.9344
2986.28	94.1468
2988.21	94.4613
2990.14	94.8707
2992.07	95.3116
2994	95.6857
2995.93	95.8965
2997.86	96.0269
2999.79	96.2509
3001.72	96.574
3003.65	96.8868
3005.57	97.1589
3007.5	97.4117
3009.43	97.6289
3011.36	97.7755
3013.29	97.8189
3015.22	97.7715
3017.15	97.75
3019.08	97.866
3021.01	98.0661
3022.94	98.2182
3024.87	98.2977
3026.79	98.3743
3028.72	98.4849
3030.65	98.5917
3032.58	98.6245
3034.51	98.5501
3036.44	98.4376
3038.37	98.4351
3040.3	98.6053
3042.23	98.7908
3044.16	98.7889
3046.09	98.6391
3048.02	98.5365
3049.94	98.5321
3051.87	98.5643
3053.8	98.6756
3055.73	98.8959
3057.66	99.038
3059.59	98.9334
3061.52	98.7492
3063.45	98.7439
3065.38	98.876
3067.31	98.9796
3069.24	99.0926
3071.16	99.2461
3073.09	99.2377
3075.02	98.9697
3076.95	98.6677
3078.88	98.5342
3080.81	98.5676
3082.74	98.7351
3084.67	98.9506
3086.6	99.0189
3088.53	98.8889
3090.46	98.7483
3092.39	98.7299
3094.31	98.7708
3096.24	98.7781
3098.17	98.7385
3100.1	98.6498
3102.03	98.4808
3103.96	98.2967
3105.89	98.2778
3107.82	98.396
3109.75	98.3724
3111.68	98.2407
3113.61	98.3894
3115.53	98.7743
3117.46	98.9023
3119.39	98.7156
3121.32	98.5632
3123.25	98.4864
3125.18	98.391
3127.11	98.4358
3129.04	98.6251
3130.97	98.6873
3132.9	98.6321
3134.83	98.7016
3136.75	98.8165
3138.68	98.7903
3140.61	98.7887
3142.54	98.9668
3144.47	99.1126
3146.4	99.0835
3148.33	99.0208
3150.26	98.9379
3152.19	98.7569
3154.12	98.6485
3156.05	98.7257
3157.98	98.7709
3159.9	98.6844
3161.83	98.6525
3163.76	98.7353
3165.69	98.8475
3167.62	98.967
3169.55	99.0182
3171.48	98.9233
3173.41	98.8016
3175.34	98.7674
3177.27	98.7744
3179.2	98.7958
3181.12	98.8139
3183.05	98.738
3184.98	98.5734
3186.91	98.4509
3188.84	98.4709
3190.77	98.6553
3192.7	98.86
3194.63	98.8274
3196.56	98.5625
3198.49	98.3205
3200.42	98.1979
3202.35	98.2021
3204.27	98.4207
3206.2	98.7378
3208.13	98.8623
3210.06	98.7549
3211.99	98.5822
3213.92	98.4532
3215.85	98.4318
3217.78	98.4826
3219.71	98.4733
3221.64	98.4359
3223.57	98.5068
3225.49	98.6152
3227.42	98.5947
3229.35	98.4315
3231.28	98.2063
3233.21	98.0456
3235.14	98.112
3237.07	98.4048
3239	98.6714
3240.93	98.6528
3242.86	98.3482
3244.79	98.0287
3246.72	98.0074
3248.64	98.2896
3250.57	98.5302
3252.5	98.4778
3254.43	98.3079
3256.36	98.3038
3258.29	98.4356
3260.22	98.5106
3262.15	98.4541
3264.08	98.2766
3266.01	98.0793
3267.94	98.0499
3269.86	98.154
3271.79	98.1352
3273.72	98.0024
3275.65	98.0233
3277.58	98.2099
3279.51	98.3462
3281.44	98.3785
3283.37	98.3683
3285.3	98.3204
3287.23	98.2485
3289.16	98.163
3291.08	98.0153
3293.01	97.8216
3294.94	97.7009
3296.87	97.7238
3298.8	97.8372
3300.73	97.9095
3302.66	97.8563
3304.59	97.7557
3306.52	97.7006
3308.45	97.6313
3310.38	97.5629
3312.31	97.6629
3314.23	97.8397
3316.16	97.7956
3318.09	97.6044
3320.02	97.5569
3321.95	97.6067
3323.88	97.6106
3325.81	97.6621
3327.74	97.755
3329.67	97.7299
3331.6	97.6379
3333.53	97.5792
3335.45	97.4822
3337.38	97.4009
3339.31	97.4501
3341.24	97.4708
3343.17	97.3984
3345.1	97.4886
3347.03	97.6507
3348.96	97.4721
3350.89	97.1497
3352.82	97.1942
3354.75	97.4611
3356.68	97.5093
3358.6	97.3545
3360.53	97.1976
3362.46	97.0567
3364.39	96.9458
3366.32	96.9181
3368.25	96.9596
3370.18	97.0506
3372.11	97.1661
3374.04	97.2344
3375.97	97.2279
3377.9	97.2015
3379.82	97.2192
3381.75	97.2775
3383.68	97.2722
3385.61	97.1326
3387.54	96.9931
3389.47	97.0264
3391.4	97.1551
3393.33	97.1482
3395.26	96.9703
3397.19	96.841
3399.12	96.9071
3401.04	97.0304
3402.97	97.0037
3404.9	96.8662
3406.83	96.8366
3408.76	96.9662
3410.69	97.0604
3412.62	96.9902
3414.55	96.8515
3416.48	96.7283
3418.41	96.6123
3420.34	96.603
3422.27	96.7862
3424.19	96.9928
3426.12	97.1
3428.05	97.198
3429.98	97.2348
3431.91	97.0731
3433.84	96.8473
3435.77	96.7637
3437.7	96.8407
3439.63	97.015
3441.56	97.1451
3443.49	97.1479
3445.41	97.2306
3447.34	97.4687
3449.27	97.5021
3451.2	97.2065
3453.13	96.9075
3455.06	96.7364
3456.99	96.631
3458.92	96.7228
3460.85	97.0368
3462.78	97.2779
3464.71	97.2992
3466.64	97.2341
3468.56	97.1361
3470.49	96.9893
3472.42	96.8953
3474.35	96.9064
3476.28	96.883
3478.21	96.7588
3480.14	96.7202
3482.07	96.892
3484	97.0724
3485.93	97.0832
3487.86	97.0912
3489.78	97.2597
3491.71	97.4331
3493.64	97.4214
3495.57	97.2419
3497.5	97.0158
3499.43	96.9289
3501.36	97.1642
3503.29	97.6005
3505.22	97.8108
3507.15	97.6312
3509.08	97.2391
3511	96.7976
3512.93	96.4695
3514.86	96.4514
3516.79	96.738
3518.72	97.0619
3520.65	97.1653
3522.58	96.9843
3524.51	96.6731
3526.44	96.5469
3528.37	96.7045
3530.3	96.8287
3532.23	96.7251
3534.15	96.6625
3536.08	96.816
3538.01	96.9322
3539.94	96.8735
3541.87	96.8177
3543.8	96.7095
3545.73	96.4071
3547.66	96.3036
3549.59	96.6708
3551.52	96.9811
3553.45	96.8009
3555.37	96.5365
3557.3	96.6002
3559.23	96.7825
3561.16	96.7886
3563.09	96.6582
3565.02	96.6022
3566.95	96.7505
3568.88	96.95
3570.81	97.0284
3572.74	97.0998
3574.67	97.1875
3576.6	97.1878
3578.52	97.2227
3580.45	97.3609
3582.38	97.3196
3584.31	97.1568
3586.24	97.4167
3588.17	97.9681
3590.1	97.9645
3592.03	97.7183
3593.96	97.9225
3595.89	98.2453
3597.82	98.0831
3599.74	97.8631
3601.67	98.1127
3603.6	98.5228
3605.53	98.7255
3607.46	98.8224
3609.39	98.8753
3611.32	98.7903
3613.25	98.6984
3615.18	98.8017
3617.11	99.0538
3619.04	99.2662
3620.97	99.2978
3622.89	99.188
3624.82	99.1079
3626.75	99.1897
3628.68	99.4334
3630.61	99.5756
3632.54	99.4837
3634.47	99.3123
3636.4	99.2563
3638.33	99.4244
3640.26	99.6871
3642.19	99.7829
3644.11	99.6241
3646.04	99.4639
3647.97	99.702
3649.9	100.183
3651.83	100.043
3653.76	99.5002
3655.69	99.3144
3657.62	99.6783
3659.55	99.9195
3661.48	99.7072
3663.41	99.4232
3665.33	99.2902
3667.26	99.1835
3669.19	99.235
3671.12	99.6032
3673.05	99.8109
3674.98	99.6349
3676.91	99.4663
3678.84	99.4302
3680.77	99.3309
3682.7	99.2538
3684.63	99.2464
3686.56	99.1836
3688.48	99.1801
3690.41	99.4282
3692.34	99.5789
3694.27	99.4775
3696.2	99.399
3698.13	99.4775
3700.06	99.6139
3701.99	99.6859
3703.92	99.6553
3705.85	99.6273
3707.78	99.6948
3709.7	99.7367
3711.63	99.5689
3713.56	99.3877
3715.49	99.4325
3717.42	99.5982
3719.35	99.6698
3721.28	99.518
3723.21	99.3268
3725.14	99.4525
3727.07	99.8961
3729	100.233
3730.93	100.162
3732.85	99.8296
3734.78	99.8463
3736.71	100.345
3738.64	100.408
3740.57	99.8736
3742.5	99.3828
3744.43	99.4845
3746.36	99.824
3748.29	99.7646
3750.22	99.5194
3752.15	99.4826
3754.07	99.5836
3756	99.5803
3757.93	99.476
3759.86	99.3832
3761.79	99.3625
3763.72	99.3716
3765.65	99.3967
3767.58	99.4833
3769.51	99.6465
3771.44	99.7578
3773.37	99.6646
3775.29	99.4715
3777.22	99.4289
3779.15	99.5986
3781.08	99.7445
3783.01	99.7213
3784.94	99.5764
3786.87	99.3671
3788.8	99.2427
3790.73	99.3377
3792.66	99.5312
3794.59	99.6092
3796.52	99.5857
3798.44	99.6256
3800.37	99.6965
3802.3	99.6228
3804.23	99.4953
3806.16	99.5664
3808.09	99.8279
3810.02	99.9761
3811.95	99.8523
3813.88	99.5436
3815.81	99.2688
3817.74	99.2675
3819.66	99.404
3821.59	99.4139
3823.52	99.3698
3825.45	99.4486
3827.38	99.5497
3829.31	99.5398
3831.24	99.4499
3833.17	99.3107
3835.1	99.1401
3837.03	99.1691
3838.96	99.5332
3840.89	99.7962
3842.81	99.6736
3844.74	99.4696
3846.67	99.4187
3848.6	99.4116
3850.53	99.3654
3852.46	99.4661
3854.39	99.7979
3856.32	99.8911
3858.25	99.7027
3860.18	99.5443
3862.11	99.5725
3864.03	99.6482
3865.96	99.5491
3867.89	99.3793
3869.82	99.3797
3871.75	99.5534
3873.68	99.6596
3875.61	99.5819
3877.54	99.4173
3879.47	99.3201
3881.4	99.3783
3883.33	99.5241
3885.25	99.6282
3887.18	99.5968
3889.11	99.462
3891.04	99.4019
3892.97	99.5492
3894.9	99.7711
3896.83	99.9068
3898.76	99.925
3900.69	99.7804
3902.62	99.5787
3904.55	99.5926
3906.48	99.774
3908.4	99.8509
3910.33	99.8081
3912.26	99.7456
3914.19	99.6351
3916.12	99.4798
3918.05	99.4396
3919.98	99.5355
3921.91	99.5973
3923.84	99.586
3925.77	99.5396
3927.7	99.4514
3929.62	99.3945
3931.55	99.4763
3933.48	99.6071
3935.41	99.6247
3937.34	99.5529
3939.27	99.4609
3941.2	99.3878
3943.13	99.4189
3945.06	99.5658
3946.99	99.7159
3948.92	99.7813
3950.85	99.6794
3952.77	99.4041
3954.7	99.2039
3956.63	99.2936
3958.56	99.4978
3960.49	99.5887
3962.42	99.6524
3964.35	99.7166
3966.28	99.618
3968.21	99.4238
3970.14	99.3685
3972.07	99.4432
3973.99	99.5014
3975.92	99.5429
3977.85	99.5858
3979.78	99.5539
3981.71	99.47
3983.64	99.4914
3985.57	99.6259
3987.5	99.6588
3989.43	99.4914
3991.36	99.3062
3993.29	99.28
3995.22	99.3701
3997.14	99.4612
