499.643	89.9811
501.572	88.8654
503.501	88.4277
505.43	88.3825
507.36	88.0222
509.289	87.6604
511.218	87.8652
513.147	88.3407
515.076	88.7086
517.005	89.2221
518.934	89.9553
520.863	90.24
522.792	89.658
524.722	88.6144
526.651	87.8821
528.58	87.9001
530.509	88.3932
532.438	88.6894
534.367	88.4994
536.296	88.3838
538.225	88.8965
540.155	89.6741
542.084	90.0219
544.013	89.9039
545.942	89.834
547.871	90.1303
549.8	90.516
551.729	90.5641
553.658	90.4026
555.588	90.4059
557.517	90.474
559.446	90.4126
561.375	90.4661
563.304	90.7448
565.233	90.9494
567.162	90.975
569.091	90.9065
571.021	90.6909
572.95	90.4558
574.879	90.4928
576.808	90.7052
578.737	90.7467
580.666	90.5561
582.595	90.1942
584.524	89.6444
586.454	88.9773
588.383	88.2549
590.312	87.4739
592.241	86.8423
594.17	86.5986
596.099	86.6069
598.028	86.7096
599.957	87.0132
601.887	87.4812
603.816	87.9079
605.745	88.3639
607.674	88.9815
609.603	89.5529
611.532	89.9047
613.461	90.2111
615.39	90.5594
617.32	90.7388
619.249	90.6263
621.178	90.3777
623.107	90.1985
625.036	90.1971
626.965	90.3257
628.894	90.3813
630.823	90.1976
632.753	89.8059
634.682	89.3167
636.611	88.7117
638.54	87.9034
640.469	86.8617
642.398	85.586
644.327	84.1447
646.256	82.699
648.186	81.462
650.115	80.6899
652.044	80.4811
653.973	80.7481
655.902	81.3237
657.831	82.0254
659.76	82.9825
661.689	84.3193
663.619	85.6289
665.548	86.8633
667.477	88.6135
669.406	90.3375
671.335	90.9538
673.264	91.2943
675.193	91.7568
677.122	92.1229
679.052	92.3906
680.981	92.6849
682.91	92.9391
684.839	93.1929
686.768	93.4709
688.697	93.5656
690.626	93.4547
692.555	93.3817
694.485	93.4419
696.414	93.5661
698.343	93.6671
700.272	93.6675
702.201	93.6374
704.13	93.7327
706.059	93.8748
707.988	93.8527
709.917	93.7305
711.847	93.7373
713.776	93.872
715.705	93.9675
717.634	93.9919
719.563	93.9802
721.492	93.8773
723.421	93.7056
725.35	93.6173
727.28	93.6054
729.209	93.4866
731.138	93.2361
733.067	92.9868
734.996	92.7574
736.925	92.52
738.854	92.3526
740.783	92.3093
742.713	92.3354
744.642	92.3576
746.571	92.3318
748.5	92.2967
750.429	92.3616
752.358	92.5228
754.287	92.6642
756.216	92.7694
758.146	92.8803
760.075	92.958
762.004	93.0052
763.933	93.1047
765.862	93.2334
767.791	93.2864
769.72	93.262
771.649	93.2352
773.579	93.229
775.508	93.2115
777.437	93.1536
779.366	93.0681
781.295	92.9958
783.224	92.939
785.153	92.8524
787.082	92.7068
789.012	92.5007
790.941	92.2125
792.87	91.7759
794.799	91.1227
796.728	90.2621
798.657	89.262
800.586	88.1188
802.515	86.697
804.445	84.7503
806.374	81.978
808.303	78.3515
810.232	74.5887
812.161	71.9731
814.09	71.42
816.019	72.8878
817.948	75.6429
819.878	78.783
821.807	81.5949
823.736	83.7648
825.665	85.3687
827.594	86.6012
829.523	87.5419
831.452	88.1928
833.381	88.5807
835.311	88.7205
837.24	88.6007
839.169	88.2615
841.098	87.7792
843.027	87.2044
844.956	86.6469
846.885	86.3023
848.814	86.2543
850.744	86.4014
852.673	86.6563
854.602	87.0248
856.531	87.4716
858.46	87.8982
860.389	88.2406
862.318	88.4776
864.247	88.5873
866.177	88.534
868.106	88.2882
870.035	87.8721
871.964	87.3385
873.893	86.6998
875.822	85.9726
877.751	85.2549
879.68	84.6465
881.609	84.1898
883.539	83.9438
885.468	83.9388
887.397	84.0477
889.326	84.0954
891.255	84.0627
893.184	84.0489
895.113	84.1344
897.042	84.3787
898.972	84.8535
900.901	85.6063
902.83	86.6093
904.759	87.7335
906.688	88.7689
908.617	89.5328
910.546	89.9876
912.475	90.2019
914.405	90.1941
916.334	89.9091
918.263	89.3367
920.192	88.4989
922.121	87.3379
924.05	85.7515
925.979	83.6643
927.908	80.9809
929.838	77.659
931.767	73.9061
933.696	70.1503
935.625	66.8405
937.554	64.3595
939.483	62.9552
941.412	62.6117
943.341	63.0814
945.271	64.0927
947.2	65.4748
949.129	67.1365
951.058	69.0077
952.987	70.9832
954.916	72.9208
956.845	74.7168
958.774	76.359
960.704	77.9345
962.633	79.6219
964.562	81.5808
966.491	83.7784
968.42	85.987
970.349	87.9449
972.278	89.4785
974.207	90.5505
976.137	91.244
978.066	91.6534
979.995	91.8012
981.924	91.6724
983.853	91.2626
985.782	90.6064
987.711	89.8463
989.64	89.2115
991.57	88.8129
993.499	88.4901
995.428	87.9104
997.357	86.7751
999.286	85.0117
1001.22	82.9392
1003.14	81.1639
1005.07	80.0976
1007	79.684
1008.93	79.728
1010.86	80.217
1012.79	81.1181
1014.72	82.1257
1016.65	82.825
1018.58	82.9728
1020.51	82.5193
1022.44	81.4832
1024.36	79.9729
1026.29	78.3288
1028.22	77.0151
1030.15	76.1984
1032.08	75.5962
1034.01	74.8847
1035.94	74.0549
1037.87	73.2843
1039.8	72.7139
1041.73	72.4477
1043.66	72.5738
1045.58	73.0972
1047.51	73.9218
1049.44	74.894
1051.37	75.8221
1053.3	76.5321
1055.23	77.0146
1057.16	77.4558
1059.09	78.0328
1061.02	78.7158
1062.95	79.2848
1064.88	79.4884
1066.81	79.2623
1068.73	78.8687
1070.66	78.725
1072.59	79.0633
1074.52	79.8211
1076.45	80.7885
1078.38	81.7744
1080.31	82.684
1082.24	83.4674
1084.17	84.0259
1086.1	84.2764
1088.03	84.2629
1089.95	84.0552
1091.88	83.618
1093.81	82.9177
1095.74	82.0266
1097.67	81.0239
1099.6	79.9259
1101.53	78.7487
1103.46	77.5091
1105.39	76.1709
1107.32	74.6864
1109.25	73.0657
1111.18	71.3453
1113.1	69.5311
1115.03	67.6198
1116.96	65.638
1118.89	63.6354
1120.82	61.6758
1122.75	59.8296
1124.68	58.1149
1126.61	56.4377
1128.54	54.6215
1130.47	52.4833
1132.4	49.8895
1134.32	46.8358
1136.25	43.5087
1138.18	40.209
1140.11	37.2242
1142.04	34.8167
1143.97	33.2114
1145.9	32.4874
1147.83	32.5624
1149.76	33.3207
1151.69	34.6718
1153.62	36.5086
1155.55	38.7014
1157.47	41.1262
1159.4	43.6589
1161.33	46.1633
1163.26	48.5081
1165.19	50.5997
1167.12	52.3899
1169.05	53.8693
1170.98	55.0967
1172.91	56.2106
1174.84	57.3535
1176.77	58.5968
1178.69	59.9735
1180.62	61.5257
1182.55	63.2604
1184.48	65.1107
1186.41	67.0099
1188.34	68.9601
1190.27	70.9667
1192.2	72.9966
1194.13	75.0652
1196.06	77.2265
1197.99	79.4292
1199.91	81.5512
1201.84	83.55
1203.77	85.3996
1205.7	87.0113
1207.63	88.3714
1209.56	89.5763
1211.49	90.7342
1213.42	91.9502
1215.35	93.1344
1217.28	93.8333
1219.21	93.8011
1221.14	93.5443
1223.06	93.6472
1224.99	94.0332
1226.92	94.2946
1228.85	94.242
1230.78	93.8605
1232.71	93.1685
1234.64	92.2615
1236.57	91.2554
1238.5	90.2517
1240.43	89.3899
1242.36	88.7657
1244.28	88.3581
1246.21	88.1449
1248.14	88.1692
1250.07	88.4421
1252	88.8827
1253.93	89.3577
1255.86	89.7444
1257.79	89.9755
1259.72	90.0297
1261.65	89.8857
1263.58	89.5279
1265.51	88.9855
1267.43	88.3103
1269.36	87.5166
1271.29	86.6053
1273.22	85.6263
1275.15	84.6417
1277.08	83.6362
1279.01	82.4845
1280.94	80.9614
1282.87	78.7726
1284.8	75.5998
1286.73	71.2559
1288.65	66.1185
1290.58	61.374
1292.51	58.4005
1294.44	57.9145
1296.37	59.7583
1298.3	63.1269
1300.23	66.9266
1302.16	70.2264
1304.09	72.5458
1306.02	73.7389
1307.95	73.7868
1309.87	72.8863
1311.8	71.6151
1313.73	70.7224
1315.66	70.4986
1317.59	70.6042
1319.52	70.7875
1321.45	71.3182
1323.38	72.499
1325.31	74.2746
1327.24	76.409
1329.17	78.7417
1331.1	81.1977
1333.02	83.5269
1334.95	85.3851
1336.88	86.7266
1338.81	87.7038
1340.74	88.4013
1342.67	88.9638
1344.6	89.6476
1346.53	90.6029
1348.46	91.7185
1350.39	92.6891
1352.32	93.3352
1354.24	93.7179
1356.17	93.9065
1358.1	93.8763
1360.03	93.6239
1361.96	93.0819
1363.89	92.0376
1365.82	90.5643
1367.75	89.307
1369.68	88.9855
1371.61	89.4205
1373.54	89.5782
1375.47	88.9377
1377.39	88.1538
1379.32	87.9161
1381.25	88.2763
1383.18	88.9024
1385.11	89.4791
1387.04	89.8597
1388.97	89.9591
1390.9	89.8298
1392.83	89.5407
1394.76	89.0794
1396.69	88.4295
1398.61	87.6081
1400.54	86.8375
1402.47	86.4958
1404.4	86.7771
1406.33	87.4923
1408.26	88.1981
1410.19	88.7739
1412.12	89.3191
1414.05	89.7714
1415.98	90.075
1417.91	90.2697
1419.83	90.3625
1421.76	90.3279
1423.69	90.1217
1425.62	89.7763
1427.55	89.3545
1429.48	88.7005
1431.41	87.7407
1433.34	86.7317
1435.27	85.7063
1437.2	84.6109
1439.13	83.7978
1441.06	83.313
1442.98	82.8669
1444.91	82.2968
1446.84	81.4681
1448.77	80.2998
1450.7	79.2366
1452.63	78.845
1454.56	79.181
1456.49	80.454
1458.42	82.4419
1460.35	83.8814
1462.28	84.9577
1464.2	86.252
1466.13	87.6242
1468.06	88.6324
1469.99	89.5026
1471.92	90.5032
1473.85	91.3733
1475.78	91.8815
1477.71	92.2729
1479.64	92.6717
1481.57	93.1266
1483.5	93.6424
1485.43	94.1246
1487.35	94.5528
1489.28	94.9808
1491.21	95.3376
1493.14	95.5898
1495.07	95.8376
1497	96.1392
1498.93	96.4269
1500.86	96.5931
1502.79	96.6519
1504.72	96.6951
1506.65	96.8522
1508.57	97.0247
1510.5	97.0444
1512.43	97.0385
1514.36	97.0813
1516.29	97.1377
1518.22	97.1714
1520.15	97.2252
1522.08	97.3131
1524.01	97.3729
1525.94	97.3868
1527.87	97.3749
1529.8	97.3672
1531.72	97.397
1533.65	97.4298
1535.58	97.3766
1537.51	97.2996
1539.44	97.3679
1541.37	97.5522
1543.3	97.5198
1545.23	97.3779
1547.16	97.3274
1549.09	97.3682
1551.02	97.395
1552.94	97.3306
1554.87	97.2207
1556.8	97.1947
1558.73	97.353
1560.66	97.4531
1562.59	97.3507
1564.52	97.2071
1566.45	97.1221
1568.38	97.112
1570.31	97.0936
1572.24	97.0463
1574.16	97.0431
1576.09	97.0694
1578.02	97.0187
1579.95	96.9106
1581.88	96.8049
1583.81	96.7104
1585.74	96.6491
1587.67	96.6186
1589.6	96.5837
1591.53	96.5335
1593.46	96.4792
1595.39	96.4288
1597.31	96.3819
1599.24	96.3142
1601.17	96.1975
1603.1	96.035
1605.03	95.8692
1606.96	95.74
1608.89	95.5938
1610.82	95.3513
1612.75	95.0916
1614.68	94.8401
1616.61	94.3895
1618.53	93.7676
1620.46	93.1554
1622.39	92.3044
1624.32	91.1705
1626.25	90.0837
1628.18	88.8412
1630.11	87.3327
1632.04	85.9915
1633.97	84.7379
1635.9	83.1285
1637.83	82.285
1639.76	83.5116
1641.68	86.1079
1643.61	88.9032
1645.54	91.427
1647.47	93.4229
1649.4	94.363
1651.33	94.7082
1653.26	95.1749
1655.19	95.5411
1657.12	95.5156
1659.05	95.4653
1660.98	95.4781
1662.9	95.3925
1664.83	95.1534
1666.76	94.9386
1668.69	94.8368
1670.62	94.6772
1672.55	94.3458
1674.48	93.9346
1676.41	93.4201
1678.34	92.9029
1680.27	92.4861
1682.2	91.9875
1684.12	91.2996
1686.05	90.6196
1687.98	89.7655
1689.91	88.6317
1691.84	87.3041
1693.77	85.534
1695.7	83.2111
1697.63	80.6565
1699.56	77.3934
1701.49	73.3587
1703.42	69.8119
1705.35	66.4426
1707.27	62.5347
1709.2	58.9068
1711.13	56.047
1713.06	53.5482
1714.99	51.7596
1716.92	51.0975
1718.85	51.0118
1720.78	51.9459
1722.71	54.3634
1724.64	57.8536
1726.57	62.2439
1728.49	67.324
1730.42	72.4431
1732.35	77.6833
1734.28	83.4212
1736.21	88.0469
1738.14	90.8153
1740.07	92.8352
1742	94.6322
1743.93	95.8902
1745.86	96.7926
1747.79	97.7241
1749.72	98.6095
1751.64	99.3109
1753.57	99.7913
1755.5	99.9757
1757.43	100.005
1759.36	100.047
1761.29	100.014
1763.22	99.846
1765.15	99.5802
1767.08	99.2443
1769.01	99.0007
1770.94	98.9572
1772.86	98.8919
1774.79	98.6928
1776.72	98.5232
1778.65	98.435
1780.58	98.4047
1782.51	98.3776
1784.44	98.3185
1786.37	98.3073
1788.3	98.3616
1790.23	98.3808
1792.16	98.3639
1794.08	98.3814
1796.01	98.3772
1797.94	98.3194
1799.87	98.2871
1801.8	98.3435
1803.73	98.4083
1805.66	98.3684
1807.59	98.2575
1809.52	98.2056
1811.45	98.2312
1813.38	98.2724
1815.31	98.3521
1817.23	98.4448
1819.16	98.4415
1821.09	98.3885
1823.02	98.4142
1824.95	98.4799
1826.88	98.4671
1828.81	98.4152
1830.74	98.4558
1832.67	98.568
1834.6	98.6307
1836.53	98.6475
1838.45	98.6597
1840.38	98.6243
1842.31	98.5756
1844.24	98.657
1846.17	98.7899
1848.1	98.8001
1850.03	98.8079
1851.96	98.9117
1853.89	98.9658
1855.82	98.8799
1857.75	98.7819
1859.68	98.7813
1861.6	98.8549
1863.53	98.9672
1865.46	99.1158
1867.39	99.251
1869.32	99.2394
1871.25	99.0443
1873.18	98.8243
1875.11	98.7502
1877.04	98.8596
1878.97	98.9737
1880.9	98.9439
1882.82	98.8874
1884.75	98.9311
1886.68	98.973
1888.61	98.9212
1890.54	98.8798
1892.47	98.9317
1894.4	99.0094
1896.33	99.0797
1898.26	99.2036
1900.19	99.3512
1902.12	99.351
1904.05	99.1493
1905.97	98.9587
1907.9	98.9921
1909.83	99.2329
1911.76	99.4625
1913.69	99.4733
1915.62	99.296
1917.55	99.1686
1919.48	99.256
1921.41	99.4847
1923.34	99.6957
1925.27	99.7157
1927.19	99.5222
1929.12	99.3553
1931.05	99.3898
1932.98	99.5144
1934.91	99.5784
1936.84	99.5659
1938.77	99.5108
1940.7	99.4941
1942.63	99.6011
1944.56	99.7557
1946.49	99.768
1948.41	99.5934
1950.34	99.4244
1952.27	99.4753
1954.2	99.6415
1956.13	99.6567
1958.06	99.5456
1959.99	99.4958
1961.92	99.4763
1963.85	99.4116
1965.78	99.4033
1967.71	99.4809
1969.64	99.5302
1971.56	99.606
1973.49	99.8534
1975.42	100.16
1977.35	100.304
1979.28	100.294
1981.21	100.214
1983.14	100.105
1985.07	100.07
1987	100.077
1988.93	99.9093
1990.86	99.6851
1992.78	99.8119
1994.71	100.182
1996.64	100.298
1998.57	100.128
2000.5	100.017
2002.43	100.076
2004.36	100.138
2006.29	100.109
2008.22	100.038
2010.15	99.9926
2012.08	100.03
2014.01	100.159
2015.93	100.276
2017.86	100.275
2019.79	100.206
2021.72	100.147
2023.65	100.058
2025.58	99.967
2027.51	100.006
2029.44	100.171
2031.37	100.314
2033.3	100.356
2035.23	100.326
2037.15	100.256
2039.08	100.124
2041.01	99.9287
2042.94	99.8049
2044.87	99.9205
2046.8	100.197
2048.73	100.344
2050.66	100.236
2052.59	100.078
2054.52	100.086
2056.45	100.161
2058.37	100.068
2060.3	99.8671
2062.23	99.8393
2064.16	100.007
2066.09	100.111
2068.02	100.031
2069.95	99.8977
2071.88	99.8554
2073.81	99.9166
2075.74	99.9898
2077.67	100.015
2079.6	100.016
2081.52	99.9777
2083.45	99.842
2085.38	99.6747
2087.31	99.5977
2089.24	99.5966
2091.17	99.5981
2093.1	99.6135
2095.03	99.6748
2096.96	99.7577
2098.89	99.8207
2100.82	99.8623
2102.74	99.9122
2104.67	99.9303
2106.6	99.8116
2108.53	99.6041
2110.46	99.5061
2112.39	99.5545
2114.32	99.6267
2116.25	99.723
2118.18	99.895
2120.11	100.041
2122.04	100.035
2123.97	99.871
2125.89	99.6597
2127.82	99.6302
2129.75	99.9148
2131.68	100.256
2133.61	100.341
2135.54	100.283
2137.47	100.278
2139.4	100.188
2141.33	99.979
2143.26	99.9188
2145.19	100.06
2147.11	100.166
2149.04	100.151
2150.97	100.093
2152.9	100.055
2154.83	100.095
2156.76	100.139
2158.69	100.022
2160.62	99.8996
2162.55	100.021
2164.48	100.185
2166.41	100.152
2168.33	100.184
2170.26	100.476
2172.19	100.678
2174.12	100.506
2176.05	100.173
2177.98	99.9094
2179.91	99.7511
2181.84	99.8176
2183.77	100.116
2185.7	100.309
2187.63	100.214
2189.56	100.055
2191.48	99.9711
2193.41	99.9024
2195.34	99.9063
2197.27	100.029
2199.2	100.156
2201.13	100.213
2203.06	100.16
2204.99	99.978
2206.92	99.8599
2208.85	99.9185
2210.78	99.8914
2212.7	99.7058
2214.63	99.7332
2216.56	100.058
2218.49	100.301
2220.42	100.308
2222.35	100.229
2224.28	100.094
2226.21	99.9446
2228.14	99.9982
2230.07	100.256
2232	100.412
2233.93	100.365
2235.85	100.346
2237.78	100.459
2239.71	100.537
2241.64	100.426
2243.57	100.135
2245.5	99.836
2247.43	99.746
2249.36	99.8578
2251.29	99.9775
2253.22	100.043
2255.15	100.118
2257.07	100.201
2259	100.267
2260.93	100.306
2262.86	100.303
2264.79	100.328
2266.72	100.461
2268.65	100.596
2270.58	100.592
2272.51	100.516
2274.44	100.504
2276.37	100.55
2278.29	100.546
2280.22	100.429
2282.15	100.281
2284.08	100.198
2286.01	100.112
2287.94	99.9439
2289.87	99.823
2291.8	99.8973
2293.73	100.079
2295.66	100.214
2297.59	100.31
2299.52	100.403
2301.44	100.409
2303.37	100.309
2305.3	100.293
2307.23	100.513
2309.16	100.803
2311.09	100.924
2313.02	100.96
2314.95	101.115
2316.88	101.35
2318.81	101.532
2320.74	101.635
2322.66	101.639
2324.59	101.587
2326.52	101.653
2328.45	101.89
2330.38	102.103
2332.31	102.098
2334.24	101.99
2336.17	102.069
2338.1	102.383
2340.03	102.65
2341.96	102.724
2343.89	102.616
2345.81	102.18
2347.74	101.632
2349.67	101.453
2351.6	101.807
2353.53	102.378
2355.46	102.708
2357.39	103.05
2359.32	103.669
2361.25	104.054
2363.18	103.952
2365.11	103.631
2367.03	103.163
2368.96	102.517
2370.89	101.855
2372.82	101.329
2374.75	100.906
2376.68	100.561
2378.61	100.329
2380.54	100.104
2382.47	99.789
2384.4	99.5097
2386.33	99.3612
2388.26	99.2175
2390.18	99.0349
2392.11	98.9702
2394.04	99.0328
2395.97	99.0622
2397.9	99.0715
2399.83	99.1596
2401.76	99.214
2403.69	99.0971
2405.62	98.9471
2407.55	98.9674
2409.48	99.0869
2411.4	99.1203
2413.33	99.0962
2415.26	99.1213
2417.19	99.1255
2419.12	99.0432
2421.05	98.9815
2422.98	98.9945
2424.91	99.0261
2426.84	99.1069
2428.77	99.2362
2430.7	99.2388
2432.62	99.0823
2434.55	99.0054
2436.48	99.096
2438.41	99.1427
2440.34	99.0187
2442.27	98.855
2444.2	98.8212
2446.13	98.9502
2448.06	99.1082
2449.99	99.1256
2451.92	99.0464
2453.85	99.0664
2455.77	99.1742
2457.7	99.1656
2459.63	99.0233
2461.56	98.9317
2463.49	98.9403
2465.42	98.9282
2467.35	98.8693
2469.28	98.8758
2471.21	98.9872
2473.14	99.1052
2475.07	99.1595
2476.99	99.1869
2478.92	99.2083
2480.85	99.1718
2482.78	99.0897
2484.71	99.0999
2486.64	99.2588
2488.57	99.3892
2490.5	99.3271
2492.43	99.1801
2494.36	99.1018
2496.29	99.0402
2498.22	98.9606
2500.14	98.9894
2502.07	99.1361
2504	99.224
2505.93	99.1896
2507.86	99.1447
2509.79	99.1761
2511.72	99.2641
2513.65	99.3065
2515.58	99.2329
2517.51	99.1405
2519.44	99.151
2521.36	99.2063
2523.29	99.2401
2525.22	99.3127
2527.15	99.3712
2529.08	99.2641
2531.01	99.088
2532.94	99.0797
2534.87	99.2148
2536.8	99.3112
2538.73	99.336
2540.66	99.3226
2542.58	99.2459
2544.51	99.1454
2546.44	99.1223
2548.37	99.168
2550.3	99.1899
2552.23	99.186
2554.16	99.2431
2556.09	99.3639
2558.02	99.4168
2559.95	99.3253
2561.88	99.2101
2563.81	99.2192
2565.73	99.3161
2567.66	99.3685
2569.59	99.345
2571.52	99.3053
2573.45	99.3015
2575.38	99.3502
2577.31	99.4132
2579.24	99.432
2581.17	99.4419
2583.1	99.5271
2585.03	99.6608
2586.95	99.7704
2588.88	99.8467
2590.81	99.8224
2592.74	99.6235
2594.67	99.4138
2596.6	99.3897
2598.53	99.4334
2600.46	99.3685
2602.39	99.2777
2604.32	99.2812
2606.25	99.3577
2608.18	99.4533
2610.1	99.4818
2612.03	99.386
2613.96	99.2918
2615.89	99.3072
2617.82	99.3015
2619.75	99.1815
2621.68	99.0875
2623.61	99.1074
2625.54	99.1267
2627.47	99.065
2629.4	98.9888
2631.32	98.9638
2633.25	98.9797
2635.18	99.0309
2637.11	99.1272
2639.04	99.204
2640.97	99.1729
2642.9	99.0789
2644.83	99.035
2646.76	99.0304
2648.69	98.9866
2650.62	98.9196
2652.54	98.8947
2654.47	98.927
2656.4	98.9874
2658.33	99.0047
2660.26	98.9151
2662.19	98.7809
2664.12	98.7255
2666.05	98.7431
2667.98	98.7533
2669.91	98.768
2671.84	98.8064
2673.77	98.8012
2675.69	98.7432
2677.62	98.6945
2679.55	98.6362
2681.48	98.5741
2683.41	98.6319
2685.34	98.7809
2687.27	98.8089
2689.2	98.705
2691.13	98.6389
2693.06	98.615
2694.99	98.5759
2696.91	98.5943
2698.84	98.6687
2700.77	98.6813
2702.7	98.6234
2704.63	98.5503
2706.56	98.4721
2708.49	98.4452
2710.42	98.5066
2712.35	98.5571
2714.28	98.5373
2716.21	98.513
2718.14	98.4899
2720.06	98.4251
2721.99	98.381
2723.92	98.4222
2725.85	98.4865
2727.78	98.521
2729.71	98.5767
2731.64	98.6583
2733.57	98.6625
2735.5	98.5703
2737.43	98.5038
2739.36	98.492
2741.28	98.426
2743.21	98.3166
2745.14	98.3052
2747.07	98.3971
2749	98.4599
2750.93	98.442
2752.86	98.4052
2754.79	98.4248
2756.72	98.5135
2758.65	98.5873
2760.58	98.5759
2762.51	98.5358
2764.43	98.5107
2766.36	98.4318
2768.29	98.3044
2770.22	98.2472
2772.15	98.2615
2774.08	98.2367
2776.01	98.1792
2777.94	98.1803
2779.87	98.2226
2781.8	98.2164
2783.73	98.1548
2785.65	98.0984
2787.58	98.0676
2789.51	98.0568
2791.44	98.0947
2793.37	98.168
2795.3	98.1667
2797.23	98.0613
2799.16	97.9968
2801.09	98.0491
2803.02	98.0929
2804.95	98.0393
2806.87	97.9722
2808.8	97.9585
2810.73	97.9379
2812.66	97.8615
2814.59	97.7894
2816.52	97.7655
2818.45	97.7041
2820.38	97.5545
2822.31	97.4456
2824.24	97.46
2826.17	97.4631
2828.1	97.3496
2830.02	97.1997
2831.95	97.0974
2833.88	97.0451
2835.81	97.0079
2837.74	96.8992
2839.67	96.6847
2841.6	96.4796
2843.53	96.3659
2845.46	96.2615
2847.39	96.0824
2849.32	95.8435
2851.24	95.5969
2853.17	95.3802
2855.1	95.132
2857.03	94.708
2858.96	94.1104
2860.89	93.5313
2862.82	93.0924
2864.75	92.7637
2866.68	92.5071
2868.61	92.2787
2870.54	91.9943
2872.47	91.7042
2874.39	91.6499
2876.32	91.9412
2878.25	92.3447
2880.18	92.6071
2882.11	92.7868
2884.04	93.0184
2885.97	93.224
2887.9	93.3071
2889.83	93.3229
2891.76	93.2971
2893.69	93.2289
2895.61	93.2473
2897.54	93.3966
2899.47	93.4857
2901.4	93.4321
2903.33	93.3768
2905.26	93.3506
2907.19	93.2893
2909.12	93.2462
2911.05	93.1953
2912.98	92.9843
2914.91	92.6901
2916.83	92.5166
2918.76	92.3531
2920.69	91.9745
2922.62	91.4671
2924.55	90.9909
2926.48	90.4642
2928.41	89.8106
2930.34	89.2257
2932.27	88.9981
2934.2	89.1971
2936.13	89.6134
2938.06	90.008
2939.98	90.3237
2941.91	90.5676
2943.84	90.6561
2945.77	90.5189
2947.7	90.2102
2949.63	89.8065
2951.56	89.2953
2953.49	88.6317
2955.42	87.8944
2957.35	87.3376
2959.28	87.1753
2961.2	87.378
2963.13	87.8644
2965.06	88.712
2966.99	89.9082
2968.92	91.1182
2970.85	92.0019
2972.78	92.5528
2974.71	92.9295
2976.64	93.2403
2978.57	93.523
2980.5	93.715
2982.43	93.8107
2984.35	94.0317
2986.28	94.4532
2988.21	94.7727
2990.14	94.9186
2992.07	95.2517
2994	95.7981
2995.93	96.1664
2997.86	96.3367
2999.79	96.6019
3001.72	96.9297
3003.65	97.1449
3005.57	97.3117
3007.5	97.5296
3009.43	97.784
3011.36	98.0343
3013.29	98.1844
3015.22	98.1848
3017.15	98.1729
3019.08	98.2487
3021.01	98.3341
3022.94	98.4092
3024.87	98.5358
3026.79	98.6631
3028.72	98.7223
3030.65	98.7516
3032.58	98.767
3034.51	98.75
3036.44	98.7908
3038.37	98.9871
3040.3	99.1923
3042.23	99.125
3044.16	98.7872
3046.09	98.5028
3048.02	98.4647
3049.94	98.5544
3051.87	98.6759
3053.8	98.8824
3055.73	99.118
3057.66	99.2018
3059.59	99.0869
3061.52	98.9189
3063.45	98.8792
3065.38	99.0076
3067.31	99.156
3069.24	99.2184
3071.16	99.2623
3073.09	99.2762
3075.02	99.1431
3076.95	98.9635
3078.88	98.9248
3080.81	98.9198
3082.74	98.7746
3084.67	98.6386
3086.6	98.7421
3088.53	99.0214
3090.46	99.2361
3092.39	99.2689
3094.31	99.1557
3096.24	98.9185
3098.17	98.5657
3100.1	98.2728
3102.03	98.2781
3103.96	98.54
3105.89	98.7544
3107.82	98.6827
3109.75	98.3524
3111.68	98.1094
3113.61	98.2879
3115.53	98.6616
3117.46	98.7507
3119.39	98.6493
3121.32	98.7361
3123.25	98.8519
3125.18	98.6436
3127.11	98.3121
3129.04	98.2987
3130.97	98.6244
3132.9	98.948
3134.83	99.0231
3136.75	98.9492
3138.68	98.9736
3140.61	99.1212
3142.54	99.1947
3144.47	99.087
3146.4	98.8876
3148.33	98.7059
3150.26	98.5952
3152.19	98.6318
3154.12	98.8228
3156.05	98.9265
3157.98	98.7372
3159.9	98.5044
3161.83	98.5294
3163.76	98.6322
3165.69	98.6156
3167.62	98.6604
3169.55	98.8295
3171.48	98.9473
3173.41	99.0177
3175.34	99.0707
3177.27	98.9697
3179.2	98.7614
3181.12	98.6593
3183.05	98.6879
3184.98	98.739
3186.91	98.715
3188.84	98.6028
3190.77	98.5771
3192.7	98.6995
3194.63	98.7068
3196.56	98.5355
3198.49	98.4474
3200.42	98.4474
3202.35	98.4215
3204.27	98.5595
3206.2	98.8818
3208.13	98.9878
3210.06	98.7376
3211.99	98.4742
3213.92	98.4287
3215.85	98.4526
3217.78	98.3541
3219.71	98.2168
3221.64	98.2657
3223.57	98.49
3225.49	98.6515
3227.42	98.6378
3229.35	98.543
3231.28	98.488
3233.21	98.516
3235.14	98.5632
3237.07	98.5274
3239	98.4146
3240.93	98.3215
3242.86	98.2992
3244.79	98.3407
3246.72	98.4346
3248.64	98.5285
3250.57	98.4953
3252.5	98.3142
3254.43	98.2383
3256.36	98.4443
3258.29	98.6678
3260.22	98.626
3262.15	98.4601
3264.08	98.3556
3266.01	98.2495
3267.94	98.1518
3269.86	98.1817
3271.79	98.263
3273.72	98.2393
3275.65	98.1656
3277.58	98.1824
3279.51	98.2562
3281.44	98.2477
3283.37	98.1461
3285.3	98.0936
3287.23	98.173
3289.16	98.2612
3291.08	98.1879
3293.01	98.0108
3294.94	97.9415
3296.87	97.9901
3298.8	97.9852
3300.73	97.9278
3302.66	97.9418
3304.59	97.9605
3306.52	97.8495
3308.45	97.6751
3310.38	97.6095
3312.31	97.72
3314.23	97.9014
3316.16	97.9656
3318.09	97.8469
3320.02	97.6576
3321.95	97.5463
3323.88	97.5966
3325.81	97.7203
3327.74	97.677
3329.67	97.4586
3331.6	97.3939
3333.53	97.5717
3335.45	97.6567
3337.38	97.4968
3339.31	97.3183
3341.24	97.2649
3343.17	97.3027
3345.1	97.4192
3347.03	97.5032
3348.96	97.3763
3350.89	97.1816
3352.82	97.2205
3354.75	97.4079
3356.68	97.446
3358.6	97.369
3360.53	97.3598
3362.46	97.3303
3364.39	97.1598
3366.32	96.9946
3368.25	97.0072
3370.18	97.1718
3372.11	97.3402
3374.04	97.3418
3375.97	97.1955
3377.9	97.1887
3379.82	97.4167
3381.75	97.5438
3383.68	97.3584
3385.61	97.1001
3387.54	97.0059
3389.47	97.0392
3391.4	97.106
3393.33	97.117
3395.26	96.9911
3397.19	96.828
3399.12	96.8132
3401.04	96.9189
3402.97	96.9692
3404.9	96.9408
3406.83	96.9778
3408.76	97.1309
3410.69	97.2412
3412.62	97.1671
3414.55	96.9911
3416.48	96.8259
3418.41	96.643
3420.34	96.4963
3422.27	96.5432
3424.19	96.7123
3426.12	96.8407
3428.05	96.9741
3429.98	97.0997
3431.91	97.0557
3433.84	96.8958
3435.77	96.8162
3437.7	96.8385
3439.63	96.9283
3441.56	97.0721
3443.49	97.1566
3445.41	97.1158
3447.34	97.0503
3449.27	97.0444
3451.2	97.0676
3453.13	97.0637
3455.06	97.0455
3456.99	97.1142
3458.92	97.2759
3460.85	97.3493
3462.78	97.2663
3464.71	97.1908
3466.64	97.1863
3468.56	97.1655
3470.49	97.1688
3472.42	97.2855
3474.35	97.3682
3476.28	97.1845
3478.21	96.834
3480.14	96.6605
3482.07	96.7507
3484	96.8606
3485.93	96.9006
3487.86	97.0215
3489.78	97.2021
3491.71	97.296
3493.64	97.3637
3495.57	97.4703
3497.5	97.4375
3499.43	97.1943
3501.36	97.0012
3503.29	97.0584
3505.22	97.1845
3507.15	97.1098
3509.08	96.8254
3511	96.5155
3512.93	96.3714
3514.86	96.4859
3516.79	96.8512
3518.72	97.3065
3520.65	97.5574
3522.58	97.4112
3524.51	97.0152
3526.44	96.7241
3528.37	96.6729
3530.3	96.7063
3532.23	96.7105
3534.15	96.747
3536.08	96.8594
3538.01	96.9744
3539.94	97.0214
3541.87	96.9607
3543.8	96.6989
3545.73	96.3112
3547.66	96.2468
3549.59	96.6947
3551.52	97.1694
3553.45	97.194
3555.37	97.0052
3557.3	97.0134
3559.23	97.0542
3561.16	96.8272
3563.09	96.5326
3565.02	96.567
3566.95	96.9662
3568.88	97.3174
3570.81	97.3962
3572.74	97.3745
3574.67	97.3554
3576.6	97.3369
3578.52	97.3565
3580.45	97.4121
3582.38	97.4282
3584.31	97.4948
3586.24	97.8067
3588.17	98.1517
3590.1	98.1229
3592.03	98.0192
3593.96	98.2355
3595.89	98.5669
3597.82	98.5987
3599.74	98.4452
3601.67	98.4471
3603.6	98.6956
3605.53	99.0708
3607.46	99.398
3609.39	99.4957
3611.32	99.3751
3613.25	99.2202
3615.18	99.1901
3617.11	99.3255
3619.04	99.4606
3620.97	99.4189
3622.89	99.3707
3624.82	99.4873
3626.75	99.6042
3628.68	99.4671
3630.61	99.2782
3632.54	99.3395
3634.47	99.4744
3636.4	99.5006
3638.33	99.4285
3640.26	99.3365
3642.19	99.301
3644.11	99.376
3646.04	99.5184
3647.97	99.7053
3649.9	99.9542
3651.83	99.9979
3653.76	99.7161
3655.69	99.3871
3657.62	99.3236
3659.55	99.3892
3661.48	99.3509
3663.41	99.3287
3665.33	99.3865
3667.26	99.4069
3669.19	99.4355
3671.12	99.4959
3673.05	99.3708
3674.98	99.1863
3676.91	99.2898
3678.84	99.431
3680.77	99.3673
3682.7	99.3114
3684.63	99.345
3686.56	99.3396
3688.48	99.3135
3690.41	99.3268
3692.34	99.2832
3694.27	99.3045
3696.2	99.544
3698.13	99.7939
3700.06	99.7335
3701.99	99.4159
3703.92	99.2102
3705.85	99.2413
3707.78	99.3864
3709.7	99.6487
3711.63	99.9869
3713.56	100.045
3715.49	99.8055
3717.42	99.6166
3719.35	99.5984
3721.28	99.5924
3723.21	99.6287
3725.14	99.9087
3727.07	100.217
3729	100.231
3730.93	100.084
3732.85	100.067
3734.78	100.246
3736.71	100.34
3738.64	100.109
3740.57	99.7563
3742.5	99.582
3744.43	99.6955
3746.36	99.8035
3748.29	99.7785
3750.22	99.826
3752.15	99.8975
3754.07	99.8344
3756	99.7313
3757.93	99.6331
3759.86	99.5409
3761.79	99.4954
3763.72	99.4403
3765.65	99.3479
3767.58	99.4162
3769.51	99.7214
3771.44	99.9
3773.37	99.7586
3775.29	99.604
3777.22	99.633
3779.15	99.7007
3781.08	99.6952
3783.01	99.7011
3784.94	99.6728
3786.87	99.5436
3788.8	99.4689
3790.73	99.5183
3792.66	99.5161
3794.59	99.404
3796.52	99.3616
3798.44	99.4564
3800.37	99.537
3802.3	99.5146
3804.23	99.5229
3806.16	99.7127
3808.09	99.9817
3810.02	99.9893
3811.95	99.6668
3813.88	99.2277
3815.81	98.9666
3817.74	99.0967
3819.66	99.4702
3821.59	99.7463
3823.52	99.6761
3825.45	99.433
3827.38	99.2925
3829.31	99.3847
3831.24	99.642
3833.17	99.7897
3835.1	99.6675
3837.03	99.5433
3838.96	99.722
3840.89	99.905
3842.81	99.7589
3844.74	99.4884
3846.67	99.3687
3848.6	99.4009
3850.53	99.4658
3852.46	99.542
3854.39	99.7205
3856.32	99.8945
3858.25	99.8835
3860.18	99.7668
3862.11	99.7769
3864.03	99.9778
3865.96	100.084
3867.89	99.9854
3869.82	99.8762
3871.75	99.826
3873.68	99.7238
3875.61	99.5895
3877.54	99.5123
3879.47	99.4976
3881.4	99.5297
3883.33	99.6372
3885.25	99.8008
3887.18	99.8712
3889.11	99.7505
3891.04	99.529
3892.97	99.3851
3894.9	99.4103
3896.83	99.545
3898.76	99.6976
3900.69	99.7556
3902.62	99.7244
3904.55	99.7592
3906.48	99.8291
3908.4	99.7822
3910.33	99.6536
3912.26	99.5687
3914.19	99.5482
3916.12	99.5736
3918.05	99.669
3919.98	99.733
3921.91	99.6383
3923.84	99.4794
3925.77	99.3891
3927.7	99.3362
3929.62	99.3273
3931.55	99.4611
3933.48	99.6403
3935.41	99.671
3937.34	99.5717
3939.27	99.4274
3941.2	99.3046
3943.13	99.3121
3945.06	99.4465
3946.99	99.5868
3948.92	99.6879
3950.85	99.6902
3952.77	99.5367
3954.7	99.3982
3956.63	99.4507
3958.56	99.5696
3960.49	99.604
3962.42	99.6303
3964.35	99.6493
3966.28	99.5108
3968.21	99.2609
3970.14	99.1455
3972.07	99.244
3973.99	99.39
3975.92	99.4726
3977.85	99.5438
3979.78	99.6003
3981.71	99.575
3983.64	99.5348
3985.57	99.5619
3987.5	99.5606
3989.43	99.4463
3991.36	99.2964
3993.29	99.2071
3995.22	99.2222
3997.14	99.3413
