499.643	89.8616
501.572	88.4482
503.501	87.4927
505.43	87.4496
507.36	87.8514
509.289	88.0613
511.218	88.1051
513.147	88.2483
515.076	88.6712
517.005	89.4426
518.934	90.1693
520.863	90.2925
522.792	89.7968
524.722	89.028
526.651	88.3707
528.58	88.1093
530.509	88.1828
532.438	88.2902
534.367	88.3211
536.296	88.5307
538.225	89.1178
540.155	89.794
542.084	90.0588
544.013	89.8906
545.942	89.8122
547.871	90.144
549.8	90.5263
551.729	90.5293
553.658	90.348
555.588	90.3611
557.517	90.4649
559.446	90.4231
561.375	90.3731
563.304	90.4962
565.233	90.7287
567.162	90.9748
569.091	91.0565
571.021	90.7523
572.95	90.3195
574.879	90.2902
576.808	90.6091
578.737	90.7526
580.666	90.6217
582.595	90.3797
584.524	89.8972
586.454	89.0901
588.383	88.178
590.312	87.3517
592.241	86.774
594.17	86.6252
596.099	86.7646
598.028	86.9225
599.957	87.152
601.887	87.5397
603.816	87.9258
605.745	88.3123
607.674	88.8628
609.603	89.4248
611.532	89.7702
613.461	90.055
615.39	90.4388
617.32	90.7117
619.249	90.6659
621.178	90.4231
623.107	90.2283
625.036	90.2405
626.965	90.4217
628.894	90.5046
630.823	90.2543
632.753	89.7497
634.682	89.2243
636.611	88.6642
638.54	87.8599
640.469	86.7459
642.398	85.4155
644.327	83.9924
646.256	82.6037
648.186	81.4468
650.115	80.796
652.044	80.6999
653.973	80.9586
655.902	81.4095
657.831	82.0265
659.76	82.9833
661.689	84.298
663.619	85.5609
665.548	86.8221
667.477	88.6849
669.406	90.4684
671.335	91.0596
673.264	91.3742
675.193	91.8061
677.122	92.1377
679.052	92.3901
680.981	92.6955
682.91	92.9753
684.839	93.2377
686.768	93.5054
688.697	93.6084
690.626	93.5225
692.555	93.4485
694.485	93.4743
696.414	93.5513
698.343	93.6113
700.272	93.6032
702.201	93.594
704.13	93.6978
706.059	93.833
707.988	93.8314
709.917	93.7567
711.847	93.7848
713.776	93.8905
715.705	93.9431
717.634	93.9568
719.563	93.9759
721.492	93.9129
723.421	93.7452
725.35	93.6192
727.28	93.5666
729.209	93.4324
731.138	93.1862
733.067	92.967
734.996	92.7956
736.925	92.5917
738.854	92.3975
740.783	92.3108
742.713	92.3106
744.642	92.3114
746.571	92.2879
748.5	92.2916
750.429	92.3801
752.358	92.5346
754.287	92.6889
756.216	92.8171
758.146	92.913
760.075	92.9653
762.004	93.0179
763.933	93.1282
765.862	93.2547
767.791	93.3095
769.72	93.2893
771.649	93.2593
773.579	93.2489
775.508	93.227
777.437	93.166
779.366	93.0904
781.295	93.0288
783.224	92.9584
785.153	92.8435
787.082	92.6809
789.012	92.4675
790.941	92.1679
792.87	91.7247
794.799	91.0878
796.728	90.2617
798.657	89.2937
800.586	88.166
802.515	86.7348
804.445	84.762
806.374	81.977
808.303	78.3537
810.232	74.5738
812.161	71.9247
814.09	71.3668
816.019	72.8606
817.948	75.6383
819.878	78.7896
821.807	81.607
823.736	83.783
825.665	85.4075
827.594	86.6607
829.523	87.5808
831.452	88.1716
833.381	88.5087
835.311	88.6378
837.24	88.5383
839.169	88.2233
841.098	87.7483
843.027	87.1746
844.956	86.6308
846.885	86.2973
848.814	86.2436
850.744	86.3924
852.673	86.6623
854.602	87.0304
856.531	87.4662
858.46	87.8989
860.389	88.247
862.318	88.468
864.247	88.5674
866.177	88.5282
868.106	88.2979
870.035	87.8838
871.964	87.3443
873.893	86.6893
875.822	85.9412
877.751	85.2187
879.68	84.6227
881.609	84.1767
883.539	83.9346
885.468	83.9345
887.397	84.0503
889.326	84.1004
891.255	84.0593
893.184	84.0277
895.113	84.101
897.042	84.3504
898.972	84.8345
900.901	85.5868
902.83	86.5915
904.759	87.7245
906.688	88.7641
908.617	89.5342
910.546	90.0024
912.475	90.2122
914.405	90.1805
916.334	89.8908
918.263	89.3338
920.192	88.4965
922.121	87.3266
924.05	85.7497
925.979	83.6764
927.908	80.9904
929.838	77.6651
931.767	73.924
933.696	70.1789
935.625	66.8606
937.554	64.3634
939.483	62.9587
941.412	62.6292
943.341	63.1029
945.271	64.105
947.2	65.4897
949.129	67.1693
951.058	69.0463
952.987	71.0089
954.916	72.9384
956.845	74.739
958.774	76.3824
960.704	77.9452
962.633	79.6116
964.562	81.557
966.491	83.7604
968.42	85.9804
970.349	87.9346
972.278	89.4564
974.207	90.5271
976.137	91.2279
978.066	91.6464
979.995	91.8077
981.924	91.6879
983.853	91.2685
985.782	90.5932
987.711	89.8253
989.64	89.1952
991.57	88.8037
993.499	88.4914
995.428	87.9215
997.357	86.7794
999.286	84.9974
1001.22	82.9206
1003.14	81.1578
1005.07	80.1016
1007	79.6883
1008.93	79.7252
1010.86	80.2002
1012.79	81.0868
1014.72	82.0869
1016.65	82.7889
1018.58	82.947
1020.51	82.4956
1022.44	81.4455
1024.36	79.9291
1026.29	78.3035
1028.22	77.0112
1030.15	76.202
1032.08	75.601
1034.01	74.8855
1035.94	74.0419
1037.87	73.257
1039.8	72.6795
1041.73	72.4108
1043.66	72.5385
1045.58	73.0666
1047.51	73.894
1049.44	74.8684
1051.37	75.8036
1053.3	76.5232
1055.23	77.009
1057.16	77.4496
1059.09	78.0294
1061.02	78.7111
1062.95	79.2636
1064.88	79.4454
1066.81	79.2059
1068.73	78.8106
1070.66	78.6839
1072.59	79.049
1074.52	79.8153
1076.45	80.7785
1078.38	81.7771
1080.31	82.698
1082.24	83.4607
1084.17	83.9915
1086.1	84.2313
1088.03	84.2064
1089.95	83.9898
1091.88	83.5663
1093.81	82.8806
1095.74	81.9834
1097.67	80.9726
1099.6	79.8753
1101.53	78.697
1103.46	77.4565
1105.39	76.1216
1107.32	74.6411
1109.25	73.0244
1111.18	71.2999
1113.1	69.4682
1115.03	67.5461
1116.96	65.5732
1118.89	63.581
1120.82	61.6257
1122.75	59.788
1124.68	58.0777
1126.61	56.3875
1128.54	54.5531
1130.47	52.4117
1132.4	49.8339
1134.32	46.8027
1136.25	43.4898
1138.18	40.1976
1140.11	37.2246
1142.04	34.825
1143.97	33.2116
1145.9	32.4783
1147.83	32.5595
1149.76	33.3272
1151.69	34.6782
1153.62	36.5162
1155.55	38.7197
1157.47	41.153
1159.4	43.6842
1161.33	46.1842
1163.26	48.5268
1165.19	50.6104
1167.12	52.383
1169.05	53.8509
1170.98	55.0867
1172.91	56.213
1174.84	57.3502
1176.77	58.5843
1178.69	59.9761
1180.62	61.553
1182.55	63.286
1184.48	65.1133
1186.41	67.0027
1188.34	68.9604
1190.27	70.9749
1192.2	73.0168
1194.13	75.1056
1196.06	77.2753
1197.99	79.4658
1199.91	81.5741
1201.84	83.5687
1203.77	85.4166
1205.7	87.0278
1207.63	88.3857
1209.56	89.5796
1211.49	90.7267
1213.42	91.9484
1215.35	93.1514
1217.28	93.8621
1219.21	93.8224
1221.14	93.5484
1223.06	93.6416
1224.99	94.026
1226.92	94.2831
1228.85	94.2258
1230.78	93.8449
1232.71	93.1504
1234.64	92.2365
1236.57	91.2325
1238.5	90.2398
1240.43	89.38
1242.36	88.7433
1244.28	88.3224
1246.21	88.1074
1248.14	88.137
1250.07	88.4069
1252	88.8316
1253.93	89.2973
1255.86	89.699
1257.79	89.9539
1259.72	90.0133
1261.65	89.8605
1263.58	89.4997
1265.51	88.9565
1267.43	88.2727
1269.36	87.481
1271.29	86.5927
1273.22	85.6283
1275.15	84.6274
1277.08	83.5999
1279.01	82.4545
1280.94	80.9586
1282.87	78.7855
1284.8	75.6063
1286.73	71.2537
1288.65	66.1193
1290.58	61.3804
1292.51	58.4057
1294.44	57.9153
1296.37	59.7543
1298.3	63.1187
1300.23	66.923
1302.16	70.2367
1304.09	72.5647
1306.02	73.7531
1307.95	73.7949
1309.87	72.8972
1311.8	71.6308
1313.73	70.7347
1315.66	70.5011
1317.59	70.6045
1319.52	70.8054
1321.45	71.3612
1323.38	72.5467
1325.31	74.3045
1327.24	76.4252
1329.17	78.7575
1331.1	81.2079
1333.02	83.5268
1334.95	85.3932
1336.88	86.7569
1338.81	87.7381
1340.74	88.4199
1342.67	88.9805
1344.6	89.6795
1346.53	90.6396
1348.46	91.7406
1350.39	92.7021
1352.32	93.359
1354.24	93.7485
1356.17	93.9223
1358.1	93.8822
1360.03	93.6484
1361.96	93.1294
1363.89	92.0808
1365.82	90.5915
1367.75	89.3283
1369.68	89.0074
1371.61	89.4481
1373.54	89.6185
1375.47	88.9872
1377.39	88.201
1379.32	87.957
1381.25	88.3108
1383.18	88.9231
1385.11	89.4737
1387.04	89.8293
1388.97	89.9298
1390.9	89.8155
1392.83	89.5267
1394.76	89.0545
1396.69	88.408
1398.61	87.6011
1400.54	86.8377
1402.47	86.4969
1404.4	86.7749
1406.33	87.4816
1408.26	88.185
1410.19	88.7683
1412.12	89.3174
1414.05	89.7647
1415.98	90.0664
1417.91	90.273
1419.83	90.3866
1421.76	90.3623
1423.69	90.1488
1425.62	89.7837
1427.55	89.3393
1429.48	88.6715
1431.41	87.7176
1433.34	86.7284
1435.27	85.7142
1437.2	84.6043
1439.13	83.77
1441.06	83.2832
1442.98	82.8532
1444.91	82.3017
1446.84	81.4786
1448.77	80.3053
1450.7	79.2368
1452.63	78.8444
1454.56	79.1897
1456.49	80.48
1458.42	82.4639
1460.35	83.8886
1462.28	84.9651
1464.2	86.259
1466.13	87.6114
1468.06	88.6073
1469.99	89.496
1471.92	90.5374
1473.85	91.432
1475.78	91.9267
1477.71	92.2904
1479.64	92.666
1481.57	93.1067
1483.5	93.6062
1485.43	94.0676
1487.35	94.4986
1489.28	94.9764
1491.21	95.3716
1493.14	95.6102
1495.07	95.8384
1497	96.1442
1498.93	96.4329
1500.86	96.5877
1502.79	96.6531
1504.72	96.7224
1506.65	96.8843
1508.57	97.0172
1510.5	97.0149
1512.43	97.0198
1514.36	97.0898
1516.29	97.1631
1518.22	97.1956
1520.15	97.2536
1522.08	97.3451
1524.01	97.3848
1525.94	97.3778
1527.87	97.3629
1529.8	97.3503
1531.72	97.3674
1533.65	97.4051
1535.58	97.3792
1537.51	97.3296
1539.44	97.4208
1541.37	97.6126
1543.3	97.5627
1545.23	97.3961
1547.16	97.3194
1549.09	97.3344
1551.02	97.3493
1552.94	97.3008
1554.87	97.22
1556.8	97.2111
1558.73	97.3691
1560.66	97.4645
1562.59	97.352
1564.52	97.1945
1566.45	97.1065
1568.38	97.1119
1570.31	97.1111
1572.24	97.0688
1574.16	97.0609
1576.09	97.0761
1578.02	97.0163
1579.95	96.9049
1581.88	96.7965
1583.81	96.7021
1585.74	96.6452
1587.67	96.6172
1589.6	96.5837
1591.53	96.5425
1593.46	96.5048
1595.39	96.4693
1597.31	96.4217
1599.24	96.332
1601.17	96.1944
1603.1	96.0387
1605.03	95.8923
1606.96	95.7636
1608.89	95.6011
1610.82	95.3398
1612.75	95.0647
1614.68	94.8131
1616.61	94.3828
1618.53	93.7679
1620.46	93.1485
1622.39	92.3043
1624.32	91.1744
1626.25	90.0643
1628.18	88.804
1630.11	87.3051
1632.04	85.9805
1633.97	84.7498
1635.9	83.1763
1637.83	82.3316
1639.76	83.5225
1641.68	86.1054
1643.61	88.9157
1645.54	91.4408
1647.47	93.4045
1649.4	94.3306
1651.33	94.6918
1653.26	95.1779
1655.19	95.5437
1657.12	95.5101
1659.05	95.4482
1660.98	95.4447
1662.9	95.3553
1664.83	95.1329
1666.76	94.9331
1668.69	94.8279
1670.62	94.6637
1672.55	94.3514
1674.48	93.9567
1676.41	93.425
1678.34	92.883
1680.27	92.4664
1682.2	91.989
1684.12	91.3295
1686.05	90.6624
1687.98	89.7971
1689.91	88.6385
1691.84	87.2929
1693.77	85.5242
1695.7	83.2078
1697.63	80.6435
1699.56	77.3759
1701.49	73.3676
1703.42	69.8409
1705.35	66.4626
1707.27	62.5453
1709.2	58.9293
1711.13	56.0821
1713.06	53.5854
1714.99	51.8016
1716.92	51.1384
1718.85	51.024
1720.78	51.9305
1722.71	54.3407
1724.64	57.8367
1726.57	62.2459
1728.49	67.3576
1730.42	72.5037
1732.35	77.744
1734.28	83.4513
1736.21	88.0494
1738.14	90.8135
1740.07	92.8521
1742	94.6751
1743.93	95.9387
1745.86	96.8339
1747.79	97.7769
1749.72	98.683
1751.64	99.3665
1753.57	99.8049
1755.5	99.9681
1757.43	99.9983
1759.36	100.043
1761.29	100.01
1763.22	99.8459
1765.15	99.5852
1767.08	99.2639
1769.01	99.0422
1770.94	98.9983
1772.86	98.9072
1774.79	98.6966
1776.72	98.5248
1778.65	98.4201
1780.58	98.374
1782.51	98.3507
1784.44	98.2988
1786.37	98.2887
1788.3	98.3592
1790.23	98.4258
1792.16	98.4635
1794.08	98.4837
1796.01	98.4361
1797.94	98.345
1799.87	98.3192
1801.8	98.4057
1803.73	98.4829
1805.66	98.4259
1807.59	98.2892
1809.52	98.2276
1811.45	98.2585
1813.38	98.2982
1815.31	98.3634
1817.23	98.4462
1819.16	98.4621
1821.09	98.4472
1823.02	98.4728
1824.95	98.4778
1826.88	98.4166
1828.81	98.3771
1830.74	98.4396
1832.67	98.55
1834.6	98.6214
1836.53	98.6679
1838.45	98.709
1840.38	98.6805
1842.31	98.5906
1844.24	98.5815
1846.17	98.6699
1848.1	98.7297
1850.03	98.8073
1851.96	98.9449
1853.89	99.0035
1855.82	98.9005
1857.75	98.7577
1859.68	98.7138
1861.6	98.7757
1863.53	98.897
1865.46	99.0684
1867.39	99.2429
1869.32	99.2579
1871.25	99.076
1873.18	98.8905
1875.11	98.8434
1877.04	98.9413
1878.97	99.0483
1880.9	99.0137
1882.82	98.887
1884.75	98.8381
1886.68	98.8664
1888.61	98.8475
1890.54	98.7987
1892.47	98.8405
1894.4	98.9763
1896.33	99.1315
1898.26	99.2721
1900.19	99.3679
1902.12	99.3426
1904.05	99.1945
1905.97	99.0701
1907.9	99.0855
1909.83	99.2058
1911.76	99.3045
1913.69	99.2887
1915.62	99.1938
1917.55	99.1488
1919.48	99.2316
1921.41	99.4187
1923.34	99.632
1925.27	99.7053
1927.19	99.5722
1929.12	99.4248
1931.05	99.4266
1932.98	99.518
1934.91	99.6
1936.84	99.6331
1938.77	99.6008
1940.7	99.5631
1942.63	99.5911
1944.56	99.6392
1946.49	99.627
1948.41	99.5577
1950.34	99.5283
1952.27	99.6355
1954.2	99.767
1956.13	99.716
1958.06	99.5515
1959.99	99.4719
1961.92	99.4436
1963.85	99.421
1965.78	99.5173
1967.71	99.6506
1969.64	99.6057
1971.56	99.5587
1973.49	99.8073
1975.42	100.161
1977.35	100.269
1979.28	100.224
1981.21	100.205
1983.14	100.137
1985.07	100.048
1987	100.053
1988.93	99.999
1990.86	99.8263
1992.78	99.8673
1994.71	100.174
1996.64	100.325
1998.57	100.179
2000.5	100.003
2002.43	99.9416
2004.36	99.9391
2006.29	99.9523
2008.22	99.9369
2010.15	99.9136
2012.08	100.045
2014.01	100.338
2015.93	100.509
2017.86	100.407
2019.79	100.265
2021.72	100.256
2023.65	100.231
2025.58	100.088
2027.51	100.007
2029.44	100.128
2031.37	100.303
2033.3	100.327
2035.23	100.228
2037.15	100.148
2039.08	100.079
2041.01	99.9406
2042.94	99.8163
2044.87	99.8925
2046.8	100.152
2048.73	100.306
2050.66	100.189
2052.59	100.031
2054.52	100.079
2056.45	100.186
2058.37	100.113
2060.3	99.9772
2062.23	100.01
2064.16	100.146
2066.09	100.151
2068.02	99.9916
2069.95	99.867
2071.88	99.9264
2073.81	100.075
2075.74	100.137
2077.67	100.106
2079.6	100.061
2081.52	99.9703
2083.45	99.7918
2085.38	99.5995
2087.31	99.4954
2089.24	99.5199
2091.17	99.6278
2093.1	99.7075
2095.03	99.7186
2096.96	99.7437
2098.89	99.815
2100.82	99.8749
2102.74	99.9214
2104.67	99.9451
2106.6	99.8476
2108.53	99.6489
2110.46	99.5317
2112.39	99.5556
2114.32	99.6286
2116.25	99.7308
2118.18	99.868
2120.11	99.9375
2122.04	99.8636
2123.97	99.708
2125.89	99.5853
2127.82	99.6122
2129.75	99.8427
2131.68	100.134
2133.61	100.25
2135.54	100.165
2137.47	100.054
2139.4	100
2141.33	99.9717
2143.26	99.9886
2145.19	100.096
2147.11	100.224
2149.04	100.241
2150.97	100.138
2152.9	100.067
2154.83	100.122
2156.76	100.167
2158.69	100.074
2160.62	100.01
2162.55	100.106
2164.48	100.145
2166.41	100.048
2168.33	100.146
2170.26	100.519
2172.19	100.713
2174.12	100.485
2176.05	100.131
2177.98	99.8693
2179.91	99.6698
2181.84	99.6757
2183.77	99.9816
2185.7	100.245
2187.63	100.187
2189.56	100.013
2191.48	99.9134
2193.41	99.8146
2195.34	99.7397
2197.27	99.8058
2199.2	99.9593
2201.13	100.063
2203.06	100.047
2204.99	99.9439
2206.92	99.879
2208.85	99.868
2210.78	99.7672
2212.7	99.6365
2214.63	99.742
2216.56	100.07
2218.49	100.313
2220.42	100.332
2222.35	100.225
2224.28	100.056
2226.21	99.8827
2228.14	99.8937
2230.07	100.137
2232	100.333
2233.93	100.313
2235.85	100.301
2237.78	100.424
2239.71	100.475
2241.64	100.328
2243.57	100.093
2245.5	99.9074
2247.43	99.8542
2249.36	99.8912
2251.29	99.8859
2253.22	99.8869
2255.15	100.043
2257.07	100.266
2259	100.37
2260.93	100.35
2262.86	100.292
2264.79	100.282
2266.72	100.379
2268.65	100.513
2270.58	100.554
2272.51	100.518
2274.44	100.52
2276.37	100.583
2278.29	100.567
2280.22	100.365
2282.15	100.133
2284.08	100.083
2286.01	100.095
2287.94	99.9454
2289.87	99.7737
2291.8	99.8511
2293.73	100.093
2295.66	100.231
2297.59	100.253
2299.52	100.294
2301.44	100.325
2303.37	100.282
2305.3	100.321
2307.23	100.586
2309.16	100.877
2311.09	100.934
2313.02	100.899
2314.95	101.04
2316.88	101.299
2318.81	101.483
2320.74	101.539
2322.66	101.506
2324.59	101.501
2326.52	101.65
2328.45	101.913
2330.38	102.11
2332.31	102.116
2334.24	102.007
2336.17	102.015
2338.1	102.269
2340.03	102.559
2341.96	102.656
2343.89	102.51
2345.81	102.055
2347.74	101.549
2349.67	101.411
2351.6	101.753
2353.53	102.269
2355.46	102.602
2357.39	103.034
2359.32	103.653
2361.25	103.904
2363.18	103.762
2365.11	103.551
2367.03	103.141
2368.96	102.452
2370.89	101.792
2372.82	101.329
2374.75	100.921
2376.68	100.527
2378.61	100.25
2380.54	100.027
2382.47	99.7511
2384.4	99.5042
2386.33	99.3526
2388.26	99.1916
2390.18	99.0145
2392.11	98.9702
2394.04	99.0275
2395.97	99.0157
2397.9	98.9801
2399.83	99.061
2401.76	99.1614
2403.69	99.1182
2405.62	99.0249
2407.55	99.0572
2409.48	99.1476
2411.4	99.1337
2413.33	99.0668
2415.26	99.0756
2417.19	99.1027
2419.12	99.05
2421.05	98.973
2422.98	98.9474
2424.91	98.9806
2426.84	99.0858
2428.77	99.1958
2430.7	99.1524
2432.62	99.0019
2434.55	98.9915
2436.48	99.1229
2438.41	99.1307
2440.34	98.9583
2442.27	98.8161
2444.2	98.8344
2446.13	98.9854
2448.06	99.1476
2449.99	99.1341
2451.92	98.9479
2453.85	98.8748
2455.77	99.029
2457.7	99.1418
2459.63	99.0379
2461.56	98.8987
2463.49	98.8897
2465.42	98.9355
2467.35	98.96
2469.28	99.0073
2471.21	99.0627
2473.14	99.0442
2475.07	98.998
2476.99	99.0411
2478.92	99.1293
2480.85	99.1243
2482.78	99.0489
2484.71	99.0739
2486.64	99.2619
2488.57	99.4381
2490.5	99.4054
2492.43	99.239
2494.36	99.1427
2496.29	99.0946
2498.22	98.9932
2500.14	98.969
2502.07	99.1349
2504	99.3006
2505.93	99.2869
2507.86	99.2002
2509.79	99.1871
2511.72	99.22
2513.65	99.1985
2515.58	99.1012
2517.51	99.0292
2519.44	99.0799
2521.36	99.1811
2523.29	99.2252
2525.22	99.2685
2527.15	99.3401
2529.08	99.2855
2531.01	99.088
2532.94	98.9964
2534.87	99.1121
2536.8	99.2534
2538.73	99.3124
2540.66	99.3415
2542.58	99.332
2544.51	99.2608
2546.44	99.2085
2548.37	99.1987
2550.3	99.1546
2552.23	99.1141
2554.16	99.196
2556.09	99.3405
2558.02	99.3773
2559.95	99.2992
2561.88	99.2308
2563.81	99.222
2565.73	99.2311
2567.66	99.2278
2569.59	99.2336
2571.52	99.2836
2573.45	99.3602
2575.38	99.4085
2577.31	99.4182
2579.24	99.4337
2581.17	99.5036
2583.1	99.6318
2585.03	99.7536
2586.95	99.8248
2588.88	99.8606
2590.81	99.7988
2592.74	99.5886
2594.67	99.4345
2596.6	99.5085
2598.53	99.5848
2600.46	99.4427
2602.39	99.2563
2604.32	99.2312
2606.25	99.3403
2608.18	99.495
2610.1	99.572
2612.03	99.4664
2613.96	99.3006
2615.89	99.2416
2617.82	99.212
2619.75	99.1135
2621.68	99.0516
2623.61	99.096
2625.54	99.1301
2627.47	99.0708
2629.4	98.9959
2631.32	98.9853
2633.25	99.0149
2635.18	99.061
2637.11	99.1403
2639.04	99.1929
2640.97	99.1383
2642.9	99.0551
2644.83	99.0575
2646.76	99.0736
2648.69	98.9966
2650.62	98.8907
2652.54	98.8581
2654.47	98.8951
2656.4	98.9545
2658.33	98.9817
2660.26	98.9279
2662.19	98.8344
2664.12	98.7873
2666.05	98.7744
2667.98	98.7427
2669.91	98.7216
2671.84	98.7368
2673.77	98.7455
2675.69	98.7442
2677.62	98.7488
2679.55	98.704
2681.48	98.6252
2683.41	98.6446
2685.34	98.7426
2687.27	98.7453
2689.2	98.6541
2691.13	98.6095
2693.06	98.6128
2694.99	98.6126
2696.91	98.6402
2698.84	98.6808
2700.77	98.6786
2702.7	98.6437
2704.63	98.5738
2706.56	98.4741
2708.49	98.4503
2710.42	98.5181
2712.35	98.5348
2714.28	98.4955
2716.21	98.5169
2718.14	98.5325
2720.06	98.4368
2721.99	98.3515
2723.92	98.3922
2725.85	98.4597
2727.78	98.4763
2729.71	98.5101
2731.64	98.578
2733.57	98.5964
2735.5	98.5561
2737.43	98.5326
2739.36	98.519
2741.28	98.4408
2743.21	98.3308
2745.14	98.2997
2747.07	98.3506
2749	98.3885
2750.93	98.3751
2752.86	98.3659
2754.79	98.4314
2756.72	98.5548
2758.65	98.6263
2760.58	98.6025
2762.51	98.5623
2764.43	98.5225
2766.36	98.4155
2768.29	98.2934
2770.22	98.2751
2772.15	98.3211
2774.08	98.3124
2776.01	98.2554
2777.94	98.2296
2779.87	98.2391
2781.8	98.2234
2783.73	98.1678
2785.65	98.1298
2787.58	98.1327
2789.51	98.1276
2791.44	98.1155
2793.37	98.1379
2795.3	98.1293
2797.23	98.0278
2799.16	97.9584
2801.09	98.0221
2803.02	98.0824
2804.95	98.0157
2806.87	97.933
2808.8	97.9456
2810.73	97.9578
2812.66	97.8647
2814.59	97.7593
2816.52	97.7532
2818.45	97.753
2820.38	97.6453
2822.31	97.5305
2824.24	97.5137
2826.17	97.4835
2828.1	97.3335
2830.02	97.1546
2831.95	97.0609
2833.88	97.0432
2835.81	97.0131
2837.74	96.8804
2839.67	96.6599
2841.6	96.4796
2843.53	96.3916
2845.46	96.3022
2847.39	96.1348
2849.32	95.9048
2851.24	95.6533
2853.17	95.402
2855.1	95.1003
2857.03	94.6491
2858.96	94.0717
2860.89	93.5308
2862.82	93.12
2864.75	92.7987
2866.68	92.5243
2868.61	92.2747
2870.54	91.9935
2872.47	91.7127
2874.39	91.6538
2876.32	91.9517
2878.25	92.3693
2880.18	92.6106
2882.11	92.7534
2884.04	92.9745
2885.97	93.1585
2887.9	93.186
2889.83	93.1892
2891.76	93.232
2893.69	93.2344
2895.61	93.2705
2897.54	93.4305
2899.47	93.5526
2901.4	93.4832
2903.33	93.3171
2905.26	93.201
2907.19	93.193
2909.12	93.2457
2911.05	93.1777
2912.98	92.9044
2914.91	92.6359
2916.83	92.5192
2918.76	92.3316
2920.69	91.8845
2922.62	91.3651
2924.55	90.9452
2926.48	90.4699
2928.41	89.8261
2930.34	89.2615
2932.27	89.0885
2934.2	89.3065
2936.13	89.6612
2938.06	89.9574
2939.98	90.1951
2941.91	90.4103
2943.84	90.5235
2945.77	90.4537
2947.7	90.2336
2949.63	89.8865
2951.56	89.3598
2953.49	88.6525
2955.42	87.8853
2957.35	87.2879
2959.28	87.0852
2961.2	87.2802
2963.13	87.7618
2965.06	88.62
2966.99	89.8835
2968.92	91.1329
2970.85	91.972
2972.78	92.5135
2974.71	92.9247
2976.64	93.1465
2978.57	93.2584
2980.5	93.4417
2982.43	93.7136
2984.35	94.0895
2986.28	94.555
2988.21	94.8699
2990.14	94.986
2992.07	95.2536
2994	95.7459
2995.93	96.1047
2997.86	96.2727
2999.79	96.5426
3001.72	96.944
3003.65	97.2785
3005.57	97.4902
3007.5	97.6424
3009.43	97.8088
3011.36	98.0134
3013.29	98.1437
3015.22	98.1406
3017.15	98.1658
3019.08	98.2943
3021.01	98.3836
3022.94	98.4272
3024.87	98.5512
3026.79	98.6865
3028.72	98.7322
3030.65	98.7934
3032.58	98.888
3034.51	98.8462
3036.44	98.7435
3038.37	98.8787
3040.3	99.1545
3042.23	99.121
3044.16	98.7606
3046.09	98.5218
3048.02	98.5517
3049.94	98.6053
3051.87	98.6331
3053.8	98.7958
3055.73	99.0441
3057.66	99.1553
3059.59	99.0368
3061.52	98.825
3063.45	98.7745
3065.38	98.9543
3067.31	99.1204
3069.24	99.1507
3071.16	99.2339
3073.09	99.3482
3075.02	99.2106
3076.95	98.913
3078.88	98.8201
3080.81	98.9029
3082.74	98.9021
3084.67	98.8654
3086.6	98.956
3088.53	99.0985
3090.46	99.151
3092.39	99.1281
3094.31	99.0961
3096.24	98.997
3098.17	98.7164
3100.1	98.3638
3102.03	98.2453
3103.96	98.4347
3105.89	98.6484
3107.82	98.6099
3109.75	98.3292
3111.68	98.1243
3113.61	98.319
3115.53	98.7319
3117.46	98.8712
3119.39	98.7565
3121.32	98.8027
3123.25	98.9468
3125.18	98.7839
3127.11	98.4081
3129.04	98.3105
3130.97	98.6099
3132.9	98.9452
3134.83	99.0329
3136.75	98.993
3138.68	99.0369
3140.61	99.1244
3142.54	99.1143
3144.47	99.0058
3146.4	98.8752
3148.33	98.7518
3150.26	98.6444
3152.19	98.6166
3154.12	98.7388
3156.05	98.8883
3157.98	98.8219
3159.9	98.5981
3161.83	98.5047
3163.76	98.5497
3165.69	98.5776
3167.62	98.6379
3169.55	98.7777
3171.48	98.9007
3173.41	98.9739
3175.34	98.9704
3177.27	98.8534
3179.2	98.7651
3181.12	98.8094
3183.05	98.8563
3184.98	98.8316
3186.91	98.7617
3188.84	98.6197
3190.77	98.4984
3192.7	98.5324
3194.63	98.609
3196.56	98.6126
3198.49	98.608
3200.42	98.5844
3202.35	98.5535
3204.27	98.6633
3206.2	98.8305
3208.13	98.7948
3210.06	98.5876
3211.99	98.4172
3213.92	98.3404
3215.85	98.3119
3217.78	98.2671
3219.71	98.1919
3221.64	98.2009
3223.57	98.3619
3225.49	98.562
3227.42	98.644
3229.35	98.5364
3231.28	98.3464
3233.21	98.2909
3235.14	98.3775
3237.07	98.3998
3239	98.2884
3240.93	98.1459
3242.86	98.0701
3244.79	98.1535
3246.72	98.3969
3248.64	98.5962
3250.57	98.5419
3252.5	98.2989
3254.43	98.1937
3256.36	98.41
3258.29	98.68
3260.22	98.6813
3262.15	98.5204
3264.08	98.4108
3266.01	98.3157
3267.94	98.2318
3269.86	98.2643
3271.79	98.3296
3273.72	98.274
3275.65	98.1599
3277.58	98.125
3279.51	98.1636
3281.44	98.1841
3283.37	98.1379
3285.3	98.0793
3287.23	98.1019
3289.16	98.1667
3291.08	98.1242
3293.01	97.9764
3294.94	97.8841
3296.87	97.8809
3298.8	97.8803
3300.73	97.8994
3302.66	97.956
3304.59	97.936
3306.52	97.7979
3308.45	97.6526
3310.38	97.605
3312.31	97.7031
3314.23	97.8679
3316.16	97.8876
3318.09	97.737
3320.02	97.6314
3321.95	97.6433
3323.88	97.6771
3325.81	97.7002
3327.74	97.6596
3329.67	97.5154
3331.6	97.4445
3333.53	97.5627
3335.45	97.6529
3337.38	97.5409
3339.31	97.3583
3341.24	97.2549
3343.17	97.2583
3345.1	97.3479
3347.03	97.4032
3348.96	97.3277
3350.89	97.264
3352.82	97.3388
3354.75	97.404
3356.68	97.3379
3358.6	97.268
3360.53	97.2757
3362.46	97.2518
3364.39	97.1444
3366.32	97.0376
3368.25	97.0203
3370.18	97.1476
3372.11	97.3484
3374.04	97.3945
3375.97	97.2625
3377.9	97.2607
3379.82	97.4611
3381.75	97.5043
3383.68	97.2471
3385.61	97.0056
3387.54	96.9888
3389.47	97.0745
3391.4	97.146
3393.33	97.1569
3395.26	97.0302
3397.19	96.8362
3399.12	96.8101
3401.04	96.9813
3402.97	97.0886
3404.9	97.0203
3406.83	97.004
3408.76	97.1667
3410.69	97.2689
3412.62	97.1265
3414.55	96.915
3416.48	96.8062
3418.41	96.7299
3420.34	96.6569
3422.27	96.6732
3424.19	96.7541
3426.12	96.8485
3428.05	96.9734
3429.98	97.0537
3431.91	97.0143
3433.84	96.9334
3435.77	96.8748
3437.7	96.8797
3439.63	97.0589
3441.56	97.3293
3443.49	97.3973
3445.41	97.2193
3447.34	97.0312
3449.27	96.9527
3451.2	96.928
3453.13	96.9296
3455.06	96.9986
3456.99	97.165
3458.92	97.3563
3460.85	97.4351
3462.78	97.3748
3464.71	97.2693
3466.64	97.1664
3468.56	97.0759
3470.49	97.0836
3472.42	97.245
3474.35	97.3733
3476.28	97.2053
3478.21	96.8808
3480.14	96.8054
3482.07	96.9641
3484	96.9633
3485.93	96.8119
3487.86	96.8654
3489.78	97.1271
3491.71	97.336
3493.64	97.4562
3495.57	97.533
3497.5	97.4777
3499.43	97.3129
3501.36	97.2431
3503.29	97.3444
3505.22	97.3999
3507.15	97.1956
3509.08	96.8276
3511	96.5766
3512.93	96.5534
3514.86	96.665
3516.79	96.8792
3518.72	97.1696
3520.65	97.3418
3522.58	97.2262
3524.51	96.9504
3526.44	96.7811
3528.37	96.7601
3530.3	96.7452
3532.23	96.7081
3534.15	96.7332
3536.08	96.8215
3538.01	96.9175
3539.94	96.9993
3541.87	96.9544
3543.8	96.6311
3545.73	96.2561
3547.66	96.348
3549.59	96.8612
3551.52	97.226
3553.45	97.1721
3555.37	97.0078
3557.3	97.0115
3559.23	97.0252
3561.16	96.8286
3563.09	96.5665
3565.02	96.5979
3566.95	97.0514
3568.88	97.4912
3570.81	97.5219
3572.74	97.3294
3574.67	97.176
3576.6	97.155
3578.52	97.2616
3580.45	97.4435
3582.38	97.5676
3584.31	97.6146
3586.24	97.7491
3588.17	97.9333
3590.1	97.9378
3592.03	97.9617
3593.96	98.2635
3595.89	98.6327
3597.82	98.7521
3599.74	98.6919
3601.67	98.5706
3603.6	98.4902
3605.53	98.6377
3607.46	98.987
3609.39	99.1969
3611.32	99.1145
3613.25	98.9761
3615.18	99.0179
3617.11	99.2467
3619.04	99.406
3620.97	99.3238
3622.89	99.3132
3624.82	99.5809
3626.75	99.8176
3628.68	99.5313
3630.61	99.0236
3632.54	99.0367
3634.47	99.4218
3636.4	99.6934
3638.33	99.6292
3640.26	99.4014
3642.19	99.2328
3644.11	99.1993
3646.04	99.3326
3647.97	99.705
3649.9	100.098
3651.83	100.005
3653.76	99.6016
3655.69	99.3287
3657.62	99.3838
3659.55	99.4715
3661.48	99.3802
3663.41	99.3206
3665.33	99.3917
3667.26	99.4403
3669.19	99.431
3671.12	99.3548
3673.05	99.1566
3674.98	99.1308
3676.91	99.4729
3678.84	99.6106
3680.77	99.4112
3682.7	99.2748
3684.63	99.2743
3686.56	99.2472
3688.48	99.2584
3690.41	99.3315
3692.34	99.2829
3694.27	99.2747
3696.2	99.4716
3698.13	99.6735
3700.06	99.6227
3701.99	99.3481
3703.92	99.1675
3705.85	99.2807
3707.78	99.5023
3709.7	99.5927
3711.63	99.6226
3713.56	99.6967
3715.49	99.6249
3717.42	99.4394
3719.35	99.3704
3721.28	99.4394
3723.21	99.5258
3725.14	99.6939
3727.07	99.9418
3729	100.079
3730.93	100.063
3732.85	100.061
3734.78	100.275
3736.71	100.514
3738.64	100.321
3740.57	99.8466
3742.5	99.5291
3744.43	99.6379
3746.36	99.8838
3748.29	99.9178
3750.22	99.8664
3752.15	99.8082
3754.07	99.7009
3756	99.583
3757.93	99.5257
3759.86	99.5513
3761.79	99.5519
3763.72	99.451
3765.65	99.3652
3767.58	99.4787
3769.51	99.7545
3771.44	99.9133
3773.37	99.8146
3775.29	99.6389
3777.22	99.5806
3779.15	99.6258
3781.08	99.6511
3783.01	99.6433
3784.94	99.586
3786.87	99.4466
3788.8	99.3772
3790.73	99.4847
3792.66	99.5892
3794.59	99.5405
3796.52	99.4762
3798.44	99.5415
3800.37	99.6514
3802.3	99.6733
3804.23	99.6434
3806.16	99.7084
3808.09	99.8705
3810.02	99.8855
3811.95	99.635
3813.88	99.263
3815.81	99.0379
3817.74	99.1379
3819.66	99.4164
3821.59	99.6401
3823.52	99.6489
3825.45	99.4947
3827.38	99.3278
3829.31	99.3103
3831.24	99.5025
3833.17	99.6983
3835.1	99.6866
3837.03	99.6061
3838.96	99.6724
3840.89	99.7065
3842.81	99.5412
3844.74	99.3528
3846.67	99.3062
3848.6	99.3663
3850.53	99.4411
3852.46	99.5191
3854.39	99.685
3856.32	99.8522
3858.25	99.8392
3860.18	99.7137
3862.11	99.7164
3864.03	99.9026
3865.96	99.9654
3867.89	99.8412
3869.82	99.7593
3871.75	99.6935
3873.68	99.5131
3875.61	99.3869
3877.54	99.4172
3879.47	99.4782
3881.4	99.521
3883.33	99.6338
3885.25	99.7465
3887.18	99.7041
3889.11	99.5675
3891.04	99.4744
3892.97	99.4518
3894.9	99.4769
3896.83	99.5522
3898.76	99.6403
3900.69	99.6287
3902.62	99.5691
3904.55	99.6717
3906.48	99.8359
3908.4	99.826
3910.33	99.7081
3912.26	99.6387
3914.19	99.5926
3916.12	99.5223
3918.05	99.5122
3919.98	99.5422
3921.91	99.5009
3923.84	99.4469
3925.77	99.4528
3927.7	99.4498
3929.62	99.4567
3931.55	99.5891
3933.48	99.7578
3935.41	99.7466
3937.34	99.5395
3939.27	99.27
3941.2	99.1109
3943.13	99.1836
3945.06	99.3942
3946.99	99.5734
3948.92	99.6822
3950.85	99.6685
3952.77	99.4894
3954.7	99.3307
3956.63	99.3857
3958.56	99.5516
3960.49	99.66
3962.42	99.7205
3964.35	99.6936
3966.28	99.4834
3968.21	99.2288
3970.14	99.1731
3972.07	99.2882
3973.99	99.3547
3975.92	99.3399
3977.85	99.3931
3979.78	99.5269
3981.71	99.5953
3983.64	99.5586
3985.57	99.51
3987.5	99.4747
3989.43	99.3928
3991.36	99.2533
3993.29	99.1547
3995.22	99.2212
3997.14	99.417
