499.643	92.7299
501.572	92.839
503.501	91.1953
505.43	89.9025
507.36	89.2334
509.289	88.8743
511.218	88.9213
513.147	89.0195
515.076	88.8129
517.005	88.7379
518.934	89.1028
520.863	89.3072
522.792	88.9
524.722	88.161
526.651	87.5919
528.58	87.5096
530.509	87.9183
532.438	88.4802
534.367	88.7737
536.296	88.8587
538.225	89.1557
540.155	89.7026
542.084	90.126
544.013	90.2507
545.942	90.2002
547.871	90.1066
549.8	90.0806
551.729	90.2095
553.658	90.4011
555.588	90.4684
557.517	90.4644
559.446	90.6342
561.375	90.9207
563.304	91.0235
565.233	91.0172
567.162	91.0903
569.091	90.9034
571.021	90.3438
572.95	90.1562
574.879	90.6513
576.808	91.0768
578.737	91.0237
580.666	90.8985
582.595	90.6735
584.524	89.939
586.454	88.9024
588.383	88.0017
590.312	87.2518
592.241	86.7183
594.17	86.6485
596.099	86.8631
598.028	86.9893
599.957	87.0765
601.887	87.3224
603.816	87.6869
605.745	88.1815
607.674	88.8834
609.603	89.5482
611.532	89.8951
613.461	90.0953
615.39	90.3409
617.32	90.4032
619.249	90.1538
621.178	89.9374
623.107	90.0065
625.036	90.1994
626.965	90.2888
628.894	90.2251
630.823	89.9894
632.753	89.5834
634.682	89.1397
636.611	88.7041
638.54	88.054
640.469	86.9924
642.398	85.6139
644.327	84.1521
646.256	82.763
648.186	81.6376
650.115	81.0355
652.044	80.9321
653.973	81.1364
655.902	81.5725
657.831	82.1509
659.76	82.9641
661.689	84.1781
663.619	85.4986
665.548	86.8605
667.477	88.7411
669.406	90.4178
671.335	90.9211
673.264	91.2779
675.193	91.8589
677.122	92.2755
679.052	92.4868
680.981	92.765
682.91	93.0254
684.839	93.1776
686.768	93.3469
688.697	93.4722
690.626	93.4283
692.555	93.3536
694.485	93.4155
696.414	93.5569
698.343	93.6242
700.272	93.5803
702.201	93.5386
704.13	93.5902
706.059	93.6617
707.988	93.6652
709.917	93.6651
711.847	93.7208
713.776	93.7567
715.705	93.7445
717.634	93.7758
719.563	93.8528
721.492	93.8466
723.421	93.7372
725.35	93.6428
727.28	93.5796
729.209	93.4318
731.138	93.1758
733.067	92.9202
734.996	92.7019
736.925	92.4668
738.854	92.2578
740.783	92.1765
742.713	92.1686
744.642	92.1045
746.571	92.0189
748.5	92.0349
750.429	92.1447
752.358	92.2684
754.287	92.4181
756.216	92.6367
758.146	92.8645
760.075	92.9992
762.004	93.0381
763.933	93.066
765.862	93.1212
767.791	93.1569
769.72	93.1498
771.649	93.1578
773.579	93.2167
775.508	93.2585
777.437	93.2
779.366	93.0542
781.295	92.9024
783.224	92.8031
785.153	92.7555
787.082	92.6973
789.012	92.5323
790.941	92.2095
792.87	91.7409
794.799	91.1196
796.728	90.32
798.657	89.3661
800.586	88.2435
802.515	86.7862
804.445	84.7552
806.374	81.9571
808.303	78.415
810.232	74.7326
812.161	72.0945
814.09	71.4728
816.019	72.9168
817.948	75.6914
819.878	78.8388
821.807	81.634
823.736	83.8077
825.665	85.4395
827.594	86.6582
829.523	87.5224
831.452	88.0843
833.381	88.3973
835.311	88.4901
837.24	88.3957
839.169	88.1486
841.098	87.7409
843.027	87.1782
844.956	86.5968
846.885	86.2132
848.814	86.1268
850.744	86.2732
852.673	86.5615
854.602	86.9441
856.531	87.3762
858.46	87.7948
860.389	88.1343
862.318	88.3612
864.247	88.4807
866.177	88.4575
868.106	88.2151
870.035	87.7731
871.964	87.2294
873.893	86.5986
875.822	85.8635
877.751	85.1193
879.68	84.5004
881.609	84.0868
883.539	83.9221
885.468	83.9604
887.397	84.0438
889.326	84.0623
891.255	84.0382
893.184	84.0286
895.113	84.0892
897.042	84.3065
898.972	84.7693
900.901	85.5302
902.83	86.5542
904.759	87.6652
906.688	88.6453
908.617	89.3935
910.546	89.903
912.475	90.1618
914.405	90.1563
916.334	89.8849
918.263	89.3306
920.192	88.4684
922.121	87.276
924.05	85.6989
925.979	83.6263
927.908	80.9439
929.838	77.6531
931.767	73.9515
933.696	70.209
935.625	66.8949
937.554	64.4503
939.483	63.0969
941.412	62.7582
943.341	63.1868
945.271	64.1421
947.2	65.4772
949.129	67.1176
951.058	68.9848
952.987	70.9643
954.916	72.9348
956.845	74.7773
958.774	76.4022
960.704	77.8824
962.633	79.486
964.562	81.4226
966.491	83.6142
968.42	85.8074
970.349	87.7711
972.278	89.3328
974.207	90.4277
976.137	91.1546
978.066	91.6238
979.995	91.805
981.924	91.6401
983.853	91.1721
985.782	90.4981
987.711	89.7632
989.64	89.1721
991.57	88.8064
993.499	88.4736
995.428	87.8428
997.357	86.664
999.286	84.9097
1001.22	82.8931
1003.14	81.1706
1005.07	80.1192
1007	79.697
1008.93	79.7304
1010.86	80.2047
1012.79	81.0873
1014.72	82.074
1016.65	82.7393
1018.58	82.85
1020.51	82.3828
1022.44	81.3468
1024.36	79.819
1026.29	78.1476
1028.22	76.831
1030.15	76.0352
1032.08	75.4325
1034.01	74.6769
1035.94	73.8089
1037.87	73.056
1039.8	72.5222
1041.73	72.2474
1043.66	72.3289
1045.58	72.8185
1047.51	73.6341
1049.44	74.6195
1051.37	75.5824
1053.3	76.3295
1055.23	76.8221
1057.16	77.2493
1059.09	77.8159
1061.02	78.4907
1062.95	79.0231
1064.88	79.1652
1066.81	78.8964
1068.73	78.5019
1070.66	78.381
1072.59	78.7315
1074.52	79.4713
1076.45	80.423
1078.38	81.4431
1080.31	82.3943
1082.24	83.1524
1084.17	83.6629
1086.1	83.9176
1088.03	83.9108
1089.95	83.6548
1091.88	83.1698
1093.81	82.4627
1095.74	81.5748
1097.67	80.5764
1099.6	79.4807
1101.53	78.2742
1103.46	76.9942
1105.39	75.6453
1107.32	74.1462
1109.25	72.4752
1111.18	70.7092
1113.1	68.8759
1115.03	66.9539
1116.96	64.9917
1118.89	63.0615
1120.82	61.1817
1122.75	59.3728
1124.68	57.6561
1126.61	55.9637
1128.54	54.1477
1130.47	52.0473
1132.4	49.521
1134.32	46.5442
1136.25	43.302
1138.18	40.0948
1140.11	37.1983
1142.04	34.8654
1143.97	33.3094
1145.9	32.6
1147.83	32.6672
1149.76	33.4132
1151.69	34.7541
1153.62	36.5897
1155.55	38.7818
1157.47	41.1742
1159.4	43.6462
1161.33	46.1065
1163.26	48.4275
1165.19	50.4827
1167.12	52.2378
1169.05	53.7221
1170.98	54.984
1172.91	56.1322
1174.84	57.3085
1176.77	58.5882
1178.69	59.9898
1180.62	61.5411
1182.55	63.2588
1184.48	65.1157
1186.41	67.0635
1188.34	69.0523
1190.27	71.0503
1192.2	73.0761
1194.13	75.1746
1196.06	77.3482
1197.99	79.5453
1199.91	81.7015
1201.84	83.7465
1203.77	85.5989
1205.7	87.2093
1207.63	88.5872
1209.56	89.772
1211.49	90.8817
1213.42	92.0999
1215.35	93.3202
1217.28	93.9982
1219.21	93.8828
1221.14	93.5535
1223.06	93.6268
1224.99	94.0044
1226.92	94.2549
1228.85	94.1823
1230.78	93.7659
1232.71	93.0179
1234.64	92.051
1236.57	91.0144
1238.5	90.0054
1240.43	89.1167
1242.36	88.4315
1244.28	87.9781
1246.21	87.76
1248.14	87.7896
1250.07	88.0667
1252	88.5318
1253.93	89.0401
1255.86	89.437
1257.79	89.6556
1259.72	89.6874
1261.65	89.5179
1263.58	89.1528
1265.51	88.6424
1267.43	88.028
1269.36	87.292
1271.29	86.4123
1273.22	85.451
1275.15	84.4983
1277.08	83.5351
1279.01	82.4142
1280.94	80.9153
1282.87	78.7658
1284.8	75.6582
1286.73	71.4057
1288.65	66.3592
1290.58	61.662
1292.51	58.687
1294.44	58.17
1296.37	59.9518
1298.3	63.2463
1300.23	67.0154
1302.16	70.3371
1304.09	72.6834
1306.02	73.8872
1307.95	73.9454
1309.87	73.0604
1311.8	71.8093
1313.73	70.9333
1315.66	70.6923
1317.59	70.7472
1319.52	70.9073
1321.45	71.4713
1323.38	72.6942
1325.31	74.4872
1327.24	76.6182
1329.17	78.9171
1331.1	81.313
1333.02	83.608
1334.95	85.4856
1336.88	86.8653
1338.81	87.8657
1340.74	88.5753
1342.67	89.1556
1344.6	89.8682
1346.53	90.8458
1348.46	91.9576
1350.39	92.9206
1352.32	93.5789
1354.24	93.9625
1356.17	94.125
1358.1	94.0898
1360.03	93.8712
1361.96	93.3637
1363.89	92.3491
1365.82	90.9236
1367.75	89.703
1369.68	89.3704
1371.61	89.7645
1373.54	89.8763
1375.47	89.1881
1377.39	88.373
1379.32	88.129
1381.25	88.4764
1383.18	89.0534
1385.11	89.5564
1387.04	89.8743
1388.97	89.9396
1390.9	89.7833
1392.83	89.479
1394.76	89.0568
1396.69	88.4821
1398.61	87.6905
1400.54	86.9044
1402.47	86.5613
1404.4	86.8593
1406.33	87.5684
1408.26	88.2489
1410.19	88.816
1412.12	89.3636
1414.05	89.807
1415.98	90.1097
1417.91	90.3361
1419.83	90.4532
1421.76	90.4064
1423.69	90.1981
1425.62	89.8768
1427.55	89.475
1429.48	88.8207
1431.41	87.8418
1433.34	86.8026
1435.27	85.7512
1437.2	84.6321
1439.13	83.7825
1441.06	83.2793
1442.98	82.8634
1444.91	82.332
1446.84	81.4997
1448.77	80.3221
1450.7	79.2748
1452.63	78.8854
1454.56	79.2166
1456.49	80.5184
1458.42	82.5012
1460.35	83.8786
1462.28	84.937
1464.2	86.2706
1466.13	87.6564
1468.06	88.6305
1469.99	89.4816
1471.92	90.4807
1473.85	91.3174
1475.78	91.7784
1477.71	92.1474
1479.64	92.5366
1481.57	92.9901
1483.5	93.5134
1485.43	93.9944
1487.35	94.4191
1489.28	94.892
1491.21	95.3161
1493.14	95.5741
1495.07	95.7886
1497	96.0825
1498.93	96.3963
1500.86	96.5809
1502.79	96.6636
1504.72	96.7676
1506.65	97.0041
1508.57	97.1718
1510.5	97.1315
1512.43	97.0826
1514.36	97.1063
1516.29	97.1627
1518.22	97.2147
1520.15	97.3116
1522.08	97.451
1524.01	97.5275
1525.94	97.4957
1527.87	97.3893
1529.8	97.3011
1531.72	97.3177
1533.65	97.408
1535.58	97.4148
1537.51	97.3608
1539.44	97.4309
1541.37	97.6154
1543.3	97.5939
1545.23	97.4583
1547.16	97.3963
1549.09	97.4119
1551.02	97.4018
1552.94	97.3013
1554.87	97.1939
1556.8	97.2148
1558.73	97.3877
1560.66	97.4422
1562.59	97.3461
1564.52	97.2477
1566.45	97.1938
1568.38	97.1731
1570.31	97.1142
1572.24	97.0356
1574.16	97.0298
1576.09	97.0596
1578.02	96.9816
1579.95	96.8632
1581.88	96.816
1583.81	96.8027
1585.74	96.7452
1587.67	96.6522
1589.6	96.5821
1591.53	96.5451
1593.46	96.4959
1595.39	96.4151
1597.31	96.3304
1599.24	96.2553
1601.17	96.1798
1603.1	96.0755
1605.03	95.9151
1606.96	95.7373
1608.89	95.5687
1610.82	95.3636
1612.75	95.142
1614.68	94.9031
1616.61	94.4631
1618.53	93.8506
1620.46	93.2361
1622.39	92.386
1624.32	91.2592
1626.25	90.1692
1628.18	88.9134
1630.11	87.3966
1632.04	86.0678
1633.97	84.8601
1635.9	83.3098
1637.83	82.4703
1639.76	83.6623
1641.68	86.2317
1643.61	89.0083
1645.54	91.5054
1647.47	93.4688
1649.4	94.3929
1651.33	94.7389
1653.26	95.2189
1655.19	95.5849
1657.12	95.5309
1659.05	95.4405
1660.98	95.4228
1662.9	95.3392
1664.83	95.1062
1666.76	94.8668
1668.69	94.7298
1670.62	94.5995
1672.55	94.3768
1674.48	94.0785
1676.41	93.5948
1678.34	93.013
1680.27	92.5135
1682.2	91.9532
1684.12	91.2628
1686.05	90.6362
1687.98	89.7987
1689.91	88.6376
1691.84	87.3038
1693.77	85.5778
1695.7	83.2923
1697.63	80.7344
1699.56	77.5094
1701.49	73.5514
1703.42	70.0086
1705.35	66.5752
1707.27	62.6093
1709.2	58.9755
1711.13	56.1511
1713.06	53.6983
1714.99	51.9403
1716.92	51.2626
1718.85	51.1091
1720.78	51.9967
1722.71	54.4405
1724.64	57.9898
1726.57	62.3845
1728.49	67.4072
1730.42	72.4696
1732.35	77.6813
1734.28	83.4409
1736.21	88.1213
1738.14	90.9066
1740.07	92.9137
1742	94.7542
1743.93	96.1357
1745.86	97.17
1747.79	98.171
1749.72	98.9973
1751.64	99.5672
1753.57	99.984
1755.5	100.191
1757.43	100.283
1759.36	100.397
1761.29	100.388
1763.22	100.159
1765.15	99.801
1767.08	99.4042
1769.01	99.1305
1770.94	99.079
1772.86	99.0168
1774.79	98.7967
1776.72	98.5895
1778.65	98.4764
1780.58	98.4325
1782.51	98.3967
1784.44	98.3388
1786.37	98.3258
1788.3	98.3763
1790.23	98.425
1792.16	98.4611
1794.08	98.4722
1796.01	98.4089
1797.94	98.3147
1799.87	98.2905
1801.8	98.3656
1803.73	98.42
1805.66	98.3445
1807.59	98.2163
1809.52	98.2001
1811.45	98.2735
1813.38	98.3008
1815.31	98.3118
1817.23	98.3507
1819.16	98.3628
1821.09	98.3829
1823.02	98.4758
1824.95	98.5403
1826.88	98.4754
1828.81	98.391
1830.74	98.4196
1832.67	98.5064
1834.6	98.5694
1836.53	98.6382
1838.45	98.676
1840.38	98.5944
1842.31	98.4994
1844.24	98.5571
1846.17	98.6336
1848.1	98.6004
1850.03	98.632
1851.96	98.7703
1853.89	98.8399
1855.82	98.8069
1857.75	98.7925
1859.68	98.8343
1861.6	98.8771
1863.53	98.8962
1865.46	98.9538
1867.39	99.0914
1869.32	99.1484
1871.25	98.99
1873.18	98.8267
1875.11	98.8538
1877.04	98.9865
1878.97	99.0293
1880.9	98.9894
1882.82	99.005
1884.75	99.061
1886.68	99.045
1888.61	98.9918
1890.54	98.9897
1892.47	98.9768
1894.4	98.922
1896.33	98.9633
1898.26	99.1536
1900.19	99.3323
1902.12	99.3701
1904.05	99.2963
1905.97	99.1861
1907.9	99.091
1909.83	99.089
1911.76	99.1812
1913.69	99.1983
1915.62	99.0815
1917.55	99.0539
1919.48	99.2668
1921.41	99.4928
1923.34	99.4796
1925.27	99.27
1927.19	99.1105
1929.12	99.1542
1931.05	99.3168
1932.98	99.4474
1934.91	99.5378
1936.84	99.5979
1938.77	99.5738
1940.7	99.5346
1942.63	99.6064
1944.56	99.7001
1946.49	99.6541
1948.41	99.5356
1950.34	99.5194
1952.27	99.6363
1954.2	99.7309
1956.13	99.6691
1958.06	99.5288
1959.99	99.4857
1961.92	99.5665
1963.85	99.6822
1965.78	99.8214
1967.71	99.9642
1969.64	99.9778
1971.56	99.8954
1973.49	99.9412
1975.42	100.079
1977.35	100.076
1979.28	100.012
1981.21	100.045
1983.14	100.074
1985.07	100.105
1987	100.205
1988.93	100.141
1990.86	99.8908
1992.78	99.8802
1994.71	100.093
1996.64	100.095
1998.57	99.9918
2000.5	100.141
2002.43	100.33
2004.36	100.183
2006.29	99.8603
2008.22	99.7509
2010.15	99.9018
2012.08	100.118
2014.01	100.289
2015.93	100.328
2017.86	100.13
2019.79	99.9006
2021.72	100.021
2023.65	100.366
2025.58	100.462
2027.51	100.334
2029.44	100.342
2031.37	100.385
2033.3	100.217
2035.23	100.046
2037.15	100.018
2039.08	99.8395
2041.01	99.471
2042.94	99.3425
2044.87	99.6031
2046.8	99.9463
2048.73	100.16
2050.66	100.283
2052.59	100.365
2054.52	100.372
2056.45	100.235
2058.37	99.9836
2060.3	99.8148
2062.23	99.8712
2064.16	100.09
2066.09	100.327
2068.02	100.417
2069.95	100.25
2071.88	99.9961
2073.81	99.9284
2075.74	99.998
2077.67	99.9995
2079.6	99.9892
2081.52	100.074
2083.45	100.096
2085.38	99.9188
2087.31	99.7051
2089.24	99.6654
2091.17	99.7701
2093.1	99.8657
2095.03	99.9024
2096.96	99.9032
2098.89	99.8575
2100.82	99.804
2102.74	99.8444
2104.67	99.9455
2106.6	99.9575
2108.53	99.8621
2110.46	99.7561
2112.39	99.6988
2114.32	99.7534
2116.25	99.923
2118.18	100.021
2120.11	99.9094
2122.04	99.7205
2123.97	99.6257
2125.89	99.6688
2127.82	99.8602
2129.75	100.113
2131.68	100.229
2133.61	100.159
2135.54	100.043
2137.47	99.9793
2139.4	99.9865
2141.33	100.033
2143.26	100.038
2145.19	100.003
2147.11	100.029
2149.04	100.086
2150.97	100.039
2152.9	99.9146
2154.83	99.8807
2156.76	100.017
2158.69	100.271
2160.62	100.512
2162.55	100.569
2164.48	100.414
2166.41	100.296
2168.33	100.442
2170.26	100.642
2172.19	100.514
2174.12	100.135
2176.05	99.9099
2177.98	99.9016
2179.91	99.868
2181.84	99.8151
2183.77	99.8999
2185.7	100.015
2187.63	100.025
2189.56	100.041
2191.48	100.084
2193.41	99.9831
2195.34	99.8054
2197.27	99.7922
2199.2	99.9102
2201.13	99.9704
2203.06	99.9925
2204.99	100.089
2206.92	100.2
2208.85	100.157
2210.78	99.932
2212.7	99.7413
2214.63	99.7977
2216.56	100.025
2218.49	100.213
2220.42	100.315
2222.35	100.326
2224.28	100.166
2226.21	99.9729
2228.14	100.069
2230.07	100.375
2232	100.44
2233.93	100.216
2235.85	100.103
2237.78	100.225
2239.71	100.37
2241.64	100.409
2243.57	100.283
2245.5	100.031
2247.43	99.9209
2249.36	100.062
2251.29	100.172
2253.22	100.14
2255.15	100.234
2257.07	100.494
2259	100.563
2260.93	100.296
2262.86	100.054
2264.79	100.191
2266.72	100.513
2268.65	100.584
2270.58	100.395
2272.51	100.284
2274.44	100.367
2276.37	100.481
2278.29	100.465
2280.22	100.301
2282.15	100.133
2284.08	100.12
2286.01	100.203
2287.94	100.218
2289.87	100.176
2291.8	100.196
2293.73	100.268
2295.66	100.287
2297.59	100.236
2299.52	100.222
2301.44	100.302
2303.37	100.384
2305.3	100.414
2307.23	100.524
2309.16	100.772
2311.09	100.968
2313.02	101.027
2314.95	101.144
2316.88	101.414
2318.81	101.683
2320.74	101.802
2322.66	101.738
2324.59	101.597
2326.52	101.594
2328.45	101.802
2330.38	102.008
2332.31	102.002
2334.24	101.931
2336.17	102.031
2338.1	102.275
2340.03	102.494
2341.96	102.586
2343.89	102.391
2345.81	101.88
2347.74	101.478
2349.67	101.442
2351.6	101.703
2353.53	102.143
2355.46	102.714
2357.39	103.324
2359.32	103.782
2361.25	103.963
2363.18	103.786
2365.11	103.266
2367.03	102.689
2368.96	102.201
2370.89	101.729
2372.82	101.333
2374.75	100.996
2376.68	100.652
2378.61	100.411
2380.54	100.221
2382.47	99.8534
2384.4	99.4169
2386.33	99.2124
2388.26	99.1882
2390.18	99.119
2392.11	99.0349
2394.04	99.0207
2395.97	98.9987
2397.9	98.9536
2399.83	98.9873
2401.76	99.1256
2403.69	99.2729
2405.62	99.2845
2407.55	99.1208
2409.48	98.9589
2411.4	98.9641
2413.33	99.0473
2415.26	99.0536
2417.19	99.0025
2419.12	98.9946
2421.05	99.0416
2422.98	99.0702
2424.91	99.0443
2426.84	99.0393
2428.77	99.1048
2430.7	99.1227
2432.62	99.0098
2434.55	98.9296
2436.48	99.025
2438.41	99.1438
2440.34	99.1086
2442.27	99.0221
2444.2	99.0635
2446.13	99.1918
2448.06	99.2122
2449.99	99.0552
2451.92	98.9002
2453.85	98.945
2455.77	99.1074
2457.7	99.1655
2459.63	99.118
2461.56	99.1085
2463.49	99.1163
2465.42	99.0503
2467.35	98.9886
2469.28	99.0311
2471.21	99.087
2473.14	99.0554
2475.07	99.035
2476.99	99.1332
2478.92	99.244
2480.85	99.2125
2482.78	99.0805
2484.71	99.0201
2486.64	99.1104
2488.57	99.2596
2490.5	99.3278
2492.43	99.2949
2494.36	99.2409
2496.29	99.2013
2498.22	99.1776
2500.14	99.21
2502.07	99.2839
2504	99.2921
2505.93	99.2142
2507.86	99.1587
2509.79	99.1639
2511.72	99.1647
2513.65	99.167
2515.58	99.2357
2517.51	99.3237
2519.44	99.3229
2521.36	99.2519
2523.29	99.2231
2525.22	99.2797
2527.15	99.364
2529.08	99.3642
2531.01	99.2058
2532.94	98.9985
2534.87	98.9729
2536.8	99.1677
2538.73	99.3548
2540.66	99.3495
2542.58	99.2028
2544.51	99.081
2546.44	99.0991
2548.37	99.2204
2550.3	99.2991
2552.23	99.3034
2554.16	99.3523
2556.09	99.4497
2558.02	99.4679
2559.95	99.4202
2561.88	99.4198
2563.81	99.4453
2565.73	99.4356
2567.66	99.432
2569.59	99.4458
2571.52	99.4112
2573.45	99.3321
2575.38	99.297
2577.31	99.3599
2579.24	99.4854
2581.17	99.5914
2583.1	99.6462
2585.03	99.6914
2586.95	99.7503
2588.88	99.8018
2590.81	99.8302
2592.74	99.8111
2594.67	99.7379
2596.6	99.6735
2598.53	99.632
2600.46	99.5038
2602.39	99.2761
2604.32	99.153
2606.25	99.2736
2608.18	99.4757
2610.1	99.5062
2612.03	99.3656
2613.96	99.2692
2615.89	99.2817
2617.82	99.2319
2619.75	99.0822
2621.68	99.0582
2623.61	99.2288
2625.54	99.327
2627.47	99.1814
2629.4	98.963
2631.32	98.873
2633.25	98.9105
2635.18	98.993
2637.11	99.0718
2639.04	99.1286
2640.97	99.162
2642.9	99.1722
2644.83	99.1547
2646.76	99.1092
2648.69	99.0351
2650.62	98.9547
2652.54	98.9303
2654.47	98.9884
2656.4	99.054
2658.33	99.0256
2660.26	98.9002
2662.19	98.7833
2664.12	98.7652
2666.05	98.8218
2667.98	98.8745
2669.91	98.8879
2671.84	98.8544
2673.77	98.7854
2675.69	98.7452
2677.62	98.7632
2679.55	98.766
2681.48	98.7239
2683.41	98.7239
2685.34	98.7936
2687.27	98.8453
2689.2	98.8466
2691.13	98.8421
2693.06	98.8191
2694.99	98.7356
2696.91	98.6355
2698.84	98.602
2700.77	98.6378
2702.7	98.6627
2704.63	98.6108
2706.56	98.5202
2708.49	98.4968
2710.42	98.5544
2712.35	98.5876
2714.28	98.5643
2716.21	98.564
2718.14	98.568
2720.06	98.4792
2721.99	98.3736
2723.92	98.4037
2725.85	98.4902
2727.78	98.4763
2729.71	98.4517
2731.64	98.5387
2733.57	98.5952
2735.5	98.5049
2737.43	98.4343
2739.36	98.4881
2741.28	98.5035
2743.21	98.3934
2745.14	98.2936
2747.07	98.2822
2749	98.2956
2750.93	98.2926
2752.86	98.2847
2754.79	98.2966
2756.72	98.3619
2758.65	98.4676
2760.58	98.5538
2762.51	98.592
2764.43	98.5679
2766.36	98.4667
2768.29	98.3402
2770.22	98.2581
2772.15	98.2218
2774.08	98.2305
2776.01	98.2878
2777.94	98.3252
2779.87	98.2942
2781.8	98.2432
2783.73	98.1909
2785.65	98.1036
2787.58	98.0047
2789.51	97.9541
2791.44	97.9898
2793.37	98.0938
2795.3	98.1408
2797.23	98.0606
2799.16	98.02
2801.09	98.1336
2803.02	98.197
2804.95	98.0418
2806.87	97.8397
2808.8	97.7963
2810.73	97.8659
2812.66	97.8965
2814.59	97.8452
2816.52	97.7821
2818.45	97.748
2820.38	97.703
2822.31	97.6391
2824.24	97.5983
2826.17	97.5621
2828.1	97.4664
2830.02	97.2848
2831.95	97.0429
2833.88	96.8325
2835.81	96.7381
2837.74	96.7194
2839.67	96.6973
2841.6	96.6479
2843.53	96.5275
2845.46	96.3397
2847.39	96.1926
2849.32	96.0544
2851.24	95.7587
2853.17	95.3492
2855.1	94.956
2857.03	94.5055
2858.96	93.9599
2860.89	93.458
2862.82	93.0369
2864.75	92.6521
2866.68	92.3687
2868.61	92.1831
2870.54	91.9601
2872.47	91.7268
2874.39	91.6731
2876.32	91.8543
2878.25	92.1505
2880.18	92.4505
2882.11	92.7485
2884.04	93.0566
2885.97	93.2793
2887.9	93.3306
2889.83	93.2964
2891.76	93.2652
2893.69	93.2229
2895.61	93.2467
2897.54	93.4004
2899.47	93.4945
2901.4	93.3926
2903.33	93.2765
2905.26	93.2732
2907.19	93.2584
2909.12	93.1424
2911.05	92.9704
2912.98	92.8194
2914.91	92.7385
2916.83	92.6197
2918.76	92.277
2920.69	91.7837
2922.62	91.3436
2924.55	90.8649
2926.48	90.1676
2928.41	89.4432
2930.34	89.0284
2932.27	88.9418
2934.2	89.012
2936.13	89.224
2938.06	89.6266
2939.98	90.0887
2941.91	90.4173
2943.84	90.557
2945.77	90.4956
2947.7	90.1822
2949.63	89.673
2951.56	89.118
2953.49	88.5409
2955.42	87.9016
2957.35	87.3631
2959.28	87.1775
2961.2	87.3676
2963.13	87.8392
2965.06	88.6287
2966.99	89.7057
2968.92	90.7847
2970.85	91.6333
2972.78	92.2765
2974.71	92.755
2976.64	93.0831
2978.57	93.3779
2980.5	93.6665
2982.43	93.8517
2984.35	94.0309
2986.28	94.3574
2988.21	94.6984
2990.14	94.9756
2992.07	95.4053
2994	95.9478
2995.93	96.2349
2997.86	96.2787
2999.79	96.4415
3001.72	96.781
3003.65	97.1225
3005.57	97.4297
3007.5	97.6928
3009.43	97.8569
3011.36	97.966
3013.29	98.0774
3015.22	98.1544
3017.15	98.176
3019.08	98.2065
3021.01	98.3672
3022.94	98.7092
3024.87	99.0271
3026.79	99.0499
3028.72	98.8661
3030.65	98.7811
3032.58	98.8404
3034.51	98.867
3036.44	98.8405
3038.37	98.91
3040.3	99.0699
3042.23	99.0753
3044.16	98.8077
3046.09	98.5259
3048.02	98.5326
3049.94	98.7859
3051.87	99.0594
3053.8	99.2555
3055.73	99.3649
3057.66	99.3324
3059.59	99.1247
3061.52	98.8746
3063.45	98.8471
3065.38	99.1321
3067.31	99.4458
3069.24	99.4922
3071.16	99.3774
3073.09	99.3279
3075.02	99.2603
3076.95	99.0284
3078.88	98.8116
3080.81	98.8572
3082.74	99.0848
3084.67	99.219
3086.6	99.1241
3088.53	98.8961
3090.46	98.7483
3092.39	98.7779
3094.31	98.8527
3096.24	98.8234
3098.17	98.7203
3100.1	98.6183
3102.03	98.518
3103.96	98.4574
3105.89	98.5443
3107.82	98.7648
3109.75	98.9006
3111.68	98.8304
3113.61	98.7825
3115.53	98.9435
3117.46	99.0609
3119.39	98.9184
3121.32	98.7656
3123.25	98.7868
3125.18	98.7703
3127.11	98.6348
3129.04	98.5805
3130.97	98.6523
3132.9	98.7705
3134.83	98.9366
3136.75	99.0401
3138.68	98.9495
3140.61	98.847
3142.54	98.9149
3144.47	98.9433
3146.4	98.769
3148.33	98.628
3150.26	98.6846
3152.19	98.7585
3154.12	98.7199
3156.05	98.6792
3157.98	98.7248
3159.9	98.7669
3161.83	98.7005
3163.76	98.6279
3165.69	98.7412
3167.62	98.9582
3169.55	99.0249
3171.48	98.9733
3173.41	98.9844
3175.34	98.9701
3177.27	98.8111
3179.2	98.6526
3181.12	98.6045
3183.05	98.5866
3184.98	98.5695
3186.91	98.597
3188.84	98.676
3190.77	98.7741
3192.7	98.7788
3194.63	98.6195
3196.56	98.4654
3198.49	98.4649
3200.42	98.4879
3202.35	98.4574
3204.27	98.5193
3206.2	98.7001
3208.13	98.8191
3210.06	98.7617
3211.99	98.581
3213.92	98.4166
3215.85	98.3693
3217.78	98.3886
3219.71	98.3845
3221.64	98.3987
3223.57	98.4963
3225.49	98.6131
3227.42	98.6453
3229.35	98.5528
3231.28	98.3408
3233.21	98.1092
3235.14	98.0797
3237.07	98.3137
3239	98.5015
3240.93	98.4016
3242.86	98.2372
3244.79	98.2463
3246.72	98.3229
3248.64	98.3818
3250.57	98.4619
3252.5	98.4794
3254.43	98.4336
3256.36	98.5183
3258.29	98.7225
3260.22	98.8034
3262.15	98.6519
3264.08	98.3507
3266.01	98.0931
3267.94	98.0487
3269.86	98.1235
3271.79	98.1623
3273.72	98.264
3275.65	98.4429
3277.58	98.4519
3279.51	98.3091
3281.44	98.3023
3283.37	98.3993
3285.3	98.3614
3287.23	98.2224
3289.16	98.1037
3291.08	97.9614
3293.01	97.8274
3294.94	97.8449
3296.87	97.9895
3298.8	98.1018
3300.73	98.103
3302.66	98.0154
3304.59	97.9313
3306.52	97.9322
3308.45	97.9455
3310.38	97.8774
3312.31	97.8113
3314.23	97.7951
3316.16	97.7085
3318.09	97.5673
3320.02	97.5404
3321.95	97.6124
3323.88	97.6539
3325.81	97.6771
3327.74	97.7037
3329.67	97.6734
3331.6	97.6235
3333.53	97.6236
3335.45	97.5962
3337.38	97.4901
3339.31	97.4198
3341.24	97.4565
3343.17	97.5452
3345.1	97.6223
3347.03	97.5995
3348.96	97.4266
3350.89	97.2732
3352.82	97.3136
3354.75	97.4383
3356.68	97.4765
3358.6	97.4259
3360.53	97.3121
3362.46	97.1766
3364.39	97.1309
3366.32	97.1405
3368.25	97.0593
3370.18	96.9738
3372.11	97.058
3374.04	97.2057
3375.97	97.2637
3377.9	97.331
3379.82	97.4791
3381.75	97.5667
3383.68	97.4939
3385.61	97.2815
3387.54	96.9816
3389.47	96.7783
3391.4	96.8532
3393.33	97.0193
3395.26	96.9787
3397.19	96.8691
3399.12	96.9434
3401.04	97.0392
3402.97	96.9359
3404.9	96.8129
3406.83	96.9273
3408.76	97.1923
3410.69	97.3195
3412.62	97.1934
3414.55	96.9845
3416.48	96.8829
3418.41	96.8653
3420.34	96.8491
3422.27	96.851
3424.19	96.8518
3426.12	96.7879
3428.05	96.6917
3429.98	96.6524
3431.91	96.7511
3433.84	96.9654
3435.77	97.0822
3437.7	97.0149
3439.63	96.9848
3441.56	97.0551
3443.49	97.049
3445.41	97.0636
3447.34	97.2812
3449.27	97.4322
3451.2	97.233
3453.13	96.9234
3455.06	96.846
3456.99	96.9844
3458.92	97.1284
3460.85	97.2135
3462.78	97.3099
3464.71	97.3555
3466.64	97.1933
3468.56	96.978
3470.49	97.0848
3472.42	97.4586
3474.35	97.5943
3476.28	97.2642
3478.21	96.7866
3480.14	96.5205
3482.07	96.559
3484	96.8362
3485.93	97.2092
3487.86	97.4442
3489.78	97.377
3491.71	97.1844
3493.64	97.1568
3495.57	97.2514
3497.5	97.2765
3499.43	97.2962
3501.36	97.3796
3503.29	97.3199
3505.22	97.0225
3507.15	96.7236
3509.08	96.5826
3511	96.5354
3512.93	96.5264
3514.86	96.652
3516.79	97.0089
3518.72	97.4179
3520.65	97.4974
3522.58	97.1422
3524.51	96.6887
3526.44	96.5019
3528.37	96.61
3530.3	96.7848
3532.23	96.8375
3534.15	96.8283
3536.08	96.9051
3538.01	97.0219
3539.94	97.0062
3541.87	96.7749
3543.8	96.3601
3545.73	96.049
3547.66	96.2635
3549.59	96.874
3551.52	97.2992
3553.45	97.2797
3555.37	97.0967
3557.3	96.9572
3559.23	96.7182
3561.16	96.3553
3563.09	96.1744
3565.02	96.4351
3566.95	97.0136
3568.88	97.3451
3570.81	97.2145
3572.74	96.9837
3574.67	96.9568
3576.6	97.1674
3578.52	97.4642
3580.45	97.6663
3582.38	97.6776
3584.31	97.6856
3586.24	97.9823
3588.17	98.3296
3590.1	98.2187
3592.03	97.994
3593.96	98.1407
3595.89	98.4867
3597.82	98.6586
3599.74	98.7246
3601.67	98.7479
3603.6	98.6819
3605.53	98.7011
3607.46	98.8868
3609.39	98.9828
3611.32	98.9236
3613.25	98.9788
3615.18	99.2028
3617.11	99.4339
3619.04	99.5308
3620.97	99.3931
3622.89	99.1974
3624.82	99.221
3626.75	99.3867
3628.68	99.2813
3630.61	98.9253
3632.54	98.8816
3634.47	99.1087
3636.4	99.2784
3638.33	99.3169
3640.26	99.3157
3642.19	99.2197
3644.11	99.0174
3646.04	99.0346
3647.97	99.6807
3649.9	100.475
3651.83	100.34
3653.76	99.7804
3655.69	99.478
3657.62	99.3774
3659.55	99.186
3661.48	99.0998
3663.41	99.3155
3665.33	99.4664
3667.26	99.3372
3669.19	99.4058
3671.12	99.8402
3673.05	99.8559
3674.98	99.341
3676.91	99.1336
3678.84	99.3915
3680.77	99.5126
3682.7	99.4336
3684.63	99.3828
3686.56	99.4526
3688.48	99.5999
3690.41	99.6878
3692.34	99.629
3694.27	99.5437
3696.2	99.5666
3698.13	99.7349
3700.06	99.9188
3701.99	99.908
3703.92	99.74
3705.85	99.6342
3707.78	99.6003
3709.7	99.6464
3711.63	99.8683
3713.56	99.9598
3715.49	99.7325
3717.42	99.5554
3719.35	99.6385
3721.28	99.7235
3723.21	99.6959
3725.14	99.8557
3727.07	100.204
3729	100.388
3730.93	100.277
3732.85	100.033
3734.78	100.022
3736.71	100.217
3738.64	100.042
3740.57	99.608
3742.5	99.4868
3744.43	99.8793
3746.36	100.079
3748.29	99.7999
3750.22	99.6321
3752.15	99.8278
3754.07	99.9378
3756	99.8198
3757.93	99.6847
3759.86	99.6057
3761.79	99.5061
3763.72	99.4347
3765.65	99.5223
3767.58	99.7347
3769.51	99.9082
3771.44	99.9357
3773.37	99.8047
3775.29	99.6446
3777.22	99.6237
3779.15	99.6907
3781.08	99.6094
3783.01	99.4175
3784.94	99.3218
3786.87	99.343
3788.8	99.4262
3790.73	99.5706
3792.66	99.7093
3794.59	99.736
3796.52	99.6574
3798.44	99.5691
3800.37	99.5261
3802.3	99.5103
3804.23	99.4865
3806.16	99.522
3808.09	99.6533
3810.02	99.6921
3811.95	99.5463
3813.88	99.3485
3815.81	99.1955
3817.74	99.1206
3819.66	99.2686
3821.59	99.6667
3823.52	99.8854
3825.45	99.7345
3827.38	99.4861
3829.31	99.3525
3831.24	99.4005
3833.17	99.5749
3835.1	99.6966
3837.03	99.6935
3838.96	99.7303
3840.89	99.7928
3842.81	99.6575
3844.74	99.3868
3846.67	99.2262
3848.6	99.2266
3850.53	99.304
3852.46	99.5311
3854.39	99.9366
3856.32	100.04
3858.25	99.7768
3860.18	99.564
3862.11	99.7058
3864.03	99.9465
3865.96	99.8218
3867.89	99.5695
3869.82	99.6027
3871.75	99.7267
3873.68	99.5933
3875.61	99.3637
3877.54	99.2773
3879.47	99.365
3881.4	99.5678
3883.33	99.7883
3885.25	99.8835
3887.18	99.7605
3889.11	99.5553
3891.04	99.4948
3892.97	99.6263
3894.9	99.7847
3896.83	99.8752
3898.76	99.865
3900.69	99.6903
3902.62	99.5347
3904.55	99.655
3906.48	99.8515
3908.4	99.8639
3910.33	99.7921
3912.26	99.7611
3914.19	99.7333
3916.12	99.6937
3918.05	99.6455
3919.98	99.5095
3921.91	99.3559
3923.84	99.3672
3925.77	99.4871
3927.7	99.531
3929.62	99.552
3931.55	99.6293
3933.48	99.6603
3935.41	99.6289
3937.34	99.5889
3939.27	99.4605
3941.2	99.2752
3943.13	99.2676
3945.06	99.4587
3946.99	99.6457
3948.92	99.7561
3950.85	99.7533
3952.77	99.6045
3954.7	99.4623
3956.63	99.44
3958.56	99.428
3960.49	99.4111
3962.42	99.5264
3964.35	99.6602
3966.28	99.5663
3968.21	99.3432
3970.14	99.2812
3972.07	99.3817
3973.99	99.4332
3975.92	99.4343
3977.85	99.5231
3979.78	99.6213
3981.71	99.577
3983.64	99.4729
3985.57	99.4354
3987.5	99.4145
3989.43	99.3569
3991.36	99.2883
3993.29	99.2431
3995.22	99.2827
3997.14	99.3948
