499.643	87.871
501.572	89.0398
503.501	88.4402
505.43	87.0927
507.36	87.1418
509.289	87.8807
511.218	87.977
513.147	87.8975
515.076	88.2796
517.005	88.7968
518.934	88.9101
520.863	88.5592
522.792	88.0425
524.722	87.6677
526.651	87.5672
528.58	87.6648
530.509	87.8038
532.438	87.8495
534.367	87.8373
536.296	88.1081
538.225	88.883
540.155	89.6981
542.084	89.9038
544.013	89.6698
545.942	89.6614
547.871	90.0057
549.8	90.2839
551.729	90.2058
553.658	89.921
555.588	89.8463
557.517	90.1294
559.446	90.4213
561.375	90.4192
563.304	90.2286
565.233	90.1531
567.162	90.4473
569.091	90.9083
571.021	90.9445
572.95	90.6223
574.879	90.5477
576.808	90.6431
578.737	90.4848
580.666	90.2895
582.595	90.1818
584.524	89.7243
586.454	88.893
588.383	88.1476
590.312	87.5723
592.241	87.0685
594.17	86.8543
596.099	87.0118
598.028	87.2326
599.957	87.3058
601.887	87.3258
603.816	87.4423
605.745	87.763
607.674	88.3197
609.603	88.9509
611.532	89.4677
613.461	89.8881
615.39	90.237
617.32	90.369
619.249	90.2344
621.178	90.0316
623.107	89.9714
625.036	90.0977
626.965	90.2468
628.894	90.1828
630.823	89.8522
632.753	89.4226
634.682	89.0498
636.611	88.6624
638.54	88.0314
640.469	87.0012
642.398	85.6106
644.327	84.0771
646.256	82.6598
648.186	81.5851
650.115	81.033
652.044	80.9661
653.973	81.2365
655.902	81.7228
657.831	82.3009
659.76	83.1102
661.689	84.317
663.619	85.5971
665.548	86.9165
667.477	88.7962
669.406	90.4893
671.335	90.9502
673.264	91.225
675.193	91.7517
677.122	92.1792
679.052	92.3914
680.981	92.6241
682.91	92.8749
684.839	93.0776
686.768	93.2925
688.697	93.4286
690.626	93.3721
692.555	93.3014
694.485	93.4168
696.414	93.6023
698.343	93.6387
700.272	93.5391
702.201	93.4694
704.13	93.503
706.059	93.5722
707.988	93.5892
709.917	93.5613
711.847	93.5642
713.776	93.6282
715.705	93.7179
717.634	93.8023
719.563	93.8496
721.492	93.8021
723.421	93.6664
725.35	93.5357
727.28	93.4408
729.209	93.2855
731.138	93.0102
733.067	92.7067
734.996	92.4733
736.925	92.2951
738.854	92.1346
740.783	91.9881
742.713	91.825
744.642	91.6291
746.571	91.4922
748.5	91.5221
750.429	91.6796
752.358	91.8482
754.287	92.0268
756.216	92.2696
758.146	92.5013
760.075	92.6223
762.004	92.6892
763.933	92.7824
765.862	92.868
767.791	92.9186
769.72	92.9734
771.649	93.0397
773.579	93.0881
775.508	93.1045
777.437	93.0737
779.366	92.9953
781.295	92.9163
783.224	92.8633
785.153	92.7861
787.082	92.6282
789.012	92.3937
790.941	92.0938
792.87	91.6765
794.799	91.0665
796.728	90.2577
798.657	89.3014
800.586	88.1792
802.515	86.7358
804.445	84.7491
806.374	82.0179
808.303	78.5445
810.232	74.919
812.161	72.3324
814.09	71.7588
816.019	73.2071
817.948	75.9171
819.878	78.9779
821.807	81.7002
823.736	83.7998
825.665	85.3778
827.594	86.6005
829.523	87.4819
831.452	88.0182
833.381	88.299
835.311	88.3911
837.24	88.2817
839.169	87.9725
841.098	87.5051
843.027	86.9251
844.956	86.3456
846.885	85.9668
848.814	85.9023
850.744	86.0692
852.673	86.3355
854.602	86.674
856.531	87.0951
858.46	87.5265
860.389	87.8532
862.318	88.0436
864.247	88.1312
866.177	88.0861
868.106	87.8466
870.035	87.443
871.964	86.9362
873.893	86.3205
875.822	85.6096
877.751	84.9032
879.68	84.309
881.609	83.8967
883.539	83.708
885.468	83.7188
887.397	83.8156
889.326	83.8746
891.255	83.8655
893.184	83.8586
895.113	83.9439
897.042	84.1881
898.972	84.6597
900.901	85.4098
902.83	86.394
904.759	87.47
906.688	88.4793
908.617	89.2884
910.546	89.7986
912.475	89.9962
914.405	89.9431
916.334	89.6685
918.263	89.1393
920.192	88.3261
922.121	87.1895
924.05	85.6371
925.979	83.561
927.908	80.8816
929.838	77.6139
931.767	73.974
933.696	70.3466
935.625	67.1359
937.554	64.693
939.483	63.2609
941.412	62.8579
943.341	63.2741
945.271	64.2359
947.2	65.5592
949.129	67.1622
951.058	68.979
952.987	70.8966
954.916	72.7915
956.845	74.5768
958.774	76.2097
960.704	77.744
962.633	79.3645
964.562	81.2539
966.491	83.3998
968.42	85.5767
970.349	87.5098
972.278	89.0359
974.207	90.1465
976.137	90.9182
978.066	91.4065
979.995	91.5976
981.924	91.4619
983.853	91.0208
985.782	90.3556
987.711	89.6198
989.64	89.0199
991.57	88.6464
993.499	88.3273
995.428	87.7315
997.357	86.5884
999.286	84.8608
1001.22	82.8649
1003.14	81.1551
1005.07	80.1064
1007	79.6882
1008.93	79.7317
1010.86	80.205
1012.79	81.0677
1014.72	82.0318
1016.65	82.6734
1018.58	82.7384
1020.51	82.2003
1022.44	81.0907
1024.36	79.5108
1026.29	77.8224
1028.22	76.5144
1030.15	75.7207
1032.08	75.1078
1034.01	74.3596
1035.94	73.5124
1037.87	72.7462
1039.8	72.1628
1041.73	71.8476
1043.66	71.9114
1045.58	72.3935
1047.51	73.2121
1049.44	74.1911
1051.37	75.1116
1053.3	75.8102
1055.23	76.289
1057.16	76.7143
1059.09	77.256
1061.02	77.8976
1062.95	78.4139
1064.88	78.5545
1066.81	78.2829
1068.73	77.8758
1070.66	77.7475
1072.59	78.1173
1074.52	78.8842
1076.45	79.8251
1078.38	80.7939
1080.31	81.702
1082.24	82.4531
1084.17	82.9675
1086.1	83.2083
1088.03	83.1792
1089.95	82.9091
1091.88	82.4027
1093.81	81.648
1095.74	80.697
1097.67	79.6404
1099.6	78.5017
1101.53	77.2609
1103.46	75.9284
1105.39	74.5015
1107.32	72.9425
1109.25	71.2536
1111.18	69.4815
1113.1	67.6562
1115.03	65.7882
1116.96	63.8918
1118.89	61.9896
1120.82	60.1274
1122.75	58.36
1124.68	56.6949
1126.61	55.061
1128.54	53.3175
1130.47	51.2889
1132.4	48.8429
1134.32	45.987
1136.25	42.9012
1138.18	39.8585
1140.11	37.1281
1142.04	34.9517
1143.97	33.5072
1145.9	32.8388
1147.83	32.8943
1149.76	33.6108
1151.69	34.9044
1153.62	36.6559
1155.55	38.7539
1157.47	41.089
1159.4	43.5286
1161.33	45.9401
1163.26	48.2066
1165.19	50.2376
1167.12	51.9927
1169.05	53.4806
1170.98	54.7661
1172.91	55.9691
1174.84	57.1915
1176.77	58.4826
1178.69	59.9059
1180.62	61.5254
1182.55	63.3095
1184.48	65.1672
1186.41	67.0674
1188.34	69.0304
1190.27	71.0493
1192.2	73.1011
1194.13	75.1988
1196.06	77.3681
1197.99	79.5867
1199.91	81.7823
1201.84	83.8612
1203.77	85.7241
1205.7	87.3218
1207.63	88.6857
1209.56	89.8551
1211.49	90.9206
1213.42	92.0909
1215.35	93.3138
1217.28	94.0031
1219.21	93.822
1221.14	93.3837
1223.06	93.3894
1224.99	93.7278
1226.92	93.9149
1228.85	93.7627
1230.78	93.2776
1232.71	92.471
1234.64	91.4502
1236.57	90.362
1238.5	89.3108
1240.43	88.4024
1242.36	87.7088
1244.28	87.2443
1246.21	87.0352
1248.14	87.0937
1250.07	87.3737
1252	87.8155
1253.93	88.3228
1255.86	88.7387
1257.79	88.9602
1259.72	88.9863
1261.65	88.8225
1263.58	88.4588
1265.51	87.9342
1267.43	87.3189
1269.36	86.6389
1271.29	85.8815
1273.22	85.064
1275.15	84.2207
1277.08	83.3222
1279.01	82.2559
1280.94	80.8391
1282.87	78.8077
1284.8	75.8443
1286.73	71.7583
1288.65	66.8788
1290.58	62.2848
1292.51	59.3095
1294.44	58.7284
1296.37	60.4371
1298.3	63.6596
1300.23	67.364
1302.16	70.6541
1304.09	73.0013
1306.02	74.21
1307.95	74.2743
1309.87	73.4138
1311.8	72.1814
1313.73	71.2669
1315.66	70.95
1317.59	70.9767
1319.52	71.1705
1321.45	71.7502
1323.38	72.9439
1325.31	74.7204
1327.24	76.8744
1329.17	79.1999
1331.1	81.5918
1333.02	83.8451
1334.95	85.6602
1336.88	86.9906
1338.81	87.9827
1340.74	88.7177
1342.67	89.3192
1344.6	90.0302
1346.53	91.003
1348.46	92.1259
1350.39	93.0984
1352.32	93.7499
1354.24	94.1256
1356.17	94.2796
1358.1	94.2279
1360.03	94.0142
1361.96	93.5606
1363.89	92.6163
1365.82	91.2305
1367.75	90.008
1369.68	89.6394
1371.61	89.9952
1373.54	90.0988
1375.47	89.4306
1377.39	88.6365
1379.32	88.3721
1381.25	88.6268
1383.18	89.0917
1385.11	89.5389
1387.04	89.8426
1388.97	89.8838
1390.9	89.7094
1392.83	89.4141
1394.76	89.0028
1396.69	88.4368
1398.61	87.6938
1400.54	86.9793
1402.47	86.661
1404.4	86.915
1406.33	87.5696
1408.26	88.2615
1410.19	88.8952
1412.12	89.487
1414.05	89.924
1415.98	90.2232
1417.91	90.4677
1419.83	90.5734
1421.76	90.4916
1423.69	90.2708
1425.62	89.9407
1427.55	89.4997
1429.48	88.7956
1431.41	87.8081
1433.34	86.801
1435.27	85.7787
1437.2	84.6753
1439.13	83.8459
1441.06	83.3357
1442.98	82.8568
1444.91	82.2618
1446.84	81.4338
1448.77	80.2929
1450.7	79.2634
1452.63	78.8964
1454.56	79.2698
1456.49	80.5849
1458.42	82.5005
1460.35	83.8118
1462.28	84.8436
1464.2	86.1653
1466.13	87.5312
1468.06	88.4888
1469.99	89.3464
1471.92	90.3549
1473.85	91.1556
1475.78	91.5715
1477.71	91.939
1479.64	92.3365
1481.57	92.7521
1483.5	93.2026
1485.43	93.6544
1487.35	94.1477
1489.28	94.7375
1491.21	95.2
1493.14	95.4464
1495.07	95.7011
1497	96.0824
1498.93	96.4205
1500.86	96.5695
1502.79	96.6534
1504.72	96.8217
1506.65	97.1411
1508.57	97.312
1510.5	97.2355
1512.43	97.1741
1514.36	97.2213
1516.29	97.3352
1518.22	97.4384
1520.15	97.51
1522.08	97.5344
1524.01	97.5251
1525.94	97.5073
1527.87	97.4552
1529.8	97.3965
1531.72	97.4133
1533.65	97.4784
1535.58	97.465
1537.51	97.4401
1539.44	97.5639
1541.37	97.7215
1543.3	97.6351
1545.23	97.4723
1547.16	97.3708
1549.09	97.3498
1551.02	97.3781
1552.94	97.3775
1554.87	97.3502
1556.8	97.4281
1558.73	97.6166
1560.66	97.568
1562.59	97.3666
1564.52	97.2291
1566.45	97.1897
1568.38	97.2144
1570.31	97.1958
1572.24	97.1174
1574.16	97.073
1576.09	97.071
1578.02	97.0229
1579.95	96.942
1581.88	96.8775
1583.81	96.8046
1585.74	96.6974
1587.67	96.5798
1589.6	96.5012
1591.53	96.4872
1593.46	96.4905
1595.39	96.4505
1597.31	96.3715
1599.24	96.2847
1601.17	96.1942
1603.1	96.0781
1605.03	95.9286
1606.96	95.7824
1608.89	95.6317
1610.82	95.4189
1612.75	95.1957
1614.68	94.9722
1616.61	94.5415
1618.53	93.927
1620.46	93.321
1622.39	92.4837
1624.32	91.3587
1626.25	90.2756
1628.18	89.05
1630.11	87.5707
1632.04	86.2737
1633.97	85.1146
1635.9	83.6373
1637.83	82.8143
1639.76	83.9371
1641.68	86.4212
1643.61	89.1599
1645.54	91.6694
1647.47	93.6137
1649.4	94.4782
1651.33	94.803
1653.26	95.3153
1655.19	95.6885
1657.12	95.6069
1659.05	95.4915
1660.98	95.4556
1662.9	95.378
1664.83	95.1844
1666.76	94.9965
1668.69	94.8986
1670.62	94.762
1672.55	94.4794
1674.48	94.0838
1676.41	93.5173
1678.34	92.9467
1680.27	92.5394
1682.2	92.101
1684.12	91.4603
1686.05	90.7425
1687.98	89.8058
1689.91	88.6055
1691.84	87.2777
1693.77	85.5802
1695.7	83.3425
1697.63	80.8364
1699.56	77.6215
1701.49	73.632
1703.42	70.0578
1705.35	66.605
1707.27	62.6362
1709.2	59.0172
1711.13	56.2029
1713.06	53.7392
1714.99	51.9813
1716.92	51.3862
1718.85	51.3379
1720.78	52.2
1722.71	54.5291
1724.64	57.9954
1726.57	62.3536
1728.49	67.2903
1730.42	72.22
1732.35	77.3717
1734.28	83.1796
1736.21	87.9096
1738.14	90.7407
1740.07	92.8105
1742	94.6855
1743.93	96.0743
1745.86	97.1472
1747.79	98.2428
1749.72	99.1917
1751.64	99.8353
1753.57	100.266
1755.5	100.486
1757.43	100.603
1759.36	100.687
1761.29	100.579
1763.22	100.272
1765.15	99.9355
1767.08	99.6247
1769.01	99.4133
1770.94	99.344
1772.86	99.2168
1774.79	98.9435
1776.72	98.6949
1778.65	98.5579
1780.58	98.5171
1782.51	98.4749
1784.44	98.3788
1786.37	98.3316
1788.3	98.3828
1790.23	98.463
1792.16	98.5225
1794.08	98.4965
1796.01	98.3921
1797.94	98.3266
1799.87	98.3417
1801.8	98.3649
1803.73	98.3499
1805.66	98.2939
1807.59	98.2239
1809.52	98.2124
1811.45	98.248
1813.38	98.2796
1815.31	98.367
1817.23	98.4952
1819.16	98.5255
1821.09	98.4864
1823.02	98.4983
1824.95	98.5197
1826.88	98.4707
1828.81	98.3933
1830.74	98.3764
1832.67	98.4472
1834.6	98.5317
1836.53	98.5611
1838.45	98.5476
1840.38	98.5402
1842.31	98.5668
1844.24	98.6145
1846.17	98.604
1848.1	98.5607
1850.03	98.6188
1851.96	98.7721
1853.89	98.8803
1855.82	98.906
1857.75	98.8978
1859.68	98.8644
1861.6	98.8311
1863.53	98.8564
1865.46	98.9595
1867.39	99.0955
1869.32	99.1267
1871.25	98.9771
1873.18	98.8011
1875.11	98.7598
1877.04	98.843
1878.97	98.8987
1880.9	98.8692
1882.82	98.8794
1884.75	98.9862
1886.68	99.0427
1888.61	98.9726
1890.54	98.9399
1892.47	99.0412
1894.4	99.1241
1896.33	99.1019
1898.26	99.1061
1900.19	99.1992
1902.12	99.2384
1904.05	99.1363
1905.97	99
1907.9	98.9578
1909.83	99.0518
1911.76	99.2049
1913.69	99.2592
1915.62	99.1975
1917.55	99.162
1919.48	99.1817
1921.41	99.165
1923.34	99.1552
1925.27	99.2087
1927.19	99.2397
1929.12	99.2246
1931.05	99.2747
1932.98	99.4403
1934.91	99.6187
1936.84	99.704
1938.77	99.7598
1940.7	99.8912
1942.63	99.9903
1944.56	99.8943
1946.49	99.6664
1948.41	99.4231
1950.34	99.2813
1952.27	99.3787
1954.2	99.5881
1956.13	99.6367
1958.06	99.5628
1959.99	99.5287
1961.92	99.4995
1963.85	99.5215
1965.78	99.7194
1967.71	99.882
1969.64	99.7265
1971.56	99.5023
1973.49	99.6517
1975.42	100.103
1977.35	100.391
1979.28	100.371
1981.21	100.281
1983.14	100.249
1985.07	100.264
1987	100.311
1988.93	100.257
1990.86	100.012
1992.78	99.8177
1994.71	99.8665
1996.64	99.9532
1998.57	99.9349
2000.5	99.9824
2002.43	100.133
2004.36	100.131
2006.29	99.9257
2008.22	99.8031
2010.15	99.9106
2012.08	100.095
2014.01	100.216
2015.93	100.226
2017.86	100.151
2019.79	100.152
2021.72	100.276
2023.65	100.314
2025.58	100.203
2027.51	100.132
2029.44	100.15
2031.37	100.147
2033.3	100.115
2035.23	100.108
2037.15	100.15
2039.08	100.167
2041.01	100.016
2042.94	99.8046
2044.87	99.8606
2046.8	100.146
2048.73	100.291
2050.66	100.257
2052.59	100.268
2054.52	100.252
2056.45	100.033
2058.37	99.774
2060.3	99.747
2062.23	99.9435
2064.16	100.164
2066.09	100.24
2068.02	100.121
2069.95	99.9379
2071.88	99.8781
2073.81	99.9607
2075.74	100.068
2077.67	100.141
2079.6	100.174
2081.52	100.131
2083.45	99.9876
2085.38	99.7961
2087.31	99.6982
2089.24	99.7666
2091.17	99.8293
2093.1	99.7182
2095.03	99.5909
2096.96	99.6295
2098.89	99.7184
2100.82	99.775
2102.74	99.9034
2104.67	100.05
2106.6	100.038
2108.53	99.8969
2110.46	99.7767
2112.39	99.7515
2114.32	99.8207
2116.25	99.8927
2118.18	99.8683
2120.11	99.7995
2122.04	99.7368
2123.97	99.6099
2125.89	99.5034
2127.82	99.6384
2129.75	99.933
2131.68	100.09
2133.61	100.071
2135.54	100.025
2137.47	99.9979
2139.4	100.003
2141.33	100.03
2143.26	99.9786
2145.19	99.8843
2147.11	99.9375
2149.04	100.091
2150.97	100.117
2152.9	100.049
2154.83	100.064
2156.76	100.098
2158.69	100.045
2160.62	100.082
2162.55	100.338
2164.48	100.57
2166.41	100.556
2168.33	100.405
2170.26	100.254
2172.19	100.127
2174.12	100.126
2176.05	100.253
2177.98	100.208
2179.91	99.9155
2181.84	99.8288
2183.77	100.163
2185.7	100.438
2187.63	100.277
2189.56	99.9691
2191.48	99.881
2193.41	99.9753
2195.34	100.041
2197.27	100
2199.2	99.9899
2201.13	100.159
2203.06	100.342
2204.99	100.283
2206.92	100.142
2208.85	100.169
2210.78	100.171
2212.7	99.9901
2214.63	99.9595
2216.56	100.248
2218.49	100.474
2220.42	100.444
2222.35	100.42
2224.28	100.383
2226.21	100.064
2228.14	99.7672
2230.07	99.9794
2232	100.413
2233.93	100.539
2235.85	100.475
2237.78	100.451
2239.71	100.329
2241.64	100.105
2243.57	99.9491
2245.5	99.8629
2247.43	99.8519
2249.36	99.9746
2251.29	100.161
2253.22	100.35
2255.15	100.5
2257.07	100.476
2259	100.341
2260.93	100.296
2262.86	100.284
2264.79	100.218
2266.72	100.266
2268.65	100.476
2270.58	100.65
2272.51	100.657
2274.44	100.532
2276.37	100.416
2278.29	100.416
2280.22	100.422
2282.15	100.347
2284.08	100.326
2286.01	100.378
2287.94	100.33
2289.87	100.218
2291.8	100.224
2293.73	100.343
2295.66	100.464
2297.59	100.526
2299.52	100.491
2301.44	100.393
2303.37	100.349
2305.3	100.436
2307.23	100.655
2309.16	100.947
2311.09	101.197
2313.02	101.37
2314.95	101.552
2316.88	101.759
2318.81	101.917
2320.74	102.013
2322.66	102.075
2324.59	102.113
2326.52	102.192
2328.45	102.399
2330.38	102.69
2332.31	102.895
2334.24	103.01
2336.17	103.191
2338.1	103.405
2340.03	103.46
2341.96	103.362
2343.89	103.127
2345.81	102.682
2347.74	102.294
2349.67	102.224
2351.6	102.456
2353.53	102.875
2355.46	103.443
2357.39	104.151
2359.32	104.837
2361.25	105.226
2363.18	105.008
2365.11	104.182
2367.03	103.378
2368.96	102.997
2370.89	102.686
2372.82	102.182
2374.75	101.599
2376.68	101.05
2378.61	100.604
2380.54	100.262
2382.47	99.934
2384.4	99.6048
2386.33	99.3444
2388.26	99.1508
2390.18	99.0109
2392.11	98.9762
2394.04	99.0103
2395.97	98.9949
2397.9	98.9515
2399.83	98.9862
2401.76	99.0606
2403.69	99.0658
2405.62	99.0182
2407.55	98.9932
2409.48	98.9749
2411.4	98.9255
2413.33	98.8959
2415.26	98.9405
2417.19	99.0288
2419.12	99.1224
2421.05	99.2064
2422.98	99.2253
2424.91	99.1585
2426.84	99.1107
2428.77	99.1351
2430.7	99.1073
2432.62	98.9859
2434.55	98.9653
2436.48	99.1217
2438.41	99.2197
2440.34	99.1104
2442.27	98.975
2444.2	98.9961
2446.13	99.1184
2448.06	99.2014
2449.99	99.1957
2451.92	99.1694
2453.85	99.1975
2455.77	99.2193
2457.7	99.133
2459.63	98.9965
2461.56	98.9389
2463.49	98.9839
2465.42	99.0809
2467.35	99.1501
2469.28	99.1112
2471.21	99.0182
2473.14	99.0139
2475.07	99.0979
2476.99	99.1815
2478.92	99.2717
2480.85	99.3397
2482.78	99.2686
2484.71	99.1248
2486.64	99.0996
2488.57	99.1525
2490.5	99.1325
2492.43	99.0857
2494.36	99.072
2496.29	99.0173
2498.22	98.9736
2500.14	99.0912
2502.07	99.2856
2504	99.3326
2505.93	99.2321
2507.86	99.1741
2509.79	99.223
2511.72	99.2515
2513.65	99.1933
2515.58	99.1677
2517.51	99.2389
2519.44	99.272
2521.36	99.18
2523.29	99.0761
2525.22	99.0894
2527.15	99.2104
2529.08	99.3128
2531.01	99.2795
2532.94	99.1609
2534.87	99.1184
2536.8	99.1961
2538.73	99.3054
2540.66	99.3648
2542.58	99.3397
2544.51	99.2798
2546.44	99.2917
2548.37	99.3431
2550.3	99.3063
2552.23	99.2496
2554.16	99.3259
2556.09	99.4446
2558.02	99.4526
2559.95	99.4229
2561.88	99.4401
2563.81	99.4338
2565.73	99.3921
2567.66	99.3834
2569.59	99.3863
2571.52	99.3542
2573.45	99.2985
2575.38	99.2519
2577.31	99.3032
2579.24	99.4987
2581.17	99.6605
2583.1	99.6251
2585.03	99.5507
2586.95	99.6334
2588.88	99.7689
2590.81	99.7735
2592.74	99.6587
2594.67	99.5512
2596.6	99.5515
2598.53	99.6486
2600.46	99.6724
2602.39	99.4918
2604.32	99.265
2606.25	99.2303
2608.18	99.3338
2610.1	99.369
2612.03	99.3287
2613.96	99.3148
2615.89	99.2988
2617.82	99.2079
2619.75	99.0847
2621.68	99.0361
2623.61	99.0898
2625.54	99.1487
2627.47	99.1311
2629.4	99.0894
2631.32	99.0713
2633.25	99.0317
2635.18	98.9919
2637.11	99.0319
2639.04	99.0983
2640.97	99.0844
2642.9	99.0186
2644.83	98.9784
2646.76	98.9657
2648.69	98.9559
2650.62	98.9427
2652.54	98.9361
2654.47	98.9643
2656.4	99.0193
2658.33	99.0267
2660.26	98.9447
2662.19	98.8381
2664.12	98.7852
2666.05	98.7845
2667.98	98.811
2669.91	98.8657
2671.84	98.903
2673.77	98.8506
2675.69	98.7555
2677.62	98.7286
2679.55	98.7455
2681.48	98.7275
2683.41	98.7286
2685.34	98.7934
2687.27	98.8121
2689.2	98.7443
2691.13	98.7173
2693.06	98.7409
2694.99	98.6785
2696.91	98.5688
2698.84	98.5843
2700.77	98.6887
2702.7	98.6968
2704.63	98.5833
2706.56	98.4798
2708.49	98.4801
2710.42	98.5569
2712.35	98.5968
2714.28	98.5537
2716.21	98.5134
2718.14	98.4951
2720.06	98.4098
2721.99	98.3126
2723.92	98.3451
2725.85	98.4393
2727.78	98.4634
2729.71	98.4787
2731.64	98.5241
2733.57	98.4864
2735.5	98.3802
2737.43	98.3522
2739.36	98.3848
2741.28	98.3655
2743.21	98.314
2745.14	98.2861
2747.07	98.2676
2749	98.2708
2750.93	98.3226
2752.86	98.376
2754.79	98.3893
2756.72	98.4103
2758.65	98.4785
2760.58	98.5321
2762.51	98.5039
2764.43	98.4439
2766.36	98.4201
2768.29	98.3754
2770.22	98.2662
2772.15	98.2096
2774.08	98.266
2776.01	98.2844
2777.94	98.1803
2779.87	98.0951
2781.8	98.1185
2783.73	98.1522
2785.65	98.1212
2787.58	98.0544
2789.51	97.9841
2791.44	97.9602
2793.37	98.0279
2795.3	98.0938
2797.23	98.0446
2799.16	97.9709
2801.09	98.0016
2803.02	98.0586
2804.95	98.0182
2806.87	97.9076
2808.8	97.8109
2810.73	97.7722
2812.66	97.7795
2814.59	97.757
2816.52	97.6822
2818.45	97.6305
2820.38	97.6039
2822.31	97.5327
2824.24	97.4544
2826.17	97.4259
2828.1	97.3624
2830.02	97.1763
2831.95	96.9305
2833.88	96.7383
2835.81	96.626
2837.74	96.5443
2839.67	96.4691
2841.6	96.4171
2843.53	96.3519
2845.46	96.2013
2847.39	95.9817
2849.32	95.7561
2851.24	95.5279
2853.17	95.2785
2855.1	94.9741
2857.03	94.5374
2858.96	93.9738
2860.89	93.4235
2862.82	92.9897
2864.75	92.6694
2866.68	92.429
2868.61	92.205
2870.54	91.9404
2872.47	91.713
2874.39	91.6812
2876.32	91.8798
2878.25	92.1895
2880.18	92.4761
2882.11	92.6881
2884.04	92.8362
2885.97	92.939
2887.9	93.0282
2889.83	93.1518
2891.76	93.2866
2893.69	93.3515
2895.61	93.3663
2897.54	93.4034
2899.47	93.4059
2901.4	93.2889
2903.33	93.1078
2905.26	92.9643
2907.19	92.9198
2909.12	92.9675
2911.05	92.935
2912.98	92.6568
2914.91	92.2954
2916.83	92.1127
2918.76	92.0123
2920.69	91.7258
2922.62	91.2436
2924.55	90.6823
2926.48	90.0436
2928.41	89.388
2930.34	88.9451
2932.27	88.8546
2934.2	89.0284
2936.13	89.3332
2938.06	89.7062
2939.98	90.0846
2941.91	90.3863
2943.84	90.528
2945.77	90.4309
2947.7	90.1031
2949.63	89.6313
2951.56	89.0189
2953.49	88.2507
2955.42	87.5193
2957.35	87.0887
2959.28	86.9971
2961.2	87.1596
2963.13	87.6289
2965.06	88.5277
2966.99	89.7677
2968.92	90.9663
2970.85	91.7699
2972.78	92.2009
2974.71	92.4721
2976.64	92.6866
2978.57	92.932
2980.5	93.2911
2982.43	93.6688
2984.35	93.9694
2986.28	94.265
2988.21	94.5541
2990.14	94.8086
2992.07	95.2196
2994	95.7923
2995.93	96.1101
2997.86	96.0869
2999.79	96.2037
3001.72	96.6251
3003.65	97.0031
3005.57	97.2443
3007.5	97.6044
3009.43	98.0575
3011.36	98.2738
3013.29	98.1722
3015.22	98.0316
3017.15	98.0562
3019.08	98.1753
3021.01	98.3211
3022.94	98.5459
3024.87	98.7829
3026.79	98.8617
3028.72	98.811
3030.65	98.8099
3032.58	98.8657
3034.51	98.8167
3036.44	98.657
3038.37	98.6038
3040.3	98.7337
3042.23	98.8239
3044.16	98.7411
3046.09	98.6492
3048.02	98.6854
3049.94	98.8112
3051.87	98.9735
3053.8	99.0979
3055.73	99.0986
3057.66	99.0333
3059.59	98.9922
3061.52	98.9618
3063.45	98.9906
3065.38	99.1232
3067.31	99.1955
3069.24	99.1342
3071.16	99.1241
3073.09	99.1421
3075.02	98.9606
3076.95	98.7221
3078.88	98.7233
3080.81	98.8374
3082.74	98.8503
3084.67	98.8534
3086.6	98.8619
3088.53	98.7536
3090.46	98.6529
3092.39	98.7179
3094.31	98.8291
3096.24	98.8662
3098.17	98.8555
3100.1	98.7876
3102.03	98.6437
3103.96	98.4652
3105.89	98.3139
3107.82	98.2572
3109.75	98.2895
3111.68	98.3856
3113.61	98.6432
3115.53	99.0126
3117.46	99.1577
3119.39	98.9849
3121.32	98.7481
3123.25	98.5351
3125.18	98.336
3127.11	98.3219
3129.04	98.5298
3130.97	98.7727
3132.9	98.9498
3134.83	98.9906
3136.75	98.8331
3138.68	98.6871
3140.61	98.7835
3142.54	98.9521
3144.47	98.9556
3146.4	98.9109
3148.33	98.931
3150.26	98.8388
3152.19	98.5947
3154.12	98.4762
3156.05	98.5752
3157.98	98.6434
3159.9	98.5746
3161.83	98.5252
3163.76	98.5572
3165.69	98.6099
3167.62	98.6822
3169.55	98.7749
3171.48	98.8471
3173.41	98.8624
3175.34	98.7669
3177.27	98.5855
3179.2	98.4956
3181.12	98.5759
3183.05	98.6879
3184.98	98.7202
3186.91	98.6904
3188.84	98.6555
3190.77	98.6841
3192.7	98.7587
3194.63	98.7449
3196.56	98.6093
3198.49	98.4534
3200.42	98.3409
3202.35	98.3594
3204.27	98.5845
3206.2	98.8035
3208.13	98.724
3210.06	98.46
3211.99	98.3292
3213.92	98.3776
3215.85	98.4853
3217.78	98.6031
3219.71	98.656
3221.64	98.5638
3223.57	98.4433
3225.49	98.4547
3227.42	98.487
3229.35	98.3615
3231.28	98.2232
3233.21	98.3007
3235.14	98.5058
3237.07	98.6558
3239	98.7288
3240.93	98.6649
3242.86	98.3806
3244.79	98.0588
3246.72	97.9779
3248.64	98.1227
3250.57	98.2782
3252.5	98.3546
3254.43	98.4293
3256.36	98.5518
3258.29	98.6474
3260.22	98.6339
3262.15	98.5133
3264.08	98.3433
3266.01	98.2249
3267.94	98.2155
3269.86	98.2145
3271.79	98.1293
3273.72	98.0316
3275.65	97.9776
3277.58	97.9544
3279.51	98.0534
3281.44	98.3114
3283.37	98.4814
3285.3	98.3491
3287.23	98.0877
3289.16	97.963
3291.08	97.947
3293.01	97.9162
3294.94	97.9073
3296.87	97.9223
3298.8	97.8676
3300.73	97.8039
3302.66	97.8244
3304.59	97.8009
3306.52	97.6596
3308.45	97.5765
3310.38	97.6595
3312.31	97.813
3314.23	97.9039
3316.16	97.8304
3318.09	97.6397
3320.02	97.5482
3321.95	97.613
3323.88	97.6502
3325.81	97.5864
3327.74	97.5395
3329.67	97.5703
3331.6	97.6049
3333.53	97.5464
3335.45	97.4081
3337.38	97.3287
3339.31	97.3465
3341.24	97.3282
3343.17	97.2815
3345.1	97.3848
3347.03	97.5567
3348.96	97.5094
3350.89	97.3138
3352.82	97.2884
3354.75	97.4031
3356.68	97.3789
3358.6	97.2131
3360.53	97.11
3362.46	97.1042
3364.39	97.1132
3366.32	97.1285
3368.25	97.1609
3370.18	97.1998
3372.11	97.2395
3374.04	97.2141
3375.97	97.0687
3377.9	96.9445
3379.82	97.0168
3381.75	97.189
3383.68	97.2396
3385.61	97.1401
3387.54	96.998
3389.47	96.8911
3391.4	96.8739
3393.33	96.9053
3395.26	96.843
3397.19	96.731
3399.12	96.7901
3401.04	96.9896
3402.97	97.0611
3404.9	96.9822
3406.83	96.9739
3408.76	97.0579
3410.69	97.0681
3412.62	97.0022
3414.55	96.9488
3416.48	96.8192
3418.41	96.5539
3420.34	96.3867
3422.27	96.4846
3424.19	96.6396
3426.12	96.7334
3428.05	96.9058
3429.98	97.0703
3431.91	97.0043
3433.84	96.8174
3435.77	96.7046
3437.7	96.6693
3439.63	96.7746
3441.56	97.0209
3443.49	97.135
3445.41	97.064
3447.34	97.0945
3449.27	97.1808
3451.2	97.003
3453.13	96.6845
3455.06	96.6143
3456.99	96.8195
3458.92	97.0259
3460.85	97.0773
3462.78	97.0479
3464.71	97.0946
3466.64	97.1717
3468.56	97.084
3470.49	96.9608
3472.42	97.1021
3474.35	97.2951
3476.28	97.117
3478.21	96.7797
3480.14	96.7508
3482.07	96.9798
3484	97.1238
3485.93	97.0884
3487.86	96.988
3489.78	96.8999
3491.71	96.8042
3493.64	96.7524
3495.57	96.9197
3497.5	97.194
3499.43	97.1806
3501.36	96.9654
3503.29	97.0566
3505.22	97.3776
3507.15	97.3308
3509.08	96.8483
3511	96.4141
3512.93	96.2963
3514.86	96.361
3516.79	96.5436
3518.72	96.856
3520.65	97.0557
3522.58	96.919
3524.51	96.7356
3526.44	96.8559
3528.37	97.0316
3530.3	96.9095
3532.23	96.6163
3534.15	96.4057
3536.08	96.3524
3538.01	96.4206
3539.94	96.4802
3541.87	96.4376
3543.8	96.3277
3545.73	96.2582
3547.66	96.4357
3549.59	96.9105
3551.52	97.2655
3553.45	97.1088
3555.37	96.7711
3557.3	96.6735
3559.23	96.6163
3561.16	96.4362
3563.09	96.4378
3565.02	96.7396
3566.95	97.0034
3568.88	97.0351
3570.81	97.0808
3572.74	97.211
3574.67	97.2806
3576.6	97.2588
3578.52	97.26
3580.45	97.311
3582.38	97.3383
3584.31	97.4117
3586.24	97.7318
3588.17	98.1475
3590.1	98.1751
3592.03	97.9984
3593.96	98.1086
3595.89	98.4591
3597.82	98.6418
3599.74	98.684
3601.67	98.7151
3603.6	98.599
3605.53	98.4585
3607.46	98.6322
3609.39	98.9561
3611.32	98.9638
3613.25	98.8062
3615.18	98.8831
3617.11	99.1528
3619.04	99.299
3620.97	99.2185
3622.89	99.1768
3624.82	99.2781
3626.75	99.2305
3628.68	98.8302
3630.61	98.6156
3632.54	98.826
3634.47	99.0856
3636.4	99.366
3638.33	99.7368
3640.26	99.9757
3642.19	99.9288
3644.11	99.715
3646.04	99.4849
3647.97	99.4539
3649.9	99.7635
3651.83	99.8023
3653.76	99.3662
3655.69	98.9719
3657.62	99.0304
3659.55	99.3019
3661.48	99.3724
3663.41	99.2152
3665.33	99.0575
3667.26	99.1034
3669.19	99.3516
3671.12	99.587
3673.05	99.7049
3674.98	99.7357
3676.91	99.6127
3678.84	99.4764
3680.77	99.4368
3682.7	99.3405
3684.63	99.1878
3686.56	99.2716
3688.48	99.6977
3690.41	99.9556
3692.34	99.7446
3694.27	99.503
3696.2	99.4756
3698.13	99.5976
3700.06	99.7227
3701.99	99.7114
3703.92	99.5725
3705.85	99.499
3707.78	99.5725
3709.7	99.7221
3711.63	99.8352
3713.56	99.7821
3715.49	99.5903
3717.42	99.4872
3719.35	99.6189
3721.28	99.7504
3723.21	99.6352
3725.14	99.5822
3727.07	99.8286
3729	99.9926
3730.93	99.8812
3732.85	99.9342
3734.78	100.506
3736.71	100.902
3738.64	100.5
3740.57	99.8339
3742.5	99.4752
3744.43	99.7037
3746.36	100.1
3748.29	100.075
3750.22	99.8382
3752.15	99.794
3754.07	99.8768
3756	99.8914
3757.93	99.8869
3759.86	99.8292
3761.79	99.6178
3763.72	99.3714
3765.65	99.2847
3767.58	99.3934
3769.51	99.5804
3771.44	99.7088
3773.37	99.7072
3775.29	99.6572
3777.22	99.68
3779.15	99.735
3781.08	99.6847
3783.01	99.5566
3784.94	99.4402
3786.87	99.37
3788.8	99.4044
3790.73	99.5261
3792.66	99.5752
3794.59	99.4768
3796.52	99.3622
3798.44	99.3258
3800.37	99.3139
3802.3	99.3294
3804.23	99.4363
3806.16	99.6332
3808.09	99.825
3810.02	99.8253
3811.95	99.6268
3813.88	99.3844
3815.81	99.2383
3817.74	99.227
3819.66	99.3502
3821.59	99.6434
3823.52	99.8975
3825.45	99.8513
3827.38	99.593
3829.31	99.4414
3831.24	99.5528
3833.17	99.6337
3835.1	99.4557
3837.03	99.3671
3838.96	99.6702
3840.89	99.8962
3842.81	99.747
3844.74	99.5663
3846.67	99.5489
3848.6	99.5545
3850.53	99.5139
3852.46	99.5877
3854.39	99.8866
3856.32	100.022
3858.25	99.8485
3860.18	99.6316
3862.11	99.6423
3864.03	99.8129
3865.96	99.7869
3867.89	99.603
3869.82	99.5685
3871.75	99.6476
3873.68	99.5939
3875.61	99.4898
3877.54	99.5078
3879.47	99.5713
3881.4	99.5099
3883.33	99.3924
3885.25	99.4027
3887.18	99.5087
3889.11	99.5852
3891.04	99.6362
3892.97	99.6632
3894.9	99.6459
3896.83	99.6482
3898.76	99.6581
3900.69	99.5539
3902.62	99.4632
3904.55	99.6271
3906.48	99.8254
3908.4	99.8035
3910.33	99.7125
3912.26	99.7111
3914.19	99.7113
3916.12	99.6111
3918.05	99.4713
3919.98	99.4087
3921.91	99.4652
3923.84	99.5603
3925.77	99.5327
3927.7	99.4105
3929.62	99.4441
3931.55	99.6852
3933.48	99.8252
3935.41	99.6891
3937.34	99.4875
3939.27	99.3932
3941.2	99.3776
3943.13	99.409
3945.06	99.5022
3946.99	99.6061
3948.92	99.658
3950.85	99.6373
3952.77	99.5405
3954.7	99.4452
3956.63	99.4643
3958.56	99.5454
3960.49	99.5588
3962.42	99.5454
3964.35	99.5527
3966.28	99.4678
3968.21	99.2857
3970.14	99.1999
3972.07	99.2855
3973.99	99.4056
3975.92	99.4614
3977.85	99.4785
3979.78	99.4725
3981.71	99.4221
3983.64	99.3614
3985.57	99.3523
3987.5	99.371
3989.43	99.3385
3991.36	99.2594
3993.29	99.2351
3995.22	99.3282
3997.14	99.4634
