499.643	89.4308
501.572	89.6985
503.501	89.8476
505.43	89.8901
507.36	89.431
509.289	88.6077
511.218	88.2381
513.147	88.5884
515.076	88.9416
517.005	88.7742
518.934	88.6957
520.863	89.0852
522.792	89.05
524.722	88.1486
526.651	87.356
528.58	87.348
530.509	87.6347
532.438	87.8753
534.367	88.1465
536.296	88.4895
538.225	89.0161
540.155	89.624
542.084	89.8008
544.013	89.5376
545.942	89.4811
547.871	89.7805
549.8	90.0045
551.729	90.0891
553.658	90.2207
555.588	90.2868
557.517	90.2099
559.446	90.1712
561.375	90.1887
563.304	90.1421
565.233	90.1691
567.162	90.3855
569.091	90.5068
571.021	90.369
572.95	90.3217
574.879	90.5115
576.808	90.5442
578.737	90.3111
580.666	90.1693
582.595	90.0429
584.524	89.5651
586.454	88.9098
588.383	88.3448
590.312	87.6776
592.241	87.0016
594.17	86.819
596.099	86.9963
598.028	87.0141
599.957	86.9747
601.887	87.2279
603.816	87.6781
605.745	88.199
607.674	88.8461
609.603	89.4318
611.532	89.7328
613.461	89.9265
615.39	90.2037
617.32	90.3881
619.249	90.2933
621.178	90.0718
623.107	89.9643
625.036	89.9962
626.965	90.0517
628.894	90.0839
630.823	90.0423
632.753	89.7724
634.682	89.2359
636.611	88.5747
638.54	87.8222
640.469	86.8629
642.398	85.6838
644.327	84.399
646.256	83.1108
648.186	82.015
650.115	81.4048
652.044	81.2779
653.973	81.4468
655.902	81.863
657.831	82.4653
659.76	83.3039
661.689	84.5048
663.619	85.829
665.548	87.2112
667.477	88.9747
669.406	90.4585
671.335	91.0158
673.264	91.4758
675.193	91.9886
677.122	92.2687
679.052	92.4512
680.981	92.7303
682.91	92.9851
684.839	93.2023
686.768	93.417
688.697	93.4814
690.626	93.3954
692.555	93.3438
694.485	93.3819
696.414	93.4686
698.343	93.5584
700.272	93.5777
702.201	93.5279
704.13	93.4913
706.059	93.4807
707.988	93.4596
709.917	93.4363
711.847	93.4289
713.776	93.4498
715.705	93.5252
717.634	93.634
719.563	93.6736
721.492	93.5626
723.421	93.3721
725.35	93.2449
727.28	93.1875
729.209	93.0612
731.138	92.8133
733.067	92.5531
734.996	92.347
736.925	92.1356
738.854	91.8677
740.783	91.5428
742.713	91.1671
744.642	90.8142
746.571	90.6374
748.5	90.6963
750.429	90.8858
752.358	91.1171
754.287	91.4097
756.216	91.7467
758.146	92.0209
760.075	92.1806
762.004	92.2812
763.933	92.394
765.862	92.5432
767.791	92.6804
769.72	92.745
771.649	92.7846
773.579	92.8684
775.508	92.9174
777.437	92.8479
779.366	92.7455
781.295	92.695
783.224	92.6505
785.153	92.5663
787.082	92.4289
789.012	92.2015
790.941	91.8879
792.87	91.498
794.799	90.9419
796.728	90.1524
798.657	89.2022
800.586	88.129
802.515	86.7839
804.445	84.9089
806.374	82.2583
808.303	78.8265
810.232	75.2299
812.161	72.6601
814.09	72.0785
816.019	73.4951
817.948	76.1329
819.878	79.0874
821.807	81.7337
823.736	83.8044
825.665	85.3437
827.594	86.5076
829.523	87.3446
831.452	87.8428
833.381	88.0773
835.311	88.1427
837.24	88.0341
839.169	87.7097
841.098	87.196
843.027	86.5934
844.956	86.0415
846.885	85.6786
848.814	85.5805
850.744	85.7159
852.673	85.9729
854.602	86.265
856.531	86.5968
858.46	86.9773
860.389	87.3196
862.318	87.5257
864.247	87.5974
866.177	87.5568
868.106	87.3637
870.035	86.9922
871.964	86.4715
873.893	85.8356
875.822	85.1442
877.751	84.505
879.68	83.9897
881.609	83.6113
883.539	83.4051
885.468	83.4043
887.397	83.5362
889.326	83.6536
891.255	83.6809
893.184	83.6816
895.113	83.7753
897.042	84.034
898.972	84.4912
900.901	85.1899
902.83	86.1237
904.759	87.1677
906.688	88.1432
908.617	88.9143
910.546	89.4138
912.475	89.6447
914.405	89.6478
916.334	89.4197
918.263	88.9016
920.192	88.0581
922.121	86.8907
924.05	85.3567
925.979	83.342
927.908	80.7483
929.838	77.599
931.767	74.084
933.696	70.5421
935.625	67.3862
937.554	64.9874
939.483	63.5723
941.412	63.1543
943.341	63.5271
945.271	64.4123
947.2	65.6487
949.129	67.1775
951.058	68.9196
952.987	70.7676
954.916	72.6171
956.845	74.3586
958.774	75.9296
960.704	77.4061
962.633	78.9885
964.562	80.8564
966.491	82.9958
968.42	85.1723
970.349	87.0992
972.278	88.6116
974.207	89.7047
976.137	90.4762
978.066	91.0011
979.995	91.2372
981.924	91.1133
983.853	90.664
985.782	90.0109
987.711	89.3148
989.64	88.7575
991.57	88.4013
993.499	88.0729
995.428	87.4839
997.357	86.3998
999.286	84.755
1001.22	82.8182
1003.14	81.1429
1005.07	80.1152
1007	79.6886
1008.93	79.6999
1010.86	80.1496
1012.79	80.992
1014.72	81.9137
1016.65	82.5055
1018.58	82.5303
1020.51	81.9344
1022.44	80.735
1024.36	79.0748
1026.29	77.3446
1028.22	76.0073
1030.15	75.1812
1032.08	74.5597
1034.01	73.835
1035.94	73.0116
1037.87	72.2529
1039.8	71.667
1041.73	71.3387
1043.66	71.3722
1045.58	71.7936
1047.51	72.513
1049.44	73.4021
1051.37	74.3017
1053.3	75.0228
1055.23	75.5136
1057.16	75.954
1059.09	76.5152
1061.02	77.1202
1062.95	77.5459
1064.88	77.6227
1066.81	77.3309
1068.73	76.8955
1070.66	76.7239
1072.59	77.0666
1074.52	77.8243
1076.45	78.7603
1078.38	79.7275
1080.31	80.6352
1082.24	81.3748
1084.17	81.8542
1086.1	82.0378
1088.03	81.9457
1089.95	81.6165
1091.88	81.0471
1093.81	80.2151
1095.74	79.1752
1097.67	78.0328
1099.6	76.8163
1101.53	75.4858
1103.46	74.0445
1105.39	72.5267
1107.32	70.9188
1109.25	69.1956
1111.18	67.3854
1113.1	65.5445
1115.03	63.7151
1116.96	61.9111
1118.89	60.1251
1120.82	58.3757
1122.75	56.7177
1124.68	55.1509
1126.61	53.5762
1128.54	51.8748
1130.47	49.9462
1132.4	47.6818
1134.32	45.0483
1136.25	42.2083
1138.18	39.4438
1140.11	36.9901
1142.04	35.0243
1143.97	33.7064
1145.9	33.118
1147.83	33.2288
1149.76	33.957
1151.69	35.2071
1153.62	36.8737
1155.55	38.8519
1157.47	41.0351
1159.4	43.3225
1161.33	45.626
1163.26	47.8366
1165.19	49.8379
1167.12	51.5807
1169.05	53.089
1170.98	54.4236
1172.91	55.681
1174.84	56.9622
1176.77	58.3257
1178.69	59.8075
1180.62	61.4314
1182.55	63.1828
1184.48	65.0352
1186.41	66.9733
1188.34	68.961
1190.27	70.9645
1192.2	73.0094
1194.13	75.1419
1196.06	77.3555
1197.99	79.5913
1199.91	81.7732
1201.84	83.8241
1203.77	85.6735
1205.7	87.2739
1207.63	88.6119
1209.56	89.7174
1211.49	90.7406
1213.42	91.9072
1215.35	93.1022
1217.28	93.7087
1219.21	93.4192
1221.14	92.8578
1223.06	92.7265
1224.99	92.9427
1226.92	93.035
1228.85	92.8028
1230.78	92.2524
1232.71	91.3879
1234.64	90.3044
1236.57	89.1678
1238.5	88.0925
1240.43	87.1706
1242.36	86.4849
1244.28	86.0451
1246.21	85.8372
1248.14	85.8988
1250.07	86.2306
1252	86.7099
1253.93	87.1827
1255.86	87.563
1257.79	87.7929
1259.72	87.8142
1261.65	87.6189
1263.58	87.2505
1265.51	86.7654
1267.43	86.221
1269.36	85.6378
1271.29	84.9934
1273.22	84.3073
1275.15	83.6252
1277.08	82.8986
1279.01	81.9893
1280.94	80.7307
1282.87	78.8894
1284.8	76.1504
1286.73	72.3098
1288.65	67.6693
1290.58	63.2432
1292.51	60.2945
1294.44	59.6044
1296.37	61.1608
1298.3	64.2682
1300.23	67.8981
1302.16	71.1319
1304.09	73.4447
1306.02	74.6579
1307.95	74.7723
1309.87	73.9826
1311.8	72.78
1313.73	71.8116
1315.66	71.3879
1317.59	71.3229
1319.52	71.4899
1321.45	72.1173
1323.38	73.387
1325.31	75.2121
1327.24	77.3738
1329.17	79.6681
1331.1	81.9789
1333.02	84.1284
1334.95	85.8704
1336.88	87.1573
1338.81	88.1071
1340.74	88.8235
1342.67	89.4612
1344.6	90.2332
1346.53	91.2297
1348.46	92.3095
1350.39	93.2237
1352.32	93.8664
1354.24	94.2629
1356.17	94.4124
1358.1	94.3328
1360.03	94.0934
1361.96	93.6229
1363.89	92.6944
1365.82	91.3775
1367.75	90.2369
1369.68	89.8947
1371.61	90.209
1373.54	90.2626
1375.47	89.5732
1377.39	88.7509
1379.32	88.4322
1381.25	88.644
1383.18	89.0825
1385.11	89.462
1387.04	89.6424
1388.97	89.6005
1390.9	89.4395
1392.83	89.2104
1394.76	88.8711
1396.69	88.3509
1398.61	87.6258
1400.54	86.9295
1402.47	86.6528
1404.4	86.9724
1406.33	87.686
1408.26	88.394
1410.19	89.0024
1412.12	89.557
1414.05	89.9711
1415.98	90.2606
1417.91	90.503
1419.83	90.6235
1421.76	90.5488
1423.69	90.2926
1425.62	89.9182
1427.55	89.489
1429.48	88.8393
1431.41	87.8657
1433.34	86.8159
1435.27	85.7446
1437.2	84.6048
1439.13	83.7378
1441.06	83.1893
1442.98	82.6747
1444.91	82.0458
1446.84	81.1996
1448.77	80.0751
1450.7	79.0867
1452.63	78.767
1454.56	79.2071
1456.49	80.5994
1458.42	82.4893
1460.35	83.689
1462.28	84.6285
1464.2	85.9007
1466.13	87.2519
1468.06	88.1897
1469.99	89.0211
1471.92	90.0412
1473.85	90.8667
1475.78	91.209
1477.71	91.4435
1479.64	91.7581
1481.57	92.1783
1483.5	92.6769
1485.43	93.1806
1487.35	93.7273
1489.28	94.3584
1491.21	94.8379
1493.14	95.1202
1495.07	95.4576
1497	95.9371
1498.93	96.3197
1500.86	96.4705
1502.79	96.5663
1504.72	96.7706
1506.65	97.127
1508.57	97.2793
1510.5	97.171
1512.43	97.1159
1514.36	97.1999
1516.29	97.3388
1518.22	97.4469
1520.15	97.5688
1522.08	97.6986
1524.01	97.7335
1525.94	97.6515
1527.87	97.5101
1529.8	97.4161
1531.72	97.4471
1533.65	97.5326
1535.58	97.512
1537.51	97.4819
1539.44	97.6633
1541.37	97.8892
1543.3	97.7416
1545.23	97.5024
1547.16	97.4032
1549.09	97.4042
1551.02	97.4067
1552.94	97.3817
1554.87	97.3941
1556.8	97.5295
1558.73	97.7088
1560.66	97.6239
1562.59	97.4218
1564.52	97.2854
1566.45	97.2451
1568.38	97.264
1570.31	97.2055
1572.24	97.0821
1574.16	97.0504
1576.09	97.1099
1578.02	97.0676
1579.95	96.9268
1581.88	96.8174
1583.81	96.7508
1585.74	96.6854
1587.67	96.6062
1589.6	96.5382
1591.53	96.5072
1593.46	96.4922
1595.39	96.4535
1597.31	96.3748
1599.24	96.2593
1601.17	96.1345
1603.1	96.0306
1605.03	95.9432
1606.96	95.8611
1608.89	95.7227
1610.82	95.4515
1612.75	95.1651
1614.68	94.9552
1616.61	94.6074
1618.53	94.0252
1620.46	93.4048
1622.39	92.5888
1624.32	91.5071
1626.25	90.4424
1628.18	89.2393
1630.11	87.8038
1632.04	86.5548
1633.97	85.4668
1635.9	84.0877
1637.83	83.2979
1639.76	84.3748
1641.68	86.7925
1643.61	89.4631
1645.54	91.8895
1647.47	93.7365
1649.4	94.5375
1651.33	94.8386
1653.26	95.3326
1655.19	95.6653
1657.12	95.5622
1659.05	95.4627
1660.98	95.4556
1662.9	95.3622
1664.83	95.1262
1666.76	94.9405
1668.69	94.8863
1670.62	94.7583
1672.55	94.44
1674.48	94.0283
1676.41	93.4714
1678.34	92.9052
1680.27	92.5047
1682.2	92.0987
1684.12	91.4943
1686.05	90.7711
1687.98	89.8191
1689.91	88.6087
1691.84	87.2646
1693.77	85.561
1695.7	83.3598
1697.63	80.9179
1699.56	77.7306
1701.49	73.7233
1703.42	70.1261
1705.35	66.6435
1707.27	62.62
1709.2	58.9429
1711.13	56.1096
1713.06	53.6776
1714.99	51.9774
1716.92	51.4145
1718.85	51.3382
1720.78	52.1313
1722.71	54.3705
1724.64	57.7403
1726.57	62.017
1728.49	66.9101
1730.42	71.8333
1732.35	76.9206
1734.28	82.4581
1736.21	86.9037
1738.14	89.7031
1740.07	91.9599
1742	94.0735
1743.93	95.6358
1745.86	96.8542
1747.79	98.1275
1749.72	99.2687
1751.64	100.035
1753.57	100.502
1755.5	100.717
1757.43	100.801
1759.36	100.835
1761.29	100.721
1763.22	100.472
1765.15	100.151
1767.08	99.7602
1769.01	99.482
1770.94	99.4415
1772.86	99.3365
1774.79	99.0076
1776.72	98.7154
1778.65	98.5794
1780.58	98.5524
1782.51	98.5266
1784.44	98.4543
1786.37	98.4472
1788.3	98.5579
1790.23	98.6539
1792.16	98.5962
1794.08	98.418
1796.01	98.291
1797.94	98.2908
1799.87	98.3776
1801.8	98.4337
1803.73	98.3884
1805.66	98.2767
1807.59	98.1859
1809.52	98.1562
1811.45	98.1223
1813.38	98.1096
1815.31	98.244
1817.23	98.4396
1819.16	98.4967
1821.09	98.4818
1823.02	98.5179
1824.95	98.5124
1826.88	98.4279
1828.81	98.3833
1830.74	98.3965
1832.67	98.402
1834.6	98.4169
1836.53	98.4821
1838.45	98.5577
1840.38	98.5781
1842.31	98.5876
1844.24	98.6542
1846.17	98.6786
1848.1	98.5971
1850.03	98.5486
1851.96	98.6076
1853.89	98.6937
1855.82	98.7652
1857.75	98.848
1859.68	98.9038
1861.6	98.8917
1863.53	98.8795
1865.46	98.9512
1867.39	99.068
1869.32	99.084
1871.25	98.9774
1873.18	98.8989
1875.11	98.9301
1877.04	99.0174
1878.97	99.0483
1880.9	99.0137
1882.82	99.0115
1884.75	99.0387
1886.68	98.9835
1888.61	98.872
1890.54	98.8585
1892.47	98.9435
1894.4	99.0056
1896.33	99.0522
1898.26	99.1844
1900.19	99.3578
1902.12	99.3671
1904.05	99.1545
1905.97	98.9539
1907.9	98.9476
1909.83	99.0819
1911.76	99.2563
1913.69	99.3752
1915.62	99.3442
1917.55	99.2553
1919.48	99.3062
1921.41	99.419
1923.34	99.4212
1925.27	99.4076
1927.19	99.5101
1929.12	99.6179
1931.05	99.6082
1932.98	99.5764
1934.91	99.6273
1936.84	99.6653
1938.77	99.6327
1940.7	99.6557
1942.63	99.7338
1944.56	99.687
1946.49	99.5513
1948.41	99.4648
1950.34	99.3938
1952.27	99.3951
1954.2	99.6073
1956.13	99.816
1958.06	99.7306
1959.99	99.542
1961.92	99.5179
1963.85	99.5669
1965.78	99.6503
1967.71	99.8609
1969.64	100.045
1971.56	100.101
1973.49	100.222
1975.42	100.401
1977.35	100.416
1979.28	100.313
1981.21	100.207
1983.14	100.086
1985.07	100.092
1987	100.268
1988.93	100.278
1990.86	100.087
1992.78	100.162
1994.71	100.491
1996.64	100.549
1998.57	100.311
2000.5	100.161
2002.43	100.132
2004.36	100.036
2006.29	99.9649
2008.22	100.052
2010.15	100.128
2012.08	100.056
2014.01	100.02
2015.93	100.182
2017.86	100.398
2019.79	100.488
2021.72	100.512
2023.65	100.591
2025.58	100.641
2027.51	100.493
2029.44	100.24
2031.37	100.167
2033.3	100.276
2035.23	100.307
2037.15	100.207
2039.08	100.055
2041.01	99.8321
2042.94	99.7191
2044.87	99.9969
2046.8	100.442
2048.73	100.535
2050.66	100.268
2052.59	100.05
2054.52	100.031
2056.45	100.059
2058.37	100.036
2060.3	100.005
2062.23	99.9953
2064.16	99.9823
2066.09	99.9735
2068.02	99.963
2069.95	99.8755
2071.88	99.7388
2073.81	99.7273
2075.74	99.8847
2077.67	100.054
2079.6	100.136
2081.52	100.158
2083.45	100.093
2085.38	99.8657
2087.31	99.5435
2089.24	99.3705
2091.17	99.4827
2093.1	99.7134
2095.03	99.8729
2096.96	99.9791
2098.89	100.013
2100.82	99.8813
2102.74	99.7071
2104.67	99.6503
2106.6	99.5802
2108.53	99.4108
2110.46	99.3611
2112.39	99.5376
2114.32	99.7515
2116.25	99.8826
2118.18	99.9802
2120.11	100.04
2122.04	99.9738
2123.97	99.753
2125.89	99.5007
2127.82	99.4403
2129.75	99.6369
2131.68	99.8934
2133.61	100.05
2135.54	100.147
2137.47	100.194
2139.4	100.118
2141.33	99.9888
2143.26	99.9437
2145.19	99.9814
2147.11	100.038
2149.04	100.067
2150.97	100.006
2152.9	99.9145
2154.83	99.9647
2156.76	100.14
2158.69	100.297
2160.62	100.488
2162.55	100.727
2164.48	100.757
2166.41	100.525
2168.33	100.356
2170.26	100.384
2172.19	100.442
2174.12	100.487
2176.05	100.515
2177.98	100.377
2179.91	100.138
2181.84	100.122
2183.77	100.316
2185.7	100.362
2187.63	100.204
2189.56	100.05
2191.48	99.9396
2193.41	99.8649
2195.34	99.9056
2197.27	99.9738
2199.2	99.959
2201.13	100.002
2203.06	100.132
2204.99	100.127
2206.92	100.041
2208.85	100.157
2210.78	100.359
2212.7	100.334
2214.63	100.182
2216.56	100.157
2218.49	100.212
2220.42	100.217
2222.35	100.183
2224.28	100.086
2226.21	99.9414
2228.14	99.974
2230.07	100.269
2232	100.529
2233.93	100.548
2235.85	100.495
2237.78	100.451
2239.71	100.279
2241.64	100.033
2243.57	99.9372
2245.5	100.029
2247.43	100.17
2249.36	100.256
2251.29	100.304
2253.22	100.405
2255.15	100.502
2257.07	100.427
2259	100.262
2260.93	100.266
2262.86	100.423
2264.79	100.524
2266.72	100.568
2268.65	100.651
2270.58	100.698
2272.51	100.635
2274.44	100.623
2276.37	100.788
2278.29	100.883
2280.22	100.659
2282.15	100.36
2284.08	100.314
2286.01	100.366
2287.94	100.276
2289.87	100.197
2291.8	100.306
2293.73	100.468
2295.66	100.56
2297.59	100.642
2299.52	100.746
2301.44	100.819
2303.37	100.841
2305.3	100.888
2307.23	101.102
2309.16	101.487
2311.09	101.799
2313.02	101.886
2314.95	101.96
2316.88	102.23
2318.81	102.555
2320.74	102.703
2322.66	102.717
2324.59	102.841
2326.52	103.184
2328.45	103.633
2330.38	103.918
2332.31	103.843
2334.24	103.634
2336.17	103.707
2338.1	104.114
2340.03	104.531
2341.96	104.684
2343.89	104.316
2345.81	103.453
2347.74	102.842
2349.67	102.897
2351.6	103.411
2353.53	104.029
2355.46	104.749
2357.39	105.735
2359.32	106.415
2361.25	106.286
2363.18	105.822
2365.11	105.282
2367.03	104.516
2368.96	103.757
2370.89	103.233
2372.82	102.754
2374.75	102.133
2376.68	101.486
2378.61	100.962
2380.54	100.495
2382.47	100.012
2384.4	99.6208
2386.33	99.3924
2388.26	99.2326
2390.18	99.0908
2392.11	99.0248
2394.04	99.0046
2395.97	98.945
2397.9	98.8902
2399.83	98.9276
2401.76	99.0288
2403.69	99.1045
2405.62	99.1149
2407.55	99.0718
2409.48	98.9956
2411.4	98.923
2413.33	98.9277
2415.26	99.0259
2417.19	99.1099
2419.12	99.108
2421.05	99.0813
2422.98	99.0657
2424.91	99.0398
2426.84	99.0379
2428.77	99.0641
2430.7	99.0432
2432.62	99.0101
2434.55	99.084
2436.48	99.2122
2438.41	99.2289
2440.34	99.1128
2442.27	98.9776
2444.2	98.9201
2446.13	98.9667
2448.06	99.0635
2449.99	99.1384
2451.92	99.209
2453.85	99.3124
2455.77	99.3516
2457.7	99.2166
2459.63	99.0345
2461.56	99.0377
2463.49	99.1889
2465.42	99.2478
2467.35	99.1937
2469.28	99.1907
2471.21	99.2019
2473.14	99.0881
2475.07	98.9665
2476.99	99.0368
2478.92	99.2103
2480.85	99.2382
2482.78	99.0891
2484.71	99.0152
2486.64	99.2094
2488.57	99.4799
2490.5	99.5102
2492.43	99.3636
2494.36	99.2828
2496.29	99.2167
2498.22	99.0784
2500.14	99.0585
2502.07	99.2229
2504	99.3331
2505.93	99.3116
2507.86	99.3093
2509.79	99.3182
2511.72	99.2286
2513.65	99.109
2515.58	99.082
2517.51	99.1322
2519.44	99.1888
2521.36	99.2153
2523.29	99.1992
2525.22	99.1674
2527.15	99.1528
2529.08	99.1208
2531.01	99.0528
2532.94	99.0458
2534.87	99.1553
2536.8	99.2685
2538.73	99.3033
2540.66	99.3092
2542.58	99.2689
2544.51	99.1516
2546.44	99.1404
2548.37	99.3586
2550.3	99.5617
2552.23	99.5456
2554.16	99.4829
2556.09	99.5086
2558.02	99.4997
2559.95	99.4341
2561.88	99.4225
2563.81	99.4296
2565.73	99.3887
2567.66	99.3619
2569.59	99.3633
2571.52	99.3313
2573.45	99.299
2575.38	99.3301
2577.31	99.3885
2579.24	99.4273
2581.17	99.485
2583.1	99.6196
2585.03	99.7872
2586.95	99.8608
2588.88	99.8277
2590.81	99.8172
2592.74	99.8492
2594.67	99.8127
2596.6	99.7152
2598.53	99.6392
2600.46	99.5369
2602.39	99.3632
2604.32	99.2482
2606.25	99.3055
2608.18	99.4272
2610.1	99.4316
2612.03	99.3271
2613.96	99.2707
2615.89	99.2937
2617.82	99.2748
2619.75	99.1931
2621.68	99.1533
2623.61	99.1673
2625.54	99.1481
2627.47	99.0747
2629.4	99.0006
2631.32	98.9596
2633.25	98.9554
2635.18	99.0068
2637.11	99.1268
2639.04	99.2308
2640.97	99.1918
2642.9	99.0551
2644.83	98.9915
2646.76	98.9969
2648.69	98.9269
2650.62	98.7997
2652.54	98.7585
2654.47	98.8238
2656.4	98.9175
2658.33	98.9764
2660.26	98.9401
2662.19	98.8157
2664.12	98.7374
2666.05	98.7802
2667.98	98.8287
2669.91	98.782
2671.84	98.7059
2673.77	98.6784
2675.69	98.6826
2677.62	98.6831
2679.55	98.6579
2681.48	98.6214
2683.41	98.6589
2685.34	98.7785
2687.27	98.8247
2689.2	98.7347
2691.13	98.655
2693.06	98.6559
2694.99	98.6435
2696.91	98.5971
2698.84	98.5908
2700.77	98.6281
2702.7	98.6437
2704.63	98.5884
2706.56	98.4914
2708.49	98.4574
2710.42	98.5055
2712.35	98.5302
2714.28	98.525
2716.21	98.5661
2718.14	98.568
2720.06	98.4383
2721.99	98.3225
2723.92	98.3391
2725.85	98.3727
2727.78	98.3579
2729.71	98.3827
2731.64	98.4379
2733.57	98.43
2735.5	98.3896
2737.43	98.3957
2739.36	98.4216
2741.28	98.4005
2743.21	98.3265
2745.14	98.2546
2747.07	98.245
2749	98.2737
2750.93	98.2569
2752.86	98.2178
2754.79	98.2736
2756.72	98.4115
2758.65	98.495
2760.58	98.4928
2762.51	98.4816
2764.43	98.4711
2766.36	98.4135
2768.29	98.3184
2770.22	98.2503
2772.15	98.2527
2774.08	98.2879
2776.01	98.2591
2777.94	98.1552
2779.87	98.0962
2781.8	98.1324
2783.73	98.1501
2785.65	98.0868
2787.58	98.0338
2789.51	98.0462
2791.44	98.0751
2793.37	98.0945
2795.3	98.0948
2797.23	98.0473
2799.16	98.0053
2801.09	98.0379
2803.02	98.0536
2804.95	97.961
2806.87	97.8803
2808.8	97.9128
2810.73	97.9322
2812.66	97.8292
2814.59	97.7036
2816.52	97.6587
2818.45	97.6308
2820.38	97.5469
2822.31	97.476
2824.24	97.4846
2826.17	97.4702
2828.1	97.3178
2830.02	97.0897
2831.95	96.8972
2833.88	96.7571
2835.81	96.6741
2837.74	96.6689
2839.67	96.6956
2841.6	96.6611
2843.53	96.5078
2845.46	96.264
2847.39	96.0129
2849.32	95.7668
2851.24	95.4796
2853.17	95.1888
2855.1	94.9038
2857.03	94.4741
2858.96	93.8543
2860.89	93.2576
2862.82	92.8491
2864.75	92.5824
2866.68	92.3764
2868.61	92.1828
2870.54	91.9412
2872.47	91.6879
2874.39	91.6122
2876.32	91.8279
2878.25	92.1702
2880.18	92.417
2882.11	92.5985
2884.04	92.8184
2885.97	92.9892
2887.9	93.0445
2889.83	93.0835
2891.76	93.1147
2893.69	93.0741
2895.61	93.0708
2897.54	93.1943
2899.47	93.2933
2901.4	93.2393
2903.33	93.1133
2905.26	93.0182
2907.19	92.9666
2909.12	92.9183
2911.05	92.7988
2912.98	92.5893
2914.91	92.3833
2916.83	92.2126
2918.76	91.9174
2920.69	91.3865
2922.62	90.7725
2924.55	90.2214
2926.48	89.6456
2928.41	89.0378
2930.34	88.6467
2932.27	88.6017
2934.2	88.7655
2936.13	89.0367
2938.06	89.4205
2939.98	89.8562
2941.91	90.2209
2943.84	90.3849
2945.77	90.2317
2947.7	89.7684
2949.63	89.1707
2951.56	88.6323
2953.49	88.1925
2955.42	87.7482
2957.35	87.2913
2959.28	87.0277
2961.2	87.1211
2963.13	87.5603
2965.06	88.3627
2966.99	89.5224
2968.92	90.7725
2970.85	91.7723
2972.78	92.3994
2974.71	92.6979
2976.64	92.8619
2978.57	93.162
2980.5	93.5657
2982.43	93.807
2984.35	93.9272
2986.28	94.1751
2988.21	94.5209
2990.14	94.8441
2992.07	95.2337
2994	95.6849
2995.93	95.9884
2997.86	96.1232
2999.79	96.3122
3001.72	96.673
3003.65	97.0751
3005.57	97.3148
3007.5	97.416
3009.43	97.6157
3011.36	97.9065
3013.29	98.006
3015.22	97.936
3017.15	98.0069
3019.08	98.2485
3021.01	98.5291
3022.94	98.8667
3024.87	99.111
3026.79	99.0188
3028.72	98.7985
3030.65	98.7795
3032.58	98.8319
3034.51	98.756
3036.44	98.7102
3038.37	98.8351
3040.3	98.9816
3042.23	98.975
3044.16	98.8207
3046.09	98.6526
3048.02	98.5924
3049.94	98.642
3051.87	98.747
3053.8	98.9195
3055.73	99.167
3057.66	99.3556
3059.59	99.3042
3061.52	99.0685
3063.45	98.95
3065.38	99.0835
3067.31	99.2775
3069.24	99.3986
3071.16	99.4851
3073.09	99.4282
3075.02	99.0862
3076.95	98.6529
3078.88	98.4676
3080.81	98.636
3082.74	98.9987
3084.67	99.2684
3086.6	99.2622
3088.53	99.0938
3090.46	98.9553
3092.39	98.8278
3094.31	98.6592
3096.24	98.5488
3098.17	98.5528
3100.1	98.5899
3102.03	98.5935
3103.96	98.5649
3105.89	98.5491
3107.82	98.5814
3109.75	98.6033
3111.68	98.5941
3113.61	98.698
3115.53	98.905
3117.46	98.9079
3119.39	98.645
3121.32	98.4753
3123.25	98.5546
3125.18	98.651
3127.11	98.6482
3129.04	98.6545
3130.97	98.7127
3132.9	98.7864
3134.83	98.8148
3136.75	98.747
3138.68	98.7077
3140.61	98.8341
3142.54	98.9268
3144.47	98.7795
3146.4	98.6332
3148.33	98.6943
3150.26	98.7183
3152.19	98.5765
3154.12	98.5197
3156.05	98.6126
3157.98	98.6647
3159.9	98.6728
3161.83	98.6864
3163.76	98.5921
3165.69	98.4695
3167.62	98.5691
3169.55	98.8013
3171.48	98.8948
3173.41	98.9037
3175.34	98.973
3177.27	98.9747
3179.2	98.794
3181.12	98.5897
3183.05	98.5424
3184.98	98.6311
3186.91	98.737
3188.84	98.8229
3190.77	98.9076
3192.7	98.921
3194.63	98.7903
3196.56	98.6043
3198.49	98.4442
3200.42	98.2874
3202.35	98.2344
3204.27	98.3892
3206.2	98.5506
3208.13	98.5133
3210.06	98.3946
3211.99	98.3296
3213.92	98.3297
3215.85	98.4487
3217.78	98.6005
3219.71	98.5622
3221.64	98.4389
3223.57	98.5368
3225.49	98.7849
3227.42	98.8771
3229.35	98.7342
3231.28	98.4649
3233.21	98.2266
3235.14	98.1788
3237.07	98.2772
3239	98.3222
3240.93	98.308
3242.86	98.3402
3244.79	98.3518
3246.72	98.3167
3248.64	98.3931
3250.57	98.5331
3252.5	98.455
3254.43	98.1937
3256.36	98.102
3258.29	98.2256
3260.22	98.2764
3262.15	98.2068
3264.08	98.2327
3266.01	98.3335
3267.94	98.2795
3269.86	98.0972
3271.79	98.0121
3273.72	98.0354
3275.65	98.0612
3277.58	98.156
3279.51	98.3326
3281.44	98.3864
3283.37	98.2682
3285.3	98.1609
3287.23	98.0783
3289.16	97.9029
3291.08	97.7282
3293.01	97.7024
3294.94	97.7652
3296.87	97.8243
3298.8	97.8907
3300.73	97.9496
3302.66	97.9691
3304.59	97.9678
3306.52	97.907
3308.45	97.7358
3310.38	97.6067
3312.31	97.6919
3314.23	97.8131
3316.16	97.726
3318.09	97.5912
3320.02	97.6156
3321.95	97.617
3323.88	97.4707
3325.81	97.4098
3327.74	97.4942
3329.67	97.5034
3331.6	97.4813
3333.53	97.6188
3335.45	97.7485
3337.38	97.6411
3339.31	97.4386
3341.24	97.3235
3343.17	97.2636
3345.1	97.2708
3347.03	97.3876
3348.96	97.4592
3350.89	97.3872
3352.82	97.3275
3354.75	97.3478
3356.68	97.3115
3358.6	97.1969
3360.53	97.1139
3362.46	97.0589
3364.39	96.9711
3366.32	96.8809
3368.25	96.8481
3370.18	96.9008
3372.11	97.0112
3374.04	97.0705
3375.97	97.0638
3377.9	97.1609
3379.82	97.3935
3381.75	97.521
3383.68	97.418
3385.61	97.2442
3387.54	97.1464
3389.47	97.1171
3391.4	97.103
3393.33	97.0188
3395.26	96.8342
3397.19	96.7388
3399.12	96.919
3401.04	97.1709
3402.97	97.1265
3404.9	96.8563
3406.83	96.7829
3408.76	96.9957
3410.69	97.157
3412.62	97.0861
3414.55	96.9269
3416.48	96.7687
3418.41	96.5836
3420.34	96.4774
3422.27	96.5927
3424.19	96.8371
3426.12	97.0071
3428.05	97.0465
3429.98	97.0352
3431.91	97.0406
3433.84	97.0176
3435.77	96.9222
3437.7	96.883
3439.63	97.0018
3441.56	97.117
3443.49	97.0996
3445.41	97.0946
3447.34	97.1648
3449.27	97.1502
3451.2	97.0473
3453.13	96.9994
3455.06	96.9905
3456.99	96.9766
3458.92	97.0478
3460.85	97.2007
3462.78	97.2805
3464.71	97.2302
3466.64	97.1242
3468.56	97.0469
3470.49	97.0836
3472.42	97.2301
3474.35	97.2973
3476.28	97.1327
3478.21	96.887
3480.14	96.8326
3482.07	97.0422
3484	97.3346
3485.93	97.4465
3487.86	97.2496
3489.78	96.9216
3491.71	96.8234
3493.64	97.0315
3495.57	97.2496
3497.5	97.2751
3499.43	97.2333
3501.36	97.213
3503.29	97.1449
3505.22	97.1237
3507.15	97.2675
3509.08	97.3356
3511	97.1072
3512.93	96.8682
3514.86	96.9021
3516.79	97.0669
3518.72	97.1965
3520.65	97.2249
3522.58	97.0281
3524.51	96.7974
3526.44	96.9209
3528.37	97.1053
3530.3	96.837
3532.23	96.4874
3534.15	96.5574
3536.08	96.7413
3538.01	96.7144
3539.94	96.7581
3541.87	96.9464
3543.8	96.8752
3545.73	96.464
3547.66	96.2113
3549.59	96.3796
3551.52	96.6895
3553.45	96.8296
3555.37	96.8126
3557.3	96.7809
3559.23	96.7028
3561.16	96.5666
3563.09	96.561
3565.02	96.7952
3566.95	97.0995
3568.88	97.2159
3570.81	97.1803
3572.74	97.1518
3574.67	97.1665
3576.6	97.1949
3578.52	97.2468
3580.45	97.352
3582.38	97.4875
3584.31	97.7013
3586.24	98.1128
3588.17	98.4722
3590.1	98.386
3592.03	98.2375
3593.96	98.5199
3595.89	98.9946
3597.82	99.081
3599.74	98.8718
3601.67	98.7693
3603.6	98.8055
3605.53	98.8211
3607.46	98.788
3609.39	98.7321
3611.32	98.6799
3613.25	98.6888
3615.18	98.7816
3617.11	98.9402
3619.04	99.1585
3620.97	99.3681
3622.89	99.4864
3624.82	99.5728
3626.75	99.6559
3628.68	99.559
3630.61	99.2497
3632.54	99.0949
3634.47	99.2122
3636.4	99.4233
3638.33	99.5397
3640.26	99.5804
3642.19	99.636
3644.11	99.6752
3646.04	99.7053
3647.97	99.9092
3649.9	100.128
3651.83	99.798
3653.76	99.2365
3655.69	99.0563
3657.62	99.326
3659.55	99.4799
3661.48	99.3675
3663.41	99.3229
3665.33	99.3773
3667.26	99.3519
3669.19	99.4121
3671.12	99.7327
3673.05	99.9337
3674.98	99.8164
3676.91	99.643
3678.84	99.5579
3680.77	99.4868
3682.7	99.5245
3684.63	99.7462
3686.56	100.016
3688.48	100.134
3690.41	99.9233
3692.34	99.4816
3694.27	99.1497
3696.2	99.175
3698.13	99.5109
3700.06	99.8414
3701.99	99.9414
3703.92	99.8469
3705.85	99.6768
3707.78	99.5428
3709.7	99.6332
3711.63	99.9243
3713.56	99.9629
3715.49	99.7412
3717.42	99.648
3719.35	99.7669
3721.28	99.8269
3723.21	99.7416
3725.14	99.8481
3727.07	100.269
3729	100.583
3730.93	100.469
3732.85	100.21
3734.78	100.37
3736.71	100.606
3738.64	100.196
3740.57	99.6255
3742.5	99.5512
3744.43	100.023
3746.36	100.334
3748.29	100.198
3750.22	100.015
3752.15	100.117
3754.07	100.297
3756	100.149
3757.93	99.7403
3759.86	99.5481
3761.79	99.6833
3763.72	99.7461
3765.65	99.7269
3767.58	99.8927
3769.51	100.102
3771.44	100.019
3773.37	99.7437
3775.29	99.5792
3777.22	99.609
3779.15	99.7049
3781.08	99.7122
3783.01	99.6837
3784.94	99.6813
3786.87	99.6252
3788.8	99.5496
3790.73	99.5814
3792.66	99.6492
3794.59	99.6226
3796.52	99.5919
3798.44	99.7169
3800.37	99.9432
3802.3	100.029
3804.23	99.9078
3806.16	99.8171
3808.09	99.8376
3810.02	99.76
3811.95	99.5448
3813.88	99.3691
3815.81	99.322
3817.74	99.4022
3819.66	99.6992
3821.59	100.108
3823.52	100.168
3825.45	99.8433
3827.38	99.4536
3829.31	99.2381
3831.24	99.3346
3833.17	99.5989
3835.1	99.75
3837.03	99.8639
3838.96	100.11
3840.89	100.128
3842.81	99.775
3844.74	99.4654
3846.67	99.389
3848.6	99.3952
3850.53	99.4542
3852.46	99.7029
3854.39	100.03
3856.32	100.061
3858.25	99.8531
3860.18	99.6552
3862.11	99.7099
3864.03	99.945
3865.96	99.9214
3867.89	99.6679
3869.82	99.6421
3871.75	99.8655
3873.68	99.8975
3875.61	99.6806
3877.54	99.4643
3879.47	99.3647
3881.4	99.3823
3883.33	99.4886
3885.25	99.5941
3887.18	99.5723
3889.11	99.4597
3891.04	99.4373
3892.97	99.5495
3894.9	99.6238
3896.83	99.6217
3898.76	99.6835
3900.69	99.8142
3902.62	99.828
3904.55	99.7251
3906.48	99.6728
3908.4	99.6973
3910.33	99.7392
3912.26	99.7557
3914.19	99.7131
3916.12	99.6279
3918.05	99.5582
3919.98	99.5151
3921.91	99.493
3923.84	99.5058
3925.77	99.4732
3927.7	99.3341
3929.62	99.2731
3931.55	99.4918
3933.48	99.8204
3935.41	99.9132
3937.34	99.7213
3939.27	99.4328
3941.2	99.2889
3943.13	99.3881
3945.06	99.5461
3946.99	99.6236
3948.92	99.685
3950.85	99.6685
3952.77	99.4984
3954.7	99.3999
3956.63	99.4778
3958.56	99.4642
3960.49	99.3299
3962.42	99.3959
3964.35	99.5904
3966.28	99.5436
3968.21	99.3442
3970.14	99.3492
3972.07	99.5469
3973.99	99.6671
3975.92	99.6181
3977.85	99.4997
3979.78	99.4014
3981.71	99.3491
3983.64	99.3663
3985.57	99.4514
3987.5	99.4911
3989.43	99.3805
3991.36	99.2356
3993.29	99.244
3995.22	99.3641
3997.14	99.4361
