499.643	87.5961
501.572	87.8339
503.501	87.9187
505.43	88.2798
507.36	88.8473
509.289	89.1084
511.218	88.9197
513.147	88.7066
515.076	88.5135
517.005	88.1507
518.934	88.0438
520.863	88.3284
522.792	88.2896
524.722	87.8306
526.651	87.6521
528.58	87.8276
530.509	87.9428
532.438	87.9935
534.367	88.0897
536.296	88.4031
538.225	89.2066
540.155	90.0757
542.084	90.1582
544.013	89.6917
545.942	89.6744
547.871	90.1755
549.8	90.4341
551.729	90.2349
553.658	90.0056
555.588	89.9852
557.517	90.0955
559.446	90.2608
561.375	90.3636
563.304	90.3061
565.233	90.3483
567.162	90.709
569.091	90.9294
571.021	90.5902
572.95	90.1958
574.879	90.2778
576.808	90.5231
578.737	90.5004
580.666	90.3165
582.595	90.0589
584.524	89.5733
586.454	88.8993
588.383	88.2068
590.312	87.5271
592.241	86.9916
594.17	86.8145
596.099	86.8403
598.028	86.8083
599.957	86.8861
601.887	87.2721
603.816	87.7329
605.745	88.1179
607.674	88.6079
609.603	89.148
611.532	89.4922
613.461	89.7773
615.39	90.1828
617.32	90.4077
619.249	90.2387
621.178	90.0552
623.107	90.1451
625.036	90.2536
626.965	90.1365
628.894	89.9743
630.823	89.8966
632.753	89.6776
634.682	89.1829
636.611	88.556
638.54	87.8184
640.469	86.855
642.398	85.7449
644.327	84.6155
646.256	83.4185
648.186	82.295
650.115	81.6693
652.044	81.5621
653.973	81.6469
655.902	81.918
657.831	82.5311
659.76	83.5174
661.689	84.746
663.619	85.9396
665.548	87.2529
667.477	89.1368
669.406	90.7008
671.335	91.1256
673.264	91.4789
675.193	92.0178
677.122	92.373
679.052	92.5546
680.981	92.7661
682.91	92.9242
684.839	93.0084
686.768	93.11
688.697	93.1751
690.626	93.1641
692.555	93.1656
694.485	93.2506
696.414	93.4108
698.343	93.5465
700.272	93.5448
702.201	93.4529
704.13	93.405
706.059	93.3891
707.988	93.3178
709.917	93.248
711.847	93.2985
713.776	93.4337
715.705	93.5324
717.634	93.5877
719.563	93.6217
721.492	93.5425
723.421	93.3337
725.35	93.1603
727.28	93.0708
729.209	92.8898
731.138	92.5565
733.067	92.245
734.996	92.038
736.925	91.8246
738.854	91.5532
740.783	91.2609
742.713	90.9069
744.642	90.4921
746.571	90.2259
748.5	90.279
750.429	90.5284
752.358	90.7801
754.287	91.0296
756.216	91.3231
758.146	91.6083
760.075	91.8512
762.004	92.0846
763.933	92.3014
765.862	92.4524
767.791	92.52
769.72	92.5297
771.649	92.5379
773.579	92.5871
775.508	92.6471
777.437	92.6689
779.366	92.6649
781.295	92.6471
783.224	92.5705
785.153	92.4122
787.082	92.2221
789.012	92.0446
790.941	91.8345
792.87	91.4692
794.799	90.8673
796.728	90.0809
798.657	89.185
800.586	88.1165
802.515	86.7287
804.445	84.8646
806.374	82.2908
808.303	78.9222
810.232	75.3618
812.161	72.8294
814.09	72.2471
816.019	73.6161
817.948	76.2378
819.878	79.2066
821.807	81.8086
823.736	83.7892
825.665	85.2697
827.594	86.384
829.523	87.1477
831.452	87.6233
833.381	87.9174
835.311	88.0129
837.24	87.8444
839.169	87.4744
841.098	86.9969
843.027	86.4205
844.956	85.8262
846.885	85.4267
848.814	85.3348
850.744	85.4602
852.673	85.6761
854.602	85.9425
856.531	86.2642
858.46	86.6138
860.389	86.9172
862.318	87.1214
864.247	87.223
866.177	87.1927
868.106	86.9751
870.035	86.5856
871.964	86.092
873.893	85.5232
875.822	84.8988
877.751	84.2824
879.68	83.7445
881.609	83.3461
883.539	83.1557
885.468	83.1825
887.397	83.3135
889.326	83.4153
891.255	83.4703
893.184	83.5362
895.113	83.6426
897.042	83.8259
898.972	84.2021
900.901	84.8898
902.83	85.8651
904.759	86.9473
906.688	87.9311
908.617	88.7039
910.546	89.2289
912.475	89.4748
914.405	89.4231
916.334	89.1109
918.263	88.5852
920.192	87.8158
922.121	86.7035
924.05	85.1743
925.979	83.1937
927.908	80.6947
929.838	77.6258
931.767	74.1375
933.696	70.624
935.625	67.532
937.554	65.1871
939.483	63.7719
941.412	63.3167
943.341	63.6586
945.271	64.5246
947.2	65.7187
949.129	67.1768
951.058	68.8565
952.987	70.6582
954.916	72.4604
956.845	74.1738
958.774	75.7635
960.704	77.2823
962.633	78.8793
964.562	80.697
966.491	82.732
968.42	84.8216
970.349	86.7349
972.278	88.2774
974.207	89.3927
976.137	90.1713
978.066	90.7014
979.995	90.9596
981.924	90.8891
983.853	90.4962
985.782	89.8588
987.711	89.1431
989.64	88.5671
991.57	88.2114
993.499	87.8936
995.428	87.2989
997.357	86.1983
999.286	84.5788
1001.22	82.7143
1003.14	81.089
1005.07	80.0651
1007	79.6409
1008.93	79.6577
1010.86	80.0921
1012.79	80.9206
1014.72	81.8382
1016.65	82.3971
1018.58	82.3666
1020.51	81.7443
1022.44	80.5316
1024.36	78.815
1026.29	77.0095
1028.22	75.6432
1030.15	74.8296
1032.08	74.2211
1034.01	73.5015
1035.94	72.6728
1037.87	71.8895
1039.8	71.2798
1041.73	70.9408
1043.66	70.9506
1045.58	71.3367
1047.51	72.0504
1049.44	72.9557
1051.37	73.8445
1053.3	74.5323
1055.23	75.0157
1057.16	75.479
1059.09	76.053
1061.02	76.636
1062.95	77.0042
1064.88	76.9976
1066.81	76.6337
1068.73	76.1844
1070.66	76.0482
1072.59	76.4241
1074.52	77.2054
1076.45	78.1757
1078.38	79.1584
1080.31	80.028
1082.24	80.7119
1084.17	81.16
1086.1	81.317
1088.03	81.1869
1089.95	80.8295
1091.88	80.242
1093.81	79.3767
1095.74	78.2819
1097.67	77.0723
1099.6	75.7921
1101.53	74.4211
1103.46	72.947
1105.39	71.3652
1107.32	69.6799
1109.25	67.9259
1111.18	66.138
1113.1	64.3255
1115.03	62.5088
1116.96	60.7306
1118.89	59.0156
1120.82	57.3682
1122.75	55.7989
1124.68	54.2969
1126.61	52.7826
1128.54	51.1257
1130.47	49.2139
1132.4	46.9895
1134.32	44.4761
1136.25	41.8136
1138.18	39.2232
1140.11	36.9157
1142.04	35.0703
1143.97	33.8404
1145.9	33.2997
1147.83	33.423
1149.76	34.1393
1151.69	35.3561
1153.62	36.9655
1155.55	38.8749
1157.47	41.0036
1159.4	43.2477
1161.33	45.4853
1163.26	47.6112
1165.19	49.5593
1167.12	51.2962
1169.05	52.8173
1170.98	54.1757
1172.91	55.4777
1174.84	56.8106
1176.77	58.2119
1178.69	59.7138
1180.62	61.3465
1182.55	63.1026
1184.48	64.9531
1186.41	66.8813
1188.34	68.8709
1190.27	70.8935
1192.2	72.9414
1194.13	75.0548
1196.06	77.2675
1197.99	79.5266
1199.91	81.7227
1201.84	83.7738
1203.77	85.6112
1205.7	87.1739
1207.63	88.4783
1209.56	89.5906
1211.49	90.6132
1213.42	91.7227
1215.35	92.8457
1217.28	93.3967
1219.21	93.0351
1221.14	92.3956
1223.06	92.228
1224.99	92.4266
1226.92	92.4665
1228.85	92.1608
1230.78	91.5533
1232.71	90.6455
1234.64	89.5221
1236.57	88.3653
1238.5	87.3079
1240.43	86.4263
1242.36	85.7664
1244.28	85.3301
1246.21	85.1228
1248.14	85.1803
1250.07	85.5016
1252	85.9916
1253.93	86.4939
1255.86	86.8788
1257.79	87.0897
1259.72	87.104
1261.65	86.9069
1263.58	86.5286
1265.51	86.0576
1267.43	85.5669
1269.36	85.0478
1271.29	84.4672
1273.22	83.8567
1275.15	83.2558
1277.08	82.6174
1279.01	81.8147
1280.94	80.6562
1282.87	78.8912
1284.8	76.2574
1286.73	72.5835
1288.65	68.1046
1290.58	63.765
1292.51	60.8382
1294.44	60.1261
1296.37	61.6079
1298.3	64.6085
1300.23	68.1602
1302.16	71.3858
1304.09	73.7489
1306.02	75.0237
1307.95	75.1634
1309.87	74.3463
1311.8	73.0853
1313.73	72.062
1315.66	71.5968
1317.59	71.4943
1319.52	71.644
1321.45	72.3005
1323.38	73.6211
1325.31	75.4599
1327.24	77.5832
1329.17	79.8359
1331.1	82.1368
1333.02	84.2742
1334.95	85.968
1336.88	87.2098
1338.81	88.1673
1340.74	88.9021
1342.67	89.4992
1344.6	90.1952
1346.53	91.149
1348.46	92.2453
1350.39	93.197
1352.32	93.8509
1354.24	94.231
1356.17	94.3607
1358.1	94.2634
1360.03	94.0126
1361.96	93.5656
1363.89	92.692
1365.82	91.4069
1367.75	90.2648
1369.68	89.9246
1371.61	90.2549
1373.54	90.3139
1375.47	89.6161
1377.39	88.7866
1379.32	88.4387
1381.25	88.5718
1383.18	88.9205
1385.11	89.257
1387.04	89.4499
1388.97	89.4318
1390.9	89.2664
1392.83	89.0178
1394.76	88.689
1396.69	88.226
1398.61	87.549
1400.54	86.8542
1402.47	86.574
1404.4	86.9229
1406.33	87.6665
1408.26	88.3644
1410.19	88.9502
1412.12	89.5138
1414.05	89.9609
1415.98	90.266
1417.91	90.4927
1419.83	90.6063
1421.76	90.5605
1423.69	90.3305
1425.62	89.9474
1427.55	89.477
1429.48	88.7721
1431.41	87.7675
1433.34	86.74
1435.27	85.7128
1437.2	84.5612
1439.13	83.6163
1441.06	83.0052
1442.98	82.4917
1444.91	81.9207
1446.84	81.1258
1448.77	79.9996
1450.7	78.988
1452.63	78.6619
1454.56	79.0973
1456.49	80.4597
1458.42	82.324
1460.35	83.5433
1462.28	84.5085
1464.2	85.7617
1466.13	87.0519
1468.06	87.9655
1469.99	88.81
1471.92	89.8098
1473.85	90.5797
1475.78	90.933
1477.71	91.2121
1479.64	91.5144
1481.57	91.8683
1483.5	92.3196
1485.43	92.8159
1487.35	93.3583
1489.28	93.9912
1491.21	94.5264
1493.14	94.895
1495.07	95.3041
1497	95.8262
1498.93	96.2259
1500.86	96.3875
1502.79	96.501
1504.72	96.746
1506.65	97.1738
1508.57	97.3522
1510.5	97.2054
1512.43	97.1025
1514.36	97.1502
1516.29	97.2842
1518.22	97.4072
1520.15	97.5004
1522.08	97.5508
1524.01	97.5637
1525.94	97.5481
1527.87	97.4659
1529.8	97.3613
1531.72	97.3474
1533.65	97.4218
1535.58	97.4445
1537.51	97.4675
1539.44	97.689
1541.37	97.95
1543.3	97.8187
1545.23	97.5402
1547.16	97.3686
1549.09	97.3308
1551.02	97.337
1552.94	97.3026
1554.87	97.282
1556.8	97.4157
1558.73	97.6565
1560.66	97.6028
1562.59	97.3793
1564.52	97.2276
1566.45	97.1915
1568.38	97.2174
1570.31	97.1555
1572.24	97.044
1574.16	97.0549
1576.09	97.1414
1578.02	97.0501
1579.95	96.8433
1581.88	96.7056
1583.81	96.6382
1585.74	96.5785
1587.67	96.5092
1589.6	96.4579
1591.53	96.4424
1593.46	96.4347
1595.39	96.3984
1597.31	96.3334
1599.24	96.259
1601.17	96.1844
1603.1	96.0854
1605.03	95.9365
1606.96	95.7742
1608.89	95.6041
1610.82	95.3723
1612.75	95.1361
1614.68	94.9279
1616.61	94.5523
1618.53	93.9946
1620.46	93.4357
1622.39	92.6543
1624.32	91.5765
1626.25	90.5385
1628.18	89.3909
1630.11	87.9871
1632.04	86.7293
1633.97	85.6293
1635.9	84.266
1637.83	83.4751
1639.76	84.493
1641.68	86.8357
1643.61	89.4585
1645.54	91.8724
1647.47	93.7426
1649.4	94.6082
1651.33	94.991
1653.26	95.493
1655.19	95.7177
1657.12	95.5419
1659.05	95.4054
1660.98	95.3772
1662.9	95.3038
1664.83	95.0974
1666.76	94.8953
1668.69	94.7874
1670.62	94.642
1672.55	94.3733
1674.48	94.0198
1676.41	93.4711
1678.34	92.8661
1680.27	92.4234
1682.2	91.9761
1684.12	91.3584
1686.05	90.6891
1687.98	89.7734
1689.91	88.5383
1691.84	87.1742
1693.77	85.508
1695.7	83.3362
1697.63	80.8431
1699.56	77.614
1701.49	73.6462
1703.42	70.0979
1705.35	66.6477
1707.27	62.6329
1709.2	58.9188
1711.13	56.0459
1713.06	53.6184
1714.99	51.9281
1716.92	51.3206
1718.85	51.2107
1720.78	52.0333
1722.71	54.3007
1724.64	57.645
1726.57	61.8289
1728.49	66.5955
1730.42	71.4101
1732.35	76.4368
1734.28	81.9528
1736.21	86.3657
1738.14	89.1119
1740.07	91.3253
1742	93.4382
1743.93	95.0504
1745.86	96.3531
1747.79	97.7304
1749.72	98.9515
1751.64	99.7483
1753.57	100.255
1755.5	100.55
1757.43	100.713
1759.36	100.782
1761.29	100.664
1763.22	100.386
1765.15	100.033
1767.08	99.645
1769.01	99.3839
1770.94	99.3246
1772.86	99.1896
1774.79	98.8873
1776.72	98.6562
1778.65	98.566
1780.58	98.5365
1782.51	98.4553
1784.44	98.3257
1786.37	98.2967
1788.3	98.3883
1790.23	98.4619
1792.16	98.4542
1794.08	98.3887
1796.01	98.3015
1797.94	98.2468
1799.87	98.2617
1801.8	98.311
1803.73	98.3184
1805.66	98.2395
1807.59	98.1302
1809.52	98.1054
1811.45	98.1518
1813.38	98.1765
1815.31	98.1997
1817.23	98.2294
1819.16	98.2157
1821.09	98.2063
1823.02	98.2494
1824.95	98.2801
1826.88	98.26
1828.81	98.2163
1830.74	98.1634
1832.67	98.1532
1834.6	98.2385
1836.53	98.3852
1838.45	98.481
1840.38	98.4855
1842.31	98.5074
1844.24	98.5865
1846.17	98.5789
1848.1	98.5095
1850.03	98.5456
1851.96	98.6364
1853.89	98.6252
1855.82	98.5484
1857.75	98.5333
1859.68	98.6011
1861.6	98.6978
1863.53	98.7752
1865.46	98.8521
1867.39	98.9594
1869.32	98.9878
1871.25	98.8605
1873.18	98.7636
1875.11	98.8468
1877.04	99.0044
1878.97	99.019
1880.9	98.8885
1882.82	98.8164
1884.75	98.87
1886.68	98.892
1888.61	98.8037
1890.54	98.7198
1892.47	98.726
1894.4	98.8085
1896.33	98.9704
1898.26	99.1759
1900.19	99.2971
1902.12	99.2394
1904.05	99.0568
1905.97	98.898
1907.9	98.8642
1909.83	98.9908
1911.76	99.1656
1913.69	99.1423
1915.62	98.9381
1917.55	98.9478
1919.48	99.3087
1921.41	99.5899
1923.34	99.5556
1925.27	99.4211
1927.19	99.358
1929.12	99.3399
1931.05	99.3598
1932.98	99.4393
1934.91	99.5322
1936.84	99.534
1938.77	99.4098
1940.7	99.2982
1942.63	99.3347
1944.56	99.4217
1946.49	99.4362
1948.41	99.4546
1950.34	99.5169
1952.27	99.5197
1954.2	99.4487
1956.13	99.4262
1958.06	99.5011
1959.99	99.6089
1961.92	99.673
1963.85	99.6455
1965.78	99.6022
1967.71	99.7119
1969.64	99.9156
1971.56	99.9944
1973.49	100.025
1975.42	100.194
1977.35	100.349
1979.28	100.294
1981.21	100.188
1983.14	100.265
1985.07	100.517
1987	100.661
1988.93	100.381
1990.86	99.8541
1992.78	99.6778
1994.71	99.9311
1996.64	100.075
1998.57	99.9176
2000.5	99.8121
2002.43	99.9669
2004.36	100.141
2006.29	100.083
2008.22	99.9352
2010.15	99.9414
2012.08	100
2014.01	99.9419
2015.93	99.9416
2017.86	100.171
2019.79	100.427
2021.72	100.48
2023.65	100.353
2025.58	100.177
2027.51	100.105
2029.44	100.177
2031.37	100.206
2033.3	100.09
2035.23	100.05
2037.15	100.18
2039.08	100.142
2041.01	99.7515
2042.94	99.4311
2044.87	99.5973
2046.8	100.022
2048.73	100.262
2050.66	100.275
2052.59	100.202
2054.52	100.044
2056.45	99.8337
2058.37	99.7001
2060.3	99.7019
2062.23	99.8415
2064.16	100.061
2066.09	100.176
2068.02	100.115
2069.95	100.042
2071.88	100.036
2073.81	100.014
2075.74	99.9895
2077.67	100.039
2079.6	100.111
2081.52	100.083
2083.45	99.8685
2085.38	99.5361
2087.31	99.3451
2089.24	99.4418
2091.17	99.6507
2093.1	99.7903
2095.03	99.8874
2096.96	99.9691
2098.89	99.9924
2100.82	99.9599
2102.74	99.9015
2104.67	99.8508
2106.6	99.8198
2108.53	99.7312
2110.46	99.5631
2112.39	99.4857
2114.32	99.6262
2116.25	99.8765
2118.18	100.057
2120.11	100.069
2122.04	99.9104
2123.97	99.7164
2125.89	99.6684
2127.82	99.7989
2129.75	99.9863
2131.68	100.094
2133.61	100.066
2135.54	99.9863
2137.47	99.9899
2139.4	100.072
2141.33	100.152
2143.26	100.221
2145.19	100.218
2147.11	100.058
2149.04	99.9109
2150.97	99.9838
2152.9	100.115
2154.83	100.085
2156.76	100.003
2158.69	100.048
2160.62	100.227
2162.55	100.462
2164.48	100.59
2166.41	100.532
2168.33	100.481
2170.26	100.557
2172.19	100.579
2174.12	100.484
2176.05	100.395
2177.98	100.236
2179.91	99.9794
2181.84	99.9691
2183.77	100.306
2185.7	100.477
2187.63	100.18
2189.56	99.8313
2191.48	99.8116
2193.41	99.9795
2195.34	100.107
2197.27	100.186
2199.2	100.261
2201.13	100.33
2203.06	100.353
2204.99	100.327
2206.92	100.361
2208.85	100.465
2210.78	100.414
2212.7	100.124
2214.63	99.905
2216.56	100
2218.49	100.245
2220.42	100.352
2222.35	100.262
2224.28	100.12
2226.21	100.103
2228.14	100.276
2230.07	100.48
2232	100.519
2233.93	100.503
2235.85	100.623
2237.78	100.69
2239.71	100.479
2241.64	100.21
2243.57	100.111
2245.5	100.084
2247.43	100.118
2249.36	100.257
2251.29	100.301
2253.22	100.206
2255.15	100.244
2257.07	100.391
2259	100.357
2260.93	100.21
2262.86	100.231
2264.79	100.428
2266.72	100.605
2268.65	100.638
2270.58	100.588
2272.51	100.614
2274.44	100.73
2276.37	100.77
2278.29	100.632
2280.22	100.384
2282.15	100.215
2284.08	100.289
2286.01	100.47
2287.94	100.437
2289.87	100.236
2291.8	100.209
2293.73	100.374
2295.66	100.474
2297.59	100.526
2299.52	100.711
2301.44	100.941
2303.37	101.04
2305.3	101.068
2307.23	101.175
2309.16	101.366
2311.09	101.585
2313.02	101.814
2314.95	102.041
2316.88	102.277
2318.81	102.591
2320.74	102.953
2322.66	103.216
2324.59	103.404
2326.52	103.678
2328.45	103.97
2330.38	104.048
2332.31	103.943
2334.24	103.909
2336.17	104.019
2338.1	104.204
2340.03	104.442
2341.96	104.641
2343.89	104.468
2345.81	103.812
2347.74	103.229
2349.67	103.112
2351.6	103.466
2353.53	104.162
2355.46	104.992
2357.39	105.783
2359.32	106.289
2361.25	106.267
2363.18	105.894
2365.11	105.383
2367.03	104.727
2368.96	104.022
2370.89	103.39
2372.82	102.752
2374.75	102.044
2376.68	101.395
2378.61	100.871
2380.54	100.362
2382.47	99.8664
2384.4	99.5116
2386.33	99.2786
2388.26	99.0715
2390.18	98.9519
2392.11	98.9792
2394.04	99.0163
2395.97	98.957
2397.9	98.8853
2399.83	98.877
2401.76	98.9002
2403.69	98.9169
2405.62	98.9054
2407.55	98.86
2409.48	98.8515
2411.4	98.9577
2413.33	99.1074
2415.26	99.1626
2417.19	99.1336
2419.12	99.1047
2421.05	99.0479
2422.98	98.9407
2424.91	98.8933
2426.84	98.9663
2428.77	99.0561
2430.7	99.0539
2432.62	98.9879
2434.55	98.9774
2436.48	99.0486
2438.41	99.0637
2440.34	98.9601
2442.27	98.8907
2444.2	98.9755
2446.13	99.1353
2448.06	99.2227
2449.99	99.1611
2451.92	99.0354
2453.85	99.0269
2455.77	99.1359
2457.7	99.1767
2459.63	99.1134
2461.56	99.0803
2463.49	99.1048
2465.42	99.1017
2467.35	99.0569
2469.28	99.0355
2471.21	99.066
2473.14	99.1025
2475.07	99.1121
2476.99	99.1305
2478.92	99.1636
2480.85	99.1416
2482.78	99.0533
2484.71	99.0016
2486.64	99.0603
2488.57	99.1692
2490.5	99.2312
2492.43	99.2536
2494.36	99.2706
2496.29	99.2165
2498.22	99.1006
2500.14	99.118
2502.07	99.3022
2504	99.395
2505.93	99.303
2507.86	99.237
2509.79	99.282
2511.72	99.3084
2513.65	99.2784
2515.58	99.2645
2517.51	99.2728
2519.44	99.2391
2521.36	99.1257
2523.29	99.0329
2525.22	99.1361
2527.15	99.3613
2529.08	99.3988
2531.01	99.2258
2532.94	99.1572
2534.87	99.2724
2536.8	99.3375
2538.73	99.2687
2540.66	99.1678
2542.58	99.0629
2544.51	98.9939
2546.44	99.0657
2548.37	99.2107
2550.3	99.2602
2552.23	99.2702
2554.16	99.3788
2556.09	99.488
2558.02	99.4739
2559.95	99.4351
2561.88	99.4445
2563.81	99.4153
2565.73	99.3374
2567.66	99.2925
2569.59	99.2952
2571.52	99.3449
2573.45	99.4244
2575.38	99.4334
2577.31	99.3705
2579.24	99.3898
2581.17	99.5169
2583.1	99.6248
2585.03	99.7052
2586.95	99.8319
2588.88	99.9442
2590.81	99.9258
2592.74	99.7921
2594.67	99.6502
2596.6	99.5521
2598.53	99.4709
2600.46	99.3771
2602.39	99.2813
2604.32	99.2373
2606.25	99.3105
2608.18	99.455
2610.1	99.4853
2612.03	99.3251
2613.96	99.1533
2615.89	99.1267
2617.82	99.1501
2619.75	99.0924
2621.68	99.0182
2623.61	99.0378
2625.54	99.1064
2627.47	99.1109
2629.4	99.0184
2631.32	98.8714
2633.25	98.7667
2635.18	98.8254
2637.11	99.0278
2639.04	99.1636
2640.97	99.1032
2642.9	98.9748
2644.83	98.931
2646.76	98.9268
2648.69	98.8648
2650.62	98.7923
2652.54	98.8185
2654.47	98.9333
2656.4	99.0183
2658.33	99.001
2660.26	98.9156
2662.19	98.8185
2664.12	98.7308
2666.05	98.6807
2667.98	98.7059
2669.91	98.7663
2671.84	98.7616
2673.77	98.6794
2675.69	98.6164
2677.62	98.6209
2679.55	98.6376
2681.48	98.6288
2683.41	98.624
2685.34	98.6376
2687.27	98.6512
2689.2	98.6687
2691.13	98.6873
2693.06	98.6606
2694.99	98.5895
2696.91	98.5509
2698.84	98.5632
2700.77	98.5699
2702.7	98.5614
2704.63	98.546
2706.56	98.4905
2708.49	98.4212
2710.42	98.4067
2712.35	98.411
2714.28	98.3688
2716.21	98.321
2718.14	98.309
2720.06	98.3119
2721.99	98.342
2723.92	98.4016
2725.85	98.4169
2727.78	98.3832
2729.71	98.4058
2731.64	98.4713
2733.57	98.4264
2735.5	98.2891
2737.43	98.2687
2739.36	98.3788
2741.28	98.3916
2743.21	98.2557
2745.14	98.1654
2747.07	98.1958
2749	98.2398
2750.93	98.2477
2752.86	98.2595
2754.79	98.3062
2756.72	98.3819
2758.65	98.4206
2760.58	98.3731
2762.51	98.3162
2764.43	98.3181
2766.36	98.3082
2768.29	98.2372
2770.22	98.171
2772.15	98.1518
2774.08	98.1449
2776.01	98.1098
2777.94	98.0453
2779.87	98.0117
2781.8	98.0533
2783.73	98.0988
2785.65	98.0771
2787.58	98.0313
2789.51	98.0014
2791.44	97.979
2793.37	97.9829
2795.3	98.0003
2797.23	97.9924
2799.16	98.0163
2801.09	98.0913
2803.02	98.0797
2804.95	97.9473
2806.87	97.8341
2808.8	97.7575
2810.73	97.6523
2812.66	97.599
2814.59	97.6265
2816.52	97.5745
2818.45	97.4042
2820.38	97.2723
2822.31	97.2459
2824.24	97.2864
2826.17	97.3685
2828.1	97.3701
2830.02	97.1391
2831.95	96.7947
2833.88	96.6085
2835.81	96.5821
2837.74	96.5071
2839.67	96.3702
2841.6	96.3057
2843.53	96.2422
2845.46	96.0169
2847.39	95.7271
2849.32	95.5592
2851.24	95.441
2853.17	95.2121
2855.1	94.859
2857.03	94.3872
2858.96	93.8254
2860.89	93.3152
2862.82	92.9026
2864.75	92.5076
2866.68	92.192
2868.61	92.0344
2870.54	91.8847
2872.47	91.6852
2874.39	91.6654
2876.32	91.8922
2878.25	92.1106
2880.18	92.1974
2882.11	92.3174
2884.04	92.5498
2885.97	92.7341
2887.9	92.7742
2889.83	92.7987
2891.76	92.878
2893.69	92.9127
2895.61	92.9282
2897.54	93.0381
2899.47	93.1102
2901.4	92.9694
2903.33	92.7583
2905.26	92.6798
2907.19	92.7209
2909.12	92.8
2911.05	92.8292
2912.98	92.7082
2914.91	92.4744
2916.83	92.2409
2918.76	91.9729
2920.69	91.5705
2922.62	91.0341
2924.55	90.3795
2926.48	89.6053
2928.41	88.8612
2930.34	88.4548
2932.27	88.5442
2934.2	88.9214
2936.13	89.2734
2938.06	89.5577
2939.98	89.8726
2941.91	90.1251
2943.84	90.1364
2945.77	89.9215
2947.7	89.6035
2949.63	89.2022
2951.56	88.6893
2953.49	88.0908
2955.42	87.4646
2957.35	86.9684
2959.28	86.8363
2961.2	87.0856
2963.13	87.5837
2965.06	88.4644
2966.99	89.838
2968.92	91.2139
2970.85	92.0224
2972.78	92.3733
2974.71	92.5921
2976.64	92.7291
2978.57	92.9032
2980.5	93.2582
2982.43	93.6165
2984.35	93.8339
2986.28	94.0591
2988.21	94.3401
2990.14	94.6036
2992.07	94.9236
2994	95.2872
2995.93	95.5472
2997.86	95.8
2999.79	96.2078
3001.72	96.6286
3003.65	96.9224
3005.57	97.1916
3007.5	97.4864
3009.43	97.725
3011.36	97.8573
3013.29	97.8712
3015.22	97.8726
3017.15	98.0495
3019.08	98.3353
3021.01	98.521
3022.94	98.67
3024.87	98.839
3026.79	98.8227
3028.72	98.7115
3030.65	98.8982
3032.58	99.2375
3034.51	99.1815
3036.44	98.791
3038.37	98.6191
3040.3	98.7524
3042.23	98.8127
3044.16	98.6748
3046.09	98.5571
3048.02	98.6318
3049.94	98.8745
3051.87	99.1241
3053.8	99.2328
3055.73	99.2328
3057.66	99.2081
3059.59	99.0711
3061.52	98.8232
3063.45	98.7915
3065.38	99.1082
3067.31	99.3696
3069.24	99.3175
3071.16	99.2271
3073.09	99.2253
3075.02	99.0431
3076.95	98.6768
3078.88	98.4921
3080.81	98.6265
3082.74	98.8714
3084.67	99.0055
3086.6	98.9628
3088.53	98.862
3090.46	98.851
3092.39	98.8493
3094.31	98.7334
3096.24	98.6363
3098.17	98.6621
3100.1	98.6594
3102.03	98.5755
3103.96	98.5392
3105.89	98.5412
3107.82	98.4985
3109.75	98.4617
3111.68	98.4847
3113.61	98.5622
3115.53	98.6794
3117.46	98.7215
3119.39	98.608
3121.32	98.5011
3123.25	98.4876
3125.18	98.3826
3127.11	98.2228
3129.04	98.3552
3130.97	98.7825
3132.9	99.1177
3134.83	99.2047
3136.75	99.1682
3138.68	99.0459
3140.61	98.8707
3142.54	98.7851
3144.47	98.7932
3146.4	98.7285
3148.33	98.5521
3150.26	98.4224
3152.19	98.4656
3154.12	98.592
3156.05	98.604
3157.98	98.4953
3159.9	98.454
3161.83	98.5394
3163.76	98.6929
3165.69	98.9477
3167.62	99.1956
3169.55	99.1311
3171.48	98.8218
3173.41	98.6783
3175.34	98.6895
3177.27	98.5416
3179.2	98.3443
3181.12	98.3929
3183.05	98.5934
3184.98	98.7039
3186.91	98.6568
3188.84	98.5004
3190.77	98.4083
3192.7	98.5171
3194.63	98.6346
3196.56	98.5146
3198.49	98.2522
3200.42	98.0982
3202.35	98.2045
3204.27	98.5361
3206.2	98.7957
3208.13	98.7376
3210.06	98.5228
3211.99	98.4065
3213.92	98.399
3215.85	98.4138
3217.78	98.3657
3219.71	98.2229
3221.64	98.1331
3223.57	98.2011
3225.49	98.2861
3227.42	98.2756
3229.35	98.2058
3231.28	98.0961
3233.21	98.0383
3235.14	98.2166
3237.07	98.5891
3239	98.8284
3240.93	98.6976
3242.86	98.3303
3244.79	98.0775
3246.72	98.0928
3248.64	98.1903
3250.57	98.1846
3252.5	98.1198
3254.43	98.1044
3256.36	98.1642
3258.29	98.2603
3260.22	98.3225
3262.15	98.2974
3264.08	98.1791
3266.01	98.0213
3267.94	97.9329
3269.86	97.9418
3271.79	97.9567
3273.72	97.9872
3275.65	98.1156
3277.58	98.2178
3279.51	98.1602
3281.44	98.1237
3283.37	98.2496
3285.3	98.3162
3287.23	98.1533
3289.16	97.9247
3291.08	97.8055
3293.01	97.8074
3294.94	97.892
3296.87	97.9788
3298.8	98.0099
3300.73	98.0242
3302.66	97.9833
3304.59	97.7939
3306.52	97.5995
3308.45	97.626
3310.38	97.8066
3312.31	97.9199
3314.23	97.8769
3316.16	97.7147
3318.09	97.5722
3320.02	97.5676
3321.95	97.5858
3323.88	97.4933
3325.81	97.4268
3327.74	97.4734
3329.67	97.4425
3331.6	97.2859
3333.53	97.2275
3335.45	97.3259
3337.38	97.4105
3339.31	97.3922
3341.24	97.2758
3343.17	97.117
3345.1	97.0881
3347.03	97.2278
3348.96	97.3063
3350.89	97.2583
3352.82	97.2631
3354.75	97.3087
3356.68	97.2738
3358.6	97.2456
3360.53	97.2795
3362.46	97.2257
3364.39	97.0396
3366.32	96.8838
3368.25	96.8953
3370.18	97.0553
3372.11	97.2068
3374.04	97.2079
3375.97	97.1113
3377.9	97.0614
3379.82	97.1069
3381.75	97.2129
3383.68	97.2758
3385.61	97.182
3387.54	96.9953
3389.47	96.9007
3391.4	96.9345
3393.33	96.9755
3395.26	96.9512
3397.19	96.9177
3399.12	96.9597
3401.04	97.0512
3402.97	97.059
3404.9	96.9514
3406.83	96.8869
3408.76	96.958
3410.69	97.0109
3412.62	96.8967
3414.55	96.7013
3416.48	96.5563
3418.41	96.467
3420.34	96.4429
3422.27	96.5075
3424.19	96.556
3426.12	96.53
3428.05	96.5856
3429.98	96.8114
3431.91	97.01
3433.84	96.9646
3435.77	96.7589
3437.7	96.6865
3439.63	96.8699
3441.56	97.0998
3443.49	97.1339
3445.41	96.9885
3447.34	96.8308
3449.27	96.8099
3451.2	96.9326
3453.13	96.9708
3455.06	96.7866
3456.99	96.7115
3458.92	97.029
3460.85	97.3509
3462.78	97.2634
3464.71	97.0585
3466.64	97.0708
3468.56	97.0898
3470.49	96.9884
3472.42	96.9946
3474.35	97.0616
3476.28	96.9155
3478.21	96.7296
3480.14	96.8434
3482.07	97.0882
3484	97.1178
3485.93	97.0426
3487.86	97.1098
3489.78	97.2259
3491.71	97.2463
3493.64	97.2862
3495.57	97.4079
3497.5	97.4266
3499.43	97.2682
3501.36	97.0886
3503.29	96.9614
3505.22	96.8431
3507.15	96.7559
3509.08	96.7151
3511	96.6634
3512.93	96.5797
3514.86	96.5054
3516.79	96.5344
3518.72	96.748
3520.65	97.0155
3522.58	97.1329
3524.51	97.1776
3526.44	97.264
3528.37	97.1776
3530.3	96.8329
3532.23	96.5878
3534.15	96.655
3536.08	96.8218
3538.01	96.8645
3539.94	96.8013
3541.87	96.6787
3543.8	96.4989
3545.73	96.4339
3547.66	96.7001
3549.59	97.1074
3551.52	97.2516
3553.45	97.0408
3555.37	96.7329
3557.3	96.4853
3559.23	96.2948
3561.16	96.2243
3563.09	96.3051
3565.02	96.5182
3566.95	96.8824
3568.88	97.1902
3570.81	97.2244
3572.74	97.1938
3574.67	97.3014
3576.6	97.3846
3578.52	97.2618
3580.45	97.1222
3582.38	97.2225
3584.31	97.5823
3586.24	98.0599
3588.17	98.2901
3590.1	98.1303
3592.03	98.0427
3593.96	98.2105
3595.89	98.3078
3597.82	98.2567
3599.74	98.409
3601.67	98.7651
3603.6	99.0174
3605.53	99.1321
3607.46	99.1898
3609.39	99.1697
3611.32	99.0868
3613.25	98.9185
3615.18	98.7275
3617.11	98.8487
3619.04	99.3672
3620.97	99.7508
3622.89	99.6997
3624.82	99.5641
3626.75	99.5814
3628.68	99.6249
3630.61	99.3994
3632.54	99.0869
3634.47	99.1014
3636.4	99.402
3638.33	99.4841
3640.26	99.2747
3642.19	99.2409
3644.11	99.3936
3646.04	99.3812
3647.97	99.5445
3649.9	100.305
3651.83	100.487
3653.76	99.7397
3655.69	98.9897
3657.62	98.8752
3659.55	99.0998
3661.48	99.2914
3663.41	99.5629
3665.33	99.8517
3667.26	99.9283
3669.19	99.9008
3671.12	100.033
3673.05	100.147
3674.98	99.9552
3676.91	99.5381
3678.84	99.2363
3680.77	99.17
3682.7	99.2966
3684.63	99.5009
3686.56	99.7442
3688.48	100.114
3690.41	100.286
3692.34	99.9102
3694.27	99.4689
3696.2	99.3707
3698.13	99.4986
3700.06	99.6542
3701.99	99.8296
3703.92	99.8682
3705.85	99.6415
3707.78	99.4733
3709.7	99.7748
3711.63	100.255
3713.56	100.123
3715.49	99.6651
3717.42	99.5523
3719.35	99.8112
3721.28	99.9705
3723.21	99.8785
3725.14	99.9327
3727.07	100.256
3729	100.473
3730.93	100.395
3732.85	100.309
3734.78	100.65
3736.71	101.033
3738.64	100.712
3740.57	100.073
3742.5	99.8086
3744.43	100.143
3746.36	100.411
3748.29	100.203
3750.22	99.9233
3752.15	99.8344
3754.07	99.7954
3756	99.7448
3757.93	99.7842
3759.86	99.857
3761.79	99.7898
3763.72	99.637
3765.65	99.5771
3767.58	99.6794
3769.51	99.8655
3771.44	99.9557
3773.37	99.8174
3775.29	99.5951
3777.22	99.5615
3779.15	99.7432
3781.08	99.8283
3783.01	99.6988
3784.94	99.546
3786.87	99.4873
3788.8	99.5026
3790.73	99.5537
3792.66	99.5881
3794.59	99.5585
3796.52	99.5203
3798.44	99.6214
3800.37	99.9114
3802.3	100.146
3804.23	100.101
3806.16	99.9919
3808.09	99.9785
3810.02	99.8775
3811.95	99.6234
3813.88	99.3997
3815.81	99.3567
3817.74	99.4811
3819.66	99.7157
3821.59	99.9116
3823.52	99.8246
3825.45	99.6187
3827.38	99.5784
3829.31	99.6967
3831.24	99.8126
3833.17	99.8307
3835.1	99.7472
3837.03	99.715
3838.96	99.9104
3840.89	100.077
3842.81	99.8888
3844.74	99.5369
3846.67	99.3798
3848.6	99.4663
3850.53	99.6674
3852.46	99.9822
3854.39	100.297
3856.32	100.228
3858.25	99.8737
3860.18	99.5743
3862.11	99.5613
3864.03	99.7105
3865.96	99.6515
3867.89	99.4514
3869.82	99.4792
3871.75	99.7124
3873.68	99.761
3875.61	99.6201
3877.54	99.5449
3879.47	99.556
3881.4	99.5508
3883.33	99.6214
3885.25	99.8249
3887.18	99.926
3889.11	99.8255
3891.04	99.6995
3892.97	99.6178
3894.9	99.5443
3896.83	99.5521
3898.76	99.6706
3900.69	99.7494
3902.62	99.7575
3904.55	99.8525
3906.48	99.9338
3908.4	99.861
3910.33	99.7404
3912.26	99.6475
3914.19	99.5495
3916.12	99.5143
3918.05	99.5809
3919.98	99.5406
3921.91	99.3745
3923.84	99.3743
3925.77	99.5586
3927.7	99.6244
3929.62	99.5779
3931.55	99.6581
3933.48	99.8035
3935.41	99.7801
3937.34	99.5914
3939.27	99.3747
3941.2	99.2761
3943.13	99.3732
3945.06	99.5454
3946.99	99.677
3948.92	99.7774
3950.85	99.7224
3952.77	99.4401
3954.7	99.2491
3956.63	99.3722
3958.56	99.5178
3960.49	99.4622
3962.42	99.4484
3964.35	99.5723
3966.28	99.5642
3968.21	99.3753
3970.14	99.2552
3972.07	99.2809
3973.99	99.3226
3975.92	99.3573
3977.85	99.443
3979.78	99.528
3981.71	99.5368
3983.64	99.4882
3985.57	99.4051
3987.5	99.2938
3989.43	99.2149
3991.36	99.1892
3993.29	99.1768
3995.22	99.2278
3997.14	99.3783
