499.643	87.7743
501.572	87.9984
503.501	88.7092
505.43	89.1444
507.36	89.1791
509.289	88.6059
511.218	87.6474
513.147	87.234
515.076	87.5266
517.005	87.6783
518.934	87.473
520.863	87.4816
522.792	87.6122
524.722	87.4395
526.651	87.1809
528.58	87.2496
530.509	87.5593
532.438	87.8441
534.367	88.0157
536.296	88.1433
538.225	88.3143
540.155	88.5468
542.084	88.8044
544.013	89.0564
545.942	89.3482
547.871	89.7155
549.8	89.9509
551.729	89.772
553.658	89.2989
555.588	88.9833
557.517	89.1047
559.446	89.5715
561.375	90.0354
563.304	90.1926
565.233	90.1505
567.162	90.1942
569.091	90.2301
571.021	90.0523
572.95	89.9205
574.879	90.1256
576.808	90.3907
578.737	90.3203
580.666	90.0143
582.595	89.7182
584.524	89.421
586.454	88.9981
588.383	88.3266
590.312	87.4022
592.241	86.6241
594.17	86.4365
596.099	86.6155
598.028	86.6696
599.957	86.6325
601.887	86.8465
603.816	87.3505
605.745	87.9503
607.674	88.4899
609.603	88.8657
611.532	89.1461
613.461	89.5679
615.39	90.0947
617.32	90.3038
619.249	90.0398
621.178	89.7173
623.107	89.6696
625.036	89.8115
626.965	89.9598
628.894	90.0319
630.823	89.9311
632.753	89.5625
634.682	88.9911
636.611	88.3962
638.54	87.8219
640.469	87.0457
642.398	85.8604
644.327	84.441
646.256	83.1444
648.186	82.1798
650.115	81.6705
652.044	81.578
653.973	81.7476
655.902	82.1299
657.831	82.7005
659.76	83.4992
661.689	84.5869
663.619	85.802
665.548	87.2372
667.477	89.2553
669.406	90.8312
671.335	91.1552
673.264	91.4099
675.193	91.8729
677.122	92.1797
679.052	92.3559
680.981	92.5937
682.91	92.764
684.839	92.8572
686.768	93.0221
688.697	93.1726
690.626	93.1936
692.555	93.1827
694.485	93.2343
696.414	93.3228
698.343	93.3612
700.272	93.2843
702.201	93.176
704.13	93.1682
706.059	93.202
707.988	93.1736
709.917	93.1827
711.847	93.3021
713.776	93.3765
715.705	93.3361
717.634	93.3325
719.563	93.377
721.492	93.2735
723.421	93.0181
725.35	92.8251
727.28	92.7537
729.209	92.6492
731.138	92.4051
733.067	92.0884
734.996	91.8015
736.925	91.5418
738.854	91.2443
740.783	90.8813
742.713	90.453
744.642	89.9949
746.571	89.6554
748.5	89.6048
750.429	89.8387
752.358	90.2138
754.287	90.625
756.216	91.0222
758.146	91.3466
760.075	91.5666
762.004	91.7213
763.933	91.8846
765.862	92.0986
767.791	92.3181
769.72	92.4549
771.649	92.5087
773.579	92.5487
775.508	92.5624
777.437	92.5002
779.366	92.4305
781.295	92.4272
783.224	92.4078
785.153	92.2857
787.082	92.1139
789.012	91.9374
790.941	91.6845
792.87	91.2652
794.799	90.6544
796.728	89.8864
798.657	88.991
800.586	87.9158
802.515	86.5508
804.445	84.7408
806.374	82.2413
808.303	78.9797
810.232	75.5412
812.161	73.0593
814.09	72.4165
816.019	73.686
817.948	76.2278
819.878	79.1275
821.807	81.6855
823.736	83.6681
825.665	85.162
827.594	86.2776
829.523	87.0489
831.452	87.5235
833.381	87.7903
835.311	87.8736
837.24	87.7121
839.169	87.2944
841.098	86.7197
843.027	86.1048
844.956	85.5423
846.885	85.158
848.814	85.0752
850.744	85.2598
852.673	85.5214
854.602	85.7442
856.531	85.981
858.46	86.2615
860.389	86.512
862.318	86.7022
864.247	86.8461
866.177	86.8664
868.106	86.6733
870.035	86.3082
871.964	85.8451
873.893	85.2785
875.822	84.6154
877.751	83.9482
879.68	83.3887
881.609	83.0177
883.539	82.8823
885.468	82.9607
887.397	83.1358
889.326	83.2689
891.255	83.3171
893.184	83.3436
895.113	83.4226
897.042	83.6087
898.972	83.9983
900.901	84.6951
902.83	85.6638
904.759	86.7128
906.688	87.6584
908.617	88.4196
910.546	88.9509
912.475	89.2065
914.405	89.1855
916.334	88.9201
918.263	88.4089
920.192	87.6095
922.121	86.4748
924.05	84.9609
925.979	83.0028
927.908	80.5131
929.838	77.4728
931.767	74.0621
933.696	70.6455
935.625	67.6172
937.554	65.2972
939.483	63.8914
941.412	63.4212
943.341	63.7134
945.271	64.5317
947.2	65.7044
949.129	67.1414
951.058	68.7936
952.987	70.575
954.916	72.3375
956.845	73.9792
958.774	75.5192
960.704	77.032
962.633	78.6188
964.562	80.4087
966.491	82.4338
968.42	84.5315
970.349	86.4509
972.278	88.004
974.207	89.1393
976.137	89.9367
978.066	90.4754
979.995	90.7193
981.924	90.6165
983.853	90.2164
985.782	89.6165
987.711	88.9421
989.64	88.3839
991.57	88.044
993.499	87.7509
995.428	87.1773
997.357	86.0949
999.286	84.4913
1001.22	82.629
1003.14	80.9992
1005.07	79.9881
1007	79.5886
1008.93	79.6102
1010.86	80.0263
1012.79	80.8474
1014.72	81.7854
1016.65	82.3617
1018.58	82.3028
1020.51	81.6014
1022.44	80.3075
1024.36	78.5581
1026.29	76.7519
1028.22	75.3711
1030.15	74.5359
1032.08	73.9181
1034.01	73.1754
1035.94	72.3078
1037.87	71.5222
1039.8	70.9494
1041.73	70.628
1043.66	70.6149
1045.58	70.9656
1047.51	71.6475
1049.44	72.5241
1051.37	73.4001
1053.3	74.1106
1055.23	74.6307
1057.16	75.0814
1059.09	75.5807
1061.02	76.0953
1062.95	76.4439
1064.88	76.4397
1066.81	76.0802
1068.73	75.6455
1070.66	75.5266
1072.59	75.8963
1074.52	76.6342
1076.45	77.5519
1078.38	78.525
1080.31	79.4249
1082.24	80.1147
1084.17	80.5292
1086.1	80.6612
1088.03	80.5133
1089.95	80.0981
1091.88	79.4275
1093.81	78.5113
1095.74	77.3964
1097.67	76.1522
1099.6	74.8102
1101.53	73.3687
1103.46	71.8382
1105.39	70.2346
1107.32	68.5561
1109.25	66.806
1111.18	65.0165
1113.1	63.2293
1115.03	61.4689
1116.96	59.7458
1118.89	58.0687
1120.82	56.4512
1122.75	54.9085
1124.68	53.4332
1126.61	51.9595
1128.54	50.366
1130.47	48.5297
1132.4	46.3868
1134.32	43.9753
1136.25	41.4453
1138.18	39.0006
1140.11	36.8315
1142.04	35.1096
1143.97	33.977
1145.9	33.4863
1147.83	33.6017
1149.76	34.269
1151.69	35.4316
1153.62	37.0017
1155.55	38.8665
1157.47	40.9216
1159.4	43.0886
1161.33	45.2891
1163.26	47.4127
1165.19	49.3612
1167.12	51.1038
1169.05	52.6456
1170.98	54.0156
1172.91	55.3101
1174.84	56.651
1176.77	58.0992
1178.69	59.6638
1180.62	61.3348
1182.55	63.0847
1184.48	64.9043
1186.41	66.8106
1188.34	68.7854
1190.27	70.7869
1192.2	72.8279
1194.13	74.9526
1196.06	77.1521
1197.99	79.3669
1199.91	81.5367
1201.84	83.5929
1203.77	85.4383
1205.7	87.0044
1207.63	88.2985
1209.56	89.3631
1211.49	90.3231
1213.42	91.3977
1215.35	92.5015
1217.28	93.0286
1219.21	92.6515
1221.14	91.9844
1223.06	91.7477
1224.99	91.8828
1226.92	91.9061
1228.85	91.5702
1230.78	90.8842
1232.71	89.9224
1234.64	88.8111
1236.57	87.6788
1238.5	86.6184
1240.43	85.723
1242.36	85.0636
1244.28	84.6565
1246.21	84.5012
1248.14	84.5959
1250.07	84.9041
1252	85.344
1253.93	85.8134
1255.86	86.2129
1257.79	86.4551
1259.72	86.4825
1261.65	86.2967
1263.58	85.9437
1265.51	85.4805
1267.43	84.9815
1269.36	84.5065
1271.29	84.0356
1273.22	83.5144
1275.15	82.9464
1277.08	82.3479
1279.01	81.6282
1280.94	80.5651
1282.87	78.8989
1284.8	76.3972
1286.73	72.8898
1288.65	68.5593
1290.58	64.2882
1292.51	61.3337
1294.44	60.5409
1296.37	61.9434
1298.3	64.887
1300.23	68.4006
1302.16	71.6006
1304.09	73.9419
1306.02	75.1994
1307.95	75.351
1309.87	74.586
1311.8	73.3713
1313.73	72.335
1315.66	71.8196
1317.59	71.6855
1319.52	71.8181
1321.45	72.45
1323.38	73.7739
1325.31	75.6621
1327.24	77.8153
1329.17	80.0212
1331.1	82.231
1333.02	84.2958
1334.95	85.9587
1336.88	87.1909
1338.81	88.1269
1340.74	88.8346
1342.67	89.4501
1344.6	90.2094
1346.53	91.1977
1348.46	92.2531
1350.39	93.1368
1352.32	93.7526
1354.24	94.1107
1356.17	94.21
1358.1	94.0896
1360.03	93.8322
1361.96	93.3788
1363.89	92.5175
1365.82	91.3024
1367.75	90.2465
1369.68	89.9185
1371.61	90.1867
1373.54	90.2003
1375.47	89.5027
1377.39	88.6661
1379.32	88.299
1381.25	88.4329
1383.18	88.7899
1385.11	89.11
1387.04	89.2588
1388.97	89.2014
1390.9	89.0317
1392.83	88.8126
1394.76	88.5229
1396.69	88.0872
1398.61	87.4477
1400.54	86.8109
1402.47	86.5672
1404.4	86.9065
1406.33	87.6347
1408.26	88.358
1410.19	88.9854
1412.12	89.5506
1414.05	89.9541
1415.98	90.2166
1417.91	90.4406
1419.83	90.5783
1421.76	90.5233
1423.69	90.2505
1425.62	89.8435
1427.55	89.3862
1429.48	88.6919
1431.41	87.6707
1433.34	86.6192
1435.27	85.5727
1437.2	84.418
1439.13	83.5021
1441.06	82.9168
1442.98	82.3817
1444.91	81.7538
1446.84	80.9337
1448.77	79.8466
1450.7	78.8981
1452.63	78.6114
1454.56	79.0561
1456.49	80.4009
1458.42	82.2376
1460.35	83.442
1462.28	84.3958
1464.2	85.6378
1466.13	86.917
1468.06	87.8041
1469.99	88.5944
1471.92	89.5189
1473.85	90.2315
1475.78	90.567
1477.71	90.8559
1479.64	91.1925
1481.57	91.5786
1483.5	92.0328
1485.43	92.5325
1487.35	93.1162
1489.28	93.7947
1491.21	94.3248
1493.14	94.6772
1495.07	95.0997
1497	95.6658
1498.93	96.1177
1500.86	96.2968
1502.79	96.3931
1504.72	96.6413
1506.65	97.1626
1508.57	97.4096
1510.5	97.219
1512.43	97.0824
1514.36	97.1462
1516.29	97.293
1518.22	97.395
1520.15	97.4901
1522.08	97.5925
1524.01	97.6403
1525.94	97.6067
1527.87	97.4927
1529.8	97.388
1531.72	97.4036
1533.65	97.4963
1535.58	97.5073
1537.51	97.5107
1539.44	97.6961
1541.37	97.9106
1543.3	97.7846
1545.23	97.53
1547.16	97.3675
1549.09	97.3477
1551.02	97.3835
1552.94	97.3549
1554.87	97.3302
1556.8	97.4933
1558.73	97.7518
1560.66	97.6523
1562.59	97.4092
1564.52	97.2574
1566.45	97.1995
1568.38	97.1872
1570.31	97.1016
1572.24	96.9802
1574.16	96.9881
1576.09	97.0901
1578.02	97.0297
1579.95	96.8437
1581.88	96.7098
1583.81	96.6352
1585.74	96.5707
1587.67	96.502
1589.6	96.4507
1591.53	96.4389
1593.46	96.4375
1595.39	96.3933
1597.31	96.2973
1599.24	96.1779
1601.17	96.0689
1603.1	95.9863
1605.03	95.9101
1606.96	95.8183
1608.89	95.6587
1610.82	95.3881
1612.75	95.1327
1614.68	94.9579
1616.61	94.626
1618.53	94.0554
1620.46	93.473
1622.39	92.7129
1624.32	91.6706
1626.25	90.6295
1628.18	89.4666
1630.11	88.0741
1632.04	86.8485
1633.97	85.7959
1635.9	84.4981
1637.83	83.7393
1639.76	84.7147
1641.68	86.9698
1643.61	89.5204
1645.54	91.9314
1647.47	93.8173
1649.4	94.6261
1651.33	94.9398
1653.26	95.4719
1655.19	95.7734
1657.12	95.5856
1659.05	95.4131
1660.98	95.372
1662.9	95.2897
1664.83	95.0489
1666.76	94.8241
1668.69	94.7495
1670.62	94.6519
1672.55	94.363
1674.48	93.9617
1676.41	93.4054
1678.34	92.8116
1680.27	92.366
1682.2	91.9458
1684.12	91.3975
1686.05	90.7266
1687.98	89.7701
1689.91	88.5317
1691.84	87.1579
1693.77	85.4433
1695.7	83.2708
1697.63	80.8687
1699.56	77.6665
1701.49	73.619
1703.42	70.0211
1705.35	66.5449
1707.27	62.4883
1709.2	58.7677
1711.13	55.9352
1713.06	53.5405
1714.99	51.8579
1716.92	51.2537
1718.85	51.1273
1720.78	51.8836
1722.71	54.0473
1724.64	57.2883
1726.57	61.4106
1728.49	66.1372
1730.42	70.875
1732.35	75.7877
1734.28	81.2399
1736.21	85.6875
1738.14	88.491
1740.07	90.7249
1742	92.8485
1743.93	94.5409
1745.86	95.9706
1747.79	97.4267
1749.72	98.6668
1751.64	99.5089
1753.57	100.089
1755.5	100.434
1757.43	100.625
1759.36	100.729
1761.29	100.636
1763.22	100.338
1765.15	99.9522
1767.08	99.5764
1769.01	99.3755
1770.94	99.378
1772.86	99.2704
1774.79	98.9572
1776.72	98.683
1778.65	98.5228
1780.58	98.4089
1782.51	98.2781
1784.44	98.1942
1786.37	98.277
1788.3	98.4449
1790.23	98.5461
1792.16	98.573
1794.08	98.5188
1796.01	98.3821
1797.94	98.2764
1799.87	98.2657
1801.8	98.2786
1803.73	98.2568
1805.66	98.2161
1807.59	98.1915
1809.52	98.2066
1811.45	98.1896
1813.38	98.1129
1815.31	98.1279
1817.23	98.2665
1819.16	98.322
1821.09	98.2396
1823.02	98.1944
1824.95	98.2438
1826.88	98.2762
1828.81	98.2579
1830.74	98.2712
1832.67	98.3313
1834.6	98.3707
1836.53	98.3764
1838.45	98.3671
1840.38	98.3447
1842.31	98.3677
1844.24	98.4928
1846.17	98.576
1848.1	98.5378
1850.03	98.5336
1851.96	98.5988
1853.89	98.6093
1855.82	98.5689
1857.75	98.5724
1859.68	98.5915
1861.6	98.5873
1863.53	98.649
1865.46	98.8335
1867.39	99.0147
1869.32	98.9694
1871.25	98.7255
1873.18	98.5688
1875.11	98.6457
1877.04	98.8321
1878.97	98.8718
1880.9	98.7605
1882.82	98.7599
1884.75	98.932
1886.68	99.0272
1888.61	98.9312
1890.54	98.8338
1892.47	98.8747
1894.4	98.9579
1896.33	98.9808
1898.26	98.9782
1900.19	99.0301
1902.12	99.119
1904.05	99.1493
1905.97	99.0872
1907.9	99.0107
1909.83	99.0244
1911.76	99.1295
1913.69	99.2082
1915.62	99.2031
1917.55	99.1893
1919.48	99.2336
1921.41	99.2986
1923.34	99.3223
1925.27	99.2782
1927.19	99.2251
1929.12	99.2643
1931.05	99.3717
1932.98	99.4241
1934.91	99.4211
1936.84	99.4669
1938.77	99.585
1940.7	99.7213
1942.63	99.8154
1944.56	99.8014
1946.49	99.6519
1948.41	99.4389
1950.34	99.3221
1952.27	99.3886
1954.2	99.5098
1956.13	99.5058
1958.06	99.3828
1959.99	99.3178
1961.92	99.4328
1963.85	99.5987
1965.78	99.604
1967.71	99.5211
1969.64	99.5748
1971.56	99.7222
1973.49	99.8333
1975.42	99.9764
1977.35	100.18
1979.28	100.294
1981.21	100.24
1983.14	100.114
1985.07	100.061
1987	100.087
1988.93	100.037
1990.86	99.8868
1992.78	99.8558
1994.71	100.021
1996.64	100.191
1998.57	100.245
2000.5	100.195
2002.43	100.058
2004.36	99.9297
2006.29	99.9435
2008.22	100.033
2010.15	99.9992
2012.08	99.8812
2014.01	99.9248
2015.93	100.131
2017.86	100.256
2019.79	100.303
2021.72	100.445
2023.65	100.523
2025.58	100.32
2027.51	100.077
2029.44	100.109
2031.37	100.276
2033.3	100.321
2035.23	100.29
2037.15	100.262
2039.08	100.114
2041.01	99.8209
2042.94	99.6646
2044.87	99.8596
2046.8	100.23
2048.73	100.454
2050.66	100.442
2052.59	100.323
2054.52	100.205
2056.45	100.066
2058.37	99.8757
2060.3	99.7714
2062.23	99.9048
2064.16	100.157
2066.09	100.264
2068.02	100.174
2069.95	100.026
2071.88	99.9164
2073.81	99.8525
2075.74	99.8328
2077.67	99.9078
2079.6	100.103
2081.52	100.247
2083.45	100.111
2085.38	99.7734
2087.31	99.5263
2089.24	99.4889
2091.17	99.5721
2093.1	99.6923
2095.03	99.8173
2096.96	99.8961
2098.89	99.8578
2100.82	99.7233
2102.74	99.6592
2104.67	99.739
2106.6	99.7628
2108.53	99.6013
2110.46	99.4743
2112.39	99.5842
2114.32	99.8126
2116.25	99.9608
2118.18	99.9626
2120.11	99.8435
2122.04	99.702
2123.97	99.6479
2125.89	99.704
2127.82	99.848
2129.75	100.03
2131.68	100.144
2133.61	100.159
2135.54	100.133
2137.47	100.028
2139.4	99.8474
2141.33	99.8112
2143.26	99.9834
2145.19	100.079
2147.11	99.9874
2149.04	99.9135
2150.97	99.876
2152.9	99.7684
2154.83	99.7847
2156.76	100.083
2158.69	100.399
2160.62	100.541
2162.55	100.649
2164.48	100.678
2166.41	100.492
2168.33	100.376
2170.26	100.563
2172.19	100.683
2174.12	100.467
2176.05	100.26
2177.98	100.252
2179.91	100.155
2181.84	99.9459
2183.77	99.9414
2185.7	100.134
2187.63	100.254
2189.56	100.216
2191.48	100.084
2193.41	99.9695
2195.34	99.9694
2197.27	100
2199.2	100.009
2201.13	100.139
2203.06	100.315
2204.99	100.223
2206.92	99.9575
2208.85	99.9362
2210.78	100.137
2212.7	100.183
2214.63	100.055
2216.56	100.057
2218.49	100.22
2220.42	100.269
2222.35	100.145
2224.28	100.055
2226.21	100.09
2228.14	100.222
2230.07	100.436
2232	100.593
2233.93	100.567
2235.85	100.494
2237.78	100.457
2239.71	100.334
2241.64	100.169
2243.57	100.086
2245.5	100.023
2247.43	99.9947
2249.36	100.115
2251.29	100.251
2253.22	100.274
2255.15	100.332
2257.07	100.442
2259	100.428
2260.93	100.321
2262.86	100.279
2264.79	100.335
2266.72	100.453
2268.65	100.576
2270.58	100.655
2272.51	100.715
2274.44	100.735
2276.37	100.626
2278.29	100.425
2280.22	100.244
2282.15	100.154
2284.08	100.221
2286.01	100.372
2287.94	100.389
2289.87	100.294
2291.8	100.336
2293.73	100.492
2295.66	100.552
2297.59	100.576
2299.52	100.728
2301.44	100.928
2303.37	101.06
2305.3	101.181
2307.23	101.341
2309.16	101.509
2311.09	101.709
2313.02	102.007
2314.95	102.41
2316.88	102.883
2318.81	103.339
2320.74	103.6
2322.66	103.558
2324.59	103.411
2326.52	103.466
2328.45	103.822
2330.38	104.281
2332.31	104.556
2334.24	104.683
2336.17	104.904
2338.1	105.167
2340.03	105.239
2341.96	105.181
2343.89	104.959
2345.81	104.328
2347.74	103.681
2349.67	103.526
2351.6	103.882
2353.53	104.529
2355.46	105.397
2357.39	106.499
2359.32	107.255
2361.25	107.133
2363.18	106.555
2365.11	105.889
2367.03	105.174
2368.96	104.569
2370.89	104.004
2372.82	103.284
2374.75	102.5
2376.68	101.795
2378.61	101.127
2380.54	100.457
2382.47	99.8663
2384.4	99.4466
2386.33	99.2062
2388.26	99.0921
2390.18	99.0476
2392.11	99.0349
2394.04	99.0247
2395.97	98.9993
2397.9	98.9713
2399.83	98.9657
2401.76	98.976
2403.69	98.9744
2405.62	98.9535
2407.55	98.9171
2409.48	98.8845
2411.4	98.9174
2413.33	99.0158
2415.26	99.0474
2417.19	98.9706
2419.12	98.9513
2421.05	99.0464
2422.98	99.0958
2424.91	99.0719
2426.84	99.0936
2428.77	99.076
2430.7	98.8786
2432.62	98.6974
2434.55	98.7944
2436.48	99.0152
2438.41	99.0267
2440.34	98.8545
2442.27	98.7928
2444.2	98.9269
2446.13	99.0742
2448.06	99.1071
2449.99	99.0968
2451.92	99.1509
2453.85	99.2415
2455.77	99.254
2457.7	99.1773
2459.63	99.122
2461.56	99.1267
2463.49	99.116
2465.42	99.0586
2467.35	99.0028
2469.28	98.9961
2471.21	99.0549
2473.14	99.1356
2475.07	99.1784
2476.99	99.2256
2478.92	99.3144
2480.85	99.3212
2482.78	99.1908
2484.71	99.1154
2486.64	99.201
2488.57	99.2814
2490.5	99.2552
2492.43	99.2173
2494.36	99.1844
2496.29	99.0891
2498.22	98.9976
2500.14	99.007
2502.07	99.0673
2504	99.1088
2505.93	99.1591
2507.86	99.2397
2509.79	99.3057
2511.72	99.2966
2513.65	99.1996
2515.58	99.1002
2517.51	99.0845
2519.44	99.0977
2521.36	99.0917
2523.29	99.1718
2525.22	99.3475
2527.15	99.409
2529.08	99.2591
2531.01	99.056
2532.94	98.9723
2534.87	99.0787
2536.8	99.3305
2538.73	99.5074
2540.66	99.4145
2542.58	99.1702
2544.51	99.0601
2546.44	99.1804
2548.37	99.37
2550.3	99.4239
2552.23	99.3326
2554.16	99.2554
2556.09	99.2431
2558.02	99.2127
2559.95	99.1899
2561.88	99.2332
2563.81	99.2399
2565.73	99.165
2567.66	99.1414
2569.59	99.1768
2571.52	99.1583
2573.45	99.1577
2575.38	99.2828
2577.31	99.4271
2579.24	99.5055
2581.17	99.6008
2583.1	99.71
2585.03	99.7172
2586.95	99.6487
2588.88	99.6393
2590.81	99.6771
2592.74	99.6328
2594.67	99.5117
2596.6	99.4397
2598.53	99.4107
2600.46	99.3164
2602.39	99.1998
2604.32	99.1984
2606.25	99.3063
2608.18	99.4088
2610.1	99.4216
2612.03	99.3204
2613.96	99.1773
2615.89	99.1143
2617.82	99.132
2619.75	99.1246
2621.68	99.0798
2623.61	99.0793
2625.54	99.118
2627.47	99.0996
2629.4	99.0163
2631.32	98.9716
2633.25	99.0077
2635.18	99.0667
2637.11	99.1049
2639.04	99.0921
2640.97	99.0011
2642.9	98.9056
2644.83	98.9007
2646.76	98.9305
2648.69	98.904
2650.62	98.8639
2652.54	98.8758
2654.47	98.9216
2656.4	98.961
2658.33	98.9512
2660.26	98.8527
2662.19	98.704
2664.12	98.6073
2666.05	98.6179
2667.98	98.698
2669.91	98.7558
2671.84	98.721
2673.77	98.6125
2675.69	98.5253
2677.62	98.5256
2679.55	98.5724
2681.48	98.5936
2683.41	98.6059
2685.34	98.6419
2687.27	98.6401
2689.2	98.5732
2691.13	98.5241
2693.06	98.507
2694.99	98.4543
2696.91	98.3992
2698.84	98.4129
2700.77	98.4692
2702.7	98.5255
2704.63	98.5456
2706.56	98.4786
2708.49	98.3841
2710.42	98.3728
2712.35	98.3904
2714.28	98.3544
2716.21	98.3414
2718.14	98.3747
2720.06	98.3418
2721.99	98.2658
2723.92	98.284
2725.85	98.3707
2727.78	98.4065
2729.71	98.3988
2731.64	98.4018
2733.57	98.3905
2735.5	98.3574
2737.43	98.3612
2739.36	98.3823
2741.28	98.3084
2743.21	98.159
2745.14	98.1135
2747.07	98.2008
2749	98.2298
2750.93	98.1345
2752.86	98.0746
2754.79	98.1296
2756.72	98.2091
2758.65	98.2609
2760.58	98.3131
2762.51	98.3694
2764.43	98.393
2766.36	98.3347
2768.29	98.1949
2770.22	98.0833
2772.15	98.0871
2774.08	98.1313
2776.01	98.134
2777.94	98.1512
2779.87	98.2086
2781.8	98.2056
2783.73	98.1106
2785.65	98.0282
2787.58	98.0075
2789.51	97.9897
2791.44	97.9545
2793.37	97.9455
2795.3	97.9662
2797.23	97.9788
2799.16	97.9793
2801.09	97.976
2803.02	97.9246
2804.95	97.7791
2806.87	97.609
2808.8	97.5549
2810.73	97.6288
2812.66	97.688
2814.59	97.6647
2816.52	97.6441
2818.45	97.657
2820.38	97.6229
2822.31	97.5365
2824.24	97.4585
2826.17	97.3389
2828.1	97.0929
2830.02	96.7976
2831.95	96.6175
2833.88	96.5856
2835.81	96.5759
2837.74	96.4881
2839.67	96.3849
2841.6	96.3398
2843.53	96.2492
2845.46	96.0221
2847.39	95.7763
2849.32	95.5865
2851.24	95.3574
2853.17	95.093
2855.1	94.8317
2857.03	94.4156
2858.96	93.7984
2860.89	93.2295
2862.82	92.8374
2864.75	92.5164
2866.68	92.2356
2868.61	91.9923
2870.54	91.6982
2872.47	91.4297
2874.39	91.4211
2876.32	91.6808
2878.25	91.9498
2880.18	92.0804
2882.11	92.2136
2884.04	92.4951
2885.97	92.7952
2887.9	92.9347
2889.83	92.9907
2891.76	93.0623
2893.69	93.0541
2895.61	92.9802
2897.54	93.0326
2899.47	93.1876
2901.4	93.1923
2903.33	92.9737
2905.26	92.7384
2907.19	92.6918
2909.12	92.7821
2911.05	92.7573
2912.98	92.5162
2914.91	92.2356
2916.83	92.0411
2918.76	91.8053
2920.69	91.3944
2922.62	90.8586
2924.55	90.2685
2926.48	89.612
2928.41	88.9782
2930.34	88.6038
2932.27	88.5822
2934.2	88.7652
2936.13	89.0179
2938.06	89.2916
2939.98	89.5253
2941.91	89.726
2943.84	89.911
2945.77	89.9145
2947.7	89.602
2949.63	89.1179
2951.56	88.6261
2953.49	88.1065
2955.42	87.5397
2957.35	87.0327
2959.28	86.7937
2961.2	87
2963.13	87.5947
2965.06	88.4489
2966.99	89.5992
2968.92	90.8799
2970.85	91.7855
2972.78	92.1742
2974.71	92.4011
2976.64	92.6346
2978.57	92.8104
2980.5	92.991
2982.43	93.2231
2984.35	93.4666
2986.28	93.7746
2988.21	94.1473
2990.14	94.4951
2992.07	94.8838
2994	95.3466
2995.93	95.6947
2997.86	95.9106
2999.79	96.1914
3001.72	96.4984
3003.65	96.6914
3005.57	96.8943
3007.5	97.2172
3009.43	97.489
3011.36	97.5853
3013.29	97.6589
3015.22	97.862
3017.15	98.0821
3019.08	98.1452
3021.01	98.1588
3022.94	98.3482
3024.87	98.644
3026.79	98.8115
3028.72	98.8274
3030.65	98.8041
3032.58	98.7974
3034.51	98.8116
3036.44	98.7798
3038.37	98.6707
3040.3	98.6239
3042.23	98.6804
3044.16	98.6662
3046.09	98.6022
3048.02	98.6842
3049.94	98.8469
3051.87	98.9346
3053.8	98.9991
3055.73	99.0373
3057.66	98.9511
3059.59	98.8227
3061.52	98.7779
3063.45	98.8191
3065.38	98.9668
3067.31	99.1835
3069.24	99.286
3071.16	99.2095
3073.09	99.0739
3075.02	98.9534
3076.95	98.8654
3078.88	98.857
3080.81	98.9261
3082.74	98.9943
3084.67	98.9987
3086.6	98.9421
3088.53	98.8787
3090.46	98.8596
3092.39	98.8922
3094.31	98.9375
3096.24	98.9036
3098.17	98.7278
3100.1	98.4961
3102.03	98.358
3103.96	98.3678
3105.89	98.4956
3107.82	98.653
3109.75	98.7039
3111.68	98.6458
3113.61	98.6685
3115.53	98.8377
3117.46	98.9457
3119.39	98.8525
3121.32	98.7048
3123.25	98.668
3125.18	98.6956
3127.11	98.674
3129.04	98.6133
3130.97	98.6164
3132.9	98.7226
3134.83	98.8015
3136.75	98.7191
3138.68	98.6136
3140.61	98.6847
3142.54	98.7886
3144.47	98.7272
3146.4	98.7006
3148.33	98.858
3150.26	98.8793
3152.19	98.5772
3154.12	98.2665
3156.05	98.185
3157.98	98.2421
3159.9	98.3652
3161.83	98.5192
3163.76	98.6029
3165.69	98.6551
3167.62	98.7877
3169.55	98.9098
3171.48	98.9031
3173.41	98.8209
3175.34	98.6883
3177.27	98.4992
3179.2	98.395
3181.12	98.4767
3183.05	98.6473
3184.98	98.7989
3186.91	98.8657
3188.84	98.799
3190.77	98.7185
3192.7	98.7671
3194.63	98.7845
3196.56	98.5667
3198.49	98.2785
3200.42	98.1778
3202.35	98.2528
3204.27	98.3989
3206.2	98.5685
3208.13	98.6424
3210.06	98.5041
3211.99	98.287
3213.92	98.2642
3215.85	98.4364
3217.78	98.4956
3219.71	98.3271
3221.64	98.2213
3223.57	98.3653
3225.49	98.526
3227.42	98.4803
3229.35	98.3172
3231.28	98.1537
3233.21	98.0046
3235.14	97.9711
3237.07	98.1312
3239	98.3049
3240.93	98.2532
3242.86	98.0225
3244.79	97.9124
3246.72	98.1287
3248.64	98.467
3250.57	98.5015
3252.5	98.2017
3254.43	97.9908
3256.36	98.0591
3258.29	98.1751
3260.22	98.1827
3262.15	98.1057
3264.08	97.9614
3266.01	97.857
3267.94	97.8926
3269.86	97.9032
3271.79	97.7512
3273.72	97.6504
3275.65	97.8021
3277.58	98.0593
3279.51	98.2021
3281.44	98.211
3283.37	98.1432
3285.3	97.9963
3287.23	97.7989
3289.16	97.6712
3291.08	97.6663
3293.01	97.7037
3294.94	97.7558
3296.87	97.8518
3298.8	97.9113
3300.73	97.8743
3302.66	97.8224
3304.59	97.7523
3306.52	97.5803
3308.45	97.4178
3310.38	97.4437
3312.31	97.6061
3314.23	97.7259
3316.16	97.7243
3318.09	97.6507
3320.02	97.5871
3321.95	97.5279
3323.88	97.4358
3325.81	97.3892
3327.74	97.4598
3329.67	97.5647
3331.6	97.6162
3333.53	97.5757
3335.45	97.3883
3337.38	97.1437
3339.31	97.0371
3341.24	97.0492
3343.17	97.0862
3345.1	97.2358
3347.03	97.4335
3348.96	97.412
3350.89	97.2755
3352.82	97.3181
3354.75	97.3979
3356.68	97.2748
3358.6	97.1206
3360.53	97.1106
3362.46	97.088
3364.39	96.9344
3366.32	96.799
3368.25	96.845
3370.18	97.0192
3372.11	97.115
3374.04	97.033
3375.97	96.9471
3377.9	97.0808
3379.82	97.3601
3381.75	97.4761
3383.68	97.2862
3385.61	96.9841
3387.54	96.8334
3389.47	96.8859
3391.4	97.0062
3393.33	97.0234
3395.26	96.8795
3397.19	96.7206
3399.12	96.7354
3401.04	96.8839
3402.97	96.9574
3404.9	96.9153
3406.83	96.9328
3408.76	97.0707
3410.69	97.1533
3412.62	97.0678
3414.55	96.9093
3416.48	96.7403
3418.41	96.5455
3420.34	96.4458
3422.27	96.5556
3424.19	96.7288
3426.12	96.8394
3428.05	96.9556
3429.98	97.0364
3431.91	96.9585
3433.84	96.7817
3435.77	96.619
3437.7	96.558
3439.63	96.7451
3441.56	97.0885
3443.49	97.2305
3445.41	97.1593
3447.34	97.1726
3449.27	97.1798
3451.2	96.8903
3453.13	96.5067
3455.06	96.4669
3456.99	96.7947
3458.92	97.1448
3460.85	97.2709
3462.78	97.173
3464.71	96.9679
3466.64	96.7839
3468.56	96.7755
3470.49	97.0688
3472.42	97.545
3474.35	97.7985
3476.28	97.5336
3478.21	96.9724
3480.14	96.6049
3482.07	96.6494
3484	96.8858
3485.93	96.9835
3487.86	96.8997
3489.78	96.8976
3491.71	97.1533
3493.64	97.436
3495.57	97.4492
3497.5	97.3134
3499.43	97.289
3501.36	97.2899
3503.29	97.1599
3505.22	97.0077
3507.15	96.9089
3509.08	96.77
3511	96.5836
3512.93	96.4257
3514.86	96.3697
3516.79	96.5398
3518.72	96.8983
3520.65	97.1146
3522.58	97.0156
3524.51	96.8599
3526.44	96.8714
3528.37	96.8717
3530.3	96.6726
3532.23	96.4385
3534.15	96.389
3536.08	96.4848
3538.01	96.5917
3539.94	96.6899
3541.87	96.7167
3543.8	96.5281
3545.73	96.2809
3547.66	96.3961
3549.59	96.8139
3551.52	97.0409
3553.45	96.8914
3555.37	96.6705
3557.3	96.6196
3559.23	96.6797
3561.16	96.7375
3563.09	96.7199
3565.02	96.617
3566.95	96.591
3568.88	96.7836
3570.81	96.974
3572.74	97.0325
3574.67	97.1317
3576.6	97.3605
3578.52	97.512
3580.45	97.4175
3582.38	97.2013
3584.31	97.1407
3586.24	97.449
3588.17	97.9657
3590.1	98.1874
3592.03	98.2295
3593.96	98.5087
3595.89	98.8384
3597.82	98.7124
3599.74	98.3025
3601.67	98.1421
3603.6	98.3709
3605.53	98.8149
3607.46	99.2768
3609.39	99.4168
3611.32	99.1315
3613.25	98.842
3615.18	98.8678
3617.11	99.089
3619.04	99.2898
3620.97	99.3661
3622.89	99.3264
3624.82	99.3591
3626.75	99.6857
3628.68	100.107
3630.61	99.938
3632.54	99.421
3634.47	99.1839
3636.4	99.2298
3638.33	99.2364
3640.26	99.1416
3642.19	99.1238
3644.11	99.2578
3646.04	99.5883
3647.97	100.237
3649.9	100.729
3651.83	100.307
3653.76	99.5022
3655.69	98.9649
3657.62	98.8954
3659.55	99.0132
3661.48	99.0841
3663.41	99.1692
3665.33	99.2873
3667.26	99.415
3669.19	99.591
3671.12	99.6916
3673.05	99.5677
3674.98	99.3684
3676.91	99.278
3678.84	99.2725
3680.77	99.2952
3682.7	99.3377
3684.63	99.3724
3686.56	99.4744
3688.48	99.75
3690.41	99.9364
3692.34	99.754
3694.27	99.5231
3696.2	99.5632
3698.13	99.8374
3700.06	100.069
3701.99	100.063
3703.92	99.9068
3705.85	99.7719
3707.78	99.7153
3709.7	99.8013
3711.63	99.9392
3713.56	99.8306
3715.49	99.6789
3717.42	99.86
3719.35	100.216
3721.28	100.266
3723.21	100.095
3725.14	100.201
3727.07	100.519
3729	100.624
3730.93	100.41
3732.85	100.128
3734.78	100.255
3736.71	100.615
3738.64	100.339
3740.57	99.662
3742.5	99.3973
3744.43	99.797
3746.36	100.016
3748.29	99.8027
3750.22	99.8222
3752.15	100.062
3754.07	99.9724
3756	99.7243
3757.93	99.6244
3759.86	99.6434
3761.79	99.6247
3763.72	99.6168
3765.65	99.739
3767.58	99.9214
3769.51	99.9438
3771.44	99.7762
3773.37	99.668
3775.29	99.7305
3777.22	99.7515
3779.15	99.5572
3781.08	99.4069
3783.01	99.4871
3784.94	99.4918
3786.87	99.2904
3788.8	99.1953
3790.73	99.2661
3792.66	99.2654
3794.59	99.279
3796.52	99.5348
3798.44	99.8242
3800.37	99.8518
3802.3	99.7233
3804.23	99.6547
3806.16	99.6433
3808.09	99.6592
3810.02	99.6653
3811.95	99.6067
3813.88	99.4868
3815.81	99.3844
3817.74	99.4516
3819.66	99.7545
3821.59	100.101
3823.52	100.117
3825.45	99.8393
3827.38	99.5959
3829.31	99.5773
3831.24	99.7127
3833.17	99.8219
3835.1	99.8805
3837.03	99.9833
3838.96	100.078
3840.89	99.9685
3842.81	99.651
3844.74	99.3318
3846.67	99.236
3848.6	99.4132
3850.53	99.7529
3852.46	100.147
3854.39	100.374
3856.32	100.197
3858.25	99.7982
3860.18	99.5267
3862.11	99.6814
3864.03	100.065
3865.96	100.101
3867.89	99.8602
3869.82	99.7812
3871.75	99.7882
3873.68	99.5786
3875.61	99.346
3877.54	99.3569
3879.47	99.5557
3881.4	99.7604
3883.33	99.9121
3885.25	99.9649
3887.18	99.8109
3889.11	99.5557
3891.04	99.4253
3892.97	99.4362
3894.9	99.468
3896.83	99.6044
3898.76	99.9362
3900.69	100.169
3902.62	100.035
3904.55	99.8673
3906.48	99.8546
3908.4	99.7802
3910.33	99.6225
3912.26	99.531
3914.19	99.5073
3916.12	99.4961
3918.05	99.5347
3919.98	99.5651
3921.91	99.4884
3923.84	99.3734
3925.77	99.2942
3927.7	99.238
3929.62	99.2877
3931.55	99.5171
3933.48	99.7208
3935.41	99.7009
3937.34	99.5718
3939.27	99.4707
3941.2	99.4312
3943.13	99.4688
3945.06	99.5291
3946.99	99.5471
3948.92	99.5418
3950.85	99.4712
3952.77	99.3114
3954.7	99.246
3956.63	99.3467
3958.56	99.3887
3960.49	99.3384
3962.42	99.455
3964.35	99.6753
3966.28	99.6406
3968.21	99.3518
3970.14	99.1498
3972.07	99.1613
3973.99	99.2126
3975.92	99.234
3977.85	99.3361
3979.78	99.4683
3981.71	99.4463
3983.64	99.326
3985.57	99.2829
3987.5	99.255
3989.43	99.1614
3991.36	99.1463
3993.29	99.2889
3995.22	99.4497
3997.14	99.495
