499.643	87.7398
501.572	87.5907
503.501	87.0017
505.43	87.3095
507.36	88.2375
509.289	88.1704
511.218	87.5886
513.147	87.9702
515.076	88.6373
517.005	88.2964
518.934	87.6028
520.863	87.5114
522.792	87.6538
524.722	87.8031
526.651	88.0575
528.58	88.0212
530.509	87.6176
532.438	87.4617
534.367	87.8216
536.296	88.2894
538.225	88.5381
540.155	88.6466
542.084	88.8195
544.013	89.1604
545.942	89.6096
547.871	89.9683
549.8	90.0379
551.729	89.8039
553.658	89.4508
555.588	89.2199
557.517	89.3004
559.446	89.6977
561.375	90.1389
563.304	90.3477
565.233	90.3769
567.162	90.3864
569.091	90.3405
571.021	90.2315
572.95	90.2601
574.879	90.4857
576.808	90.6031
578.737	90.3767
580.666	90.0251
582.595	89.789
584.524	89.5136
586.454	88.9508
588.383	88.1127
590.312	87.2224
592.241	86.6343
594.17	86.5464
596.099	86.6827
598.028	86.723
599.957	86.7896
601.887	87.1177
603.816	87.6606
605.745	88.2723
607.674	88.8067
609.603	89.1063
611.532	89.2717
613.461	89.5682
615.39	89.9383
617.32	90.1102
619.249	90.0577
621.178	89.9456
623.107	89.8941
625.036	89.9649
626.965	90.0791
628.894	90.0726
630.823	89.8887
632.753	89.5234
634.682	88.9866
636.611	88.3964
638.54	87.7904
640.469	86.944
642.398	85.7346
644.327	84.4167
646.256	83.2507
648.186	82.3232
650.115	81.7697
652.044	81.6348
653.973	81.8266
655.902	82.2764
657.831	82.8638
659.76	83.6147
661.689	84.6705
663.619	85.8608
665.548	87.1947
667.477	89.0875
669.406	90.7574
671.335	91.2351
673.264	91.4645
675.193	91.8013
677.122	92.066
679.052	92.3255
680.981	92.6726
682.91	92.9204
684.839	93.0452
686.768	93.1997
688.697	93.3071
690.626	93.2398
692.555	93.1294
694.485	93.174
696.414	93.3509
698.343	93.4508
700.272	93.367
702.201	93.2324
704.13	93.2005
706.059	93.2349
707.988	93.2297
709.917	93.2021
711.847	93.2205
713.776	93.2574
715.705	93.2619
717.634	93.2717
719.563	93.3041
721.492	93.2642
723.421	93.1137
725.35	92.9538
727.28	92.8317
729.209	92.6646
731.138	92.3991
733.067	92.0886
734.996	91.7857
736.925	91.4914
738.854	91.1955
740.783	90.8642
742.713	90.4378
744.642	89.9574
746.571	89.6256
748.5	89.6168
750.429	89.8837
752.358	90.2459
754.287	90.5991
756.216	90.9423
758.146	91.2585
760.075	91.5029
762.004	91.6837
763.933	91.8521
765.862	92.031
767.791	92.2001
769.72	92.3267
771.649	92.4117
773.579	92.4963
775.508	92.5897
777.437	92.6398
779.366	92.6092
781.295	92.5091
783.224	92.367
785.153	92.2242
787.082	92.0991
789.012	91.9306
790.941	91.6406
792.87	91.2072
794.799	90.6283
796.728	89.8984
798.657	89.0172
800.586	87.9514
802.515	86.611
804.445	84.8287
806.374	82.3483
808.303	79.0912
810.232	75.6225
812.161	73.0866
814.09	72.4149
816.019	73.6861
817.948	76.2266
819.878	79.1209
821.807	81.6715
823.736	83.6309
825.665	85.1124
827.594	86.2566
829.523	87.0484
831.452	87.4862
833.381	87.7041
835.311	87.7845
837.24	87.6524
839.169	87.2624
841.098	86.7028
843.027	86.0869
844.956	85.5186
846.885	85.1355
848.814	85.0299
850.744	85.1542
852.673	85.3858
854.602	85.6546
856.531	85.9576
858.46	86.273
860.389	86.5328
862.318	86.7008
864.247	86.7899
866.177	86.7741
868.106	86.5965
870.035	86.2588
871.964	85.7948
873.893	85.2117
875.822	84.5457
877.751	83.8921
879.68	83.3471
881.609	82.984
883.539	82.8533
885.468	82.9382
887.397	83.1291
889.326	83.2834
891.255	83.3329
893.184	83.3335
895.113	83.3969
897.042	83.6107
898.972	84.0447
900.901	84.7431
902.83	85.6635
904.759	86.6837
906.688	87.6619
908.617	88.4534
910.546	88.9537
912.475	89.165
914.405	89.1424
916.334	88.8884
918.263	88.3668
920.192	87.5568
922.121	86.4362
924.05	84.9564
925.979	83.0344
927.908	80.562
929.838	77.5187
931.767	74.1052
933.696	70.6898
935.625	67.6481
937.554	65.3012
939.483	63.8779
941.412	63.4172
943.341	63.7438
945.271	64.5933
947.2	65.7638
949.129	67.1761
951.058	68.81
952.987	70.5786
954.916	72.3251
956.845	73.9543
958.774	75.4831
960.704	76.9879
962.633	78.588
964.562	80.4012
966.491	82.4196
968.42	84.4806
970.349	86.37
972.278	87.9171
974.207	89.0625
976.137	89.8706
978.066	90.4177
979.995	90.6836
981.924	90.605
983.853	90.1891
985.782	89.5456
987.711	88.8623
989.64	88.3311
991.57	88.0073
993.499	87.7212
995.428	87.1655
997.357	86.0934
999.286	84.4922
1001.22	82.6502
1003.14	81.0355
1005.07	79.992
1007	79.5439
1008.93	79.5619
1010.86	80.0087
1012.79	80.8397
1014.72	81.7569
1016.65	82.3116
1018.58	82.2466
1020.51	81.5527
1022.44	80.2742
1024.36	78.5331
1026.29	76.7138
1028.22	75.3019
1030.15	74.4381
1032.08	73.8203
1034.01	73.1102
1035.94	72.2687
1037.87	71.467
1039.8	70.855
1041.73	70.5059
1043.66	70.4897
1045.58	70.8687
1047.51	71.5933
1049.44	72.4761
1051.37	73.3133
1053.3	73.9907
1055.23	74.5086
1057.16	74.9688
1059.09	75.4797
1061.02	76.0078
1062.95	76.3652
1064.88	76.3616
1066.81	75.9942
1068.73	75.544
1070.66	75.4134
1072.59	75.7883
1074.52	76.5455
1076.45	77.4815
1078.38	78.4565
1080.31	79.343
1082.24	80.0233
1084.17	80.4365
1086.1	80.5577
1088.03	80.3878
1089.95	79.9596
1091.88	79.2873
1093.81	78.3683
1095.74	77.2534
1097.67	76.0115
1099.6	74.656
1101.53	73.1927
1103.46	71.654
1105.39	70.0369
1107.32	68.3226
1109.25	66.5545
1111.18	64.7893
1113.1	63.028
1115.03	61.2709
1116.96	59.5516
1118.89	57.8893
1120.82	56.289
1122.75	54.769
1124.68	53.3204
1126.61	51.8592
1128.54	50.2516
1130.47	48.3892
1132.4	46.2414
1134.32	43.8577
1136.25	41.3604
1138.18	38.935
1140.11	36.787
1142.04	35.0949
1143.97	33.9847
1145.9	33.5051
1147.83	33.6345
1149.76	34.3197
1151.69	35.4826
1153.62	37.0227
1155.55	38.8532
1157.47	40.9037
1159.4	43.0834
1161.33	45.2764
1163.26	47.3755
1165.19	49.3136
1167.12	51.0557
1169.05	52.5857
1170.98	53.9503
1172.91	55.2715
1174.84	56.6455
1176.77	58.093
1178.69	59.6328
1180.62	61.2922
1182.55	63.0558
1184.48	64.8964
1186.41	66.8063
1188.34	68.7656
1190.27	70.7545
1192.2	72.7941
1194.13	74.9221
1196.06	77.1422
1197.99	79.3997
1199.91	81.595
1201.84	83.6301
1203.77	85.4367
1205.7	86.9801
1207.63	88.2619
1209.56	89.3145
1211.49	90.2725
1213.42	91.3524
1215.35	92.4415
1217.28	92.9273
1219.21	92.5223
1221.14	91.8698
1223.06	91.6555
1224.99	91.775
1226.92	91.7634
1228.85	91.4239
1230.78	90.7574
1232.71	89.7899
1234.64	88.6513
1236.57	87.5115
1238.5	86.4601
1240.43	85.5664
1242.36	84.9152
1244.28	84.5303
1246.21	84.3818
1248.14	84.468
1250.07	84.7912
1252	85.2653
1253.93	85.7417
1255.86	86.1155
1257.79	86.3335
1259.72	86.3451
1261.65	86.1338
1263.58	85.7601
1265.51	85.3202
1267.43	84.879
1269.36	84.4343
1271.29	83.9505
1273.22	83.427
1275.15	82.891
1277.08	82.3277
1279.01	81.6337
1280.94	80.5924
1282.87	78.9298
1284.8	76.4112
1286.73	72.8951
1288.65	68.5815
1290.58	64.3455
1292.51	61.4321
1294.44	60.6638
1296.37	62.0577
1298.3	64.9751
1300.23	68.4642
1302.16	71.6418
1304.09	73.9704
1306.02	75.2366
1307.95	75.4038
1309.87	74.6462
1311.8	73.4447
1313.73	72.4296
1315.66	71.9087
1317.59	71.7353
1319.52	71.8396
1321.45	72.4729
1323.38	73.7915
1325.31	75.6641
1327.24	77.8349
1329.17	80.0893
1331.1	82.3278
1333.02	84.3842
1334.95	86.0201
1336.88	87.2189
1338.81	88.1353
1340.74	88.8581
1342.67	89.4931
1344.6	90.2441
1346.53	91.2106
1348.46	92.2477
1350.39	93.1069
1352.32	93.7023
1354.24	94.0855
1356.17	94.2518
1358.1	94.174
1360.03	93.9023
1361.96	93.4189
1363.89	92.5523
1365.82	91.3285
1367.75	90.2387
1369.68	89.8898
1371.61	90.1837
1373.54	90.2424
1375.47	89.5615
1377.39	88.7092
1379.32	88.3141
1381.25	88.4131
1383.18	88.7411
1385.11	89.059
1387.04	89.232
1388.97	89.194
1390.9	89.0241
1392.83	88.7977
1394.76	88.4962
1396.69	88.0476
1398.61	87.4134
1400.54	86.805
1402.47	86.5925
1404.4	86.9475
1406.33	87.6705
1408.26	88.3718
1410.19	88.967
1412.12	89.5044
1414.05	89.9072
1415.98	90.1968
1417.91	90.4458
1419.83	90.5776
1421.76	90.5077
1423.69	90.2374
1425.62	89.8442
1427.55	89.3978
1429.48	88.7005
1431.41	87.658
1433.34	86.5797
1435.27	85.5199
1437.2	84.3684
1439.13	83.4476
1441.06	82.8445
1442.98	82.3049
1444.91	81.7019
1446.84	80.9118
1448.77	79.8294
1450.7	78.8669
1452.63	78.572
1454.56	79.0239
1456.49	80.3871
1458.42	82.2258
1460.35	83.4169
1462.28	84.3709
1464.2	85.6244
1466.13	86.8992
1468.06	87.7637
1469.99	88.5383
1471.92	89.4732
1473.85	90.2162
1475.78	90.5569
1477.71	90.8156
1479.64	91.1199
1481.57	91.5034
1483.5	91.9719
1485.43	92.4658
1487.35	93.0293
1489.28	93.7227
1491.21	94.299
1493.14	94.6712
1495.07	95.0965
1497	95.6922
1498.93	96.1931
1500.86	96.3887
1502.79	96.4707
1504.72	96.6856
1506.65	97.144
1508.57	97.3305
1510.5	97.1321
1512.43	97.0322
1514.36	97.1683
1516.29	97.3853
1518.22	97.5097
1520.15	97.5708
1522.08	97.5978
1524.01	97.5801
1525.94	97.5346
1527.87	97.4466
1529.8	97.3593
1531.72	97.3717
1533.65	97.4608
1535.58	97.4914
1537.51	97.554
1539.44	97.8324
1541.37	98.0495
1543.3	97.8116
1545.23	97.4976
1547.16	97.3469
1549.09	97.3462
1551.02	97.3848
1552.94	97.3708
1554.87	97.3718
1556.8	97.5259
1558.73	97.7282
1560.66	97.6141
1562.59	97.3827
1564.52	97.2199
1566.45	97.1557
1568.38	97.1809
1570.31	97.1458
1572.24	97.0393
1574.16	97.0471
1576.09	97.15
1578.02	97.0735
1579.95	96.8593
1581.88	96.703
1583.81	96.6234
1585.74	96.5793
1587.67	96.5353
1589.6	96.4776
1591.53	96.4272
1593.46	96.3948
1595.39	96.3527
1597.31	96.2797
1599.24	96.1786
1601.17	96.071
1603.1	95.9797
1605.03	95.8949
1606.96	95.7954
1608.89	95.6368
1610.82	95.3977
1612.75	95.2011
1614.68	95.0795
1616.61	94.7474
1618.53	94.1307
1620.46	93.5219
1622.39	92.7568
1624.32	91.7019
1626.25	90.6455
1628.18	89.4822
1630.11	88.092
1632.04	86.8614
1633.97	85.8082
1635.9	84.5223
1637.83	83.7782
1639.76	84.768
1641.68	87.0339
1643.61	89.5788
1645.54	91.9663
1647.47	93.834
1649.4	94.6387
1651.33	94.9406
1653.26	95.4395
1655.19	95.7133
1657.12	95.5247
1659.05	95.3651
1660.98	95.345
1662.9	95.2756
1664.83	95.0379
1666.76	94.8255
1668.69	94.7665
1670.62	94.6545
1672.55	94.336
1674.48	93.9328
1676.41	93.3976
1678.34	92.8076
1680.27	92.3461
1682.2	91.9101
1684.12	91.3444
1686.05	90.6462
1687.98	89.6816
1689.91	88.4749
1691.84	87.1605
1693.77	85.5045
1695.7	83.3563
1697.63	80.9191
1699.56	77.6669
1701.49	73.6206
1703.42	70.0298
1705.35	66.5159
1707.27	62.4114
1709.2	58.6803
1711.13	55.8604
1713.06	53.4826
1714.99	51.8255
1716.92	51.2339
1718.85	51.0913
1720.78	51.8497
1722.71	54.0356
1724.64	57.2732
1726.57	61.3493
1728.49	66.026
1730.42	70.739
1732.35	75.6328
1734.28	81.0376
1736.21	85.4333
1738.14	88.228
1740.07	90.4905
1742	92.6456
1743.93	94.3737
1745.86	95.8705
1747.79	97.3995
1749.72	98.6682
1751.64	99.517
1753.57	100.114
1755.5	100.463
1757.43	100.642
1759.36	100.735
1761.29	100.626
1763.22	100.318
1765.15	99.9489
1767.08	99.5936
1769.01	99.3851
1770.94	99.3541
1772.86	99.2282
1774.79	98.9367
1776.72	98.6891
1778.65	98.5389
1780.58	98.4597
1782.51	98.4013
1784.44	98.336
1786.37	98.3487
1788.3	98.4608
1790.23	98.5672
1792.16	98.593
1794.08	98.5098
1796.01	98.3656
1797.94	98.2747
1799.87	98.3064
1801.8	98.381
1803.73	98.3536
1805.66	98.215
1807.59	98.0896
1809.52	98.0565
1811.45	98.0283
1813.38	97.9999
1815.31	98.12
1817.23	98.3038
1819.16	98.3013
1821.09	98.2024
1823.02	98.2425
1824.95	98.3601
1826.88	98.3896
1828.81	98.3477
1830.74	98.2904
1832.67	98.2427
1834.6	98.2406
1836.53	98.2843
1838.45	98.3264
1840.38	98.3697
1842.31	98.5113
1844.24	98.7236
1846.17	98.7314
1848.1	98.5548
1850.03	98.4967
1851.96	98.569
1853.89	98.5484
1855.82	98.4641
1857.75	98.5188
1859.68	98.664
1861.6	98.7277
1863.53	98.7509
1865.46	98.8599
1867.39	99.0008
1869.32	98.966
1871.25	98.7445
1873.18	98.6068
1875.11	98.7073
1877.04	98.8886
1878.97	98.8928
1880.9	98.8013
1882.82	98.8766
1884.75	99.0401
1886.68	99.0161
1888.61	98.8346
1890.54	98.7436
1892.47	98.7957
1894.4	98.8668
1896.33	98.8912
1898.26	98.9028
1900.19	98.9619
1902.12	99.039
1904.05	99.0595
1905.97	99.0576
1907.9	99.1032
1909.83	99.1728
1911.76	99.2187
1913.69	99.2107
1915.62	99.1344
1917.55	99.0869
1919.48	99.1905
1921.41	99.3507
1923.34	99.3796
1925.27	99.2493
1927.19	99.1025
1929.12	99.071
1931.05	99.1625
1932.98	99.3198
1934.91	99.505
1936.84	99.6567
1938.77	99.7434
1940.7	99.8694
1942.63	100.028
1944.56	99.9477
1946.49	99.6019
1948.41	99.3294
1950.34	99.2641
1952.27	99.2511
1954.2	99.3022
1956.13	99.5294
1958.06	99.7434
1959.99	99.75
1961.92	99.7033
1963.85	99.691
1965.78	99.5791
1967.71	99.4809
1969.64	99.6356
1971.56	99.9284
1973.49	100.165
1975.42	100.328
1977.35	100.363
1979.28	100.246
1981.21	100.083
1983.14	99.954
1985.07	99.9678
1987	100.145
1988.93	100.18
1990.86	99.9644
1992.78	99.9521
1994.71	100.273
1996.64	100.403
1998.57	100.174
2000.5	99.9656
2002.43	99.9264
2004.36	99.9232
2006.29	100.009
2008.22	100.244
2010.15	100.399
2012.08	100.312
2014.01	100.183
2015.93	100.238
2017.86	100.39
2019.79	100.462
2021.72	100.471
2023.65	100.481
2025.58	100.474
2027.51	100.456
2029.44	100.435
2031.37	100.356
2033.3	100.236
2035.23	100.18
2037.15	100.191
2039.08	100.132
2041.01	99.9372
2042.94	99.7829
2044.87	99.893
2046.8	100.229
2048.73	100.533
2050.66	100.615
2052.59	100.457
2054.52	100.162
2056.45	99.9163
2058.37	99.8464
2060.3	99.8718
2062.23	99.8758
2064.16	99.9266
2066.09	100.107
2068.02	100.229
2069.95	100.073
2071.88	99.8195
2073.81	99.7877
2075.74	99.9081
2077.67	99.9394
2079.6	99.9458
2081.52	100.039
2083.45	100.05
2085.38	99.8678
2087.31	99.6861
2089.24	99.684
2091.17	99.8018
2093.1	99.8757
2095.03	99.8275
2096.96	99.7226
2098.89	99.6521
2100.82	99.6288
2102.74	99.6644
2104.67	99.7624
2106.6	99.8131
2108.53	99.74
2110.46	99.6551
2112.39	99.6638
2114.32	99.7152
2116.25	99.7486
2118.18	99.7933
2120.11	99.8916
2122.04	99.9938
2123.97	99.9717
2125.89	99.8235
2127.82	99.7329
2129.75	99.7719
2131.68	99.8278
2133.61	99.8896
2135.54	99.9737
2137.47	99.9255
2139.4	99.7975
2141.33	99.9455
2143.26	100.343
2145.19	100.507
2147.11	100.315
2149.04	100.106
2150.97	100.012
2152.9	99.9195
2154.83	99.8624
2156.76	99.9256
2158.69	100.07
2160.62	100.304
2162.55	100.621
2164.48	100.789
2166.41	100.671
2168.33	100.528
2170.26	100.556
2172.19	100.551
2174.12	100.399
2176.05	100.301
2177.98	100.263
2179.91	100.119
2181.84	100.042
2183.77	100.209
2185.7	100.334
2187.63	100.216
2189.56	100.083
2191.48	100.045
2193.41	100.018
2195.34	100.078
2197.27	100.214
2199.2	100.237
2201.13	100.175
2203.06	100.155
2204.99	100.102
2206.92	100.036
2208.85	100.07
2210.78	100.064
2212.7	99.9366
2214.63	99.9299
2216.56	100.072
2218.49	100.095
2220.42	100.045
2222.35	100.129
2224.28	100.175
2226.21	100.026
2228.14	100.019
2230.07	100.373
2232	100.683
2233.93	100.593
2235.85	100.343
2237.78	100.252
2239.71	100.269
2241.64	100.261
2243.57	100.213
2245.5	100.149
2247.43	100.128
2249.36	100.192
2251.29	100.247
2253.22	100.242
2255.15	100.302
2257.07	100.45
2259	100.482
2260.93	100.329
2262.86	100.224
2264.79	100.345
2266.72	100.528
2268.65	100.576
2270.58	100.576
2272.51	100.666
2274.44	100.765
2276.37	100.734
2278.29	100.547
2280.22	100.291
2282.15	100.165
2284.08	100.285
2286.01	100.441
2287.94	100.388
2289.87	100.268
2291.8	100.323
2293.73	100.461
2295.66	100.507
2297.59	100.545
2299.52	100.704
2301.44	100.902
2303.37	101.029
2305.3	101.157
2307.23	101.409
2309.16	101.706
2311.09	101.863
2313.02	101.945
2314.95	102.2
2316.88	102.632
2318.81	103.028
2320.74	103.288
2322.66	103.425
2324.59	103.464
2326.52	103.532
2328.45	103.766
2330.38	104.083
2332.31	104.293
2334.24	104.458
2336.17	104.782
2338.1	105.211
2340.03	105.49
2341.96	105.525
2343.89	105.202
2345.81	104.384
2347.74	103.537
2349.67	103.192
2351.6	103.511
2353.53	104.379
2355.46	105.462
2357.39	106.618
2359.32	107.631
2361.25	107.859
2363.18	107.246
2365.11	106.332
2367.03	105.447
2368.96	104.639
2370.89	103.864
2372.82	103.105
2374.75	102.392
2376.68	101.75
2378.61	101.159
2380.54	100.57
2382.47	99.979
2384.4	99.4731
2386.33	99.1418
2388.26	99.0077
2390.18	99.0422
2392.11	99.1563
2394.04	99.202
2395.97	99.1111
2397.9	98.9739
2399.83	98.874
2401.76	98.7778
2403.69	98.6856
2405.62	98.6885
2407.55	98.7751
2409.48	98.821
2411.4	98.827
2413.33	98.896
2415.26	98.9915
2417.19	99.018
2419.12	99.0303
2421.05	99.0778
2422.98	99.0575
2424.91	98.9581
2426.84	98.9295
2428.77	98.9614
2430.7	98.8943
2432.62	98.7983
2434.55	98.8786
2436.48	99.0459
2438.41	99.0454
2440.34	98.8903
2442.27	98.779
2444.2	98.7865
2446.13	98.8809
2448.06	99.0066
2449.99	99.1012
2451.92	99.1843
2453.85	99.2804
2455.77	99.2798
2457.7	99.1549
2459.63	99.0885
2461.56	99.1202
2463.49	99.0586
2465.42	98.9031
2467.35	98.8855
2469.28	99.0462
2471.21	99.1829
2473.14	99.1913
2475.07	99.1644
2476.99	99.1883
2478.92	99.2056
2480.85	99.1119
2482.78	98.9539
2484.71	98.9328
2486.64	99.1288
2488.57	99.3388
2490.5	99.357
2492.43	99.264
2494.36	99.2048
2496.29	99.1201
2498.22	98.9688
2500.14	98.8974
2502.07	98.9496
2504	98.9776
2505.93	98.9672
2507.86	99.0588
2509.79	99.2243
2511.72	99.2849
2513.65	99.2164
2515.58	99.1456
2517.51	99.1044
2519.44	99.033
2521.36	98.99
2523.29	99.102
2525.22	99.3033
2527.15	99.382
2529.08	99.2879
2531.01	99.1702
2532.94	99.1564
2534.87	99.2584
2536.8	99.3883
2538.73	99.4034
2540.66	99.2675
2542.58	99.1171
2544.51	99.0734
2546.44	99.1408
2548.37	99.2744
2550.3	99.3577
2552.23	99.2796
2554.16	99.1673
2556.09	99.2153
2558.02	99.3042
2559.95	99.243
2561.88	99.1915
2563.81	99.329
2565.73	99.4437
2567.66	99.3166
2569.59	99.1324
2571.52	99.1432
2573.45	99.2668
2575.38	99.3021
2577.31	99.295
2579.24	99.4143
2581.17	99.6146
2583.1	99.7043
2585.03	99.6572
2586.95	99.5904
2588.88	99.5419
2590.81	99.4951
2592.74	99.4924
2594.67	99.555
2596.6	99.5989
2598.53	99.5306
2600.46	99.3812
2602.39	99.2779
2604.32	99.2817
2606.25	99.3285
2608.18	99.343
2610.1	99.31
2612.03	99.2354
2613.96	99.1451
2615.89	99.0954
2617.82	99.0915
2619.75	99.0659
2621.68	99.0202
2623.61	99.0448
2625.54	99.1109
2627.47	99.0702
2629.4	98.9493
2631.32	98.9201
2633.25	98.9668
2635.18	98.9732
2637.11	99.0056
2639.04	99.1091
2640.97	99.1216
2642.9	99.0035
2644.83	98.93
2646.76	98.9279
2648.69	98.8725
2650.62	98.787
2652.54	98.7772
2654.47	98.8307
2656.4	98.8828
2658.33	98.8885
2660.26	98.8104
2662.19	98.6868
2664.12	98.6215
2666.05	98.6339
2667.98	98.6571
2669.91	98.67
2671.84	98.6834
2673.77	98.6589
2675.69	98.5845
2677.62	98.5366
2679.55	98.5593
2681.48	98.5982
2683.41	98.6214
2685.34	98.6515
2687.27	98.6565
2689.2	98.592
2691.13	98.5173
2693.06	98.4928
2694.99	98.4687
2696.91	98.4196
2698.84	98.4243
2700.77	98.4999
2702.7	98.5327
2704.63	98.4618
2706.56	98.3878
2708.49	98.4116
2710.42	98.4599
2712.35	98.4048
2714.28	98.298
2716.21	98.2869
2718.14	98.3498
2720.06	98.3591
2721.99	98.3283
2723.92	98.3395
2725.85	98.3506
2727.78	98.3064
2729.71	98.279
2731.64	98.3154
2733.57	98.3301
2735.5	98.2766
2737.43	98.2304
2739.36	98.2276
2741.28	98.2064
2743.21	98.1438
2745.14	98.0971
2747.07	98.1036
2749	98.1326
2750.93	98.1328
2752.86	98.1078
2754.79	98.1225
2756.72	98.1997
2758.65	98.2898
2760.58	98.3803
2762.51	98.4737
2764.43	98.4753
2766.36	98.3311
2768.29	98.1717
2770.22	98.1142
2772.15	98.1139
2774.08	98.1127
2776.01	98.1053
2777.94	98.0762
2779.87	98.0407
2781.8	98.035
2783.73	98.0333
2785.65	98.0119
2787.58	98.0011
2789.51	98.0001
2791.44	97.9845
2793.37	97.9496
2795.3	97.876
2797.23	97.8081
2799.16	97.8775
2801.09	98.0486
2803.02	98.0852
2804.95	97.9156
2806.87	97.7238
2808.8	97.6416
2810.73	97.6303
2812.66	97.618
2814.59	97.5868
2816.52	97.5556
2818.45	97.5145
2820.38	97.4289
2822.31	97.3349
2824.24	97.3003
2826.17	97.2812
2828.1	97.1625
2830.02	96.9238
2831.95	96.6869
2833.88	96.5892
2835.81	96.5912
2837.74	96.5341
2839.67	96.4302
2841.6	96.391
2843.53	96.3074
2845.46	96.0373
2847.39	95.7124
2849.32	95.4735
2851.24	95.2748
2853.17	95.0929
2855.1	94.8745
2857.03	94.4648
2858.96	93.9083
2860.89	93.3902
2862.82	92.8907
2864.75	92.3803
2866.68	92.0168
2868.61	91.7977
2870.54	91.5342
2872.47	91.3024
2874.39	91.3748
2876.32	91.7281
2878.25	92.0539
2880.18	92.2201
2882.11	92.3879
2884.04	92.6275
2885.97	92.7626
2887.9	92.745
2889.83	92.7711
2891.76	92.8836
2893.69	92.9498
2895.61	93.0245
2897.54	93.2027
2899.47	93.3077
2901.4	93.1663
2903.33	92.8999
2905.26	92.7234
2907.19	92.7264
2909.12	92.8179
2911.05	92.7702
2912.98	92.5087
2914.91	92.2538
2916.83	92.1293
2918.76	91.9105
2920.69	91.4188
2922.62	90.8126
2924.55	90.2544
2926.48	89.6677
2928.41	89.0389
2930.34	88.6146
2932.27	88.5704
2934.2	88.7782
2936.13	89.0524
2938.06	89.3377
2939.98	89.6142
2941.91	89.8748
2943.84	90.0919
2945.77	90.0811
2947.7	89.6827
2949.63	89.0554
2951.56	88.4553
2953.49	87.9063
2955.42	87.3672
2957.35	86.9417
2959.28	86.7662
2961.2	86.9315
2963.13	87.504
2965.06	88.4648
2966.99	89.6576
2968.92	90.7863
2970.85	91.561
2972.78	91.9938
2974.71	92.3302
2976.64	92.6568
2978.57	92.9132
2980.5	93.1424
2982.43	93.3772
2984.35	93.5593
2986.28	93.7653
2988.21	94.1451
2990.14	94.6524
2992.07	95.1559
2994	95.5905
2995.93	95.8573
2997.86	95.932
2999.79	96.0083
3001.72	96.2347
3003.65	96.538
3005.57	96.8478
3007.5	97.1983
3009.43	97.5428
3011.36	97.747
3013.29	97.821
3015.22	97.9522
3017.15	98.206
3019.08	98.396
3021.01	98.4363
3022.94	98.5341
3024.87	98.7715
3026.79	98.8957
3028.72	98.7973
3030.65	98.7262
3032.58	98.8224
3034.51	98.8844
3036.44	98.791
3038.37	98.753
3040.3	98.9028
3042.23	98.9757
3044.16	98.7489
3046.09	98.4795
3048.02	98.4977
3049.94	98.6928
3051.87	98.8062
3053.8	98.8773
3055.73	99.0256
3057.66	99.1218
3059.59	98.987
3061.52	98.7527
3063.45	98.7382
3065.38	98.9768
3067.31	99.1602
3069.24	99.1476
3071.16	99.1138
3073.09	99.1262
3075.02	99.0788
3076.95	98.987
3078.88	98.9109
3080.81	98.819
3082.74	98.7469
3084.67	98.7501
3086.6	98.7564
3088.53	98.7622
3090.46	98.8669
3092.39	98.989
3094.31	98.9614
3096.24	98.823
3098.17	98.6703
3100.1	98.4839
3102.03	98.3011
3103.96	98.2535
3105.89	98.3736
3107.82	98.5369
3109.75	98.588
3111.68	98.5604
3113.61	98.7026
3115.53	99.0553
3117.46	99.2515
3119.39	99.0603
3121.32	98.7147
3123.25	98.4791
3125.18	98.3977
3127.11	98.4669
3129.04	98.603
3130.97	98.6568
3132.9	98.705
3134.83	98.89
3136.75	99.0242
3138.68	98.9464
3140.61	98.8788
3142.54	98.9043
3144.47	98.7671
3146.4	98.5319
3148.33	98.5347
3150.26	98.6411
3152.19	98.518
3154.12	98.3295
3156.05	98.3387
3157.98	98.4009
3159.9	98.3772
3161.83	98.4177
3163.76	98.6251
3165.69	98.903
3167.62	99.0792
3169.55	99.0386
3171.48	98.8811
3173.41	98.778
3175.34	98.6886
3177.27	98.5603
3179.2	98.5282
3181.12	98.6053
3183.05	98.6207
3184.98	98.554
3186.91	98.5131
3188.84	98.5367
3190.77	98.6306
3192.7	98.7184
3194.63	98.6451
3196.56	98.4421
3198.49	98.2665
3200.42	98.1283
3202.35	98.0697
3204.27	98.2552
3206.2	98.5843
3208.13	98.7102
3210.06	98.5489
3211.99	98.3155
3213.92	98.1428
3215.85	98.0053
3217.78	97.9053
3219.71	97.9296
3221.64	98.1072
3223.57	98.3212
3225.49	98.4556
3227.42	98.4891
3229.35	98.3915
3231.28	98.1855
3233.21	98.0598
3235.14	98.1216
3237.07	98.242
3239	98.32
3240.93	98.3733
3242.86	98.3456
3244.79	98.2105
3246.72	98.1345
3248.64	98.1981
3250.57	98.2012
3252.5	98.0203
3254.43	97.8796
3256.36	97.9966
3258.29	98.2177
3260.22	98.2705
3262.15	98.1442
3264.08	98.0028
3266.01	97.9411
3267.94	97.9519
3269.86	97.9611
3271.79	97.9131
3273.72	97.8832
3275.65	97.9483
3277.58	98.0149
3279.51	98.009
3281.44	98.0267
3283.37	98.0812
3285.3	98.028
3287.23	97.8808
3289.16	97.8072
3291.08	97.7914
3293.01	97.7212
3294.94	97.6802
3296.87	97.7528
3298.8	97.8083
3300.73	97.7792
3302.66	97.7829
3304.59	97.8116
3306.52	97.7325
3308.45	97.6021
3310.38	97.6005
3312.31	97.7222
3314.23	97.7766
3316.16	97.6581
3318.09	97.4931
3320.02	97.4496
3321.95	97.4837
3323.88	97.4615
3325.81	97.4062
3327.74	97.3894
3329.67	97.3868
3331.6	97.3932
3333.53	97.4075
3335.45	97.3369
3337.38	97.1808
3339.31	97.0983
3341.24	97.1457
3343.17	97.2601
3345.1	97.4299
3347.03	97.5553
3348.96	97.4353
3350.89	97.1647
3352.82	97.0762
3354.75	97.1936
3356.68	97.2263
3358.6	97.0732
3360.53	96.9062
3362.46	96.8297
3364.39	96.8052
3366.32	96.8223
3368.25	96.9098
3370.18	97.0529
3372.11	97.1997
3374.04	97.2516
3375.97	97.1395
3377.9	97.0194
3379.82	97.1155
3381.75	97.3309
3383.68	97.3948
3385.61	97.2791
3387.54	97.1166
3389.47	96.9918
3391.4	96.98
3393.33	97.0221
3395.26	96.9071
3397.19	96.7021
3399.12	96.7347
3401.04	96.9711
3402.97	97.0279
3404.9	96.8392
3406.83	96.7228
3408.76	96.8184
3410.69	96.9357
3412.62	96.9035
3414.55	96.7515
3416.48	96.5958
3418.41	96.5452
3420.34	96.6431
3422.27	96.7733
3424.19	96.8033
3426.12	96.8226
3428.05	96.9072
3429.98	96.8806
3431.91	96.6724
3433.84	96.4907
3435.77	96.4379
3437.7	96.5398
3439.63	96.9198
3441.56	97.3508
3443.49	97.3575
3445.41	97.1082
3447.34	97.1429
3449.27	97.3111
3451.2	97.1573
3453.13	96.8534
3455.06	96.7584
3456.99	96.8218
3458.92	96.904
3460.85	97.011
3462.78	97.1012
3464.71	97.1276
3466.64	97.083
3468.56	96.925
3470.49	96.7736
3472.42	96.8647
3474.35	97.0624
3476.28	96.992
3478.21	96.7275
3480.14	96.6277
3482.07	96.74
3484	96.9242
3485.93	97.122
3487.86	97.208
3489.78	97.1177
3491.71	97.103
3493.64	97.3313
3495.57	97.5308
3497.5	97.4036
3499.43	97.0781
3501.36	96.8606
3503.29	96.8391
3505.22	96.8773
3507.15	96.8646
3509.08	96.7907
3511	96.6469
3512.93	96.48
3514.86	96.4438
3516.79	96.643
3518.72	96.9559
3520.65	97.1063
3522.58	96.9946
3524.51	96.8311
3526.44	96.7575
3528.37	96.6367
3530.3	96.4988
3532.23	96.5755
3534.15	96.7551
3536.08	96.7517
3538.01	96.6586
3539.94	96.6778
3541.87	96.6456
3543.8	96.4161
3545.73	96.2543
3547.66	96.4406
3549.59	96.7964
3551.52	96.9935
3553.45	96.9248
3555.37	96.735
3557.3	96.6017
3559.23	96.5553
3561.16	96.5265
3563.09	96.4955
3565.02	96.5783
3566.95	96.8359
3568.88	97.0428
3570.81	97.0888
3572.74	97.1128
3574.67	97.0934
3576.6	96.9891
3578.52	96.9821
3580.45	97.12
3582.38	97.2044
3584.31	97.3149
3586.24	97.7233
3588.17	98.1495
3590.1	98.1405
3592.03	98.1342
3593.96	98.5014
3595.89	98.7854
3597.82	98.5874
3599.74	98.3799
3601.67	98.5275
3603.6	98.7527
3605.53	98.9054
3607.46	99.1396
3609.39	99.2981
3611.32	99.1515
3613.25	98.949
3615.18	98.8751
3617.11	98.7924
3619.04	98.7669
3620.97	99.0279
3622.89	99.4328
3624.82	99.8204
3626.75	100.241
3628.68	100.449
3630.61	100.102
3632.54	99.6151
3634.47	99.277
3636.4	98.9929
3638.33	98.7977
3640.26	98.8638
3642.19	99.149
3644.11	99.4493
3646.04	99.8419
3647.97	100.572
3649.9	100.998
3651.83	100.326
3653.76	99.4377
3655.69	99.0885
3657.62	99.2355
3659.55	99.3524
3661.48	99.3214
3663.41	99.352
3665.33	99.4224
3667.26	99.4696
3669.19	99.6708
3671.12	100.013
3673.05	100.138
3674.98	99.9933
3676.91	99.7239
3678.84	99.4596
3680.77	99.3189
3682.7	99.329
3684.63	99.379
3686.56	99.4834
3688.48	99.8414
3690.41	100.173
3692.34	99.9903
3694.27	99.6937
3696.2	99.7491
3698.13	100.06
3700.06	100.25
3701.99	100.109
3703.92	99.7699
3705.85	99.5573
3707.78	99.6145
3709.7	99.8441
3711.63	99.9732
3713.56	99.8819
3715.49	99.8022
3717.42	99.8786
3719.35	100.044
3721.28	100.169
3723.21	100.265
3725.14	100.443
3727.07	100.677
3729	100.783
3730.93	100.622
3732.85	100.365
3734.78	100.441
3736.71	100.576
3738.64	100.1
3740.57	99.4673
3742.5	99.3553
3744.43	99.8054
3746.36	100.07
3748.29	100.058
3750.22	100.291
3752.15	100.608
3754.07	100.498
3756	100.155
3757.93	99.8508
3759.86	99.6636
3761.79	99.5561
3763.72	99.4939
3765.65	99.5236
3767.58	99.6815
3769.51	99.8811
3771.44	99.9368
3773.37	99.7892
3775.29	99.6314
3777.22	99.6387
3779.15	99.7297
3781.08	99.7169
3783.01	99.6293
3784.94	99.5301
3786.87	99.4103
3788.8	99.3625
3790.73	99.436
3792.66	99.5071
3794.59	99.5191
3796.52	99.5538
3798.44	99.6218
3800.37	99.6858
3802.3	99.7474
3804.23	99.7436
3806.16	99.6713
3808.09	99.6579
3810.02	99.7241
3811.95	99.7575
3813.88	99.7362
3815.81	99.7047
3817.74	99.7404
3819.66	99.9214
3821.59	100.127
3823.52	100.068
3825.45	99.8077
3827.38	99.5867
3829.31	99.4741
3831.24	99.4411
3833.17	99.4537
3835.1	99.48
3837.03	99.5981
3838.96	99.9228
3840.89	100.173
3842.81	100.001
3844.74	99.6056
3846.67	99.387
3848.6	99.412
3850.53	99.5457
3852.46	99.8395
3854.39	100.199
3856.32	100.083
3858.25	99.6451
3860.18	99.4132
3862.11	99.6424
3864.03	99.9643
3865.96	99.84
3867.89	99.4953
3869.82	99.4309
3871.75	99.6094
3873.68	99.6329
3875.61	99.5045
3877.54	99.4929
3879.47	99.6466
3881.4	99.7654
3883.33	99.7553
3885.25	99.7132
3887.18	99.6399
3889.11	99.5129
3891.04	99.453
3892.97	99.5388
3894.9	99.6679
3896.83	99.7881
3898.76	99.9092
3900.69	99.9215
3902.62	99.8081
3904.55	99.7704
3906.48	99.806
3908.4	99.7523
3910.33	99.6505
3912.26	99.6182
3914.19	99.6002
3916.12	99.4909
3918.05	99.3687
3919.98	99.3373
3921.91	99.3326
3923.84	99.3139
3925.77	99.3076
3927.7	99.3143
3929.62	99.3831
3931.55	99.5403
3933.48	99.6288
3935.41	99.5602
3937.34	99.4535
3939.27	99.3506
3941.2	99.2512
3943.13	99.2548
3945.06	99.3343
3946.99	99.3494
3948.92	99.3392
3950.85	99.3688
3952.77	99.3831
3954.7	99.4101
3956.63	99.4572
3958.56	99.3897
3960.49	99.2621
3962.42	99.2942
3964.35	99.4195
3966.28	99.4239
3968.21	99.3318
3970.14	99.2662
3972.07	99.2627
3973.99	99.3135
3975.92	99.3528
3977.85	99.3228
3979.78	99.2925
3981.71	99.3233
3983.64	99.3556
3985.57	99.3348
3987.5	99.2652
3989.43	99.1609
3991.36	99.0963
3993.29	99.1725
3995.22	99.3174
3997.14	99.3389
