499.643	87.47
501.572	87.0143
503.501	86.142
505.43	85.6415
507.36	86.358
509.289	87.1331
511.218	87.0767
513.147	87.1353
515.076	87.7756
517.005	88.2585
518.934	88.2462
520.863	87.9461
522.792	87.3903
524.722	86.8783
526.651	86.8051
528.58	86.9555
530.509	87.1264
532.438	87.4767
534.367	87.8722
536.296	88.1057
538.225	88.4347
540.155	88.9869
542.084	89.386
544.013	89.4842
545.942	89.6086
547.871	89.8545
549.8	89.88
551.729	89.5854
553.658	89.3644
555.588	89.4721
557.517	89.7507
559.446	90.095
561.375	90.453
563.304	90.5034
565.233	90.181
567.162	89.9725
569.091	90.0762
571.021	90.1966
572.95	90.3426
574.879	90.6529
576.808	90.7674
578.737	90.4061
580.666	89.9257
582.595	89.6519
584.524	89.4112
586.454	88.9246
588.383	88.1957
590.312	87.4644
592.241	86.989
594.17	86.8006
596.099	86.7135
598.028	86.6567
599.957	86.7526
601.887	87.0089
603.816	87.2899
605.745	87.6788
607.674	88.3605
609.603	89.1179
611.532	89.5631
613.461	89.7747
615.39	90.0125
617.32	90.1432
619.249	89.9749
621.178	89.7377
623.107	89.7217
625.036	89.8651
626.965	89.9278
628.894	89.844
630.823	89.6861
632.753	89.4356
634.682	89.0435
636.611	88.5433
638.54	87.9077
640.469	87.0148
642.398	85.8539
644.327	84.5547
646.256	83.2636
648.186	82.2183
650.115	81.6815
652.044	81.5936
653.973	81.7955
655.902	82.2727
657.831	82.9033
659.76	83.6729
661.689	84.7117
663.619	85.8616
665.548	87.173
667.477	89.0902
669.406	90.7484
671.335	91.1764
673.264	91.4519
675.193	91.945
677.122	92.3389
679.052	92.5857
680.981	92.8367
682.91	93.016
684.839	93.1116
686.768	93.2069
688.697	93.2554
690.626	93.2386
692.555	93.2434
694.485	93.313
696.414	93.4126
698.343	93.4527
700.272	93.3695
702.201	93.2404
704.13	93.1851
706.059	93.2012
707.988	93.2284
709.917	93.2542
711.847	93.2679
713.776	93.2469
715.705	93.2378
717.634	93.2988
719.563	93.3446
721.492	93.2315
723.421	93.0145
725.35	92.8473
727.28	92.7132
729.209	92.5217
731.138	92.3
733.067	92.0754
734.996	91.7903
736.925	91.4548
738.854	91.1283
740.783	90.7567
742.713	90.2663
744.642	89.7559
746.571	89.432
748.5	89.4113
750.429	89.6406
752.358	89.9856
754.287	90.3772
756.216	90.8031
758.146	91.1776
760.075	91.4038
762.004	91.5418
763.933	91.7186
765.862	91.938
767.791	92.1238
769.72	92.2521
771.649	92.3469
773.579	92.4194
775.508	92.4557
777.437	92.4372
779.366	92.3778
781.295	92.3192
783.224	92.2654
785.153	92.1763
787.082	92.0403
789.012	91.8709
790.941	91.6302
792.87	91.2391
794.799	90.656
796.728	89.9005
798.657	89.0212
800.586	88.0171
802.515	86.7422
804.445	84.9278
806.374	82.3481
808.303	79.0506
810.232	75.6196
812.161	73.1388
814.09	72.5278
816.019	73.8515
817.948	76.3939
819.878	79.2522
821.807	81.7776
823.736	83.7221
825.665	85.1645
827.594	86.2484
829.523	87.0078
831.452	87.455
833.381	87.6623
835.311	87.6772
837.24	87.488
839.169	87.1072
841.098	86.5877
843.027	85.982
844.956	85.3917
846.885	84.9938
848.814	84.8955
850.744	85.0202
852.673	85.2331
854.602	85.4914
856.531	85.7929
858.46	86.0864
860.389	86.3216
862.318	86.5053
864.247	86.6363
866.177	86.6483
868.106	86.4851
870.035	86.1612
871.964	85.6957
873.893	85.0921
875.822	84.4181
877.751	83.7845
879.68	83.2639
881.609	82.9145
883.539	82.7907
885.468	82.8594
887.397	83.0024
889.326	83.1234
891.255	83.194
893.184	83.2417
895.113	83.3341
897.042	83.5433
898.972	83.9419
900.901	84.6154
902.83	85.5656
904.759	86.624
906.688	87.5739
908.617	88.3083
910.546	88.8046
912.475	89.0497
914.405	89.0497
916.334	88.8205
918.263	88.3346
920.192	87.5311
922.121	86.3761
924.05	84.8597
925.979	82.929
927.908	80.4825
929.838	77.4955
931.767	74.1384
933.696	70.7484
935.625	67.7146
937.554	65.3811
939.483	63.9612
941.412	63.4699
943.341	63.7407
945.271	64.5459
947.2	65.7143
949.129	67.1418
951.058	68.751
952.987	70.4755
954.916	72.2345
956.845	73.9143
958.774	75.4441
960.704	76.902
962.633	78.4745
964.562	80.2825
966.491	82.2849
968.42	84.3355
970.349	86.2466
972.278	87.8202
974.207	88.9594
976.137	89.7453
978.066	90.2846
979.995	90.5538
981.924	90.4985
983.853	90.1502
985.782	89.574
987.711	88.8806
989.64	88.2812
991.57	87.9124
993.499	87.6262
995.428	87.089
997.357	86.0401
999.286	84.455
1001.22	82.611
1003.14	80.99
1005.07	79.956
1007	79.5271
1008.93	79.5528
1010.86	79.9921
1012.79	80.8146
1014.72	81.7255
1016.65	82.268
1018.58	82.1859
1020.51	81.4698
1022.44	80.1589
1024.36	78.3928
1026.29	76.5804
1028.22	75.1928
1030.15	74.3309
1032.08	73.6845
1034.01	72.957
1035.94	72.1485
1037.87	71.4013
1039.8	70.8045
1041.73	70.4333
1043.66	70.3898
1045.58	70.7215
1047.51	71.3837
1049.44	72.2585
1051.37	73.151
1053.3	73.8642
1055.23	74.367
1057.16	74.8144
1059.09	75.3401
1061.02	75.8762
1062.95	76.1961
1064.88	76.1162
1066.81	75.6854
1068.73	75.2161
1070.66	75.0889
1072.59	75.4809
1074.52	76.2854
1076.45	77.2687
1078.38	78.2421
1080.31	79.0945
1082.24	79.7509
1084.17	80.1519
1086.1	80.2604
1088.03	80.0842
1089.95	79.6629
1091.88	78.9984
1093.81	78.0592
1095.74	76.8876
1097.67	75.5959
1099.6	74.2338
1101.53	72.7775
1103.46	71.23
1105.39	69.6102
1107.32	67.9022
1109.25	66.1188
1111.18	64.3306
1113.1	62.5745
1115.03	60.8365
1116.96	59.1341
1118.89	57.5052
1120.82	55.9379
1122.75	54.4116
1124.68	52.9413
1126.61	51.4885
1128.54	49.9166
1130.47	48.1096
1132.4	46.037
1134.32	43.7179
1136.25	41.2608
1138.18	38.8851
1140.11	36.7958
1142.04	35.127
1143.97	34.0094
1145.9	33.5377
1147.83	33.6962
1149.76	34.4065
1151.69	35.5801
1153.62	37.111
1155.55	38.9112
1157.47	40.9246
1159.4	43.0681
1161.33	45.2273
1163.26	47.3125
1165.19	49.2523
1167.12	50.9798
1169.05	52.4945
1170.98	53.8862
1172.91	55.2453
1174.84	56.6104
1176.77	58.0233
1178.69	59.5514
1180.62	61.2237
1182.55	63.009
1184.48	64.864
1186.41	66.7718
1188.34	68.7325
1190.27	70.7372
1192.2	72.782
1194.13	74.9025
1196.06	77.1178
1197.99	79.3506
1199.91	81.5034
1201.84	83.5402
1203.77	85.3958
1205.7	86.9613
1207.63	88.2232
1209.56	89.2579
1211.49	90.1962
1213.42	91.2362
1215.35	92.2986
1217.28	92.7852
1219.21	92.3634
1221.14	91.6635
1223.06	91.4144
1224.99	91.5278
1226.92	91.5086
1228.85	91.1456
1230.78	90.4667
1232.71	89.5203
1234.64	88.4041
1236.57	87.2419
1238.5	86.152
1240.43	85.2599
1242.36	84.6206
1244.28	84.2104
1246.21	84.0388
1248.14	84.1405
1250.07	84.4793
1252	84.957
1253.93	85.4527
1255.86	85.8428
1257.79	86.0484
1259.72	86.0506
1261.65	85.8593
1263.58	85.5137
1265.51	85.0849
1267.43	84.6412
1269.36	84.2077
1271.29	83.7668
1273.22	83.2952
1275.15	82.7878
1277.08	82.2313
1279.01	81.5462
1280.94	80.5401
1282.87	78.9407
1284.8	76.4888
1286.73	73.0389
1288.65	68.8077
1290.58	64.633
1292.51	61.7028
1294.44	60.8724
1296.37	62.2311
1298.3	65.1376
1300.23	68.6083
1302.16	71.7751
1304.09	74.1125
1306.02	75.383
1307.95	75.5408
1309.87	74.7787
1311.8	73.5823
1313.73	72.5646
1315.66	72.0229
1317.59	71.8241
1319.52	71.9234
1321.45	72.5784
1323.38	73.9267
1325.31	75.814
1327.24	77.9671
1329.17	80.1691
1331.1	82.3419
1333.02	84.3551
1334.95	85.988
1336.88	87.2086
1338.81	88.1452
1340.74	88.8717
1342.67	89.4928
1344.6	90.2154
1346.53	91.1588
1348.46	92.2075
1350.39	93.1057
1352.32	93.7178
1354.24	94.066
1356.17	94.177
1358.1	94.0749
1360.03	93.8118
1361.96	93.3362
1363.89	92.4718
1365.82	91.2677
1367.75	90.2076
1369.68	89.8806
1371.61	90.1955
1373.54	90.2712
1375.47	89.5749
1377.39	88.6866
1379.32	88.2707
1381.25	88.3568
1383.18	88.6593
1385.11	88.9508
1387.04	89.1146
1388.97	89.0843
1390.9	88.9392
1392.83	88.7607
1394.76	88.5097
1396.69	88.0763
1398.61	87.4286
1400.54	86.8066
1402.47	86.5855
1404.4	86.932
1406.33	87.6459
1408.26	88.3473
1410.19	88.9648
1412.12	89.5367
1414.05	89.9598
1415.98	90.2501
1417.91	90.48
1419.83	90.5764
1421.76	90.4953
1423.69	90.2445
1425.62	89.8508
1427.55	89.3632
1429.48	88.6369
1431.41	87.6199
1433.34	86.5921
1435.27	85.5734
1437.2	84.4305
1439.13	83.4747
1441.06	82.8269
1442.98	82.2595
1444.91	81.6353
1446.84	80.8139
1448.77	79.7074
1450.7	78.7508
1452.63	78.4824
1454.56	78.9768
1456.49	80.3847
1458.42	82.2003
1460.35	83.3388
1462.28	84.2705
1464.2	85.5028
1466.13	86.7523
1468.06	87.65
1469.99	88.514
1471.92	89.5003
1473.85	90.1685
1475.78	90.4147
1477.71	90.6436
1479.64	90.9458
1481.57	91.3259
1483.5	91.7968
1485.43	92.318
1487.35	92.9302
1489.28	93.6477
1491.21	94.2111
1493.14	94.5977
1495.07	95.0602
1497	95.6368
1498.93	96.0622
1500.86	96.2516
1502.79	96.3984
1504.72	96.6665
1506.65	97.1031
1508.57	97.2614
1510.5	97.0918
1512.43	97.0207
1514.36	97.1636
1516.29	97.3683
1518.22	97.4747
1520.15	97.5391
1522.08	97.5911
1524.01	97.5728
1525.94	97.5124
1527.87	97.4504
1529.8	97.4145
1531.72	97.4429
1533.65	97.4864
1535.58	97.4542
1537.51	97.4735
1539.44	97.7324
1541.37	97.9828
1543.3	97.8024
1545.23	97.5194
1547.16	97.3646
1549.09	97.3315
1551.02	97.3418
1552.94	97.3326
1554.87	97.3542
1556.8	97.5242
1558.73	97.7409
1560.66	97.61
1562.59	97.342
1564.52	97.1732
1566.45	97.1442
1568.38	97.2009
1570.31	97.1527
1572.24	97.0242
1574.16	97.0141
1576.09	97.0718
1578.02	96.9558
1579.95	96.7721
1581.88	96.6907
1583.81	96.6599
1585.74	96.5907
1587.67	96.4903
1589.6	96.4102
1591.53	96.3909
1593.46	96.4195
1595.39	96.4202
1597.31	96.3326
1599.24	96.187
1601.17	96.0566
1603.1	95.9481
1605.03	95.8248
1606.96	95.7161
1608.89	95.6105
1610.82	95.4066
1612.75	95.1736
1614.68	95.0036
1616.61	94.6754
1618.53	94.0846
1620.46	93.4785
1622.39	92.7252
1624.32	91.7145
1626.25	90.6974
1628.18	89.5425
1630.11	88.1489
1632.04	86.9201
1633.97	85.8755
1635.9	84.6106
1637.83	83.8873
1639.76	84.8729
1641.68	87.1218
1643.61	89.6484
1645.54	91.9919
1647.47	93.7956
1649.4	94.5873
1651.33	94.91
1653.26	95.402
1655.19	95.6683
1657.12	95.508
1659.05	95.3733
1660.98	95.3609
1662.9	95.2876
1664.83	95.0425
1666.76	94.8287
1668.69	94.7805
1670.62	94.6793
1672.55	94.366
1674.48	93.9623
1676.41	93.4057
1678.34	92.8022
1680.27	92.3691
1682.2	91.9676
1684.12	91.3784
1686.05	90.6436
1687.98	89.6695
1689.91	88.431
1691.84	87.0692
1693.77	85.3977
1695.7	83.2703
1697.63	80.8474
1699.56	77.5855
1701.49	73.5432
1703.42	69.9973
1705.35	66.5567
1707.27	62.511
1709.2	58.7704
1711.13	55.8719
1713.06	53.3957
1714.99	51.6858
1716.92	51.1246
1718.85	51.0204
1720.78	51.7729
1722.71	53.9663
1724.64	57.2472
1726.57	61.3397
1728.49	65.9634
1730.42	70.6209
1732.35	75.508
1734.28	80.8684
1736.21	85.149
1738.14	87.8897
1740.07	90.2086
1742	92.4763
1743.93	94.2994
1745.86	95.8429
1747.79	97.3606
1749.72	98.5865
1751.64	99.4192
1753.57	100.023
1755.5	100.382
1757.43	100.578
1759.36	100.688
1761.29	100.585
1763.22	100.281
1765.15	99.902
1767.08	99.5182
1769.01	99.3089
1770.94	99.3388
1772.86	99.2568
1774.79	98.9277
1776.72	98.6401
1778.65	98.5052
1780.58	98.4628
1782.51	98.4042
1784.44	98.2963
1786.37	98.265
1788.3	98.3704
1790.23	98.5016
1792.16	98.5307
1794.08	98.4098
1796.01	98.2545
1797.94	98.2067
1799.87	98.2887
1801.8	98.3735
1803.73	98.3502
1805.66	98.2544
1807.59	98.1908
1809.52	98.2038
1811.45	98.1944
1813.38	98.12
1815.31	98.0974
1817.23	98.1483
1819.16	98.1873
1821.09	98.2173
1823.02	98.2444
1824.95	98.2219
1826.88	98.2085
1828.81	98.2639
1830.74	98.2993
1832.67	98.2705
1834.6	98.2631
1836.53	98.3164
1838.45	98.3691
1840.38	98.3571
1842.31	98.3226
1844.24	98.3378
1846.17	98.3615
1848.1	98.3556
1850.03	98.3942
1851.96	98.4898
1853.89	98.5727
1855.82	98.613
1857.75	98.5952
1859.68	98.5201
1861.6	98.4949
1863.53	98.6127
1865.46	98.8036
1867.39	98.937
1869.32	98.9336
1871.25	98.8104
1873.18	98.6654
1875.11	98.6246
1877.04	98.7373
1878.97	98.8471
1880.9	98.8252
1882.82	98.8033
1884.75	98.8734
1886.68	98.8755
1888.61	98.735
1890.54	98.6392
1892.47	98.6977
1894.4	98.7934
1896.33	98.8642
1898.26	98.9914
1900.19	99.1635
1902.12	99.1924
1904.05	99.0136
1905.97	98.8336
1907.9	98.808
1909.83	98.899
1911.76	99.0213
1913.69	99.0714
1915.62	99.0285
1917.55	99.06
1919.48	99.222
1921.41	99.3028
1923.34	99.2537
1925.27	99.2215
1927.19	99.2248
1929.12	99.2393
1931.05	99.3199
1932.98	99.4349
1934.91	99.4819
1936.84	99.4337
1938.77	99.3394
1940.7	99.3154
1942.63	99.4489
1944.56	99.5986
1946.49	99.5602
1948.41	99.3884
1950.34	99.2959
1952.27	99.3836
1954.2	99.5277
1956.13	99.538
1958.06	99.423
1959.99	99.3753
1961.92	99.4813
1963.85	99.663
1965.78	99.8806
1967.71	100.082
1969.64	100.084
1971.56	99.8928
1973.49	99.8371
1975.42	100.058
1977.35	100.28
1979.28	100.302
1981.21	100.207
1983.14	100.122
1985.07	100.169
1987	100.322
1988.93	100.302
1990.86	100.083
1992.78	100.049
1994.71	100.235
1996.64	100.263
1998.57	100.107
2000.5	100.033
2002.43	100.069
2004.36	100.087
2006.29	100.067
2008.22	99.999
2010.15	99.8887
2012.08	99.852
2014.01	99.9525
2015.93	100.096
2017.86	100.179
2019.79	100.216
2021.72	100.276
2023.65	100.355
2025.58	100.34
2027.51	100.165
2029.44	99.9855
2031.37	100.001
2033.3	100.151
2035.23	100.279
2037.15	100.355
2039.08	100.259
2041.01	99.8875
2042.94	99.586
2044.87	99.7574
2046.8	100.161
2048.73	100.326
2050.66	100.265
2052.59	100.212
2054.52	100.148
2056.45	99.9796
2058.37	99.8113
2060.3	99.8091
2062.23	99.944
2064.16	100.047
2066.09	100.075
2068.02	100.079
2069.95	100.011
2071.88	99.912
2073.81	99.9746
2075.74	100.15
2077.67	100.162
2079.6	100.036
2081.52	99.9921
2083.45	99.9316
2085.38	99.6747
2087.31	99.4269
2089.24	99.4726
2091.17	99.7241
2093.1	99.9174
2095.03	99.9883
2096.96	100.017
2098.89	99.9854
2100.82	99.8401
2102.74	99.7009
2104.67	99.7067
2106.6	99.7196
2108.53	99.5772
2110.46	99.4647
2112.39	99.5866
2114.32	99.7951
2116.25	99.9039
2118.18	99.9465
2120.11	99.9772
2122.04	100.004
2123.97	100.016
2125.89	99.9177
2127.82	99.7347
2129.75	99.7169
2131.68	99.9116
2133.61	100.075
2135.54	100.14
2137.47	100.181
2139.4	100.14
2141.33	100.075
2143.26	100.145
2145.19	100.221
2147.11	100.148
2149.04	100.088
2150.97	100.12
2152.9	100.111
2154.83	100.079
2156.76	100.092
2158.69	100.083
2160.62	100.127
2162.55	100.302
2164.48	100.388
2166.41	100.334
2168.33	100.472
2170.26	100.819
2172.19	100.904
2174.12	100.608
2176.05	100.326
2177.98	100.182
2179.91	99.9616
2181.84	99.8087
2183.77	100.029
2185.7	100.336
2187.63	100.257
2189.56	99.9807
2191.48	99.9457
2193.41	100.098
2195.34	100.16
2197.27	100.09
2199.2	100.003
2201.13	100.029
2203.06	100.222
2204.99	100.453
2206.92	100.575
2208.85	100.55
2210.78	100.344
2212.7	100.013
2214.63	99.823
2216.56	99.9448
2218.49	100.231
2220.42	100.449
2222.35	100.501
2224.28	100.401
2226.21	100.298
2228.14	100.376
2230.07	100.557
2232	100.579
2233.93	100.468
2235.85	100.455
2237.78	100.476
2239.71	100.376
2241.64	100.298
2243.57	100.346
2245.5	100.367
2247.43	100.346
2249.36	100.372
2251.29	100.334
2253.22	100.222
2255.15	100.285
2257.07	100.52
2259	100.62
2260.93	100.493
2262.86	100.324
2264.79	100.268
2266.72	100.351
2268.65	100.487
2270.58	100.554
2272.51	100.541
2274.44	100.542
2276.37	100.587
2278.29	100.57
2280.22	100.42
2282.15	100.256
2284.08	100.226
2286.01	100.265
2287.94	100.245
2289.87	100.239
2291.8	100.369
2293.73	100.555
2295.66	100.658
2297.59	100.712
2299.52	100.811
2301.44	100.895
2303.37	100.867
2305.3	100.861
2307.23	101.114
2309.16	101.565
2311.09	101.927
2313.02	102.197
2314.95	102.588
2316.88	103.032
2318.81	103.316
2320.74	103.479
2322.66	103.623
2324.59	103.719
2326.52	103.864
2328.45	104.201
2330.38	104.549
2332.31	104.636
2334.24	104.641
2336.17	104.858
2338.1	105.192
2340.03	105.441
2341.96	105.593
2343.89	105.396
2345.81	104.603
2347.74	103.845
2349.67	103.747
2351.6	104.356
2353.53	105.297
2355.46	106.069
2357.39	106.803
2359.32	107.641
2361.25	108.02
2363.18	107.664
2365.11	106.863
2367.03	105.905
2368.96	104.993
2370.89	104.165
2372.82	103.334
2374.75	102.505
2376.68	101.778
2378.61	101.16
2380.54	100.555
2382.47	99.9412
2384.4	99.4495
2386.33	99.1986
2388.26	99.1375
2390.18	99.1028
2392.11	99.0115
2394.04	98.9268
2395.97	98.9253
2397.9	98.9927
2399.83	99.0623
2401.76	99.0653
2403.69	98.9718
2405.62	98.8508
2407.55	98.8159
2409.48	98.8977
2411.4	99.0364
2413.33	99.136
2415.26	99.1135
2417.19	99.0108
2419.12	98.9704
2421.05	98.9988
2422.98	98.9689
2424.91	98.9093
2426.84	98.9737
2428.77	99.1011
2430.7	99.0809
2432.62	98.9655
2434.55	98.9888
2436.48	99.0905
2438.41	99.0115
2440.34	98.8041
2442.27	98.7456
2444.2	98.8787
2446.13	99.0326
2448.06	99.0749
2449.99	98.987
2451.92	98.8986
2453.85	98.944
2455.77	99.0225
2457.7	98.9907
2459.63	98.9358
2461.56	98.9539
2463.49	98.9853
2465.42	99.0248
2467.35	99.1213
2469.28	99.2111
2471.21	99.2179
2473.14	99.1703
2475.07	99.1468
2476.99	99.2102
2478.92	99.2965
2480.85	99.2282
2482.78	99.0401
2484.71	99.0301
2486.64	99.2665
2488.57	99.4372
2490.5	99.3754
2492.43	99.2809
2494.36	99.275
2496.29	99.233
2498.22	99.1544
2500.14	99.1938
2502.07	99.2981
2504	99.284
2505.93	99.1918
2507.86	99.1591
2509.79	99.1649
2511.72	99.1775
2513.65	99.2412
2515.58	99.2999
2517.51	99.259
2519.44	99.1612
2521.36	99.072
2523.29	98.9978
2525.22	99.003
2527.15	99.1279
2529.08	99.2421
2531.01	99.2303
2532.94	99.1777
2534.87	99.2127
2536.8	99.3215
2538.73	99.3812
2540.66	99.3089
2542.58	99.1654
2544.51	99.088
2546.44	99.1367
2548.37	99.245
2550.3	99.2928
2552.23	99.2545
2554.16	99.2516
2556.09	99.3281
2558.02	99.3413
2559.95	99.2593
2561.88	99.2385
2563.81	99.2949
2565.73	99.3161
2567.66	99.3199
2569.59	99.3368
2571.52	99.2909
2573.45	99.2001
2575.38	99.1974
2577.31	99.3317
2579.24	99.5401
2581.17	99.7282
2583.1	99.8308
2585.03	99.8574
2586.95	99.8321
2588.88	99.7475
2590.81	99.624
2592.74	99.4924
2594.67	99.365
2596.6	99.3108
2598.53	99.3835
2600.46	99.4656
2602.39	99.4173
2604.32	99.3138
2606.25	99.2991
2608.18	99.3259
2610.1	99.2679
2612.03	99.1692
2613.96	99.1423
2615.89	99.1358
2617.82	99.0467
2619.75	98.9489
2621.68	98.98
2623.61	99.0997
2625.54	99.1372
2627.47	99.0283
2629.4	98.8928
2631.32	98.8684
2633.25	98.9572
2635.18	99.092
2637.11	99.232
2639.04	99.302
2640.97	99.21
2642.9	99.0153
2644.83	98.8933
2646.76	98.9011
2648.69	98.9429
2650.62	98.9365
2652.54	98.8858
2654.47	98.839
2656.4	98.8393
2658.33	98.8617
2660.26	98.8229
2662.19	98.7221
2664.12	98.6789
2666.05	98.7414
2667.98	98.7938
2669.91	98.7535
2671.84	98.6852
2673.77	98.6394
2675.69	98.5826
2677.62	98.5216
2679.55	98.4996
2681.48	98.5027
2683.41	98.5182
2685.34	98.575
2687.27	98.6433
2689.2	98.6458
2691.13	98.5903
2693.06	98.5469
2694.99	98.5336
2696.91	98.5261
2698.84	98.5135
2700.77	98.4934
2702.7	98.4684
2704.63	98.4483
2706.56	98.4339
2708.49	98.4199
2710.42	98.4032
2712.35	98.3795
2714.28	98.3581
2716.21	98.3595
2718.14	98.3726
2720.06	98.3638
2721.99	98.3337
2723.92	98.3032
2725.85	98.2675
2727.78	98.2243
2729.71	98.2109
2731.64	98.2519
2733.57	98.3042
2735.5	98.31
2737.43	98.2706
2739.36	98.2186
2741.28	98.1695
2743.21	98.1464
2745.14	98.1746
2747.07	98.2174
2749	98.214
2750.93	98.1852
2752.86	98.1909
2754.79	98.2206
2756.72	98.237
2758.65	98.2663
2760.58	98.3393
2762.51	98.4109
2764.43	98.413
2766.36	98.3303
2768.29	98.1955
2770.22	98.065
2772.15	97.9948
2774.08	97.99
2776.01	98.0061
2777.94	98.0252
2779.87	98.0674
2781.8	98.1013
2783.73	98.0417
2785.65	97.8797
2787.58	97.726
2789.51	97.6847
2791.44	97.7554
2793.37	97.8644
2795.3	97.9301
2797.23	97.9247
2799.16	97.9087
2801.09	97.9301
2803.02	97.906
2804.95	97.751
2806.87	97.5743
2808.8	97.552
2810.73	97.6558
2812.66	97.7057
2814.59	97.6376
2816.52	97.538
2818.45	97.4534
2820.38	97.3575
2822.31	97.288
2824.24	97.3127
2826.17	97.3576
2828.1	97.2648
2830.02	97.0166
2831.95	96.7493
2833.88	96.5876
2835.81	96.5507
2837.74	96.5524
2839.67	96.4829
2841.6	96.3175
2843.53	96.1003
2845.46	95.8814
2847.39	95.71
2849.32	95.5606
2851.24	95.3313
2853.17	95.0466
2855.1	94.7987
2857.03	94.463
2858.96	93.8944
2860.89	93.2641
2862.82	92.7805
2864.75	92.4006
2866.68	92.0767
2868.61	91.8543
2870.54	91.6845
2872.47	91.5439
2874.39	91.5589
2876.32	91.7517
2878.25	91.9661
2880.18	92.1361
2882.11	92.3428
2884.04	92.6048
2885.97	92.803
2887.9	92.8454
2889.83	92.8239
2891.76	92.8702
2893.69	92.9437
2895.61	92.9716
2897.54	93.0055
2899.47	93.0454
2901.4	93.0103
2903.33	92.9356
2905.26	92.8831
2907.19	92.8035
2909.12	92.6894
2911.05	92.5771
2912.98	92.4019
2914.91	92.1405
2916.83	91.8721
2918.76	91.5486
2920.69	91.0911
2922.62	90.6286
2924.55	90.2145
2926.48	89.6679
2928.41	89.0261
2930.34	88.6263
2932.27	88.5892
2934.2	88.7427
2936.13	88.9703
2938.06	89.2276
2939.98	89.4483
2941.91	89.6545
2943.84	89.8633
2945.77	89.895
2947.7	89.5852
2949.63	89.0509
2951.56	88.4996
2953.49	87.9451
2955.42	87.3333
2957.35	86.84
2959.28	86.7533
2961.2	87.0626
2963.13	87.5605
2965.06	88.3341
2966.99	89.5599
2968.92	90.8683
2970.85	91.6655
2972.78	91.983
2974.71	92.2582
2976.64	92.5949
2978.57	92.8414
2980.5	92.986
2982.43	93.1207
2984.35	93.3188
2986.28	93.6133
2988.21	93.9682
2990.14	94.3931
2992.07	94.948
2994	95.4626
2995.93	95.6803
2997.86	95.7806
2999.79	96.1076
3001.72	96.5234
3003.65	96.7277
3005.57	96.8463
3007.5	97.115
3009.43	97.4414
3011.36	97.6511
3013.29	97.7578
3015.22	97.8548
3017.15	97.9629
3019.08	98.0377
3021.01	98.1084
3022.94	98.2775
3024.87	98.47
3026.79	98.5011
3028.72	98.4874
3030.65	98.6896
3032.58	98.9776
3034.51	98.9956
3036.44	98.7594
3038.37	98.621
3040.3	98.7289
3042.23	98.8431
3044.16	98.7274
3046.09	98.5264
3048.02	98.5334
3049.94	98.7131
3051.87	98.8001
3053.8	98.774
3055.73	98.8295
3057.66	98.9491
3059.59	98.9119
3061.52	98.7571
3063.45	98.8057
3065.38	99.0995
3067.31	99.2855
3069.24	99.2249
3071.16	99.1545
3073.09	99.1605
3075.02	99.1009
3076.95	98.9854
3078.88	98.9216
3080.81	98.8993
3082.74	98.8951
3084.67	98.9013
3086.6	98.8602
3088.53	98.785
3090.46	98.7335
3092.39	98.6557
3094.31	98.5479
3096.24	98.5346
3098.17	98.5937
3100.1	98.5648
3102.03	98.4586
3103.96	98.4058
3105.89	98.4159
3107.82	98.4155
3109.75	98.3898
3111.68	98.4066
3113.61	98.5397
3115.53	98.7266
3117.46	98.7705
3119.39	98.6057
3121.32	98.4394
3123.25	98.473
3125.18	98.5972
3127.11	98.6185
3129.04	98.6655
3130.97	98.9303
3132.9	99.1884
3134.83	99.1313
3136.75	98.908
3138.68	98.787
3140.61	98.713
3142.54	98.5636
3144.47	98.3973
3146.4	98.3298
3148.33	98.4357
3150.26	98.6625
3152.19	98.7977
3154.12	98.7399
3156.05	98.646
3157.98	98.6488
3159.9	98.6567
3161.83	98.5533
3163.76	98.4358
3165.69	98.4936
3167.62	98.6572
3169.55	98.6539
3171.48	98.5161
3173.41	98.5599
3175.34	98.7575
3177.27	98.7517
3179.2	98.5033
3181.12	98.3207
3183.05	98.3431
3184.98	98.4444
3186.91	98.4813
3188.84	98.4648
3190.77	98.5455
3192.7	98.736
3194.63	98.7898
3196.56	98.6004
3198.49	98.3751
3200.42	98.2558
3202.35	98.2544
3204.27	98.4128
3206.2	98.5791
3208.13	98.4957
3210.06	98.305
3211.99	98.2881
3213.92	98.313
3215.85	98.2105
3217.78	98.1392
3219.71	98.1524
3221.64	98.1159
3223.57	98.1114
3225.49	98.2569
3227.42	98.3829
3229.35	98.3309
3231.28	98.188
3233.21	98.09
3235.14	98.1232
3237.07	98.2872
3239	98.4058
3240.93	98.3426
3242.86	98.2071
3244.79	98.1203
3246.72	98.074
3248.64	98.0876
3250.57	98.166
3252.5	98.2352
3254.43	98.3193
3256.36	98.4741
3258.29	98.5526
3260.22	98.4087
3262.15	98.1498
3264.08	97.9477
3266.01	97.8743
3267.94	97.9247
3269.86	97.9702
3271.79	97.8909
3273.72	97.8121
3275.65	97.9084
3277.58	98.0943
3279.51	98.1851
3281.44	98.1336
3283.37	97.9693
3285.3	97.7712
3287.23	97.6765
3289.16	97.6988
3291.08	97.6976
3293.01	97.6536
3294.94	97.6949
3296.87	97.8038
3298.8	97.8469
3300.73	97.8584
3302.66	97.939
3304.59	97.9822
3306.52	97.8158
3308.45	97.5135
3310.38	97.3533
3312.31	97.4613
3314.23	97.6297
3316.16	97.6465
3318.09	97.6181
3320.02	97.6602
3321.95	97.6161
3323.88	97.4372
3325.81	97.3593
3327.74	97.4421
3329.67	97.4769
3331.6	97.4122
3333.53	97.3786
3335.45	97.3867
3337.38	97.3466
3339.31	97.2433
3341.24	97.1465
3343.17	97.1503
3345.1	97.277
3347.03	97.3985
3348.96	97.3664
3350.89	97.2184
3352.82	97.1226
3354.75	97.1365
3356.68	97.1524
3358.6	97.0985
3360.53	97.0327
3362.46	96.9881
3364.39	96.9242
3366.32	96.8546
3368.25	96.8391
3370.18	96.8782
3372.11	96.9204
3374.04	96.9182
3375.97	96.8918
3377.9	96.9548
3379.82	97.1502
3381.75	97.3332
3383.68	97.3645
3385.61	97.2582
3387.54	97.0893
3389.47	96.9687
3391.4	96.985
3393.33	96.9938
3395.26	96.8062
3397.19	96.6312
3399.12	96.7641
3401.04	96.9855
3402.97	96.9123
3404.9	96.6703
3406.83	96.621
3408.76	96.7737
3410.69	96.9222
3412.62	96.9902
3414.55	96.9577
3416.48	96.79
3418.41	96.5897
3420.34	96.533
3422.27	96.5901
3424.19	96.6097
3426.12	96.6481
3428.05	96.8077
3429.98	96.9413
3431.91	96.9233
3433.84	96.8883
3435.77	96.9052
3437.7	96.886
3439.63	96.8718
3441.56	96.923
3443.49	96.9574
3445.41	96.9778
3447.34	97.0402
3449.27	97.0189
3451.2	96.8437
3453.13	96.6946
3455.06	96.7331
3456.99	96.9259
3458.92	97.0991
3460.85	97.0911
3462.78	96.9941
3464.71	97.0165
3466.64	97.0238
3468.56	96.7768
3470.49	96.5046
3472.42	96.5722
3474.35	96.8567
3476.28	96.9786
3478.21	96.858
3480.14	96.7239
3482.07	96.8073
3484	97.0612
3485.93	97.1838
3487.86	97.0569
3489.78	96.9063
3491.71	96.9288
3493.64	97.076
3495.57	97.2183
3497.5	97.2377
3499.43	97.1197
3501.36	97.0106
3503.29	96.9893
3505.22	96.916
3507.15	96.7317
3509.08	96.6313
3511	96.7452
3512.93	96.855
3514.86	96.7377
3516.79	96.6217
3518.72	96.8233
3520.65	97.0523
3522.58	96.8558
3524.51	96.556
3526.44	96.6821
3528.37	96.9354
3530.3	96.8648
3532.23	96.6998
3534.15	96.7116
3536.08	96.7774
3538.01	96.8122
3539.94	96.8453
3541.87	96.7566
3543.8	96.459
3545.73	96.1894
3547.66	96.301
3549.59	96.7473
3551.52	97.1215
3553.45	97.1213
3555.37	96.9049
3557.3	96.7842
3559.23	96.7229
3561.16	96.5408
3563.09	96.3714
3565.02	96.5192
3566.95	96.9112
3568.88	97.0478
3570.81	96.9537
3572.74	97.0418
3574.67	97.2795
3576.6	97.3563
3578.52	97.2608
3580.45	97.1583
3582.38	97.0936
3584.31	97.2174
3586.24	97.7035
3588.17	98.1838
3590.1	98.2053
3592.03	98.1946
3593.96	98.4779
3595.89	98.6689
3597.82	98.4732
3599.74	98.264
3601.67	98.3283
3603.6	98.5207
3605.53	98.7237
3607.46	98.9445
3609.39	99.0056
3611.32	98.8135
3613.25	98.7151
3615.18	99.0028
3617.11	99.4772
3619.04	99.7539
3620.97	99.6881
3622.89	99.4947
3624.82	99.465
3626.75	99.7247
3628.68	100.024
3630.61	99.8393
3632.54	99.4365
3634.47	99.2565
3636.4	99.2376
3638.33	99.2047
3640.26	99.2463
3642.19	99.4424
3644.11	99.5817
3646.04	99.61
3647.97	99.9624
3649.9	100.594
3651.83	100.424
3653.76	99.6644
3655.69	99.1774
3657.62	99.1922
3659.55	99.254
3661.48	99.211
3663.41	99.2472
3665.33	99.2987
3667.26	99.3741
3669.19	99.7596
3671.12	100.21
3673.05	100.09
3674.98	99.5986
3676.91	99.3659
3678.84	99.4994
3680.77	99.6712
3682.7	99.729
3684.63	99.6701
3686.56	99.6567
3688.48	99.7886
3690.41	99.8171
3692.34	99.6651
3694.27	99.6271
3696.2	99.7412
3698.13	99.8507
3700.06	99.852
3701.99	99.6971
3703.92	99.4812
3705.85	99.4156
3707.78	99.5356
3709.7	99.7762
3711.63	100.051
3713.56	100.103
3715.49	99.8666
3717.42	99.614
3719.35	99.593
3721.28	99.7872
3723.21	100.035
3725.14	100.292
3727.07	100.509
3729	100.569
3730.93	100.479
3732.85	100.47
3734.78	100.791
3736.71	100.997
3738.64	100.54
3740.57	99.9096
3742.5	99.7524
3744.43	100.232
3746.36	100.561
3748.29	100.235
3750.22	99.7433
3752.15	99.6535
3754.07	99.8399
3756	99.9013
3757.93	99.8752
3759.86	99.8568
3761.79	99.7409
3763.72	99.5032
3765.65	99.3303
3767.58	99.3774
3769.51	99.5674
3771.44	99.6861
3773.37	99.6548
3775.29	99.6294
3777.22	99.705
3779.15	99.7389
3781.08	99.6721
3783.01	99.6505
3784.94	99.5682
3786.87	99.3015
3788.8	99.1637
3790.73	99.3123
3792.66	99.3751
3794.59	99.1884
3796.52	99.1389
3798.44	99.433
3800.37	99.7884
3802.3	99.946
3804.23	99.947
3806.16	99.9333
3808.09	99.9456
3810.02	99.931
3811.95	99.8556
3813.88	99.7269
3815.81	99.5756
3817.74	99.5422
3819.66	99.7391
3821.59	99.989
3823.52	99.9668
3825.45	99.7381
3827.38	99.5513
3829.31	99.5413
3831.24	99.7277
3833.17	99.9459
3835.1	100.002
3837.03	100.02
3838.96	100.21
3840.89	100.284
3842.81	99.9712
3844.74	99.5773
3846.67	99.4502
3848.6	99.5477
3850.53	99.6874
3852.46	99.8672
3854.39	100.118
3856.32	100.176
3858.25	99.9859
3860.18	99.8033
3862.11	99.8687
3864.03	100.036
3865.96	99.9117
3867.89	99.6343
3869.82	99.6085
3871.75	99.7425
3873.68	99.6615
3875.61	99.4575
3877.54	99.3971
3879.47	99.5108
3881.4	99.6908
3883.33	99.8484
3885.25	99.885
3887.18	99.7307
3889.11	99.5205
3891.04	99.4529
3892.97	99.5657
3894.9	99.7109
3896.83	99.7842
3898.76	99.7798
3900.69	99.7163
3902.62	99.6969
3904.55	99.8071
3906.48	99.9308
3908.4	99.9299
3910.33	99.8299
3912.26	99.7128
3914.19	99.6384
3916.12	99.6419
3918.05	99.6635
3919.98	99.5639
3921.91	99.4177
3923.84	99.4454
3925.77	99.5819
3927.7	99.5531
3929.62	99.4295
3931.55	99.4786
3933.48	99.6338
3935.41	99.6478
3937.34	99.5227
3939.27	99.3514
3941.2	99.2203
3943.13	99.2584
3945.06	99.4404
3946.99	99.6188
3948.92	99.7582
3950.85	99.781
3952.77	99.588
3954.7	99.3737
3956.63	99.3553
3958.56	99.3904
3960.49	99.3478
3962.42	99.3996
3964.35	99.5374
3966.28	99.4799
3968.21	99.2382
3970.14	99.1218
3972.07	99.2156
3973.99	99.3239
3975.92	99.3682
3977.85	99.4507
3979.78	99.5391
3981.71	99.4545
3983.64	99.2359
3985.57	99.1437
3987.5	99.2353
3989.43	99.3212
3991.36	99.3199
3993.29	99.3298
3995.22	99.4024
3997.14	99.4669
