499.643	90.1848
501.572	87.6073
503.501	85.5578
505.43	85.8303
507.36	87.5341
509.289	88.5086
511.218	88.1726
513.147	87.8491
515.076	88.2312
517.005	88.5076
518.934	88.1841
520.863	87.8835
522.792	87.6712
524.722	87.0107
526.651	86.2857
528.58	86.3775
530.509	87.1137
532.438	87.7342
534.367	88.0645
536.296	88.4956
538.225	89.1068
540.155	89.4798
542.084	89.4429
544.013	89.3302
545.942	89.4317
547.871	89.7357
549.8	90.0276
551.729	90.0487
553.658	89.8328
555.588	89.6749
557.517	89.6954
559.446	89.8469
561.375	90.03
563.304	89.992
565.233	89.7998
567.162	89.9874
569.091	90.5226
571.021	90.7298
572.95	90.5766
574.879	90.4589
576.808	90.2295
578.737	89.7937
580.666	89.5536
582.595	89.5117
584.524	89.259
586.454	88.8036
588.383	88.308
590.312	87.6556
592.241	87.0063
594.17	86.7848
596.099	86.8642
598.028	86.8595
599.957	86.8762
601.887	87.145
603.816	87.5371
605.745	87.9677
607.674	88.5356
609.603	89.0921
611.532	89.3986
613.461	89.5958
615.39	89.872
617.32	90.0313
619.249	89.9225
621.178	89.8038
623.107	89.8497
625.036	89.926
626.965	89.9623
628.894	89.9783
630.823	89.8246
632.753	89.4064
634.682	88.8994
636.611	88.4192
638.54	87.8565
640.469	87.0697
642.398	85.9437
644.327	84.5328
646.256	83.1783
648.186	82.2236
650.115	81.7699
652.044	81.7132
653.973	81.9345
655.902	82.3216
657.831	82.8095
659.76	83.5808
661.689	84.7025
663.619	85.8481
665.548	87.1578
667.477	89.194
669.406	90.8808
671.335	91.1712
673.264	91.3803
675.193	91.8794
677.122	92.2427
679.052	92.4576
680.981	92.7604
682.91	92.9995
684.839	93.0823
686.768	93.1445
688.697	93.1654
690.626	93.0976
692.555	93.063
694.485	93.1473
696.414	93.2726
698.343	93.3108
700.272	93.258
702.201	93.245
704.13	93.2999
706.059	93.2696
707.988	93.1167
709.917	93.0273
711.847	93.1026
713.776	93.216
715.705	93.2589
717.634	93.2871
719.563	93.3271
721.492	93.2601
723.421	93.0463
725.35	92.8289
727.28	92.6935
729.209	92.556
731.138	92.3243
733.067	92.0046
734.996	91.6523
736.925	91.3266
738.854	91.0413
740.783	90.7189
742.713	90.2663
744.642	89.7319
746.571	89.3401
748.5	89.28
750.429	89.5014
752.358	89.835
754.287	90.2209
756.216	90.6543
758.146	91.0477
760.075	91.3288
762.004	91.5509
763.933	91.7941
765.862	92.0444
767.791	92.2148
769.72	92.2679
771.649	92.2788
773.579	92.32
775.508	92.3576
777.437	92.3511
779.366	92.3287
781.295	92.3007
783.224	92.2488
785.153	92.1839
787.082	92.0834
789.012	91.8776
790.941	91.5624
792.87	91.1583
794.799	90.5934
796.728	89.8159
798.657	88.9061
800.586	87.9097
802.515	86.678
804.445	84.9289
806.374	82.3961
808.303	79.0919
810.232	75.6403
812.161	73.1614
814.09	72.5419
816.019	73.833
817.948	76.3604
819.878	79.2466
821.807	81.8158
823.736	83.7582
825.665	85.1371
827.594	86.1759
829.523	86.9624
831.452	87.44
833.381	87.6234
835.311	87.6084
837.24	87.4233
839.169	87.0444
841.098	86.5078
843.027	85.9085
844.956	85.3556
846.885	84.9793
848.814	84.8883
850.744	85.0403
852.673	85.2507
854.602	85.4281
856.531	85.6606
858.46	85.9821
860.389	86.2632
862.318	86.4163
864.247	86.4824
866.177	86.4786
868.106	86.3507
870.035	86.0579
871.964	85.5941
873.893	84.9921
875.822	84.3367
877.751	83.7132
879.68	83.1844
881.609	82.8335
883.539	82.7291
885.468	82.8314
887.397	83.0027
889.326	83.1175
891.255	83.148
893.184	83.1653
895.113	83.2637
897.042	83.4982
898.972	83.9181
900.901	84.591
902.83	85.5104
904.759	86.538
906.688	87.4933
908.617	88.2529
910.546	88.7659
912.475	89.0247
914.405	89.0203
916.334	88.7389
918.263	88.1975
920.192	87.4058
922.121	86.3126
924.05	84.8497
925.979	82.9463
927.908	80.4997
929.838	77.4938
931.767	74.1238
933.696	70.7198
935.625	67.6622
937.554	65.3464
939.483	64.0036
941.412	63.5669
943.341	63.8181
945.271	64.5734
947.2	65.7009
949.129	67.1047
951.058	68.7202
952.987	70.4562
954.916	72.1828
956.845	73.8094
958.774	75.33
960.704	76.8174
962.633	78.4115
964.562	80.2353
966.491	82.2621
968.42	84.3077
970.349	86.1569
972.278	87.6676
974.207	88.8068
976.137	89.6357
978.066	90.2182
979.995	90.5265
981.924	90.4864
983.853	90.1019
985.782	89.4856
987.711	88.8145
989.64	88.2762
991.57	87.943
993.499	87.6484
995.428	87.0737
997.357	85.981
999.286	84.3664
1001.22	82.5196
1003.14	80.9379
1005.07	79.9777
1007	79.5964
1008.93	79.609
1010.86	80.0157
1012.79	80.81
1014.72	81.6782
1016.65	82.1863
1018.58	82.1113
1020.51	81.4095
1022.44	80.0803
1024.36	78.2854
1026.29	76.4672
1028.22	75.0945
1030.15	74.2489
1032.08	73.6036
1034.01	72.8544
1035.94	72.0063
1037.87	71.2198
1039.8	70.6101
1041.73	70.2569
1043.66	70.2351
1045.58	70.5798
1047.51	71.2606
1049.44	72.1499
1051.37	73.0261
1053.3	73.7075
1055.23	74.2008
1057.16	74.6604
1059.09	75.1897
1061.02	75.7082
1062.95	76.0115
1064.88	75.9363
1066.81	75.5142
1068.73	75.0424
1070.66	74.9269
1072.59	75.3438
1074.52	76.1341
1076.45	77.0612
1078.38	78.0024
1080.31	78.8663
1082.24	79.5339
1084.17	79.9297
1086.1	80.0416
1088.03	79.8749
1089.95	79.4306
1091.88	78.7087
1093.81	77.7335
1095.74	76.5667
1097.67	75.2763
1099.6	73.8965
1101.53	72.4233
1103.46	70.8493
1105.39	69.1927
1107.32	67.4728
1109.25	65.6971
1111.18	63.9024
1113.1	62.1409
1115.03	60.4225
1116.96	58.7423
1118.89	57.1223
1120.82	55.5779
1122.75	54.1034
1124.68	52.6793
1126.61	51.2328
1128.54	49.6542
1130.47	47.8657
1132.4	45.8202
1134.32	43.5213
1136.25	41.1008
1138.18	38.7756
1140.11	36.7305
1142.04	35.1197
1143.97	34.0728
1145.9	33.6278
1147.83	33.7531
1149.76	34.4184
1151.69	35.5646
1153.62	37.0868
1155.55	38.8935
1157.47	40.9056
1159.4	43.0229
1161.33	45.1576
1163.26	47.2418
1165.19	49.1834
1167.12	50.898
1169.05	52.395
1170.98	53.7767
1172.91	55.1453
1174.84	56.5421
1176.77	57.9839
1178.69	59.5179
1180.62	61.1875
1182.55	62.9757
1184.48	64.8356
1186.41	66.7482
1188.34	68.7104
1190.27	70.7063
1192.2	72.7346
1194.13	74.8353
1196.06	77.0401
1197.99	79.3005
1199.91	81.5067
1201.84	83.5597
1203.77	85.3825
1205.7	86.9215
1207.63	88.1802
1209.56	89.2016
1211.49	90.1102
1213.42	91.1295
1215.35	92.1894
1217.28	92.6751
1219.21	92.2388
1221.14	91.5167
1223.06	91.248
1224.99	91.3369
1226.92	91.2793
1228.85	90.8763
1230.78	90.1765
1232.71	89.2371
1234.64	88.1451
1236.57	87.0024
1238.5	85.9189
1240.43	85.0346
1242.36	84.4111
1244.28	84.0076
1246.21	83.8292
1248.14	83.9312
1250.07	84.2816
1252	84.7603
1253.93	85.2422
1255.86	85.6178
1257.79	85.8094
1259.72	85.8001
1261.65	85.6135
1263.58	85.2815
1265.51	84.8601
1267.43	84.4305
1269.36	84.0255
1271.29	83.6058
1273.22	83.1503
1275.15	82.6808
1277.08	82.169
1279.01	81.5045
1280.94	80.5176
1282.87	78.9682
1284.8	76.5674
1286.73	73.137
1288.65	68.9206
1290.58	64.7805
1292.51	61.8737
1294.44	61.0316
1296.37	62.3642
1298.3	65.2483
1300.23	68.6992
1302.16	71.8502
1304.09	74.174
1306.02	75.4303
1307.95	75.5918
1309.87	74.8621
1311.8	73.696
1313.73	72.6769
1315.66	72.1182
1317.59	71.9088
1319.52	71.9949
1321.45	72.6238
1323.38	73.9436
1325.31	75.8188
1327.24	77.9866
1329.17	80.2133
1331.1	82.3936
1333.02	84.4063
1334.95	86.0571
1336.88	87.2975
1338.81	88.2182
1340.74	88.9036
1342.67	89.4962
1344.6	90.2092
1346.53	91.1538
1348.46	92.2069
1350.39	93.0982
1352.32	93.6872
1354.24	94.0086
1356.17	94.1048
1358.1	94.0095
1360.03	93.7747
1361.96	93.3308
1363.89	92.4744
1365.82	91.2641
1367.75	90.2128
1369.68	89.9009
1371.61	90.1965
1373.54	90.2139
1375.47	89.4758
1377.39	88.5968
1379.32	88.2117
1381.25	88.3194
1383.18	88.6278
1385.11	88.9055
1387.04	89.0341
1388.97	88.9732
1390.9	88.8269
1392.83	88.6662
1394.76	88.4349
1396.69	88.0188
1398.61	87.3875
1400.54	86.7704
1402.47	86.5437
1404.4	86.898
1406.33	87.6396
1408.26	88.3566
1410.19	88.9653
1412.12	89.5333
1414.05	89.9741
1415.98	90.2833
1417.91	90.5122
1419.83	90.5829
1421.76	90.4607
1423.69	90.1739
1425.62	89.7794
1427.55	89.3242
1429.48	88.6213
1431.41	87.6003
1433.34	86.5626
1435.27	85.5328
1437.2	84.3706
1439.13	83.4079
1441.06	82.7733
1442.98	82.22
1444.91	81.6002
1446.84	80.7804
1448.77	79.6799
1450.7	78.7286
1452.63	78.453
1454.56	78.924
1456.49	80.3211
1458.42	82.1789
1460.35	83.337
1462.28	84.2329
1464.2	85.4329
1466.13	86.699
1468.06	87.595
1469.99	88.4108
1471.92	89.3896
1473.85	90.1392
1475.78	90.4224
1477.71	90.6234
1479.64	90.9072
1481.57	91.2789
1483.5	91.7236
1485.43	92.2136
1487.35	92.8088
1489.28	93.5369
1491.21	94.1379
1493.14	94.5446
1495.07	94.9947
1497	95.5812
1498.93	96.0799
1500.86	96.3205
1502.79	96.4594
1504.72	96.7087
1506.65	97.1542
1508.57	97.3087
1510.5	97.1128
1512.43	97.0295
1514.36	97.1711
1516.29	97.367
1518.22	97.4448
1520.15	97.4701
1522.08	97.5264
1524.01	97.5707
1525.94	97.5432
1527.87	97.4376
1529.8	97.3517
1531.72	97.3918
1533.65	97.4964
1535.58	97.502
1537.51	97.514
1539.44	97.7454
1541.37	97.9878
1543.3	97.8229
1545.23	97.5433
1547.16	97.3867
1549.09	97.3604
1551.02	97.3656
1552.94	97.3168
1554.87	97.2936
1556.8	97.4543
1558.73	97.7103
1560.66	97.6276
1562.59	97.3884
1564.52	97.2265
1566.45	97.1711
1568.38	97.1914
1570.31	97.1421
1572.24	97.0286
1574.16	97.0214
1576.09	97.0871
1578.02	96.9861
1579.95	96.7931
1581.88	96.6805
1583.81	96.6218
1585.74	96.5511
1587.67	96.4767
1589.6	96.4305
1591.53	96.416
1593.46	96.3993
1595.39	96.3444
1597.31	96.258
1599.24	96.1622
1601.17	96.0573
1603.1	95.9389
1605.03	95.8259
1606.96	95.7375
1608.89	95.6086
1610.82	95.3732
1612.75	95.1559
1614.68	95.0128
1616.61	94.681
1618.53	94.0881
1620.46	93.4976
1622.39	92.7569
1624.32	91.7579
1626.25	90.7432
1628.18	89.5611
1630.11	88.1443
1632.04	86.9351
1633.97	85.9144
1635.9	84.611
1637.83	83.8414
1639.76	84.8441
1641.68	87.1147
1643.61	89.6305
1645.54	91.9683
1647.47	93.808
1649.4	94.6329
1651.33	94.9829
1653.26	95.4973
1655.19	95.702
1657.12	95.4634
1659.05	95.2967
1660.98	95.2909
1662.9	95.246
1664.83	95.0276
1666.76	94.8056
1668.69	94.7
1670.62	94.5611
1672.55	94.2803
1674.48	93.9225
1676.41	93.3886
1678.34	92.7806
1680.27	92.3254
1682.2	91.9137
1684.12	91.3506
1686.05	90.6249
1687.98	89.6371
1689.91	88.4137
1691.84	87.0948
1693.77	85.4582
1695.7	83.3387
1697.63	80.9131
1699.56	77.6661
1701.49	73.6248
1703.42	70.017
1705.35	66.4776
1707.27	62.3657
1709.2	58.6388
1711.13	55.8169
1713.06	53.4298
1714.99	51.7563
1716.92	51.1383
1718.85	50.9679
1720.78	51.7048
1722.71	53.8828
1724.64	57.1326
1726.57	61.2202
1728.49	65.8786
1730.42	70.549
1732.35	75.378
1734.28	80.6767
1736.21	84.963
1738.14	87.7022
1740.07	89.9983
1742	92.2899
1743.93	94.167
1745.86	95.7263
1747.79	97.2448
1749.72	98.5017
1751.64	99.3698
1753.57	99.9982
1755.5	100.38
1757.43	100.575
1759.36	100.659
1761.29	100.553
1763.22	100.284
1765.15	99.9481
1767.08	99.5928
1769.01	99.3854
1770.94	99.4035
1772.86	99.3283
1774.79	99.0002
1776.72	98.6662
1778.65	98.4639
1780.58	98.3989
1782.51	98.3856
1784.44	98.3261
1786.37	98.2671
1788.3	98.2733
1790.23	98.3187
1792.16	98.3665
1794.08	98.3481
1796.01	98.2461
1797.94	98.17
1799.87	98.2162
1801.8	98.3247
1803.73	98.3277
1805.66	98.1911
1807.59	98.0629
1809.52	98.0603
1811.45	98.0866
1813.38	98.0693
1815.31	98.1215
1817.23	98.2242
1819.16	98.2143
1821.09	98.1352
1823.02	98.1442
1824.95	98.2294
1826.88	98.2751
1828.81	98.2451
1830.74	98.194
1832.67	98.1834
1834.6	98.2121
1836.53	98.2694
1838.45	98.3291
1840.38	98.3414
1842.31	98.3575
1844.24	98.4605
1846.17	98.5249
1848.1	98.4558
1850.03	98.393
1851.96	98.4014
1853.89	98.4179
1855.82	98.4534
1857.75	98.5536
1859.68	98.6679
1861.6	98.7324
1863.53	98.7702
1865.46	98.8583
1867.39	98.9891
1869.32	98.9691
1871.25	98.7333
1873.18	98.5558
1875.11	98.6214
1877.04	98.8129
1878.97	98.8737
1880.9	98.7536
1882.82	98.6741
1884.75	98.794
1886.68	98.9287
1888.61	98.8362
1890.54	98.6665
1892.47	98.7212
1894.4	98.8982
1896.33	98.9564
1898.26	98.9757
1900.19	99.0721
1902.12	99.0739
1904.05	98.9121
1905.97	98.8163
1907.9	98.8887
1909.83	99.0214
1911.76	99.1489
1913.69	99.2042
1915.62	99.139
1917.55	99.1142
1919.48	99.2705
1921.41	99.4171
1923.34	99.3863
1925.27	99.2872
1927.19	99.2246
1929.12	99.1621
1931.05	99.1534
1932.98	99.3328
1934.91	99.5832
1936.84	99.6092
1938.77	99.4537
1940.7	99.4558
1942.63	99.6347
1944.56	99.6621
1946.49	99.4937
1948.41	99.3652
1950.34	99.3767
1952.27	99.4894
1954.2	99.61
1956.13	99.6058
1958.06	99.4825
1959.99	99.4307
1961.92	99.505
1963.85	99.5264
1965.78	99.4815
1967.71	99.6116
1969.64	99.9061
1971.56	100.069
1973.49	100.083
1975.42	100.13
1977.35	100.165
1979.28	100.141
1981.21	100.196
1983.14	100.312
1985.07	100.349
1987	100.308
1988.93	100.18
1990.86	99.9645
1992.78	99.8882
1994.71	100.053
1996.64	100.16
1998.57	100.033
2000.5	99.9002
2002.43	99.9688
2004.36	100.123
2006.29	100.169
2008.22	100.094
2010.15	99.9948
2012.08	99.9606
2014.01	100.062
2015.93	100.242
2017.86	100.278
2019.79	100.157
2021.72	100.185
2023.65	100.398
2025.58	100.438
2027.51	100.233
2029.44	100.097
2031.37	100.102
2033.3	100.067
2035.23	100.05
2037.15	100.135
2039.08	100.102
2041.01	99.885
2042.94	99.8365
2044.87	100.077
2046.8	100.267
2048.73	100.26
2050.66	100.235
2052.59	100.19
2054.52	100.029
2056.45	99.9277
2058.37	100.029
2060.3	100.174
2062.23	100.231
2064.16	100.213
2066.09	100.09
2068.02	99.8931
2069.95	99.7903
2071.88	99.8231
2073.81	99.8848
2075.74	99.9641
2077.67	100.11
2079.6	100.262
2081.52	100.291
2083.45	100.108
2085.38	99.7592
2087.31	99.4584
2089.24	99.3895
2091.17	99.5
2093.1	99.6413
2095.03	99.7859
2096.96	99.9283
2098.89	99.9657
2100.82	99.8803
2102.74	99.8168
2104.67	99.8345
2106.6	99.8346
2108.53	99.7858
2110.46	99.7329
2112.39	99.6474
2114.32	99.5558
2116.25	99.609
2118.18	99.8011
2120.11	99.9178
2122.04	99.875
2123.97	99.7845
2125.89	99.7095
2127.82	99.6602
2129.75	99.71
2131.68	99.8644
2133.61	99.9829
2135.54	99.9996
2137.47	100.007
2139.4	100.046
2141.33	100.074
2143.26	100.109
2145.19	100.152
2147.11	100.151
2149.04	100.174
2150.97	100.297
2152.9	100.386
2154.83	100.332
2156.76	100.265
2158.69	100.269
2160.62	100.279
2162.55	100.292
2164.48	100.323
2166.41	100.355
2168.33	100.433
2170.26	100.494
2172.19	100.361
2174.12	100.192
2176.05	100.313
2177.98	100.489
2179.91	100.295
2181.84	100.051
2183.77	100.233
2185.7	100.49
2187.63	100.391
2189.56	100.245
2191.48	100.307
2193.41	100.31
2195.34	100.187
2197.27	100.182
2199.2	100.287
2201.13	100.345
2203.06	100.356
2204.99	100.334
2206.92	100.268
2208.85	100.188
2210.78	100.083
2212.7	99.9745
2214.63	99.9856
2216.56	100.128
2218.49	100.246
2220.42	100.245
2222.35	100.143
2224.28	100.001
2226.21	99.9488
2228.14	100.12
2230.07	100.451
2232	100.703
2233.93	100.792
2235.85	100.826
2237.78	100.771
2239.71	100.522
2241.64	100.232
2243.57	100.091
2245.5	100.021
2247.43	99.9739
2249.36	100.068
2251.29	100.263
2253.22	100.402
2255.15	100.479
2257.07	100.496
2259	100.373
2260.93	100.196
2262.86	100.176
2264.79	100.344
2266.72	100.547
2268.65	100.689
2270.58	100.767
2272.51	100.741
2274.44	100.597
2276.37	100.459
2278.29	100.396
2280.22	100.315
2282.15	100.237
2284.08	100.319
2286.01	100.489
2287.94	100.546
2289.87	100.538
2291.8	100.6
2293.73	100.656
2295.66	100.626
2297.59	100.624
2299.52	100.741
2301.44	100.91
2303.37	101.043
2305.3	101.177
2307.23	101.429
2309.16	101.799
2311.09	102.13
2313.02	102.373
2314.95	102.65
2316.88	102.988
2318.81	103.305
2320.74	103.561
2322.66	103.697
2324.59	103.729
2326.52	103.869
2328.45	104.239
2330.38	104.637
2332.31	104.798
2334.24	104.795
2336.17	104.866
2338.1	105.108
2340.03	105.477
2341.96	105.805
2343.89	105.643
2345.81	104.773
2347.74	103.917
2349.67	103.677
2351.6	104.091
2353.53	104.969
2355.46	106.056
2357.39	107.217
2359.32	108.149
2361.25	108.32
2363.18	107.737
2365.11	106.862
2367.03	106.037
2368.96	105.222
2370.89	104.239
2372.82	103.224
2374.75	102.413
2376.68	101.809
2378.61	101.294
2380.54	100.729
2382.47	100.081
2384.4	99.5471
2386.33	99.3045
2388.26	99.2238
2390.18	99.1239
2392.11	99.0493
2394.04	99.0415
2395.97	99.0217
2397.9	99.0156
2399.83	99.077
2401.76	99.0995
2403.69	99.0224
2405.62	98.9386
2407.55	98.8734
2409.48	98.8068
2411.4	98.8344
2413.33	98.9855
2415.26	99.0855
2417.19	99.0254
2419.12	98.9333
2421.05	98.919
2422.98	98.8973
2424.91	98.8202
2426.84	98.8222
2428.77	98.9447
2430.7	99.0132
2432.62	98.9742
2434.55	98.9957
2436.48	99.0933
2438.41	99.07
2440.34	98.8956
2442.27	98.7807
2444.2	98.865
2446.13	99.0697
2448.06	99.2309
2449.99	99.2691
2451.92	99.218
2453.85	99.1222
2455.77	99.0049
2457.7	98.9141
2459.63	98.8724
2461.56	98.8338
2463.49	98.7888
2465.42	98.8053
2467.35	98.9011
2469.28	98.9898
2471.21	98.9956
2473.14	98.9638
2475.07	99.0153
2476.99	99.1839
2478.92	99.329
2480.85	99.2653
2482.78	99.0168
2484.71	98.866
2486.64	99.0053
2488.57	99.244
2490.5	99.3194
2492.43	99.291
2494.36	99.2658
2496.29	99.1235
2498.22	98.8979
2500.14	98.8926
2502.07	99.1273
2504	99.271
2505.93	99.2263
2507.86	99.1707
2509.79	99.1202
2511.72	99.0136
2513.65	98.9894
2515.58	99.1357
2517.51	99.2663
2519.44	99.2475
2521.36	99.2046
2523.29	99.2244
2525.22	99.2043
2527.15	99.0941
2529.08	98.9872
2531.01	98.9752
2532.94	99.0956
2534.87	99.2979
2536.8	99.4118
2538.73	99.3472
2540.66	99.2272
2542.58	99.1552
2544.51	99.1116
2546.44	99.122
2548.37	99.189
2550.3	99.1929
2552.23	99.1444
2554.16	99.2086
2556.09	99.3356
2558.02	99.319
2559.95	99.2021
2561.88	99.188
2563.81	99.2756
2565.73	99.3096
2567.66	99.251
2569.59	99.21
2571.52	99.2551
2573.45	99.3107
2575.38	99.2907
2577.31	99.2216
2579.24	99.1843
2581.17	99.2619
2583.1	99.4684
2585.03	99.6374
2586.95	99.6295
2588.88	99.5851
2590.81	99.6262
2592.74	99.612
2594.67	99.5022
2596.6	99.4636
2598.53	99.4813
2600.46	99.4001
2602.39	99.2615
2604.32	99.1916
2606.25	99.1931
2608.18	99.2213
2610.1	99.2285
2612.03	99.1795
2613.96	99.1324
2615.89	99.1258
2617.82	99.0575
2619.75	98.8976
2621.68	98.8293
2623.61	98.954
2625.54	99.0848
2627.47	99.0406
2629.4	98.9216
2631.32	98.8805
2633.25	98.8734
2635.18	98.858
2637.11	98.931
2639.04	99.0627
2640.97	99.0667
2642.9	98.9564
2644.83	98.9107
2646.76	98.9149
2648.69	98.8528
2650.62	98.7841
2652.54	98.7916
2654.47	98.8163
2656.4	98.8268
2658.33	98.8503
2660.26	98.8319
2662.19	98.7413
2664.12	98.6807
2666.05	98.6937
2667.98	98.7019
2669.91	98.6892
2671.84	98.681
2673.77	98.6243
2675.69	98.5298
2677.62	98.5092
2679.55	98.5313
2681.48	98.4795
2683.41	98.4463
2685.34	98.563
2687.27	98.6899
2689.2	98.6626
2691.13	98.5721
2693.06	98.516
2694.99	98.4476
2696.91	98.4001
2698.84	98.4622
2700.77	98.5515
2702.7	98.5318
2704.63	98.4255
2706.56	98.337
2708.49	98.3241
2710.42	98.3593
2712.35	98.3353
2714.28	98.2275
2716.21	98.1838
2718.14	98.2684
2720.06	98.3305
2721.99	98.2831
2723.92	98.2241
2725.85	98.2329
2727.78	98.307
2729.71	98.4186
2731.64	98.4782
2733.57	98.4148
2735.5	98.3133
2737.43	98.2885
2739.36	98.3079
2741.28	98.2779
2743.21	98.1956
2745.14	98.145
2747.07	98.1871
2749	98.2627
2750.93	98.2562
2752.86	98.1733
2754.79	98.129
2756.72	98.1655
2758.65	98.2437
2760.58	98.353
2762.51	98.4638
2764.43	98.4843
2766.36	98.3878
2768.29	98.2552
2770.22	98.1486
2772.15	98.0849
2774.08	98.0803
2776.01	98.0955
2777.94	98.0703
2779.87	98.0563
2781.8	98.1093
2783.73	98.13
2785.65	98.0452
2787.58	97.952
2789.51	97.9114
2791.44	97.8738
2793.37	97.8505
2795.3	97.8852
2797.23	97.9467
2799.16	98.0094
2801.09	98.0566
2803.02	98.0111
2804.95	97.866
2806.87	97.7571
2808.8	97.7656
2810.73	97.8086
2812.66	97.7666
2814.59	97.6279
2816.52	97.4938
2818.45	97.4322
2820.38	97.3803
2822.31	97.283
2824.24	97.1921
2826.17	97.1253
2828.1	97.008
2830.02	96.8214
2831.95	96.6481
2833.88	96.5554
2835.81	96.52
2837.74	96.4746
2839.67	96.4003
2841.6	96.3001
2843.53	96.1174
2845.46	95.8488
2847.39	95.627
2849.32	95.4965
2851.24	95.3357
2853.17	95.099
2855.1	94.7898
2857.03	94.3085
2858.96	93.6838
2860.89	93.1422
2862.82	92.7516
2864.75	92.3917
2866.68	92.0609
2868.61	91.8313
2870.54	91.6535
2872.47	91.4818
2874.39	91.4202
2876.32	91.5783
2878.25	91.8611
2880.18	92.0544
2882.11	92.1475
2884.04	92.3126
2885.97	92.5406
2887.9	92.7005
2889.83	92.8504
2891.76	93.0273
2893.69	93.0725
2895.61	93.0156
2897.54	93.0741
2899.47	93.1742
2901.4	93.0793
2903.33	92.8387
2905.26	92.6606
2907.19	92.6361
2909.12	92.7154
2911.05	92.7118
2912.98	92.4995
2914.91	92.2307
2916.83	92.0204
2918.76	91.6808
2920.69	91.1348
2922.62	90.6064
2924.55	90.1443
2926.48	89.5485
2928.41	88.8605
2930.34	88.4037
2932.27	88.3426
2934.2	88.5516
2936.13	88.8522
2938.06	89.1805
2939.98	89.5148
2941.91	89.7541
2943.84	89.7871
2945.77	89.6158
2947.7	89.2661
2949.63	88.7154
2951.56	88.0514
2953.49	87.4695
2955.42	87.0553
2957.35	86.8217
2959.28	86.8345
2961.2	87.0919
2963.13	87.5674
2965.06	88.3889
2966.99	89.5749
2968.92	90.7714
2970.85	91.6298
2972.78	92.1675
2974.71	92.5375
2976.64	92.8003
2978.57	92.9565
2980.5	93.0046
2982.43	93.0681
2984.35	93.3607
2986.28	93.8338
2988.21	94.1855
2990.14	94.3845
2992.07	94.7157
2994	95.2083
2995.93	95.5452
2997.86	95.6495
2999.79	95.8615
3001.72	96.354
3003.65	96.8438
3005.57	97.1051
3007.5	97.3156
3009.43	97.608
3011.36	97.8006
3013.29	97.8292
3015.22	97.8957
3017.15	98.0276
3019.08	98.0807
3021.01	98.1712
3022.94	98.481
3024.87	98.7984
3026.79	98.849
3028.72	98.7776
3030.65	98.8294
3032.58	98.9327
3034.51	98.9003
3036.44	98.7374
3038.37	98.602
3040.3	98.6119
3042.23	98.7089
3044.16	98.7409
3046.09	98.6984
3048.02	98.712
3049.94	98.8203
3051.87	98.9291
3053.8	98.98
3055.73	99.0203
3057.66	99.0882
3059.59	99.0836
3061.52	98.9238
3063.45	98.7852
3065.38	98.8535
3067.31	98.9792
3069.24	98.9947
3071.16	99.0027
3073.09	99.01
3075.02	98.876
3076.95	98.7272
3078.88	98.7695
3080.81	98.8987
3082.74	98.9765
3084.67	99.0426
3086.6	99.068
3088.53	98.9959
3090.46	98.918
3092.39	98.8864
3094.31	98.8478
3096.24	98.7989
3098.17	98.7218
3100.1	98.5669
3102.03	98.4217
3103.96	98.412
3105.89	98.4648
3107.82	98.3981
3109.75	98.2185
3111.68	98.2183
3113.61	98.5986
3115.53	99.0345
3117.46	99.0817
3119.39	98.8795
3121.32	98.7679
3123.25	98.6472
3125.18	98.4274
3127.11	98.3991
3129.04	98.6248
3130.97	98.8018
3132.9	98.8378
3134.83	98.8119
3136.75	98.6787
3138.68	98.5288
3140.61	98.5775
3142.54	98.7219
3144.47	98.7111
3146.4	98.6196
3148.33	98.6078
3150.26	98.5727
3152.19	98.4413
3154.12	98.3824
3156.05	98.4881
3157.98	98.6146
3159.9	98.6195
3161.83	98.5114
3163.76	98.4327
3165.69	98.5638
3167.62	98.8213
3169.55	98.8563
3171.48	98.6454
3173.41	98.5617
3175.34	98.6405
3177.27	98.5562
3179.2	98.3196
3181.12	98.1923
3183.05	98.1941
3184.98	98.2685
3186.91	98.4277
3188.84	98.5771
3190.77	98.6805
3192.7	98.8243
3194.63	98.8897
3196.56	98.6949
3198.49	98.3718
3200.42	98.1511
3202.35	98.1445
3204.27	98.4164
3206.2	98.7697
3208.13	98.7791
3210.06	98.4241
3211.99	98.1107
3213.92	97.9765
3215.85	97.8536
3217.78	97.7691
3219.71	97.8747
3221.64	98.1091
3223.57	98.3239
3225.49	98.4807
3227.42	98.5441
3229.35	98.4587
3231.28	98.2729
3233.21	98.0992
3235.14	98.0445
3237.07	98.173
3239	98.3294
3240.93	98.2207
3242.86	97.8926
3244.79	97.722
3246.72	97.8605
3248.64	98.1147
3250.57	98.277
3252.5	98.2799
3254.43	98.2298
3256.36	98.293
3258.29	98.3952
3260.22	98.3205
3262.15	98.1044
3264.08	97.9378
3266.01	97.884
3267.94	97.9545
3269.86	98.1053
3271.79	98.1414
3273.72	98.0046
3275.65	97.9332
3277.58	98.0395
3279.51	98.1206
3281.44	98.0591
3283.37	97.9785
3285.3	97.9728
3287.23	98.004
3289.16	97.985
3291.08	97.8464
3293.01	97.677
3294.94	97.6724
3296.87	97.8119
3298.8	97.8907
3300.73	97.8689
3302.66	97.8181
3304.59	97.7063
3306.52	97.5402
3308.45	97.44
3310.38	97.4826
3312.31	97.655
3314.23	97.8177
3316.16	97.7658
3318.09	97.5601
3320.02	97.4658
3321.95	97.4692
3323.88	97.3765
3325.81	97.252
3327.74	97.2314
3329.67	97.2415
3331.6	97.2389
3333.53	97.303
3335.45	97.4028
3337.38	97.4291
3339.31	97.3649
3341.24	97.2474
3343.17	97.1534
3345.1	97.1877
3347.03	97.2819
3348.96	97.2165
3350.89	97.0159
3352.82	96.9617
3354.75	97.1038
3356.68	97.1686
3358.6	97.0667
3360.53	97.0259
3362.46	97.0985
3364.39	97.0764
3366.32	96.9472
3368.25	96.8985
3370.18	96.9526
3372.11	97.0403
3374.04	97.1298
3375.97	97.0946
3377.9	96.9225
3379.82	96.8807
3381.75	97.0293
3383.68	97.0707
3385.61	96.9314
3387.54	96.8583
3389.47	96.9409
3391.4	97.0531
3393.33	97.0477
3395.26	96.8609
3397.19	96.6779
3399.12	96.7627
3401.04	96.9833
3402.97	96.9794
3404.9	96.7866
3406.83	96.7264
3408.76	96.8137
3410.69	96.819
3412.62	96.7321
3414.55	96.6962
3416.48	96.6724
3418.41	96.5689
3420.34	96.5028
3422.27	96.5627
3424.19	96.5807
3426.12	96.5068
3428.05	96.545
3429.98	96.7039
3431.91	96.7533
3433.84	96.6642
3435.77	96.6363
3437.7	96.7817
3439.63	96.9991
3441.56	97.0698
3443.49	96.9449
3445.41	96.8418
3447.34	96.8577
3449.27	96.8514
3451.2	96.8174
3453.13	96.8496
3455.06	96.8934
3456.99	96.9293
3458.92	96.9985
3460.85	97.004
3462.78	96.9679
3464.71	97.1066
3466.64	97.3165
3468.56	97.2776
3470.49	97.1001
3472.42	97.1179
3474.35	97.2441
3476.28	97.1633
3478.21	96.924
3480.14	96.8423
3482.07	97.0167
3484	97.2366
3485.93	97.3099
3487.86	97.2373
3489.78	97.1154
3491.71	97.0787
3493.64	97.1595
3495.57	97.1644
3497.5	97.0035
3499.43	96.9637
3501.36	97.1835
3503.29	97.3135
3505.22	97.159
3507.15	97.0054
3509.08	96.9581
3511	96.8444
3512.93	96.6987
3514.86	96.6727
3516.79	96.7648
3518.72	96.9131
3520.65	96.9808
3522.58	96.831
3524.51	96.663
3526.44	96.7534
3528.37	96.9027
3530.3	96.8375
3532.23	96.7222
3534.15	96.7296
3536.08	96.7516
3538.01	96.7042
3539.94	96.6349
3541.87	96.5616
3543.8	96.4501
3545.73	96.2861
3547.66	96.2124
3549.59	96.4333
3551.52	96.8043
3553.45	96.9065
3555.37	96.7511
3557.3	96.7425
3559.23	96.844
3561.16	96.7246
3563.09	96.5586
3565.02	96.7925
3566.95	97.3115
3568.88	97.5053
3570.81	97.3397
3572.74	97.1501
3574.67	97.0484
3576.6	97.1145
3578.52	97.3338
3580.45	97.4243
3582.38	97.2667
3584.31	97.2385
3586.24	97.6195
3588.17	97.9747
3590.1	97.877
3592.03	97.8153
3593.96	98.1512
3595.89	98.5828
3597.82	98.7844
3599.74	98.8575
3601.67	98.8116
3603.6	98.6408
3605.53	98.6201
3607.46	98.8272
3609.39	98.884
3611.32	98.6545
3613.25	98.5185
3615.18	98.6705
3617.11	98.9496
3619.04	99.1713
3620.97	99.2733
3622.89	99.351
3624.82	99.5128
3626.75	99.7294
3628.68	99.8175
3630.61	99.6327
3632.54	99.3793
3634.47	99.2653
3636.4	99.284
3638.33	99.2931
3640.26	99.3068
3642.19	99.4528
3644.11	99.6132
3646.04	99.6553
3647.97	99.8648
3649.9	100.354
3651.83	100.385
3653.76	99.9265
3655.69	99.5086
3657.62	99.4116
3659.55	99.48
3661.48	99.4801
3663.41	99.3605
3665.33	99.1674
3667.26	99.1212
3669.19	99.569
3671.12	100.27
3673.05	100.422
3674.98	100.04
3676.91	99.7464
3678.84	99.6955
3680.77	99.5999
3682.7	99.4805
3684.63	99.4527
3686.56	99.5428
3688.48	99.7913
3690.41	99.9535
3692.34	99.6989
3694.27	99.4026
3696.2	99.4644
3698.13	99.7212
3700.06	99.8182
3701.99	99.7442
3703.92	99.6407
3705.85	99.5034
3707.78	99.3811
3709.7	99.4231
3711.63	99.5982
3713.56	99.6719
3715.49	99.6902
3717.42	99.8288
3719.35	100.061
3721.28	100.19
3723.21	100.161
3725.14	100.154
3727.07	100.248
3729	100.25
3730.93	100.051
3732.85	99.9639
3734.78	100.463
3736.71	100.991
3738.64	100.635
3740.57	99.9425
3742.5	99.747
3744.43	100.182
3746.36	100.369
3748.29	100.027
3750.22	99.7818
3752.15	99.824
3754.07	99.7735
3756	99.6456
3757.93	99.6999
3759.86	99.8594
3761.79	99.809
3763.72	99.6086
3765.65	99.5558
3767.58	99.7356
3769.51	99.915
3771.44	99.8701
3773.37	99.6843
3775.29	99.5581
3777.22	99.4991
3779.15	99.4226
3781.08	99.4105
3783.01	99.5301
3784.94	99.6052
3786.87	99.5331
3788.8	99.446
3790.73	99.398
3792.66	99.3652
3794.59	99.4478
3796.52	99.6319
3798.44	99.701
3800.37	99.669
3802.3	99.7208
3804.23	99.7676
3806.16	99.737
3808.09	99.7606
3810.02	99.7953
3811.95	99.7029
3813.88	99.557
3815.81	99.5365
3817.74	99.6918
3819.66	99.929
3821.59	100.114
3823.52	100.068
3825.45	99.8686
3827.38	99.7335
3829.31	99.742
3831.24	99.7863
3833.17	99.7319
3835.1	99.6281
3837.03	99.6817
3838.96	99.9252
3840.89	100.046
3842.81	99.8924
3844.74	99.6425
3846.67	99.4783
3848.6	99.4639
3850.53	99.6049
3852.46	99.8463
3854.39	99.9587
3856.32	99.8725
3858.25	99.7651
3860.18	99.7062
3862.11	99.7728
3864.03	99.9284
3865.96	99.9096
3867.89	99.7318
3869.82	99.749
3871.75	99.914
3873.68	99.7503
3875.61	99.3818
3877.54	99.2983
3879.47	99.5071
3881.4	99.6199
3883.33	99.5983
3885.25	99.6913
3887.18	99.7874
3889.11	99.6998
3891.04	99.5768
3892.97	99.5902
3894.9	99.6935
3896.83	99.8102
3898.76	99.8922
3900.69	99.841
3902.62	99.7171
3904.55	99.6899
3906.48	99.6925
3908.4	99.6255
3910.33	99.5806
3912.26	99.6286
3914.19	99.6759
3916.12	99.6327
3918.05	99.5356
3919.98	99.433
3921.91	99.3491
3923.84	99.3347
3925.77	99.3464
3927.7	99.2832
3929.62	99.2664
3931.55	99.4728
3933.48	99.7218
3935.41	99.7336
3937.34	99.5856
3939.27	99.4483
3941.2	99.3759
3943.13	99.3824
3945.06	99.4205
3946.99	99.4619
3948.92	99.5784
3950.85	99.6777
3952.77	99.5559
3954.7	99.3453
3956.63	99.2979
3958.56	99.3397
3960.49	99.3565
3962.42	99.4878
3964.35	99.6951
3966.28	99.6754
3968.21	99.4146
3970.14	99.2124
3972.07	99.1822
3973.99	99.1983
3975.92	99.2392
3977.85	99.3614
3979.78	99.4621
3981.71	99.4294
3983.64	99.3642
3985.57	99.3686
3987.5	99.3506
3989.43	99.2475
3991.36	99.1582
3993.29	99.1755
3995.22	99.298
3997.14	99.435
