499.643	89.4421
501.572	89.6424
503.501	88.3669
505.43	87.3866
507.36	87.3076
509.289	86.9771
511.218	86.2104
513.147	86.1822
515.076	86.9681
517.005	87.3956
518.934	87.1027
520.863	86.6759
522.792	86.2294
524.722	85.8105
526.651	85.8533
528.58	86.2926
530.509	86.7173
532.438	87.128
534.367	87.5397
536.296	87.8636
538.225	88.2928
540.155	88.8204
542.084	89.0401
544.013	89.0515
545.942	89.4025
547.871	89.9985
549.8	90.1917
551.729	89.8362
553.658	89.4656
555.588	89.5388
557.517	89.9198
559.446	90.1968
561.375	90.2142
563.304	90.0592
565.233	89.9476
567.162	90.1204
569.091	90.377
571.021	90.2842
572.95	90.0805
574.879	90.1949
576.808	90.3168
578.737	90.1437
580.666	90.018
582.595	89.9635
584.524	89.5521
586.454	88.8576
588.383	88.2279
590.312	87.5978
592.241	86.9511
594.17	86.6334
596.099	86.6811
598.028	86.7468
599.957	86.7392
601.887	86.8675
603.816	87.2461
605.745	87.8542
607.674	88.5708
609.603	89.1523
611.532	89.5155
613.461	89.8307
615.39	90.1067
617.32	90.1769
619.249	90.119
621.178	90.0867
623.107	89.9911
625.036	89.8183
626.965	89.758
628.894	89.7968
630.823	89.7034
632.753	89.4137
634.682	89.0012
636.611	88.4268
638.54	87.6643
640.469	86.8007
642.398	85.8346
644.327	84.7162
646.256	83.5452
648.186	82.5341
650.115	81.9038
652.044	81.7469
653.973	81.9923
655.902	82.4446
657.831	82.934
659.76	83.6199
661.689	84.6691
663.619	85.8358
665.548	87.1769
667.477	89.1121
669.406	90.6413
671.335	90.956
673.264	91.282
675.193	91.8745
677.122	92.231
679.052	92.3321
680.981	92.5036
682.91	92.7063
684.839	92.863
686.768	93.0174
688.697	93.0595
690.626	92.9559
692.555	92.9095
694.485	93.0096
696.414	93.1374
698.343	93.1972
700.272	93.1845
702.201	93.1415
704.13	93.1225
706.059	93.1165
707.988	93.0832
709.917	93.0618
711.847	93.0884
713.776	93.109
715.705	93.1194
717.634	93.1997
719.563	93.3064
721.492	93.2583
723.421	93.0253
725.35	92.772
727.28	92.5873
729.209	92.3991
731.138	92.1346
733.067	91.8089
734.996	91.4612
736.925	91.1281
738.854	90.8183
740.783	90.4356
742.713	89.8756
744.642	89.2537
746.571	88.8526
748.5	88.8306
750.429	89.1273
752.358	89.5819
754.287	90.0452
756.216	90.4531
758.146	90.8057
760.075	91.085
762.004	91.2936
763.933	91.5114
765.862	91.7685
767.791	91.9709
769.72	92.0712
771.649	92.1497
773.579	92.2437
775.508	92.2933
777.437	92.2826
779.366	92.2482
781.295	92.1888
783.224	92.1012
785.153	91.9987
787.082	91.8512
789.012	91.6408
790.941	91.4063
792.87	91.0985
794.799	90.5655
796.728	89.786
798.657	88.8956
800.586	87.9165
802.515	86.6549
804.445	84.8698
806.374	82.3981
808.303	79.2585
810.232	75.9302
812.161	73.4318
814.09	72.7251
816.019	73.9547
817.948	76.4229
819.878	79.216
821.807	81.7105
823.736	83.6568
825.665	85.074
827.594	86.0886
829.523	86.7909
831.452	87.2298
833.381	87.456
835.311	87.4805
837.24	87.2785
839.169	86.8794
841.098	86.3514
843.027	85.7414
844.956	85.1533
846.885	84.7731
848.814	84.6901
850.744	84.8005
852.673	84.9565
854.602	85.1272
856.531	85.3702
858.46	85.6874
860.389	85.9753
862.318	86.1534
864.247	86.2349
866.177	86.2126
868.106	86.0357
870.035	85.7181
871.964	85.2934
873.893	84.7399
875.822	84.0952
877.751	83.4865
879.68	82.9942
881.609	82.6545
883.539	82.5269
885.468	82.6012
887.397	82.7529
889.326	82.8827
891.255	82.9785
893.184	83.0464
895.113	83.1141
897.042	83.283
898.972	83.6797
900.901	84.3581
902.83	85.2725
904.759	86.3056
906.688	87.296
908.617	88.0827
910.546	88.5788
912.475	88.7979
914.405	88.7823
916.334	88.5334
918.263	88.0288
920.192	87.2493
922.121	86.1601
924.05	84.698
925.979	82.7834
927.908	80.3423
929.838	77.3828
931.767	74.0887
933.696	70.7893
935.625	67.8411
937.554	65.5571
939.483	64.1553
941.412	63.6654
943.341	63.9177
945.271	64.6842
947.2	65.7974
949.129	67.1474
951.058	68.6668
952.987	70.313
954.916	72.0106
956.845	73.6526
958.774	75.1823
960.704	76.6529
962.633	78.2159
964.562	80.0099
966.491	82.006
968.42	84.0189
970.349	85.8615
972.278	87.4053
974.207	88.5851
976.137	89.4365
978.066	90.024
979.995	90.3201
981.924	90.2669
983.853	89.8952
985.782	89.312
987.711	88.6649
989.64	88.1154
991.57	87.7403
993.499	87.4377
995.428	86.9277
997.357	85.8963
999.286	84.2872
1001.22	82.4596
1003.14	80.9289
1005.07	79.9667
1007	79.538
1008.93	79.5446
1010.86	79.9707
1012.79	80.7473
1014.72	81.5813
1016.65	82.0705
1018.58	81.9762
1020.51	81.2552
1022.44	79.9222
1024.36	78.1162
1026.29	76.2547
1028.22	74.8341
1030.15	73.9739
1032.08	73.3344
1034.01	72.5736
1035.94	71.7008
1037.87	70.9128
1039.8	70.3248
1041.73	69.979
1043.66	69.9374
1045.58	70.2565
1047.51	70.9205
1049.44	71.7972
1051.37	72.6606
1053.3	73.3319
1055.23	73.8182
1057.16	74.2608
1059.09	74.7525
1061.02	75.2302
1062.95	75.5152
1064.88	75.4448
1066.81	75.0374
1068.73	74.5759
1070.66	74.4438
1072.59	74.8229
1074.52	75.6016
1076.45	76.5568
1078.38	77.5137
1080.31	78.3517
1082.24	78.9889
1084.17	79.3726
1086.1	79.4544
1088.03	79.2244
1089.95	78.7315
1091.88	77.9957
1093.81	76.9964
1095.74	75.7851
1097.67	74.4628
1099.6	73.0494
1101.53	71.5172
1103.46	69.8941
1105.39	68.2239
1107.32	66.508
1109.25	64.7458
1111.18	62.9644
1113.1	61.1963
1115.03	59.4731
1116.96	57.8289
1118.89	56.2812
1120.82	54.8079
1122.75	53.3721
1124.68	51.9627
1126.61	50.551
1128.54	49.0335
1130.47	47.302
1132.4	45.323
1134.32	43.1231
1136.25	40.8069
1138.18	38.5752
1140.11	36.6312
1142.04	35.1189
1143.97	34.1438
1145.9	33.7396
1147.83	33.8715
1149.76	34.522
1151.69	35.6616
1153.62	37.1762
1155.55	38.9416
1157.47	40.8876
1159.4	42.9442
1161.33	45.0257
1163.26	47.0545
1165.19	48.9552
1167.12	50.6771
1169.05	52.2256
1170.98	53.6473
1172.91	55.0138
1174.84	56.4041
1176.77	57.8671
1178.69	59.4265
1180.62	61.1092
1182.55	62.9148
1184.48	64.787
1186.41	66.677
1188.34	68.6009
1190.27	70.59
1192.2	72.6403
1194.13	74.7577
1196.06	76.9633
1197.99	79.2089
1199.91	81.3864
1201.84	83.4193
1203.77	85.2386
1205.7	86.7592
1207.63	87.9766
1209.56	88.968
1211.49	89.8664
1213.42	90.8654
1215.35	91.8787
1217.28	92.3091
1219.21	91.8346
1221.14	91.091
1223.06	90.7846
1224.99	90.8072
1226.92	90.6957
1228.85	90.2807
1230.78	89.5767
1232.71	88.6053
1234.64	87.4755
1236.57	86.3241
1238.5	85.2532
1240.43	84.3786
1242.36	83.776
1244.28	83.4298
1246.21	83.3136
1248.14	83.4326
1250.07	83.7732
1252	84.2547
1253.93	84.7336
1255.86	85.0813
1257.79	85.2524
1259.72	85.2501
1261.65	85.0859
1263.58	84.7918
1265.51	84.415
1267.43	84.0036
1269.36	83.5973
1271.29	83.2127
1273.22	82.8418
1275.15	82.4515
1277.08	81.9813
1279.01	81.3571
1280.94	80.4502
1282.87	79.0136
1284.8	76.7405
1286.73	73.4474
1288.65	69.3459
1290.58	65.2515
1292.51	62.3191
1294.44	61.4121
1296.37	62.6718
1298.3	65.5107
1300.23	68.9621
1302.16	72.1317
1304.09	74.465
1306.02	75.7332
1307.95	75.9122
1309.87	75.1762
1311.8	73.9668
1313.73	72.8937
1315.66	72.3047
1317.59	72.1033
1319.52	72.2192
1321.45	72.8613
1323.38	74.1641
1325.31	76.0095
1327.24	78.1491
1329.17	80.3626
1331.1	82.5524
1333.02	84.5605
1334.95	86.1523
1336.88	87.3139
1338.81	88.2049
1340.74	88.9084
1342.67	89.5118
1344.6	90.2117
1346.53	91.1312
1348.46	92.1566
1350.39	93.0316
1352.32	93.6287
1354.24	93.9728
1356.17	94.0731
1358.1	93.9425
1360.03	93.6476
1361.96	93.1611
1363.89	92.3241
1365.82	91.1801
1367.75	90.1809
1369.68	89.8746
1371.61	90.1507
1373.54	90.1463
1375.47	89.3879
1377.39	88.5094
1379.32	88.1416
1381.25	88.239
1383.18	88.5022
1385.11	88.746
1387.04	88.8715
1388.97	88.8144
1390.9	88.6661
1392.83	88.5064
1394.76	88.2815
1396.69	87.8846
1398.61	87.3015
1400.54	86.7493
1402.47	86.5652
1404.4	86.9229
1406.33	87.647
1408.26	88.3495
1410.19	88.9447
1412.12	89.4947
1414.05	89.9228
1415.98	90.2304
1417.91	90.4605
1419.83	90.532
1421.76	90.42
1423.69	90.1464
1425.62	89.742
1427.55	89.2543
1429.48	88.5363
1431.41	87.5346
1433.34	86.5179
1435.27	85.4869
1437.2	84.2953
1439.13	83.2842
1441.06	82.6134
1442.98	82.0563
1444.91	81.4533
1446.84	80.6509
1448.77	79.5775
1450.7	78.6569
1452.63	78.3826
1454.56	78.822
1456.49	80.1727
1458.42	82.0071
1460.35	83.1846
1462.28	84.1133
1464.2	85.3199
1466.13	86.5513
1468.06	87.4198
1469.99	88.2219
1471.92	89.1516
1473.85	89.8231
1475.78	90.0795
1477.71	90.2908
1479.64	90.5833
1481.57	90.964
1483.5	91.4221
1485.43	91.9227
1487.35	92.5318
1489.28	93.2879
1491.21	93.9207
1493.14	94.3635
1495.07	94.8645
1497	95.4805
1498.93	95.9498
1500.86	96.1737
1502.79	96.3524
1504.72	96.6596
1506.65	97.115
1508.57	97.2383
1510.5	97.0486
1512.43	96.9878
1514.36	97.1341
1516.29	97.317
1518.22	97.3999
1520.15	97.4594
1522.08	97.533
1524.01	97.5594
1525.94	97.518
1527.87	97.4112
1529.8	97.3146
1531.72	97.3283
1533.65	97.4118
1535.58	97.4237
1537.51	97.4532
1539.44	97.6825
1541.37	97.8966
1543.3	97.7306
1545.23	97.4779
1547.16	97.3385
1549.09	97.3039
1551.02	97.2993
1552.94	97.2801
1554.87	97.3211
1556.8	97.5323
1558.73	97.7636
1560.66	97.6015
1562.59	97.3137
1564.52	97.1374
1566.45	97.1004
1568.38	97.1578
1570.31	97.1337
1572.24	97.031
1574.16	97.0255
1576.09	97.0855
1578.02	96.9946
1579.95	96.8187
1581.88	96.702
1583.81	96.6301
1585.74	96.5593
1587.67	96.4745
1589.6	96.3961
1591.53	96.375
1593.46	96.3954
1595.39	96.3639
1597.31	96.2606
1599.24	96.1581
1601.17	96.0751
1603.1	95.957
1605.03	95.8184
1606.96	95.7404
1608.89	95.655
1610.82	95.4202
1612.75	95.1595
1614.68	94.9839
1616.61	94.6423
1618.53	94.0519
1620.46	93.4888
1622.39	92.7951
1624.32	91.8269
1626.25	90.8266
1628.18	89.6765
1630.11	88.2993
1632.04	87.1067
1633.97	86.0753
1635.9	84.7597
1637.83	84.0135
1639.76	85.0412
1641.68	87.2998
1643.61	89.7728
1645.54	92.0572
1647.47	93.8572
1649.4	94.6687
1651.33	94.9944
1653.26	95.4365
1655.19	95.6222
1657.12	95.4512
1659.05	95.3482
1660.98	95.3518
1662.9	95.2582
1664.83	95.0073
1666.76	94.8083
1668.69	94.7574
1670.62	94.6329
1672.55	94.2941
1674.48	93.8612
1676.41	93.3069
1678.34	92.7505
1680.27	92.3415
1682.2	91.9073
1684.12	91.2819
1686.05	90.5653
1687.98	89.5994
1689.91	88.3409
1691.84	86.9623
1693.77	85.2852
1695.7	83.1581
1697.63	80.7729
1699.56	77.5824
1701.49	73.5281
1703.42	69.8753
1705.35	66.3574
1707.27	62.3187
1709.2	58.6077
1711.13	55.7194
1713.06	53.2604
1714.99	51.5729
1716.92	50.9882
1718.85	50.8279
1720.78	51.549
1722.71	53.7135
1724.64	56.9181
1726.57	60.8808
1728.49	65.3896
1730.42	69.9847
1732.35	74.7963
1734.28	80.0237
1736.21	84.2333
1738.14	86.996
1740.07	89.3545
1742	91.6737
1743.93	93.5922
1745.86	95.2528
1747.79	96.8995
1749.72	98.2803
1751.64	99.2251
1753.57	99.8391
1755.5	100.169
1757.43	100.383
1759.36	100.556
1761.29	100.507
1763.22	100.235
1765.15	99.8812
1767.08	99.4891
1769.01	99.2276
1770.94	99.2163
1772.86	99.1399
1774.79	98.8115
1776.72	98.5182
1778.65	98.4206
1780.58	98.4352
1782.51	98.3815
1784.44	98.2438
1786.37	98.2033
1788.3	98.2918
1790.23	98.3724
1792.16	98.4004
1794.08	98.3705
1796.01	98.2588
1797.94	98.1495
1799.87	98.1633
1801.8	98.2727
1803.73	98.3137
1805.66	98.2254
1807.59	98.111
1809.52	98.0858
1811.45	98.1023
1813.38	98.0762
1815.31	98.0666
1817.23	98.101
1819.16	98.1124
1821.09	98.1159
1823.02	98.167
1824.95	98.2178
1826.88	98.1879
1828.81	98.1011
1830.74	98.0912
1832.67	98.2246
1834.6	98.3766
1836.53	98.4414
1838.45	98.4329
1840.38	98.4065
1842.31	98.4158
1844.24	98.4851
1846.17	98.5095
1848.1	98.445
1850.03	98.4221
1851.96	98.4991
1853.89	98.6115
1855.82	98.7177
1857.75	98.7795
1859.68	98.7432
1861.6	98.6708
1863.53	98.6986
1865.46	98.8613
1867.39	99.0481
1869.32	99.0343
1871.25	98.7688
1873.18	98.5331
1875.11	98.5559
1877.04	98.7606
1878.97	98.8594
1880.9	98.7773
1882.82	98.7222
1884.75	98.7959
1886.68	98.89
1888.61	98.9531
1890.54	99.0212
1892.47	99.0746
1894.4	99.0811
1896.33	99.0617
1898.26	99.0697
1900.19	99.1387
1902.12	99.209
1904.05	99.1847
1905.97	99.0981
1907.9	99.0819
1909.83	99.1935
1911.76	99.3182
1913.69	99.2926
1915.62	99.1562
1917.55	99.1139
1919.48	99.1896
1921.41	99.235
1923.34	99.295
1925.27	99.4445
1927.19	99.5404
1929.12	99.4896
1931.05	99.3896
1932.98	99.3533
1934.91	99.4122
1936.84	99.4928
1938.77	99.5009
1940.7	99.5078
1942.63	99.6215
1944.56	99.7042
1946.49	99.5994
1948.41	99.461
1950.34	99.5197
1952.27	99.733
1954.2	99.8598
1956.13	99.8303
1958.06	99.7673
1959.99	99.676
1961.92	99.5172
1963.85	99.4665
1965.78	99.6501
1967.71	99.8643
1969.64	99.9178
1971.56	99.9552
1973.49	100.15
1975.42	100.401
1977.35	100.49
1979.28	100.39
1981.21	100.275
1983.14	100.307
1985.07	100.465
1987	100.492
1988.93	100.197
1990.86	99.8944
1992.78	100.043
1994.71	100.409
1996.64	100.442
1998.57	100.22
2000.5	100.153
2002.43	100.197
2004.36	100.094
2006.29	99.955
2008.22	99.9692
2010.15	100.002
2012.08	99.9336
2014.01	99.9332
2015.93	100.141
2017.86	100.469
2019.79	100.757
2021.72	100.861
2023.65	100.696
2025.58	100.408
2027.51	100.206
2029.44	100.074
2031.37	99.9774
2033.3	100.029
2035.23	100.217
2037.15	100.334
2039.08	100.235
2041.01	99.9732
2042.94	99.7814
2044.87	99.8804
2046.8	100.195
2048.73	100.444
2050.66	100.471
2052.59	100.284
2054.52	99.9961
2056.45	99.8176
2058.37	99.8531
2060.3	99.9753
2062.23	100.07
2064.16	100.156
2066.09	100.195
2068.02	100.095
2069.95	99.9323
2071.88	99.914
2073.81	100.097
2075.74	100.302
2077.67	100.368
2079.6	100.332
2081.52	100.273
2083.45	100.154
2085.38	99.9347
2087.31	99.673
2089.24	99.489
2091.17	99.5188
2093.1	99.7802
2095.03	100.044
2096.96	100.059
2098.89	99.8695
2100.82	99.7054
2102.74	99.6873
2104.67	99.7822
2106.6	99.8847
2108.53	99.9013
2110.46	99.8171
2112.39	99.6833
2114.32	99.6035
2116.25	99.6681
2118.18	99.7841
2120.11	99.7558
2122.04	99.6055
2123.97	99.5374
2125.89	99.6347
2127.82	99.831
2129.75	100.02
2131.68	100.104
2133.61	100.092
2135.54	100.038
2137.47	99.9115
2139.4	99.7988
2141.33	99.8946
2143.26	100.106
2145.19	100.199
2147.11	100.238
2149.04	100.285
2150.97	100.167
2152.9	99.9536
2154.83	99.9169
2156.76	99.9591
2158.69	99.9251
2160.62	100.098
2162.55	100.568
2164.48	100.858
2166.41	100.762
2168.33	100.659
2170.26	100.699
2172.19	100.589
2174.12	100.312
2176.05	100.206
2177.98	100.286
2179.91	100.292
2181.84	100.266
2183.77	100.364
2185.7	100.42
2187.63	100.307
2189.56	100.24
2191.48	100.321
2193.41	100.328
2195.34	100.116
2197.27	99.8261
2199.2	99.6812
2201.13	99.7512
2203.06	99.9132
2204.99	100.065
2206.92	100.263
2208.85	100.485
2210.78	100.535
2212.7	100.375
2214.63	100.24
2216.56	100.264
2218.49	100.309
2220.42	100.28
2222.35	100.271
2224.28	100.301
2226.21	100.301
2228.14	100.338
2230.07	100.455
2232	100.497
2233.93	100.437
2235.85	100.427
2237.78	100.431
2239.71	100.381
2241.64	100.356
2243.57	100.275
2245.5	100.056
2247.43	99.9657
2249.36	100.139
2251.29	100.319
2253.22	100.42
2255.15	100.563
2257.07	100.648
2259	100.572
2260.93	100.448
2262.86	100.353
2264.79	100.315
2266.72	100.406
2268.65	100.586
2270.58	100.737
2272.51	100.839
2274.44	100.89
2276.37	100.841
2278.29	100.662
2280.22	100.441
2282.15	100.348
2284.08	100.385
2286.01	100.34
2287.94	100.178
2289.87	100.148
2291.8	100.324
2293.73	100.499
2295.66	100.574
2297.59	100.647
2299.52	100.754
2301.44	100.825
2303.37	100.846
2305.3	100.934
2307.23	101.199
2309.16	101.563
2311.09	101.877
2313.02	102.16
2314.95	102.476
2316.88	102.746
2318.81	102.995
2320.74	103.379
2322.66	103.763
2324.59	103.874
2326.52	103.902
2328.45	104.188
2330.38	104.607
2332.31	104.795
2334.24	104.809
2336.17	104.948
2338.1	105.245
2340.03	105.512
2341.96	105.534
2343.89	105.023
2345.81	104.047
2347.74	103.323
2349.67	103.28
2351.6	103.943
2353.53	105.103
2355.46	106.193
2357.39	106.896
2359.32	107.304
2361.25	107.373
2363.18	107.099
2365.11	106.541
2367.03	105.776
2368.96	104.937
2370.89	104.031
2372.82	103.048
2374.75	102.155
2376.68	101.526
2378.61	101.104
2380.54	100.647
2382.47	100.058
2384.4	99.5106
2386.33	99.181
2388.26	99.0317
2390.18	98.9642
2392.11	98.9699
2394.04	99.014
2395.97	99.0139
2397.9	98.9888
2399.83	99.003
2401.76	99.0141
2403.69	98.9643
2405.62	98.896
2407.55	98.8675
2409.48	98.8805
2411.4	98.9162
2413.33	98.9511
2415.26	98.9629
2417.19	98.9576
2419.12	98.9612
2421.05	98.9781
2422.98	98.975
2424.91	98.9461
2426.84	98.9645
2428.77	99.049
2430.7	99.0573
2432.62	98.9301
2434.55	98.8605
2436.48	98.9565
2438.41	99.0298
2440.34	98.9337
2442.27	98.7941
2444.2	98.7994
2446.13	98.9795
2448.06	99.1564
2449.99	99.1285
2451.92	98.9875
2453.85	98.9778
2455.77	99.0466
2457.7	98.9832
2459.63	98.8564
2461.56	98.8472
2463.49	98.9236
2465.42	99.0016
2467.35	99.1029
2469.28	99.2175
2471.21	99.2838
2473.14	99.2837
2475.07	99.2228
2476.99	99.1335
2478.92	99.0985
2480.85	99.129
2482.78	99.1239
2484.71	99.0668
2486.64	99.0704
2488.57	99.1472
2490.5	99.1856
2492.43	99.1703
2494.36	99.1524
2496.29	99.0863
2498.22	98.9762
2500.14	98.9971
2502.07	99.2122
2504	99.3926
2505.93	99.3433
2507.86	99.1971
2509.79	99.1824
2511.72	99.2739
2513.65	99.2837
2515.58	99.1875
2517.51	99.1194
2519.44	99.1202
2521.36	99.1167
2523.29	99.0877
2525.22	99.0865
2527.15	99.147
2529.08	99.23
2531.01	99.2563
2532.94	99.2143
2534.87	99.1822
2536.8	99.1924
2538.73	99.1927
2540.66	99.1578
2542.58	99.1075
2544.51	99.0815
2546.44	99.144
2548.37	99.2525
2550.3	99.2458
2552.23	99.1762
2554.16	99.2822
2556.09	99.4708
2558.02	99.4317
2559.95	99.2625
2561.88	99.2635
2563.81	99.3573
2565.73	99.3491
2567.66	99.2958
2569.59	99.2555
2571.52	99.2014
2573.45	99.1884
2575.38	99.2095
2577.31	99.1931
2579.24	99.2452
2581.17	99.4413
2583.1	99.5863
2585.03	99.5773
2586.95	99.5842
2588.88	99.6545
2590.81	99.6386
2592.74	99.5406
2594.67	99.5
2596.6	99.5072
2598.53	99.4543
2600.46	99.3403
2602.39	99.2221
2604.32	99.1207
2606.25	99.0889
2608.18	99.1822
2610.1	99.3118
2612.03	99.3386
2613.96	99.2784
2615.89	99.21
2617.82	99.1117
2619.75	98.9801
2621.68	98.9242
2623.61	98.9883
2625.54	99.0689
2627.47	99.074
2629.4	99.005
2631.32	98.9033
2633.25	98.8532
2635.18	98.9387
2637.11	99.1016
2639.04	99.1765
2640.97	99.1092
2642.9	98.9966
2644.83	98.9212
2646.76	98.8834
2648.69	98.8516
2650.62	98.7962
2652.54	98.7339
2654.47	98.7433
2656.4	98.8455
2658.33	98.9193
2660.26	98.8598
2662.19	98.7505
2664.12	98.73
2666.05	98.7756
2667.98	98.775
2669.91	98.7238
2671.84	98.6872
2673.77	98.6579
2675.69	98.5973
2677.62	98.5276
2679.55	98.483
2681.48	98.4674
2683.41	98.5002
2685.34	98.5895
2687.27	98.6632
2689.2	98.6558
2691.13	98.6196
2693.06	98.6136
2694.99	98.5913
2696.91	98.524
2698.84	98.4851
2700.77	98.5053
2702.7	98.5067
2704.63	98.441
2706.56	98.3696
2708.49	98.3723
2710.42	98.4266
2712.35	98.4232
2714.28	98.3307
2716.21	98.2563
2718.14	98.2717
2720.06	98.3224
2721.99	98.3523
2723.92	98.3482
2725.85	98.3014
2727.78	98.2672
2729.71	98.3204
2731.64	98.3816
2733.57	98.3188
2735.5	98.2039
2737.43	98.1941
2739.36	98.2502
2741.28	98.2363
2743.21	98.1624
2745.14	98.1227
2747.07	98.1427
2749	98.1995
2750.93	98.2519
2752.86	98.2482
2754.79	98.2128
2756.72	98.2357
2758.65	98.3232
2760.58	98.3945
2762.51	98.3995
2764.43	98.3314
2766.36	98.2131
2768.29	98.1087
2770.22	98.0547
2772.15	98.0338
2774.08	98.0418
2776.01	98.0554
2777.94	98.0189
2779.87	97.9705
2781.8	97.999
2783.73	98.0546
2785.65	98.0347
2787.58	97.9754
2789.51	97.9645
2791.44	98.0107
2793.37	98.0795
2795.3	98.1101
2797.23	98.0548
2799.16	97.9879
2801.09	98.0135
2803.02	98.0586
2804.95	97.9581
2806.87	97.7312
2808.8	97.5812
2810.73	97.6077
2812.66	97.6785
2814.59	97.6591
2816.52	97.5927
2818.45	97.5223
2820.38	97.3813
2822.31	97.2065
2824.24	97.1514
2826.17	97.1846
2828.1	97.0977
2830.02	96.8564
2831.95	96.6624
2833.88	96.6346
2835.81	96.6433
2837.74	96.5464
2839.67	96.4234
2841.6	96.3744
2843.53	96.2761
2845.46	96.0242
2847.39	95.7543
2849.32	95.554
2851.24	95.3258
2853.17	95.0439
2855.1	94.7233
2857.03	94.2671
2858.96	93.6859
2860.89	93.1501
2862.82	92.7097
2864.75	92.3335
2866.68	92.0846
2868.61	91.931
2870.54	91.6864
2872.47	91.3765
2874.39	91.3133
2876.32	91.6215
2878.25	91.9926
2880.18	92.1372
2882.11	92.1988
2884.04	92.3786
2885.97	92.5394
2887.9	92.6067
2889.83	92.7953
2891.76	93.0556
2893.69	93.066
2895.61	92.9172
2897.54	92.9337
2899.47	93.0183
2901.4	92.9352
2903.33	92.7746
2905.26	92.6745
2907.19	92.6293
2909.12	92.6324
2911.05	92.6071
2912.98	92.4335
2914.91	92.1564
2916.83	91.8516
2918.76	91.473
2920.69	91.0515
2922.62	90.6679
2924.55	90.2032
2926.48	89.5278
2928.41	88.8214
2930.34	88.3847
2932.27	88.3166
2934.2	88.5318
2936.13	88.886
2938.06	89.2345
2939.98	89.5079
2941.91	89.694
2943.84	89.7273
2945.77	89.5596
2947.7	89.2714
2949.63	88.8937
2951.56	88.3178
2953.49	87.5992
2955.42	87.0392
2957.35	86.8025
2959.28	86.7842
2961.2	86.9282
2963.13	87.3789
2965.06	88.2675
2966.99	89.4805
2968.92	90.6825
2970.85	91.5928
2972.78	92.1747
2974.71	92.506
2976.64	92.6719
2978.57	92.801
2980.5	92.9628
2982.43	93.1183
2984.35	93.3057
2986.28	93.6356
2988.21	94.0705
2990.14	94.5044
2992.07	94.9571
2994	95.394
2995.93	95.639
2997.86	95.7163
2999.79	95.8567
3001.72	96.0784
3003.65	96.2572
3005.57	96.4932
3007.5	96.9124
3009.43	97.3482
3011.36	97.5911
3013.29	97.6702
3015.22	97.7128
3017.15	97.7766
3019.08	97.8858
3021.01	98.087
3022.94	98.3766
3024.87	98.5929
3026.79	98.5782
3028.72	98.4806
3030.65	98.5596
3032.58	98.7312
3034.51	98.7386
3036.44	98.6668
3038.37	98.7738
3040.3	98.9507
3042.23	98.8847
3044.16	98.6417
3046.09	98.5548
3048.02	98.675
3049.94	98.801
3051.87	98.8596
3053.8	98.8833
3055.73	98.8674
3057.66	98.8443
3059.59	98.8503
3061.52	98.872
3063.45	98.9386
3065.38	99.0286
3067.31	99.0268
3069.24	98.9932
3071.16	99.0597
3073.09	99.0671
3075.02	98.872
3076.95	98.6996
3078.88	98.7012
3080.81	98.7413
3082.74	98.8034
3084.67	98.94
3086.6	98.9675
3088.53	98.7833
3090.46	98.6248
3092.39	98.6724
3094.31	98.7894
3096.24	98.7621
3098.17	98.5724
3100.1	98.4072
3102.03	98.4083
3103.96	98.4859
3105.89	98.5233
3107.82	98.5453
3109.75	98.5354
3111.68	98.4761
3113.61	98.5406
3115.53	98.7632
3117.46	98.8218
3119.39	98.6124
3121.32	98.469
3123.25	98.5056
3125.18	98.4769
3127.11	98.4095
3129.04	98.5938
3130.97	98.9663
3132.9	99.1403
3134.83	98.9548
3136.75	98.6208
3138.68	98.4256
3140.61	98.4685
3142.54	98.6002
3144.47	98.6082
3146.4	98.4772
3148.33	98.3551
3150.26	98.3503
3152.19	98.4527
3154.12	98.5291
3156.05	98.4559
3157.98	98.37
3159.9	98.4968
3161.83	98.698
3163.76	98.7057
3165.69	98.6521
3167.62	98.7709
3169.55	98.9358
3171.48	98.9613
3173.41	98.853
3175.34	98.6181
3177.27	98.3568
3179.2	98.2892
3181.12	98.3795
3183.05	98.4431
3184.98	98.4915
3186.91	98.4766
3188.84	98.2925
3190.77	98.2316
3192.7	98.5369
3194.63	98.7742
3196.56	98.5548
3198.49	98.1897
3200.42	98.0468
3202.35	98.1391
3204.27	98.3874
3206.2	98.5841
3208.13	98.5087
3210.06	98.3295
3211.99	98.2846
3213.92	98.2373
3215.85	98.0787
3217.78	97.9928
3219.71	98.0379
3221.64	98.0725
3223.57	98.1075
3225.49	98.2381
3227.42	98.3623
3229.35	98.3048
3231.28	98.0938
3233.21	97.9282
3235.14	97.9654
3237.07	98.19
3239	98.3747
3240.93	98.2699
3242.86	97.9627
3244.79	97.8162
3246.72	97.968
3248.64	98.1879
3250.57	98.2448
3252.5	98.1385
3254.43	98.0373
3256.36	98.0813
3258.29	98.1893
3260.22	98.1794
3262.15	98.0589
3264.08	97.9657
3266.01	97.941
3267.94	97.9319
3269.86	97.8674
3271.79	97.7595
3273.72	97.7669
3275.65	97.9331
3277.58	98.034
3279.51	97.9914
3281.44	98.0054
3283.37	98.0818
3285.3	98.0296
3287.23	97.8961
3289.16	97.7984
3291.08	97.6519
3293.01	97.5192
3294.94	97.6351
3296.87	97.8793
3298.8	97.9295
3300.73	97.8394
3302.66	97.8033
3304.59	97.721
3306.52	97.5166
3308.45	97.3966
3310.38	97.5105
3312.31	97.7374
3314.23	97.8558
3316.16	97.7679
3318.09	97.6034
3320.02	97.5293
3321.95	97.4988
3323.88	97.409
3325.81	97.3212
3327.74	97.3005
3329.67	97.3162
3331.6	97.3553
3333.53	97.3685
3335.45	97.2825
3337.38	97.197
3339.31	97.2153
3341.24	97.2068
3343.17	97.1525
3345.1	97.2793
3347.03	97.4708
3348.96	97.3306
3350.89	97.0317
3352.82	97.058
3354.75	97.2976
3356.68	97.3507
3358.6	97.2256
3360.53	97.0601
3362.46	96.8435
3364.39	96.702
3366.32	96.7879
3368.25	96.9594
3370.18	97.033
3372.11	97.0425
3374.04	97.0552
3375.97	97.0672
3377.9	97.0799
3379.82	97.1089
3381.75	97.1622
3383.68	97.1946
3385.61	97.1257
3387.54	97.0148
3389.47	97.032
3391.4	97.1558
3393.33	97.1611
3395.26	96.9774
3397.19	96.7972
3399.12	96.7664
3401.04	96.8065
3402.97	96.7964
3404.9	96.7556
3406.83	96.7737
3408.76	96.8686
3410.69	96.9667
3412.62	96.967
3414.55	96.8216
3416.48	96.5968
3418.41	96.4489
3420.34	96.4869
3422.27	96.6321
3424.19	96.7049
3426.12	96.669
3428.05	96.6329
3429.98	96.6929
3431.91	96.864
3433.84	97.0049
3435.77	96.9211
3437.7	96.7531
3439.63	96.8572
3441.56	97.1681
3443.49	97.293
3445.41	97.1973
3447.34	97.1386
3449.27	97.1659
3451.2	97.1563
3453.13	97.0657
3455.06	96.9654
3456.99	96.9677
3458.92	97.0258
3460.85	96.9728
3462.78	96.8556
3464.71	96.8351
3466.64	96.8736
3468.56	96.9336
3470.49	97.111
3472.42	97.3441
3474.35	97.4035
3476.28	97.1902
3478.21	96.85
3480.14	96.683
3482.07	96.8884
3484	97.2482
3485.93	97.3614
3487.86	97.1713
3489.78	96.9343
3491.71	96.8415
3493.64	96.8547
3495.57	96.8734
3497.5	96.9375
3499.43	97.138
3501.36	97.3716
3503.29	97.3811
3505.22	97.0958
3507.15	96.7871
3509.08	96.7313
3511	96.793
3512.93	96.6048
3514.86	96.3079
3516.79	96.408
3518.72	96.8493
3520.65	97.073
3522.58	96.9671
3524.51	96.9062
3526.44	97.049
3528.37	97.1543
3530.3	96.9288
3532.23	96.4829
3534.15	96.3174
3536.08	96.5856
3538.01	96.7863
3539.94	96.6459
3541.87	96.5008
3543.8	96.4807
3545.73	96.42
3547.66	96.5034
3549.59	96.9056
3551.52	97.222
3553.45	97.0879
3555.37	96.7952
3557.3	96.6824
3559.23	96.613
3561.16	96.4761
3563.09	96.4743
3565.02	96.7051
3566.95	96.9621
3568.88	97.0494
3570.81	97.0682
3572.74	97.1182
3574.67	97.1578
3576.6	97.1437
3578.52	97.1277
3580.45	97.1965
3582.38	97.3667
3584.31	97.63
3586.24	97.9672
3588.17	98.1504
3590.1	98.0706
3592.03	98.0877
3593.96	98.3153
3595.89	98.4244
3597.82	98.3855
3599.74	98.5335
3601.67	98.7072
3603.6	98.5953
3605.53	98.5211
3607.46	98.8028
3609.39	99.0792
3611.32	99.0773
3613.25	99.1094
3615.18	99.2118
3617.11	99.1942
3619.04	99.2402
3620.97	99.4298
3622.89	99.4464
3624.82	99.3691
3626.75	99.5317
3628.68	99.8186
3630.61	99.7691
3632.54	99.6223
3634.47	99.6244
3636.4	99.5551
3638.33	99.3321
3640.26	99.2036
3642.19	99.2943
3644.11	99.4938
3646.04	99.8538
3647.97	100.624
3649.9	101.259
3651.83	100.778
3653.76	99.8073
3655.69	99.1074
3657.62	98.9209
3659.55	99.0501
3661.48	99.2371
3663.41	99.3499
3665.33	99.3052
3667.26	99.2533
3669.19	99.4668
3671.12	99.8349
3673.05	99.9706
3674.98	99.8851
3676.91	99.7378
3678.84	99.5884
3680.77	99.4594
3682.7	99.3843
3684.63	99.4032
3686.56	99.552
3688.48	99.7482
3690.41	99.6552
3692.34	99.3021
3694.27	99.2044
3696.2	99.53
3698.13	99.9539
3700.06	100.091
3701.99	99.8991
3703.92	99.6275
3705.85	99.5136
3707.78	99.646
3709.7	99.9877
3711.63	100.206
3713.56	100.017
3715.49	99.7729
3717.42	99.7939
3719.35	99.9849
3721.28	100.107
3723.21	100.218
3725.14	100.454
3727.07	100.59
3729	100.464
3730.93	100.282
3732.85	100.288
3734.78	100.581
3736.71	100.822
3738.64	100.501
3740.57	99.8472
3742.5	99.4585
3744.43	99.7557
3746.36	100.205
3748.29	100.148
3750.22	99.8891
3752.15	99.7959
3754.07	99.8081
3756	99.8136
3757.93	99.823
3759.86	99.7529
3761.79	99.5662
3763.72	99.4074
3765.65	99.4084
3767.58	99.5936
3769.51	99.8574
3771.44	99.958
3773.37	99.7823
3775.29	99.5616
3777.22	99.521
3779.15	99.6032
3781.08	99.6415
3783.01	99.6094
3784.94	99.4725
3786.87	99.2659
3788.8	99.2257
3790.73	99.3852
3792.66	99.4985
3794.59	99.5015
3796.52	99.5498
3798.44	99.6629
3800.37	99.7677
3802.3	99.858
3804.23	99.9151
3806.16	99.9657
3808.09	100.004
3810.02	99.8808
3811.95	99.6117
3813.88	99.3916
3815.81	99.3691
3817.74	99.4997
3819.66	99.6864
3821.59	99.8885
3823.52	99.9801
3825.45	99.9003
3827.38	99.7129
3829.31	99.5944
3831.24	99.7156
3833.17	99.8913
3835.1	99.824
3837.03	99.7119
3838.96	99.9193
3840.89	100.136
3842.81	99.9857
3844.74	99.6826
3846.67	99.5018
3848.6	99.4628
3850.53	99.5279
3852.46	99.7612
3854.39	100.064
3856.32	100.041
3858.25	99.7495
3860.18	99.5359
3862.11	99.6562
3864.03	99.9104
3865.96	99.8375
3867.89	99.5928
3869.82	99.612
3871.75	99.7484
3873.68	99.5863
3875.61	99.338
3877.54	99.3871
3879.47	99.6226
3881.4	99.6414
3883.33	99.4849
3885.25	99.5381
3887.18	99.728
3889.11	99.7143
3891.04	99.5636
3892.97	99.5298
3894.9	99.6094
3896.83	99.7055
3898.76	99.8036
3900.69	99.7992
3902.62	99.6864
3904.55	99.6865
3906.48	99.7618
3908.4	99.7251
3910.33	99.647
3912.26	99.6211
3914.19	99.5744
3916.12	99.4978
3918.05	99.47
3919.98	99.4388
3921.91	99.4047
3923.84	99.4815
3925.77	99.5599
3927.7	99.4686
3929.62	99.3763
3931.55	99.4665
3933.48	99.5661
3935.41	99.4888
3937.34	99.3328
3939.27	99.2237
3941.2	99.2023
3943.13	99.2623
3945.06	99.3521
3946.99	99.4526
3948.92	99.5494
3950.85	99.5386
3952.77	99.4229
3954.7	99.3758
3956.63	99.4115
3958.56	99.3744
3960.49	99.3117
3962.42	99.386
3964.35	99.4831
3966.28	99.411
3968.21	99.279
3970.14	99.2749
3972.07	99.3464
3973.99	99.3646
3975.92	99.3564
3977.85	99.3846
3979.78	99.3998
3981.71	99.3521
3983.64	99.2972
3985.57	99.2837
3987.5	99.2605
3989.43	99.1813
3991.36	99.1054
3993.29	99.1396
3995.22	99.3005
3997.14	99.4671
