499.643	88.1166
501.572	87.4995
503.501	86.7726
505.43	86.3572
507.36	86.4642
509.289	86.6486
511.218	86.6701
513.147	86.8935
515.076	87.1499
517.005	86.9787
518.934	86.779
520.863	86.964
522.792	87.0766
524.722	86.8683
526.651	86.668
528.58	86.6205
530.509	86.6763
532.438	86.9086
534.367	87.2999
536.296	87.8132
538.225	88.4528
540.155	88.8918
542.084	88.8508
544.013	88.7711
545.942	89.101
547.871	89.5041
549.8	89.5667
551.729	89.4157
553.658	89.2354
555.588	89.0821
557.517	89.1571
559.446	89.557
561.375	89.9568
563.304	90.045
565.233	90.0498
567.162	90.2771
569.091	90.3888
571.021	90.0327
572.95	89.7555
574.879	90.0485
576.808	90.3478
578.737	90.1005
580.666	89.6901
582.595	89.4581
584.524	89.2024
586.454	88.7906
588.383	88.2453
590.312	87.547
592.241	86.9108
594.17	86.6584
596.099	86.6912
598.028	86.7567
599.957	86.9361
601.887	87.331
603.816	87.7132
605.745	87.9478
607.674	88.2427
609.603	88.6639
611.532	89.0059
613.461	89.2787
615.39	89.6386
617.32	89.9287
619.249	89.9183
621.178	89.7396
623.107	89.6233
625.036	89.6319
626.965	89.7348
628.894	89.7874
630.823	89.5695
632.753	89.0852
634.682	88.5933
636.611	88.1771
638.54	87.629
640.469	86.7967
642.398	85.6976
644.327	84.4501
646.256	83.2945
648.186	82.4823
650.115	82.0575
652.044	81.8848
653.973	81.9719
655.902	82.3804
657.831	82.965
659.76	83.7059
661.689	84.6935
663.619	85.7908
665.548	87.1325
667.477	89.0739
669.406	90.5241
671.335	90.7899
673.264	91.1226
675.193	91.7
677.122	92.0347
679.052	92.1738
680.981	92.3917
682.91	92.5781
684.839	92.7145
686.768	92.8947
688.697	92.9505
690.626	92.822
692.555	92.7552
694.485	92.8291
696.414	92.895
698.343	92.9103
700.272	92.9204
702.201	92.9249
704.13	92.9387
706.059	92.9581
707.988	92.9277
709.917	92.883
711.847	92.9017
713.776	92.9175
715.705	92.8754
717.634	92.8994
719.563	93.0151
721.492	93.0015
723.421	92.782
725.35	92.5497
727.28	92.3743
729.209	92.1419
731.138	91.8577
733.067	91.6011
734.996	91.3042
736.925	90.9208
738.854	90.5405
740.783	90.1114
742.713	89.453
744.642	88.6651
746.571	88.1163
748.5	88.0317
750.429	88.3535
752.358	88.8837
754.287	89.4337
756.216	89.9311
758.146	90.3695
760.075	90.7076
762.004	90.9498
763.933	91.1949
765.862	91.4702
767.791	91.6698
769.72	91.7536
771.649	91.8345
773.579	91.97
775.508	92.0594
777.437	92.0561
779.366	92.0472
781.295	92.0447
783.224	91.9742
785.153	91.8529
787.082	91.7137
789.012	91.4977
790.941	91.193
792.87	90.8385
794.799	90.3592
796.728	89.6615
798.657	88.7907
800.586	87.7932
802.515	86.5588
804.445	84.8635
806.374	82.4657
808.303	79.3343
810.232	76.0167
812.161	73.5863
814.09	72.932
816.019	74.1372
817.948	76.548
819.878	79.2839
821.807	81.705
823.736	83.5769
825.665	84.9385
827.594	85.9064
829.523	86.5866
831.452	87.0362
833.381	87.2548
835.311	87.2394
837.24	87.0121
839.169	86.5943
841.098	86.0196
843.027	85.369
844.956	84.7706
846.885	84.3702
848.814	84.2577
850.744	84.387
852.673	84.6199
854.602	84.8545
856.531	85.0652
858.46	85.2558
860.389	85.4317
862.318	85.597
864.247	85.722
866.177	85.7297
868.106	85.5702
870.035	85.2679
871.964	84.8452
873.893	84.3014
875.822	83.6961
877.751	83.1237
879.68	82.6389
881.609	82.303
883.539	82.1913
885.468	82.2849
887.397	82.4632
889.326	82.6158
891.255	82.7043
893.184	82.7602
895.113	82.8543
897.042	83.0608
898.972	83.464
900.901	84.1341
902.83	85.0293
904.759	85.9972
906.688	86.8953
908.617	87.6275
910.546	88.1256
912.475	88.3809
914.405	88.42
916.334	88.2247
918.263	87.756
920.192	87.0026
922.121	85.9356
924.05	84.4873
925.979	82.5901
927.908	80.1897
929.838	77.3005
931.767	74.0947
933.696	70.8698
935.625	67.9602
937.554	65.6978
939.483	64.3134
941.412	63.8152
943.341	64.0291
945.271	64.7444
947.2	65.7993
949.129	67.0998
951.058	68.5958
952.987	70.2205
954.916	71.8723
956.845	73.4579
958.774	74.934
960.704	76.3519
962.633	77.8716
964.562	79.6379
966.491	81.6233
968.42	83.6517
970.349	85.5238
972.278	87.0715
974.207	88.2202
976.137	89.0487
978.066	89.6542
979.995	89.9852
981.924	89.9527
983.853	89.5997
985.782	89.0403
987.711	88.4028
989.64	87.8719
991.57	87.5522
993.499	87.2799
995.428	86.7321
997.357	85.6885
999.286	84.1612
1001.22	82.4164
1003.14	80.8817
1005.07	79.8802
1007	79.4435
1008.93	79.4496
1010.86	79.8511
1012.79	80.6113
1014.72	81.4608
1016.65	81.9538
1018.58	81.8114
1020.51	81.0192
1022.44	79.627
1024.36	77.7702
1026.29	75.8686
1028.22	74.4238
1030.15	73.5335
1032.08	72.8607
1034.01	72.1054
1035.94	71.2728
1037.87	70.5029
1039.8	69.8922
1041.73	69.5115
1043.66	69.4428
1045.58	69.7404
1047.51	70.375
1049.44	71.2129
1051.37	72.0564
1053.3	72.7418
1055.23	73.2416
1057.16	73.6749
1059.09	74.1558
1061.02	74.6229
1062.95	74.8683
1064.88	74.7336
1066.81	74.2754
1068.73	73.7939
1070.66	73.6676
1072.59	74.0727
1074.52	74.8804
1076.45	75.8408
1078.38	76.7776
1080.31	77.5891
1082.24	78.1907
1084.17	78.5177
1086.1	78.5364
1088.03	78.2535
1089.95	77.7157
1091.88	76.95
1093.81	75.9291
1095.74	74.6587
1097.67	73.232
1099.6	71.7362
1101.53	70.1839
1103.46	68.5599
1105.39	66.8612
1107.32	65.0997
1109.25	63.3082
1111.18	61.5258
1113.1	59.7902
1115.03	58.1461
1116.96	56.5985
1118.89	55.0989
1120.82	53.6384
1122.75	52.2608
1124.68	50.9443
1126.61	49.5885
1128.54	48.1126
1130.47	46.4629
1132.4	44.587
1134.32	42.508
1136.25	40.3672
1138.18	38.3388
1140.11	36.5648
1142.04	35.1725
1143.97	34.2635
1145.9	33.8855
1147.83	34.0461
1149.76	34.7081
1151.69	35.7835
1153.62	37.1973
1155.55	38.8992
1157.47	40.8021
1159.4	42.8082
1161.33	44.8509
1163.26	46.8412
1165.19	48.6897
1167.12	50.3882
1169.05	51.959
1170.98	53.4062
1172.91	54.7847
1174.84	56.1909
1176.77	57.6836
1178.69	59.2936
1180.62	61.0279
1182.55	62.8365
1184.48	64.6746
1186.41	66.5602
1188.34	68.5054
1190.27	70.4862
1192.2	72.5118
1194.13	74.6236
1196.06	76.8173
1197.99	79.0336
1199.91	81.2023
1201.84	83.2403
1203.77	85.0397
1205.7	86.5305
1207.63	87.7228
1209.56	88.6647
1211.49	89.4955
1213.42	90.4491
1215.35	91.4365
1217.28	91.8293
1219.21	91.2991
1221.14	90.4989
1223.06	90.153
1224.99	90.1376
1226.92	89.9527
1228.85	89.4428
1230.78	88.6696
1232.71	87.6624
1234.64	86.529
1236.57	85.4169
1238.5	84.3953
1240.43	83.537
1242.36	82.9284
1244.28	82.5734
1246.21	82.4551
1248.14	82.601
1250.07	82.9812
1252	83.467
1253.93	83.9282
1255.86	84.2856
1257.79	84.4786
1259.72	84.4587
1261.65	84.2329
1263.58	83.8825
1265.51	83.5201
1267.43	83.2178
1269.36	82.9629
1271.29	82.7024
1273.22	82.42
1275.15	82.1186
1277.08	81.755
1279.01	81.23
1280.94	80.387
1282.87	79.0092
1284.8	76.8572
1286.73	73.7547
1288.65	69.8485
1290.58	65.8918
1292.51	63.0096
1294.44	62.0595
1296.37	63.2129
1298.3	65.933
1300.23	69.2879
1302.16	72.4051
1304.09	74.7367
1306.02	76.0316
1307.95	76.2464
1309.87	75.5515
1311.8	74.3628
1313.73	73.2549
1315.66	72.5851
1317.59	72.3026
1319.52	72.3835
1321.45	73.0556
1323.38	74.4125
1325.31	76.2796
1327.24	78.4066
1329.17	80.5961
1331.1	82.7402
1333.02	84.6777
1334.95	86.2028
1336.88	87.3055
1338.81	88.1392
1340.74	88.8245
1342.67	89.4605
1344.6	90.1941
1346.53	91.1184
1348.46	92.1245
1350.39	92.9528
1352.32	93.4761
1354.24	93.7558
1356.17	93.8366
1358.1	93.712
1360.03	93.4197
1361.96	92.9494
1363.89	92.1618
1365.82	91.0592
1367.75	90.0566
1369.68	89.7282
1371.61	90.0139
1373.54	90.0553
1375.47	89.3328
1377.39	88.4466
1379.32	88.0403
1381.25	88.0908
1383.18	88.3078
1385.11	88.5033
1387.04	88.59
1388.97	88.5297
1390.9	88.403
1392.83	88.2701
1394.76	88.0899
1396.69	87.7634
1398.61	87.2365
1400.54	86.6936
1402.47	86.5082
1404.4	86.9077
1406.33	87.6928
1408.26	88.4069
1410.19	88.9755
1412.12	89.5077
1414.05	89.9175
1415.98	90.1754
1417.91	90.3476
1419.83	90.4163
1421.76	90.3438
1423.69	90.0968
1425.62	89.7009
1427.55	89.2167
1429.48	88.4817
1431.41	87.4203
1433.34	86.3316
1435.27	85.2721
1437.2	84.1164
1439.13	83.1435
1441.06	82.4584
1442.98	81.8496
1444.91	81.2079
1446.84	80.4192
1448.77	79.3879
1450.7	78.4944
1452.63	78.237
1454.56	78.6994
1456.49	80.0623
1458.42	81.8735
1460.35	83.0098
1462.28	83.8805
1464.2	85.0203
1466.13	86.2256
1468.06	87.1033
1469.99	87.9082
1471.92	88.8425
1473.85	89.5266
1475.78	89.7731
1477.71	89.963
1479.64	90.2345
1481.57	90.5844
1483.5	91.0203
1485.43	91.5265
1487.35	92.1417
1489.28	92.9014
1491.21	93.5871
1493.14	94.1044
1495.07	94.6565
1497	95.3212
1498.93	95.8409
1500.86	96.0681
1502.79	96.2184
1504.72	96.525
1506.65	97.062
1508.57	97.2763
1510.5	97.0846
1512.43	96.9681
1514.36	97.055
1516.29	97.2393
1518.22	97.3857
1520.15	97.4753
1522.08	97.491
1524.01	97.4539
1525.94	97.4047
1527.87	97.315
1529.8	97.2336
1531.72	97.275
1533.65	97.3926
1535.58	97.4135
1537.51	97.4529
1539.44	97.7239
1541.37	97.9384
1543.3	97.7058
1545.23	97.4248
1547.16	97.2968
1549.09	97.2728
1551.02	97.2806
1552.94	97.2854
1554.87	97.3381
1556.8	97.5368
1558.73	97.7517
1560.66	97.59
1562.59	97.3086
1564.52	97.1367
1566.45	97.0918
1568.38	97.1191
1570.31	97.0628
1572.24	96.9566
1574.16	96.9741
1576.09	97.0417
1578.02	96.8955
1579.95	96.6709
1581.88	96.587
1583.81	96.5933
1585.74	96.545
1587.67	96.4413
1589.6	96.3881
1591.53	96.4042
1593.46	96.3999
1595.39	96.3279
1597.31	96.221
1599.24	96.108
1601.17	96.0096
1603.1	95.936
1605.03	95.8532
1606.96	95.7538
1608.89	95.6337
1610.82	95.441
1612.75	95.2275
1614.68	95.041
1616.61	94.7014
1618.53	94.1701
1620.46	93.6405
1622.39	92.9454
1624.32	91.9878
1626.25	91.009
1628.18	89.8714
1630.11	88.509
1632.04	87.3454
1633.97	86.3679
1635.9	85.1068
1637.83	84.3178
1639.76	85.2218
1641.68	87.3727
1643.61	89.8024
1645.54	92.1122
1647.47	93.9551
1649.4	94.7471
1651.33	94.9926
1653.26	95.3788
1655.19	95.6109
1657.12	95.4435
1659.05	95.2763
1660.98	95.2303
1662.9	95.1642
1664.83	94.9524
1666.76	94.7583
1668.69	94.7013
1670.62	94.5733
1672.55	94.2429
1674.48	93.8294
1676.41	93.2573
1678.34	92.6366
1680.27	92.1863
1682.2	91.7632
1684.12	91.1645
1686.05	90.4558
1687.98	89.523
1689.91	88.3234
1691.84	86.9868
1693.77	85.3084
1695.7	83.1301
1697.63	80.6599
1699.56	77.42
1701.49	73.3924
1703.42	69.779
1705.35	66.2526
1707.27	62.1472
1709.2	58.3562
1711.13	55.4365
1713.06	52.9996
1714.99	51.3444
1716.92	50.777
1718.85	50.6308
1720.78	51.3309
1722.71	53.4263
1724.64	56.5605
1726.57	60.4651
1728.49	64.8699
1730.42	69.3077
1732.35	73.9904
1734.28	79.1628
1736.21	83.3154
1738.14	86.0191
1740.07	88.3943
1742	90.8198
1743.93	92.8567
1745.86	94.6083
1747.79	96.3536
1749.72	97.8565
1751.64	98.9046
1753.57	99.5864
1755.5	99.9641
1757.43	100.195
1759.36	100.35
1761.29	100.293
1763.22	100.06
1765.15	99.7575
1767.08	99.4111
1769.01	99.1875
1770.94	99.1779
1772.86	99.09
1774.79	98.8003
1776.72	98.5353
1778.65	98.3881
1780.58	98.3406
1782.51	98.2929
1784.44	98.1756
1786.37	98.1268
1788.3	98.2362
1790.23	98.3735
1792.16	98.3981
1794.08	98.2891
1796.01	98.1488
1797.94	98.0801
1799.87	98.1142
1801.8	98.1816
1803.73	98.1799
1805.66	98.0857
1807.59	97.9922
1809.52	98.0014
1811.45	98.0338
1813.38	98.0035
1815.31	98.028
1817.23	98.1338
1819.16	98.18
1821.09	98.1805
1823.02	98.2225
1824.95	98.2276
1826.88	98.1595
1828.81	98.1335
1830.74	98.1772
1832.67	98.2188
1834.6	98.2607
1836.53	98.3291
1838.45	98.3639
1840.38	98.3203
1842.31	98.2866
1844.24	98.3248
1846.17	98.3161
1848.1	98.2571
1850.03	98.3191
1851.96	98.4762
1853.89	98.5373
1855.82	98.5015
1857.75	98.5017
1859.68	98.5357
1861.6	98.5485
1863.53	98.6001
1865.46	98.7542
1867.39	98.9135
1869.32	98.8722
1871.25	98.6595
1873.18	98.5492
1875.11	98.6772
1877.04	98.9078
1878.97	98.948
1880.9	98.764
1882.82	98.6613
1884.75	98.7791
1886.68	98.8926
1888.61	98.8762
1890.54	98.8675
1892.47	98.9133
1894.4	98.9129
1896.33	98.8908
1898.26	98.9933
1900.19	99.2103
1902.12	99.301
1904.05	99.1493
1905.97	99.0161
1907.9	99.113
1909.83	99.2529
1911.76	99.202
1913.69	99.0097
1915.62	98.8392
1917.55	98.8538
1919.48	99.0929
1921.41	99.3498
1923.34	99.4464
1925.27	99.4053
1927.19	99.3192
1929.12	99.249
1931.05	99.2509
1932.98	99.3716
1934.91	99.5438
1936.84	99.583
1938.77	99.4927
1940.7	99.5382
1942.63	99.7171
1944.56	99.6501
1946.49	99.3607
1948.41	99.271
1950.34	99.4428
1952.27	99.5812
1954.2	99.568
1956.13	99.5495
1958.06	99.6284
1959.99	99.6929
1961.92	99.604
1963.85	99.4727
1965.78	99.5023
1967.71	99.6375
1969.64	99.7012
1971.56	99.7851
1973.49	100.095
1975.42	100.495
1977.35	100.604
1979.28	100.405
1981.21	100.247
1983.14	100.283
1985.07	100.395
1987	100.452
1988.93	100.333
1990.86	100.091
1992.78	100.019
1994.71	100.118
1996.64	100.064
1998.57	99.92
2000.5	100.014
2002.43	100.225
2004.36	100.208
2006.29	100.001
2008.22	99.8542
2010.15	99.8639
2012.08	100.011
2014.01	100.232
2015.93	100.437
2017.86	100.537
2019.79	100.505
2021.72	100.467
2023.65	100.585
2025.58	100.738
2027.51	100.658
2029.44	100.381
2031.37	100.1
2033.3	99.8618
2035.23	99.7339
2037.15	99.7945
2039.08	99.8562
2041.01	99.766
2042.94	99.742
2044.87	99.9415
2046.8	100.169
2048.73	100.246
2050.66	100.188
2052.59	100.053
2054.52	99.929
2056.45	99.8955
2058.37	99.8855
2060.3	99.8173
2062.23	99.7876
2064.16	99.9213
2066.09	100.116
2068.02	100.149
2069.95	100.019
2071.88	99.9186
2073.81	99.9056
2075.74	99.9118
2077.67	99.9617
2079.6	100.08
2081.52	100.154
2083.45	100.073
2085.38	99.8394
2087.31	99.5754
2089.24	99.4651
2091.17	99.5408
2093.1	99.6425
2095.03	99.7133
2096.96	99.7963
2098.89	99.7987
2100.82	99.7137
2102.74	99.7706
2104.67	99.9892
2106.6	100.053
2108.53	99.8293
2110.46	99.5533
2112.39	99.4597
2114.32	99.5541
2116.25	99.7034
2118.18	99.8149
2120.11	99.9
2122.04	99.9306
2123.97	99.8126
2125.89	99.6296
2127.82	99.6118
2129.75	99.7652
2131.68	99.8849
2133.61	99.9095
2135.54	99.9263
2137.47	99.969
2139.4	100.044
2141.33	100.132
2143.26	100.13
2145.19	100.043
2147.11	100.083
2149.04	100.292
2150.97	100.382
2152.9	100.208
2154.83	100.027
2156.76	100.055
2158.69	100.187
2160.62	100.317
2162.55	100.457
2164.48	100.532
2166.41	100.551
2168.33	100.674
2170.26	100.82
2172.19	100.747
2174.12	100.592
2176.05	100.617
2177.98	100.638
2179.91	100.427
2181.84	100.229
2183.77	100.269
2185.7	100.342
2187.63	100.249
2189.56	100.123
2191.48	100.126
2193.41	100.236
2195.34	100.297
2197.27	100.202
2199.2	100.117
2201.13	100.298
2203.06	100.584
2204.99	100.582
2206.92	100.369
2208.85	100.326
2210.78	100.406
2212.7	100.313
2214.63	100.139
2216.56	100.184
2218.49	100.419
2220.42	100.606
2222.35	100.642
2224.28	100.525
2226.21	100.353
2228.14	100.365
2230.07	100.55
2232	100.577
2233.93	100.487
2235.85	100.66
2237.78	100.897
2239.71	100.695
2241.64	100.257
2243.57	100.083
2245.5	100.154
2247.43	100.275
2249.36	100.419
2251.29	100.486
2253.22	100.451
2255.15	100.485
2257.07	100.587
2259	100.597
2260.93	100.526
2262.86	100.465
2264.79	100.442
2266.72	100.518
2268.65	100.685
2270.58	100.772
2272.51	100.676
2274.44	100.533
2276.37	100.479
2278.29	100.425
2280.22	100.278
2282.15	100.206
2284.08	100.332
2286.01	100.453
2287.94	100.4
2289.87	100.328
2291.8	100.374
2293.73	100.451
2295.66	100.474
2297.59	100.481
2299.52	100.498
2301.44	100.514
2303.37	100.548
2305.3	100.684
2307.23	100.983
2309.16	101.337
2311.09	101.568
2313.02	101.714
2314.95	101.946
2316.88	102.262
2318.81	102.576
2320.74	102.86
2322.66	103.034
2324.59	103.088
2326.52	103.217
2328.45	103.51
2330.38	103.774
2332.31	103.862
2334.24	103.914
2336.17	104.08
2338.1	104.354
2340.03	104.631
2341.96	104.747
2343.89	104.457
2345.81	103.744
2347.74	103.099
2349.67	102.867
2351.6	103.079
2353.53	103.657
2355.46	104.469
2357.39	105.419
2359.32	106.252
2361.25	106.515
2363.18	106.144
2365.11	105.415
2367.03	104.576
2368.96	103.79
2370.89	103.129
2372.82	102.561
2374.75	101.938
2376.68	101.258
2378.61	100.723
2380.54	100.331
2382.47	99.8625
2384.4	99.3533
2386.33	99.0536
2388.26	98.9789
2390.18	98.9487
2392.11	98.9259
2394.04	98.9472
2395.97	98.9403
2397.9	98.881
2399.83	98.8758
2401.76	98.9387
2403.69	98.9304
2405.62	98.8226
2407.55	98.7769
2409.48	98.8321
2411.4	98.8286
2413.33	98.7737
2415.26	98.8503
2417.19	99.0025
2419.12	99.022
2421.05	98.9584
2422.98	98.9629
2424.91	98.9915
2426.84	98.9958
2428.77	99.0305
2430.7	99.0554
2432.62	99.0078
2434.55	98.9799
2436.48	99.0239
2438.41	98.9998
2440.34	98.8323
2442.27	98.6998
2444.2	98.8104
2446.13	99.0889
2448.06	99.217
2449.99	99.0594
2451.92	98.8848
2453.85	98.9504
2455.77	99.1242
2457.7	99.1863
2459.63	99.1688
2461.56	99.1551
2463.49	99.107
2465.42	99.0275
2467.35	98.9912
2469.28	99.0066
2471.21	99.0345
2473.14	99.0555
2475.07	99.0717
2476.99	99.1222
2478.92	99.2148
2480.85	99.2361
2482.78	99.1186
2484.71	99.0241
2486.64	99.1064
2488.57	99.237
2490.5	99.2391
2492.43	99.1794
2494.36	99.1471
2496.29	99.0698
2498.22	98.9971
2500.14	99.1235
2502.07	99.3485
2504	99.3465
2505.93	99.1503
2507.86	99.0863
2509.79	99.1899
2511.72	99.2357
2513.65	99.1894
2515.58	99.1814
2517.51	99.2196
2519.44	99.2303
2521.36	99.2188
2523.29	99.2428
2525.22	99.3188
2527.15	99.3675
2529.08	99.2693
2531.01	99.0672
2532.94	98.9957
2534.87	99.1567
2536.8	99.3545
2538.73	99.3998
2540.66	99.3403
2542.58	99.2684
2544.51	99.1908
2546.44	99.1569
2548.37	99.2023
2550.3	99.2067
2552.23	99.1242
2554.16	99.1547
2556.09	99.3781
2558.02	99.5417
2559.95	99.4719
2561.88	99.3325
2563.81	99.3092
2565.73	99.3367
2567.66	99.2571
2569.59	99.124
2571.52	99.161
2573.45	99.3458
2575.38	99.392
2577.31	99.3064
2579.24	99.402
2581.17	99.6528
2583.1	99.725
2585.03	99.6218
2586.95	99.627
2588.88	99.7502
2590.81	99.7568
2592.74	99.5963
2594.67	99.448
2596.6	99.4098
2598.53	99.3841
2600.46	99.2881
2602.39	99.1674
2604.32	99.0844
2606.25	99.0911
2608.18	99.2191
2610.1	99.3493
2612.03	99.3192
2613.96	99.1931
2615.89	99.1165
2617.82	99.047
2619.75	98.9494
2621.68	98.9771
2623.61	99.1615
2625.54	99.2461
2627.47	99.0791
2629.4	98.8632
2631.32	98.8103
2633.25	98.8613
2635.18	98.9169
2637.11	99.0214
2639.04	99.1592
2640.97	99.1831
2642.9	99.0678
2644.83	98.9587
2646.76	98.9251
2648.69	98.8969
2650.62	98.8246
2652.54	98.7489
2654.47	98.7392
2656.4	98.8064
2658.33	98.8542
2660.26	98.7831
2662.19	98.6524
2664.12	98.5959
2666.05	98.6139
2667.98	98.6209
2669.91	98.6204
2671.84	98.6553
2673.77	98.6857
2675.69	98.6551
2677.62	98.579
2679.55	98.5066
2681.48	98.4749
2683.41	98.4926
2685.34	98.5215
2687.27	98.5247
2689.2	98.5278
2691.13	98.5523
2693.06	98.5529
2694.99	98.509
2696.91	98.4756
2698.84	98.4812
2700.77	98.4951
2702.7	98.4867
2704.63	98.4266
2706.56	98.3317
2708.49	98.3071
2710.42	98.3683
2712.35	98.3707
2714.28	98.3033
2716.21	98.3286
2718.14	98.412
2720.06	98.3675
2721.99	98.2577
2723.92	98.2591
2725.85	98.3024
2727.78	98.2759
2729.71	98.2808
2731.64	98.3655
2733.57	98.3807
2735.5	98.2851
2737.43	98.2155
2739.36	98.2003
2741.28	98.1461
2743.21	98.0553
2745.14	98.0024
2747.07	98.0023
2749	98.0296
2750.93	98.0554
2752.86	98.0734
2754.79	98.1399
2756.72	98.2905
2758.65	98.447
2760.58	98.5027
2762.51	98.4245
2764.43	98.2761
2766.36	98.1917
2768.29	98.2095
2770.22	98.202
2772.15	98.1243
2774.08	98.0856
2776.01	98.0901
2777.94	98.0614
2779.87	98.0527
2781.8	98.093
2783.73	98.0713
2785.65	97.9811
2787.58	97.9327
2789.51	97.9125
2791.44	97.8675
2793.37	97.8604
2795.3	97.9055
2797.23	97.9206
2799.16	97.9283
2801.09	98.003
2803.02	98.0589
2804.95	97.973
2806.87	97.8092
2808.8	97.6989
2810.73	97.6429
2812.66	97.586
2814.59	97.5471
2816.52	97.5483
2818.45	97.5269
2820.38	97.4245
2822.31	97.2818
2824.24	97.1712
2826.17	97.104
2828.1	97.0287
2830.02	96.8822
2831.95	96.6877
2833.88	96.571
2835.81	96.5591
2837.74	96.506
2839.67	96.3676
2841.6	96.2665
2843.53	96.1904
2845.46	96.0159
2847.39	95.7922
2849.32	95.6073
2851.24	95.3853
2853.17	95.0872
2855.1	94.7547
2857.03	94.313
2858.96	93.7269
2860.89	93.1821
2862.82	92.8062
2864.75	92.4857
2866.68	92.1209
2868.61	91.7756
2870.54	91.5174
2872.47	91.373
2874.39	91.4307
2876.32	91.7322
2878.25	92.0687
2880.18	92.1818
2882.11	92.1651
2884.04	92.3012
2885.97	92.5678
2887.9	92.7283
2889.83	92.7642
2891.76	92.7935
2893.69	92.8105
2895.61	92.8136
2897.54	92.857
2899.47	92.872
2901.4	92.7788
2903.33	92.6747
2905.26	92.642
2907.19	92.6022
2909.12	92.4875
2911.05	92.3299
2912.98	92.1885
2914.91	92.0873
2916.83	91.9284
2918.76	91.5345
2920.69	90.9131
2922.62	90.2946
2924.55	89.8093
2926.48	89.3537
2928.41	88.8499
2930.34	88.4458
2932.27	88.33
2934.2	88.4717
2936.13	88.7052
2938.06	88.9804
2939.98	89.3222
2941.91	89.6361
2943.84	89.7468
2945.77	89.5545
2947.7	89.0984
2949.63	88.5472
2951.56	88.0577
2953.49	87.6044
2955.42	87.1176
2957.35	86.7458
2959.28	86.7114
2961.2	86.9813
2963.13	87.4112
2965.06	88.111
2966.99	89.2618
2968.92	90.6065
2970.85	91.5818
2972.78	92.0185
2974.71	92.2384
2976.64	92.4807
2978.57	92.7178
2980.5	92.9521
2982.43	93.2663
2984.35	93.6244
2986.28	93.8965
2988.21	94.0509
2990.14	94.2106
2992.07	94.5007
2994	94.8557
2995.93	95.1015
2997.86	95.2795
2999.79	95.6179
3001.72	96.1226
3003.65	96.5578
3005.57	96.8541
3007.5	97.1496
3009.43	97.4354
3011.36	97.5606
3013.29	97.5705
3015.22	97.6617
3017.15	97.8334
3019.08	97.974
3021.01	98.1727
3022.94	98.4803
3024.87	98.6321
3026.79	98.5257
3028.72	98.5253
3030.65	98.8153
3032.58	99.0307
3034.51	98.8832
3036.44	98.617
3038.37	98.575
3040.3	98.7129
3042.23	98.7305
3044.16	98.5296
3046.09	98.3601
3048.02	98.4511
3049.94	98.6775
3051.87	98.8062
3053.8	98.8806
3055.73	99.0483
3057.66	99.1929
3059.59	99.1102
3061.52	98.9086
3063.45	98.8419
3065.38	98.9058
3067.31	98.9421
3069.24	98.9422
3071.16	98.9797
3073.09	99.0403
3075.02	99.0394
3076.95	98.9228
3078.88	98.7711
3080.81	98.7223
3082.74	98.7336
3084.67	98.6986
3086.6	98.7298
3088.53	98.8952
3090.46	98.958
3092.39	98.8137
3094.31	98.6957
3096.24	98.6706
3098.17	98.5582
3100.1	98.4149
3102.03	98.4423
3103.96	98.5874
3105.89	98.6896
3107.82	98.685
3109.75	98.5462
3111.68	98.4405
3113.61	98.6401
3115.53	98.9527
3117.46	98.9155
3119.39	98.6244
3121.32	98.5084
3123.25	98.567
3125.18	98.5939
3127.11	98.62
3129.04	98.696
3130.97	98.7855
3132.9	98.8821
3134.83	98.8868
3136.75	98.7184
3138.68	98.5686
3140.61	98.6114
3142.54	98.7141
3144.47	98.7367
3146.4	98.737
3148.33	98.7311
3150.26	98.647
3152.19	98.5485
3154.12	98.5621
3156.05	98.6171
3157.98	98.5755
3159.9	98.5205
3161.83	98.5624
3163.76	98.6024
3165.69	98.6166
3167.62	98.7194
3169.55	98.7966
3171.48	98.6821
3173.41	98.5461
3175.34	98.5502
3177.27	98.5666
3179.2	98.5241
3181.12	98.4975
3183.05	98.492
3184.98	98.4936
3186.91	98.4956
3188.84	98.4906
3190.77	98.5972
3192.7	98.8257
3194.63	98.8736
3196.56	98.633
3198.49	98.3903
3200.42	98.2781
3202.35	98.2451
3204.27	98.3698
3206.2	98.5983
3208.13	98.6669
3210.06	98.528
3211.99	98.3668
3213.92	98.3117
3215.85	98.3428
3217.78	98.2946
3219.71	98.1136
3221.64	98.043
3223.57	98.1791
3225.49	98.2816
3227.42	98.2707
3229.35	98.2277
3231.28	98.0463
3233.21	97.7718
3235.14	97.7667
3237.07	98.1025
3239	98.3963
3240.93	98.3762
3242.86	98.1568
3244.79	98.0216
3246.72	98.117
3248.64	98.2593
3250.57	98.1667
3252.5	97.9242
3254.43	97.9124
3256.36	98.2124
3258.29	98.473
3260.22	98.4497
3262.15	98.2606
3264.08	98.0491
3266.01	97.8654
3267.94	97.8345
3269.86	97.9673
3271.79	98.0234
3273.72	97.9071
3275.65	97.8328
3277.58	97.9267
3279.51	98.0819
3281.44	98.2131
3283.37	98.2976
3285.3	98.2798
3287.23	98.1552
3289.16	98.0087
3291.08	97.8884
3293.01	97.7813
3294.94	97.7047
3296.87	97.698
3298.8	97.7585
3300.73	97.8372
3302.66	97.856
3304.59	97.7754
3306.52	97.6642
3308.45	97.6033
3310.38	97.5908
3312.31	97.6047
3314.23	97.5954
3316.16	97.4804
3318.09	97.3228
3320.02	97.2637
3321.95	97.2504
3323.88	97.2049
3325.81	97.244
3327.74	97.3816
3329.67	97.447
3331.6	97.4377
3333.53	97.4268
3335.45	97.3237
3337.38	97.162
3339.31	97.1201
3341.24	97.1109
3343.17	97.0138
3345.1	97.0465
3347.03	97.2384
3348.96	97.2095
3350.89	96.9617
3352.82	96.8942
3354.75	97.0003
3356.68	97.0168
3358.6	97.0105
3360.53	97.1071
3362.46	97.159
3364.39	97.0492
3366.32	96.8874
3368.25	96.825
3370.18	96.9021
3372.11	97.0374
3374.04	97.134
3375.97	97.1795
3377.9	97.1879
3379.82	97.1754
3381.75	97.1931
3383.68	97.2158
3385.61	97.145
3387.54	97.0184
3389.47	96.96
3391.4	96.94
3393.33	96.8508
3395.26	96.7455
3397.19	96.7739
3399.12	96.9183
3401.04	96.9869
3402.97	96.8876
3404.9	96.7617
3406.83	96.7843
3408.76	96.9362
3410.69	97.035
3412.62	96.9686
3414.55	96.8147
3416.48	96.6558
3418.41	96.4582
3420.34	96.2811
3422.27	96.298
3424.19	96.4781
3426.12	96.6625
3428.05	96.8196
3429.98	96.8772
3431.91	96.7568
3433.84	96.646
3435.77	96.7027
3437.7	96.7905
3439.63	96.8652
3441.56	97.0322
3443.49	97.1951
3445.41	97.2254
3447.34	97.1975
3449.27	97.143
3451.2	97.0228
3453.13	96.9577
3455.06	97.0477
3456.99	97.1193
3458.92	96.9832
3460.85	96.777
3462.78	96.7804
3464.71	96.9832
3466.64	97.1318
3468.56	97.1704
3470.49	97.2619
3472.42	97.3833
3474.35	97.3336
3476.28	97.1348
3478.21	96.9526
3480.14	96.7448
3482.07	96.5185
3484	96.5758
3485.93	96.9435
3487.86	97.1659
3489.78	97.081
3491.71	97.0616
3493.64	97.2391
3495.57	97.3108
3497.5	97.1864
3499.43	97.1348
3501.36	97.2564
3503.29	97.309
3505.22	97.1018
3507.15	96.8001
3509.08	96.6512
3511	96.6901
3512.93	96.8005
3514.86	96.8752
3516.79	96.8646
3518.72	96.8344
3520.65	96.8822
3522.58	96.946
3524.51	96.9336
3526.44	96.8871
3528.37	96.822
3530.3	96.756
3532.23	96.8099
3534.15	96.9275
3536.08	96.885
3538.01	96.7123
3539.94	96.6162
3541.87	96.5719
3543.8	96.4805
3545.73	96.4212
3547.66	96.4941
3549.59	96.6773
3551.52	96.8695
3553.45	96.9033
3555.37	96.7716
3557.3	96.6848
3559.23	96.6579
3561.16	96.5028
3563.09	96.3227
3565.02	96.5046
3566.95	97.1203
3568.88	97.6135
3570.81	97.6645
3572.74	97.4848
3574.67	97.2074
3576.6	96.9932
3578.52	97.0803
3580.45	97.3445
3582.38	97.4054
3584.31	97.375
3586.24	97.7153
3588.17	98.1879
3590.1	98.1171
3592.03	97.9379
3593.96	98.2688
3595.89	98.7425
3597.82	98.722
3599.74	98.4921
3601.67	98.5124
3603.6	98.6649
3605.53	98.7644
3607.46	98.8736
3609.39	98.9393
3611.32	98.822
3613.25	98.673
3615.18	98.7462
3617.11	99.0189
3619.04	99.2235
3620.97	99.175
3622.89	99.0625
3624.82	99.1738
3626.75	99.592
3628.68	100.066
3630.61	100.094
3632.54	99.816
3634.47	99.6053
3636.4	99.5241
3638.33	99.4832
3640.26	99.4493
3642.19	99.4683
3644.11	99.5161
3646.04	99.5624
3647.97	99.7952
3649.9	100.193
3651.83	100.059
3653.76	99.467
3655.69	99.1094
3657.62	99.3187
3659.55	99.6077
3661.48	99.6151
3663.41	99.5557
3665.33	99.5912
3667.26	99.7316
3669.19	100.062
3671.12	100.359
3673.05	100.213
3674.98	99.7497
3676.91	99.364
3678.84	99.2542
3680.77	99.3694
3682.7	99.5591
3684.63	99.5867
3686.56	99.5676
3688.48	99.906
3690.41	100.242
3692.34	99.904
3694.27	99.4358
3696.2	99.3837
3698.13	99.5998
3700.06	99.8072
3701.99	99.9154
3703.92	99.796
3705.85	99.5039
3707.78	99.3877
3709.7	99.7087
3711.63	100.19
3713.56	100.198
3715.49	99.8872
3717.42	99.7731
3719.35	99.9271
3721.28	100.014
3723.21	99.959
3725.14	100.069
3727.07	100.321
3729	100.418
3730.93	100.326
3732.85	100.221
3734.78	100.366
3736.71	100.653
3738.64	100.53
3740.57	100.09
3742.5	99.8482
3744.43	100.021
3746.36	100.153
3748.29	100.062
3750.22	100.09
3752.15	100.202
3754.07	100.095
3756	99.8345
3757.93	99.5737
3759.86	99.4653
3761.79	99.5279
3763.72	99.5623
3765.65	99.5207
3767.58	99.6324
3769.51	99.9687
3771.44	100.153
3773.37	99.9568
3775.29	99.6759
3777.22	99.6098
3779.15	99.7082
3781.08	99.7417
3783.01	99.6941
3784.94	99.6355
3786.87	99.5093
3788.8	99.3165
3790.73	99.1976
3792.66	99.2306
3794.59	99.3495
3796.52	99.4449
3798.44	99.5233
3800.37	99.6869
3802.3	99.8774
3804.23	99.9402
3806.16	99.965
3808.09	100.013
3810.02	99.9367
3811.95	99.7485
3813.88	99.6129
3815.81	99.6055
3817.74	99.7343
3819.66	100.03
3821.59	100.287
3823.52	100.132
3825.45	99.7646
3827.38	99.6053
3829.31	99.7245
3831.24	99.8835
3833.17	99.8852
3835.1	99.8135
3837.03	99.8787
3838.96	100.035
3840.89	99.9801
3842.81	99.7033
3844.74	99.4692
3846.67	99.4578
3848.6	99.6249
3850.53	99.7916
3852.46	99.8748
3854.39	100.059
3856.32	100.234
3858.25	100.066
3860.18	99.7487
3862.11	99.7067
3864.03	99.8829
3865.96	99.7569
3867.89	99.4904
3869.82	99.6123
3871.75	99.8882
3873.68	99.7644
3875.61	99.4573
3877.54	99.3315
3879.47	99.3692
3881.4	99.5157
3883.33	99.7813
3885.25	99.9413
3887.18	99.7805
3889.11	99.5461
3891.04	99.5101
3892.97	99.5685
3894.9	99.5641
3896.83	99.6009
3898.76	99.7449
3900.69	99.8226
3902.62	99.7334
3904.55	99.6668
3906.48	99.6872
3908.4	99.6733
3910.33	99.5984
3912.26	99.4961
3914.19	99.3938
3916.12	99.3843
3918.05	99.5105
3919.98	99.5775
3921.91	99.4864
3923.84	99.413
3925.77	99.421
3927.7	99.3913
3929.62	99.369
3931.55	99.4774
3933.48	99.6205
3935.41	99.6502
3937.34	99.5601
3939.27	99.3799
3941.2	99.2281
3943.13	99.2555
3945.06	99.398
3946.99	99.5538
3948.92	99.7342
3950.85	99.795
3952.77	99.6351
3954.7	99.5081
3956.63	99.5272
3958.56	99.4452
3960.49	99.2924
3962.42	99.4003
3964.35	99.6314
3966.28	99.5535
3968.21	99.241
3970.14	99.0947
3972.07	99.1987
3973.99	99.3587
3975.92	99.4744
3977.85	99.5543
3979.78	99.5688
3981.71	99.4848
3983.64	99.3665
3985.57	99.3036
3987.5	99.278
3989.43	99.2208
3991.36	99.1471
3993.29	99.1559
3995.22	99.3025
3997.14	99.4882
