499.643	86.9452
501.572	87.3683
503.501	87.5763
505.43	88.5997
507.36	89.598
509.289	88.5558
511.218	86.5329
513.147	85.909
515.076	86.3986
517.005	86.5183
518.934	86.4063
520.863	86.6438
522.792	86.6977
524.722	86.3232
526.651	86.0714
528.58	86.138
530.509	86.3897
532.438	86.9109
534.367	87.5495
536.296	88.0473
538.225	88.5759
540.155	89.1277
542.084	89.2447
544.013	88.9431
545.942	88.7664
547.871	88.9767
549.8	89.4868
551.729	90.0061
553.658	90.0984
555.588	89.8166
557.517	89.7386
559.446	89.9315
561.375	89.9515
563.304	89.8745
565.233	90.0862
567.162	90.3782
569.091	90.2508
571.021	89.8
572.95	89.6261
574.879	89.9418
576.808	90.2612
578.737	90.1554
580.666	89.8437
582.595	89.5994
584.524	89.3197
586.454	88.884
588.383	88.3005
590.312	87.6199
592.241	87.0667
594.17	86.8011
596.099	86.6215
598.028	86.4787
599.957	86.6999
601.887	87.2565
603.816	87.6699
605.745	87.8923
607.674	88.2906
609.603	88.8244
611.532	89.1832
613.461	89.4522
615.39	89.8168
617.32	90.0879
619.249	90.0829
621.178	89.9606
623.107	89.8679
625.036	89.7899
626.965	89.7375
628.894	89.7081
630.823	89.5584
632.753	89.1875
634.682	88.7269
636.611	88.2982
638.54	87.7477
640.469	86.9004
642.398	85.8579
644.327	84.7873
646.256	83.682
648.186	82.6359
650.115	81.98
652.044	81.8277
653.973	82.0359
655.902	82.4808
657.831	83.0152
659.76	83.7107
661.689	84.7632
663.619	85.9468
665.548	87.196
667.477	88.921
669.406	90.4166
671.335	90.7902
673.264	91.0131
675.193	91.4794
677.122	91.8854
679.052	92.1043
680.981	92.2682
682.91	92.3503
684.839	92.3886
686.768	92.5142
688.697	92.6573
690.626	92.7022
692.555	92.7197
694.485	92.7937
696.414	92.8814
698.343	92.9046
700.272	92.8553
702.201	92.8059
704.13	92.8037
706.059	92.792
707.988	92.7354
709.917	92.7177
711.847	92.7838
713.776	92.8447
715.705	92.8508
717.634	92.855
719.563	92.8353
721.492	92.7028
723.421	92.5152
725.35	92.401
727.28	92.3172
729.209	92.1172
731.138	91.7808
733.067	91.4003
734.996	91.0399
736.925	90.7149
738.854	90.3762
740.783	89.8957
742.713	89.2116
744.642	88.473
746.571	87.9422
748.5	87.7979
750.429	88.0524
752.358	88.5639
754.287	89.1346
756.216	89.6619
758.146	90.1498
760.075	90.5847
762.004	90.9141
763.933	91.1481
765.862	91.357
767.791	91.5455
769.72	91.6556
771.649	91.7124
773.579	91.7978
775.508	91.8836
777.437	91.8923
779.366	91.8682
781.295	91.8866
783.224	91.9009
785.153	91.8317
787.082	91.6764
789.012	91.4575
790.941	91.1638
792.87	90.7572
794.799	90.2059
796.728	89.5258
798.657	88.7364
800.586	87.7684
802.515	86.4971
804.445	84.7964
806.374	82.4809
808.303	79.4552
810.232	76.1838
812.161	73.753
814.09	73.1019
816.019	74.2963
817.948	76.6443
819.878	79.2884
821.807	81.6367
823.736	83.4797
825.665	84.8696
827.594	85.889
829.523	86.5538
831.452	86.9035
833.381	87.0373
835.311	87.0155
837.24	86.8133
839.169	86.3922
841.098	85.7771
843.027	85.0848
844.956	84.492
846.885	84.144
848.814	84.0825
850.744	84.232
852.673	84.4446
854.602	84.619
856.531	84.7825
858.46	84.9899
860.389	85.2047
862.318	85.3667
864.247	85.4623
866.177	85.4585
868.106	85.3037
870.035	85.0076
871.964	84.5989
873.893	84.0664
875.822	83.4371
877.751	82.8216
879.68	82.339
881.609	82.0643
883.539	82.019
885.468	82.149
887.397	82.337
889.326	82.4711
891.255	82.5178
893.184	82.5435
895.113	82.649
897.042	82.8919
898.972	83.3048
900.901	83.9337
902.83	84.7814
904.759	85.7519
906.688	86.6943
908.617	87.4668
910.546	87.9796
912.475	88.2297
914.405	88.2554
916.334	88.0453
918.263	87.5535
920.192	86.7659
922.121	85.6823
924.05	84.2685
925.979	82.4426
927.908	80.1043
929.838	77.2542
931.767	74.0906
933.696	70.9209
935.625	68.0563
937.554	65.8154
939.483	64.4423
941.412	63.9509
943.341	64.1523
945.271	64.8245
947.2	65.8122
949.129	67.0418
951.058	68.4911
952.987	70.1035
954.916	71.7528
956.845	73.3192
958.774	74.7721
960.704	76.1902
962.633	77.7167
964.562	79.4496
966.491	81.3593
968.42	83.3235
970.349	85.1862
972.278	86.777
974.207	87.9852
976.137	88.8424
978.066	89.4312
979.995	89.7406
981.924	89.7188
983.853	89.3959
985.782	88.859
987.711	88.2212
989.64	87.6568
991.57	87.2899
993.499	87.0093
995.428	86.5154
997.357	85.5507
999.286	84.0749
1001.22	82.3424
1003.14	80.8143
1005.07	79.8379
1007	79.4221
1008.93	79.4282
1010.86	79.8333
1012.79	80.6032
1014.72	81.427
1016.65	81.8498
1018.58	81.6351
1020.51	80.7964
1022.44	79.3825
1024.36	77.5228
1026.29	75.622
1028.22	74.1689
1030.15	73.2708
1032.08	72.594
1034.01	71.8245
1035.94	70.9781
1037.87	70.2174
1039.8	69.6158
1041.73	69.2099
1043.66	69.0955
1045.58	69.3506
1047.51	69.9504
1049.44	70.7832
1051.37	71.6639
1053.3	72.3848
1055.23	72.8866
1057.16	73.3078
1059.09	73.7604
1061.02	74.1682
1062.95	74.3701
1064.88	74.2449
1066.81	73.8018
1068.73	73.3087
1070.66	73.1766
1072.59	73.5802
1074.52	74.3587
1076.45	75.2864
1078.38	76.2225
1080.31	77.0478
1082.24	77.6632
1084.17	78.0077
1086.1	78.0242
1088.03	77.6995
1089.95	77.0978
1091.88	76.2603
1093.81	75.1732
1095.74	73.8753
1097.67	72.4573
1099.6	70.9576
1101.53	69.3731
1103.46	67.7137
1105.39	65.9779
1107.32	64.167
1109.25	62.3448
1111.18	60.5904
1113.1	58.9209
1115.03	57.3214
1116.96	55.7878
1118.89	54.3187
1120.82	52.9187
1122.75	51.5916
1124.68	50.3044
1126.61	48.9862
1128.54	47.5527
1130.47	45.929
1132.4	44.0902
1134.32	42.0917
1136.25	40.057
1138.18	38.1492
1140.11	36.5204
1142.04	35.2565
1143.97	34.4083
1145.9	34.0488
1147.83	34.2162
1149.76	34.849
1151.69	35.8706
1153.62	37.2583
1155.55	38.9481
1157.47	40.7994
1159.4	42.7211
1161.33	44.6894
1163.26	46.6403
1165.19	48.4924
1167.12	50.2134
1169.05	51.7833
1170.98	53.2157
1172.91	54.6137
1174.84	56.0741
1176.77	57.6094
1178.69	59.229
1180.62	60.9548
1182.55	62.751
1184.48	64.5758
1186.41	66.456
1188.34	68.4197
1190.27	70.4317
1192.2	72.4594
1194.13	74.5339
1196.06	76.6913
1197.99	78.894
1199.91	81.0534
1201.84	83.0776
1203.77	84.861
1205.7	86.3313
1207.63	87.5185
1209.56	88.484
1211.49	89.3177
1213.42	90.2056
1215.35	91.0996
1217.28	91.4452
1219.21	90.9062
1221.14	90.0689
1223.06	89.6538
1224.99	89.6005
1226.92	89.418
1228.85	88.8979
1230.78	88.1045
1232.71	87.0947
1234.64	85.9411
1236.57	84.7867
1238.5	83.7613
1240.43	82.9286
1242.36	82.3222
1244.28	81.9782
1246.21	81.9054
1248.14	82.0744
1250.07	82.4458
1252	82.9386
1253.93	83.4071
1255.86	83.7371
1257.79	83.9011
1259.72	83.8893
1261.65	83.699
1263.58	83.3816
1265.51	83.0286
1267.43	82.7361
1269.36	82.5425
1271.29	82.3697
1273.22	82.1237
1275.15	81.8253
1277.08	81.51
1279.01	81.072
1280.94	80.3012
1282.87	78.9913
1284.8	76.9322
1286.73	73.9262
1288.65	70.0975
1290.58	66.2094
1292.51	63.3761
1294.44	62.4212
1296.37	63.5248
1298.3	66.1942
1300.23	69.5075
1302.16	72.5781
1304.09	74.8759
1306.02	76.1751
1307.95	76.4141
1309.87	75.7342
1311.8	74.5523
1313.73	73.4442
1315.66	72.7483
1317.59	72.4182
1319.52	72.4702
1321.45	73.1496
1323.38	74.5235
1325.31	76.4003
1327.24	78.5366
1329.17	80.7243
1331.1	82.834
1333.02	84.7207
1334.95	86.2116
1336.88	87.2909
1338.81	88.0888
1340.74	88.7385
1342.67	89.3667
1344.6	90.1122
1346.53	91.0371
1348.46	92.0209
1350.39	92.8296
1352.32	93.3555
1354.24	93.64
1356.17	93.7087
1358.1	93.5729
1360.03	93.2854
1361.96	92.8222
1363.89	92.0337
1365.82	90.9463
1367.75	89.9901
1369.68	89.7027
1371.61	89.9752
1373.54	89.9663
1375.47	89.2158
1377.39	88.3258
1379.32	87.9069
1381.25	87.9391
1383.18	88.1342
1385.11	88.2839
1387.04	88.3176
1388.97	88.2462
1390.9	88.144
1392.83	88.0449
1394.76	87.8992
1396.69	87.5908
1398.61	87.0804
1400.54	86.5824
1402.47	86.425
1404.4	86.7845
1406.33	87.5253
1408.26	88.2802
1410.19	88.9318
1412.12	89.505
1414.05	89.9118
1415.98	90.1683
1417.91	90.3513
1419.83	90.4158
1421.76	90.3074
1423.69	90.0144
1425.62	89.5938
1427.55	89.1082
1429.48	88.3762
1431.41	87.3267
1433.34	86.2583
1435.27	85.1891
1437.2	83.9816
1439.13	82.9765
1441.06	82.2889
1442.98	81.6662
1444.91	80.9962
1446.84	80.1945
1448.77	79.1766
1450.7	78.3016
1452.63	78.0428
1454.56	78.482
1456.49	79.819
1458.42	81.629
1460.35	82.7799
1462.28	83.6801
1464.2	84.8669
1466.13	86.0881
1468.06	86.9368
1469.99	87.7279
1471.92	88.6806
1473.85	89.3378
1475.78	89.4929
1477.71	89.6228
1479.64	89.8965
1481.57	90.2674
1483.5	90.7025
1485.43	91.2094
1487.35	91.874
1489.28	92.7124
1491.21	93.422
1493.14	93.9281
1495.07	94.4929
1497	95.187
1498.93	95.7247
1500.86	95.9664
1502.79	96.1166
1504.72	96.3712
1506.65	96.8214
1508.57	97.0396
1510.5	96.8934
1512.43	96.7887
1514.36	96.8887
1516.29	97.1069
1518.22	97.2618
1520.15	97.3374
1522.08	97.3964
1524.01	97.4334
1525.94	97.3947
1527.87	97.2622
1529.8	97.1453
1531.72	97.1736
1533.65	97.3
1535.58	97.3378
1537.51	97.3807
1539.44	97.6539
1541.37	97.8783
1543.3	97.6172
1545.23	97.2927
1547.16	97.1518
1549.09	97.1319
1551.02	97.1354
1552.94	97.1298
1554.87	97.1507
1556.8	97.2766
1558.73	97.4701
1560.66	97.4221
1562.59	97.2188
1564.52	97.0579
1566.45	96.9972
1568.38	97.0094
1570.31	96.955
1572.24	96.8508
1574.16	96.8566
1576.09	96.9433
1578.02	96.8771
1579.95	96.6973
1581.88	96.5667
1583.81	96.4854
1585.74	96.4057
1587.67	96.3259
1589.6	96.2753
1591.53	96.2655
1593.46	96.2546
1595.39	96.191
1597.31	96.0907
1599.24	96.0105
1601.17	95.9543
1603.1	95.8672
1605.03	95.7419
1606.96	95.646
1608.89	95.5524
1610.82	95.3605
1612.75	95.1573
1614.68	95.0093
1616.61	94.666
1618.53	94.067
1620.46	93.5074
1622.39	92.8554
1624.32	91.9527
1626.25	90.9733
1628.18	89.821
1630.11	88.4838
1632.04	87.3502
1633.97	86.3703
1635.9	85.1342
1637.83	84.4275
1639.76	85.3552
1641.68	87.467
1643.61	89.8743
1645.54	92.1725
1647.47	93.9237
1649.4	94.6263
1651.33	94.8911
1653.26	95.3343
1655.19	95.5305
1657.12	95.3464
1659.05	95.2225
1660.98	95.2105
1662.9	95.1205
1664.83	94.8809
1666.76	94.6734
1668.69	94.5781
1670.62	94.4145
1672.55	94.1113
1674.48	93.76
1676.41	93.236
1678.34	92.6177
1680.27	92.1288
1682.2	91.6516
1684.12	91.0263
1686.05	90.3012
1687.98	89.327
1689.91	88.1178
1691.84	86.8338
1693.77	85.2226
1695.7	83.0751
1697.63	80.5807
1699.56	77.2702
1701.49	73.2032
1703.42	69.6109
1705.35	66.0897
1707.27	61.9654
1709.2	58.2057
1711.13	55.3423
1713.06	52.9067
1714.99	51.2251
1716.92	50.6753
1718.85	50.5131
1720.78	51.1293
1722.71	53.1605
1724.64	56.2589
1726.57	60.1184
1728.49	64.4675
1730.42	68.8311
1732.35	73.3886
1734.28	78.4469
1736.21	82.6003
1738.14	85.3637
1740.07	87.8013
1742	90.2907
1743.93	92.3825
1745.86	94.1654
1747.79	95.929
1749.72	97.4708
1751.64	98.5917
1753.57	99.3382
1755.5	99.7414
1757.43	99.9906
1759.36	100.203
1761.29	100.207
1763.22	99.9738
1765.15	99.645
1767.08	99.2948
1769.01	99.072
1770.94	99.061
1772.86	98.9906
1774.79	98.7037
1776.72	98.4222
1778.65	98.2854
1780.58	98.2519
1782.51	98.1708
1784.44	98.0313
1786.37	98.0226
1788.3	98.1553
1790.23	98.2556
1792.16	98.2697
1794.08	98.2236
1796.01	98.1195
1797.94	98.0153
1799.87	97.9895
1801.8	98.0396
1803.73	98.0764
1805.66	98.0421
1807.59	97.9976
1809.52	98.022
1811.45	98.0346
1813.38	97.9698
1815.31	97.9406
1817.23	97.9725
1819.16	97.9981
1821.09	98.0795
1823.02	98.2136
1824.95	98.2091
1826.88	98.055
1828.81	97.9623
1830.74	97.9863
1832.67	98.0199
1834.6	98.0335
1836.53	98.0735
1838.45	98.128
1840.38	98.1393
1842.31	98.1554
1844.24	98.2644
1846.17	98.3652
1848.1	98.3872
1850.03	98.4559
1851.96	98.554
1853.89	98.5486
1855.82	98.506
1857.75	98.5282
1859.68	98.512
1861.6	98.415
1863.53	98.3983
1865.46	98.5231
1867.39	98.6493
1869.32	98.6285
1871.25	98.5018
1873.18	98.4305
1875.11	98.4917
1877.04	98.6138
1878.97	98.6531
1880.9	98.6188
1882.82	98.6529
1884.75	98.7831
1886.68	98.8887
1888.61	98.862
1890.54	98.7135
1892.47	98.6094
1894.4	98.6897
1896.33	98.8899
1898.26	99.0828
1900.19	99.2382
1902.12	99.2746
1904.05	99.1081
1905.97	98.9219
1907.9	98.9567
1909.83	99.1621
1911.76	99.2913
1913.69	99.2112
1915.62	99.0168
1917.55	98.923
1919.48	98.9961
1921.41	99.0934
1923.34	99.1533
1925.27	99.1937
1927.19	99.2041
1929.12	99.2341
1931.05	99.3262
1932.98	99.4084
1934.91	99.4062
1936.84	99.3181
1938.77	99.2416
1940.7	99.3539
1942.63	99.6187
1944.56	99.7064
1946.49	99.5372
1948.41	99.3689
1950.34	99.3559
1952.27	99.4731
1954.2	99.618
1956.13	99.6621
1958.06	99.6024
1959.99	99.5553
1961.92	99.542
1963.85	99.5248
1965.78	99.562
1967.71	99.6945
1969.64	99.822
1971.56	99.8777
1973.49	99.9446
1975.42	100.057
1977.35	100.122
1979.28	100.164
1981.21	100.282
1983.14	100.388
1985.07	100.371
1987	100.271
1988.93	100.032
1990.86	99.6797
1992.78	99.6366
1994.71	100.026
1996.64	100.269
1998.57	100.093
2000.5	99.9325
2002.43	100.002
2004.36	100.017
2006.29	99.9165
2008.22	99.9154
2010.15	99.9806
2012.08	99.9806
2014.01	100.008
2015.93	100.146
2017.86	100.288
2019.79	100.345
2021.72	100.375
2023.65	100.418
2025.58	100.403
2027.51	100.273
2029.44	100.105
2031.37	99.979
2033.3	99.8865
2035.23	99.9051
2037.15	100.113
2039.08	100.224
2041.01	99.9324
2042.94	99.5842
2044.87	99.6972
2046.8	100.068
2048.73	100.183
2050.66	100.084
2052.59	100.089
2054.52	100.168
2056.45	100.128
2058.37	99.9853
2060.3	99.8706
2062.23	99.8519
2064.16	99.9489
2066.09	100.117
2068.02	100.22
2069.95	100.175
2071.88	100.053
2073.81	99.9609
2075.74	99.9316
2077.67	99.951
2079.6	100
2081.52	100.054
2083.45	100.041
2085.38	99.8664
2087.31	99.6092
2089.24	99.5229
2091.17	99.6532
2093.1	99.7626
2095.03	99.7788
2096.96	99.8405
2098.89	99.9034
2100.82	99.8556
2102.74	99.8051
2104.67	99.8224
2106.6	99.8014
2108.53	99.7305
2110.46	99.6608
2112.39	99.5642
2114.32	99.5292
2116.25	99.6816
2118.18	99.8543
2120.11	99.8347
2122.04	99.7245
2123.97	99.6641
2125.89	99.6361
2127.82	99.6983
2129.75	99.8994
2131.68	100.07
2133.61	100.101
2135.54	100.11
2137.47	100.152
2139.4	100.17
2141.33	100.189
2143.26	100.228
2145.19	100.234
2147.11	100.209
2149.04	100.186
2150.97	100.188
2152.9	100.264
2154.83	100.377
2156.76	100.393
2158.69	100.37
2160.62	100.499
2162.55	100.666
2164.48	100.632
2166.41	100.522
2168.33	100.57
2170.26	100.657
2172.19	100.589
2174.12	100.463
2176.05	100.369
2177.98	100.21
2179.91	100.033
2181.84	100.066
2183.77	100.307
2185.7	100.461
2187.63	100.378
2189.56	100.235
2191.48	100.195
2193.41	100.148
2195.34	100.025
2197.27	100.076
2199.2	100.437
2201.13	100.747
2203.06	100.678
2204.99	100.472
2206.92	100.443
2208.85	100.432
2210.78	100.233
2212.7	100.037
2214.63	100.079
2216.56	100.267
2218.49	100.389
2220.42	100.401
2222.35	100.396
2224.28	100.385
2226.21	100.288
2228.14	100.169
2230.07	100.208
2232	100.38
2233.93	100.479
2235.85	100.444
2237.78	100.377
2239.71	100.374
2241.64	100.45
2243.57	100.493
2245.5	100.404
2247.43	100.286
2249.36	100.258
2251.29	100.254
2253.22	100.254
2255.15	100.348
2257.07	100.504
2259	100.568
2260.93	100.478
2262.86	100.336
2264.79	100.339
2266.72	100.529
2268.65	100.698
2270.58	100.727
2272.51	100.7
2274.44	100.646
2276.37	100.558
2278.29	100.487
2280.22	100.401
2282.15	100.281
2284.08	100.251
2286.01	100.311
2287.94	100.289
2289.87	100.192
2291.8	100.181
2293.73	100.27
2295.66	100.372
2297.59	100.463
2299.52	100.536
2301.44	100.568
2303.37	100.575
2305.3	100.638
2307.23	100.847
2309.16	101.163
2311.09	101.434
2313.02	101.647
2314.95	101.906
2316.88	102.227
2318.81	102.609
2320.74	103.015
2322.66	103.22
2324.59	103.161
2326.52	103.16
2328.45	103.401
2330.38	103.724
2332.31	103.967
2334.24	104.143
2336.17	104.302
2338.1	104.486
2340.03	104.695
2341.96	104.806
2343.89	104.485
2345.81	103.608
2347.74	102.838
2349.67	102.723
2351.6	103.189
2353.53	103.76
2355.46	104.246
2357.39	105.174
2359.32	106.23
2361.25	106.395
2363.18	105.984
2365.11	105.573
2367.03	104.86
2368.96	103.94
2370.89	103.261
2372.82	102.652
2374.75	101.866
2376.68	101.147
2378.61	100.661
2380.54	100.196
2382.47	99.6599
2384.4	99.2744
2386.33	99.145
2388.26	99.09
2390.18	98.9809
2392.11	98.892
2394.04	98.8375
2395.97	98.7406
2397.9	98.6762
2399.83	98.7639
2401.76	98.8946
2403.69	98.8982
2405.62	98.8268
2407.55	98.8023
2409.48	98.806
2411.4	98.8098
2413.33	98.861
2415.26	98.925
2417.19	98.8984
2419.12	98.813
2421.05	98.7894
2422.98	98.8216
2424.91	98.8382
2426.84	98.8756
2428.77	98.9557
2430.7	98.9581
2432.62	98.8557
2434.55	98.8297
2436.48	98.9443
2438.41	99.0192
2440.34	98.9632
2442.27	98.9095
2444.2	98.9594
2446.13	99.0448
2448.06	99.0486
2449.99	98.9648
2451.92	98.912
2453.85	98.9486
2455.77	98.9797
2457.7	98.9397
2459.63	98.9023
2461.56	98.9398
2463.49	99.0135
2465.42	99.0242
2467.35	98.958
2469.28	98.9542
2471.21	99.0753
2473.14	99.1424
2475.07	99.071
2476.99	99.0529
2478.92	99.1367
2480.85	99.1072
2482.78	98.9545
2484.71	98.9261
2486.64	99.0742
2488.57	99.2163
2490.5	99.2636
2492.43	99.2499
2494.36	99.1691
2496.29	99.0178
2498.22	98.8869
2500.14	98.8633
2502.07	98.9217
2504	98.9875
2505.93	99.046
2507.86	99.1265
2509.79	99.2168
2511.72	99.2739
2513.65	99.2995
2515.58	99.313
2517.51	99.2799
2519.44	99.1743
2521.36	99.0642
2523.29	99.0349
2525.22	99.0797
2527.15	99.1056
2529.08	99.0328
2531.01	98.9286
2532.94	98.9619
2534.87	99.1474
2536.8	99.307
2538.73	99.3184
2540.66	99.1794
2542.58	98.9287
2544.51	98.7383
2546.44	98.8256
2548.37	99.0854
2550.3	99.181
2552.23	99.0862
2554.16	99.0734
2556.09	99.1889
2558.02	99.243
2559.95	99.2117
2561.88	99.1938
2563.81	99.1672
2565.73	99.1196
2567.66	99.1281
2569.59	99.1596
2571.52	99.1158
2573.45	99.0431
2575.38	99.0326
2577.31	99.0671
2579.24	99.1225
2581.17	99.2315
2583.1	99.3883
2585.03	99.5129
2586.95	99.5506
2588.88	99.5551
2590.81	99.5965
2592.74	99.6247
2594.67	99.5718
2596.6	99.4906
2598.53	99.4222
2600.46	99.3023
2602.39	99.1416
2604.32	99.0918
2606.25	99.2153
2608.18	99.3441
2610.1	99.2895
2612.03	99.1158
2613.96	99.0344
2615.89	99.0636
2617.82	99.035
2619.75	98.9149
2621.68	98.8476
2623.61	98.881
2625.54	98.8888
2627.47	98.7999
2629.4	98.7149
2631.32	98.7181
2633.25	98.7676
2635.18	98.844
2637.11	98.9685
2639.04	99.0395
2640.97	98.9514
2642.9	98.8216
2644.83	98.8032
2646.76	98.8323
2648.69	98.7908
2650.62	98.7103
2652.54	98.6747
2654.47	98.7006
2656.4	98.7467
2658.33	98.7382
2660.26	98.6354
2662.19	98.5151
2664.12	98.4882
2666.05	98.5432
2667.98	98.5834
2669.91	98.5835
2671.84	98.5779
2673.77	98.5551
2675.69	98.4964
2677.62	98.4415
2679.55	98.4193
2681.48	98.4142
2683.41	98.4228
2685.34	98.4451
2687.27	98.456
2689.2	98.4514
2691.13	98.4488
2693.06	98.4334
2694.99	98.3828
2696.91	98.3279
2698.84	98.3343
2700.77	98.4125
2702.7	98.4689
2704.63	98.4126
2706.56	98.3038
2708.49	98.2705
2710.42	98.3065
2712.35	98.306
2714.28	98.2453
2716.21	98.183
2718.14	98.1472
2720.06	98.1345
2721.99	98.1555
2723.92	98.201
2725.85	98.225
2727.78	98.2233
2729.71	98.2499
2731.64	98.2975
2733.57	98.2784
2735.5	98.1874
2737.43	98.1243
2739.36	98.1167
2741.28	98.0943
2743.21	98.0382
2745.14	97.9962
2747.07	97.9935
2749	98.0228
2750.93	98.0487
2752.86	98.0235
2754.79	97.9936
2756.72	98.0747
2758.65	98.2301
2760.58	98.2916
2762.51	98.2525
2764.43	98.2433
2766.36	98.2369
2768.29	98.1268
2770.22	98.0077
2772.15	98.0359
2774.08	98.1355
2776.01	98.1263
2777.94	98.0162
2779.87	97.9442
2781.8	97.9379
2783.73	97.9177
2785.65	97.872
2787.58	97.8577
2789.51	97.884
2791.44	97.9301
2793.37	97.9701
2795.3	97.9313
2797.23	97.8063
2799.16	97.7492
2801.09	97.8423
2803.02	97.9268
2804.95	97.858
2806.87	97.7183
2808.8	97.6343
2810.73	97.5817
2812.66	97.4902
2814.59	97.4049
2816.52	97.3939
2818.45	97.3809
2820.38	97.2666
2822.31	97.1151
2824.24	97.032
2826.17	97.0031
2828.1	96.9388
2830.02	96.7563
2831.95	96.4995
2833.88	96.3598
2835.81	96.3698
2837.74	96.323
2839.67	96.1885
2841.6	96.1268
2843.53	96.0674
2845.46	95.8552
2847.39	95.6187
2849.32	95.4883
2851.24	95.3205
2853.17	94.988
2855.1	94.5327
2857.03	94.0134
2858.96	93.4824
2860.89	92.982
2862.82	92.5248
2864.75	92.182
2866.68	92.0192
2868.61	91.916
2870.54	91.6935
2872.47	91.3979
2874.39	91.2576
2876.32	91.3907
2878.25	91.6781
2880.18	91.9461
2882.11	92.1695
2884.04	92.3682
2885.97	92.4688
2887.9	92.4645
2889.83	92.4789
2891.76	92.5308
2893.69	92.5467
2895.61	92.5874
2897.54	92.7056
2899.47	92.7562
2901.4	92.6418
2903.33	92.4758
2905.26	92.3743
2907.19	92.353
2909.12	92.351
2911.05	92.2213
2912.98	91.915
2914.91	91.6319
2916.83	91.5163
2918.76	91.3809
2920.69	91.0109
2922.62	90.4908
2924.55	89.9633
2926.48	89.3683
2928.41	88.7127
2930.34	88.2684
2932.27	88.1833
2934.2	88.273
2936.13	88.4327
2938.06	88.7649
2939.98	89.1732
2941.91	89.3984
2943.84	89.4234
2945.77	89.3439
2947.7	89.0604
2949.63	88.5098
2951.56	87.9023
2953.49	87.4161
2955.42	86.967
2957.35	86.5375
2959.28	86.388
2961.2	86.6722
2963.13	87.2641
2965.06	88.1469
2966.99	89.3768
2968.92	90.6106
2970.85	91.4046
2972.78	91.8594
2974.71	92.2653
2976.64	92.5655
2978.57	92.69
2980.5	92.8127
2982.43	93.0428
2984.35	93.343
2986.28	93.658
2988.21	93.8877
2990.14	94.0352
2992.07	94.3007
2994	94.712
2995.93	95.0543
2997.86	95.3422
2999.79	95.7586
3001.72	96.1862
3003.65	96.4341
3005.57	96.6271
3007.5	96.8966
3009.43	97.1443
3011.36	97.3058
3013.29	97.4066
3015.22	97.4746
3017.15	97.6233
3019.08	97.8925
3021.01	98.0929
3022.94	98.1545
3024.87	98.2529
3026.79	98.4283
3028.72	98.583
3030.65	98.7335
3032.58	98.8532
3034.51	98.8056
3036.44	98.627
3038.37	98.5008
3040.3	98.4814
3042.23	98.5223
3044.16	98.6127
3046.09	98.7158
3048.02	98.7449
3049.94	98.6892
3051.87	98.6404
3053.8	98.6523
3055.73	98.6693
3057.66	98.6048
3059.59	98.4535
3061.52	98.3902
3063.45	98.6586
3065.38	99.1484
3067.31	99.3876
3069.24	99.2594
3071.16	99.1303
3073.09	99.0947
3075.02	98.9428
3076.95	98.7838
3078.88	98.8115
3080.81	98.8405
3082.74	98.7271
3084.67	98.6593
3086.6	98.7251
3088.53	98.7709
3090.46	98.7019
3092.39	98.5841
3094.31	98.5443
3096.24	98.6061
3098.17	98.6278
3100.1	98.5509
3102.03	98.4999
3103.96	98.5172
3105.89	98.4955
3107.82	98.364
3109.75	98.1864
3111.68	98.1852
3113.61	98.5051
3115.53	98.8656
3117.46	98.9046
3119.39	98.7567
3121.32	98.7203
3123.25	98.7152
3125.18	98.5795
3127.11	98.4656
3129.04	98.5747
3130.97	98.792
3132.9	98.8162
3134.83	98.6062
3136.75	98.4535
3138.68	98.4772
3140.61	98.4909
3142.54	98.4785
3144.47	98.6227
3146.4	98.8384
3148.33	98.8345
3150.26	98.5525
3152.19	98.2157
3154.12	98.0857
3156.05	98.2444
3157.98	98.5144
3159.9	98.6569
3161.83	98.6266
3163.76	98.5698
3165.69	98.6538
3167.62	98.8443
3169.55	98.8992
3171.48	98.7484
3173.41	98.5976
3175.34	98.5065
3177.27	98.3501
3179.2	98.1902
3181.12	98.1842
3183.05	98.3195
3184.98	98.5254
3186.91	98.7177
3188.84	98.7571
3190.77	98.6634
3192.7	98.599
3194.63	98.5394
3196.56	98.3473
3198.49	98.0821
3200.42	97.9169
3202.35	97.9336
3204.27	98.1025
3206.2	98.291
3208.13	98.3632
3210.06	98.3195
3211.99	98.2418
3213.92	98.1955
3215.85	98.2174
3217.78	98.267
3219.71	98.2472
3221.64	98.1392
3223.57	98.0333
3225.49	98.0287
3227.42	98.1214
3229.35	98.1691
3231.28	98.0553
3233.21	97.8862
3235.14	97.8705
3237.07	98.0222
3239	98.1259
3240.93	98.0611
3242.86	97.9868
3244.79	98.0186
3246.72	98.0251
3248.64	97.9788
3250.57	98.0233
3252.5	98.0805
3254.43	98.0126
3256.36	97.9977
3258.29	98.1179
3260.22	98.1006
3262.15	97.9057
3264.08	97.8463
3266.01	97.97
3267.94	98.0131
3269.86	97.8817
3271.79	97.7066
3273.72	97.6107
3275.65	97.6367
3277.58	97.7562
3279.51	97.9058
3281.44	98.0365
3283.37	98.0987
3285.3	98.0546
3287.23	97.9315
3289.16	97.7707
3291.08	97.5841
3293.01	97.4469
3294.94	97.4751
3296.87	97.6311
3298.8	97.738
3300.73	97.7128
3302.66	97.6122
3304.59	97.4899
3306.52	97.3572
3308.45	97.2511
3310.38	97.2666
3312.31	97.4338
3314.23	97.575
3316.16	97.521
3318.09	97.3924
3320.02	97.3268
3321.95	97.2303
3323.88	97.1212
3325.81	97.184
3327.74	97.3169
3329.67	97.274
3331.6	97.1494
3333.53	97.1245
3335.45	97.1098
3337.38	97.0366
3339.31	97.0026
3341.24	96.9971
3343.17	96.9564
3345.1	96.9708
3347.03	97.0783
3348.96	97.1253
3350.89	97.0721
3352.82	97.0882
3354.75	97.2125
3356.68	97.2482
3358.6	97.1118
3360.53	96.9842
3362.46	96.9786
3364.39	96.9749
3366.32	96.8984
3368.25	96.8423
3370.18	96.8574
3372.11	96.9067
3374.04	96.9726
3375.97	97.0388
3377.9	97.0944
3379.82	97.1538
3381.75	97.1763
3383.68	97.102
3385.61	96.9659
3387.54	96.8549
3389.47	96.8465
3391.4	96.9476
3393.33	96.972
3395.26	96.7593
3397.19	96.5404
3399.12	96.6085
3401.04	96.7938
3402.97	96.7808
3404.9	96.6476
3406.83	96.6363
3408.76	96.7185
3410.69	96.735
3412.62	96.6971
3414.55	96.7122
3416.48	96.7603
3418.41	96.7225
3420.34	96.5727
3422.27	96.4107
3424.19	96.3407
3426.12	96.406
3428.05	96.5435
3429.98	96.5957
3431.91	96.5063
3433.84	96.3731
3435.77	96.2815
3437.7	96.3394
3439.63	96.6554
3441.56	97.0385
3443.49	97.157
3445.41	97.0667
3447.34	97.0475
3449.27	97.0895
3451.2	97.0237
3453.13	96.8692
3455.06	96.7362
3456.99	96.675
3458.92	96.6939
3460.85	96.7654
3462.78	96.8473
3464.71	96.9362
3466.64	97.0043
3468.56	96.9699
3470.49	96.8949
3472.42	96.984
3474.35	97.1592
3476.28	97.0306
3478.21	96.6014
3480.14	96.3965
3482.07	96.6642
3484	97.0437
3485.93	97.1576
3487.86	96.9905
3489.78	96.7703
3491.71	96.8106
3493.64	97.1174
3495.57	97.2658
3497.5	97.0791
3499.43	96.96
3501.36	97.0949
3503.29	97.1522
3505.22	96.9937
3507.15	96.815
3509.08	96.6314
3511	96.4374
3512.93	96.4071
3514.86	96.5597
3516.79	96.7773
3518.72	96.9844
3520.65	97.0011
3522.58	96.7481
3524.51	96.5839
3526.44	96.7491
3528.37	96.8906
3530.3	96.7476
3532.23	96.5761
3534.15	96.5951
3536.08	96.7092
3538.01	96.7509
3539.94	96.6628
3541.87	96.4802
3543.8	96.2583
3545.73	96.1432
3547.66	96.3613
3549.59	96.8303
3551.52	97.1234
3553.45	97.0233
3555.37	96.8311
3557.3	96.7866
3559.23	96.699
3561.16	96.4639
3563.09	96.3749
3565.02	96.6532
3566.95	97.1122
3568.88	97.4142
3570.81	97.556
3572.74	97.6178
3574.67	97.5657
3576.6	97.4904
3578.52	97.4903
3580.45	97.4274
3582.38	97.2473
3584.31	97.2371
3586.24	97.6082
3588.17	97.9874
3590.1	97.9295
3592.03	97.8668
3593.96	98.2722
3595.89	98.8303
3597.82	98.8883
3599.74	98.5152
3601.67	98.2227
3603.6	98.2447
3605.53	98.4251
3607.46	98.5689
3609.39	98.6445
3611.32	98.706
3613.25	98.7365
3615.18	98.7992
3617.11	99.0343
3619.04	99.3318
3620.97	99.4558
3622.89	99.5018
3624.82	99.5948
3626.75	99.5848
3628.68	99.3416
3630.61	99.1075
3632.54	99.0797
3634.47	99.1616
3636.4	99.2315
3638.33	99.2138
3640.26	99.199
3642.19	99.2819
3644.11	99.3554
3646.04	99.4447
3647.97	99.9569
3649.9	100.706
3651.83	100.532
3653.76	99.7035
3655.69	99.1058
3657.62	99.0542
3659.55	99.1558
3661.48	99.2011
3663.41	99.3562
3665.33	99.4764
3667.26	99.3628
3669.19	99.3385
3671.12	99.6725
3673.05	99.8359
3674.98	99.5919
3676.91	99.4149
3678.84	99.4739
3680.77	99.4538
3682.7	99.3579
3684.63	99.4088
3686.56	99.6972
3688.48	100.027
3690.41	99.9583
3692.34	99.5451
3694.27	99.2829
3696.2	99.3508
3698.13	99.6494
3700.06	99.9449
3701.99	100.004
3703.92	99.8586
3705.85	99.7608
3707.78	99.78
3709.7	99.8635
3711.63	99.9499
3713.56	99.8916
3715.49	99.7742
3717.42	99.8722
3719.35	100.143
3721.28	100.2
3723.21	100.046
3725.14	100.125
3727.07	100.428
3729	100.544
3730.93	100.36
3732.85	100.136
3734.78	100.304
3736.71	100.674
3738.64	100.426
3740.57	99.7624
3742.5	99.4741
3744.43	99.8886
3746.36	100.178
3748.29	99.9883
3750.22	100.026
3752.15	100.369
3754.07	100.364
3756	100.088
3757.93	99.8572
3759.86	99.6846
3761.79	99.4865
3763.72	99.3386
3765.65	99.4004
3767.58	99.6905
3769.51	99.9442
3771.44	99.8912
3773.37	99.6669
3775.29	99.5901
3777.22	99.7045
3779.15	99.7991
3781.08	99.7511
3783.01	99.6557
3784.94	99.5455
3786.87	99.4411
3788.8	99.4528
3790.73	99.5241
3792.66	99.4636
3794.59	99.3222
3796.52	99.3454
3798.44	99.5305
3800.37	99.6959
3802.3	99.8094
3804.23	99.9088
3806.16	99.9831
3808.09	99.9953
3810.02	99.8783
3811.95	99.6337
3813.88	99.3436
3815.81	99.1917
3817.74	99.363
3819.66	99.7647
3821.59	100.072
3823.52	100.012
3825.45	99.7547
3827.38	99.525
3829.31	99.3897
3831.24	99.3678
3833.17	99.3663
3835.1	99.3041
3837.03	99.4067
3838.96	99.8273
3840.89	100.062
3842.81	99.824
3844.74	99.5253
3846.67	99.4634
3848.6	99.5168
3850.53	99.5476
3852.46	99.5984
3854.39	99.6997
3856.32	99.6785
3858.25	99.5191
3860.18	99.4307
3862.11	99.6177
3864.03	99.8978
3865.96	99.8514
3867.89	99.6067
3869.82	99.5295
3871.75	99.5524
3873.68	99.4791
3875.61	99.4411
3877.54	99.4948
3879.47	99.4839
3881.4	99.4089
3883.33	99.4665
3885.25	99.5644
3887.18	99.4127
3889.11	99.1589
3891.04	99.1988
3892.97	99.5027
3894.9	99.6599
3896.83	99.6113
3898.76	99.5447
3900.69	99.5209
3902.62	99.5778
3904.55	99.7019
3906.48	99.6783
3908.4	99.505
3910.33	99.4207
3912.26	99.4473
3914.19	99.4328
3916.12	99.4336
3918.05	99.5435
3919.98	99.5616
3921.91	99.4058
3923.84	99.3043
3925.77	99.3575
3927.7	99.4243
3929.62	99.4511
3931.55	99.4914
3933.48	99.524
3935.41	99.5038
3937.34	99.4191
3939.27	99.2691
3941.2	99.1664
3943.13	99.2763
3945.06	99.5143
3946.99	99.6446
3948.92	99.6106
3950.85	99.4676
3952.77	99.2872
3954.7	99.2065
3956.63	99.2637
3958.56	99.3233
3960.49	99.3813
3962.42	99.5412
3964.35	99.6411
3966.28	99.5076
3968.21	99.3411
3970.14	99.3499
3972.07	99.419
3973.99	99.4049
3975.92	99.3534
3977.85	99.3506
3979.78	99.3998
3981.71	99.4188
3983.64	99.3494
3985.57	99.2629
3987.5	99.2326
3989.43	99.2274
3991.36	99.2365
3993.29	99.2763
3995.22	99.282
3997.14	99.2283
