499.643	85.1684
501.572	86.8139
503.501	88.0799
505.43	88.0915
507.36	87.274
509.289	86.1367
511.218	85.3112
513.147	85.0938
515.076	85.1958
517.005	85.5696
518.934	86.2481
520.863	86.6377
522.792	86.4623
524.722	86.2093
526.651	86.1312
528.58	86.1483
530.509	86.4375
532.438	86.9263
534.367	87.1783
536.296	87.3514
538.225	87.925
540.155	88.6105
542.084	88.9011
544.013	88.9848
545.942	89.1454
547.871	89.3087
549.8	89.4566
551.729	89.534
553.658	89.3519
555.588	89.1105
557.517	89.1935
559.446	89.4398
561.375	89.5035
563.304	89.5057
565.233	89.6594
567.162	89.8327
569.091	89.792
571.021	89.5306
572.95	89.3377
574.879	89.4942
576.808	89.8299
578.737	89.8986
580.666	89.6557
582.595	89.4058
584.524	89.2299
586.454	88.8939
588.383	88.2234
590.312	87.3808
592.241	86.7791
594.17	86.6095
596.099	86.6242
598.028	86.6296
599.957	86.7468
601.887	86.9894
603.816	87.1734
605.745	87.4221
607.674	88.0468
609.603	88.8583
611.532	89.3567
613.461	89.5321
615.39	89.7093
617.32	89.8821
619.249	89.8271
621.178	89.6185
623.107	89.538
625.036	89.6515
626.965	89.7364
628.894	89.6367
630.823	89.4229
632.753	89.1319
634.682	88.7292
636.611	88.2916
638.54	87.8099
640.469	87.0097
642.398	85.7739
644.327	84.4088
646.256	83.2137
648.186	82.2765
650.115	81.723
652.044	81.6238
653.973	81.9098
655.902	82.4328
657.831	83.001
659.76	83.705
661.689	84.7235
663.619	85.8277
665.548	87.0255
667.477	88.7413
669.406	90.1705
671.335	90.4989
673.264	90.7875
675.193	91.3304
677.122	91.7353
679.052	91.9664
680.981	92.198
682.91	92.3068
684.839	92.3373
686.768	92.4917
688.697	92.671
690.626	92.7269
692.555	92.7316
694.485	92.749
696.414	92.7809
698.343	92.8136
700.272	92.7731
702.201	92.6744
704.13	92.6472
706.059	92.671
707.988	92.6329
709.917	92.6067
711.847	92.685
713.776	92.7672
715.705	92.81
717.634	92.904
719.563	92.946
721.492	92.7317
723.421	92.4092
725.35	92.2558
727.28	92.1827
729.209	91.9481
731.138	91.5964
733.067	91.2937
734.996	91.016
736.925	90.672
738.854	90.2411
740.783	89.6837
742.713	88.9795
744.642	88.2724
746.571	87.8051
748.5	87.7297
750.429	88.0151
752.358	88.4912
754.287	89.0018
756.216	89.5089
758.146	90.0068
760.075	90.427
762.004	90.7148
763.933	90.9231
765.862	91.1483
767.791	91.3857
769.72	91.5455
771.649	91.6299
773.579	91.7304
775.508	91.8363
777.437	91.8608
779.366	91.8311
781.295	91.8318
783.224	91.8265
785.153	91.7128
787.082	91.4886
789.012	91.2465
790.941	91.0172
792.87	90.7047
794.799	90.2206
796.728	89.5744
798.657	88.7628
800.586	87.7231
802.515	86.416
804.445	84.73
806.374	82.3809
808.303	79.2731
810.232	75.9872
812.161	73.6074
814.09	72.9677
816.019	74.1406
817.948	76.5168
819.878	79.2406
821.807	81.6582
823.736	83.508
825.665	84.8234
827.594	85.7425
829.523	86.3831
831.452	86.7969
833.381	86.9855
835.311	86.9518
837.24	86.7249
839.169	86.3313
841.098	85.7771
843.027	85.1109
844.956	84.4899
846.885	84.0973
848.814	83.9877
850.744	84.0773
852.673	84.2607
854.602	84.4747
856.531	84.695
858.46	84.9157
860.389	85.1118
862.318	85.251
864.247	85.3321
866.177	85.3385
868.106	85.2129
870.035	84.9324
871.964	84.5164
873.893	83.9753
875.822	83.3503
877.751	82.7388
879.68	82.2391
881.609	81.9399
883.539	81.8951
885.468	82.0437
887.397	82.2441
889.326	82.3975
891.255	82.4842
893.184	82.544
895.113	82.6497
897.042	82.862
898.972	83.2443
900.901	83.8721
902.83	84.7332
904.759	85.6953
906.688	86.6157
908.617	87.3826
910.546	87.9031
912.475	88.1597
914.405	88.1888
916.334	87.9773
918.263	87.4773
920.192	86.6796
922.121	85.5951
924.05	84.1957
925.979	82.3807
927.908	80.0319
929.838	77.1756
931.767	74.0309
933.696	70.8748
935.625	68.0014
937.554	65.7593
939.483	64.4035
941.412	63.9217
943.341	64.1138
945.271	64.7757
947.2	65.7694
949.129	67.0113
951.058	68.4492
952.987	70.0241
954.916	71.6481
956.845	73.2248
958.774	74.6998
960.704	76.117
962.633	77.6178
964.562	79.3296
966.491	81.2438
968.42	83.2232
970.349	85.0874
972.278	86.6658
974.207	87.8656
976.137	88.7284
978.066	89.3354
979.995	89.6641
981.924	89.6465
983.853	89.3156
985.782	88.7883
987.711	88.1873
989.64	87.6517
991.57	87.2879
993.499	87.0042
995.428	86.4975
997.357	85.4941
999.286	83.9858
1001.22	82.2623
1003.14	80.7623
1005.07	79.8033
1007	79.3933
1008.93	79.3913
1010.86	79.7775
1012.79	80.5324
1014.72	81.342
1016.65	81.7471
1018.58	81.5313
1020.51	80.7144
1022.44	79.3249
1024.36	77.4837
1026.29	75.5918
1028.22	74.1201
1030.15	73.1834
1032.08	72.4899
1034.01	71.7353
1035.94	70.896
1037.87	70.1188
1039.8	69.511
1041.73	69.1235
1043.66	69.0277
1045.58	69.3002
1047.51	69.9288
1049.44	70.7719
1051.37	71.62
1053.3	72.3007
1055.23	72.7773
1057.16	73.1734
1059.09	73.6232
1061.02	74.0734
1062.95	74.3051
1064.88	74.1499
1066.81	73.6726
1068.73	73.1888
1070.66	73.0683
1072.59	73.4535
1074.52	74.2165
1076.45	75.1581
1078.38	76.118
1080.31	76.9489
1082.24	77.5423
1084.17	77.8538
1086.1	77.8539
1088.03	77.5363
1089.95	76.9437
1091.88	76.0973
1093.81	74.9878
1095.74	73.6801
1097.67	72.2759
1099.6	70.7763
1101.53	69.1408
1103.46	67.419
1105.39	65.6796
1107.32	63.913
1109.25	62.1136
1111.18	60.348
1113.1	58.6784
1115.03	57.1027
1116.96	55.5895
1118.89	54.1318
1120.82	52.7531
1122.75	51.4547
1124.68	50.1804
1126.61	48.8565
1128.54	47.4227
1130.47	45.8107
1132.4	43.9771
1134.32	41.9811
1136.25	39.9701
1138.18	38.0882
1140.11	36.4519
1142.04	35.1861
1143.97	34.391
1145.9	34.0792
1147.83	34.219
1149.76	34.8155
1151.69	35.8674
1153.62	37.2894
1155.55	38.9493
1157.47	40.756
1159.4	42.6665
1161.33	44.6291
1163.26	46.5676
1165.19	48.421
1167.12	50.1496
1169.05	51.7222
1170.98	53.1701
1172.91	54.5966
1174.84	56.0693
1176.77	57.5926
1178.69	59.1987
1180.62	60.9241
1182.55	62.7228
1184.48	64.5387
1186.41	66.4041
1188.34	68.3647
1190.27	70.3879
1192.2	72.4239
1194.13	74.4945
1196.06	76.6437
1197.99	78.839
1199.91	80.9904
1201.84	83.0179
1203.77	84.826
1205.7	86.3107
1207.63	87.4703
1209.56	88.4068
1211.49	89.2626
1213.42	90.1894
1215.35	91.0751
1217.28	91.3713
1219.21	90.7883
1221.14	89.9298
1223.06	89.508
1224.99	89.4522
1226.92	89.2715
1228.85	88.7623
1230.78	87.9706
1232.71	86.941
1234.64	85.7802
1236.57	84.643
1238.5	83.6159
1240.43	82.7623
1242.36	82.1665
1244.28	81.8551
1246.21	81.7872
1248.14	81.9383
1250.07	82.3008
1252	82.7978
1253.93	83.278
1255.86	83.6221
1257.79	83.7921
1259.72	83.7754
1261.65	83.5791
1263.58	83.2714
1265.51	82.9487
1267.43	82.6736
1269.36	82.4524
1271.29	82.2422
1273.22	82.0036
1275.15	81.7401
1277.08	81.44
1279.01	81.0073
1280.94	80.2652
1282.87	78.9911
1284.8	76.9428
1286.73	73.9457
1288.65	70.1606
1290.58	66.3208
1292.51	63.4883
1294.44	62.4981
1296.37	63.5701
1298.3	66.2148
1300.23	69.5052
1302.16	72.5727
1304.09	74.8912
1306.02	76.212
1307.95	76.461
1309.87	75.7884
1311.8	74.6166
1313.73	73.5142
1315.66	72.817
1317.59	72.4883
1319.52	72.5469
1321.45	73.2281
1323.38	74.5976
1325.31	76.4674
1327.24	78.5815
1329.17	80.7296
1331.1	82.8163
1333.02	84.7137
1334.95	86.2139
1336.88	87.2815
1338.81	88.0765
1340.74	88.7436
1342.67	89.3788
1344.6	90.1179
1346.53	91.0449
1348.46	92.0365
1350.39	92.8381
1352.32	93.3396
1354.24	93.5958
1356.17	93.6473
1358.1	93.5103
1360.03	93.2236
1361.96	92.739
1363.89	91.9173
1365.82	90.842
1367.75	89.9577
1369.68	89.7321
1371.61	89.9923
1373.54	89.9367
1375.47	89.1732
1377.39	88.2824
1379.32	87.8384
1381.25	87.8555
1383.18	88.0742
1385.11	88.2547
1387.04	88.2964
1388.97	88.2281
1390.9	88.1423
1392.83	88.0471
1394.76	87.8669
1396.69	87.5153
1398.61	87.002
1400.54	86.5334
1402.47	86.4074
1404.4	86.7892
1406.33	87.5368
1408.26	88.2788
1410.19	88.9019
1412.12	89.4388
1414.05	89.8193
1415.98	90.0713
1417.91	90.2601
1419.83	90.3215
1421.76	90.2139
1423.69	89.9431
1425.62	89.5505
1427.55	89.0686
1429.48	88.3098
1431.41	87.2331
1433.34	86.1681
1435.27	85.1274
1437.2	83.9421
1439.13	82.9425
1441.06	82.2655
1442.98	81.6571
1444.91	80.9916
1446.84	80.1935
1448.77	79.1838
1450.7	78.3013
1452.63	78.0227
1454.56	78.4561
1456.49	79.8055
1458.42	81.6282
1460.35	82.7893
1462.28	83.6854
1464.2	84.8286
1466.13	85.9989
1468.06	86.8422
1469.99	87.6293
1471.92	88.5293
1473.85	89.1546
1475.78	89.3735
1477.71	89.5694
1479.64	89.8492
1481.57	90.2021
1483.5	90.6435
1485.43	91.1658
1487.35	91.8126
1489.28	92.5945
1491.21	93.2604
1493.14	93.7614
1495.07	94.3479
1497	95.0865
1498.93	95.6695
1500.86	95.9398
1502.79	96.12
1504.72	96.4082
1506.65	96.8479
1508.57	97.0054
1510.5	96.8548
1512.43	96.7959
1514.36	96.9263
1516.29	97.1121
1518.22	97.2118
1520.15	97.2716
1522.08	97.3391
1524.01	97.3786
1525.94	97.3581
1527.87	97.2548
1529.8	97.1407
1531.72	97.1417
1533.65	97.2431
1535.58	97.2804
1537.51	97.3242
1539.44	97.5846
1541.37	97.8209
1543.3	97.6047
1545.23	97.2992
1547.16	97.1535
1549.09	97.1433
1551.02	97.1725
1552.94	97.1788
1554.87	97.2114
1556.8	97.3896
1558.73	97.6255
1560.66	97.5028
1562.59	97.2128
1564.52	97.0086
1566.45	96.9335
1568.38	96.947
1570.31	96.9046
1572.24	96.8189
1574.16	96.8311
1576.09	96.8943
1578.02	96.8123
1579.95	96.6568
1581.88	96.5541
1583.81	96.48
1585.74	96.3997
1587.67	96.3185
1589.6	96.2586
1591.53	96.2474
1593.46	96.2564
1595.39	96.2126
1597.31	96.11
1599.24	96.0084
1601.17	95.9295
1603.1	95.8419
1605.03	95.7367
1606.96	95.6503
1608.89	95.5425
1610.82	95.3267
1612.75	95.0971
1614.68	94.9312
1616.61	94.625
1618.53	94.1007
1620.46	93.5631
1622.39	92.8726
1624.32	91.9362
1626.25	90.9681
1628.18	89.83
1630.11	88.4881
1632.04	87.3622
1633.97	86.4137
1635.9	85.1915
1637.83	84.4598
1639.76	85.3711
1641.68	87.4777
1643.61	89.8702
1645.54	92.1507
1647.47	93.9014
1649.4	94.6072
1651.33	94.8691
1653.26	95.308
1655.19	95.4843
1657.12	95.281
1659.05	95.1649
1660.98	95.1851
1662.9	95.1107
1664.83	94.8636
1666.76	94.6665
1668.69	94.6
1670.62	94.4378
1672.55	94.0958
1674.48	93.6919
1676.41	93.1351
1678.34	92.5393
1680.27	92.1051
1682.2	91.6724
1684.12	91.0597
1686.05	90.348
1687.98	89.3813
1689.91	88.1207
1691.84	86.7421
1693.77	85.0742
1695.7	82.9527
1697.63	80.5238
1699.56	77.2558
1701.49	73.1957
1703.42	69.5996
1705.35	66.095
1707.27	61.9813
1709.2	58.1655
1711.13	55.2288
1713.06	52.7938
1714.99	51.1557
1716.92	50.6008
1718.85	50.4586
1720.78	51.1495
1722.71	53.1992
1724.64	56.2587
1726.57	60.0823
1728.49	64.3875
1730.42	68.6998
1732.35	73.2618
1734.28	78.339
1736.21	82.4491
1738.14	85.2101
1740.07	87.7107
1742	90.214
1743.93	92.2532
1745.86	94.0276
1747.79	95.8571
1749.72	97.4748
1751.64	98.6124
1753.57	99.3335
1755.5	99.7239
1757.43	99.9818
1759.36	100.19
1761.29	100.181
1763.22	99.956
1765.15	99.6271
1767.08	99.2531
1769.01	99.0316
1770.94	99.0591
1772.86	98.9912
1774.79	98.6784
1776.72	98.42
1778.65	98.3356
1780.58	98.317
1782.51	98.2167
1784.44	98.0689
1786.37	98.0544
1788.3	98.1765
1790.23	98.2856
1792.16	98.2958
1794.08	98.1792
1796.01	98.0247
1797.94	97.973
1799.87	98.0424
1801.8	98.1093
1803.73	98.0888
1805.66	97.9926
1807.59	97.896
1809.52	97.8918
1811.45	97.9215
1813.38	97.8951
1815.31	97.9071
1817.23	97.9896
1819.16	98.0232
1821.09	98.0225
1823.02	98.0684
1824.95	98.0891
1826.88	98.0371
1828.81	98.0052
1830.74	98.0281
1832.67	98.0482
1834.6	98.0672
1836.53	98.1399
1838.45	98.2257
1840.38	98.2137
1842.31	98.1607
1844.24	98.2222
1846.17	98.297
1848.1	98.239
1850.03	98.2176
1851.96	98.3286
1853.89	98.4028
1855.82	98.3832
1857.75	98.4194
1859.68	98.5184
1861.6	98.544
1863.53	98.5093
1865.46	98.5441
1867.39	98.6612
1869.32	98.7092
1871.25	98.6021
1873.18	98.489
1875.11	98.5259
1877.04	98.6622
1878.97	98.6851
1880.9	98.5683
1882.82	98.5245
1884.75	98.6393
1886.68	98.7766
1888.61	98.8224
1890.54	98.7638
1892.47	98.6901
1894.4	98.7346
1896.33	98.8786
1898.26	98.9774
1900.19	99.0135
1902.12	99.0229
1904.05	98.9772
1905.97	98.9693
1907.9	99.1211
1909.83	99.2796
1911.76	99.2177
1913.69	99.0266
1915.62	98.9375
1917.55	99.0332
1919.48	99.2125
1921.41	99.3218
1923.34	99.3001
1925.27	99.2094
1927.19	99.1971
1929.12	99.3389
1931.05	99.5417
1932.98	99.6726
1934.91	99.6851
1936.84	99.5718
1938.77	99.4221
1940.7	99.3989
1942.63	99.4417
1944.56	99.3396
1946.49	99.2068
1948.41	99.2898
1950.34	99.5203
1952.27	99.6755
1954.2	99.6826
1956.13	99.5887
1958.06	99.479
1959.99	99.4065
1961.92	99.3303
1963.85	99.2862
1965.78	99.4711
1967.71	99.893
1969.64	100.204
1971.56	100.227
1973.49	100.182
1975.42	100.21
1977.35	100.229
1979.28	100.255
1981.21	100.329
1983.14	100.346
1985.07	100.304
1987	100.255
1988.93	100.055
1990.86	99.7658
1992.78	99.7812
1994.71	100.061
1996.64	100.158
1998.57	100.057
2000.5	100.028
2002.43	100.033
2004.36	99.9929
2006.29	100.068
2008.22	100.231
2010.15	100.217
2012.08	100.069
2014.01	100.083
2015.93	100.25
2017.86	100.34
2019.79	100.36
2021.72	100.44
2023.65	100.519
2025.58	100.511
2027.51	100.456
2029.44	100.342
2031.37	100.155
2033.3	100.035
2035.23	100.106
2037.15	100.26
2039.08	100.261
2041.01	100.033
2042.94	99.7921
2044.87	99.7834
2046.8	99.9793
2048.73	100.221
2050.66	100.399
2052.59	100.398
2054.52	100.203
2056.45	100.015
2058.37	99.9456
2060.3	99.884
2062.23	99.8378
2064.16	99.951
2066.09	100.118
2068.02	100.1
2069.95	99.9904
2071.88	100.063
2073.81	100.256
2075.74	100.286
2077.67	100.163
2079.6	100.138
2081.52	100.207
2083.45	100.1
2085.38	99.7712
2087.31	99.5128
2089.24	99.5049
2091.17	99.5976
2093.1	99.6562
2095.03	99.7755
2096.96	99.9513
2098.89	99.9569
2100.82	99.766
2102.74	99.6266
2104.67	99.6288
2106.6	99.6515
2108.53	99.6538
2110.46	99.6613
2112.39	99.6627
2114.32	99.6972
2116.25	99.8
2118.18	99.8956
2120.11	99.9353
2122.04	99.9593
2123.97	99.9453
2125.89	99.8565
2127.82	99.8025
2129.75	99.884
2131.68	99.9879
2133.61	99.9728
2135.54	99.9192
2137.47	99.9799
2139.4	100.128
2141.33	100.244
2143.26	100.291
2145.19	100.279
2147.11	100.219
2149.04	100.185
2150.97	100.264
2152.9	100.43
2154.83	100.558
2156.76	100.562
2158.69	100.509
2160.62	100.526
2162.55	100.57
2164.48	100.503
2166.41	100.38
2168.33	100.417
2170.26	100.606
2172.19	100.649
2174.12	100.435
2176.05	100.245
2177.98	100.247
2179.91	100.257
2181.84	100.268
2183.77	100.467
2185.7	100.638
2187.63	100.483
2189.56	100.281
2191.48	100.309
2193.41	100.311
2195.34	100.18
2197.27	100.2
2199.2	100.39
2201.13	100.476
2203.06	100.385
2204.99	100.253
2206.92	100.191
2208.85	100.188
2210.78	100.129
2212.7	100.031
2214.63	100.085
2216.56	100.291
2218.49	100.407
2220.42	100.365
2222.35	100.328
2224.28	100.369
2226.21	100.445
2228.14	100.543
2230.07	100.627
2232	100.634
2233.93	100.609
2235.85	100.579
2237.78	100.452
2239.71	100.29
2241.64	100.284
2243.57	100.339
2245.5	100.273
2247.43	100.233
2249.36	100.312
2251.29	100.295
2253.22	100.211
2255.15	100.308
2257.07	100.435
2259	100.283
2260.93	99.9928
2262.86	99.9193
2264.79	100.163
2266.72	100.543
2268.65	100.794
2270.58	100.793
2272.51	100.646
2274.44	100.529
2276.37	100.528
2278.29	100.542
2280.22	100.399
2282.15	100.207
2284.08	100.217
2286.01	100.299
2287.94	100.193
2289.87	100.086
2291.8	100.24
2293.73	100.46
2295.66	100.487
2297.59	100.446
2299.52	100.528
2301.44	100.69
2303.37	100.79
2305.3	100.797
2307.23	100.842
2309.16	101.069
2311.09	101.403
2313.02	101.665
2314.95	101.835
2316.88	102.02
2318.81	102.332
2320.74	102.781
2322.66	103.111
2324.59	103.12
2326.52	103.096
2328.45	103.394
2330.38	103.86
2332.31	104.041
2334.24	103.918
2336.17	103.883
2338.1	104.144
2340.03	104.507
2341.96	104.672
2343.89	104.371
2345.81	103.574
2347.74	102.899
2349.67	102.86
2351.6	103.432
2353.53	104.163
2355.46	104.676
2357.39	105.327
2359.32	106.116
2361.25	106.335
2363.18	105.965
2365.11	105.428
2367.03	104.832
2368.96	104.202
2370.89	103.513
2372.82	102.712
2374.75	101.884
2376.68	101.183
2378.61	100.657
2380.54	100.182
2382.47	99.6681
2384.4	99.2333
2386.33	98.998
2388.26	98.8685
2390.18	98.7648
2392.11	98.7795
2394.04	98.8899
2395.97	98.9183
2397.9	98.8779
2399.83	98.8933
2401.76	98.8807
2403.69	98.7447
2405.62	98.6333
2407.55	98.6687
2409.48	98.7497
2411.4	98.8088
2413.33	98.9051
2415.26	98.9797
2417.19	98.8925
2419.12	98.7425
2421.05	98.7602
2422.98	98.8836
2424.91	98.8705
2426.84	98.7717
2428.77	98.8001
2430.7	98.8695
2432.62	98.8003
2434.55	98.7468
2436.48	98.8752
2438.41	98.9741
2440.34	98.871
2442.27	98.7872
2444.2	98.914
2446.13	99.098
2448.06	99.135
2449.99	99.0284
2451.92	98.9221
2453.85	98.9305
2455.77	98.9979
2457.7	98.981
2459.63	98.8881
2461.56	98.8426
2463.49	98.8713
2465.42	98.9245
2467.35	98.9779
2469.28	99.0226
2471.21	99.0606
2473.14	99.0938
2475.07	99.1241
2476.99	99.2022
2478.92	99.3064
2480.85	99.2386
2482.78	98.965
2484.71	98.8153
2486.64	98.9644
2488.57	99.131
2490.5	99.0987
2492.43	99.0282
2494.36	99.0519
2496.29	99.059
2498.22	98.9776
2500.14	98.9161
2502.07	98.9928
2504	99.1642
2505.93	99.2514
2507.86	99.1843
2509.79	99.116
2511.72	99.1564
2513.65	99.1997
2515.58	99.1669
2517.51	99.1349
2519.44	99.133
2521.36	99.0957
2523.29	99.0391
2525.22	99.0546
2527.15	99.1353
2529.08	99.1593
2531.01	99.0818
2532.94	99.0395
2534.87	99.1422
2536.8	99.2779
2538.73	99.3146
2540.66	99.2968
2542.58	99.241
2544.51	99.0818
2546.44	98.9525
2548.37	99.0595
2550.3	99.2725
2552.23	99.3281
2554.16	99.276
2556.09	99.2836
2558.02	99.3083
2559.95	99.2705
2561.88	99.219
2563.81	99.1752
2565.73	99.0886
2567.66	98.9777
2569.59	98.9463
2571.52	99.0356
2573.45	99.1406
2575.38	99.1572
2577.31	99.1509
2579.24	99.2347
2581.17	99.3961
2583.1	99.56
2585.03	99.6522
2586.95	99.6103
2588.88	99.4882
2590.81	99.4018
2592.74	99.3567
2594.67	99.3403
2596.6	99.4013
2598.53	99.4785
2600.46	99.4363
2602.39	99.2806
2604.32	99.1165
2606.25	99.04
2608.18	99.0995
2610.1	99.1739
2612.03	99.0866
2613.96	98.9261
2615.89	98.8912
2617.82	98.9071
2619.75	98.8132
2621.68	98.7206
2623.61	98.7888
2625.54	98.8959
2627.47	98.8576
2629.4	98.7494
2631.32	98.729
2633.25	98.7564
2635.18	98.7487
2637.11	98.779
2639.04	98.8895
2640.97	98.9518
2642.9	98.8927
2644.83	98.8157
2646.76	98.7973
2648.69	98.7805
2650.62	98.7222
2652.54	98.6837
2654.47	98.7196
2656.4	98.7719
2658.33	98.7426
2660.26	98.6307
2662.19	98.5275
2664.12	98.4951
2666.05	98.5113
2667.98	98.5332
2669.91	98.5565
2671.84	98.5775
2673.77	98.5597
2675.69	98.5029
2677.62	98.457
2679.55	98.4173
2681.48	98.3489
2683.41	98.3163
2685.34	98.3817
2687.27	98.4479
2689.2	98.4234
2691.13	98.3818
2693.06	98.3874
2694.99	98.3964
2696.91	98.4043
2698.84	98.4386
2700.77	98.45
2702.7	98.408
2704.63	98.3606
2706.56	98.3072
2708.49	98.2222
2710.42	98.1692
2712.35	98.1953
2714.28	98.2325
2716.21	98.2254
2718.14	98.2006
2720.06	98.1926
2721.99	98.2149
2723.92	98.2357
2725.85	98.1914
2727.78	98.1208
2729.71	98.1329
2731.64	98.1819
2733.57	98.1492
2735.5	98.1041
2737.43	98.1539
2739.36	98.1962
2741.28	98.1182
2743.21	98.006
2745.14	97.9662
2747.07	97.9891
2749	98.0387
2750.93	98.07
2752.86	98.034
2754.79	97.9881
2756.72	98.0465
2758.65	98.1815
2760.58	98.2593
2762.51	98.2491
2764.43	98.2185
2766.36	98.1796
2768.29	98.0928
2770.22	97.9748
2772.15	97.9014
2774.08	97.9158
2776.01	97.9722
2777.94	97.9978
2779.87	97.9913
2781.8	97.9658
2783.73	97.867
2785.65	97.7199
2787.58	97.6955
2789.51	97.8344
2791.44	97.9612
2793.37	97.9905
2795.3	97.9801
2797.23	97.9205
2799.16	97.8194
2801.09	97.7916
2803.02	97.8212
2804.95	97.7584
2806.87	97.6288
2808.8	97.5814
2810.73	97.602
2812.66	97.5765
2814.59	97.4994
2816.52	97.4176
2818.45	97.3095
2820.38	97.1678
2822.31	97.0855
2824.24	97.1234
2826.17	97.1833
2828.1	97.1253
2830.02	96.9233
2831.95	96.6562
2833.88	96.4322
2835.81	96.2956
2837.74	96.1903
2839.67	96.0913
2841.6	96.0387
2843.53	95.9693
2845.46	95.7824
2847.39	95.5564
2849.32	95.3968
2851.24	95.2235
2853.17	94.9381
2855.1	94.5587
2857.03	94.1057
2858.96	93.5768
2860.89	93.0108
2862.82	92.5001
2864.75	92.1417
2866.68	91.9209
2868.61	91.7253
2870.54	91.513
2872.47	91.3266
2874.39	91.2313
2876.32	91.3299
2878.25	91.6064
2880.18	91.8537
2882.11	92.0161
2884.04	92.2271
2885.97	92.411
2887.9	92.434
2889.83	92.4774
2891.76	92.6611
2893.69	92.7625
2895.61	92.7089
2897.54	92.6975
2899.47	92.7197
2901.4	92.6235
2903.33	92.4919
2905.26	92.4669
2907.19	92.4857
2909.12	92.4296
2911.05	92.2669
2912.98	92.0188
2914.91	91.7508
2916.83	91.5164
2918.76	91.2662
2920.69	90.9108
2922.62	90.4333
2924.55	89.8689
2926.48	89.2601
2928.41	88.6959
2930.34	88.3209
2932.27	88.2138
2934.2	88.2791
2936.13	88.3914
2938.06	88.6064
2939.98	88.9898
2941.91	89.3303
2943.84	89.3633
2945.77	89.1302
2947.7	88.7904
2949.63	88.3572
2951.56	87.85
2953.49	87.3405
2955.42	86.8193
2957.35	86.3859
2959.28	86.3033
2961.2	86.5969
2963.13	87.1277
2965.06	88.0426
2966.99	89.4198
2968.92	90.7501
2970.85	91.5305
2972.78	91.923
2974.71	92.2365
2976.64	92.4469
2978.57	92.5491
2980.5	92.6986
2982.43	92.9429
2984.35	93.2525
2986.28	93.5994
2988.21	93.8518
2990.14	94.0023
2992.07	94.3434
2994	94.9424
2995.93	95.3939
2997.86	95.5167
2999.79	95.6402
3001.72	95.952
3003.65	96.2822
3005.57	96.5292
3007.5	96.7598
3009.43	97.0255
3011.36	97.3112
3013.29	97.5174
3015.22	97.5885
3017.15	97.6644
3019.08	97.8235
3021.01	97.9363
3022.94	98.011
3024.87	98.1849
3026.79	98.3783
3028.72	98.5043
3030.65	98.6627
3032.58	98.7785
3034.51	98.6729
3036.44	98.5169
3038.37	98.538
3040.3	98.5986
3042.23	98.5812
3044.16	98.6122
3046.09	98.6722
3048.02	98.6509
3049.94	98.6695
3051.87	98.7992
3053.8	98.8558
3055.73	98.7877
3057.66	98.7282
3059.59	98.6605
3061.52	98.5633
3063.45	98.6171
3065.38	98.8449
3067.31	98.9808
3069.24	98.9173
3071.16	98.8212
3073.09	98.7867
3075.02	98.7493
3076.95	98.6501
3078.88	98.5228
3080.81	98.4897
3082.74	98.6062
3084.67	98.7329
3086.6	98.7648
3088.53	98.7986
3090.46	98.8738
3092.39	98.866
3094.31	98.744
3096.24	98.6148
3098.17	98.5325
3100.1	98.4696
3102.03	98.3888
3103.96	98.3042
3105.89	98.3059
3107.82	98.3906
3109.75	98.4151
3111.68	98.4158
3113.61	98.5942
3115.53	98.8411
3117.46	98.844
3119.39	98.6793
3121.32	98.6485
3123.25	98.7051
3125.18	98.6415
3127.11	98.5366
3129.04	98.5444
3130.97	98.6133
3132.9	98.6887
3134.83	98.7815
3136.75	98.7936
3138.68	98.6916
3140.61	98.6479
3142.54	98.6849
3144.47	98.6244
3146.4	98.5365
3148.33	98.5798
3150.26	98.5524
3152.19	98.3182
3154.12	98.1888
3156.05	98.3383
3157.98	98.5249
3159.9	98.5807
3161.83	98.5429
3163.76	98.485
3165.69	98.5627
3167.62	98.7808
3169.55	98.8379
3171.48	98.6455
3173.41	98.4735
3175.34	98.3884
3177.27	98.2649
3179.2	98.1915
3181.12	98.2682
3183.05	98.4024
3184.98	98.5465
3186.91	98.6689
3188.84	98.6486
3190.77	98.5378
3192.7	98.5103
3194.63	98.4892
3196.56	98.3223
3198.49	98.1233
3200.42	98.0429
3202.35	98.0642
3204.27	98.1823
3206.2	98.3895
3208.13	98.5169
3210.06	98.4142
3211.99	98.1877
3213.92	98.0737
3215.85	98.1549
3217.78	98.293
3219.71	98.325
3221.64	98.2331
3223.57	98.0854
3225.49	97.9495
3227.42	97.8984
3229.35	97.9421
3231.28	97.9843
3233.21	97.9815
3235.14	97.9954
3237.07	98.028
3239	98.0216
3240.93	98.0048
3242.86	98.0136
3244.79	97.9932
3246.72	97.9562
3248.64	98.0038
3250.57	98.0757
3252.5	97.9982
3254.43	97.8166
3256.36	97.7305
3258.29	97.7644
3260.22	97.8147
3262.15	97.8553
3264.08	97.8976
3266.01	97.9487
3267.94	98.0185
3269.86	98.0143
3271.79	97.8232
3273.72	97.5632
3275.65	97.4527
3277.58	97.5081
3279.51	97.6555
3281.44	97.8792
3283.37	98.054
3285.3	98.0208
3287.23	97.8901
3289.16	97.8665
3291.08	97.9004
3293.01	97.8657
3294.94	97.7967
3296.87	97.7272
3298.8	97.6429
3300.73	97.6093
3302.66	97.6229
3304.59	97.5344
3306.52	97.3377
3308.45	97.223
3310.38	97.2783
3312.31	97.4123
3314.23	97.5051
3316.16	97.5025
3318.09	97.4408
3320.02	97.3567
3321.95	97.2239
3323.88	97.0993
3325.81	97.1098
3327.74	97.2099
3329.67	97.2625
3331.6	97.2684
3333.53	97.2317
3335.45	97.1037
3337.38	97.0005
3339.31	97.0324
3341.24	97.0419
3343.17	96.9525
3345.1	96.9769
3347.03	97.1211
3348.96	97.118
3350.89	97.0293
3352.82	97.1282
3354.75	97.297
3356.68	97.2414
3358.6	97.0348
3360.53	96.9238
3362.46	96.8988
3364.39	96.8105
3366.32	96.6792
3368.25	96.6493
3370.18	96.7479
3372.11	96.8606
3374.04	96.9032
3375.97	96.9161
3377.9	96.991
3379.82	97.109
3381.75	97.1218
3383.68	97.0028
3385.61	96.9289
3387.54	96.9449
3389.47	96.8968
3391.4	96.777
3393.33	96.6867
3395.26	96.5813
3397.19	96.4739
3399.12	96.543
3401.04	96.74
3402.97	96.7661
3404.9	96.5786
3406.83	96.4533
3408.76	96.5305
3410.69	96.6952
3412.62	96.8449
3414.55	96.9371
3416.48	96.8669
3418.41	96.6253
3420.34	96.4309
3422.27	96.3922
3424.19	96.3598
3426.12	96.3525
3428.05	96.5182
3429.98	96.6938
3431.91	96.6673
3433.84	96.5404
3435.77	96.4269
3437.7	96.3869
3439.63	96.5866
3441.56	96.9274
3443.49	97.0438
3445.41	96.9569
3447.34	96.9727
3449.27	97.0689
3451.2	97.0535
3453.13	96.9439
3455.06	96.8263
3456.99	96.7508
3458.92	96.7505
3460.85	96.7736
3462.78	96.7783
3464.71	96.8684
3466.64	97.097
3468.56	97.2814
3470.49	97.2767
3472.42	97.231
3474.35	97.2409
3476.28	97.0815
3478.21	96.7168
3480.14	96.5499
3482.07	96.7632
3484	97.0354
3485.93	97.1395
3487.86	97.1164
3489.78	96.9904
3491.71	96.8952
3493.64	97.0131
3495.57	97.2058
3497.5	97.2396
3499.43	97.2061
3501.36	97.2338
3503.29	97.2141
3505.22	97.0414
3507.15	96.7007
3509.08	96.2374
3511	95.9365
3512.93	96.0271
3514.86	96.2903
3516.79	96.5296
3518.72	96.8245
3520.65	97.0481
3522.58	96.9642
3524.51	96.8198
3526.44	96.89
3528.37	96.8636
3530.3	96.5798
3532.23	96.4441
3534.15	96.5968
3536.08	96.715
3538.01	96.64
3539.94	96.4934
3541.87	96.3224
3543.8	96.1155
3545.73	95.9987
3547.66	96.1595
3549.59	96.595
3551.52	97.0519
3553.45	97.1643
3555.37	96.8511
3557.3	96.474
3559.23	96.351
3561.16	96.4209
3563.09	96.4632
3565.02	96.5331
3566.95	96.8286
3568.88	97.1824
3570.81	97.303
3572.74	97.2423
3574.67	97.135
3576.6	97.1042
3578.52	97.1868
3580.45	97.2369
3582.38	97.2158
3584.31	97.3657
3586.24	97.7601
3588.17	98.0027
3590.1	97.9212
3592.03	97.9319
3593.96	98.2093
3595.89	98.5274
3597.82	98.6105
3599.74	98.4221
3601.67	98.1729
3603.6	98.1779
3605.53	98.4573
3607.46	98.7394
3609.39	98.8344
3611.32	98.838
3613.25	98.9182
3615.18	99.1072
3617.11	99.2528
3619.04	99.189
3620.97	99.0788
3622.89	99.1813
3624.82	99.3859
3626.75	99.5343
3628.68	99.6002
3630.61	99.5692
3632.54	99.5022
3634.47	99.4824
3636.4	99.4366
3638.33	99.2899
3640.26	99.1598
3642.19	99.0932
3644.11	98.9588
3646.04	98.8777
3647.97	99.3412
3649.9	100.157
3651.83	100.105
3653.76	99.4491
3655.69	99.0576
3657.62	99.0904
3659.55	99.0524
3661.48	98.9074
3663.41	99.0491
3665.33	99.3629
3667.26	99.4992
3669.19	99.6309
3671.12	99.9145
3673.05	99.8757
3674.98	99.4281
3676.91	99.1686
3678.84	99.2574
3680.77	99.2933
3682.7	99.2701
3684.63	99.4156
3686.56	99.8055
3688.48	100.161
3690.41	99.9367
3692.34	99.4103
3694.27	99.2954
3696.2	99.5555
3698.13	99.781
3700.06	99.8534
3701.99	99.8821
3703.92	99.82
3705.85	99.6718
3707.78	99.6348
3709.7	99.7982
3711.63	99.9042
3713.56	99.6917
3715.49	99.4783
3717.42	99.604
3719.35	99.9133
3721.28	99.9081
3723.21	99.6051
3725.14	99.6149
3727.07	100.028
3729	100.294
3730.93	100.189
3732.85	100.057
3734.78	100.407
3736.71	100.917
3738.64	100.68
3740.57	99.9678
3742.5	99.5479
3744.43	99.7308
3746.36	99.9145
3748.29	99.7665
3750.22	99.6915
3752.15	99.776
3754.07	99.8106
3756	99.8565
3757.93	99.9377
3759.86	99.8836
3761.79	99.6326
3763.72	99.328
3765.65	99.1959
3767.58	99.4337
3769.51	99.8236
3771.44	99.8836
3773.37	99.6435
3775.29	99.5168
3777.22	99.5898
3779.15	99.6588
3781.08	99.6721
3783.01	99.7114
3784.94	99.6617
3786.87	99.4692
3788.8	99.3733
3790.73	99.4616
3792.66	99.4954
3794.59	99.3893
3796.52	99.4065
3798.44	99.6851
3800.37	99.9623
3802.3	99.9516
3804.23	99.8138
3806.16	99.8088
3808.09	99.8106
3810.02	99.6115
3811.95	99.3408
3813.88	99.1759
3815.81	99.1642
3817.74	99.3204
3819.66	99.6275
3821.59	99.8558
3823.52	99.7543
3825.45	99.502
3827.38	99.2976
3829.31	99.2195
3831.24	99.3574
3833.17	99.5482
3835.1	99.4955
3837.03	99.4303
3838.96	99.7911
3840.89	100.101
3842.81	99.8146
3844.74	99.3629
3846.67	99.2716
3848.6	99.4687
3850.53	99.6856
3852.46	99.8695
3854.39	100.052
3856.32	100.041
3858.25	99.7717
3860.18	99.4864
3862.11	99.5152
3864.03	99.8101
3865.96	99.9145
3867.89	99.7851
3869.82	99.6646
3871.75	99.5494
3873.68	99.4315
3875.61	99.427
3877.54	99.468
3879.47	99.4228
3881.4	99.3512
3883.33	99.3593
3885.25	99.3609
3887.18	99.2723
3889.11	99.2201
3891.04	99.3396
3892.97	99.5376
3894.9	99.6206
3896.83	99.6186
3898.76	99.6136
3900.69	99.5751
3902.62	99.554
3904.55	99.6203
3906.48	99.6196
3908.4	99.5065
3910.33	99.4379
3912.26	99.431
3914.19	99.3923
3916.12	99.3853
3918.05	99.4594
3919.98	99.4425
3921.91	99.3328
3923.84	99.3252
3925.77	99.3649
3927.7	99.2898
3929.62	99.2489
3931.55	99.3937
3933.48	99.5104
3935.41	99.4252
3937.34	99.2841
3939.27	99.1857
3941.2	99.1187
3943.13	99.1297
3945.06	99.2428
3946.99	99.4018
3948.92	99.5122
3950.85	99.4241
3952.77	99.198
3954.7	99.1612
3956.63	99.347
3958.56	99.412
3960.49	99.3323
3962.42	99.4017
3964.35	99.5122
3966.28	99.3655
3968.21	99.126
3970.14	99.11
3972.07	99.2316
3973.99	99.2345
3975.92	99.1599
3977.85	99.222
3979.78	99.3725
3981.71	99.3571
3983.64	99.1947
3985.57	99.1664
3987.5	99.2989
3989.43	99.3424
3991.36	99.2091
3993.29	99.0601
3995.22	99.0519
3997.14	99.1692
