499.643	85.869
501.572	85.7164
503.501	85.9498
505.43	86.1587
507.36	86.3909
509.289	86.547
511.218	86.3941
513.147	86.2918
515.076	86.5855
517.005	86.9252
518.934	86.8857
520.863	86.5886
522.792	86.2824
524.722	85.9999
526.651	85.7433
528.58	85.7834
530.509	86.4114
532.438	87.2178
534.367	87.4617
536.296	87.4232
538.225	87.9449
540.155	88.7894
542.084	89.1527
544.013	89.132
545.942	89.2382
547.871	89.3843
549.8	89.2631
551.729	89.0109
553.658	88.9893
555.588	89.2142
557.517	89.384
559.446	89.4348
561.375	89.5227
563.304	89.5839
565.233	89.6081
567.162	89.8086
569.091	89.9725
571.021	89.7016
572.95	89.4069
574.879	89.6617
576.808	90.0633
578.737	89.9932
580.666	89.71
582.595	89.5773
584.524	89.3396
586.454	88.7809
588.383	88.0799
590.312	87.3574
592.241	86.7247
594.17	86.4791
596.099	86.6271
598.028	86.8168
599.957	86.9276
601.887	87.1021
603.816	87.344
605.745	87.6409
607.674	88.1008
609.603	88.6341
611.532	89.0191
613.461	89.3214
615.39	89.6955
617.32	89.9709
619.249	89.9152
621.178	89.6585
623.107	89.4895
625.036	89.5223
626.965	89.6601
628.894	89.7194
630.823	89.5763
632.753	89.2466
634.682	88.8354
636.611	88.3816
638.54	87.7994
640.469	86.971
642.398	85.8772
644.327	84.6707
646.256	83.5475
648.186	82.6344
650.115	82.0615
652.044	81.902
653.973	82.1309
655.902	82.6085
657.831	83.1329
659.76	83.8087
661.689	84.8205
663.619	85.9157
665.548	87.073
667.477	88.7312
669.406	90.1989
671.335	90.6196
673.264	90.9255
675.193	91.4109
677.122	91.7557
679.052	91.9713
680.981	92.2336
682.91	92.4358
684.839	92.5909
686.768	92.7875
688.697	92.8512
690.626	92.7125
692.555	92.5935
694.485	92.6238
696.414	92.7351
698.343	92.7943
700.272	92.7256
702.201	92.6482
704.13	92.7046
706.059	92.7853
707.988	92.757
709.917	92.7141
711.847	92.7206
713.776	92.6989
715.705	92.6652
717.634	92.6912
719.563	92.7102
721.492	92.6259
723.421	92.4769
725.35	92.3428
727.28	92.2069
729.209	91.9865
731.138	91.666
733.067	91.3152
734.996	90.9504
736.925	90.53
738.854	90.0624
740.783	89.528
742.713	88.839
744.642	88.0855
746.571	87.5876
748.5	87.5429
750.429	87.8539
752.358	88.3325
754.287	88.8599
756.216	89.3728
758.146	89.8379
760.075	90.2498
762.004	90.607
763.933	90.9021
765.862	91.1385
767.791	91.3283
769.72	91.4733
771.649	91.5842
773.579	91.688
775.508	91.777
777.437	91.8156
779.366	91.8072
781.295	91.7743
783.224	91.7109
785.153	91.6129
787.082	91.4835
789.012	91.3027
790.941	91.0448
792.87	90.6721
794.799	90.1266
796.728	89.4137
798.657	88.5981
800.586	87.664
802.515	86.485
804.445	84.8691
806.374	82.5593
808.303	79.4779
810.232	76.1692
812.161	73.7279
814.09	73.0503
816.019	74.2257
817.948	76.6022
819.878	79.2965
821.807	81.6701
823.736	83.4859
825.665	84.7893
827.594	85.7089
829.523	86.3293
831.452	86.7019
833.381	86.8759
835.311	86.8499
837.24	86.6057
839.169	86.2019
841.098	85.6892
843.027	85.0529
844.956	84.4089
846.885	84.0128
848.814	83.9435
850.744	84.0514
852.673	84.217
854.602	84.4137
856.531	84.6149
858.46	84.8028
860.389	84.9754
862.318	85.1263
864.247	85.2445
866.177	85.2729
868.106	85.1346
870.035	84.8405
871.964	84.43
873.893	83.8791
875.822	83.224
877.751	82.6187
879.68	82.1782
881.609	81.9293
883.539	81.8761
885.468	81.9747
887.397	82.1309
889.326	82.2722
891.255	82.3672
893.184	82.4323
895.113	82.5431
897.042	82.7751
898.972	83.1836
900.901	83.8276
902.83	84.6884
904.759	85.6242
906.688	86.4974
908.617	87.2334
910.546	87.7617
912.475	88.0397
914.405	88.0763
916.334	87.8599
918.263	87.3561
920.192	86.5606
922.121	85.4749
924.05	84.0696
925.979	82.2724
927.908	79.9755
929.838	77.164
931.767	74.0346
933.696	70.8961
935.625	68.0532
937.554	65.8217
939.483	64.4466
941.412	63.9449
943.341	64.1369
945.271	64.8047
947.2	65.7845
949.129	66.9971
951.058	68.4171
952.987	69.9829
954.916	71.5819
956.845	73.1217
958.774	74.5689
960.704	75.9772
962.633	77.4965
964.562	79.2487
966.491	81.1888
968.42	83.1591
970.349	85.0051
972.278	86.5866
974.207	87.8032
976.137	88.6625
978.066	89.2293
979.995	89.5185
981.924	89.511
983.853	89.2218
985.782	88.7082
987.711	88.0885
989.64	87.5515
991.57	87.2143
993.499	86.9489
995.428	86.4383
997.357	85.4301
999.286	83.9308
1001.22	82.2264
1003.14	80.7386
1005.07	79.7668
1007	79.343
1008.93	79.3726
1010.86	79.8065
1012.79	80.5499
1014.72	81.3067
1016.65	81.7003
1018.58	81.5117
1020.51	80.6912
1022.44	79.255
1024.36	77.3678
1026.29	75.458
1028.22	73.998
1030.15	73.0829
1032.08	72.3849
1034.01	71.5964
1035.94	70.7372
1037.87	69.9691
1039.8	69.3592
1041.73	68.9387
1043.66	68.8088
1045.58	69.0699
1047.51	69.7044
1049.44	70.5556
1051.37	71.4028
1053.3	72.0879
1055.23	72.6025
1057.16	73.0565
1059.09	73.5355
1061.02	73.9643
1062.95	74.1379
1064.88	73.9236
1066.81	73.4274
1068.73	72.9665
1070.66	72.8676
1072.59	73.2591
1074.52	74.0343
1076.45	74.984
1078.38	75.9184
1080.31	76.7028
1082.24	77.2703
1084.17	77.5874
1086.1	77.5967
1088.03	77.2657
1089.95	76.6412
1091.88	75.7647
1093.81	74.6355
1095.74	73.3112
1097.67	71.8888
1099.6	70.3778
1101.53	68.7434
1103.46	67.0272
1105.39	65.2966
1107.32	63.5544
1109.25	61.7843
1111.18	60.0195
1113.1	58.3276
1115.03	56.7487
1116.96	55.2564
1118.89	53.8046
1120.82	52.4075
1122.75	51.1062
1124.68	49.8669
1126.61	48.5852
1128.54	47.1687
1130.47	45.571
1132.4	43.7856
1134.32	41.8536
1136.25	39.8838
1138.18	38.0328
1140.11	36.4419
1142.04	35.2049
1143.97	34.3925
1145.9	34.061
1147.83	34.233
1149.76	34.8863
1151.69	35.9507
1153.62	37.3341
1155.55	38.9635
1157.47	40.7725
1159.4	42.6764
1161.33	44.6036
1163.26	46.511
1165.19	48.3502
1167.12	50.0674
1169.05	51.6439
1170.98	53.114
1172.91	54.547
1174.84	56.0083
1176.77	57.5338
1178.69	59.1487
1180.62	60.8725
1182.55	62.6867
1184.48	64.5456
1186.41	66.4339
1188.34	68.3674
1190.27	70.3436
1192.2	72.3526
1194.13	74.4244
1196.06	76.589
1197.99	78.7986
1199.91	80.9534
1201.84	82.962
1203.77	84.729
1205.7	86.1918
1207.63	87.3781
1209.56	88.3342
1211.49	89.1481
1213.42	90.0326
1215.35	90.9422
1217.28	91.2736
1219.21	90.6806
1221.14	89.8069
1223.06	89.3793
1224.99	89.2801
1226.92	89.0268
1228.85	88.4705
1230.78	87.6649
1232.71	86.6382
1234.64	85.4954
1236.57	84.3877
1238.5	83.4
1240.43	82.5883
1242.36	82.0032
1244.28	81.6629
1246.21	81.5744
1248.14	81.733
1250.07	82.0876
1252	82.549
1253.93	83.0169
1255.86	83.3914
1257.79	83.5871
1259.72	83.5651
1261.65	83.358
1263.58	83.0429
1265.51	82.7007
1267.43	82.4152
1269.36	82.2277
1271.29	82.0843
1273.22	81.9131
1275.15	81.7011
1277.08	81.416
1279.01	80.9568
1280.94	80.1947
1282.87	78.9591
1284.8	76.9975
1286.73	74.0841
1288.65	70.3464
1290.58	66.5286
1292.51	63.7193
1294.44	62.7389
1296.37	63.7739
1298.3	66.3556
1300.23	69.6077
1302.16	72.6621
1304.09	74.9669
1306.02	76.2772
1307.95	76.5317
1309.87	75.8743
1311.8	74.7122
1313.73	73.603
1315.66	72.8928
1317.59	72.5614
1319.52	72.6147
1321.45	73.2786
1323.38	74.6539
1325.31	76.5617
1327.24	78.6916
1329.17	80.8034
1331.1	82.8401
1333.02	84.7122
1334.95	86.2089
1336.88	87.2795
1338.81	88.0811
1340.74	88.7607
1342.67	89.4018
1344.6	90.1243
1346.53	91.02
1348.46	91.9889
1350.39	92.7849
1352.32	93.2941
1354.24	93.5649
1356.17	93.617
1358.1	93.4619
1360.03	93.1745
1361.96	92.7327
1363.89	91.9577
1365.82	90.8765
1367.75	89.931
1369.68	89.6306
1371.61	89.8575
1373.54	89.8177
1375.47	89.069
1377.39	88.1733
1379.32	87.7415
1381.25	87.79
1383.18	88.0199
1385.11	88.1823
1387.04	88.2022
1388.97	88.1272
1390.9	88.0466
1392.83	87.9636
1394.76	87.8049
1396.69	87.484
1398.61	86.9896
1400.54	86.5076
1402.47	86.3635
1404.4	86.7647
1406.33	87.5482
1408.26	88.292
1410.19	88.9034
1412.12	89.4542
1414.05	89.8507
1415.98	90.0903
1417.91	90.2592
1419.83	90.3215
1421.76	90.2234
1423.69	89.9595
1425.62	89.561
1427.55	89.0477
1429.48	88.2631
1431.41	87.2117
1433.34	86.1933
1435.27	85.1633
1437.2	83.9435
1439.13	82.8911
1441.06	82.155
1442.98	81.4996
1444.91	80.834
1446.84	80.0783
1448.77	79.1133
1450.7	78.2545
1452.63	77.98
1454.56	78.4002
1456.49	79.7125
1458.42	81.4963
1460.35	82.6594
1462.28	83.5881
1464.2	84.7685
1466.13	85.9418
1468.06	86.7553
1469.99	87.5117
1471.92	88.3922
1473.85	89.016
1475.78	89.2334
1477.71	89.4057
1479.64	89.6594
1481.57	90.0192
1483.5	90.4909
1485.43	91.0352
1487.35	91.7116
1489.28	92.5532
1491.21	93.2563
1493.14	93.7557
1495.07	94.3417
1497	95.0751
1498.93	95.6373
1500.86	95.9101
1502.79	96.1059
1504.72	96.3618
1506.65	96.7041
1508.57	96.8531
1510.5	96.7914
1512.43	96.799
1514.36	96.9426
1516.29	97.104
1518.22	97.1863
1520.15	97.2538
1522.08	97.3297
1524.01	97.3638
1525.94	97.3459
1527.87	97.2663
1529.8	97.1781
1531.72	97.1833
1533.65	97.258
1535.58	97.2496
1537.51	97.2293
1539.44	97.4175
1541.37	97.6782
1543.3	97.5665
1545.23	97.3082
1547.16	97.1542
1549.09	97.1165
1551.02	97.1093
1552.94	97.0965
1554.87	97.1584
1556.8	97.3672
1558.73	97.5334
1560.66	97.3476
1562.59	97.1156
1564.52	96.9934
1566.45	96.9747
1568.38	97.0139
1570.31	96.9514
1572.24	96.8203
1574.16	96.8224
1576.09	96.9136
1578.02	96.8168
1579.95	96.6145
1581.88	96.5055
1583.81	96.457
1585.74	96.3796
1587.67	96.2813
1589.6	96.2239
1591.53	96.2345
1593.46	96.2643
1595.39	96.2461
1597.31	96.1707
1599.24	96.0652
1601.17	95.9519
1603.1	95.8481
1605.03	95.7576
1606.96	95.6767
1608.89	95.5594
1610.82	95.3452
1612.75	95.121
1614.68	94.9565
1616.61	94.6631
1618.53	94.1489
1620.46	93.5975
1622.39	92.8874
1624.32	91.9481
1626.25	90.9975
1628.18	89.8817
1630.11	88.537
1632.04	87.3784
1633.97	86.3948
1635.9	85.1517
1637.83	84.4205
1639.76	85.3783
1641.68	87.5576
1643.61	89.9628
1645.54	92.131
1647.47	93.7756
1649.4	94.5255
1651.33	94.8648
1653.26	95.3126
1655.19	95.4808
1657.12	95.2969
1659.05	95.1744
1660.98	95.1591
1662.9	95.0742
1664.83	94.8454
1666.76	94.651
1668.69	94.5785
1670.62	94.4274
1672.55	94.0981
1674.48	93.697
1676.41	93.1296
1678.34	92.5023
1680.27	92.0424
1682.2	91.6238
1684.12	91.04
1686.05	90.2988
1687.98	89.3084
1689.91	88.0922
1691.84	86.7834
1693.77	85.1313
1695.7	82.9632
1697.63	80.509
1699.56	77.2764
1701.49	73.2398
1703.42	69.6354
1705.35	66.1153
1707.27	61.9798
1709.2	58.159
1711.13	55.2412
1713.06	52.797
1714.99	51.0891
1716.92	50.4666
1718.85	50.3183
1720.78	51.0244
1722.71	53.0894
1724.64	56.1375
1726.57	59.8982
1728.49	64.1494
1730.42	68.4535
1732.35	72.9875
1734.28	78.008
1736.21	82.1212
1738.14	84.9033
1740.07	87.4065
1742	89.9567
1743.93	92.0805
1745.86	93.8943
1747.79	95.7239
1749.72	97.3539
1751.64	98.5128
1753.57	99.2523
1755.5	99.6607
1757.43	99.923
1759.36	100.13
1761.29	100.132
1763.22	99.9028
1765.15	99.5578
1767.08	99.1947
1769.01	98.9936
1770.94	99.0072
1772.86	98.9337
1774.79	98.6443
1776.72	98.3513
1778.65	98.1668
1780.58	98.0944
1782.51	98.0467
1784.44	97.9788
1786.37	97.9994
1788.3	98.111
1790.23	98.1808
1792.16	98.1767
1794.08	98.1345
1796.01	98.0591
1797.94	97.9982
1799.87	98.0128
1801.8	98.0764
1803.73	98.0835
1805.66	97.9938
1807.59	97.9063
1809.52	97.9088
1811.45	97.8881
1813.38	97.7863
1815.31	97.7801
1817.23	97.904
1819.16	97.9922
1821.09	98.0406
1823.02	98.1178
1824.95	98.1211
1826.88	98.0244
1828.81	97.9828
1830.74	98.0265
1832.67	98.0462
1834.6	98.0439
1836.53	98.091
1838.45	98.1605
1840.38	98.1915
1842.31	98.2342
1844.24	98.307
1846.17	98.2815
1848.1	98.184
1850.03	98.1622
1851.96	98.2094
1853.89	98.2654
1855.82	98.3458
1857.75	98.4135
1859.68	98.4221
1861.6	98.4611
1863.53	98.5773
1865.46	98.6741
1867.39	98.6965
1869.32	98.6656
1871.25	98.5937
1873.18	98.5207
1875.11	98.5228
1877.04	98.6157
1878.97	98.7128
1880.9	98.7604
1882.82	98.7871
1884.75	98.7863
1886.68	98.7295
1888.61	98.6808
1890.54	98.7355
1892.47	98.8699
1894.4	98.9825
1896.33	99.0265
1898.26	99.0513
1900.19	99.072
1902.12	98.9796
1904.05	98.7927
1905.97	98.7499
1907.9	98.9113
1909.83	99.0852
1911.76	99.178
1913.69	99.197
1915.62	99.1151
1917.55	99.0303
1919.48	99.0715
1921.41	99.1318
1923.34	99.1232
1925.27	99.1342
1927.19	99.1764
1929.12	99.1914
1931.05	99.2254
1932.98	99.3192
1934.91	99.3749
1936.84	99.2923
1938.77	99.1592
1940.7	99.1652
1942.63	99.3254
1944.56	99.4504
1946.49	99.4484
1948.41	99.369
1950.34	99.2595
1952.27	99.2306
1954.2	99.3922
1956.13	99.641
1958.06	99.7578
1959.99	99.7044
1961.92	99.6377
1963.85	99.6675
1965.78	99.7302
1967.71	99.7107
1969.64	99.6081
1971.56	99.5725
1973.49	99.772
1975.42	100.101
1977.35	100.165
1979.28	99.8864
1981.21	99.6851
1983.14	99.7797
1985.07	99.9854
1987	100.155
1988.93	100.211
1990.86	100.085
1992.78	99.9824
1994.71	100.093
1996.64	100.165
1998.57	100.057
2000.5	100.078
2002.43	100.292
2004.36	100.332
2006.29	100.169
2008.22	100.102
2010.15	100.102
2012.08	100.054
2014.01	100.168
2015.93	100.446
2017.86	100.514
2019.79	100.394
2021.72	100.45
2023.65	100.553
2025.58	100.387
2027.51	100.186
2029.44	100.232
2031.37	100.278
2033.3	100.163
2035.23	100.174
2037.15	100.354
2039.08	100.316
2041.01	99.9642
2042.94	99.6661
2044.87	99.6744
2046.8	99.8921
2048.73	100.121
2050.66	100.242
2052.59	100.268
2054.52	100.288
2056.45	100.272
2058.37	100.092
2060.3	99.8111
2062.23	99.7019
2064.16	99.8841
2066.09	100.145
2068.02	100.218
2069.95	100.094
2071.88	99.9582
2073.81	99.9388
2075.74	100
2077.67	100.045
2079.6	100.034
2081.52	99.9778
2083.45	99.8567
2085.38	99.6348
2087.31	99.4016
2089.24	99.3238
2091.17	99.4051
2093.1	99.5303
2095.03	99.7153
2096.96	99.9487
2098.89	99.9898
2100.82	99.7793
2102.74	99.6504
2104.67	99.7635
2106.6	99.8677
2108.53	99.7965
2110.46	99.6596
2112.39	99.5721
2114.32	99.5981
2116.25	99.7605
2118.18	99.9281
2120.11	99.9312
2122.04	99.7756
2123.97	99.6097
2125.89	99.5865
2127.82	99.7435
2129.75	99.9477
2131.68	100.063
2133.61	100.099
2135.54	100.09
2137.47	100.031
2139.4	99.9749
2141.33	99.9577
2143.26	99.9374
2145.19	99.9495
2147.11	100.07
2149.04	100.206
2150.97	100.215
2152.9	100.127
2154.83	100.023
2156.76	99.9006
2158.69	99.8769
2160.62	100.189
2162.55	100.704
2164.48	100.956
2166.41	100.873
2168.33	100.82
2170.26	100.828
2172.19	100.578
2174.12	100.194
2176.05	100.121
2177.98	100.294
2179.91	100.297
2181.84	100.153
2183.77	100.139
2185.7	100.147
2187.63	100.001
2189.56	99.9483
2191.48	100.153
2193.41	100.3
2195.34	100.205
2197.27	100.162
2199.2	100.346
2201.13	100.511
2203.06	100.481
2204.99	100.408
2206.92	100.424
2208.85	100.408
2210.78	100.225
2212.7	99.9854
2214.63	99.944
2216.56	100.175
2218.49	100.432
2220.42	100.481
2222.35	100.405
2224.28	100.354
2226.21	100.279
2228.14	100.229
2230.07	100.383
2232	100.609
2233.93	100.617
2235.85	100.497
2237.78	100.46
2239.71	100.427
2241.64	100.32
2243.57	100.274
2245.5	100.347
2247.43	100.426
2249.36	100.401
2251.29	100.277
2253.22	100.187
2255.15	100.25
2257.07	100.401
2259	100.473
2260.93	100.393
2262.86	100.226
2264.79	100.125
2266.72	100.188
2268.65	100.367
2270.58	100.545
2272.51	100.634
2274.44	100.612
2276.37	100.551
2278.29	100.494
2280.22	100.354
2282.15	100.135
2284.08	100.04
2286.01	100.148
2287.94	100.285
2289.87	100.334
2291.8	100.367
2293.73	100.405
2295.66	100.368
2297.59	100.315
2299.52	100.43
2301.44	100.675
2303.37	100.795
2305.3	100.768
2307.23	100.86
2309.16	101.146
2311.09	101.419
2313.02	101.636
2314.95	101.942
2316.88	102.3
2318.81	102.586
2320.74	102.841
2322.66	103.068
2324.59	103.161
2326.52	103.225
2328.45	103.46
2330.38	103.761
2332.31	103.85
2334.24	103.818
2336.17	103.985
2338.1	104.386
2340.03	104.806
2341.96	105.037
2343.89	104.708
2345.81	103.72
2347.74	102.884
2349.67	102.763
2351.6	103.286
2353.53	104.104
2355.46	104.896
2357.39	105.74
2359.32	106.539
2361.25	106.754
2363.18	106.263
2365.11	105.42
2367.03	104.594
2368.96	103.918
2370.89	103.258
2372.82	102.558
2374.75	101.899
2376.68	101.3
2378.61	100.742
2380.54	100.217
2382.47	99.7346
2384.4	99.3498
2386.33	99.1076
2388.26	98.9706
2390.18	98.9057
2392.11	98.9237
2394.04	98.9635
2395.97	98.9372
2397.9	98.891
2399.83	98.8996
2401.76	98.8981
2403.69	98.8169
2405.62	98.7313
2407.55	98.7243
2409.48	98.7537
2411.4	98.7617
2413.33	98.7753
2415.26	98.8092
2417.19	98.8084
2419.12	98.7682
2421.05	98.7632
2422.98	98.8224
2424.91	98.9139
2426.84	98.9939
2428.77	98.9793
2430.7	98.8412
2432.62	98.7391
2434.55	98.8264
2436.48	99.0039
2438.41	99.067
2440.34	98.9575
2442.27	98.7865
2444.2	98.7351
2446.13	98.8737
2448.06	99.0422
2449.99	99.0738
2451.92	99.0227
2453.85	98.9906
2455.77	98.9705
2457.7	98.9507
2459.63	98.9201
2461.56	98.8502
2463.49	98.8136
2465.42	98.8784
2467.35	98.9178
2469.28	98.8462
2471.21	98.8351
2473.14	98.9967
2475.07	99.1705
2476.99	99.2133
2478.92	99.17
2480.85	99.0916
2482.78	98.9866
2484.71	98.9387
2486.64	99.0226
2488.57	99.1334
2490.5	99.1112
2492.43	98.9918
2494.36	98.9207
2496.29	98.9138
2498.22	98.9276
2500.14	99.006
2502.07	99.1395
2504	99.2031
2505.93	99.18
2507.86	99.1755
2509.79	99.185
2511.72	99.1381
2513.65	99.0784
2515.58	99.0565
2517.51	99.038
2519.44	99.0399
2521.36	99.098
2523.29	99.1389
2525.22	99.1351
2527.15	99.17
2529.08	99.203
2531.01	99.146
2532.94	99.1228
2534.87	99.2238
2536.8	99.2852
2538.73	99.2425
2540.66	99.2253
2542.58	99.1942
2544.51	99.0606
2546.44	98.9957
2548.37	99.1028
2550.3	99.1859
2552.23	99.1644
2554.16	99.1748
2556.09	99.1904
2558.02	99.1002
2559.95	99.0246
2561.88	99.0958
2563.81	99.2094
2565.73	99.265
2567.66	99.2974
2569.59	99.2838
2571.52	99.1816
2573.45	99.0961
2575.38	99.1238
2577.31	99.197
2579.24	99.2565
2581.17	99.3459
2583.1	99.456
2585.03	99.5037
2586.95	99.4896
2588.88	99.4884
2590.81	99.5004
2592.74	99.4662
2594.67	99.3978
2596.6	99.3602
2598.53	99.346
2600.46	99.2825
2602.39	99.1521
2604.32	99.0455
2606.25	99.0726
2608.18	99.1923
2610.1	99.2197
2612.03	99.1074
2613.96	99.0262
2615.89	99.0349
2617.82	98.981
2619.75	98.8432
2621.68	98.8009
2623.61	98.8995
2625.54	98.9794
2627.47	98.9409
2629.4	98.8454
2631.32	98.7833
2633.25	98.7854
2635.18	98.8488
2637.11	98.9577
2639.04	99.0519
2640.97	99.0557
2642.9	98.9778
2644.83	98.8874
2646.76	98.7983
2648.69	98.698
2650.62	98.6342
2652.54	98.6496
2654.47	98.7059
2656.4	98.7382
2658.33	98.7183
2660.26	98.6608
2662.19	98.6077
2664.12	98.5825
2666.05	98.5681
2667.98	98.5546
2669.91	98.5488
2671.84	98.5261
2673.77	98.4573
2675.69	98.3729
2677.62	98.3287
2679.55	98.338
2681.48	98.3823
2683.41	98.4339
2685.34	98.4512
2687.27	98.4197
2689.2	98.3889
2691.13	98.394
2693.06	98.3916
2694.99	98.3488
2696.91	98.3093
2698.84	98.306
2700.77	98.3137
2702.7	98.307
2704.63	98.2722
2706.56	98.2123
2708.49	98.1816
2710.42	98.2133
2712.35	98.2458
2714.28	98.2386
2716.21	98.2355
2718.14	98.2333
2720.06	98.1884
2721.99	98.1459
2723.92	98.143
2725.85	98.1069
2727.78	98.0396
2729.71	98.0706
2731.64	98.185
2733.57	98.2059
2735.5	98.1249
2737.43	98.1028
2739.36	98.1286
2741.28	98.0446
2743.21	97.8797
2745.14	97.8136
2747.07	97.8746
2749	97.9549
2750.93	98.0089
2752.86	98.0446
2754.79	98.0568
2756.72	98.0668
2758.65	98.1041
2760.58	98.1498
2762.51	98.1746
2764.43	98.1743
2766.36	98.1426
2768.29	98.0727
2770.22	97.987
2772.15	97.9402
2774.08	97.9559
2776.01	97.961
2777.94	97.894
2779.87	97.8436
2781.8	97.8801
2783.73	97.8775
2785.65	97.7513
2787.58	97.6472
2789.51	97.6829
2791.44	97.7756
2793.37	97.8274
2795.3	97.8387
2797.23	97.839
2799.16	97.8487
2801.09	97.8488
2803.02	97.7823
2804.95	97.6497
2806.87	97.5351
2808.8	97.4971
2810.73	97.5088
2812.66	97.5131
2814.59	97.493
2816.52	97.459
2818.45	97.3844
2820.38	97.2455
2822.31	97.113
2824.24	97.0668
2826.17	97.0407
2828.1	96.8943
2830.02	96.6334
2831.95	96.4336
2833.88	96.3906
2835.81	96.3688
2837.74	96.2462
2839.67	96.1342
2841.6	96.1078
2843.53	96.0009
2845.46	95.7373
2847.39	95.4921
2849.32	95.3299
2851.24	95.1236
2853.17	94.859
2855.1	94.5731
2857.03	94.147
2858.96	93.5321
2860.89	92.9251
2862.82	92.492
2864.75	92.1815
2866.68	91.8995
2868.61	91.6315
2870.54	91.3829
2872.47	91.1981
2874.39	91.1873
2876.32	91.3692
2878.25	91.5939
2880.18	91.754
2882.11	91.9139
2884.04	92.126
2885.97	92.3202
2887.9	92.4454
2889.83	92.5238
2891.76	92.5521
2893.69	92.544
2895.61	92.6055
2897.54	92.7558
2899.47	92.8098
2901.4	92.6547
2903.33	92.4547
2905.26	92.3859
2907.19	92.3988
2909.12	92.3418
2911.05	92.1165
2912.98	91.7579
2914.91	91.4621
2916.83	91.3272
2918.76	91.1276
2920.69	90.6849
2922.62	90.1811
2924.55	89.7418
2926.48	89.2056
2928.41	88.5796
2930.34	88.1654
2932.27	88.0993
2934.2	88.2316
2936.13	88.4351
2938.06	88.703
2939.98	88.9946
2941.91	89.1927
2943.84	89.2084
2945.77	89.0381
2947.7	88.7203
2949.63	88.3176
2951.56	87.9041
2953.49	87.4678
2955.42	86.9545
2957.35	86.5144
2959.28	86.434
2961.2	86.7392
2963.13	87.2428
2965.06	87.9664
2966.99	89.0502
2968.92	90.2986
2970.85	91.2791
2972.78	91.8397
2974.71	92.1312
2976.64	92.2682
2978.57	92.3226
2980.5	92.4553
2982.43	92.7599
2984.35	93.1206
2986.28	93.4029
2988.21	93.6519
2990.14	93.9872
2992.07	94.4021
2994	94.7761
2995.93	95.0574
2997.86	95.3294
2999.79	95.6597
3001.72	96.0071
3003.65	96.2977
3005.57	96.5016
3007.5	96.6775
3009.43	96.9363
3011.36	97.2452
3013.29	97.4256
3015.22	97.466
3017.15	97.5372
3019.08	97.6793
3021.01	97.8327
3022.94	98.0202
3024.87	98.2267
3026.79	98.392
3028.72	98.5484
3030.65	98.672
3032.58	98.636
3034.51	98.4653
3036.44	98.3267
3038.37	98.3279
3040.3	98.4726
3042.23	98.6045
3044.16	98.567
3046.09	98.5339
3048.02	98.6799
3049.94	98.7399
3051.87	98.5674
3053.8	98.519
3055.73	98.7285
3057.66	98.8641
3059.59	98.8091
3061.52	98.7471
3063.45	98.7271
3065.38	98.7181
3067.31	98.7463
3069.24	98.7961
3071.16	98.8459
3073.09	98.8777
3075.02	98.8116
3076.95	98.6542
3078.88	98.5527
3080.81	98.5878
3082.74	98.6976
3084.67	98.7457
3086.6	98.6317
3088.53	98.4752
3090.46	98.5017
3092.39	98.6632
3094.31	98.7069
3096.24	98.5482
3098.17	98.2978
3100.1	98.1207
3102.03	98.1727
3103.96	98.4181
3105.89	98.6037
3107.82	98.5636
3109.75	98.3647
3111.68	98.217
3113.61	98.3188
3115.53	98.5651
3117.46	98.5776
3119.39	98.2982
3121.32	98.1174
3123.25	98.2177
3125.18	98.3582
3127.11	98.389
3129.04	98.4404
3130.97	98.5921
3132.9	98.7328
3134.83	98.7338
3136.75	98.633
3138.68	98.5958
3140.61	98.6449
3142.54	98.5883
3144.47	98.3997
3146.4	98.3776
3148.33	98.6144
3150.26	98.7249
3152.19	98.4795
3154.12	98.2223
3156.05	98.2823
3157.98	98.471
3159.9	98.4832
3161.83	98.3789
3163.76	98.4071
3165.69	98.621
3167.62	98.8305
3169.55	98.8553
3171.48	98.7285
3173.41	98.5899
3175.34	98.5019
3177.27	98.4559
3179.2	98.3945
3181.12	98.2599
3183.05	98.1572
3184.98	98.2431
3186.91	98.4153
3188.84	98.4823
3190.77	98.4931
3192.7	98.5156
3194.63	98.4311
3196.56	98.2149
3198.49	98.0285
3200.42	97.968
3202.35	98.0161
3204.27	98.1218
3206.2	98.2016
3208.13	98.2053
3210.06	98.1448
3211.99	98.0525
3213.92	98.0159
3215.85	98.0925
3217.78	98.1479
3219.71	98.0413
3221.64	97.8852
3223.57	97.8658
3225.49	97.98
3227.42	98.0927
3229.35	98.082
3231.28	97.9371
3233.21	97.8201
3235.14	97.9157
3237.07	98.1746
3239	98.3363
3240.93	98.2342
3242.86	97.9606
3244.79	97.7307
3246.72	97.7037
3248.64	97.8571
3250.57	97.9675
3252.5	97.8897
3254.43	97.8194
3256.36	97.9576
3258.29	98.1175
3260.22	98.0843
3262.15	97.9872
3264.08	97.9437
3266.01	97.8399
3267.94	97.6638
3269.86	97.5584
3271.79	97.5608
3273.72	97.629
3275.65	97.7359
3277.58	97.8096
3279.51	97.814
3281.44	97.8149
3283.37	97.8332
3285.3	97.8242
3287.23	97.7856
3289.16	97.706
3291.08	97.576
3293.01	97.5048
3294.94	97.5602
3296.87	97.6205
3298.8	97.6221
3300.73	97.6489
3302.66	97.6566
3304.59	97.5364
3306.52	97.4101
3308.45	97.4525
3310.38	97.6066
3312.31	97.7128
3314.23	97.6839
3316.16	97.5353
3318.09	97.4076
3320.02	97.3794
3321.95	97.3129
3323.88	97.1511
3325.81	97.0701
3327.74	97.117
3329.67	97.1458
3331.6	97.1467
3333.53	97.1841
3335.45	97.1984
3337.38	97.1714
3339.31	97.1308
3341.24	96.9908
3343.17	96.807
3345.1	96.8438
3347.03	97.0242
3348.96	96.9775
3350.89	96.7832
3352.82	96.8137
3354.75	97.0303
3356.68	97.131
3358.6	97.017
3360.53	96.7633
3362.46	96.5268
3364.39	96.494
3366.32	96.626
3368.25	96.7111
3370.18	96.7571
3372.11	96.9222
3374.04	97.1078
3375.97	97.0832
3377.9	96.936
3379.82	96.9387
3381.75	97.0533
3383.68	97.0183
3385.61	96.8242
3387.54	96.6834
3389.47	96.6811
3391.4	96.7557
3393.33	96.7898
3395.26	96.6629
3397.19	96.4669
3399.12	96.4618
3401.04	96.6452
3402.97	96.7323
3404.9	96.6486
3406.83	96.6187
3408.76	96.7154
3410.69	96.7358
3412.62	96.591
3414.55	96.4473
3416.48	96.3883
3418.41	96.3226
3420.34	96.2856
3422.27	96.3816
3424.19	96.4659
3426.12	96.3942
3428.05	96.3174
3429.98	96.384
3431.91	96.5529
3433.84	96.7112
3435.77	96.6834
3437.7	96.4671
3439.63	96.4153
3441.56	96.6714
3443.49	96.8799
3445.41	96.8639
3447.34	96.8244
3449.27	96.7967
3451.2	96.7206
3453.13	96.7674
3455.06	97.0036
3456.99	97.2045
3458.92	97.2347
3460.85	97.1767
3462.78	97.1175
3464.71	97.0823
3466.64	97.0474
3468.56	96.9994
3470.49	97.0415
3472.42	97.2456
3474.35	97.3968
3476.28	97.1872
3478.21	96.7021
3480.14	96.3884
3482.07	96.5128
3484	96.8401
3485.93	96.992
3487.86	96.9278
3489.78	96.8391
3491.71	96.8353
3493.64	96.9038
3495.57	96.9793
3497.5	96.9628
3499.43	96.8652
3501.36	96.8363
3503.29	96.9035
3505.22	96.8699
3507.15	96.6233
3509.08	96.3046
3511	96.1316
3512.93	96.1687
3514.86	96.3132
3516.79	96.5042
3518.72	96.7437
3520.65	96.9133
3522.58	96.8573
3524.51	96.6832
3526.44	96.6221
3528.37	96.6376
3530.3	96.599
3532.23	96.611
3534.15	96.7573
3536.08	96.8186
3538.01	96.625
3539.94	96.4633
3541.87	96.577
3543.8	96.601
3545.73	96.1818
3547.66	95.8628
3549.59	96.1851
3551.52	96.6524
3553.45	96.6549
3555.37	96.48
3557.3	96.5801
3559.23	96.7216
3561.16	96.554
3563.09	96.2589
3565.02	96.2061
3566.95	96.529
3568.88	97.0214
3570.81	97.294
3572.74	97.2043
3574.67	96.9683
3576.6	96.9585
3578.52	97.1289
3580.45	97.1253
3582.38	97.0374
3584.31	97.2764
3586.24	97.8384
3588.17	98.1284
3590.1	97.8575
3592.03	97.6461
3593.96	97.9428
3595.89	98.38
3597.82	98.3714
3599.74	98.2168
3601.67	98.4026
3603.6	98.6824
3605.53	98.7639
3607.46	98.8283
3609.39	98.9599
3611.32	99.0346
3613.25	99.1088
3615.18	99.1579
3617.11	99.0547
3619.04	98.9516
3620.97	99.0277
3622.89	99.1428
3624.82	99.2352
3626.75	99.4197
3628.68	99.6629
3630.61	99.7077
3632.54	99.5926
3634.47	99.571
3636.4	99.6712
3638.33	99.61
3640.26	99.2635
3642.19	99.0013
3644.11	99.1451
3646.04	99.5536
3647.97	100.005
3649.9	100.123
3651.83	99.647
3653.76	99.1668
3655.69	99.1439
3657.62	99.3491
3659.55	99.3218
3661.48	99.2708
3663.41	99.4247
3665.33	99.4654
3667.26	99.2925
3669.19	99.3809
3671.12	99.8228
3673.05	99.9562
3674.98	99.659
3676.91	99.3618
3678.84	99.2419
3680.77	99.1557
3682.7	99.1102
3684.63	99.1999
3686.56	99.4931
3688.48	99.944
3690.41	100.144
3692.34	99.8823
3694.27	99.553
3696.2	99.398
3698.13	99.4005
3700.06	99.5034
3701.99	99.6317
3703.92	99.6548
3705.85	99.6106
3707.78	99.7232
3709.7	100.087
3711.63	100.34
3713.56	100.1
3715.49	99.7258
3717.42	99.5661
3719.35	99.551
3721.28	99.532
3723.21	99.6132
3725.14	99.9191
3727.07	100.249
3729	100.33
3730.93	100.137
3732.85	99.9492
3734.78	100.212
3736.71	100.574
3738.64	100.217
3740.57	99.5882
3742.5	99.488
3744.43	100.001
3746.36	100.253
3748.29	100.11
3750.22	100.118
3752.15	100.167
3754.07	100.01
3756	99.8908
3757.93	99.8901
3759.86	99.8411
3761.79	99.6511
3763.72	99.3724
3765.65	99.13
3767.58	99.1744
3769.51	99.5303
3771.44	99.7449
3773.37	99.584
3775.29	99.4211
3777.22	99.5115
3779.15	99.6222
3781.08	99.5635
3783.01	99.5366
3784.94	99.5261
3786.87	99.3367
3788.8	99.1482
3790.73	99.2017
3792.66	99.3655
3794.59	99.4673
3796.52	99.5015
3798.44	99.4591
3800.37	99.3744
3802.3	99.3816
3804.23	99.4767
3806.16	99.6114
3808.09	99.7786
3810.02	99.8102
3811.95	99.6552
3813.88	99.4765
3815.81	99.4004
3817.74	99.4557
3819.66	99.6735
3821.59	99.9263
3823.52	99.8597
3825.45	99.524
3827.38	99.2734
3829.31	99.2912
3831.24	99.4646
3833.17	99.5398
3835.1	99.4946
3837.03	99.6051
3838.96	99.9087
3840.89	99.9744
3842.81	99.7062
3844.74	99.3962
3846.67	99.2063
3848.6	99.1806
3850.53	99.3417
3852.46	99.5985
3854.39	99.7414
3856.32	99.76
3858.25	99.6886
3860.18	99.5698
3862.11	99.6523
3864.03	99.95
3865.96	99.9964
3867.89	99.7685
3869.82	99.6748
3871.75	99.6618
3873.68	99.4823
3875.61	99.3647
3877.54	99.4496
3879.47	99.5453
3881.4	99.5768
3883.33	99.6606
3885.25	99.7243
3887.18	99.6307
3889.11	99.4855
3891.04	99.4346
3892.97	99.475
3894.9	99.5112
3896.83	99.5132
3898.76	99.547
3900.69	99.636
3902.62	99.6527
3904.55	99.5501
3906.48	99.4865
3908.4	99.5229
3910.33	99.5514
3912.26	99.5169
3914.19	99.502
3916.12	99.5673
3918.05	99.6015
3919.98	99.4933
3921.91	99.3663
3923.84	99.3652
3925.77	99.4159
3927.7	99.3853
3929.62	99.3512
3931.55	99.439
3933.48	99.5438
3935.41	99.4985
3937.34	99.3596
3939.27	99.2633
3941.2	99.2602
3943.13	99.3209
3945.06	99.384
3946.99	99.4401
3948.92	99.5079
3950.85	99.5037
3952.77	99.3756
3954.7	99.2878
3956.63	99.3474
3958.56	99.4022
3960.49	99.3852
3962.42	99.4489
3964.35	99.5407
3966.28	99.4148
3968.21	99.1323
3970.14	99.0161
3972.07	99.1549
3973.99	99.3117
3975.92	99.2953
3977.85	99.1782
3979.78	99.1231
3981.71	99.1604
3983.64	99.229
3985.57	99.3036
3987.5	99.3702
3989.43	99.3681
3991.36	99.2679
3993.29	99.1674
3995.22	99.1888
3997.14	99.285
