499.643	87.1668
501.572	88.0687
503.501	86.8847
505.43	85.9261
507.36	86.1536
509.289	86.4627
511.218	86.242
513.147	86.0518
515.076	86.0772
517.005	86.0586
518.934	86.1907
520.863	86.5111
522.792	86.4997
524.722	86.1765
526.651	86.0818
528.58	86.2305
530.509	86.4386
532.438	86.7691
534.367	87.0395
536.296	87.2083
538.225	87.6962
540.155	88.3548
542.084	88.553
544.013	88.5191
545.942	88.8712
547.871	89.3552
549.8	89.4054
551.729	89.1577
553.658	89.1067
555.588	89.3347
557.517	89.4767
559.446	89.354
561.375	89.24
563.304	89.3111
565.233	89.4396
567.162	89.5526
569.091	89.5544
571.021	89.3658
572.95	89.3056
574.879	89.596
576.808	89.8412
578.737	89.7391
580.666	89.4949
582.595	89.181
584.524	88.7319
586.454	88.2892
588.383	87.836
590.312	87.1857
592.241	86.5685
594.17	86.3435
596.099	86.3273
598.028	86.2936
599.957	86.4688
601.887	86.9267
603.816	87.3287
605.745	87.6155
607.674	88.0726
609.603	88.6585
611.532	89.0603
613.461	89.2606
615.39	89.4136
617.32	89.4945
619.249	89.4617
621.178	89.4081
623.107	89.3925
625.036	89.412
626.965	89.4807
628.894	89.5514
630.823	89.483
632.753	89.217
634.682	88.8436
636.611	88.3838
638.54	87.7269
640.469	86.8506
642.398	85.8441
644.327	84.7398
646.256	83.5597
648.186	82.5445
650.115	82.0228
652.044	81.9527
653.973	82.1173
655.902	82.4768
657.831	82.979
659.76	83.6731
661.689	84.6892
663.619	85.8013
665.548	86.9994
667.477	88.7743
669.406	90.3788
671.335	90.7403
673.264	90.9245
675.193	91.4224
677.122	91.8454
679.052	92.0034
680.981	92.1691
682.91	92.3828
684.839	92.5544
686.768	92.7409
688.697	92.8669
690.626	92.8003
692.555	92.6822
694.485	92.7033
696.414	92.8034
698.343	92.8181
700.272	92.7191
702.201	92.6212
704.13	92.6227
706.059	92.6677
707.988	92.6514
709.917	92.6188
711.847	92.648
713.776	92.6554
715.705	92.5845
717.634	92.5662
719.563	92.6352
721.492	92.5954
723.421	92.3938
725.35	92.214
727.28	92.0939
729.209	91.8872
731.138	91.5728
733.067	91.2418
734.996	90.8918
736.925	90.4856
738.854	90.0173
740.783	89.4236
742.713	88.6639
744.642	87.8931
746.571	87.3747
748.5	87.2763
750.429	87.6014
752.358	88.1899
754.287	88.7922
756.216	89.2785
758.146	89.7153
760.075	90.1594
762.004	90.5278
763.933	90.7707
765.862	90.9795
767.791	91.2121
769.72	91.4141
771.649	91.5675
773.579	91.6959
775.508	91.7666
777.437	91.7825
779.366	91.8144
781.295	91.8336
783.224	91.7394
785.153	91.5458
787.082	91.333
789.012	91.1262
790.941	90.9145
792.87	90.6229
794.799	90.1147
796.728	89.3734
798.657	88.5205
800.586	87.5754
802.515	86.3798
804.445	84.7164
806.374	82.3769
808.303	79.3528
810.232	76.1844
812.161	73.8794
814.09	73.2393
816.019	74.3418
817.948	76.6235
819.878	79.2736
821.807	81.6319
823.736	83.44
825.665	84.772
827.594	85.7335
829.523	86.3436
831.452	86.6756
833.381	86.857
835.311	86.8831
837.24	86.6472
839.169	86.1507
841.098	85.515
843.027	84.8654
844.956	84.3289
846.885	84.0142
848.814	83.9176
850.744	83.9561
852.673	84.0785
854.602	84.2611
856.531	84.4679
858.46	84.6733
860.389	84.8672
862.318	85.0365
864.247	85.1561
866.177	85.1741
868.106	85.0377
870.035	84.7449
871.964	84.3178
873.893	83.7702
875.822	83.1536
877.751	82.5662
879.68	82.0983
881.609	81.8227
883.539	81.7761
885.468	81.8941
887.397	82.0453
889.326	82.1588
891.255	82.247
893.184	82.3354
895.113	82.4563
897.042	82.6793
898.972	83.0869
900.901	83.726
902.83	84.5758
904.759	85.5372
906.688	86.4614
908.617	87.2141
910.546	87.7254
912.475	87.982
914.405	87.9832
916.334	87.7327
918.263	87.2442
920.192	86.4994
922.121	85.4349
924.05	84.0009
925.979	82.1609
927.908	79.8578
929.838	77.0975
931.767	74.035
933.696	70.9251
935.625	68.0852
937.554	65.872
939.483	64.5188
941.412	64.0076
943.341	64.1659
945.271	64.8056
947.2	65.7685
949.129	66.9726
951.058	68.4002
952.987	69.9779
954.916	71.563
956.845	73.0727
958.774	74.5036
960.704	75.8924
962.633	77.3775
964.562	79.1256
966.491	81.0995
968.42	83.089
970.349	84.9343
972.278	86.5149
974.207	87.708
976.137	88.5417
978.066	89.1484
979.995	89.5087
981.924	89.5001
983.853	89.1436
985.782	88.5838
987.711	87.9661
989.64	87.4492
991.57	87.1314
993.499	86.8809
995.428	86.3872
997.357	85.4049
999.286	83.9225
1001.22	82.21
1003.14	80.724
1005.07	79.7969
1007	79.4076
1008.93	79.3946
1010.86	79.7515
1012.79	80.4709
1014.72	81.2565
1016.65	81.6697
1018.58	81.4641
1020.51	80.6097
1022.44	79.1519
1024.36	77.2507
1026.29	75.3041
1028.22	73.8024
1030.15	72.9028
1032.08	72.2733
1034.01	71.5354
1035.94	70.681
1037.87	69.8943
1039.8	69.2552
1041.73	68.8179
1043.66	68.7086
1045.58	68.9895
1047.51	69.5925
1049.44	70.3978
1051.37	71.24
1053.3	71.9282
1055.23	72.4151
1057.16	72.8449
1059.09	73.3232
1061.02	73.7408
1062.95	73.8957
1064.88	73.6915
1066.81	73.2215
1068.73	72.7715
1070.66	72.6805
1072.59	73.0895
1074.52	73.8676
1076.45	74.7949
1078.38	75.7125
1080.31	76.5083
1082.24	77.0814
1084.17	77.3607
1086.1	77.3287
1088.03	77.0153
1089.95	76.4372
1091.88	75.5647
1093.81	74.4011
1095.74	73.0389
1097.67	71.5709
1099.6	70.0163
1101.53	68.3733
1103.46	66.6663
1105.39	64.9213
1107.32	63.1493
1109.25	61.3647
1111.18	59.6045
1113.1	57.9267
1115.03	56.3693
1116.96	54.9164
1118.89	53.5292
1120.82	52.1891
1122.75	50.8947
1124.68	49.6369
1126.61	48.3613
1128.54	46.9605
1130.47	45.3598
1132.4	43.5824
1134.32	41.6934
1136.25	39.7697
1138.18	37.9418
1140.11	36.3601
1142.04	35.1317
1143.97	34.3464
1145.9	34.0758
1147.83	34.3055
1149.76	34.9543
1151.69	35.961
1153.62	37.2909
1155.55	38.8876
1157.47	40.6748
1159.4	42.5864
1161.33	44.5498
1163.26	46.4684
1165.19	48.2754
1167.12	49.966
1169.05	51.5409
1170.98	53.0053
1172.91	54.4374
1174.84	55.9333
1176.77	57.5027
1178.69	59.1256
1180.62	60.8329
1182.55	62.644
1184.48	64.5147
1186.41	66.4005
1188.34	68.3095
1190.27	70.2753
1192.2	72.3119
1194.13	74.4072
1196.06	76.557
1197.99	78.7571
1199.91	80.939
1201.84	82.9686
1203.77	84.7276
1205.7	86.173
1207.63	87.3279
1209.56	88.2481
1211.49	89.0666
1213.42	89.9672
1215.35	90.8278
1217.28	91.0786
1219.21	90.4635
1221.14	89.6099
1223.06	89.1867
1224.99	89.084
1226.92	88.8295
1228.85	88.2571
1230.78	87.441
1232.71	86.4276
1234.64	85.277
1236.57	84.1238
1238.5	83.12
1240.43	82.3483
1242.36	81.792
1244.28	81.4346
1246.21	81.3309
1248.14	81.5064
1250.07	81.8895
1252	82.376
1253.93	82.8513
1255.86	83.1991
1257.79	83.3683
1259.72	83.3638
1261.65	83.1867
1263.58	82.8719
1265.51	82.5285
1267.43	82.2611
1269.36	82.0799
1271.29	81.9257
1273.22	81.7563
1275.15	81.565
1277.08	81.3207
1279.01	80.9225
1280.94	80.2043
1282.87	78.9706
1284.8	77.0127
1286.73	74.1444
1288.65	70.4586
1290.58	66.6508
1292.51	63.8212
1294.44	62.8312
1296.37	63.8727
1298.3	66.454
1300.23	69.694
1302.16	72.7367
1304.09	75.0306
1306.02	76.3287
1307.95	76.5789
1309.87	75.9314
1311.8	74.7855
1313.73	73.677
1315.66	72.9369
1317.59	72.5755
1319.52	72.65
1321.45	73.3728
1323.38	74.7795
1325.31	76.677
1327.24	78.7918
1329.17	80.8997
1331.1	82.9244
1333.02	84.7571
1334.95	86.1966
1336.88	87.2299
1338.81	88.0391
1340.74	88.7413
1342.67	89.3897
1344.6	90.1203
1346.53	91.0268
1348.46	91.9806
1350.39	92.7382
1352.32	93.2195
1354.24	93.4915
1356.17	93.5729
1358.1	93.4451
1360.03	93.1391
1361.96	92.6485
1363.89	91.8722
1365.82	90.837
1367.75	89.919
1369.68	89.617
1371.61	89.8394
1373.54	89.8033
1375.47	89.0798
1377.39	88.2276
1379.32	87.8026
1381.25	87.7868
1383.18	87.9377
1385.11	88.081
1387.04	88.139
1388.97	88.0901
1390.9	87.9989
1392.83	87.9115
1394.76	87.7746
1396.69	87.4644
1398.61	86.9505
1400.54	86.4581
1402.47	86.3319
1404.4	86.7568
1406.33	87.5498
1408.26	88.2868
1410.19	88.8739
1412.12	89.3961
1414.05	89.7987
1415.98	90.0906
1417.91	90.3196
1419.83	90.3939
1421.76	90.2602
1423.69	89.9483
1425.62	89.5243
1427.55	89.0339
1429.48	88.2879
1431.41	87.2282
1433.34	86.1529
1435.27	85.0581
1437.2	83.8144
1439.13	82.8018
1441.06	82.1198
1442.98	81.4868
1444.91	80.808
1446.84	80.0335
1448.77	79.0684
1450.7	78.2245
1452.63	77.9662
1454.56	78.407
1456.49	79.7524
1458.42	81.5387
1460.35	82.6553
1462.28	83.5347
1464.2	84.68
1466.13	85.8327
1468.06	86.6461
1469.99	87.4363
1471.92	88.3792
1473.85	89.02
1475.78	89.1847
1477.71	89.3165
1479.64	89.5686
1481.57	89.9365
1483.5	90.407
1485.43	90.9458
1487.35	91.6037
1489.28	92.4203
1491.21	93.1498
1493.14	93.7088
1495.07	94.3146
1497	95.013
1498.93	95.5471
1500.86	95.8243
1502.79	96.034
1504.72	96.3359
1506.65	96.7755
1508.57	96.9618
1510.5	96.8511
1512.43	96.7957
1514.36	96.8878
1516.29	97.0465
1518.22	97.1652
1520.15	97.2339
1522.08	97.2792
1524.01	97.3132
1525.94	97.2965
1527.87	97.2045
1529.8	97.141
1531.72	97.2006
1533.65	97.2963
1535.58	97.2903
1537.51	97.3085
1539.44	97.5137
1541.37	97.6775
1543.3	97.5023
1545.23	97.2757
1547.16	97.1572
1549.09	97.1352
1551.02	97.1489
1552.94	97.1425
1554.87	97.1629
1556.8	97.3179
1558.73	97.5121
1560.66	97.4011
1562.59	97.1704
1564.52	97.0048
1566.45	96.9316
1568.38	96.9396
1570.31	96.9067
1572.24	96.8327
1574.16	96.863
1576.09	96.9426
1578.02	96.8393
1579.95	96.6616
1581.88	96.5645
1583.81	96.4744
1585.74	96.3399
1587.67	96.2445
1589.6	96.2323
1591.53	96.2501
1593.46	96.2408
1595.39	96.189
1597.31	96.1022
1599.24	96.0048
1601.17	95.9221
1603.1	95.8428
1605.03	95.7425
1606.96	95.6416
1608.89	95.5199
1610.82	95.3187
1612.75	95.1204
1614.68	94.9671
1616.61	94.629
1618.53	94.0695
1620.46	93.5346
1622.39	92.8537
1624.32	91.9122
1626.25	90.9589
1628.18	89.8588
1630.11	88.5283
1632.04	87.3939
1633.97	86.4648
1635.9	85.2716
1637.83	84.5325
1639.76	85.4582
1641.68	87.6041
1643.61	89.9852
1645.54	92.174
1647.47	93.858
1649.4	94.5718
1651.33	94.8224
1653.26	95.2392
1655.19	95.4815
1657.12	95.3288
1659.05	95.1831
1660.98	95.1201
1662.9	94.9882
1664.83	94.7456
1666.76	94.5776
1668.69	94.5519
1670.62	94.4201
1672.55	94.0713
1674.48	93.6411
1676.41	93.0519
1678.34	92.4346
1680.27	92.0259
1682.2	91.6746
1684.12	91.105
1686.05	90.3329
1687.98	89.3435
1689.91	88.1165
1691.84	86.747
1693.77	85.0457
1695.7	82.9005
1697.63	80.476
1699.56	77.2031
1701.49	73.1338
1703.42	69.541
1705.35	66.0342
1707.27	61.9237
1709.2	58.1431
1711.13	55.2254
1713.06	52.7095
1714.99	50.9009
1716.92	50.2533
1718.85	50.1722
1720.78	50.9201
1722.71	52.9867
1724.64	56.0536
1726.57	59.8638
1728.49	64.1418
1730.42	68.4064
1732.35	72.8418
1734.28	77.8068
1736.21	81.9859
1738.14	84.8426
1740.07	87.3362
1742	89.8421
1743.93	91.9938
1745.86	93.8767
1747.79	95.7198
1749.72	97.3042
1751.64	98.4446
1753.57	99.1977
1755.5	99.6038
1757.43	99.8508
1759.36	100.057
1761.29	100.069
1763.22	99.8568
1765.15	99.5474
1767.08	99.2245
1769.01	99.0325
1770.94	99.0255
1772.86	98.9437
1774.79	98.6612
1776.72	98.3756
1778.65	98.2197
1780.58	98.1872
1782.51	98.1296
1784.44	97.9929
1786.37	97.954
1788.3	98.0612
1790.23	98.1699
1792.16	98.2039
1794.08	98.1429
1796.01	98.0188
1797.94	97.9394
1799.87	97.9544
1801.8	97.9948
1803.73	97.9947
1805.66	97.9606
1807.59	97.9458
1809.52	97.9786
1811.45	97.9574
1813.38	97.8671
1815.31	97.8918
1817.23	98.0347
1819.16	98.0873
1821.09	98.0647
1823.02	98.1224
1824.95	98.1959
1826.88	98.153
1828.81	98.0434
1830.74	97.9881
1832.67	98.0394
1834.6	98.1449
1836.53	98.2152
1838.45	98.1884
1840.38	98.1011
1842.31	98.0698
1844.24	98.1617
1846.17	98.2508
1848.1	98.2419
1850.03	98.2463
1851.96	98.3297
1853.89	98.4207
1855.82	98.4523
1857.75	98.4369
1859.68	98.4351
1861.6	98.4904
1863.53	98.5739
1865.46	98.6495
1867.39	98.7149
1869.32	98.7093
1871.25	98.5831
1873.18	98.4543
1875.11	98.4696
1877.04	98.6064
1878.97	98.6462
1880.9	98.5096
1882.82	98.4281
1884.75	98.5573
1886.68	98.7193
1888.61	98.7508
1890.54	98.7406
1892.47	98.7974
1894.4	98.8715
1896.33	98.896
1898.26	98.9149
1900.19	98.9934
1902.12	99.0515
1904.05	98.9787
1905.97	98.873
1907.9	98.8964
1909.83	99.0215
1911.76	99.1166
1913.69	99.1017
1915.62	98.9723
1917.55	98.8623
1919.48	98.9467
1921.41	99.1349
1923.34	99.2064
1925.27	99.1544
1927.19	99.1425
1929.12	99.241
1931.05	99.3996
1932.98	99.5374
1934.91	99.5552
1936.84	99.441
1938.77	99.3826
1940.7	99.4948
1942.63	99.6049
1944.56	99.6438
1946.49	99.7709
1948.41	99.8424
1950.34	99.6396
1952.27	99.4476
1954.2	99.5395
1956.13	99.664
1958.06	99.6839
1959.99	99.7955
1961.92	99.8991
1963.85	99.7758
1965.78	99.6284
1967.71	99.6417
1969.64	99.6122
1971.56	99.5368
1973.49	99.7481
1975.42	100.218
1977.35	100.497
1979.28	100.423
1981.21	100.218
1983.14	100.057
1985.07	100.019
1987	100.093
1988.93	100.105
1990.86	100.024
1992.78	100.029
1994.71	100.054
1996.64	99.9521
1998.57	99.9669
2000.5	100.24
2002.43	100.366
2004.36	100.14
2006.29	99.9637
2008.22	100.06
2010.15	100.172
2012.08	100.158
2014.01	100.126
2015.93	100.11
2017.86	100.081
2019.79	100.106
2021.72	100.279
2023.65	100.5
2025.58	100.513
2027.51	100.325
2029.44	100.257
2031.37	100.322
2033.3	100.198
2035.23	99.9705
2037.15	99.9956
2039.08	100.141
2041.01	100.098
2042.94	99.9876
2044.87	100.023
2046.8	100.158
2048.73	100.287
2050.66	100.304
2052.59	100.148
2054.52	99.9953
2056.45	100.01
2058.37	100.049
2060.3	99.975
2062.23	99.9188
2064.16	100.008
2066.09	100.154
2068.02	100.206
2069.95	100.108
2071.88	99.9276
2073.81	99.8177
2075.74	99.8647
2077.67	99.9932
2079.6	100.072
2081.52	100.046
2083.45	99.9197
2085.38	99.728
2087.31	99.5968
2089.24	99.648
2091.17	99.7885
2093.1	99.8234
2095.03	99.797
2096.96	99.8848
2098.89	99.9925
2100.82	99.9056
2102.74	99.7053
2104.67	99.6007
2106.6	99.5894
2108.53	99.6135
2110.46	99.7029
2112.39	99.7936
2114.32	99.7991
2116.25	99.8008
2118.18	99.8312
2120.11	99.7787
2122.04	99.6977
2123.97	99.7491
2125.89	99.8589
2127.82	99.8915
2129.75	99.9099
2131.68	99.9621
2133.61	100.008
2135.54	100.101
2137.47	100.232
2139.4	100.235
2141.33	100.125
2143.26	100.082
2145.19	100.078
2147.11	100.003
2149.04	99.9632
2150.97	100.055
2152.9	100.133
2154.83	100.085
2156.76	100.035
2158.69	100.155
2160.62	100.44
2162.55	100.723
2164.48	100.858
2166.41	100.863
2168.33	100.83
2170.26	100.729
2172.19	100.475
2174.12	100.2
2176.05	100.176
2177.98	100.382
2179.91	100.522
2181.84	100.544
2183.77	100.635
2185.7	100.694
2187.63	100.458
2189.56	100.081
2191.48	99.9086
2193.41	99.9137
2195.34	99.8988
2197.27	99.9231
2199.2	100.127
2201.13	100.412
2203.06	100.541
2204.99	100.456
2206.92	100.379
2208.85	100.477
2210.78	100.551
2212.7	100.379
2214.63	100.211
2216.56	100.417
2218.49	100.79
2220.42	100.82
2222.35	100.506
2224.28	100.225
2226.21	100.139
2228.14	100.215
2230.07	100.364
2232	100.394
2233.93	100.295
2235.85	100.301
2237.78	100.364
2239.71	100.274
2241.64	100.197
2243.57	100.314
2245.5	100.386
2247.43	100.274
2249.36	100.172
2251.29	100.168
2253.22	100.232
2255.15	100.368
2257.07	100.439
2259	100.3
2260.93	100.132
2262.86	100.186
2264.79	100.403
2266.72	100.588
2268.65	100.661
2270.58	100.626
2272.51	100.538
2274.44	100.508
2276.37	100.554
2278.29	100.537
2280.22	100.393
2282.15	100.269
2284.08	100.251
2286.01	100.228
2287.94	100.16
2289.87	100.172
2291.8	100.29
2293.73	100.367
2295.66	100.329
2297.59	100.309
2299.52	100.47
2301.44	100.756
2303.37	100.937
2305.3	100.983
2307.23	101.156
2309.16	101.537
2311.09	101.84
2313.02	102.001
2314.95	102.347
2316.88	102.901
2318.81	103.282
2320.74	103.418
2322.66	103.617
2324.59	103.916
2326.52	104.122
2328.45	104.285
2330.38	104.513
2332.31	104.661
2334.24	104.668
2336.17	104.791
2338.1	105.19
2340.03	105.688
2341.96	105.953
2343.89	105.498
2345.81	104.288
2347.74	103.338
2349.67	103.279
2351.6	103.969
2353.53	104.967
2355.46	105.922
2357.39	106.887
2359.32	107.64
2361.25	107.811
2363.18	107.584
2365.11	107.017
2367.03	106.057
2368.96	105.054
2370.89	104.212
2372.82	103.379
2374.75	102.485
2376.68	101.665
2378.61	101.033
2380.54	100.51
2382.47	99.9902
2384.4	99.5502
2386.33	99.2787
2388.26	99.0778
2390.18	98.8641
2392.11	98.7274
2394.04	98.7012
2395.97	98.6961
2397.9	98.715
2399.83	98.7795
2401.76	98.7814
2403.69	98.7008
2405.62	98.6901
2407.55	98.7709
2409.48	98.7904
2411.4	98.7206
2413.33	98.6769
2415.26	98.6879
2417.19	98.7116
2419.12	98.7744
2421.05	98.8729
2422.98	98.9034
2424.91	98.8788
2426.84	98.947
2428.77	99.0518
2430.7	98.976
2432.62	98.7932
2434.55	98.7705
2436.48	98.8805
2438.41	98.9154
2440.34	98.8805
2442.27	98.8919
2444.2	98.9712
2446.13	99.0894
2448.06	99.1574
2449.99	99.0906
2451.92	98.9877
2453.85	98.9602
2455.77	98.9284
2457.7	98.8662
2459.63	98.8915
2461.56	98.9631
2463.49	98.9278
2465.42	98.8251
2467.35	98.7884
2469.28	98.837
2471.21	98.9324
2473.14	99.0136
2475.07	99.0188
2476.99	99.0085
2478.92	99.0609
2480.85	99.0706
2482.78	98.9343
2484.71	98.7892
2486.64	98.7985
2488.57	98.9159
2490.5	99.0389
2492.43	99.1608
2494.36	99.242
2496.29	99.1686
2498.22	98.9805
2500.14	98.9157
2502.07	99.0564
2504	99.1702
2505.93	99.1077
2507.86	99.0346
2509.79	99.0498
2511.72	99.0177
2513.65	98.938
2515.58	98.9634
2517.51	99.0342
2519.44	99.0053
2521.36	98.9656
2523.29	99.0302
2525.22	99.1142
2527.15	99.1301
2529.08	99.1019
2531.01	99.0638
2532.94	99.06
2534.87	99.1405
2536.8	99.2689
2538.73	99.3405
2540.66	99.2781
2542.58	99.1047
2544.51	98.9775
2546.44	99.0291
2548.37	99.1431
2550.3	99.1223
2552.23	99.0427
2554.16	99.1074
2556.09	99.2516
2558.02	99.2785
2559.95	99.2296
2561.88	99.2539
2563.81	99.3194
2565.73	99.3284
2567.66	99.2801
2569.59	99.2027
2571.52	99.1279
2573.45	99.1039
2575.38	99.1313
2577.31	99.1798
2579.24	99.2441
2581.17	99.3138
2583.1	99.3845
2585.03	99.4732
2586.95	99.5594
2588.88	99.601
2590.81	99.5841
2592.74	99.5011
2594.67	99.388
2596.6	99.3178
2598.53	99.2612
2600.46	99.146
2602.39	99.0364
2604.32	99.0118
2606.25	99.0322
2608.18	99.0687
2610.1	99.1113
2612.03	99.0788
2613.96	98.9793
2615.89	98.9596
2617.82	99.0304
2619.75	99.0508
2621.68	99.0204
2623.61	99.0411
2625.54	99.0556
2627.47	98.9579
2629.4	98.8306
2631.32	98.7912
2633.25	98.7893
2635.18	98.7812
2637.11	98.8534
2639.04	98.9934
2640.97	99.0337
2642.9	98.9399
2644.83	98.8566
2646.76	98.8414
2648.69	98.8194
2650.62	98.7554
2652.54	98.691
2654.47	98.6788
2656.4	98.7305
2658.33	98.764
2660.26	98.6879
2662.19	98.5695
2664.12	98.5456
2666.05	98.5916
2667.98	98.5891
2669.91	98.5363
2671.84	98.4962
2673.77	98.4646
2675.69	98.4295
2677.62	98.4124
2679.55	98.4049
2681.48	98.3917
2683.41	98.3984
2685.34	98.4245
2687.27	98.4255
2689.2	98.4056
2691.13	98.4113
2693.06	98.4249
2694.99	98.3831
2696.91	98.2947
2698.84	98.2402
2700.77	98.2528
2702.7	98.2784
2704.63	98.2616
2706.56	98.2121
2708.49	98.1659
2710.42	98.1268
2712.35	98.09
2714.28	98.0886
2716.21	98.1395
2718.14	98.1751
2720.06	98.1393
2721.99	98.0989
2723.92	98.1201
2725.85	98.1337
2727.78	98.0831
2729.71	98.0463
2731.64	98.0667
2733.57	98.071
2735.5	98.0479
2737.43	98.0681
2739.36	98.1056
2741.28	98.0691
2743.21	97.9708
2745.14	97.8916
2747.07	97.8693
2749	97.9066
2750.93	97.983
2752.86	98.0474
2754.79	98.0867
2756.72	98.14
2758.65	98.1979
2760.58	98.2003
2762.51	98.1517
2764.43	98.1139
2766.36	98.0892
2768.29	98.0253
2770.22	97.9327
2772.15	97.9053
2774.08	97.9805
2776.01	98.047
2777.94	98.0053
2779.87	97.9446
2781.8	97.9646
2783.73	97.9603
2785.65	97.8393
2787.58	97.7247
2789.51	97.7131
2791.44	97.7473
2793.37	97.8235
2795.3	97.9404
2797.23	97.9515
2799.16	97.8297
2801.09	97.7722
2803.02	97.811
2804.95	97.7585
2806.87	97.6038
2808.8	97.5107
2810.73	97.5041
2812.66	97.4987
2814.59	97.4738
2816.52	97.437
2818.45	97.3684
2820.38	97.2675
2822.31	97.1702
2824.24	97.0988
2826.17	97.0254
2828.1	96.9167
2830.02	96.7926
2831.95	96.6681
2833.88	96.5098
2835.81	96.336
2837.74	96.2273
2839.67	96.1834
2841.6	96.1279
2843.53	96.0371
2845.46	95.9116
2847.39	95.7036
2849.32	95.4033
2851.24	95.1061
2853.17	94.8611
2855.1	94.5385
2857.03	94.0073
2858.96	93.3772
2860.89	92.8639
2862.82	92.4997
2864.75	92.1806
2866.68	91.8558
2868.61	91.5245
2870.54	91.2214
2872.47	91.0503
2874.39	91.0916
2876.32	91.3235
2878.25	91.651
2880.18	91.9326
2882.11	92.088
2884.04	92.1882
2885.97	92.3127
2887.9	92.4549
2889.83	92.5982
2891.76	92.6784
2893.69	92.6387
2895.61	92.6362
2897.54	92.7987
2899.47	92.8909
2901.4	92.7239
2903.33	92.5265
2905.26	92.4865
2907.19	92.473
2909.12	92.3908
2911.05	92.2483
2912.98	91.9705
2914.91	91.5918
2916.83	91.3306
2918.76	91.1837
2920.69	90.8814
2922.62	90.3576
2924.55	89.7461
2926.48	89.0349
2928.41	88.2852
2930.34	87.8627
2932.27	87.94
2934.2	88.2214
2936.13	88.478
2938.06	88.8066
2939.98	89.2167
2941.91	89.4837
2943.84	89.4353
2945.77	89.1029
2947.7	88.6441
2949.63	88.1793
2951.56	87.7132
2953.49	87.2602
2955.42	86.8828
2957.35	86.5948
2959.28	86.4676
2961.2	86.6795
2963.13	87.2917
2965.06	88.2373
2966.99	89.4318
2968.92	90.5986
2970.85	91.3583
2972.78	91.7028
2974.71	91.9364
2976.64	92.2358
2978.57	92.5851
2980.5	92.8714
2982.43	93.0019
2984.35	93.1156
2986.28	93.3878
2988.21	93.6839
2990.14	93.8994
2992.07	94.2432
2994	94.7279
2995.93	95.0601
2997.86	95.2574
2999.79	95.6043
3001.72	96.0979
3003.65	96.5435
3005.57	96.8606
3007.5	97.0395
3009.43	97.1417
3011.36	97.2733
3013.29	97.4032
3015.22	97.4794
3017.15	97.5942
3019.08	97.7882
3021.01	98.0216
3022.94	98.3074
3024.87	98.5109
3026.79	98.4435
3028.72	98.3339
3030.65	98.4807
3032.58	98.6142
3034.51	98.4081
3036.44	98.1654
3038.37	98.2622
3040.3	98.5141
3042.23	98.6
3044.16	98.5429
3046.09	98.4986
3048.02	98.5067
3049.94	98.5483
3051.87	98.6174
3053.8	98.7147
3055.73	98.8342
3057.66	98.9276
3059.59	98.8941
3061.52	98.7087
3063.45	98.5635
3065.38	98.6754
3067.31	98.919
3069.24	98.983
3071.16	98.8543
3073.09	98.7182
3075.02	98.5904
3076.95	98.4541
3078.88	98.4271
3080.81	98.542
3082.74	98.7153
3084.67	98.8854
3086.6	98.933
3088.53	98.7869
3090.46	98.6611
3092.39	98.7507
3094.31	98.8885
3096.24	98.8529
3098.17	98.6764
3100.1	98.4479
3102.03	98.1998
3103.96	98.0571
3105.89	98.1533
3107.82	98.3557
3109.75	98.3944
3111.68	98.3269
3113.61	98.444
3115.53	98.6498
3117.46	98.6037
3119.39	98.4201
3121.32	98.4129
3123.25	98.4888
3125.18	98.5076
3127.11	98.5889
3129.04	98.6629
3130.97	98.5547
3132.9	98.4682
3134.83	98.5981
3136.75	98.6817
3138.68	98.5217
3140.61	98.3319
3142.54	98.2966
3144.47	98.3534
3146.4	98.4418
3148.33	98.5315
3150.26	98.4983
3152.19	98.3136
3154.12	98.1948
3156.05	98.3073
3157.98	98.5071
3159.9	98.5692
3161.83	98.4633
3163.76	98.3241
3165.69	98.3428
3167.62	98.5649
3169.55	98.7209
3171.48	98.5829
3173.41	98.3604
3175.34	98.3094
3177.27	98.3148
3179.2	98.2308
3181.12	98.1809
3183.05	98.281
3184.98	98.4334
3186.91	98.4762
3188.84	98.4019
3190.77	98.3746
3192.7	98.4421
3194.63	98.3983
3196.56	98.1566
3198.49	97.9374
3200.42	97.9048
3202.35	98.0263
3204.27	98.247
3206.2	98.4545
3208.13	98.4912
3210.06	98.3581
3211.99	98.1664
3213.92	97.9909
3215.85	97.901
3217.78	97.9032
3219.71	97.9054
3221.64	97.922
3223.57	98.0778
3225.49	98.316
3227.42	98.4077
3229.35	98.2651
3231.28	98.0038
3233.21	97.768
3235.14	97.6954
3237.07	97.877
3239	98.1522
3240.93	98.2183
3242.86	98.085
3244.79	98.0295
3246.72	98.1185
3248.64	98.1947
3250.57	98.17
3252.5	98.0583
3254.43	97.9791
3256.36	98.0729
3258.29	98.2044
3260.22	98.1242
3262.15	97.9209
3264.08	97.7933
3266.01	97.6892
3267.94	97.5933
3269.86	97.6317
3271.79	97.7453
3273.72	97.8105
3275.65	97.8997
3277.58	98.01
3279.51	97.9597
3281.44	97.7781
3283.37	97.6975
3285.3	97.7328
3287.23	97.7115
3289.16	97.611
3291.08	97.5352
3293.01	97.535
3294.94	97.6115
3296.87	97.7135
3298.8	97.7369
3300.73	97.6633
3302.66	97.5786
3304.59	97.5089
3306.52	97.4095
3308.45	97.2961
3310.38	97.2655
3312.31	97.3674
3314.23	97.4689
3316.16	97.4084
3318.09	97.3015
3320.02	97.3474
3321.95	97.4247
3323.88	97.3468
3325.81	97.2288
3327.74	97.1794
3329.67	97.1219
3331.6	97.1116
3333.53	97.2292
3335.45	97.2894
3337.38	97.1824
3339.31	97.0738
3341.24	96.9857
3343.17	96.8344
3345.1	96.809
3347.03	96.9843
3348.96	97.0075
3350.89	96.8217
3352.82	96.8421
3354.75	97.0797
3356.68	97.1157
3358.6	96.9386
3360.53	96.8541
3362.46	96.8649
3364.39	96.8471
3366.32	96.8491
3368.25	96.8674
3370.18	96.8485
3372.11	96.8762
3374.04	96.9473
3375.97	96.9273
3377.9	96.8864
3379.82	96.9711
3381.75	97.084
3383.68	97.0865
3385.61	96.9907
3387.54	96.8484
3389.47	96.7827
3391.4	96.8878
3393.33	96.9384
3395.26	96.7006
3397.19	96.4319
3399.12	96.4602
3401.04	96.621
3402.97	96.6336
3404.9	96.5886
3406.83	96.6764
3408.76	96.8285
3410.69	96.8805
3412.62	96.8161
3414.55	96.7069
3416.48	96.5926
3418.41	96.5137
3420.34	96.5031
3422.27	96.4821
3424.19	96.3942
3426.12	96.4011
3428.05	96.6096
3429.98	96.8118
3431.91	96.7999
3433.84	96.6334
3435.77	96.4694
3437.7	96.4689
3439.63	96.6989
3441.56	96.921
3443.49	96.9018
3445.41	96.8405
3447.34	96.959
3449.27	97.0724
3451.2	97.0061
3453.13	96.8669
3455.06	96.7557
3456.99	96.7177
3458.92	96.7772
3460.85	96.8336
3462.78	96.8731
3464.71	97.0433
3466.64	97.2051
3468.56	97.0858
3470.49	96.9393
3472.42	97.0935
3474.35	97.1485
3476.28	96.7023
3478.21	96.2607
3480.14	96.391
3482.07	96.8178
3484	97.0072
3485.93	96.9653
3487.86	96.9885
3489.78	97.1452
3491.71	97.2305
3493.64	97.0979
3495.57	96.9223
3497.5	96.9306
3499.43	96.9659
3501.36	96.8026
3503.29	96.6453
3505.22	96.7063
3507.15	96.69
3509.08	96.4322
3511	96.3468
3512.93	96.6153
3514.86	96.7748
3516.79	96.6278
3518.72	96.5468
3520.65	96.6715
3522.58	96.7329
3524.51	96.7018
3526.44	96.7515
3528.37	96.8052
3530.3	96.7778
3532.23	96.7794
3534.15	96.7669
3536.08	96.5709
3538.01	96.3229
3539.94	96.3327
3541.87	96.5451
3543.8	96.6118
3545.73	96.4562
3547.66	96.4588
3549.59	96.7986
3551.52	97.0784
3553.45	96.8713
3555.37	96.3792
3557.3	96.1171
3559.23	96.1579
3561.16	96.2208
3563.09	96.2365
3565.02	96.4368
3566.95	96.8699
3568.88	97.1643
3570.81	97.1684
3572.74	97.1209
3574.67	97.1562
3576.6	97.2078
3578.52	97.1585
3580.45	97.0276
3582.38	97.0159
3584.31	97.3324
3586.24	97.916
3588.17	98.2293
3590.1	98.0331
3592.03	97.9943
3593.96	98.4002
3595.89	98.6615
3597.82	98.4733
3599.74	98.4514
3601.67	98.7824
3603.6	98.9469
3605.53	98.9068
3607.46	99.0299
3609.39	99.1807
3611.32	99.005
3613.25	98.6751
3615.18	98.5187
3617.11	98.6468
3619.04	98.9977
3620.97	99.2999
3622.89	99.3807
3624.82	99.4258
3626.75	99.5333
3628.68	99.5434
3630.61	99.4152
3632.54	99.3412
3634.47	99.2979
3636.4	99.2192
3638.33	99.196
3640.26	99.343
3642.19	99.6045
3644.11	99.7931
3646.04	99.9393
3647.97	100.384
3649.9	100.903
3651.83	100.602
3653.76	99.843
3655.69	99.3255
3657.62	99.1956
3659.55	99.1604
3661.48	99.146
3663.41	99.2221
3665.33	99.204
3667.26	99.0844
3669.19	99.306
3671.12	99.8944
3673.05	100.132
3674.98	99.9583
3676.91	99.8246
3678.84	99.7224
3680.77	99.5059
3682.7	99.364
3684.63	99.4031
3686.56	99.4942
3688.48	99.5703
3690.41	99.6187
3692.34	99.5968
3694.27	99.6027
3696.2	99.675
3698.13	99.7189
3700.06	99.7531
3701.99	99.8098
3703.92	99.7025
3705.85	99.5001
3707.78	99.6311
3709.7	100.19
3711.63	100.462
3713.56	99.9757
3715.49	99.4847
3717.42	99.5188
3719.35	99.8643
3721.28	99.9821
3723.21	99.8283
3725.14	99.943
3727.07	100.361
3729	100.508
3730.93	100.336
3732.85	100.469
3734.78	101.17
3736.71	101.402
3738.64	100.644
3740.57	99.8786
3742.5	99.7728
3744.43	100.229
3746.36	100.444
3748.29	100.258
3750.22	100.135
3752.15	100.14
3754.07	100.059
3756	99.8967
3757.93	99.7231
3759.86	99.5759
3761.79	99.4929
3763.72	99.4696
3765.65	99.4967
3767.58	99.5912
3769.51	99.727
3771.44	99.7566
3773.37	99.5933
3775.29	99.4033
3777.22	99.369
3779.15	99.4401
3781.08	99.4604
3783.01	99.4493
3784.94	99.3992
3786.87	99.216
3788.8	99.0395
3790.73	99.0834
3792.66	99.2724
3794.59	99.419
3796.52	99.4762
3798.44	99.4852
3800.37	99.4785
3802.3	99.4826
3804.23	99.5109
3806.16	99.5863
3808.09	99.671
3810.02	99.6483
3811.95	99.5458
3813.88	99.4293
3815.81	99.2803
3817.74	99.2597
3819.66	99.5865
3821.59	99.9266
3823.52	99.748
3825.45	99.3749
3827.38	99.2806
3829.31	99.4132
3831.24	99.5238
3833.17	99.5252
3835.1	99.4778
3837.03	99.5497
3838.96	99.8091
3840.89	99.9388
3842.81	99.7436
3844.74	99.4484
3846.67	99.2965
3848.6	99.3304
3850.53	99.4939
3852.46	99.7574
3854.39	100.014
3856.32	100.01
3858.25	99.7505
3860.18	99.5065
3862.11	99.6211
3864.03	99.9863
3865.96	100.006
3867.89	99.6915
3869.82	99.5796
3871.75	99.702
3873.68	99.6131
3875.61	99.3583
3877.54	99.2981
3879.47	99.5005
3881.4	99.7501
3883.33	99.9094
3885.25	99.9539
3887.18	99.7759
3889.11	99.4422
3891.04	99.2556
3892.97	99.3439
3894.9	99.4391
3896.83	99.3823
3898.76	99.3338
3900.69	99.4017
3902.62	99.4496
3904.55	99.4392
3906.48	99.5018
3908.4	99.6232
3910.33	99.6817
3912.26	99.6022
3914.19	99.4305
3916.12	99.3284
3918.05	99.3656
3919.98	99.356
3921.91	99.1922
3923.84	99.0477
3925.77	99.0325
3927.7	99.0355
3929.62	99.0495
3931.55	99.2009
3933.48	99.4265
3935.41	99.5447
3937.34	99.5148
3939.27	99.3478
3941.2	99.1148
3943.13	99.0084
3945.06	99.1152
3946.99	99.3508
3948.92	99.6077
3950.85	99.689
3952.77	99.4941
3954.7	99.2652
3956.63	99.1879
3958.56	99.1249
3960.49	99.0463
3962.42	99.1425
3964.35	99.3345
3966.28	99.374
3968.21	99.303
3970.14	99.251
3972.07	99.1708
3973.99	99.0805
3975.92	99.1161
3977.85	99.2294
3979.78	99.228
3981.71	99.098
3983.64	99.0217
3985.57	99.1009
3987.5	99.2328
3989.43	99.2802
3991.36	99.2427
3993.29	99.2063
3995.22	99.1982
3997.14	99.1886
