499.643	87.5173
501.572	87.1652
503.501	86.5922
505.43	86.7596
507.36	87.0934
509.289	86.5834
511.218	86.0008
513.147	86.2022
515.076	86.3994
517.005	86.127
518.934	86.2296
520.863	86.6391
522.792	86.4413
524.722	85.9401
526.651	85.8946
528.58	86.0566
530.509	86.1971
532.438	86.6462
534.367	87.2506
536.296	87.6407
538.225	88.0937
540.155	88.7731
542.084	89.1442
544.013	88.9896
545.942	88.855
547.871	89.093
549.8	89.3859
551.729	89.4122
553.658	89.3094
555.588	89.2661
557.517	89.2013
559.446	89.1102
561.375	89.1825
563.304	89.4051
565.233	89.6496
567.162	89.9287
569.091	90.0481
571.021	89.8115
572.95	89.663
574.879	89.9584
576.808	90.1866
578.737	89.9179
580.666	89.4894
582.595	89.1741
584.524	88.8942
586.454	88.5762
588.383	88.0602
590.312	87.2697
592.241	86.6215
594.17	86.4826
596.099	86.5704
598.028	86.5858
599.957	86.7139
601.887	87.1073
603.816	87.5381
605.745	87.8385
607.674	88.1525
609.603	88.5677
611.532	88.9233
613.461	89.1303
615.39	89.2875
617.32	89.428
619.249	89.4987
621.178	89.5312
623.107	89.5648
625.036	89.5637
626.965	89.511
628.894	89.4093
630.823	89.2221
632.753	88.9499
634.682	88.6359
636.611	88.2237
638.54	87.5821
640.469	86.6771
642.398	85.5964
644.327	84.4766
646.256	83.4373
648.186	82.6092
650.115	82.1482
652.044	82.0624
653.973	82.2504
655.902	82.6058
657.831	83.0274
659.76	83.663
661.689	84.6807
663.619	85.8089
665.548	87.0603
667.477	88.9433
669.406	90.617
671.335	91.0295
673.264	91.2553
675.193	91.6502
677.122	91.8963
679.052	92.0752
680.981	92.3942
682.91	92.6164
684.839	92.6703
686.768	92.7924
688.697	92.9062
690.626	92.8135
692.555	92.6765
694.485	92.7215
696.414	92.8835
698.343	92.9464
700.272	92.8203
702.201	92.6496
704.13	92.6271
706.059	92.6935
707.988	92.6626
709.917	92.5879
711.847	92.6201
713.776	92.6843
715.705	92.6792
717.634	92.6884
719.563	92.7121
721.492	92.585
723.421	92.3201
725.35	92.1059
727.28	91.9768
729.209	91.8178
731.138	91.5718
733.067	91.2499
734.996	90.8636
736.925	90.4442
738.854	89.9973
740.783	89.4344
742.713	88.6891
744.642	87.8908
746.571	87.3183
748.5	87.1803
750.429	87.4751
752.358	88.0291
754.287	88.654
756.216	89.2593
758.146	89.8012
760.075	90.2239
762.004	90.5286
763.933	90.7925
765.862	91.0456
767.791	91.2357
769.72	91.3591
771.649	91.4926
773.579	91.6457
775.508	91.7384
777.437	91.7626
779.366	91.7838
781.295	91.7838
783.224	91.6912
785.153	91.5214
787.082	91.3372
789.012	91.1517
790.941	90.9301
792.87	90.5993
794.799	90.0891
796.728	89.4143
798.657	88.6192
800.586	87.661
802.515	86.4264
804.445	84.7501
806.374	82.4047
808.303	79.361
810.232	76.1779
812.161	73.8718
814.09	73.2314
816.019	74.3318
817.948	76.6075
819.878	79.2408
821.807	81.5862
823.736	83.4027
825.665	84.7525
827.594	85.7361
829.523	86.383
831.452	86.7333
833.381	86.8757
835.311	86.8541
837.24	86.6252
839.169	86.1602
841.098	85.5211
843.027	84.8246
844.956	84.2134
846.885	83.8412
848.814	83.7716
850.744	83.9036
852.673	84.0856
854.602	84.2669
856.531	84.4668
858.46	84.6663
860.389	84.8229
862.318	84.9466
864.247	85.0511
866.177	85.0696
868.106	84.9301
870.035	84.6503
871.964	84.257
873.893	83.7334
875.822	83.1203
877.751	82.5323
879.68	82.0619
881.609	81.7717
883.539	81.7087
885.468	81.8375
887.397	82.0354
889.326	82.1969
891.255	82.2987
893.184	82.376
895.113	82.4857
897.042	82.6911
898.972	83.0681
900.901	83.6877
902.83	84.5513
904.759	85.5473
906.688	86.5007
908.617	87.2607
910.546	87.7542
912.475	87.9885
914.405	87.993
916.334	87.7588
918.263	87.2603
920.192	86.4954
922.121	85.4404
924.05	84.0186
925.979	82.1628
927.908	79.8504
929.838	77.102
931.767	74.0409
933.696	70.9295
935.625	68.1043
937.554	65.8905
939.483	64.5105
941.412	63.9835
943.341	64.143
945.271	64.7848
947.2	65.7643
949.129	66.9959
951.058	68.4284
952.987	69.9919
954.916	71.5691
956.845	73.0647
958.774	74.4741
960.704	75.8717
962.633	77.3809
964.562	79.1122
966.491	81.0546
968.42	83.0555
970.349	84.9133
972.278	86.4611
974.207	87.6303
976.137	88.4797
978.066	89.0873
979.995	89.4269
981.924	89.434
983.853	89.1281
985.782	88.5986
987.711	87.9773
989.64	87.4516
991.57	87.1312
993.499	86.8703
995.428	86.3517
997.357	85.3504
999.286	83.876
1001.22	82.1891
1003.14	80.7251
1005.07	79.8128
1007	79.4299
1008.93	79.4036
1010.86	79.7353
1012.79	80.4443
1014.72	81.2337
1016.65	81.6455
1018.58	81.443
1020.51	80.6104
1022.44	79.1689
1024.36	77.2673
1026.29	75.3284
1028.22	73.8326
1030.15	72.8983
1032.08	72.2168
1034.01	71.4702
1035.94	70.6459
1037.87	69.8763
1039.8	69.2327
1041.73	68.8011
1043.66	68.7139
1045.58	69.005
1047.51	69.5923
1049.44	70.3749
1051.37	71.2089
1053.3	71.9075
1055.23	72.4148
1057.16	72.8605
1059.09	73.3373
1061.02	73.7356
1062.95	73.8607
1064.88	73.6253
1066.81	73.1377
1068.73	72.6908
1070.66	72.6129
1072.59	73.0363
1074.52	73.8285
1076.45	74.7574
1078.38	75.6551
1080.31	76.4267
1082.24	76.9981
1084.17	77.2997
1086.1	77.2841
1088.03	76.9498
1089.95	76.3239
1091.88	75.4214
1093.81	74.2684
1095.74	72.9406
1097.67	71.5028
1099.6	69.9531
1101.53	68.2947
1103.46	66.5831
1105.39	64.8508
1107.32	63.0799
1109.25	61.2784
1111.18	59.5046
1113.1	57.8212
1115.03	56.2616
1116.96	54.8117
1118.89	53.4246
1120.82	52.0803
1122.75	50.7923
1124.68	49.5409
1126.61	48.25
1128.54	46.841
1130.47	45.2737
1132.4	43.5358
1134.32	41.6446
1136.25	39.7018
1138.18	37.8906
1140.11	36.3613
1142.04	35.1781
1143.97	34.4017
1145.9	34.1122
1147.83	34.3239
1149.76	34.9707
1151.69	35.9797
1153.62	37.3048
1155.55	38.8973
1157.47	40.6888
1159.4	42.604
1161.33	44.5641
1163.26	46.4813
1165.19	48.2885
1167.12	49.9678
1169.05	51.5277
1170.98	52.9986
1172.91	54.452
1174.84	55.9487
1176.77	57.4884
1178.69	59.0781
1180.62	60.7777
1182.55	62.6088
1184.48	64.5047
1186.41	66.4034
1188.34	68.3142
1190.27	70.273
1192.2	72.2973
1194.13	74.3952
1196.06	76.5661
1197.99	78.7734
1199.91	80.9354
1201.84	82.9423
1203.77	84.6921
1205.7	86.143
1207.63	87.314
1209.56	88.2356
1211.49	89.0224
1213.42	89.8932
1215.35	90.7691
1217.28	91.0582
1219.21	90.4464
1221.14	89.5576
1223.06	89.1136
1224.99	89.0298
1226.92	88.7993
1228.85	88.2244
1230.78	87.3944
1232.71	86.379
1234.64	85.2395
1236.57	84.1
1238.5	83.0974
1240.43	82.3102
1242.36	81.7405
1244.28	81.3881
1246.21	81.2954
1248.14	81.4632
1250.07	81.8191
1252	82.285
1253.93	82.7636
1255.86	83.1273
1257.79	83.3129
1259.72	83.3232
1261.65	83.1441
1263.58	82.8028
1265.51	82.4401
1267.43	82.1868
1269.36	82.0349
1271.29	81.9023
1273.22	81.7438
1275.15	81.5487
1277.08	81.2934
1279.01	80.9027
1280.94	80.2131
1282.87	79.0041
1284.8	77.0556
1286.73	74.1831
1288.65	70.4826
1290.58	66.6674
1292.51	63.8453
1294.44	62.8535
1296.37	63.8769
1298.3	66.451
1300.23	69.7043
1302.16	72.7722
1304.09	75.1062
1306.02	76.4408
1307.95	76.6824
1309.87	75.9847
1311.8	74.7914
1313.73	73.6604
1315.66	72.9245
1317.59	72.589
1319.52	72.6774
1321.45	73.376
1323.38	74.7568
1325.31	76.6578
1327.24	78.7801
1329.17	80.8834
1331.1	82.9095
1333.02	84.748
1334.95	86.1887
1336.88	87.2371
1338.81	88.0753
1340.74	88.7892
1342.67	89.4306
1344.6	90.1484
1346.53	91.0285
1348.46	91.9554
1350.39	92.7171
1352.32	93.2215
1354.24	93.4971
1356.17	93.5618
1358.1	93.4299
1360.03	93.1422
1361.96	92.6643
1363.89	91.8758
1365.82	90.8319
1367.75	89.9287
1369.68	89.6469
1371.61	89.8735
1373.54	89.8211
1375.47	89.0729
1377.39	88.2114
1379.32	87.7937
1381.25	87.783
1383.18	87.9346
1385.11	88.0756
1387.04	88.1181
1388.97	88.0607
1390.9	87.9937
1392.83	87.9317
1394.76	87.7838
1396.69	87.4529
1398.61	86.9472
1400.54	86.4724
1402.47	86.3531
1404.4	86.7789
1406.33	87.5747
1408.26	88.3204
1410.19	88.91
1412.12	89.4159
1414.05	89.8053
1415.98	90.1006
1417.91	90.3094
1419.83	90.3325
1421.76	90.1936
1423.69	89.9175
1425.62	89.4995
1427.55	88.9822
1429.48	88.2343
1431.41	87.2046
1433.34	86.1534
1435.27	85.0791
1437.2	83.8603
1439.13	82.8469
1441.06	82.1431
1442.98	81.4973
1444.91	80.8107
1446.84	80.0094
1448.77	79.0147
1450.7	78.1789
1452.63	77.9516
1454.56	78.4069
1456.49	79.7341
1458.42	81.4917
1460.35	82.6034
1462.28	83.4968
1464.2	84.6664
1466.13	85.8396
1468.06	86.6626
1469.99	87.4573
1471.92	88.3898
1473.85	88.9996
1475.78	89.1461
1477.71	89.282
1479.64	89.5409
1481.57	89.9048
1483.5	90.3643
1485.43	90.8941
1487.35	91.5471
1489.28	92.3731
1491.21	93.1379
1493.14	93.7348
1495.07	94.3603
1497	95.0599
1498.93	95.5826
1500.86	95.8389
1502.79	96.0217
1504.72	96.296
1506.65	96.7199
1508.57	96.92
1510.5	96.8347
1512.43	96.7967
1514.36	96.8795
1516.29	97.003
1518.22	97.1201
1520.15	97.2556
1522.08	97.3393
1524.01	97.3153
1525.94	97.2451
1527.87	97.1653
1529.8	97.1177
1531.72	97.1708
1533.65	97.2929
1535.58	97.3465
1537.51	97.392
1539.44	97.5838
1541.37	97.7293
1543.3	97.5275
1545.23	97.2534
1547.16	97.1041
1549.09	97.0805
1551.02	97.101
1552.94	97.1257
1554.87	97.2251
1556.8	97.4605
1558.73	97.629
1560.66	97.4216
1562.59	97.153
1564.52	96.9888
1566.45	96.952
1568.38	97.0097
1570.31	96.9672
1572.24	96.8413
1574.16	96.8454
1576.09	96.9231
1578.02	96.8081
1579.95	96.6112
1581.88	96.5043
1583.81	96.4347
1585.74	96.3518
1587.67	96.2865
1589.6	96.2464
1591.53	96.2178
1593.46	96.1988
1595.39	96.1712
1597.31	96.1074
1599.24	96.0132
1601.17	95.9145
1603.1	95.8072
1605.03	95.6846
1606.96	95.5856
1608.89	95.4907
1610.82	95.3143
1612.75	95.1247
1614.68	94.9804
1616.61	94.6591
1618.53	94.1039
1620.46	93.5582
1622.39	92.8656
1624.32	91.9168
1626.25	90.9609
1628.18	89.8665
1630.11	88.5491
1632.04	87.4197
1633.97	86.4819
1635.9	85.2945
1637.83	84.5829
1639.76	85.5037
1641.68	87.6166
1643.61	89.9862
1645.54	92.2036
1647.47	93.9092
1649.4	94.6215
1651.33	94.8797
1653.26	95.2877
1655.19	95.4866
1657.12	95.3169
1659.05	95.1728
1660.98	95.1192
1662.9	95.0144
1664.83	94.789
1666.76	94.5983
1668.69	94.5428
1670.62	94.4365
1672.55	94.1304
1674.48	93.6946
1676.41	93.0614
1678.34	92.4046
1680.27	91.9691
1682.2	91.6004
1684.12	91.0409
1686.05	90.2912
1687.98	89.3087
1689.91	88.0839
1691.84	86.7197
1693.77	85.0277
1695.7	82.8924
1697.63	80.4611
1699.56	77.1732
1701.49	73.1254
1703.42	69.5672
1705.35	66.0556
1707.27	61.9026
1709.2	58.0729
1711.13	55.116
1713.06	52.6
1714.99	50.8758
1716.92	50.3542
1718.85	50.3042
1720.78	51.0122
1722.71	53.0381
1724.64	56.0512
1726.57	59.7943
1728.49	64.0375
1730.42	68.3311
1732.35	72.8518
1734.28	77.8502
1736.21	81.9216
1738.14	84.6542
1740.07	87.1244
1742	89.6931
1743.93	91.897
1745.86	93.8059
1747.79	95.6738
1749.72	97.2462
1751.64	98.34
1753.57	99.0924
1755.5	99.5557
1757.43	99.8539
1759.36	100.062
1761.29	100.061
1763.22	99.8592
1765.15	99.5555
1767.08	99.207
1769.01	98.9986
1770.94	99.0264
1772.86	98.9744
1774.79	98.6678
1776.72	98.3618
1778.65	98.2089
1780.58	98.1707
1782.51	98.102
1784.44	97.9716
1786.37	97.9451
1788.3	98.0639
1790.23	98.1899
1792.16	98.2358
1794.08	98.1825
1796.01	98.0759
1797.94	98.0012
1799.87	97.9938
1801.8	98.0171
1803.73	98.0139
1805.66	97.9646
1807.59	97.9306
1809.52	97.9636
1811.45	97.9609
1813.38	97.8893
1815.31	97.911
1817.23	98.0241
1819.16	98.0549
1821.09	98.0319
1823.02	98.0698
1824.95	98.1026
1826.88	98.0601
1828.81	98.002
1830.74	97.9904
1832.67	98.0514
1834.6	98.1567
1836.53	98.2165
1838.45	98.1743
1840.38	98.1297
1842.31	98.202
1844.24	98.2963
1846.17	98.2219
1848.1	98.1269
1850.03	98.1948
1851.96	98.3091
1853.89	98.3398
1855.82	98.3591
1857.75	98.3963
1859.68	98.3983
1861.6	98.4174
1863.53	98.5227
1865.46	98.6863
1867.39	98.8264
1869.32	98.8188
1871.25	98.6817
1873.18	98.6042
1875.11	98.6534
1877.04	98.7366
1878.97	98.7262
1880.9	98.6179
1882.82	98.5758
1884.75	98.6881
1886.68	98.7663
1888.61	98.6668
1890.54	98.5756
1892.47	98.6464
1894.4	98.7253
1896.33	98.729
1898.26	98.8168
1900.19	99.0172
1902.12	99.0918
1904.05	98.9477
1905.97	98.8181
1907.9	98.8532
1909.83	98.9567
1911.76	99.0445
1913.69	99.0628
1915.62	98.951
1917.55	98.8692
1919.48	99.0272
1921.41	99.1992
1923.34	99.0987
1925.27	98.925
1927.19	98.9823
1929.12	99.1675
1931.05	99.2614
1932.98	99.2889
1934.91	99.33
1936.84	99.3387
1938.77	99.3648
1940.7	99.5307
1942.63	99.6987
1944.56	99.6645
1946.49	99.5575
1948.41	99.4788
1950.34	99.3488
1952.27	99.3092
1954.2	99.5231
1956.13	99.7566
1958.06	99.7817
1959.99	99.7023
1961.92	99.599
1963.85	99.5111
1965.78	99.6098
1967.71	99.8432
1969.64	99.8996
1971.56	99.8254
1973.49	99.9474
1975.42	100.241
1977.35	100.391
1979.28	100.305
1981.21	100.131
1983.14	100.042
1985.07	100.142
1987	100.308
1988.93	100.289
1990.86	100.16
1992.78	100.203
1994.71	100.311
1996.64	100.222
1998.57	100.135
2000.5	100.299
2002.43	100.426
2004.36	100.219
2006.29	99.9621
2008.22	99.9756
2010.15	100.065
2012.08	100.038
2014.01	100.065
2015.93	100.172
2017.86	100.12
2019.79	99.9787
2021.72	100.047
2023.65	100.218
2025.58	100.169
2027.51	99.9965
2029.44	100.03
2031.37	100.227
2033.3	100.268
2035.23	100.141
2037.15	100.142
2039.08	100.291
2041.01	100.257
2042.94	100.03
2044.87	100.031
2046.8	100.355
2048.73	100.569
2050.66	100.418
2052.59	100.144
2054.52	100.037
2056.45	100.106
2058.37	100.164
2060.3	100.106
2062.23	100.034
2064.16	100.07
2066.09	100.149
2068.02	100.133
2069.95	100.014
2071.88	99.9178
2073.81	99.9383
2075.74	99.9917
2077.67	99.9679
2079.6	99.964
2081.52	100.042
2083.45	99.9743
2085.38	99.681
2087.31	99.4851
2089.24	99.5542
2091.17	99.6585
2093.1	99.6897
2095.03	99.7928
2096.96	99.9433
2098.89	99.9455
2100.82	99.8062
2102.74	99.7353
2104.67	99.8072
2106.6	99.8422
2108.53	99.7176
2110.46	99.6031
2112.39	99.6677
2114.32	99.8267
2116.25	99.9604
2118.18	100.034
2120.11	99.989
2122.04	99.8517
2123.97	99.762
2125.89	99.7486
2127.82	99.7562
2129.75	99.7887
2131.68	99.8072
2133.61	99.8123
2135.54	99.9823
2137.47	100.295
2139.4	100.408
2141.33	100.254
2143.26	100.109
2145.19	100.038
2147.11	99.9634
2149.04	99.9702
2150.97	100.08
2152.9	100.17
2154.83	100.245
2156.76	100.344
2158.69	100.421
2160.62	100.578
2162.55	100.853
2164.48	100.935
2166.41	100.699
2168.33	100.536
2170.26	100.64
2172.19	100.7
2174.12	100.555
2176.05	100.435
2177.98	100.429
2179.91	100.39
2181.84	100.346
2183.77	100.433
2185.7	100.498
2187.63	100.278
2189.56	99.9109
2191.48	99.7358
2193.41	99.8025
2195.34	99.9649
2197.27	100.177
2199.2	100.418
2201.13	100.599
2203.06	100.641
2204.99	100.538
2206.92	100.425
2208.85	100.417
2210.78	100.341
2212.7	100.063
2214.63	99.9291
2216.56	100.222
2218.49	100.582
2220.42	100.614
2222.35	100.442
2224.28	100.278
2226.21	100.186
2228.14	100.279
2230.07	100.492
2232	100.531
2233.93	100.403
2235.85	100.38
2237.78	100.464
2239.71	100.501
2241.64	100.481
2243.57	100.375
2245.5	100.198
2247.43	100.125
2249.36	100.154
2251.29	100.114
2253.22	100.114
2255.15	100.32
2257.07	100.5
2259	100.454
2260.93	100.39
2262.86	100.443
2264.79	100.458
2266.72	100.403
2268.65	100.417
2270.58	100.478
2272.51	100.476
2274.44	100.475
2276.37	100.554
2278.29	100.611
2280.22	100.535
2282.15	100.422
2284.08	100.417
2286.01	100.487
2287.94	100.469
2289.87	100.344
2291.8	100.291
2293.73	100.396
2295.66	100.506
2297.59	100.537
2299.52	100.638
2301.44	100.856
2303.37	101.033
2305.3	101.16
2307.23	101.417
2309.16	101.772
2311.09	101.998
2313.02	102.139
2314.95	102.472
2316.88	103.013
2318.81	103.527
2320.74	103.904
2322.66	104.173
2324.59	104.368
2326.52	104.585
2328.45	104.92
2330.38	105.223
2332.31	105.233
2334.24	105.068
2336.17	105.134
2338.1	105.596
2340.03	106.226
2341.96	106.595
2343.89	106.181
2345.81	104.976
2347.74	103.969
2349.67	103.784
2351.6	104.349
2353.53	105.308
2355.46	106.299
2357.39	107.342
2359.32	108.287
2361.25	108.658
2363.18	108.392
2365.11	107.561
2367.03	106.311
2368.96	105.136
2370.89	104.268
2372.82	103.52
2374.75	102.754
2376.68	102.006
2378.61	101.31
2380.54	100.637
2382.47	99.993
2384.4	99.4775
2386.33	99.1398
2388.26	98.9199
2390.18	98.7879
2392.11	98.7645
2394.04	98.7889
2395.97	98.7801
2397.9	98.7594
2399.83	98.7513
2401.76	98.7235
2403.69	98.6903
2405.62	98.7001
2407.55	98.737
2409.48	98.7451
2411.4	98.7001
2413.33	98.6346
2415.26	98.6146
2417.19	98.6747
2419.12	98.792
2421.05	98.9083
2422.98	98.9494
2424.91	98.9128
2426.84	98.9096
2428.77	98.9821
2430.7	99.0132
2432.62	98.9611
2434.55	98.9443
2436.48	98.99
2438.41	98.9819
2440.34	98.8873
2442.27	98.8065
2444.2	98.8393
2446.13	98.9955
2448.06	99.1555
2449.99	99.184
2451.92	99.1237
2453.85	99.0861
2455.77	99.0415
2457.7	98.9636
2459.63	98.9488
2461.56	98.9942
2463.49	98.9663
2465.42	98.8632
2467.35	98.8109
2469.28	98.8659
2471.21	98.9997
2473.14	99.1203
2475.07	99.1074
2476.99	99.0027
2478.92	98.9917
2480.85	99.0748
2482.78	99.0693
2484.71	98.9776
2486.64	98.9627
2488.57	99.0195
2490.5	99.0568
2492.43	99.1183
2494.36	99.1928
2496.29	99.1409
2498.22	99.0274
2500.14	99.0635
2502.07	99.1717
2504	99.1378
2505.93	99.0566
2507.86	99.0976
2509.79	99.1354
2511.72	99.0515
2513.65	98.995
2515.58	99.0565
2517.51	99.1112
2519.44	99.1049
2521.36	99.1144
2523.29	99.1493
2525.22	99.1704
2527.15	99.1701
2529.08	99.1183
2531.01	99.0374
2532.94	99.0653
2534.87	99.2222
2536.8	99.3333
2538.73	99.3318
2540.66	99.3213
2542.58	99.3025
2544.51	99.1992
2546.44	99.0752
2548.37	99.0289
2550.3	99.0434
2552.23	99.104
2554.16	99.2302
2556.09	99.332
2558.02	99.2959
2559.95	99.1969
2561.88	99.1867
2563.81	99.2495
2565.73	99.2591
2567.66	99.182
2569.59	99.094
2571.52	99.065
2573.45	99.0862
2575.38	99.1103
2577.31	99.1536
2579.24	99.2696
2581.17	99.4112
2583.1	99.4681
2585.03	99.4427
2586.95	99.4403
2588.88	99.4994
2590.81	99.5466
2592.74	99.5143
2594.67	99.4239
2596.6	99.3241
2598.53	99.2309
2600.46	99.1635
2602.39	99.1259
2604.32	99.0828
2606.25	99.0694
2608.18	99.1389
2610.1	99.1486
2612.03	98.9596
2613.96	98.781
2615.89	98.8471
2617.82	98.9818
2619.75	98.9455
2621.68	98.8723
2623.61	98.9585
2625.54	99.081
2627.47	99.0378
2629.4	98.8802
2631.32	98.7798
2633.25	98.7782
2635.18	98.8287
2637.11	98.9093
2639.04	98.9741
2640.97	98.9615
2642.9	98.9016
2644.83	98.8552
2646.76	98.808
2648.69	98.7495
2650.62	98.7074
2652.54	98.6644
2654.47	98.6183
2656.4	98.6356
2658.33	98.6957
2660.26	98.6772
2662.19	98.5809
2664.12	98.5276
2666.05	98.5431
2667.98	98.5584
2669.91	98.548
2671.84	98.5187
2673.77	98.4628
2675.69	98.406
2677.62	98.3957
2679.55	98.4114
2681.48	98.3945
2683.41	98.3629
2685.34	98.3695
2687.27	98.3834
2689.2	98.3688
2691.13	98.3851
2693.06	98.4446
2694.99	98.4431
2696.91	98.3611
2698.84	98.3042
2700.77	98.3038
2702.7	98.298
2704.63	98.26
2706.56	98.2104
2708.49	98.1905
2710.42	98.2239
2712.35	98.2604
2714.28	98.2559
2716.21	98.2508
2718.14	98.2544
2720.06	98.2197
2721.99	98.1708
2723.92	98.1521
2725.85	98.1282
2727.78	98.088
2729.71	98.0862
2731.64	98.1242
2733.57	98.161
2735.5	98.1924
2737.43	98.205
2739.36	98.1671
2741.28	98.1008
2743.21	98.0428
2745.14	97.9735
2747.07	97.8947
2749	97.8784
2750.93	97.9424
2752.86	98.0035
2754.79	98.0227
2756.72	98.0489
2758.65	98.1044
2760.58	98.1682
2762.51	98.2258
2764.43	98.2357
2766.36	98.1559
2768.29	98.0285
2770.22	97.9362
2772.15	97.9282
2774.08	97.9982
2776.01	98.0464
2777.94	97.977
2779.87	97.8745
2781.8	97.8628
2783.73	97.8808
2785.65	97.8443
2787.58	97.8136
2789.51	97.8266
2791.44	97.8468
2793.37	97.8892
2795.3	97.9446
2797.23	97.919
2799.16	97.8103
2801.09	97.7315
2803.02	97.705
2804.95	97.637
2806.87	97.5047
2808.8	97.4144
2810.73	97.4371
2812.66	97.499
2814.59	97.5121
2816.52	97.4742
2818.45	97.3692
2820.38	97.1962
2822.31	97.0854
2824.24	97.1038
2826.17	97.0984
2828.1	96.9597
2830.02	96.7635
2831.95	96.581
2833.88	96.4515
2835.81	96.4107
2837.74	96.3652
2839.67	96.2148
2841.6	96.0583
2843.53	95.9811
2845.46	95.8656
2847.39	95.615
2849.32	95.2924
2851.24	94.9992
2853.17	94.7737
2855.1	94.5168
2857.03	94.0772
2858.96	93.509
2860.89	93.0056
2862.82	92.6046
2864.75	92.2452
2866.68	91.9271
2868.61	91.6172
2870.54	91.2847
2872.47	91.0652
2874.39	91.1188
2876.32	91.4044
2878.25	91.7419
2880.18	91.9911
2882.11	92.1371
2884.04	92.24
2885.97	92.3339
2887.9	92.4553
2889.83	92.6465
2891.76	92.791
2893.69	92.7323
2895.61	92.6253
2897.54	92.7115
2899.47	92.8354
2901.4	92.7146
2903.33	92.4506
2905.26	92.313
2907.19	92.3356
2909.12	92.3903
2911.05	92.3597
2912.98	92.171
2914.91	91.8677
2916.83	91.5782
2918.76	91.311
2920.69	90.9399
2922.62	90.4375
2924.55	89.8765
2926.48	89.2203
2928.41	88.4612
2930.34	87.9079
2932.27	87.8887
2934.2	88.2513
2936.13	88.5818
2938.06	88.784
2939.98	89.0286
2941.91	89.3129
2943.84	89.4225
2945.77	89.2302
2947.7	88.8153
2949.63	88.326
2951.56	87.8374
2953.49	87.3442
2955.42	86.8643
2957.35	86.5519
2959.28	86.5842
2961.2	86.8854
2963.13	87.2878
2965.06	87.9746
2966.99	89.1714
2968.92	90.4861
2970.85	91.328
2972.78	91.7454
2974.71	92.0963
2976.64	92.4227
2978.57	92.6608
2980.5	92.8565
2982.43	93.0387
2984.35	93.2905
2986.28	93.6697
2988.21	93.976
2990.14	94.0922
2992.07	94.2767
2994	94.6565
2995.93	94.9949
2997.86	95.2179
2999.79	95.5257
3001.72	95.9551
3003.65	96.3542
3005.57	96.6552
3007.5	96.9083
3009.43	97.1718
3011.36	97.411
3013.29	97.5267
3015.22	97.5512
3017.15	97.612
3019.08	97.7033
3021.01	97.8267
3022.94	98.0988
3024.87	98.3913
3026.79	98.437
3028.72	98.4114
3030.65	98.6117
3032.58	98.7743
3034.51	98.5516
3036.44	98.232
3038.37	98.2659
3040.3	98.5534
3042.23	98.679
3044.16	98.5254
3046.09	98.376
3048.02	98.486
3049.94	98.7242
3051.87	98.8154
3053.8	98.776
3055.73	98.8164
3057.66	98.963
3059.59	99.007
3061.52	98.8394
3063.45	98.6967
3065.38	98.8261
3067.31	99.0362
3069.24	99.0504
3071.16	98.9953
3073.09	99.0055
3075.02	98.9269
3076.95	98.7491
3078.88	98.6324
3080.81	98.5487
3082.74	98.4696
3084.67	98.4981
3086.6	98.569
3088.53	98.5657
3090.46	98.5824
3092.39	98.6471
3094.31	98.6139
3096.24	98.4991
3098.17	98.4637
3100.1	98.4958
3102.03	98.4629
3103.96	98.3959
3105.89	98.4558
3107.82	98.5782
3109.75	98.4968
3111.68	98.2852
3113.61	98.3224
3115.53	98.5751
3117.46	98.6522
3119.39	98.5016
3121.32	98.3158
3123.25	98.1472
3125.18	98.1117
3127.11	98.3379
3129.04	98.5976
3130.97	98.6256
3132.9	98.5524
3134.83	98.5682
3136.75	98.6256
3138.68	98.7176
3140.61	98.8924
3142.54	98.9578
3144.47	98.7384
3146.4	98.4846
3148.33	98.4501
3150.26	98.4239
3152.19	98.2402
3154.12	98.1806
3156.05	98.397
3157.98	98.6241
3159.9	98.6834
3161.83	98.6261
3163.76	98.5197
3165.69	98.5213
3167.62	98.696
3169.55	98.7662
3171.48	98.6171
3173.41	98.5442
3175.34	98.5789
3177.27	98.4376
3179.2	98.2151
3181.12	98.1907
3183.05	98.2486
3184.98	98.2081
3186.91	98.1656
3188.84	98.1789
3190.77	98.1959
3192.7	98.2525
3194.63	98.3283
3196.56	98.2861
3198.49	98.1254
3200.42	98.0151
3202.35	98.1017
3204.27	98.3754
3206.2	98.6048
3208.13	98.539
3210.06	98.2564
3211.99	98.0492
3213.92	98.0101
3215.85	98.0171
3217.78	97.987
3219.71	97.9234
3221.64	97.8751
3223.57	97.9489
3225.49	98.1626
3227.42	98.3066
3229.35	98.2209
3231.28	98.0632
3233.21	97.9935
3235.14	97.943
3237.07	97.9242
3239	98.0322
3240.93	98.1109
3242.86	98.0227
3244.79	97.9884
3246.72	98.1479
3248.64	98.2513
3250.57	98.0857
3252.5	97.7851
3254.43	97.6399
3256.36	97.7863
3258.29	98.0948
3260.22	98.3501
3262.15	98.4176
3264.08	98.2323
3266.01	97.9278
3267.94	97.8246
3269.86	97.9451
3271.79	97.9543
3273.72	97.774
3275.65	97.6723
3277.58	97.73
3279.51	97.7745
3281.44	97.7524
3283.37	97.7686
3285.3	97.8284
3287.23	97.787
3289.16	97.6002
3291.08	97.4417
3293.01	97.446
3294.94	97.5287
3296.87	97.564
3298.8	97.5372
3300.73	97.5052
3302.66	97.5241
3304.59	97.5559
3306.52	97.4684
3308.45	97.2748
3310.38	97.2414
3312.31	97.4978
3314.23	97.7151
3316.16	97.5845
3318.09	97.3547
3320.02	97.3428
3321.95	97.3515
3323.88	97.1769
3325.81	97.0512
3327.74	97.1011
3329.67	97.1423
3331.6	97.1633
3333.53	97.2516
3335.45	97.2687
3337.38	97.1455
3339.31	97.0139
3341.24	96.8921
3343.17	96.7947
3345.1	96.8901
3347.03	97.0969
3348.96	97.0877
3350.89	96.9193
3352.82	96.9492
3354.75	97.1767
3356.68	97.2601
3358.6	97.0631
3360.53	96.7938
3362.46	96.6747
3364.39	96.7192
3366.32	96.8121
3368.25	96.8702
3370.18	96.8831
3372.11	96.8682
3374.04	96.8499
3375.97	96.8853
3377.9	97.021
3379.82	97.1567
3381.75	97.1233
3383.68	96.9709
3385.61	96.9019
3387.54	96.9252
3389.47	96.919
3391.4	96.8648
3393.33	96.742
3395.26	96.5335
3397.19	96.4231
3399.12	96.5477
3401.04	96.6914
3402.97	96.6458
3404.9	96.5641
3406.83	96.6307
3408.76	96.7657
3410.69	96.8452
3412.62	96.854
3414.55	96.7761
3416.48	96.6271
3418.41	96.5404
3420.34	96.5903
3422.27	96.6287
3424.19	96.5348
3426.12	96.4524
3428.05	96.5117
3429.98	96.6079
3431.91	96.637
3433.84	96.605
3435.77	96.4915
3437.7	96.4096
3439.63	96.6111
3441.56	96.9903
3443.49	97.1407
3445.41	97.0461
3447.34	97.0074
3449.27	97.0367
3451.2	96.9769
3453.13	96.8728
3455.06	96.8146
3456.99	96.8076
3458.92	96.838
3460.85	96.8446
3462.78	96.8232
3464.71	96.904
3466.64	97.0203
3468.56	96.9179
3470.49	96.7582
3472.42	96.9758
3474.35	97.3684
3476.28	97.27
3478.21	96.7229
3480.14	96.3896
3482.07	96.4798
3484	96.6804
3485.93	96.8482
3487.86	97.0234
3489.78	97.108
3491.71	97.0431
3493.64	96.9541
3495.57	96.9308
3497.5	96.9129
3499.43	96.8277
3501.36	96.7568
3503.29	96.8547
3505.22	97.0163
3507.15	96.9598
3509.08	96.7508
3511	96.6876
3512.93	96.6829
3514.86	96.4809
3516.79	96.3175
3518.72	96.5324
3520.65	96.882
3522.58	97.0085
3524.51	97.0608
3526.44	97.1992
3528.37	97.1625
3530.3	96.8469
3532.23	96.5836
3534.15	96.5851
3536.08	96.7179
3538.01	96.7902
3539.94	96.7442
3541.87	96.5992
3543.8	96.4227
3545.73	96.4151
3547.66	96.7256
3549.59	97.1303
3551.52	97.2733
3553.45	97.0642
3555.37	96.7121
3557.3	96.4187
3559.23	96.2674
3561.16	96.3048
3563.09	96.4774
3565.02	96.6893
3566.95	96.9233
3568.88	97.1593
3570.81	97.2806
3572.74	97.2084
3574.67	97.0663
3576.6	97.0869
3578.52	97.1541
3580.45	96.9503
3582.38	96.732
3584.31	97.1298
3586.24	98.1254
3588.17	98.7123
3590.1	98.3909
3592.03	98.1099
3593.96	98.3956
3595.89	98.7446
3597.82	98.6691
3599.74	98.5033
3601.67	98.539
3603.6	98.6431
3605.53	98.8175
3607.46	99.1058
3609.39	99.1982
3611.32	98.9771
3613.25	98.782
3615.18	98.75
3617.11	98.8078
3619.04	98.9609
3620.97	99.1303
3622.89	99.2501
3624.82	99.4389
3626.75	99.6681
3628.68	99.6967
3630.61	99.6143
3632.54	99.7228
3634.47	99.8493
3636.4	99.7623
3638.33	99.5671
3640.26	99.5053
3642.19	99.54
3644.11	99.4854
3646.04	99.5136
3647.97	100.032
3649.9	100.543
3651.83	100.1
3653.76	99.3835
3655.69	99.0166
3657.62	98.8958
3659.55	98.7987
3661.48	98.8372
3663.41	99.037
3665.33	99.1375
3667.26	99.0909
3669.19	99.2062
3671.12	99.5736
3673.05	99.8182
3674.98	99.7892
3676.91	99.5874
3678.84	99.393
3680.77	99.3384
3682.7	99.4042
3684.63	99.4717
3686.56	99.5657
3688.48	99.7852
3690.41	99.7976
3692.34	99.4306
3694.27	99.2284
3696.2	99.4223
3698.13	99.7697
3700.06	100.073
3701.99	100.174
3703.92	99.8692
3705.85	99.4433
3707.78	99.3411
3709.7	99.539
3711.63	99.7103
3713.56	99.7561
3715.49	99.7703
3717.42	99.8077
3719.35	99.9398
3721.28	100.104
3723.21	100.197
3725.14	100.331
3727.07	100.473
3729	100.341
3730.93	100.027
3732.85	100.09
3734.78	100.822
3736.71	101.271
3738.64	100.717
3740.57	99.9861
3742.5	99.82
3744.43	100.164
3746.36	100.223
3748.29	99.9628
3750.22	99.9404
3752.15	100.056
3754.07	99.8893
3756	99.6438
3757.93	99.6038
3759.86	99.7191
3761.79	99.6954
3763.72	99.522
3765.65	99.4781
3767.58	99.6569
3769.51	99.7724
3771.44	99.6602
3773.37	99.5342
3775.29	99.539
3777.22	99.6115
3779.15	99.6891
3781.08	99.7393
3783.01	99.6832
3784.94	99.4735
3786.87	99.2424
3788.8	99.191
3790.73	99.2969
3792.66	99.4168
3794.59	99.5483
3796.52	99.6954
3798.44	99.6927
3800.37	99.5163
3802.3	99.4637
3804.23	99.6333
3806.16	99.7881
3808.09	99.8339
3810.02	99.8061
3811.95	99.6962
3813.88	99.4758
3815.81	99.248
3817.74	99.2663
3819.66	99.5459
3821.59	99.7557
3823.52	99.6461
3825.45	99.4972
3827.38	99.565
3829.31	99.7192
3831.24	99.7442
3833.17	99.6886
3835.1	99.7178
3837.03	99.8637
3838.96	100.011
3840.89	99.9932
3842.81	99.7775
3844.74	99.4996
3846.67	99.3335
3848.6	99.3454
3850.53	99.5031
3852.46	99.7624
3854.39	99.9196
3856.32	99.7985
3858.25	99.6106
3860.18	99.5791
3862.11	99.7978
3864.03	100.037
3865.96	99.9241
3867.89	99.5957
3869.82	99.522
3871.75	99.7716
3873.68	99.8836
3875.61	99.724
3877.54	99.5798
3879.47	99.59
3881.4	99.6623
3883.33	99.739
3885.25	99.8016
3887.18	99.7363
3889.11	99.5549
3891.04	99.4253
3892.97	99.4306
3894.9	99.5003
3896.83	99.5551
3898.76	99.5575
3900.69	99.535
3902.62	99.6192
3904.55	99.7729
3906.48	99.7786
3908.4	99.6672
3910.33	99.6105
3912.26	99.5892
3914.19	99.5007
3916.12	99.4036
3918.05	99.3745
3919.98	99.3189
3921.91	99.2143
3923.84	99.1738
3925.77	99.175
3927.7	99.1318
3929.62	99.1569
3931.55	99.3524
3933.48	99.5422
3935.41	99.5721
3937.34	99.5328
3939.27	99.4576
3941.2	99.2783
3943.13	99.0828
3945.06	99.0897
3946.99	99.3307
3948.92	99.5811
3950.85	99.5962
3952.77	99.4284
3954.7	99.3206
3956.63	99.3051
3958.56	99.251
3960.49	99.2131
3962.42	99.3265
3964.35	99.4614
3966.28	99.4181
3968.21	99.2743
3970.14	99.2117
3972.07	99.2256
3973.99	99.2169
3975.92	99.1985
3977.85	99.22
3979.78	99.2121
3981.71	99.1109
3983.64	99.0276
3985.57	99.0747
3987.5	99.1702
3989.43	99.1971
3991.36	99.1698
3993.29	99.1519
3995.22	99.169
3997.14	99.2011
