499.643	85.7361
501.572	85.5841
503.501	85.5524
505.43	85.8556
507.36	86.0781
509.289	85.7376
511.218	85.7225
513.147	86.61
515.076	87.2285
517.005	86.8781
518.934	86.6175
520.863	86.7212
522.792	86.2964
524.722	85.6712
526.651	85.7601
528.58	86.214
530.509	86.5324
532.438	86.9411
534.367	87.3547
536.296	87.5425
538.225	87.8575
540.155	88.4994
542.084	89.0489
544.013	89.2304
545.942	89.2169
547.871	89.2269
549.8	89.2893
551.729	89.2931
553.658	89.2279
555.588	89.2285
557.517	89.3199
559.446	89.4545
561.375	89.6528
563.304	89.8497
565.233	90.0029
567.162	90.1961
569.091	90.2399
571.021	89.9259
572.95	89.6978
574.879	89.958
576.808	90.2669
578.737	90.1473
580.666	89.8005
582.595	89.4486
584.524	89.0378
586.454	88.5644
588.383	88.0123
590.312	87.3487
592.241	86.8063
594.17	86.6361
596.099	86.6879
598.028	86.7224
599.957	86.7993
601.887	87.0767
603.816	87.4988
605.745	87.8949
607.674	88.2514
609.603	88.6769
611.532	89.1197
613.461	89.3915
615.39	89.4699
617.32	89.4954
619.249	89.5343
621.178	89.5682
623.107	89.601
625.036	89.6297
626.965	89.6263
628.894	89.5594
630.823	89.3718
632.753	89.0236
634.682	88.5672
636.611	88.0861
638.54	87.5556
640.469	86.8062
642.398	85.7355
644.327	84.5508
646.256	83.5378
648.186	82.7555
650.115	82.2288
652.044	82.0628
653.973	82.2679
655.902	82.6656
657.831	83.0919
659.76	83.7387
661.689	84.7937
663.619	85.9582
665.548	87.2236
667.477	89.0577
669.406	90.659
671.335	91.0898
673.264	91.3271
675.193	91.6362
677.122	91.8107
679.052	92.0819
680.981	92.5443
682.91	92.7824
684.839	92.7693
686.768	92.8379
688.697	92.892
690.626	92.7641
692.555	92.6894
694.485	92.8173
696.414	92.9565
698.343	92.9374
700.272	92.7884
702.201	92.6441
704.13	92.6208
706.059	92.6621
707.988	92.6378
709.917	92.6047
711.847	92.6656
713.776	92.7305
715.705	92.728
717.634	92.7445
719.563	92.7512
721.492	92.5948
723.421	92.3284
725.35	92.128
727.28	91.9979
729.209	91.8361
731.138	91.5996
733.067	91.2843
734.996	90.896
736.925	90.4631
738.854	89.9887
740.783	89.4108
742.713	88.6689
744.642	87.8572
746.571	87.2719
748.5	87.1588
750.429	87.4626
752.358	87.9763
754.287	88.5998
756.216	89.2771
758.146	89.8596
760.075	90.2452
762.004	90.5181
763.933	90.7978
765.862	91.067
767.791	91.2545
769.72	91.3793
771.649	91.5074
773.579	91.6376
775.508	91.7201
777.437	91.7423
779.366	91.7284
781.295	91.6952
783.224	91.6412
785.153	91.551
787.082	91.4024
789.012	91.1932
790.941	90.9328
792.87	90.5825
794.799	90.0636
796.728	89.3617
798.657	88.5344
800.586	87.5822
802.515	86.3913
804.445	84.7698
806.374	82.4746
808.303	79.4404
810.232	76.2021
812.161	73.8274
814.09	73.1605
816.019	74.2666
817.948	76.5618
819.878	79.2243
821.807	81.5834
823.736	83.3839
825.665	84.7202
827.594	85.7201
829.523	86.3954
831.452	86.7541
833.381	86.8738
835.311	86.8216
837.24	86.5953
839.169	86.1697
841.098	85.559
843.027	84.8518
844.956	84.2201
846.885	83.8435
848.814	83.7759
850.744	83.9073
852.673	84.0867
854.602	84.2578
856.531	84.4422
858.46	84.6328
860.389	84.7862
862.318	84.9007
864.247	84.9934
866.177	85.0102
868.106	84.8722
870.035	84.5835
871.964	84.1859
873.893	83.6819
875.822	83.0966
877.751	82.5254
879.68	82.0658
881.609	81.7799
883.539	81.7086
885.468	81.8316
887.397	82.0404
889.326	82.2153
891.255	82.3152
893.184	82.3783
895.113	82.4742
897.042	82.6717
898.972	83.0434
900.901	83.6627
902.83	84.5314
904.759	85.521
906.688	86.4518
908.617	87.2034
910.546	87.7141
912.475	87.9615
914.405	87.9712
916.334	87.7561
918.263	87.2679
920.192	86.472
922.121	85.3829
924.05	83.9774
925.979	82.1671
927.908	79.877
929.838	77.1147
931.767	74.0189
933.696	70.8799
935.625	68.0612
937.554	65.8789
939.483	64.5239
941.412	64.008
943.341	64.1662
945.271	64.786
947.2	65.732
949.129	66.9417
951.058	68.3705
952.987	69.9465
954.916	71.548
956.845	73.0674
958.774	74.4969
960.704	75.914
962.633	77.4269
964.562	79.1334
966.491	81.0431
968.42	83.0252
970.349	84.8707
972.278	86.4068
974.207	87.5788
976.137	88.4466
978.066	89.0683
979.995	89.4159
981.924	89.4411
983.853	89.1506
985.782	88.6048
987.711	87.9524
989.64	87.4201
991.57	87.1131
993.499	86.8572
995.428	86.3338
997.357	85.3274
999.286	83.846
1001.22	82.1527
1003.14	80.6875
1005.07	79.7747
1007	79.3945
1008.93	79.3843
1010.86	79.7413
1012.79	80.4719
1014.72	81.2724
1016.65	81.6782
1018.58	81.4546
1020.51	80.606
1022.44	79.1643
1024.36	77.2645
1026.29	75.3209
1028.22	73.8156
1030.15	72.8659
1032.08	72.1783
1034.01	71.4579
1035.94	70.6721
1037.87	69.9088
1039.8	69.241
1041.73	68.7901
1043.66	68.696
1045.58	68.9807
1047.51	69.5632
1049.44	70.3447
1051.37	71.1774
1053.3	71.8796
1055.23	72.3946
1057.16	72.8381
1059.09	73.3056
1061.02	73.7117
1062.95	73.8653
1064.88	73.6523
1066.81	73.1562
1068.73	72.6778
1070.66	72.5784
1072.59	73.0012
1074.52	73.7884
1076.45	74.7014
1078.38	75.599
1080.31	76.3847
1082.24	76.9561
1084.17	77.247
1086.1	77.2288
1088.03	76.897
1089.95	76.2749
1091.88	75.3774
1093.81	74.2162
1095.74	72.8684
1097.67	71.4253
1099.6	69.8892
1101.53	68.237
1103.46	66.516
1105.39	64.7762
1107.32	63.0088
1109.25	61.2151
1111.18	59.4491
1113.1	57.7728
1115.03	56.2159
1116.96	54.7639
1118.89	53.3757
1120.82	52.0314
1122.75	50.7391
1124.68	49.4832
1126.61	48.1995
1128.54	46.8102
1130.47	45.2591
1132.4	43.5232
1134.32	41.6296
1136.25	39.6891
1138.18	37.8792
1140.11	36.3542
1142.04	35.1893
1143.97	34.4277
1145.9	34.1277
1147.83	34.323
1149.76	34.9749
1151.69	36.0004
1153.62	37.329
1155.55	38.9097
1157.47	40.6873
1159.4	42.5937
1161.33	44.5438
1163.26	46.4484
1165.19	48.259
1167.12	49.9624
1169.05	51.5388
1170.98	53.0015
1172.91	54.4396
1174.84	55.9296
1176.77	57.4715
1178.69	59.0737
1180.62	60.791
1182.55	62.6258
1184.48	64.5039
1186.41	66.3849
1188.34	68.3035
1190.27	70.2869
1192.2	72.3202
1194.13	74.4039
1196.06	76.5585
1197.99	78.758
1199.91	80.9177
1201.84	82.9295
1203.77	84.6863
1205.7	86.1392
1207.63	87.3168
1209.56	88.2483
1211.49	89.0226
1213.42	89.8577
1215.35	90.7073
1217.28	90.997
1219.21	90.4069
1221.14	89.546
1223.06	89.1091
1224.99	89.0016
1226.92	88.7499
1228.85	88.179
1230.78	87.3479
1232.71	86.3066
1234.64	85.151
1236.57	84.0287
1238.5	83.0472
1240.43	82.2641
1242.36	81.6994
1244.28	81.3553
1246.21	81.2529
1248.14	81.4032
1250.07	81.7582
1252	82.2273
1253.93	82.699
1255.86	83.0657
1257.79	83.2708
1259.72	83.2925
1261.65	83.1093
1263.58	82.7668
1265.51	82.4136
1267.43	82.1728
1269.36	82.0303
1271.29	81.9004
1273.22	81.7387
1275.15	81.5418
1277.08	81.2855
1279.01	80.8837
1280.94	80.1789
1282.87	78.9724
1284.8	77.0396
1286.73	74.1775
1288.65	70.4942
1290.58	66.7128
1292.51	63.9089
1294.44	62.9024
1296.37	63.9048
1298.3	66.4685
1300.23	69.7168
1302.16	72.7849
1304.09	75.1162
1306.02	76.4394
1307.95	76.6852
1309.87	76.0167
1311.8	74.8447
1313.73	73.7121
1315.66	72.9686
1317.59	72.6226
1319.52	72.6966
1321.45	73.393
1323.38	74.775
1325.31	76.6606
1327.24	78.7675
1329.17	80.876
1331.1	82.9144
1333.02	84.7621
1334.95	86.2147
1336.88	87.2656
1338.81	88.0901
1340.74	88.7974
1342.67	89.4385
1344.6	90.1372
1346.53	90.9925
1348.46	91.9202
1350.39	92.7032
1352.32	93.2308
1354.24	93.5279
1356.17	93.598
1358.1	93.4448
1360.03	93.1349
1361.96	92.6611
1363.89	91.8854
1365.82	90.8325
1367.75	89.9079
1369.68	89.6196
1371.61	89.8674
1373.54	89.8508
1375.47	89.1188
1377.39	88.2344
1379.32	87.7814
1381.25	87.7608
1383.18	87.9311
1385.11	88.0896
1387.04	88.1251
1388.97	88.0417
1390.9	87.952
1392.83	87.8818
1394.76	87.7441
1396.69	87.437
1398.61	86.9572
1400.54	86.5002
1402.47	86.3804
1404.4	86.7863
1406.33	87.5651
1408.26	88.3183
1410.19	88.9293
1412.12	89.4455
1414.05	89.8231
1415.98	90.0977
1417.91	90.307
1419.83	90.3638
1421.76	90.2428
1423.69	89.9452
1425.62	89.4999
1427.55	88.9777
1429.48	88.2344
1431.41	87.2021
1433.34	86.1468
1435.27	85.0712
1437.2	83.8511
1439.13	82.8402
1441.06	82.1419
1442.98	81.4975
1444.91	80.8111
1446.84	80.0164
1448.77	79.0265
1450.7	78.182
1452.63	77.9481
1454.56	78.4145
1456.49	79.7587
1458.42	81.5084
1460.35	82.6006
1462.28	83.4788
1464.2	84.6372
1466.13	85.8098
1468.06	86.6356
1469.99	87.4269
1471.92	88.3621
1473.85	88.9911
1475.78	89.1518
1477.71	89.2943
1479.64	89.5591
1481.57	89.915
1483.5	90.3486
1485.43	90.8572
1487.35	91.5122
1489.28	92.3588
1491.21	93.1362
1493.14	93.7227
1495.07	94.3263
1497	95.0244
1498.93	95.5806
1500.86	95.8553
1502.79	96.0287
1504.72	96.3118
1506.65	96.7866
1508.57	96.9744
1510.5	96.8157
1512.43	96.744
1514.36	96.8497
1516.29	97.0125
1518.22	97.1434
1520.15	97.2758
1522.08	97.3724
1524.01	97.3766
1525.94	97.3083
1527.87	97.1937
1529.8	97.124
1531.72	97.1971
1533.65	97.3438
1535.58	97.3838
1537.51	97.4084
1539.44	97.6091
1541.37	97.7802
1543.3	97.5752
1545.23	97.2873
1547.16	97.1348
1549.09	97.1144
1551.02	97.1248
1552.94	97.1167
1554.87	97.1844
1556.8	97.4138
1558.73	97.5911
1560.66	97.3771
1562.59	97.1172
1564.52	96.9897
1566.45	96.9883
1568.38	97.0485
1570.31	96.989
1572.24	96.8516
1574.16	96.8358
1576.09	96.889
1578.02	96.7818
1579.95	96.6091
1581.88	96.514
1583.81	96.4509
1585.74	96.3762
1587.67	96.3129
1589.6	96.2684
1591.53	96.2319
1593.46	96.1961
1595.39	96.1483
1597.31	96.0826
1599.24	96.0055
1601.17	95.9157
1603.1	95.7974
1605.03	95.671
1606.96	95.5967
1608.89	95.5247
1610.82	95.3362
1612.75	95.1298
1614.68	95.0009
1616.61	94.7039
1618.53	94.1346
1620.46	93.562
1622.39	92.8605
1624.32	91.9191
1626.25	90.9795
1628.18	89.9059
1630.11	88.5985
1632.04	87.4597
1633.97	86.5109
1635.9	85.3343
1637.83	84.6272
1639.76	85.5143
1641.68	87.5875
1643.61	89.9488
1645.54	92.1991
1647.47	93.9437
1649.4	94.6689
1651.33	94.9295
1653.26	95.3229
1655.19	95.4837
1657.12	95.296
1659.05	95.1609
1660.98	95.137
1662.9	95.0596
1664.83	94.8361
1666.76	94.6292
1668.69	94.5527
1670.62	94.4366
1672.55	94.128
1674.48	93.6801
1676.41	93.0404
1678.34	92.3952
1680.27	91.9556
1682.2	91.5496
1684.12	90.9736
1686.05	90.2634
1687.98	89.3012
1689.91	88.074
1691.84	86.7197
1693.77	85.0423
1695.7	82.9021
1697.63	80.4563
1699.56	77.156
1701.49	73.0876
1703.42	69.5225
1705.35	66.0255
1707.27	61.877
1709.2	58.0377
1711.13	55.0995
1713.06	52.6436
1714.99	50.9757
1716.92	50.4368
1718.85	50.3103
1720.78	50.9583
1722.71	52.9556
1724.64	55.9785
1726.57	59.767
1728.49	64.0396
1730.42	68.3291
1732.35	72.8651
1734.28	77.8909
1736.21	81.9158
1738.14	84.5845
1740.07	87.0515
1742	89.6316
1743.93	91.8019
1745.86	93.6965
1747.79	95.623
1749.72	97.2548
1751.64	98.3284
1753.57	99.0443
1755.5	99.5208
1757.43	99.8618
1759.36	100.09
1761.29	100.079
1763.22	99.8701
1765.15	99.567
1767.08	99.2089
1769.01	98.9787
1770.94	98.9881
1772.86	98.9486
1774.79	98.6859
1776.72	98.4096
1778.65	98.2448
1780.58	98.1781
1782.51	98.1101
1784.44	98.0042
1786.37	97.9812
1788.3	98.073
1790.23	98.1794
1792.16	98.239
1794.08	98.1893
1796.01	98.0409
1797.94	97.9188
1799.87	97.9053
1801.8	97.9626
1803.73	97.9934
1805.66	97.9572
1807.59	97.9183
1809.52	97.9395
1811.45	97.9281
1813.38	97.8542
1815.31	97.883
1817.23	98.0199
1819.16	98.0901
1821.09	98.0954
1823.02	98.1047
1824.95	98.0536
1826.88	97.9735
1828.81	97.9789
1830.74	98.0287
1832.67	98.0637
1834.6	98.1313
1836.53	98.2116
1838.45	98.2141
1840.38	98.1773
1842.31	98.2208
1844.24	98.298
1846.17	98.2523
1848.1	98.1909
1850.03	98.2681
1851.96	98.3815
1853.89	98.4027
1855.82	98.401
1857.75	98.423
1859.68	98.3936
1861.6	98.3374
1863.53	98.3939
1865.46	98.5959
1867.39	98.8031
1869.32	98.8309
1871.25	98.7206
1873.18	98.6693
1875.11	98.7402
1877.04	98.8552
1878.97	98.8512
1880.9	98.6838
1882.82	98.5674
1884.75	98.6575
1886.68	98.7549
1888.61	98.6656
1890.54	98.5342
1892.47	98.534
1894.4	98.6028
1896.33	98.6918
1898.26	98.8499
1900.19	99.0155
1902.12	99.0339
1904.05	98.9097
1905.97	98.7972
1907.9	98.7564
1909.83	98.8115
1911.76	99.0006
1913.69	99.1452
1915.62	99.0567
1917.55	98.9347
1919.48	99.0342
1921.41	99.1452
1923.34	99.0581
1925.27	98.9549
1927.19	99.0056
1929.12	99.1434
1931.05	99.295
1932.98	99.4268
1934.91	99.4727
1936.84	99.4252
1938.77	99.4094
1940.7	99.5064
1942.63	99.5765
1944.56	99.4827
1946.49	99.3525
1948.41	99.2838
1950.34	99.2258
1952.27	99.2559
1954.2	99.4587
1956.13	99.6368
1958.06	99.6201
1959.99	99.5521
1961.92	99.5568
1963.85	99.5814
1965.78	99.6404
1967.71	99.7595
1969.64	99.8194
1971.56	99.8174
1973.49	99.9357
1975.42	100.159
1977.35	100.252
1979.28	100.159
1981.21	100.018
1983.14	99.9547
1985.07	100.079
1987	100.306
1988.93	100.329
1990.86	100.167
1992.78	100.211
1994.71	100.436
1996.64	100.468
1998.57	100.353
2000.5	100.338
2002.43	100.29
2004.36	100.07
2006.29	99.9493
2008.22	100.106
2010.15	100.255
2012.08	100.168
2014.01	100.055
2015.93	100.131
2017.86	100.229
2019.79	100.159
2021.72	100.064
2023.65	100.092
2025.58	100.114
2027.51	100.036
2029.44	100.027
2031.37	100.187
2033.3	100.313
2035.23	100.282
2037.15	100.297
2039.08	100.4
2041.01	100.296
2042.94	100.01
2044.87	99.9864
2046.8	100.25
2048.73	100.348
2050.66	100.19
2052.59	100.1
2054.52	100.166
2056.45	100.221
2058.37	100.186
2060.3	100.118
2062.23	100.083
2064.16	100.103
2066.09	100.126
2068.02	100.102
2069.95	100.025
2071.88	99.9477
2073.81	99.9684
2075.74	100.055
2077.67	100.044
2079.6	99.9604
2081.52	99.9619
2083.45	99.9348
2085.38	99.7221
2087.31	99.5394
2089.24	99.5821
2091.17	99.6568
2093.1	99.636
2095.03	99.7002
2096.96	99.873
2098.89	99.9213
2100.82	99.822
2102.74	99.795
2104.67	99.8766
2106.6	99.8696
2108.53	99.7072
2110.46	99.5616
2112.39	99.582
2114.32	99.752
2116.25	99.9677
2118.18	100.104
2120.11	100.083
2122.04	99.9366
2123.97	99.744
2125.89	99.61
2127.82	99.6403
2129.75	99.7685
2131.68	99.814
2133.61	99.8302
2135.54	99.9957
2137.47	100.189
2139.4	100.196
2141.33	100.095
2143.26	100.022
2145.19	99.9531
2147.11	99.9364
2149.04	100.06
2150.97	100.237
2152.9	100.374
2154.83	100.485
2156.76	100.511
2158.69	100.436
2160.62	100.475
2162.55	100.694
2164.48	100.795
2166.41	100.662
2168.33	100.581
2170.26	100.673
2172.19	100.71
2174.12	100.613
2176.05	100.528
2177.98	100.433
2179.91	100.233
2181.84	100.112
2183.77	100.248
2185.7	100.415
2187.63	100.332
2189.56	100.109
2191.48	99.9751
2193.41	99.9573
2195.34	100.026
2197.27	100.195
2199.2	100.411
2201.13	100.572
2203.06	100.61
2204.99	100.528
2206.92	100.459
2208.85	100.496
2210.78	100.439
2212.7	100.148
2214.63	99.9638
2216.56	100.166
2218.49	100.442
2220.42	100.467
2222.35	100.401
2224.28	100.406
2226.21	100.419
2228.14	100.477
2230.07	100.576
2232	100.511
2233.93	100.325
2235.85	100.319
2237.78	100.48
2239.71	100.583
2241.64	100.591
2243.57	100.505
2245.5	100.317
2247.43	100.188
2249.36	100.17
2251.29	100.105
2253.22	100.071
2255.15	100.239
2257.07	100.423
2259	100.433
2260.93	100.428
2262.86	100.471
2264.79	100.429
2266.72	100.401
2268.65	100.529
2270.58	100.616
2272.51	100.519
2274.44	100.455
2276.37	100.558
2278.29	100.629
2280.22	100.511
2282.15	100.362
2284.08	100.396
2286.01	100.55
2287.94	100.557
2289.87	100.39
2291.8	100.326
2293.73	100.472
2295.66	100.626
2297.59	100.699
2299.52	100.809
2301.44	100.96
2303.37	101.055
2305.3	101.157
2307.23	101.397
2309.16	101.726
2311.09	102.018
2313.02	102.311
2314.95	102.706
2316.88	103.161
2318.81	103.591
2320.74	103.968
2322.66	104.245
2324.59	104.446
2326.52	104.729
2328.45	105.116
2330.38	105.379
2332.31	105.398
2334.24	105.379
2336.17	105.527
2338.1	105.872
2340.03	106.325
2341.96	106.622
2343.89	106.25
2345.81	105.168
2347.74	104.283
2349.67	104.14
2351.6	104.678
2353.53	105.639
2355.46	106.713
2357.39	107.786
2359.32	108.676
2361.25	109.004
2363.18	108.705
2365.11	107.926
2367.03	106.858
2368.96	105.719
2370.89	104.616
2372.82	103.624
2374.75	102.744
2376.68	101.932
2378.61	101.223
2380.54	100.6
2382.47	99.9946
2384.4	99.4771
2386.33	99.1529
2388.26	98.9782
2390.18	98.8855
2392.11	98.8722
2394.04	98.8754
2395.97	98.8288
2397.9	98.7832
2399.83	98.7707
2401.76	98.7439
2403.69	98.7123
2405.62	98.7207
2407.55	98.7468
2409.48	98.7419
2411.4	98.6989
2413.33	98.6608
2415.26	98.6686
2417.19	98.6947
2419.12	98.7218
2421.05	98.8126
2422.98	98.9462
2424.91	98.9853
2426.84	98.9318
2428.77	98.925
2430.7	98.9746
2432.62	98.9923
2434.55	98.9877
2436.48	98.993
2438.41	98.9483
2440.34	98.8185
2442.27	98.7048
2444.2	98.754
2446.13	98.9658
2448.06	99.1471
2449.99	99.1524
2451.92	99.074
2453.85	99.0466
2455.77	99.0422
2457.7	99.0072
2459.63	98.9845
2461.56	98.9901
2463.49	98.9637
2465.42	98.8931
2467.35	98.8573
2469.28	98.9209
2471.21	99.0403
2473.14	99.1017
2475.07	99.0654
2476.99	99.0277
2478.92	99.0813
2480.85	99.1613
2482.78	99.1427
2484.71	99.0569
2486.64	99.0376
2488.57	99.089
2490.5	99.1361
2492.43	99.1936
2494.36	99.2329
2496.29	99.1354
2498.22	98.989
2500.14	99.0229
2502.07	99.1618
2504	99.1534
2505.93	99.0604
2507.86	99.0906
2509.79	99.1582
2511.72	99.1002
2513.65	99.0372
2515.58	99.1289
2517.51	99.2676
2519.44	99.284
2521.36	99.2006
2523.29	99.1307
2525.22	99.1187
2527.15	99.1225
2529.08	99.067
2531.01	98.9772
2532.94	99.0022
2534.87	99.1699
2536.8	99.3079
2538.73	99.3302
2540.66	99.3199
2542.58	99.2876
2544.51	99.1792
2546.44	99.0579
2548.37	99.0081
2550.3	99.0092
2552.23	99.0554
2554.16	99.1838
2556.09	99.3226
2558.02	99.342
2559.95	99.2618
2561.88	99.2053
2563.81	99.1951
2565.73	99.1825
2567.66	99.1856
2569.59	99.2253
2571.52	99.24
2573.45	99.1868
2575.38	99.113
2577.31	99.0914
2579.24	99.1798
2581.17	99.369
2583.1	99.5282
2585.03	99.5575
2586.95	99.5464
2588.88	99.5888
2590.81	99.5988
2592.74	99.5088
2594.67	99.4169
2596.6	99.3898
2598.53	99.3578
2600.46	99.2572
2602.39	99.1025
2604.32	98.9801
2606.25	99.0054
2608.18	99.1286
2610.1	99.1172
2612.03	98.9356
2613.96	98.8385
2615.89	98.9136
2617.82	98.9458
2619.75	98.8481
2621.68	98.8025
2623.61	98.9039
2625.54	99.0078
2627.47	98.9773
2629.4	98.864
2631.32	98.7933
2633.25	98.8102
2635.18	98.8967
2637.11	99.0127
2639.04	99.0606
2640.97	98.971
2642.9	98.8376
2644.83	98.7811
2646.76	98.7665
2648.69	98.7248
2650.62	98.6858
2652.54	98.6766
2654.47	98.6818
2656.4	98.7008
2658.33	98.7013
2660.26	98.6255
2662.19	98.5158
2664.12	98.4758
2666.05	98.5147
2667.98	98.5641
2669.91	98.5847
2671.84	98.5617
2673.77	98.4852
2675.69	98.3983
2677.62	98.3777
2679.55	98.4131
2681.48	98.4098
2683.41	98.3643
2685.34	98.3829
2687.27	98.4644
2689.2	98.4912
2691.13	98.4546
2693.06	98.4314
2694.99	98.4034
2696.91	98.3376
2698.84	98.2982
2700.77	98.3281
2702.7	98.3731
2704.63	98.3658
2706.56	98.3015
2708.49	98.2524
2710.42	98.2787
2712.35	98.319
2714.28	98.2933
2716.21	98.2408
2718.14	98.2158
2720.06	98.2056
2721.99	98.2117
2723.92	98.2311
2725.85	98.2205
2727.78	98.1946
2729.71	98.2047
2731.64	98.2247
2733.57	98.2241
2735.5	98.2279
2737.43	98.2167
2739.36	98.1562
2741.28	98.0941
2743.21	98.0582
2745.14	98.0036
2747.07	97.9489
2749	97.9631
2750.93	98.0244
2752.86	98.0685
2754.79	98.0904
2756.72	98.098
2758.65	98.0985
2760.58	98.1379
2762.51	98.2186
2764.43	98.2485
2766.36	98.1728
2768.29	98.0534
2770.22	97.9722
2772.15	97.9494
2774.08	97.9546
2776.01	97.9421
2777.94	97.895
2779.87	97.8416
2781.8	97.8102
2783.73	97.8033
2785.65	97.8071
2787.58	97.8043
2789.51	97.8129
2791.44	97.8765
2793.37	97.9592
2795.3	97.9614
2797.23	97.886
2799.16	97.8226
2801.09	97.7882
2803.02	97.7394
2804.95	97.6529
2806.87	97.5336
2808.8	97.4516
2810.73	97.4777
2812.66	97.5312
2814.59	97.5067
2816.52	97.4515
2818.45	97.3879
2820.38	97.254
2822.31	97.1339
2824.24	97.1343
2826.17	97.1157
2828.1	96.9299
2830.02	96.6655
2831.95	96.4594
2833.88	96.3736
2835.81	96.402
2837.74	96.404
2839.67	96.2726
2841.6	96.1173
2843.53	96.0115
2845.46	95.8543
2847.39	95.6194
2849.32	95.3587
2851.24	95.0623
2853.17	94.7801
2855.1	94.5347
2857.03	94.1432
2858.96	93.5519
2860.89	93.0216
2862.82	92.6761
2864.75	92.3629
2866.68	92.0283
2868.61	91.7382
2870.54	91.4732
2872.47	91.2623
2874.39	91.2585
2876.32	91.4905
2878.25	91.781
2880.18	91.9932
2882.11	92.1705
2884.04	92.3629
2885.97	92.4931
2887.9	92.5395
2889.83	92.6141
2891.76	92.6993
2893.69	92.6663
2895.61	92.6158
2897.54	92.7072
2899.47	92.7811
2901.4	92.6489
2903.33	92.4496
2905.26	92.366
2907.19	92.389
2909.12	92.4454
2911.05	92.4123
2912.98	92.171
2914.91	91.8175
2916.83	91.5368
2918.76	91.299
2920.69	90.9608
2922.62	90.4866
2924.55	89.8857
2926.48	89.1816
2928.41	88.52
2930.34	88.1097
2932.27	88.041
2934.2	88.2213
2936.13	88.4779
2938.06	88.7337
2939.98	89.0209
2941.91	89.2818
2943.84	89.345
2945.77	89.1561
2947.7	88.7962
2949.63	88.3157
2951.56	87.789
2953.49	87.3416
2955.42	86.9774
2957.35	86.6928
2959.28	86.6534
2961.2	86.8903
2963.13	87.2675
2965.06	87.9619
2966.99	89.1878
2968.92	90.5076
2970.85	91.3415
2972.78	91.7935
2974.71	92.1595
2976.64	92.3821
2978.57	92.4812
2980.5	92.6704
2982.43	92.9564
2984.35	93.2428
2986.28	93.5513
2988.21	93.8485
2990.14	94.0881
2992.07	94.374
2994	94.7169
2995.93	94.9641
2997.86	95.1703
2999.79	95.5535
3001.72	96.0522
3003.65	96.3999
3005.57	96.5688
3007.5	96.7712
3009.43	97.0875
3011.36	97.3627
3013.29	97.4645
3015.22	97.4796
3017.15	97.5613
3019.08	97.714
3021.01	97.899
3022.94	98.1483
3024.87	98.3783
3026.79	98.4325
3028.72	98.4316
3030.65	98.6096
3032.58	98.8285
3034.51	98.7779
3036.44	98.5341
3038.37	98.4401
3040.3	98.5744
3042.23	98.6757
3044.16	98.5514
3046.09	98.3778
3048.02	98.4582
3049.94	98.7348
3051.87	98.8623
3053.8	98.7879
3055.73	98.8089
3057.66	99.005
3059.59	99.0711
3061.52	98.8767
3063.45	98.7524
3065.38	98.9347
3067.31	99.1463
3069.24	99.1177
3071.16	99.0289
3073.09	99.0521
3075.02	99.0606
3076.95	98.9916
3078.88	98.9007
3080.81	98.7442
3082.74	98.5606
3084.67	98.5243
3086.6	98.6202
3088.53	98.6813
3090.46	98.6677
3092.39	98.615
3094.31	98.5443
3096.24	98.5238
3098.17	98.5828
3100.1	98.6346
3102.03	98.6174
3103.96	98.5878
3105.89	98.5996
3107.82	98.5767
3109.75	98.4442
3111.68	98.3421
3113.61	98.4479
3115.53	98.6452
3117.46	98.6777
3119.39	98.4818
3121.32	98.1674
3123.25	97.9312
3125.18	97.9855
3127.11	98.2923
3129.04	98.574
3130.97	98.7052
3132.9	98.7576
3134.83	98.7393
3136.75	98.6809
3138.68	98.7838
3140.61	99.0733
3142.54	99.1606
3144.47	98.8184
3146.4	98.4534
3148.33	98.4121
3150.26	98.3955
3152.19	98.1912
3154.12	98.1381
3156.05	98.3415
3157.98	98.4637
3159.9	98.4739
3161.83	98.569
3163.76	98.638
3165.69	98.6033
3167.62	98.6058
3169.55	98.5758
3171.48	98.4354
3173.41	98.4038
3175.34	98.4726
3177.27	98.3436
3179.2	98.107
3181.12	98.0869
3183.05	98.2251
3184.98	98.3176
3186.91	98.3656
3188.84	98.3879
3190.77	98.3827
3192.7	98.4175
3194.63	98.4608
3196.56	98.3844
3198.49	98.1801
3200.42	97.9947
3202.35	98.0403
3204.27	98.3649
3206.2	98.6352
3208.13	98.524
3210.06	98.2297
3211.99	98.1275
3213.92	98.2101
3215.85	98.2657
3217.78	98.2264
3219.71	98.1505
3221.64	98.1395
3223.57	98.2518
3225.49	98.3802
3227.42	98.3565
3229.35	98.1825
3231.28	98.0144
3233.21	97.9646
3235.14	98.0319
3237.07	98.1371
3239	98.1352
3240.93	97.9569
3242.86	97.7952
3244.79	97.8991
3246.72	98.1703
3248.64	98.2728
3250.57	98.0919
3252.5	97.8204
3254.43	97.699
3256.36	97.8292
3258.29	98.1518
3260.22	98.4675
3262.15	98.5072
3264.08	98.2069
3266.01	97.9099
3267.94	97.9344
3269.86	98.0578
3271.79	97.9435
3273.72	97.7451
3275.65	97.7347
3277.58	97.8037
3279.51	97.7778
3281.44	97.7406
3283.37	97.8001
3285.3	97.8788
3287.23	97.8336
3289.16	97.6517
3291.08	97.4815
3293.01	97.4447
3294.94	97.4824
3296.87	97.4723
3298.8	97.4164
3300.73	97.4251
3302.66	97.5412
3304.59	97.6323
3306.52	97.5214
3308.45	97.2688
3310.38	97.2103
3312.31	97.499
3314.23	97.768
3316.16	97.6615
3318.09	97.4218
3320.02	97.3742
3321.95	97.3365
3323.88	97.1421
3325.81	97.0381
3327.74	97.1273
3329.67	97.2052
3331.6	97.2441
3333.53	97.3193
3335.45	97.3189
3337.38	97.2088
3339.31	97.1191
3341.24	97.0505
3343.17	96.9731
3345.1	96.9925
3347.03	97.0718
3348.96	97.0135
3350.89	96.869
3352.82	96.8888
3354.75	97.1
3356.68	97.2582
3358.6	97.1614
3360.53	96.8773
3362.46	96.6537
3364.39	96.6388
3366.32	96.7435
3368.25	96.8112
3370.18	96.8174
3372.11	96.8226
3374.04	96.8634
3375.97	96.987
3377.9	97.2092
3379.82	97.3582
3381.75	97.2379
3383.68	96.9737
3385.61	96.8386
3387.54	96.8324
3389.47	96.8169
3391.4	96.7891
3393.33	96.7151
3395.26	96.5226
3397.19	96.388
3399.12	96.5172
3401.04	96.7199
3402.97	96.7155
3404.9	96.6321
3406.83	96.7169
3408.76	96.8651
3410.69	96.8622
3412.62	96.765
3414.55	96.6972
3416.48	96.602
3418.41	96.4626
3420.34	96.4117
3422.27	96.4457
3424.19	96.4338
3426.12	96.4552
3428.05	96.6255
3429.98	96.7859
3431.91	96.7884
3433.84	96.7243
3435.77	96.6604
3437.7	96.6322
3439.63	96.7808
3441.56	97.0538
3443.49	97.1767
3445.41	97.1411
3447.34	97.1548
3449.27	97.1917
3451.2	97.1254
3453.13	97.0175
3455.06	96.9488
3456.99	96.9123
3458.92	96.8878
3460.85	96.8242
3462.78	96.7489
3464.71	96.8293
3466.64	97.0101
3468.56	96.993
3470.49	96.8714
3472.42	97.0657
3474.35	97.424
3476.28	97.3347
3478.21	96.8365
3480.14	96.5324
3482.07	96.5903
3484	96.7315
3485.93	96.8588
3487.86	96.9746
3489.78	96.9312
3491.71	96.773
3493.64	96.8162
3495.57	97.1052
3497.5	97.2527
3499.43	97.0932
3501.36	96.9793
3503.29	97.1156
3505.22	97.1597
3507.15	96.9258
3509.08	96.7446
3511	96.7583
3512.93	96.631
3514.86	96.2922
3516.79	96.2237
3518.72	96.6855
3520.65	97.1991
3522.58	97.2517
3524.51	97.0687
3526.44	97.0843
3528.37	97.0993
3530.3	96.7986
3532.23	96.4875
3534.15	96.5299
3536.08	96.7771
3538.01	96.9421
3539.94	96.9872
3541.87	96.9199
3543.8	96.6785
3545.73	96.4205
3547.66	96.4893
3549.59	96.8349
3551.52	97.0395
3553.45	96.9332
3555.37	96.7718
3557.3	96.7121
3559.23	96.6509
3561.16	96.5841
3563.09	96.6017
3565.02	96.6878
3566.95	96.8583
3568.88	97.1319
3570.81	97.296
3572.74	97.2219
3574.67	97.0906
3576.6	97.1383
3578.52	97.2243
3580.45	97.0355
3582.38	96.7631
3584.31	97.0188
3586.24	97.9844
3588.17	98.8124
3590.1	98.6918
3592.03	98.3026
3593.96	98.3286
3595.89	98.5594
3597.82	98.5615
3599.74	98.4952
3601.67	98.6198
3603.6	98.8462
3605.53	99.0887
3607.46	99.2986
3609.39	99.2077
3611.32	98.7972
3613.25	98.5291
3615.18	98.6508
3617.11	98.9559
3619.04	99.2056
3620.97	99.3284
3622.89	99.3945
3624.82	99.5336
3626.75	99.7772
3628.68	99.9476
3630.61	99.8557
3632.54	99.7316
3634.47	99.7668
3636.4	99.8417
3638.33	99.7659
3640.26	99.6314
3642.19	99.6166
3644.11	99.6143
3646.04	99.601
3647.97	99.9806
3649.9	100.519
3651.83	100.139
3653.76	99.3451
3655.69	98.9825
3657.62	99.0378
3659.55	99.0451
3661.48	99.0533
3663.41	99.2657
3665.33	99.4886
3667.26	99.5888
3669.19	99.7593
3671.12	100.03
3673.05	100.16
3674.98	100.098
3676.91	99.8707
3678.84	99.6282
3680.77	99.545
3682.7	99.5913
3684.63	99.6359
3686.56	99.693
3688.48	99.8376
3690.41	99.8005
3692.34	99.455
3694.27	99.2579
3696.2	99.4503
3698.13	99.8271
3700.06	100.103
3701.99	100.148
3703.92	99.9723
3705.85	99.7728
3707.78	99.7252
3709.7	99.7948
3711.63	99.8061
3713.56	99.7251
3715.49	99.6757
3717.42	99.6968
3719.35	99.7759
3721.28	99.9139
3723.21	100.133
3725.14	100.382
3727.07	100.486
3729	100.376
3730.93	100.211
3732.85	100.285
3734.78	100.785
3736.71	101.132
3738.64	100.728
3740.57	100.135
3742.5	100.003
3744.43	100.286
3746.36	100.229
3748.29	99.902
3750.22	99.9052
3752.15	100.038
3754.07	99.8152
3756	99.5748
3757.93	99.619
3759.86	99.7187
3761.79	99.563
3763.72	99.3468
3765.65	99.3882
3767.58	99.6838
3769.51	99.9188
3771.44	99.8751
3773.37	99.6974
3775.29	99.6202
3777.22	99.6551
3779.15	99.671
3781.08	99.6087
3783.01	99.4856
3784.94	99.3104
3786.87	99.2151
3788.8	99.3388
3790.73	99.5252
3792.66	99.5365
3794.59	99.4191
3796.52	99.3924
3798.44	99.4739
3800.37	99.518
3802.3	99.5512
3804.23	99.7331
3806.16	99.9972
3808.09	100.082
3810.02	99.9142
3811.95	99.6985
3813.88	99.4877
3815.81	99.2752
3817.74	99.2646
3819.66	99.5262
3821.59	99.786
3823.52	99.8184
3825.45	99.7577
3827.38	99.7224
3829.31	99.6817
3831.24	99.6156
3833.17	99.5801
3835.1	99.6794
3837.03	99.9388
3838.96	100.148
3840.89	100.072
3842.81	99.7866
3844.74	99.4806
3846.67	99.3049
3848.6	99.3103
3850.53	99.4399
3852.46	99.6768
3854.39	99.9387
3856.32	99.9264
3858.25	99.6977
3860.18	99.5569
3862.11	99.6977
3864.03	99.9279
3865.96	99.8821
3867.89	99.6812
3869.82	99.6979
3871.75	99.8943
3873.68	99.8664
3875.61	99.6139
3877.54	99.4556
3879.47	99.4943
3881.4	99.5935
3883.33	99.673
3885.25	99.7183
3887.18	99.6493
3889.11	99.5166
3891.04	99.4706
3892.97	99.5242
3894.9	99.596
3896.83	99.6717
3898.76	99.7197
3900.69	99.709
3902.62	99.7848
3904.55	99.9732
3906.48	99.9955
3908.4	99.8112
3910.33	99.6679
3912.26	99.6648
3914.19	99.6754
3916.12	99.6041
3918.05	99.469
3919.98	99.2942
3921.91	99.1541
3923.84	99.1665
3925.77	99.284
3927.7	99.3412
3929.62	99.4019
3931.55	99.6179
3933.48	99.8349
3935.41	99.8146
3937.34	99.6257
3939.27	99.421
3941.2	99.256
3943.13	99.1868
3945.06	99.2664
3946.99	99.4585
3948.92	99.6279
3950.85	99.5936
3952.77	99.3775
3954.7	99.242
3956.63	99.2929
3958.56	99.3593
3960.49	99.3671
3962.42	99.4275
3964.35	99.5103
3966.28	99.4842
3968.21	99.3916
3970.14	99.3578
3972.07	99.3773
3973.99	99.3621
3975.92	99.3087
3977.85	99.2966
3979.78	99.331
3981.71	99.333
3983.64	99.2961
3985.57	99.2687
3987.5	99.2252
3989.43	99.1426
3991.36	99.0823
3993.29	99.0979
3995.22	99.1777
3997.14	99.248
