499.643	85.0527
501.572	83.4584
503.501	82.088
505.43	81.5785
507.36	81.7621
509.289	82.737
511.218	84.0638
513.147	84.4857
515.076	83.7526
517.005	83.0831
518.934	83.1903
520.863	83.2898
522.792	82.8596
524.722	82.5725
526.651	82.9645
528.58	83.3971
530.509	83.232
532.438	82.8423
534.367	82.8048
536.296	83.0789
538.225	83.2997
540.155	83.3699
542.084	83.5007
544.013	83.8141
545.942	84.0031
547.871	83.6903
549.8	83.1672
551.729	83.0751
553.658	83.3964
555.588	83.6051
557.517	83.6203
559.446	83.7124
561.375	83.8648
563.304	84.0279
565.233	84.3177
567.162	84.5212
569.091	84.3215
571.021	84.0352
572.95	84.1254
574.879	84.4163
576.808	84.5249
578.737	84.4834
580.666	84.4839
582.595	84.5402
584.524	84.5924
586.454	84.6169
588.383	84.6358
590.312	84.7037
592.241	84.8154
594.17	84.8496
596.099	84.709
598.028	84.4736
599.957	84.3332
601.887	84.328
603.816	84.2793
605.745	84.1147
607.674	83.9921
609.603	83.9537
611.532	83.8594
613.461	83.7934
615.39	84.0088
617.32	84.4025
619.249	84.6043
621.178	84.5761
623.107	84.4997
625.036	84.3932
626.965	84.2637
628.894	84.2134
630.823	84.274
632.753	84.4493
634.682	84.7429
636.611	85.0091
638.54	85.161
640.469	85.4312
642.398	85.9268
644.327	86.3192
646.256	86.4465
648.186	86.5718
650.115	86.7858
652.044	86.8897
653.973	86.8124
655.902	86.5797
657.831	86.2169
659.76	85.8076
661.689	85.4222
663.619	85.1112
665.548	85.0667
667.477	85.6856
669.406	86.5352
671.335	86.6276
673.264	86.5963
675.193	86.8763
677.122	87.29
679.052	87.6968
680.981	88.215
682.91	88.7511
684.839	89.1728
686.768	89.5687
688.697	89.9141
690.626	90.1051
692.555	90.2267
694.485	90.3888
696.414	90.5797
698.343	90.734
700.272	90.7831
702.201	90.7477
704.13	90.7484
706.059	90.8155
707.988	90.8725
709.917	90.9166
711.847	90.9744
713.776	90.9939
715.705	90.9885
717.634	91.0662
719.563	91.2021
721.492	91.2354
723.421	91.1396
725.35	91.0311
727.28	90.9608
729.209	90.8615
731.138	90.6268
733.067	90.2434
734.996	89.8655
736.925	89.6682
738.854	89.6753
740.783	89.8316
742.713	90.1066
744.642	90.4267
746.571	90.641
748.5	90.6712
750.429	90.6311
752.358	90.6932
754.287	90.8691
756.216	91.0363
758.146	91.1353
760.075	91.1816
762.004	91.1609
763.933	91.0698
765.862	90.9463
767.791	90.7885
769.72	90.5823
771.649	90.3628
773.579	90.1311
775.508	89.8544
777.437	89.5702
779.366	89.2995
781.295	88.9364
783.224	88.381
785.153	87.6222
787.082	86.6595
789.012	85.5365
790.941	84.331
792.87	82.9237
794.799	80.945
796.728	77.938
798.657	73.3243
800.586	66.6203
802.515	58.4547
804.445	51.1528
806.374	47.4248
808.303	48.3465
810.232	52.9909
812.161	59.7333
814.09	67.2197
816.019	74.2405
817.948	79.7496
819.878	83.4162
821.807	85.631
823.736	86.898
825.665	87.549
827.594	87.8451
829.523	87.9676
831.452	87.9252
833.381	87.6195
835.311	87.0325
837.24	86.2784
839.169	85.4391
841.098	84.5149
843.027	83.6341
844.956	83.0939
846.885	83.0701
848.814	83.4805
850.744	84.1523
852.673	84.9278
854.602	85.6385
856.531	86.1648
858.46	86.5201
860.389	86.7797
862.318	86.9564
864.247	87.005
866.177	86.9207
868.106	86.7724
870.035	86.6352
871.964	86.521
873.893	86.3672
875.822	86.1096
877.751	85.7895
879.68	85.5192
881.609	85.3074
883.539	85.0421
885.468	84.6787
887.397	84.2878
889.326	83.9036
891.255	83.497
893.184	83.1046
895.113	82.8262
897.042	82.6955
898.972	82.6714
900.901	82.754
902.83	82.9907
904.759	83.3413
906.688	83.6523
908.617	83.8206
910.546	83.8694
912.475	83.8224
914.405	83.6522
916.334	83.3847
918.263	83.0938
920.192	82.7813
922.121	82.4025
924.05	81.9944
925.979	81.6423
927.908	81.3357
929.838	80.9826
931.767	80.5511
933.696	80.0769
935.625	79.5569
937.554	78.9755
939.483	78.386
941.412	77.8025
943.341	77.0766
945.271	76.0465
947.2	74.7478
949.129	73.35
951.058	71.922
952.987	70.3119
954.916	68.2352
956.845	65.51
958.774	62.2653
960.704	58.9177
962.633	55.9415
964.562	53.6556
966.491	52.152
968.42	51.3103
970.349	50.8632
972.278	50.5133
974.207	50.029
976.137	49.274
978.066	48.2804
979.995	47.3715
981.924	47.0727
983.853	47.7355
985.782	49.2868
987.711	51.387
989.64	53.7213
991.57	56.0902
993.499	58.3415
995.428	60.3336
997.357	61.9544
999.286	63.1396
1001.22	63.8843
1003.14	64.2483
1005.07	64.3498
1007	64.3593
1008.93	64.47
1010.86	64.7927
1012.79	65.2768
1014.72	65.7821
1016.65	66.1939
1018.58	66.4413
1020.51	66.4708
1022.44	66.2456
1024.36	65.8084
1026.29	65.3794
1028.22	65.2584
1030.15	65.4833
1032.08	65.7145
1034.01	65.5602
1035.94	64.851
1037.87	63.5779
1039.8	61.8077
1041.73	59.6976
1043.66	57.4275
1045.58	55.0699
1047.51	52.5593
1049.44	49.8179
1051.37	46.9715
1053.3	44.4179
1055.23	42.6331
1057.16	41.9368
1059.09	42.3924
1061.02	43.8128
1062.95	45.8866
1064.88	48.3646
1066.81	51.129
1068.73	54.1665
1070.66	57.5271
1072.59	61.214
1074.52	65.0798
1076.45	68.8823
1078.38	72.4155
1080.31	75.5614
1082.24	78.262
1084.17	80.4699
1086.1	82.1395
1088.03	83.2769
1089.95	83.9504
1091.88	84.2143
1093.81	84.0851
1095.74	83.625
1097.67	82.9738
1099.6	82.2489
1101.53	81.4817
1103.46	80.6757
1105.39	79.8565
1107.32	79.0646
1109.25	78.3513
1111.18	77.768
1113.1	77.3519
1115.03	77.1387
1116.96	77.1328
1118.89	77.2558
1120.82	77.4048
1122.75	77.5408
1124.68	77.6535
1126.61	77.7053
1128.54	77.6589
1130.47	77.4762
1132.4	77.0683
1134.32	76.3106
1136.25	75.1097
1138.18	73.4265
1140.11	71.2581
1142.04	68.634
1143.97	65.6251
1145.9	62.323
1147.83	58.8023
1149.76	55.1158
1151.69	51.3248
1153.62	47.5285
1155.55	43.8768
1157.47	40.5605
1159.4	37.765
1161.33	35.5938
1163.26	34.0323
1165.19	33.0056
1167.12	32.4363
1169.05	32.222
1170.98	32.2441
1172.91	32.4447
1174.84	32.839
1176.77	33.4496
1178.69	34.2667
1180.62	35.2578
1182.55	36.4035
1184.48	37.7104
1186.41	39.1706
1188.34	40.7454
1190.27	42.4111
1192.2	44.1729
1194.13	46.0321
1196.06	47.976
1197.99	49.9868
1199.91	52.0497
1201.84	54.1585
1203.77	56.3022
1205.7	58.465
1207.63	60.6544
1209.56	62.8892
1211.49	65.2021
1213.42	67.6742
1215.35	70.2705
1217.28	72.6303
1219.21	74.4384
1221.14	75.9597
1223.06	77.6203
1224.99	79.3526
1226.92	80.7837
1228.85	81.7287
1230.78	82.1598
1232.71	82.0458
1234.64	81.431
1236.57	80.406
1238.5	79.0098
1240.43	77.2629
1242.36	75.1813
1244.28	72.7691
1246.21	70.1076
1248.14	67.4026
1250.07	64.8704
1252	62.6349
1253.93	60.759
1255.86	59.2847
1257.79	58.2116
1259.72	57.5108
1261.65	57.1751
1263.58	57.2072
1265.51	57.5669
1267.43	58.1981
1269.36	59.078
1271.29	60.1662
1273.22	61.3612
1275.15	62.5693
1277.08	63.741
1279.01	64.8426
1280.94	65.8579
1282.87	66.7665
1284.8	67.4738
1286.73	67.7797
1288.65	67.4619
1290.58	66.5406
1292.51	65.5059
1294.44	65.1206
1296.37	65.9152
1298.3	67.8806
1300.23	70.6273
1302.16	73.7118
1304.09	76.7962
1306.02	79.6544
1307.95	82.1336
1309.87	84.1632
1311.8	85.7701
1313.73	87.0236
1315.66	87.9843
1317.59	88.7145
1319.52	89.2815
1321.45	89.721
1323.38	90.0415
1325.31	90.2848
1327.24	90.5182
1329.17	90.7677
1331.1	91.029
1333.02	91.299
1334.95	91.5579
1336.88	91.8063
1338.81	92.0865
1340.74	92.4006
1342.67	92.6962
1344.6	92.9476
1346.53	93.1585
1348.46	93.3433
1350.39	93.4902
1352.32	93.5428
1354.24	93.4854
1356.17	93.3751
1358.1	93.2695
1360.03	93.213
1361.96	93.2216
1363.89	93.1839
1365.82	92.9559
1367.75	92.5293
1369.68	92.0163
1371.61	91.5069
1373.54	90.8653
1375.47	90.003
1377.39	89.221
1379.32	88.6785
1381.25	88.2219
1383.18	87.7815
1385.11	87.2367
1387.04	86.2906
1388.97	85.0636
1390.9	83.8338
1392.83	82.3074
1394.76	80.2711
1396.69	77.6273
1398.61	73.6863
1400.54	68.3367
1402.47	62.3852
1404.4	56.7439
1406.33	53.4582
1408.26	54.0092
1410.19	57.5867
1412.12	62.949
1414.05	68.3294
1415.98	72.845
1417.91	77.2772
1419.83	81.4073
1421.76	84.2162
1423.69	86.2877
1425.62	88.0266
1427.55	89.2293
1429.48	90.0148
1431.41	90.567
1433.34	90.8912
1435.27	91.1361
1437.2	91.4858
1439.13	91.8014
1441.06	91.8967
1442.98	91.7807
1444.91	91.4902
1446.84	91.0212
1448.77	90.3593
1450.7	89.6328
1452.63	89.0018
1454.56	88.4161
1456.49	87.6352
1458.42	86.5999
1460.35	85.7604
1462.28	85.0767
1464.2	84.2984
1466.13	83.5953
1468.06	83.3595
1469.99	83.5471
1471.92	84.0587
1473.85	84.8646
1475.78	85.8935
1477.71	87.1037
1479.64	88.4126
1481.57	89.728
1483.5	90.9424
1485.43	91.927
1487.35	92.7253
1489.28	93.4725
1491.21	94.0521
1493.14	94.3873
1495.07	94.6237
1497	94.8468
1498.93	95.0513
1500.86	95.1939
1502.79	95.2568
1504.72	95.2768
1506.65	95.3486
1508.57	95.4676
1510.5	95.5208
1512.43	95.5572
1514.36	95.6368
1516.29	95.7622
1518.22	95.8925
1520.15	96.0091
1522.08	96.1158
1524.01	96.215
1525.94	96.2968
1527.87	96.325
1529.8	96.3007
1531.72	96.2932
1533.65	96.3536
1535.58	96.3967
1537.51	96.3495
1539.44	96.2922
1541.37	96.3796
1543.3	96.5151
1545.23	96.5779
1547.16	96.6047
1549.09	96.612
1551.02	96.5982
1552.94	96.5678
1554.87	96.5235
1556.8	96.4632
1558.73	96.4265
1560.66	96.4637
1562.59	96.4921
1564.52	96.4798
1566.45	96.4334
1568.38	96.3438
1570.31	96.2325
1572.24	96.1666
1574.16	96.1579
1576.09	96.1808
1578.02	96.1917
1579.95	96.154
1581.88	96.0855
1583.81	96.0252
1585.74	95.9562
1587.67	95.8287
1589.6	95.6876
1591.53	95.5834
1593.46	95.4595
1595.39	95.2839
1597.31	95.0774
1599.24	94.8281
1601.17	94.5224
1603.1	94.0908
1605.03	93.4696
1606.96	92.701
1608.89	91.6353
1610.82	90.1424
1612.75	88.5675
1614.68	87.0716
1616.61	85.6842
1618.53	85.0009
1620.46	85.1924
1622.39	85.8715
1624.32	86.5167
1626.25	86.7223
1628.18	86.3005
1630.11	85.0233
1632.04	83.2541
1633.97	81.8597
1635.9	82.1045
1637.83	84.3313
1639.76	87.1434
1641.68	89.7041
1643.61	91.5354
1645.54	92.6431
1647.47	93.4238
1649.4	93.8297
1651.33	93.9046
1653.26	94.0396
1655.19	94.3196
1657.12	94.406
1659.05	94.3262
1660.98	94.1378
1662.9	93.9435
1664.83	93.8143
1666.76	93.6927
1668.69	93.533
1670.62	93.3008
1672.55	93.0515
1674.48	92.7506
1676.41	92.1954
1678.34	91.529
1680.27	90.9626
1682.2	90.2502
1684.12	89.2541
1686.05	88.3691
1687.98	87.4415
1689.91	86.31
1691.84	85.0679
1693.77	83.4796
1695.7	81.4362
1697.63	79.1366
1699.56	75.9676
1701.49	71.9397
1703.42	68.2787
1705.35	64.6254
1707.27	60.5323
1709.2	57.0774
1711.13	54.6369
1713.06	52.6023
1714.99	50.9738
1716.92	49.4901
1718.85	47.5252
1720.78	46.0995
1722.71	45.6804
1724.64	45.8966
1726.57	47.0418
1728.49	49.2586
1730.42	52.0012
1732.35	55.6451
1734.28	60.7778
1736.21	65.6601
1738.14	69.727
1740.07	74.1578
1742	78.8055
1743.93	82.553
1745.86	85.5005
1747.79	88.0661
1749.72	90.152
1751.64	91.8202
1753.57	93.1777
1755.5	94.2742
1757.43	95.3165
1759.36	96.2095
1761.29	96.6762
1763.22	96.8759
1765.15	97.0119
1767.08	97.0435
1769.01	97.0473
1770.94	97.1161
1772.86	97.1807
1774.79	97.2278
1776.72	97.2395
1778.65	97.1813
1780.58	97.1492
1782.51	97.1806
1784.44	97.2035
1786.37	97.2502
1788.3	97.3385
1790.23	97.4231
1792.16	97.5121
1794.08	97.541
1796.01	97.4595
1797.94	97.3892
1799.87	97.42
1801.8	97.5061
1803.73	97.5596
1805.66	97.5457
1807.59	97.535
1809.52	97.6244
1811.45	97.7214
1813.38	97.7239
1815.31	97.7537
1817.23	97.8371
1819.16	97.8454
1821.09	97.8378
1823.02	97.9238
1824.95	98.0022
1826.88	98.0069
1828.81	98.0327
1830.74	98.0582
1832.67	98.0083
1834.6	97.9954
1836.53	98.1242
1838.45	98.2672
1840.38	98.2625
1842.31	98.1885
1844.24	98.1654
1846.17	98.1724
1848.1	98.2306
1850.03	98.3963
1851.96	98.5559
1853.89	98.5745
1855.82	98.5033
1857.75	98.4572
1859.68	98.4918
1861.6	98.5743
1863.53	98.6023
1865.46	98.5464
1867.39	98.4841
1869.32	98.5115
1871.25	98.6583
1873.18	98.8257
1875.11	98.8764
1877.04	98.7812
1878.97	98.6277
1880.9	98.4927
1882.82	98.4562
1884.75	98.5585
1886.68	98.6829
1888.61	98.7111
1890.54	98.6774
1892.47	98.6779
1894.4	98.7502
1896.33	98.8613
1898.26	98.942
1900.19	98.9718
1902.12	98.9479
1904.05	98.8758
1905.97	98.8764
1907.9	99.0412
1909.83	99.2012
1911.76	99.1539
1913.69	99.0114
1915.62	98.9924
1917.55	99.131
1919.48	99.3232
1921.41	99.5314
1923.34	99.7248
1925.27	99.7394
1927.19	99.552
1929.12	99.4275
1931.05	99.5121
1932.98	99.6262
1934.91	99.6228
1936.84	99.6001
1938.77	99.6445
1940.7	99.7098
1942.63	99.8009
1944.56	99.9659
1946.49	100.072
1948.41	100.001
1950.34	99.9711
1952.27	100.163
1954.2	100.29
1956.13	100.17
1958.06	100.136
1959.99	100.333
1961.92	100.457
1963.85	100.447
1965.78	100.512
1967.71	100.624
1969.64	100.664
1971.56	100.689
1973.49	100.684
1975.42	100.51
1977.35	100.251
1979.28	100.152
1981.21	100.177
1983.14	100.094
1985.07	99.9554
1987	99.9565
1988.93	100.022
1990.86	100.057
1992.78	100.2
1994.71	100.412
1996.64	100.445
1998.57	100.317
2000.5	100.228
2002.43	100.225
2004.36	100.26
2006.29	100.316
2008.22	100.374
2010.15	100.443
2012.08	100.48
2014.01	100.368
2015.93	100.204
2017.86	100.296
2019.79	100.627
2021.72	100.771
2023.65	100.557
2025.58	100.271
2027.51	100.14
2029.44	100.097
2031.37	100.071
2033.3	100.129
2035.23	100.327
2037.15	100.56
2039.08	100.57
2041.01	100.242
2042.94	99.9109
2044.87	99.9675
2046.8	100.288
2048.73	100.434
2050.66	100.264
2052.59	100.012
2054.52	99.8684
2056.45	99.7719
2058.37	99.6394
2060.3	99.5965
2062.23	99.7299
2064.16	99.8366
2066.09	99.7781
2068.02	99.7133
2069.95	99.6563
2071.88	99.4411
2073.81	99.2506
2075.74	99.3911
2077.67	99.656
2079.6	99.6846
2081.52	99.596
2083.45	99.6178
2085.38	99.6463
2087.31	99.6042
2089.24	99.6196
2091.17	99.655
2093.1	99.5296
2095.03	99.3613
2096.96	99.4561
2098.89	99.7567
2100.82	99.9072
2102.74	99.8352
2104.67	99.7467
2106.6	99.682
2108.53	99.5964
2110.46	99.5928
2112.39	99.6694
2114.32	99.6949
2116.25	99.7622
2118.18	99.9764
2120.11	100.088
2122.04	99.9348
2123.97	99.8243
2125.89	99.9825
2127.82	100.171
2129.75	100.176
2131.68	100.167
2133.61	100.326
2135.54	100.524
2137.47	100.556
2139.4	100.412
2141.33	100.207
2143.26	100.129
2145.19	100.347
2147.11	100.683
2149.04	100.721
2150.97	100.488
2152.9	100.426
2154.83	100.61
2156.76	100.731
2158.69	100.641
2160.62	100.397
2162.55	100.134
2164.48	100.084
2166.41	100.208
2168.33	100.094
2170.26	99.7085
2172.19	99.5814
2174.12	99.8741
2176.05	100.135
2177.98	100.136
2179.91	100.043
2181.84	99.8942
2183.77	99.7158
2185.7	99.6967
2187.63	99.786
2189.56	99.7357
2191.48	99.6033
2193.41	99.6057
2195.34	99.7133
2197.27	99.7993
2199.2	99.8526
2201.13	99.8717
2203.06	99.821
2204.99	99.704
2206.92	99.5606
2208.85	99.427
2210.78	99.3322
2212.7	99.3337
2214.63	99.4795
2216.56	99.6727
2218.49	99.7492
2220.42	99.7313
2222.35	99.7505
2224.28	99.7765
2226.21	99.7032
2228.14	99.5611
2230.07	99.4431
2232	99.4057
2233.93	99.5068
2235.85	99.7076
2237.78	99.7754
2239.71	99.5737
2241.64	99.3513
2243.57	99.3931
2245.5	99.5648
2247.43	99.59
2249.36	99.5294
2251.29	99.5536
2253.22	99.5871
2255.15	99.5531
2257.07	99.5664
2259	99.6608
2260.93	99.707
2262.86	99.6048
2264.79	99.3529
2266.72	99.1058
2268.65	99.0938
2270.58	99.259
2272.51	99.3242
2274.44	99.3031
2276.37	99.3581
2278.29	99.3494
2280.22	99.1705
2282.15	99.069
2284.08	99.1515
2286.01	99.1997
2287.94	99.166
2289.87	99.2141
2291.8	99.3068
2293.73	99.3139
2295.66	99.3548
2297.59	99.5647
2299.52	99.7745
2301.44	99.8183
2303.37	99.8843
2305.3	100.202
2307.23	100.662
2309.16	101.011
2311.09	101.188
2313.02	101.256
2314.95	101.287
2316.88	101.406
2318.81	101.698
2320.74	102.092
2322.66	102.46
2324.59	102.77
2326.52	103.031
2328.45	103.237
2330.38	103.394
2332.31	103.543
2334.24	103.76
2336.17	104.031
2338.1	104.216
2340.03	104.324
2341.96	104.493
2343.89	104.349
2345.81	103.561
2347.74	102.883
2349.67	102.915
2351.6	103.648
2353.53	104.777
2355.46	105.759
2357.39	106.299
2359.32	106.527
2361.25	106.718
2363.18	106.808
2365.11	106.294
2367.03	105.323
2368.96	104.523
2370.89	103.827
2372.82	102.922
2374.75	101.995
2376.68	101.253
2378.61	100.53
2380.54	99.7395
2382.47	99.1317
2384.4	98.8549
2386.33	98.6981
2388.26	98.5065
2390.18	98.4399
2392.11	98.5583
2394.04	98.6127
2395.97	98.4676
2397.9	98.2621
2399.83	98.1189
2401.76	98.0869
2403.69	98.2129
2405.62	98.4234
2407.55	98.5375
2409.48	98.4803
2411.4	98.3455
2413.33	98.2665
2415.26	98.2835
2417.19	98.3204
2419.12	98.302
2421.05	98.2585
2422.98	98.2643
2424.91	98.3152
2426.84	98.3409
2428.77	98.3223
2430.7	98.2972
2432.62	98.273
2434.55	98.2681
2436.48	98.3425
2438.41	98.4662
2440.34	98.534
2442.27	98.5346
2444.2	98.4942
2446.13	98.3911
2448.06	98.2837
2449.99	98.2723
2451.92	98.311
2453.85	98.3018
2455.77	98.2515
2457.7	98.1992
2459.63	98.1551
2461.56	98.1343
2463.49	98.157
2465.42	98.2405
2467.35	98.3492
2469.28	98.3667
2471.21	98.2554
2473.14	98.1387
2475.07	98.1001
2476.99	98.1052
2478.92	98.1435
2480.85	98.2191
2482.78	98.2718
2484.71	98.282
2486.64	98.3149
2488.57	98.3658
2490.5	98.3244
2492.43	98.1802
2494.36	98.1269
2496.29	98.3146
2498.22	98.6005
2500.14	98.7481
2502.07	98.7438
2504	98.6807
2505.93	98.5716
2507.86	98.4771
2509.79	98.5024
2511.72	98.5958
2513.65	98.6357
2515.58	98.61
2517.51	98.5463
2519.44	98.4766
2521.36	98.455
2523.29	98.4471
2525.22	98.3954
2527.15	98.4088
2529.08	98.6028
2531.01	98.8689
2532.94	99.0144
2534.87	98.9532
2536.8	98.7335
2538.73	98.5292
2540.66	98.474
2542.58	98.4955
2544.51	98.4892
2546.44	98.4962
2548.37	98.5325
2550.3	98.5137
2552.23	98.4621
2554.16	98.485
2556.09	98.51
2558.02	98.3654
2559.95	98.1295
2561.88	98.0687
2563.81	98.2269
2565.73	98.3847
2567.66	98.4153
2569.59	98.3935
2571.52	98.3645
2573.45	98.27
2575.38	98.1166
2577.31	98.0255
2579.24	98.0644
2581.17	98.1484
2583.1	98.1748
2585.03	98.1567
2586.95	98.1331
2588.88	98.075
2590.81	97.9994
2592.74	98.0112
2594.67	98.1043
2596.6	98.1296
2598.53	98.0799
2600.46	98.1199
2602.39	98.2263
2604.32	98.1699
2606.25	97.9418
2608.18	97.7872
2610.1	97.8017
2612.03	97.8664
2613.96	97.8818
2615.89	97.8011
2617.82	97.6344
2619.75	97.529
2621.68	97.5806
2623.61	97.6389
2625.54	97.5735
2627.47	97.5101
2629.4	97.5442
2631.32	97.5382
2633.25	97.4201
2635.18	97.3368
2637.11	97.3634
2639.04	97.3867
2640.97	97.3337
2642.9	97.2401
2644.83	97.1406
2646.76	97.0764
2648.69	97.0832
2650.62	97.1065
2652.54	97.0881
2654.47	97.0814
2656.4	97.1269
2658.33	97.1486
2660.26	97.0896
2662.19	97.011
2664.12	96.9952
2666.05	97.0422
2667.98	97.0864
2669.91	97.0866
2671.84	97.0652
2673.77	97.04
2675.69	97.0031
2677.62	96.9975
2679.55	97.0703
2681.48	97.1487
2683.41	97.133
2685.34	97.0627
2687.27	97.0221
2689.2	96.9903
2691.13	96.9272
2693.06	96.8758
2694.99	96.8729
2696.91	96.8769
2698.84	96.8529
2700.77	96.8354
2702.7	96.8619
2704.63	96.9182
2706.56	96.9677
2708.49	96.9679
2710.42	96.8823
2712.35	96.7571
2714.28	96.7169
2716.21	96.7876
2718.14	96.8399
2720.06	96.7906
2721.99	96.7077
2723.92	96.6695
2725.85	96.6859
2727.78	96.7435
2729.71	96.7782
2731.64	96.7096
2733.57	96.6082
2735.5	96.6189
2737.43	96.6823
2739.36	96.6288
2741.28	96.509
2743.21	96.4953
2745.14	96.5627
2747.07	96.5703
2749	96.5131
2750.93	96.4802
2752.86	96.4996
2754.79	96.5261
2756.72	96.5086
2758.65	96.4587
2760.58	96.4335
2762.51	96.4393
2764.43	96.4428
2766.36	96.4456
2768.29	96.4394
2770.22	96.3895
2772.15	96.3309
2774.08	96.3369
2776.01	96.3962
2777.94	96.4469
2779.87	96.4581
2781.8	96.42
2783.73	96.3509
2785.65	96.3095
2787.58	96.3232
2789.51	96.3524
2791.44	96.349
2793.37	96.295
2795.3	96.2054
2797.23	96.147
2799.16	96.2027
2801.09	96.356
2803.02	96.4566
2804.95	96.3864
2806.87	96.2184
2808.8	96.1098
2810.73	96.0904
2812.66	96.0788
2814.59	96.0473
2816.52	96.0315
2818.45	96.0055
2820.38	95.8936
2822.31	95.7116
2824.24	95.5585
2826.17	95.4563
2828.1	95.3591
2830.02	95.2928
2831.95	95.2679
2833.88	95.1256
2835.81	94.7538
2837.74	94.3522
2839.67	94.1913
2841.6	94.2316
2843.53	94.23
2845.46	94.0981
2847.39	93.9277
2849.32	93.7465
2851.24	93.4673
2853.17	93.0538
2855.1	92.5596
2857.03	92.0402
2858.96	91.5419
2860.89	91.0935
2862.82	90.6686
2864.75	90.2573
2866.68	89.9125
2868.61	89.6354
2870.54	89.3777
2872.47	89.1751
2874.39	89.0915
2876.32	89.1329
2878.25	89.326
2880.18	89.6654
2882.11	90.0021
2884.04	90.2316
2885.97	90.4297
2887.9	90.6137
2889.83	90.6428
2891.76	90.5026
2893.69	90.3976
2895.61	90.4278
2897.54	90.4289
2899.47	90.2874
2901.4	90.1503
2903.33	90.1289
2905.26	90.1376
2907.19	90.158
2909.12	90.2376
2911.05	90.2795
2912.98	90.2488
2914.91	90.2647
2916.83	90.2472
2918.76	90.0348
2920.69	89.7866
2922.62	89.6221
2924.55	89.319
2926.48	88.849
2928.41	88.5046
2930.34	88.3146
2932.27	88.0557
2934.2	87.7826
2936.13	87.7857
2938.06	88.1363
2939.98	88.5947
2941.91	88.9069
2943.84	89.0531
2945.77	89.1336
2947.7	89.1082
2949.63	88.8371
2951.56	88.3104
2953.49	87.6585
2955.42	87.042
2957.35	86.6325
2959.28	86.539
2961.2	86.7037
2963.13	87.02
2965.06	87.5489
2966.99	88.4233
2968.92	89.5279
2970.85	90.5172
2972.78	91.2168
2974.71	91.7286
2976.64	92.1742
2978.57	92.6568
2980.5	93.265
2982.43	93.86
2984.35	94.2047
2986.28	94.3828
2988.21	94.6276
2990.14	94.8762
2992.07	95.0087
2994	95.1932
2995.93	95.5477
2997.86	95.892
2999.79	96.1171
3001.72	96.3353
3003.65	96.5498
3005.57	96.627
3007.5	96.6045
3009.43	96.6605
3011.36	96.8294
3013.29	96.9906
3015.22	97.0555
3017.15	97.0384
3019.08	96.9945
3021.01	96.9443
3022.94	96.9257
3024.87	97.0709
3026.79	97.3652
3028.72	97.4508
3030.65	97.1309
3032.58	96.7728
3034.51	96.6952
3036.44	96.6846
3038.37	96.5567
3040.3	96.4965
3042.23	96.5772
3044.16	96.6547
3046.09	96.7135
3048.02	96.7712
3049.94	96.7148
3051.87	96.5407
3053.8	96.4175
3055.73	96.4602
3057.66	96.6725
3059.59	96.9755
3061.52	97.1899
3063.45	97.164
3065.38	96.9388
3067.31	96.7045
3069.24	96.6286
3071.16	96.7351
3073.09	96.8837
3075.02	96.8932
3076.95	96.761
3078.88	96.6756
3080.81	96.7604
3082.74	96.9294
3084.67	97.0489
3086.6	97.0959
3088.53	97.0756
3090.46	96.9432
3092.39	96.721
3094.31	96.56
3096.24	96.5454
3098.17	96.5687
3100.1	96.5382
3102.03	96.5148
3103.96	96.5143
3105.89	96.4337
3107.82	96.26
3109.75	96.1526
3111.68	96.2738
3113.61	96.5619
3115.53	96.7318
3117.46	96.6661
3119.39	96.6021
3121.32	96.6658
3123.25	96.654
3125.18	96.534
3127.11	96.569
3129.04	96.7853
3130.97	96.8836
3132.9	96.7067
3134.83	96.455
3136.75	96.4255
3138.68	96.5841
3140.61	96.5694
3142.54	96.3083
3144.47	96.2037
3146.4	96.379
3148.33	96.4654
3150.26	96.3956
3152.19	96.4809
3154.12	96.6523
3156.05	96.5999
3157.98	96.4429
3159.9	96.438
3161.83	96.5182
3163.76	96.6221
3165.69	96.7873
3167.62	96.8113
3169.55	96.5547
3171.48	96.3245
3173.41	96.3686
3175.34	96.5074
3177.27	96.5572
3179.2	96.541
3181.12	96.4558
3183.05	96.3012
3184.98	96.1795
3186.91	96.1458
3188.84	96.184
3190.77	96.2884
3192.7	96.3748
3194.63	96.339
3196.56	96.2683
3198.49	96.3043
3200.42	96.3887
3202.35	96.3904
3204.27	96.2775
3206.2	96.064
3208.13	95.8159
3210.06	95.6676
3211.99	95.6793
3213.92	95.7821
3215.85	95.8829
3217.78	95.934
3219.71	95.9561
3221.64	96.0022
3223.57	96.0591
3225.49	96.077
3227.42	96.0654
3229.35	96.0437
3231.28	95.9903
3233.21	95.8936
3235.14	95.7712
3237.07	95.6863
3239	95.7007
3240.93	95.7103
3242.86	95.5501
3244.79	95.3059
3246.72	95.196
3248.64	95.2082
3250.57	95.1877
3252.5	95.1344
3254.43	95.1777
3256.36	95.3341
3258.29	95.406
3260.22	95.2383
3262.15	95.0265
3264.08	95.0506
3266.01	95.1727
3267.94	95.0637
3269.86	94.8153
3271.79	94.7453
3273.72	94.797
3275.65	94.7435
3277.58	94.719
3279.51	94.9112
3281.44	95.0792
3283.37	94.9728
3285.3	94.7977
3287.23	94.7816
3289.16	94.7538
3291.08	94.5043
3293.01	94.1789
3294.94	94.0639
3296.87	94.1769
3298.8	94.2718
3300.73	94.2261
3302.66	94.1681
3304.59	94.1476
3306.52	94.054
3308.45	93.926
3310.38	93.9379
3312.31	94.0585
3314.23	94.0531
3316.16	93.8371
3318.09	93.624
3320.02	93.6595
3321.95	93.8851
3323.88	94.0301
3325.81	93.9885
3327.74	93.852
3329.67	93.6719
3331.6	93.4689
3333.53	93.3432
3335.45	93.3652
3337.38	93.4678
3339.31	93.5266
3341.24	93.4724
3343.17	93.3376
3345.1	93.2114
3347.03	93.1016
3348.96	92.9417
3350.89	92.7734
3352.82	92.7149
3354.75	92.7799
3356.68	92.9293
3358.6	93.1386
3360.53	93.263
3362.46	93.1354
3364.39	92.8628
3366.32	92.6808
3368.25	92.6271
3370.18	92.6713
3372.11	92.8353
3374.04	93.0161
3375.97	93.0825
3377.9	93.0582
3379.82	92.958
3381.75	92.7989
3383.68	92.7502
3385.61	92.8575
3387.54	92.8959
3389.47	92.7566
3391.4	92.5754
3393.33	92.473
3395.26	92.4688
3397.19	92.4931
3399.12	92.4563
3401.04	92.4521
3402.97	92.6166
3404.9	92.7764
3406.83	92.7
3408.76	92.5233
3410.69	92.4386
3412.62	92.3804
3414.55	92.3491
3416.48	92.4628
3418.41	92.5762
3420.34	92.4665
3422.27	92.3112
3424.19	92.3937
3426.12	92.6279
3428.05	92.8011
3429.98	92.8346
3431.91	92.6938
3433.84	92.4307
3435.77	92.2444
3437.7	92.2519
3439.63	92.3447
3441.56	92.3771
3443.49	92.3632
3445.41	92.4126
3447.34	92.5228
3449.27	92.5671
3451.2	92.533
3453.13	92.5422
3455.06	92.6026
3456.99	92.6078
3458.92	92.5595
3460.85	92.5332
3462.78	92.5109
3464.71	92.4549
3466.64	92.3977
3468.56	92.3448
3470.49	92.2855
3472.42	92.3153
3474.35	92.5005
3476.28	92.6592
3478.21	92.5886
3480.14	92.4103
3482.07	92.3779
3484	92.4904
3485.93	92.5561
3487.86	92.4953
3489.78	92.4129
3491.71	92.4533
3493.64	92.5468
3495.57	92.4588
3497.5	92.2568
3499.43	92.2867
3501.36	92.5205
3503.29	92.6224
3505.22	92.6015
3507.15	92.5909
3509.08	92.3975
3511	92.0536
3512.93	91.9825
3514.86	92.1664
3516.79	92.1838
3518.72	92.0286
3520.65	92.0655
3522.58	92.3293
3524.51	92.4604
3526.44	92.2868
3528.37	92.1155
3530.3	92.2309
3532.23	92.4533
3534.15	92.5619
3536.08	92.6475
3538.01	92.7284
3539.94	92.6742
3541.87	92.6188
3543.8	92.7127
3545.73	92.7573
3547.66	92.721
3549.59	92.9247
3551.52	93.281
3553.45	93.3729
3555.37	93.2756
3557.3	93.4264
3559.23	93.829
3561.16	94.0644
3563.09	93.9411
3565.02	93.8
3566.95	94.0297
3568.88	94.3394
3570.81	94.282
3572.74	94.1622
3574.67	94.3576
3576.6	94.7188
3578.52	94.9627
3580.45	95.1486
3582.38	95.3292
3584.31	95.4336
3586.24	95.5249
3588.17	95.6166
3590.1	95.5876
3592.03	95.6
3593.96	95.8704
3595.89	96.2219
3597.82	96.3479
3599.74	96.3762
3601.67	96.5411
3603.6	96.7494
3605.53	96.8228
3607.46	96.8679
3609.39	97.116
3611.32	97.3653
3613.25	97.2534
3615.18	97.0572
3617.11	97.2171
3619.04	97.3702
3620.97	97.0528
3622.89	96.84
3624.82	97.1509
3626.75	97.6417
3628.68	97.9548
3630.61	98.0921
3632.54	98.0149
3634.47	97.7381
3636.4	97.6176
3638.33	97.7692
3640.26	97.8347
3642.19	97.6217
3644.11	97.2385
3646.04	96.8667
3647.97	96.9995
3649.9	97.8816
3651.83	98.2333
3653.76	97.8227
3655.69	97.5612
3657.62	97.7199
3659.55	97.7785
3661.48	97.6265
3663.41	97.5608
3665.33	97.6253
3667.26	97.7061
3669.19	97.6761
3671.12	97.43
3673.05	97.3584
3674.98	97.8574
3676.91	98.3094
3678.84	98.0149
3680.77	97.6597
3682.7	97.7342
3684.63	97.9534
3686.56	97.9982
3688.48	97.986
3690.41	98.0463
3692.34	98.0796
3694.27	98.1491
3696.2	98.2844
3698.13	98.279
3700.06	98.004
3701.99	97.6418
3703.92	97.4818
3705.85	97.6265
3707.78	98.0654
3709.7	98.6332
3711.63	98.744
3713.56	98.2585
3715.49	97.9272
3717.42	97.9811
3719.35	98.0388
3721.28	97.9053
3723.21	97.9037
3725.14	98.0304
3727.07	97.8364
3729	97.4917
3730.93	97.5017
3732.85	97.8426
3734.78	98.2044
3736.71	98.5297
3738.64	98.6074
3740.57	98.1933
3742.5	97.5176
3744.43	97.2296
3746.36	97.5125
3748.29	97.6178
3750.22	97.4678
3752.15	97.5843
3754.07	97.8183
3756	97.7676
3757.93	97.6482
3759.86	97.7782
3761.79	97.9734
3763.72	97.9991
3765.65	97.9646
3767.58	97.8846
3769.51	97.6379
3771.44	97.4279
3773.37	97.5106
3775.29	97.7186
3777.22	97.8025
3779.15	97.7169
3781.08	97.5623
3783.01	97.4804
3784.94	97.599
3786.87	97.8445
3788.8	97.8915
3790.73	97.652
3792.66	97.461
3794.59	97.5271
3796.52	97.578
3798.44	97.4042
3800.37	97.3065
3802.3	97.4804
3804.23	97.605
3806.16	97.5999
3808.09	97.7159
3810.02	97.9129
3811.95	97.9079
3813.88	97.6074
3815.81	97.2514
3817.74	97.271
3819.66	97.5317
3821.59	97.5855
3823.52	97.4982
3825.45	97.5727
3827.38	97.7309
3829.31	97.8385
3831.24	97.8838
3833.17	97.8108
3835.1	97.6679
3837.03	97.6617
3838.96	97.6874
3840.89	97.5506
3842.81	97.535
3844.74	97.7196
3846.67	97.7547
3848.6	97.5489
3850.53	97.3213
3852.46	97.269
3854.39	97.5631
3856.32	97.9207
3858.25	97.9701
3860.18	97.8442
3862.11	97.849
3864.03	97.9728
3865.96	97.9023
3867.89	97.6667
3869.82	97.4849
3871.75	97.4052
3873.68	97.4052
3875.61	97.4228
3877.54	97.4136
3879.47	97.4933
3881.4	97.6999
3883.33	97.8066
3885.25	97.7742
3887.18	97.7863
3889.11	97.7757
3891.04	97.6262
3892.97	97.515
3894.9	97.5645
3896.83	97.6107
3898.76	97.5483
3900.69	97.4183
3902.62	97.3274
3904.55	97.3798
3906.48	97.5363
3908.4	97.6495
3910.33	97.6927
3912.26	97.7047
3914.19	97.6763
3916.12	97.6084
3918.05	97.5187
3919.98	97.3846
3921.91	97.2555
3923.84	97.2632
3925.77	97.4016
3927.7	97.5013
3929.62	97.5146
3931.55	97.5262
3933.48	97.5565
3935.41	97.5538
3937.34	97.5062
3939.27	97.45
3941.2	97.4335
3943.13	97.4729
3945.06	97.5357
3946.99	97.5928
3948.92	97.6259
3950.85	97.6203
3952.77	97.6072
3954.7	97.6124
3956.63	97.5895
3958.56	97.5023
3960.49	97.3894
3962.42	97.3057
3964.35	97.3017
3966.28	97.3799
3968.21	97.4305
3970.14	97.3892
3972.07	97.3824
3973.99	97.4747
3975.92	97.5152
3977.85	97.4661
3979.78	97.4923
3981.71	97.5827
3983.64	97.5346
3985.57	97.3622
3987.5	97.2934
3989.43	97.3735
3991.36	97.442
3993.29	97.4468
3995.22	97.4585
3997.14	97.4645
