499.643	81.4776
501.572	80.1444
503.501	79.8419
505.43	80.1562
507.36	80.2036
509.289	80.5672
511.218	81.4346
513.147	81.8943
515.076	81.7926
517.005	81.7409
518.934	81.7036
520.863	81.4778
522.792	81.5102
524.722	82.0317
526.651	82.4719
528.58	82.3166
530.509	81.9307
532.438	81.8446
534.367	82.0249
536.296	82.2026
538.225	82.3724
540.155	82.5396
542.084	82.5722
544.013	82.4982
545.942	82.3297
547.871	81.9124
549.8	81.4107
551.729	81.213
553.658	81.2766
555.588	81.3258
557.517	81.3854
559.446	81.5137
561.375	81.5497
563.304	81.4991
565.233	81.5496
567.162	81.6217
569.091	81.543
571.021	81.5029
572.95	81.6943
574.879	81.9073
576.808	81.9446
578.737	81.8918
580.666	81.7786
582.595	81.6115
584.524	81.5736
586.454	81.7126
588.383	81.8342
590.312	81.8328
592.241	81.7409
594.17	81.6077
596.099	81.4861
598.028	81.376
599.957	81.2771
601.887	81.239
603.816	81.161
605.745	80.9
607.674	80.6471
609.603	80.6273
611.532	80.6601
613.461	80.6202
615.39	80.7524
617.32	81.0864
619.249	81.2844
621.178	81.2957
623.107	81.3532
625.036	81.4748
626.965	81.5385
628.894	81.5739
630.823	81.6989
632.753	81.9514
634.682	82.2383
636.611	82.4338
638.54	82.6115
640.469	82.9926
642.398	83.553
644.327	84.0421
646.256	84.4075
648.186	84.6948
650.115	84.7985
652.044	84.7979
653.973	84.8841
655.902	84.8857
657.831	84.6372
659.76	84.3103
661.689	84.0242
663.619	83.891
665.548	84.3071
667.477	85.6095
669.406	86.4512
671.335	85.9503
673.264	85.5302
675.193	85.5867
677.122	85.8442
679.052	86.1624
680.981	86.5492
682.91	86.8312
684.839	86.9634
686.768	87.0912
688.697	87.2022
690.626	87.2448
692.555	87.2793
694.485	87.3133
696.414	87.3179
698.343	87.3104
700.272	87.2707
702.201	87.21
704.13	87.2375
706.059	87.328
707.988	87.3079
709.917	87.1992
711.847	87.1661
713.776	87.1757
715.705	87.1475
717.634	87.1799
719.563	87.2662
721.492	87.1792
723.421	86.8799
725.35	86.5509
727.28	86.2224
729.209	85.7843
731.138	85.2109
733.067	84.5657
734.996	83.9486
736.925	83.4958
738.854	83.2965
740.783	83.3101
742.713	83.4092
744.642	83.4853
746.571	83.4931
748.5	83.4447
750.429	83.42
752.358	83.518
754.287	83.7298
756.216	83.9574
758.146	84.1826
760.075	84.4466
762.004	84.701
763.933	84.8776
765.862	85.0058
767.791	85.1283
769.72	85.2374
771.649	85.3239
773.579	85.3704
775.508	85.3684
777.437	85.3748
779.366	85.4264
781.295	85.4485
783.224	85.3381
785.153	85.0613
787.082	84.6574
789.012	84.198
790.941	83.6937
792.87	83.0477
794.799	82.1107
796.728	80.6613
798.657	78.2861
800.586	74.4604
802.515	69.1052
804.445	63.2964
806.374	59.0882
808.303	58.1262
810.232	60.5013
812.161	65.1098
814.09	70.6361
816.019	75.8775
817.948	79.8819
819.878	82.3612
821.807	83.6465
823.736	84.1884
825.665	84.3304
827.594	84.2996
829.523	84.1669
831.452	83.9207
833.381	83.5571
835.311	83.0564
837.24	82.4131
839.169	81.6678
841.098	80.8401
843.027	80.0039
844.956	79.4174
846.885	79.3206
848.814	79.6699
850.744	80.2674
852.673	80.9685
854.602	81.6281
856.531	82.0908
858.46	82.3426
860.389	82.5
862.318	82.6359
864.247	82.7261
866.177	82.7463
868.106	82.7333
870.035	82.7308
871.964	82.7229
873.893	82.6594
875.822	82.5212
877.751	82.3483
879.68	82.2103
881.609	82.1194
883.539	82
885.468	81.8092
887.397	81.6
889.326	81.3969
891.255	81.1505
893.184	80.8585
895.113	80.5821
897.042	80.3422
898.972	80.1365
900.901	80.0196
902.83	80.0479
904.759	80.1754
906.688	80.2841
908.617	80.2967
910.546	80.2104
912.475	80.0439
914.405	79.8091
916.334	79.5305
918.263	79.2465
920.192	78.9676
922.121	78.6618
924.05	78.3217
925.979	78.0045
927.908	77.7438
929.838	77.4837
931.767	77.1612
933.696	76.7723
935.625	76.3184
937.554	75.7792
939.483	75.1594
941.412	74.4839
943.341	73.7156
945.271	72.7434
947.2	71.5335
949.129	70.2674
951.058	69.1859
952.987	68.2776
954.916	67.253
956.845	65.8366
958.774	63.9953
960.704	61.9306
962.633	59.9554
964.562	58.3385
966.491	57.1693
968.42	56.3489
970.349	55.6998
972.278	55.0599
974.207	54.3159
976.137	53.4256
978.066	52.4388
979.995	51.5133
981.924	50.9129
983.853	50.8881
985.782	51.4772
987.711	52.4959
989.64	53.7564
991.57	55.175
993.499	56.6362
995.428	57.9246
997.357	58.8705
999.286	59.4528
1001.22	59.7237
1003.14	59.7314
1005.07	59.5546
1007	59.342
1008.93	59.2607
1010.86	59.3843
1012.79	59.6317
1014.72	59.8255
1016.65	59.8075
1018.58	59.4965
1020.51	58.8859
1022.44	58.0353
1024.36	57.0859
1026.29	56.2869
1028.22	55.8961
1030.15	55.9088
1032.08	55.9609
1034.01	55.666
1035.94	54.9655
1037.87	54.036
1039.8	53.0181
1041.73	51.9646
1043.66	50.9202
1045.58	49.9278
1047.51	48.9701
1049.44	47.943
1051.37	46.7559
1053.3	45.5061
1055.23	44.4961
1057.16	44.0266
1059.09	44.2111
1061.02	44.9887
1062.95	46.2243
1064.88	47.7783
1066.81	49.5748
1068.73	51.6442
1070.66	54.0452
1072.59	56.7526
1074.52	59.6507
1076.45	62.5714
1078.38	65.3204
1080.31	67.7499
1082.24	69.7913
1084.17	71.3823
1086.1	72.4566
1088.03	73.023
1089.95	73.1321
1091.88	72.7977
1093.81	72.057
1095.74	71.0398
1097.67	69.8951
1099.6	68.7137
1101.53	67.5446
1103.46	66.4178
1105.39	65.3569
1107.32	64.4108
1109.25	63.6463
1111.18	63.0943
1113.1	62.7593
1115.03	62.665
1116.96	62.8124
1118.89	63.1135
1120.82	63.4298
1122.75	63.6437
1124.68	63.6604
1126.61	63.3789
1128.54	62.6736
1130.47	61.408
1132.4	59.5069
1134.32	57.015
1136.25	54.0734
1138.18	50.8934
1140.11	47.7436
1142.04	44.8616
1143.97	42.3819
1145.9	40.376
1147.83	38.8665
1149.76	37.7785
1151.69	36.9992
1153.62	36.4805
1155.55	36.1898
1157.47	36.0588
1159.4	36.0671
1161.33	36.2425
1163.26	36.5561
1165.19	36.9542
1167.12	37.427
1169.05	37.9562
1170.98	38.5069
1172.91	39.0844
1174.84	39.6987
1176.77	40.342
1178.69	41.0377
1180.62	41.817
1182.55	42.6761
1184.48	43.6167
1186.41	44.6511
1188.34	45.7672
1190.27	46.9532
1192.2	48.2227
1194.13	49.5955
1196.06	51.0917
1197.99	52.7119
1199.91	54.4051
1201.84	56.0955
1203.77	57.7361
1205.7	59.3257
1207.63	60.8815
1209.56	62.4014
1211.49	63.9551
1213.42	65.7379
1215.35	67.6803
1217.28	69.1439
1219.21	69.6958
1221.14	69.9066
1223.06	70.5088
1224.99	71.4181
1226.92	72.1166
1228.85	72.3693
1230.78	72.1763
1232.71	71.5528
1234.64	70.5876
1236.57	69.4085
1238.5	68.1248
1240.43	66.8377
1242.36	65.5746
1244.28	64.3075
1246.21	63.0748
1248.14	61.9541
1250.07	60.9812
1252	60.1877
1253.93	59.6042
1255.86	59.2172
1257.79	59.0074
1259.72	58.974
1261.65	59.1041
1263.58	59.3919
1265.51	59.8555
1267.43	60.5013
1269.36	61.3205
1271.29	62.2973
1273.22	63.3943
1275.15	64.5559
1277.08	65.7221
1279.01	66.8387
1280.94	67.8755
1282.87	68.8166
1284.8	69.6274
1286.73	70.2231
1288.65	70.4663
1290.58	70.3047
1292.51	69.9692
1294.44	69.9147
1296.37	70.5066
1298.3	71.8029
1300.23	73.6219
1302.16	75.7031
1304.09	77.7808
1306.02	79.6402
1307.95	81.1805
1309.87	82.4043
1311.8	83.3459
1313.73	84.0457
1315.66	84.5611
1317.59	84.9391
1319.52	85.1991
1321.45	85.3577
1323.38	85.4458
1325.31	85.5096
1327.24	85.5974
1329.17	85.7419
1331.1	85.9671
1333.02	86.2605
1334.95	86.5661
1336.88	86.8928
1338.81	87.3135
1340.74	87.8038
1342.67	88.2749
1344.6	88.7236
1346.53	89.17
1348.46	89.607
1350.39	89.9976
1352.32	90.2571
1354.24	90.3333
1356.17	90.2881
1358.1	90.242
1360.03	90.3186
1361.96	90.6012
1363.89	90.9105
1365.82	90.9101
1367.75	90.5511
1369.68	90.0717
1371.61	89.6426
1373.54	89.0724
1375.47	88.2189
1377.39	87.4036
1379.32	86.7485
1381.25	86.0351
1383.18	85.2747
1385.11	84.4975
1387.04	83.4629
1388.97	82.256
1390.9	81.1847
1392.83	80.1108
1394.76	78.8852
1396.69	77.4296
1398.61	75.4088
1400.54	72.8468
1402.47	70.0645
1404.4	67.2548
1406.33	65.3579
1408.26	65.4116
1410.19	67.3282
1412.12	70.5689
1414.05	74.0704
1415.98	77.2788
1417.91	80.6416
1419.83	83.7194
1421.76	85.6632
1423.69	86.9715
1425.62	87.973
1427.55	88.549
1429.48	88.7536
1431.41	88.743
1433.34	88.6451
1435.27	88.4776
1437.2	88.1508
1439.13	87.7049
1441.06	87.1752
1442.98	86.4775
1444.91	85.6801
1446.84	84.9001
1448.77	84.1083
1450.7	83.439
1452.63	83.0905
1454.56	82.9943
1456.49	82.9123
1458.42	82.5297
1460.35	82.046
1462.28	81.6555
1464.2	81.2727
1466.13	80.9957
1468.06	81.0782
1469.99	81.5876
1471.92	82.5483
1473.85	83.7165
1475.78	84.7946
1477.71	85.9574
1479.64	87.271
1481.57	88.6479
1483.5	89.9901
1485.43	91.2003
1487.35	92.3055
1489.28	93.2847
1491.21	93.8723
1493.14	94.1703
1495.07	94.4847
1497	94.8469
1498.93	95.0901
1500.86	95.2105
1502.79	95.3397
1504.72	95.5594
1506.65	95.8153
1508.57	95.7713
1510.5	95.5672
1512.43	95.4974
1514.36	95.6125
1516.29	95.8539
1518.22	96.1124
1520.15	96.3338
1522.08	96.4548
1524.01	96.4575
1525.94	96.4129
1527.87	96.3722
1529.8	96.3579
1531.72	96.3749
1533.65	96.3944
1535.58	96.3916
1537.51	96.4283
1539.44	96.5919
1541.37	96.7739
1543.3	96.7426
1545.23	96.6331
1547.16	96.5607
1549.09	96.53
1551.02	96.5166
1552.94	96.5161
1554.87	96.5596
1556.8	96.6637
1558.73	96.7221
1560.66	96.5936
1562.59	96.4475
1564.52	96.3746
1566.45	96.3815
1568.38	96.3941
1570.31	96.2839
1572.24	96.1497
1574.16	96.1374
1576.09	96.1706
1578.02	96.0924
1579.95	95.9888
1581.88	95.9374
1583.81	95.8721
1585.74	95.7518
1587.67	95.6324
1589.6	95.5613
1591.53	95.5152
1593.46	95.4448
1595.39	95.3317
1597.31	95.1734
1599.24	94.9903
1601.17	94.8001
1603.1	94.5214
1605.03	94.1028
1606.96	93.6223
1608.89	92.9881
1610.82	92.0723
1612.75	91.1056
1614.68	90.2067
1616.61	89.3363
1618.53	88.8696
1620.46	88.9938
1622.39	89.4171
1624.32	89.7338
1626.25	89.7307
1628.18	89.3324
1630.11	88.4473
1632.04	87.4286
1633.97	86.8564
1635.9	87.2696
1637.83	88.5248
1639.76	89.9801
1641.68	91.379
1643.61	92.483
1645.54	93.262
1647.47	93.7883
1649.4	93.9927
1651.33	94.0442
1653.26	94.1271
1655.19	94.1213
1657.12	94.0038
1659.05	93.8806
1660.98	93.7504
1662.9	93.563
1664.83	93.326
1666.76	93.1612
1668.69	93.0846
1670.62	92.8669
1672.55	92.5106
1674.48	92.1267
1676.41	91.5029
1678.34	90.7798
1680.27	90.2309
1682.2	89.5614
1684.12	88.4969
1686.05	87.4568
1687.98	86.3527
1689.91	84.9899
1691.84	83.5545
1693.77	81.8936
1695.7	79.8007
1697.63	77.4236
1699.56	74.3777
1701.49	70.7013
1703.42	67.3614
1705.35	64.0039
1707.27	60.1919
1709.2	56.7956
1711.13	54.1746
1713.06	51.9155
1714.99	50.0952
1716.92	48.4914
1718.85	46.6241
1720.78	45.4175
1722.71	45.1716
1724.64	45.4664
1726.57	46.4526
1728.49	48.1896
1730.42	50.2644
1732.35	52.9816
1734.28	56.7232
1736.21	60.2477
1738.14	63.2437
1740.07	66.4536
1742	69.8273
1743.93	73.0475
1745.86	76.3183
1747.79	79.7196
1749.72	83.1124
1751.64	86.2992
1753.57	89.0582
1755.5	91.4953
1757.43	93.7498
1759.36	95.4952
1761.29	96.5201
1763.22	97.1414
1765.15	97.4903
1767.08	97.5729
1769.01	97.6993
1770.94	97.9616
1772.86	97.9795
1774.79	97.7544
1776.72	97.5881
1778.65	97.5261
1780.58	97.5487
1782.51	97.5673
1784.44	97.5116
1786.37	97.5005
1788.3	97.5843
1790.23	97.6737
1792.16	97.718
1794.08	97.6487
1796.01	97.4955
1797.94	97.4119
1799.87	97.4235
1801.8	97.419
1803.73	97.3697
1805.66	97.3079
1807.59	97.28
1809.52	97.3598
1811.45	97.4686
1813.38	97.4721
1815.31	97.4525
1817.23	97.4944
1819.16	97.5432
1821.09	97.5973
1823.02	97.6752
1824.95	97.7236
1826.88	97.7644
1828.81	97.8158
1830.74	97.7486
1832.67	97.5999
1834.6	97.626
1836.53	97.8718
1838.45	98.0669
1840.38	98.046
1842.31	98.0028
1844.24	98.0891
1846.17	98.1677
1848.1	98.1889
1850.03	98.2496
1851.96	98.2836
1853.89	98.1979
1855.82	98.0697
1857.75	98.0018
1859.68	98.0088
1861.6	98.0653
1863.53	98.1594
1865.46	98.2916
1867.39	98.3996
1869.32	98.4126
1871.25	98.4401
1873.18	98.5325
1875.11	98.5436
1877.04	98.4556
1878.97	98.4075
1880.9	98.376
1882.82	98.2933
1884.75	98.2915
1886.68	98.4402
1888.61	98.5458
1890.54	98.4422
1892.47	98.3042
1894.4	98.3899
1896.33	98.6466
1898.26	98.7934
1900.19	98.7345
1902.12	98.6285
1904.05	98.6436
1905.97	98.8
1907.9	98.9546
1909.83	98.9636
1911.76	98.8863
1913.69	98.8869
1915.62	99.0091
1917.55	99.1603
1919.48	99.2211
1921.41	99.2593
1923.34	99.4237
1925.27	99.5782
1927.19	99.4814
1929.12	99.2467
1931.05	99.1315
1932.98	99.177
1934.91	99.3187
1936.84	99.5038
1938.77	99.6338
1940.7	99.7265
1942.63	99.9342
1944.56	100.167
1946.49	100.124
1948.41	99.8608
1950.34	99.7489
1952.27	99.87
1954.2	99.9327
1956.13	99.8769
1958.06	99.9344
1959.99	100.112
1961.92	100.219
1963.85	100.236
1965.78	100.269
1967.71	100.375
1969.64	100.51
1971.56	100.604
1973.49	100.707
1975.42	100.842
1977.35	100.805
1979.28	100.494
1981.21	100.124
1983.14	99.8832
1985.07	99.7994
1987	99.8774
1988.93	100.065
1990.86	100.293
1992.78	100.574
1994.71	100.835
1996.64	100.873
1998.57	100.652
2000.5	100.441
2002.43	100.438
2004.36	100.403
2006.29	100.135
2008.22	99.9536
2010.15	100.087
2012.08	100.208
2014.01	100.139
2015.93	100.116
2017.86	100.216
2019.79	100.35
2021.72	100.526
2023.65	100.609
2025.58	100.476
2027.51	100.327
2029.44	100.312
2031.37	100.322
2033.3	100.341
2035.23	100.397
2037.15	100.374
2039.08	100.266
2041.01	100.224
2042.94	100.266
2044.87	100.324
2046.8	100.366
2048.73	100.29
2050.66	100.052
2052.59	99.8628
2054.52	99.8485
2056.45	99.7945
2058.37	99.5893
2060.3	99.5261
2062.23	99.7232
2064.16	99.801
2066.09	99.5942
2068.02	99.4967
2069.95	99.6516
2071.88	99.7053
2073.81	99.6155
2075.74	99.693
2077.67	99.8219
2079.6	99.6738
2081.52	99.4498
2083.45	99.4727
2085.38	99.5725
2087.31	99.5459
2089.24	99.5422
2091.17	99.6146
2093.1	99.5635
2095.03	99.389
2096.96	99.3533
2098.89	99.526
2100.82	99.671
2102.74	99.6518
2104.67	99.5896
2106.6	99.566
2108.53	99.5432
2110.46	99.5596
2112.39	99.6486
2114.32	99.7279
2116.25	99.7821
2118.18	99.8429
2120.11	99.817
2122.04	99.7016
2123.97	99.7156
2125.89	99.9054
2127.82	100.001
2129.75	99.8851
2131.68	99.8043
2133.61	99.9396
2135.54	100.147
2137.47	100.279
2139.4	100.343
2141.33	100.27
2143.26	100.048
2145.19	99.9798
2147.11	100.228
2149.04	100.476
2150.97	100.489
2152.9	100.46
2154.83	100.558
2156.76	100.667
2158.69	100.634
2160.62	100.485
2162.55	100.351
2164.48	100.232
2166.41	100.029
2168.33	99.8328
2170.26	99.8838
2172.19	100.207
2174.12	100.536
2176.05	100.602
2177.98	100.426
2179.91	100.231
2181.84	100.139
2183.77	100.146
2185.7	100.216
2187.63	100.199
2189.56	100.027
2191.48	99.938
2193.41	100.041
2195.34	100.065
2197.27	99.9428
2199.2	99.9507
2201.13	100.11
2203.06	100.154
2204.99	99.9689
2206.92	99.6326
2208.85	99.3344
2210.78	99.3185
2212.7	99.6066
2214.63	99.9264
2216.56	100.021
2218.49	99.8778
2220.42	99.7319
2222.35	99.829
2224.28	100.039
2226.21	100.024
2228.14	99.8223
2230.07	99.6995
2232	99.6539
2233.93	99.6281
2235.85	99.7263
2237.78	99.863
2239.71	99.8257
2241.64	99.6695
2243.57	99.5342
2245.5	99.4637
2247.43	99.5587
2249.36	99.7781
2251.29	99.8561
2253.22	99.7707
2255.15	99.713
2257.07	99.6577
2259	99.6038
2260.93	99.7415
2262.86	99.9758
2264.79	100.002
2266.72	99.8906
2268.65	99.9111
2270.58	100.042
2272.51	100.124
2274.44	100.116
2276.37	100.016
2278.29	99.8467
2280.22	99.6747
2282.15	99.5283
2284.08	99.4208
2286.01	99.4205
2287.94	99.5828
2289.87	99.8983
2291.8	100.3
2293.73	100.638
2295.66	100.819
2297.59	100.975
2299.52	101.234
2301.44	101.49
2303.37	101.732
2305.3	102.215
2307.23	102.98
2309.16	103.699
2311.09	104.197
2313.02	104.605
2314.95	105.034
2316.88	105.584
2318.81	106.402
2320.74	107.382
2322.66	108.192
2324.59	108.807
2326.52	109.503
2328.45	110.338
2330.38	111.054
2332.31	111.452
2334.24	111.727
2336.17	112.036
2338.1	112.132
2340.03	112.037
2341.96	112.103
2343.89	111.671
2345.81	110.098
2347.74	108.816
2349.67	108.997
2351.6	110.674
2353.53	113.276
2355.46	115.632
2357.39	117.023
2359.32	117.528
2361.25	117.514
2363.18	117.168
2365.11	115.953
2367.03	114.017
2368.96	112.23
2370.89	110.492
2372.82	108.36
2374.75	106.139
2376.68	104.225
2378.61	102.591
2380.54	101.159
2382.47	100.033
2384.4	99.2802
2386.33	98.7889
2388.26	98.4389
2390.18	98.2478
2392.11	98.228
2394.04	98.2419
2395.97	98.1538
2397.9	98.0139
2399.83	97.9377
2401.76	97.9281
2403.69	97.9731
2405.62	98.1321
2407.55	98.3334
2409.48	98.3529
2411.4	98.166
2413.33	97.9926
2415.26	97.946
2417.19	97.952
2419.12	97.9507
2421.05	97.9799
2422.98	98.1058
2424.91	98.2507
2426.84	98.199
2428.77	97.9781
2430.7	97.8901
2432.62	97.9864
2434.55	98.0476
2436.48	98.0498
2438.41	98.0939
2440.34	98.1385
2442.27	98.1634
2444.2	98.213
2446.13	98.2248
2448.06	98.1412
2449.99	98.0421
2451.92	98.016
2453.85	98.0487
2455.77	98.0504
2457.7	97.9813
2459.63	97.9277
2461.56	97.9545
2463.49	98.028
2465.42	98.1487
2467.35	98.2863
2469.28	98.3059
2471.21	98.2248
2473.14	98.1857
2475.07	98.1099
2476.99	97.9094
2478.92	97.8221
2480.85	97.9947
2482.78	98.1764
2484.71	98.2021
2486.64	98.2258
2488.57	98.305
2490.5	98.2908
2492.43	98.1771
2494.36	98.1479
2496.29	98.261
2498.22	98.3605
2500.14	98.3431
2502.07	98.2977
2504	98.2856
2505.93	98.2333
2507.86	98.1611
2509.79	98.2297
2511.72	98.4391
2513.65	98.5476
2515.58	98.3918
2517.51	98.1085
2519.44	97.9452
2521.36	97.9521
2523.29	98.0022
2525.22	98.0514
2527.15	98.1623
2529.08	98.3188
2531.01	98.4437
2532.94	98.5237
2534.87	98.5654
2536.8	98.5334
2538.73	98.3998
2540.66	98.1955
2542.58	98.0286
2544.51	98.0158
2546.44	98.1333
2548.37	98.2163
2550.3	98.1635
2552.23	98.0757
2554.16	98.0875
2556.09	98.0961
2558.02	97.9149
2559.95	97.6953
2561.88	97.759
2563.81	98.0394
2565.73	98.1901
2567.66	98.124
2569.59	97.9887
2571.52	97.8434
2573.45	97.711
2575.38	97.6803
2577.31	97.7574
2579.24	97.8316
2581.17	97.8514
2583.1	97.848
2585.03	97.7982
2586.95	97.6718
2588.88	97.5614
2590.81	97.5591
2592.74	97.6353
2594.67	97.7567
2596.6	97.887
2598.53	97.8981
2600.46	97.7564
2602.39	97.6162
2604.32	97.5493
2606.25	97.4721
2608.18	97.3849
2610.1	97.3952
2612.03	97.5216
2613.96	97.6206
2615.89	97.5247
2617.82	97.2837
2619.75	97.137
2621.68	97.1568
2623.61	97.1778
2625.54	97.1308
2627.47	97.1155
2629.4	97.1569
2631.32	97.173
2633.25	97.1385
2635.18	97.1039
2637.11	97.0795
2639.04	97.007
2640.97	96.8774
2642.9	96.779
2644.83	96.7524
2646.76	96.734
2648.69	96.6926
2650.62	96.6632
2652.54	96.6635
2654.47	96.6987
2656.4	96.7476
2658.33	96.7273
2660.26	96.6179
2662.19	96.5278
2664.12	96.5228
2666.05	96.5586
2667.98	96.5986
2669.91	96.6235
2671.84	96.596
2673.77	96.5366
2675.69	96.5187
2677.62	96.5584
2679.55	96.596
2681.48	96.5666
2683.41	96.4855
2685.34	96.4618
2687.27	96.5351
2689.2	96.5767
2691.13	96.4931
2693.06	96.3727
2694.99	96.314
2696.91	96.299
2698.84	96.2952
2700.77	96.3216
2702.7	96.3882
2704.63	96.4491
2706.56	96.4409
2708.49	96.3573
2710.42	96.2533
2712.35	96.1765
2714.28	96.1478
2716.21	96.1765
2718.14	96.2379
2720.06	96.2845
2721.99	96.2857
2723.92	96.2216
2725.85	96.1044
2727.78	96.0205
2729.71	96.0316
2731.64	96.0676
2733.57	96.0464
2735.5	96.0077
2737.43	96.0056
2739.36	96.0076
2741.28	95.9843
2743.21	95.9572
2745.14	95.9311
2747.07	95.8989
2749	95.8855
2750.93	95.9097
2752.86	95.9398
2754.79	95.9193
2756.72	95.8489
2758.65	95.8193
2760.58	95.877
2762.51	95.9244
2764.43	95.887
2766.36	95.8235
2768.29	95.7669
2770.22	95.6946
2772.15	95.654
2774.08	95.683
2776.01	95.7299
2777.94	95.7668
2779.87	95.7786
2781.8	95.7084
2783.73	95.5983
2785.65	95.5636
2787.58	95.5716
2789.51	95.5356
2791.44	95.5088
2793.37	95.5239
2795.3	95.498
2797.23	95.4532
2799.16	95.4977
2801.09	95.5747
2803.02	95.5561
2804.95	95.4766
2806.87	95.4056
2808.8	95.3006
2810.73	95.1755
2812.66	95.1436
2814.59	95.1922
2816.52	95.1746
2818.45	95.0373
2820.38	94.8401
2822.31	94.6229
2824.24	94.4179
2826.17	94.2775
2828.1	94.1889
2830.02	94.0868
2831.95	93.958
2833.88	93.7979
2835.81	93.5451
2837.74	93.2174
2839.67	92.966
2841.6	92.8535
2843.53	92.7532
2845.46	92.553
2847.39	92.2723
2849.32	91.9441
2851.24	91.5468
2853.17	91.0529
2855.1	90.4746
2857.03	89.8862
2858.96	89.3543
2860.89	88.8176
2862.82	88.1996
2864.75	87.6373
2866.68	87.3182
2868.61	87.1248
2870.54	86.814
2872.47	86.4615
2874.39	86.3216
2876.32	86.4305
2878.25	86.7079
2880.18	87.1597
2882.11	87.7178
2884.04	88.1945
2885.97	88.4886
2887.9	88.5913
2889.83	88.4911
2891.76	88.2803
2893.69	88.1737
2895.61	88.2389
2897.54	88.2503
2899.47	88.0053
2901.4	87.6841
2903.33	87.606
2905.26	87.7563
2907.19	87.899
2909.12	87.9336
2911.05	87.8511
2912.98	87.654
2914.91	87.4347
2916.83	87.223
2918.76	86.8993
2920.69	86.4579
2922.62	86.0153
2924.55	85.5481
2926.48	85.0221
2928.41	84.5987
2930.34	84.3836
2932.27	84.2385
2934.2	84.1004
2936.13	84.1788
2938.06	84.5754
2939.98	85.0316
2941.91	85.3248
2943.84	85.5445
2945.77	85.7294
2947.7	85.6864
2949.63	85.347
2951.56	84.8558
2953.49	84.2869
2955.42	83.6731
2957.35	83.2097
2959.28	83.11
2961.2	83.3978
2963.13	84.0363
2965.06	85.0863
2966.99	86.5303
2968.92	88.0516
2970.85	89.2414
2972.78	90.015
2974.71	90.588
2976.64	91.1552
2978.57	91.7963
2980.5	92.4686
2982.43	93.0132
2984.35	93.3836
2986.28	93.7459
2988.21	94.149
2990.14	94.4061
2992.07	94.5026
2994	94.723
2995.93	95.1954
2997.86	95.7078
2999.79	96.089
3001.72	96.3737
3003.65	96.5536
3005.57	96.5864
3007.5	96.6013
3009.43	96.7147
3011.36	96.8305
3013.29	96.8884
3015.22	96.9786
3017.15	97.0669
3019.08	97.0109
3021.01	96.8763
3022.94	96.8825
3024.87	97.0812
3026.79	97.2825
3028.72	97.2932
3030.65	97.1747
3032.58	97.0902
3034.51	96.9494
3036.44	96.6467
3038.37	96.4598
3040.3	96.6016
3042.23	96.7904
3044.16	96.7994
3046.09	96.7816
3048.02	96.7795
3049.94	96.6172
3051.87	96.3125
3053.8	96.1264
3055.73	96.2931
3057.66	96.7549
3059.59	97.1308
3061.52	97.1721
3063.45	97.0275
3065.38	96.8432
3067.31	96.6208
3069.24	96.5099
3071.16	96.6352
3073.09	96.7828
3075.02	96.7249
3076.95	96.5946
3078.88	96.6249
3080.81	96.7754
3082.74	96.838
3084.67	96.7925
3086.6	96.7915
3088.53	96.8112
3090.46	96.6888
3092.39	96.4783
3094.31	96.3537
3096.24	96.293
3098.17	96.2165
3100.1	96.2005
3102.03	96.303
3103.96	96.4121
3105.89	96.3789
3107.82	96.2041
3109.75	96.0714
3111.68	96.1229
3113.61	96.2431
3115.53	96.2763
3117.46	96.2672
3119.39	96.2279
3121.32	96.0378
3123.25	95.7833
3125.18	95.7511
3127.11	95.9876
3129.04	96.2269
3130.97	96.2267
3132.9	95.9943
3134.83	95.7743
3136.75	95.7852
3138.68	95.9409
3140.61	95.9918
3142.54	95.8828
3144.47	95.7712
3146.4	95.7479
3148.33	95.7672
3150.26	95.8258
3152.19	95.9619
3154.12	96.0705
3156.05	96.0036
3157.98	95.8285
3159.9	95.7156
3161.83	95.7133
3163.76	95.7997
3165.69	95.9121
3167.62	95.9106
3169.55	95.7349
3171.48	95.4957
3173.41	95.326
3175.34	95.2745
3177.27	95.2775
3179.2	95.2143
3181.12	95.0986
3183.05	95.0501
3184.98	95.064
3186.91	95.0936
3188.84	95.2012
3190.77	95.3247
3192.7	95.233
3194.63	94.9564
3196.56	94.8041
3198.49	94.8372
3200.42	94.8631
3202.35	94.9036
3204.27	95.0479
3206.2	95.0761
3208.13	94.8431
3210.06	94.6236
3211.99	94.6031
3213.92	94.6087
3215.85	94.5561
3217.78	94.5399
3219.71	94.5467
3221.64	94.5374
3223.57	94.5303
3225.49	94.4638
3227.42	94.324
3229.35	94.253
3231.28	94.2835
3233.21	94.2839
3235.14	94.2137
3237.07	94.1096
3239	93.9474
3240.93	93.7623
3242.86	93.7095
3244.79	93.8304
3246.72	93.9328
3248.64	93.8413
3250.57	93.6129
3252.5	93.4356
3254.43	93.4485
3256.36	93.6099
3258.29	93.6642
3260.22	93.4385
3262.15	93.1745
3264.08	93.225
3266.01	93.4913
3267.94	93.573
3269.86	93.3849
3271.79	93.1867
3273.72	93.1036
3275.65	93.0548
3277.58	93.0409
3279.51	93.0974
3281.44	93.1113
3283.37	93.0089
3285.3	92.8934
3287.23	92.8231
3289.16	92.7338
3291.08	92.5966
3293.01	92.4438
3294.94	92.3285
3296.87	92.3013
3298.8	92.3319
3300.73	92.3336
3302.66	92.2608
3304.59	92.116
3306.52	91.9934
3308.45	92.051
3310.38	92.2393
3312.31	92.28
3314.23	92.0763
3316.16	91.8412
3318.09	91.7737
3320.02	91.8591
3321.95	91.9613
3323.88	91.9964
3325.81	91.9934
3327.74	91.9545
3329.67	91.801
3331.6	91.5752
3333.53	91.4613
3335.45	91.4977
3337.38	91.537
3339.31	91.5209
3341.24	91.5123
3343.17	91.5063
3345.1	91.4391
3347.03	91.2892
3348.96	91.0869
3350.89	90.9601
3352.82	91.0513
3354.75	91.2678
3356.68	91.3879
3358.6	91.4146
3360.53	91.4612
3362.46	91.4673
3364.39	91.3583
3366.32	91.1934
3368.25	91.013
3370.18	90.8541
3372.11	90.8263
3374.04	90.9235
3375.97	90.9971
3377.9	91.0173
3379.82	91.0902
3381.75	91.2189
3383.68	91.266
3385.61	91.1716
3387.54	91.0711
3389.47	91.0745
3391.4	91.0953
3393.33	91.0778
3395.26	91.1072
3397.19	91.1345
3399.12	91.0351
3401.04	90.9789
3402.97	91.1906
3404.9	91.4768
3406.83	91.5223
3408.76	91.3736
3410.69	91.2092
3412.62	91.0763
3414.55	91.05
3416.48	91.1687
3418.41	91.2646
3420.34	91.2299
3422.27	91.1998
3424.19	91.2707
3426.12	91.4036
3428.05	91.5529
3429.98	91.6116
3431.91	91.4848
3433.84	91.2502
3435.77	91.0549
3437.7	91.0419
3439.63	91.2906
3441.56	91.572
3443.49	91.5784
3445.41	91.4892
3447.34	91.6567
3449.27	91.9082
3451.2	91.8612
3453.13	91.5644
3455.06	91.3388
3456.99	91.4038
3458.92	91.6963
3460.85	91.8799
3462.78	91.7346
3464.71	91.4801
3466.64	91.3939
3468.56	91.4518
3470.49	91.5716
3472.42	91.7692
3474.35	91.9843
3476.28	92.0621
3478.21	91.9318
3480.14	91.7072
3482.07	91.6073
3484	91.6637
3485.93	91.6444
3487.86	91.4752
3489.78	91.4092
3491.71	91.6092
3493.64	91.8595
3495.57	91.8434
3497.5	91.6151
3499.43	91.556
3501.36	91.6718
3503.29	91.5357
3505.22	91.2165
3507.15	91.1995
3509.08	91.3059
3511	91.1135
3512.93	90.9857
3514.86	91.3111
3516.79	91.6617
3518.72	91.6569
3520.65	91.5981
3522.58	91.7454
3524.51	91.882
3526.44	91.7546
3528.37	91.4383
3530.3	91.2336
3532.23	91.3032
3534.15	91.4943
3536.08	91.6256
3538.01	91.6779
3539.94	91.6796
3541.87	91.7113
3543.8	91.8569
3545.73	91.9563
3547.66	91.9142
3549.59	92.0993
3551.52	92.5958
3553.45	92.8525
3555.37	92.758
3557.3	92.894
3559.23	93.2228
3561.16	93.1695
3563.09	92.9468
3565.02	93.1763
3566.95	93.5847
3568.88	93.527
3570.81	93.4081
3572.74	93.6906
3574.67	94.1703
3576.6	94.5341
3578.52	94.7704
3580.45	94.9558
3582.38	95.0265
3584.31	94.9602
3586.24	94.9331
3588.17	95.1474
3590.1	95.4768
3592.03	95.7812
3593.96	96.1846
3595.89	96.5981
3597.82	96.6372
3599.74	96.3213
3601.67	96.1459
3603.6	96.3539
3605.53	96.6511
3607.46	96.8119
3609.39	96.9398
3611.32	97.0159
3613.25	96.8956
3615.18	96.8413
3617.11	97.1152
3619.04	97.3381
3620.97	97.1728
3622.89	97.0945
3624.82	97.4034
3626.75	97.8417
3628.68	98.0978
3630.61	98.0962
3632.54	97.8995
3634.47	97.5721
3636.4	97.3558
3638.33	97.4266
3640.26	97.5672
3642.19	97.4354
3644.11	96.9682
3646.04	96.4723
3647.97	96.5329
3649.9	97.3933
3651.83	97.917
3653.76	97.6913
3655.69	97.283
3657.62	97.0767
3659.55	97.0386
3661.48	97.0421
3663.41	97.0911
3665.33	97.1664
3667.26	97.2891
3669.19	97.5206
3671.12	97.6866
3673.05	97.6889
3674.98	97.7921
3676.91	97.9342
3678.84	97.7577
3680.77	97.5253
3682.7	97.5844
3684.63	97.8324
3686.56	98.0315
3688.48	98.1822
3690.41	98.2
3692.34	98.0145
3694.27	97.9705
3696.2	98.2015
3698.13	98.3603
3700.06	98.1935
3701.99	97.9775
3703.92	98.0475
3705.85	98.2852
3707.78	98.498
3709.7	98.5802
3711.63	98.2746
3713.56	97.7095
3715.49	97.5227
3717.42	97.8256
3719.35	98.1689
3721.28	98.3054
3723.21	98.5793
3725.14	98.852
3727.07	98.4769
3729	97.8223
3730.93	97.6583
3732.85	97.9624
3734.78	98.3852
3736.71	98.7553
3738.64	98.6936
3740.57	98.1911
3742.5	97.7662
3744.43	97.7953
3746.36	97.865
3748.29	97.6457
3750.22	97.5285
3752.15	97.6658
3754.07	97.676
3756	97.5506
3757.93	97.5433
3759.86	97.6747
3761.79	97.7484
3763.72	97.7246
3765.65	97.6143
3767.58	97.362
3769.51	97.1114
3771.44	97.0968
3773.37	97.2177
3775.29	97.2738
3777.22	97.2839
3779.15	97.3016
3781.08	97.3144
3783.01	97.3582
3784.94	97.432
3786.87	97.4465
3788.8	97.3807
3790.73	97.2969
3792.66	97.243
3794.59	97.2446
3796.52	97.2806
3798.44	97.3426
3800.37	97.503
3802.3	97.6649
3804.23	97.6056
3806.16	97.4623
3808.09	97.4805
3810.02	97.5913
3811.95	97.607
3813.88	97.4965
3815.81	97.3264
3817.74	97.2902
3819.66	97.4647
3821.59	97.6252
3823.52	97.566
3825.45	97.4497
3827.38	97.4882
3829.31	97.6884
3831.24	97.7828
3833.17	97.5165
3835.1	97.149
3837.03	97.1613
3838.96	97.4017
3840.89	97.4367
3842.81	97.4498
3844.74	97.5482
3846.67	97.51
3848.6	97.4072
3850.53	97.4533
3852.46	97.575
3854.39	97.6123
3856.32	97.623
3858.25	97.5285
3860.18	97.3332
3862.11	97.276
3864.03	97.4146
3865.96	97.4944
3867.89	97.5156
3869.82	97.5966
3871.75	97.595
3873.68	97.4576
3875.61	97.3452
3877.54	97.297
3879.47	97.3195
3881.4	97.444
3883.33	97.5499
3885.25	97.5425
3887.18	97.5312
3889.11	97.5222
3891.04	97.3793
3892.97	97.2089
3894.9	97.254
3896.83	97.407
3898.76	97.4033
3900.69	97.2184
3902.62	97.1424
3904.55	97.2874
3906.48	97.4203
3908.4	97.4158
3910.33	97.3702
3912.26	97.3432
3914.19	97.3123
3916.12	97.2956
3918.05	97.2868
3919.98	97.1917
3921.91	97.069
3923.84	97.0737
3925.77	97.1441
3927.7	97.1525
3929.62	97.2019
3931.55	97.3193
3933.48	97.2928
3935.41	97.159
3937.34	97.1722
3939.27	97.2956
3941.2	97.3239
3943.13	97.2695
3945.06	97.2672
3946.99	97.3048
3948.92	97.3142
3950.85	97.2954
3952.77	97.2882
3954.7	97.2935
3956.63	97.2374
3958.56	97.081
3960.49	96.9251
3962.42	96.8801
3964.35	96.9495
3966.28	97.0771
3968.21	97.1663
3970.14	97.1553
3972.07	97.1436
3973.99	97.2019
3975.92	97.1952
3977.85	97.0878
3979.78	97.0625
3981.71	97.136
3983.64	97.1185
3985.57	96.9995
3987.5	96.9519
3989.43	97.0245
3991.36	97.1123
3993.29	97.1285
3995.22	97.0893
3997.14	97.0965
