499.643	82.4569
501.572	81.6602
503.501	80.6574
505.43	79.7195
507.36	79.4116
509.289	80.237
511.218	81.6107
513.147	82.4792
515.076	82.6629
517.005	82.5513
518.934	82.2702
520.863	81.9463
522.792	81.9575
524.722	82.4684
526.651	83.0626
528.58	83.091
530.509	82.5372
532.438	81.9868
534.367	81.8682
536.296	82.0336
538.225	82.1587
540.155	82.2122
542.084	82.3177
544.013	82.4536
545.942	82.4319
547.871	82.135
549.8	81.7941
551.729	81.7486
553.658	81.8581
555.588	81.7208
557.517	81.5003
559.446	81.6063
561.375	81.7582
563.304	81.5493
565.233	81.3512
567.162	81.525
569.091	81.7237
571.021	81.7089
572.95	81.724
574.879	81.8292
576.808	81.8248
578.737	81.6784
580.666	81.5674
582.595	81.639
584.524	81.7676
586.454	81.7163
588.383	81.6174
590.312	81.7537
592.241	81.9541
594.17	81.8845
596.099	81.6406
598.028	81.4478
599.957	81.3143
601.887	81.172
603.816	80.9799
605.745	80.8173
607.674	80.8911
609.603	81.1194
611.532	81.0976
613.461	80.8652
615.39	80.9472
617.32	81.3806
619.249	81.5985
621.178	81.4569
623.107	81.3205
625.036	81.3324
626.965	81.3945
628.894	81.493
630.823	81.6778
632.753	81.9955
634.682	82.4532
636.611	82.8841
638.54	83.1458
640.469	83.4372
642.398	83.9364
644.327	84.4301
646.256	84.7632
648.186	85.0782
650.115	85.381
652.044	85.5426
653.973	85.5593
655.902	85.4001
657.831	85.0772
659.76	84.7306
661.689	84.4311
663.619	84.3434
665.548	84.9734
667.477	86.7118
669.406	87.6717
671.335	86.7786
673.264	86.0917
675.193	86.1649
677.122	86.4743
679.052	86.7225
680.981	87.0967
682.91	87.4621
684.839	87.6022
686.768	87.6684
688.697	87.7317
690.626	87.6905
692.555	87.602
694.485	87.5703
696.414	87.5597
698.343	87.505
700.272	87.4006
702.201	87.2986
704.13	87.2665
706.059	87.2576
707.988	87.1729
709.917	87.0894
711.847	87.1234
713.776	87.179
715.705	87.1872
717.634	87.2824
719.563	87.4182
721.492	87.2807
723.421	86.8385
725.35	86.388
727.28	86.0347
729.209	85.6308
731.138	85.0816
733.067	84.45
734.996	83.8565
736.925	83.4084
738.854	83.1761
740.783	83.1595
742.713	83.2564
744.642	83.3363
746.571	83.3493
748.5	83.3108
750.429	83.2749
752.358	83.354
754.287	83.5982
756.216	83.8867
758.146	84.1054
760.075	84.3011
762.004	84.5353
763.933	84.7723
765.862	84.9649
767.791	85.1023
769.72	85.1951
771.649	85.2652
773.579	85.306
775.508	85.3012
777.437	85.3009
779.366	85.3588
781.295	85.4046
783.224	85.307
785.153	85.0391
787.082	84.6728
789.012	84.2471
790.941	83.7383
792.87	83.1041
794.799	82.2292
796.728	80.8477
798.657	78.5447
800.586	74.845
802.515	69.6547
804.445	63.9758
806.374	59.7993
808.303	58.757
810.232	60.9956
812.161	65.4797
814.09	70.9037
816.019	76.0675
817.948	80.0341
819.878	82.4764
821.807	83.6881
823.736	84.1569
825.665	84.2488
827.594	84.1721
829.523	84.0218
831.452	83.8027
833.381	83.4593
835.311	82.9564
837.24	82.321
839.169	81.5714
841.098	80.7166
843.027	79.8916
844.956	79.3498
846.885	79.2586
848.814	79.5953
850.744	80.2153
852.673	80.9254
854.602	81.5435
856.531	81.9818
858.46	82.2746
860.389	82.4902
862.318	82.6282
864.247	82.6496
866.177	82.5922
868.106	82.5602
870.035	82.5834
871.964	82.5939
873.893	82.5455
875.822	82.4515
877.751	82.3376
879.68	82.2411
881.609	82.1782
883.539	82.084
885.468	81.9
887.397	81.6734
889.326	81.4493
891.255	81.1832
893.184	80.8663
895.113	80.5706
897.042	80.3248
898.972	80.1172
900.901	79.995
902.83	80.0077
904.759	80.1128
906.688	80.2189
908.617	80.2514
910.546	80.1773
912.475	80.0215
914.405	79.83
916.334	79.6044
918.263	79.3177
920.192	78.9694
922.121	78.5947
924.05	78.2464
925.979	77.9601
927.908	77.7137
929.838	77.4504
931.767	77.1316
933.696	76.7301
935.625	76.2219
937.554	75.6333
939.483	75.0282
941.412	74.4059
943.341	73.6683
945.271	72.7073
947.2	71.519
949.129	70.2664
951.058	69.1747
952.987	68.2631
954.916	67.2604
956.845	65.8873
958.774	64.1162
960.704	62.1252
962.633	60.1838
964.562	58.5746
966.491	57.428
968.42	56.6405
970.349	56.0179
972.278	55.396
974.207	54.647
976.137	53.7291
978.066	52.7264
979.995	51.8056
981.924	51.1912
983.853	51.1128
985.782	51.644
987.711	52.6361
989.64	53.8751
991.57	55.2341
993.499	56.6299
995.428	57.9079
997.357	58.8643
999.286	59.4047
1001.22	59.6073
1003.14	59.5898
1005.07	59.4195
1007	59.2042
1008.93	59.1187
1010.86	59.2379
1012.79	59.4543
1014.72	59.6007
1016.65	59.5559
1018.58	59.2485
1020.51	58.663
1022.44	57.8404
1024.36	56.883
1026.29	56.0233
1028.22	55.5604
1030.15	55.5415
1032.08	55.6158
1034.01	55.3755
1035.94	54.7214
1037.87	53.8028
1039.8	52.7836
1041.73	51.7608
1043.66	50.7767
1045.58	49.8372
1047.51	48.9174
1049.44	47.9308
1051.37	46.7802
1053.3	45.5412
1055.23	44.5234
1057.16	44.0614
1059.09	44.2855
1061.02	45.1091
1062.95	46.3538
1064.88	47.8625
1066.81	49.5749
1068.73	51.5561
1070.66	53.9086
1072.59	56.6178
1074.52	59.519
1076.45	62.4083
1078.38	65.12
1080.31	67.5222
1082.24	69.5207
1084.17	71.0601
1086.1	72.1056
1088.03	72.6541
1089.95	72.7325
1091.88	72.3645
1093.81	71.5954
1095.74	70.5543
1097.67	69.4086
1099.6	68.2542
1101.53	67.1129
1103.46	66.0042
1105.39	64.961
1107.32	64.0161
1109.25	63.2214
1111.18	62.6451
1113.1	62.3294
1115.03	62.2737
1116.96	62.4418
1118.89	62.7468
1120.82	63.0494
1122.75	63.2193
1124.68	63.1818
1126.61	62.8603
1128.54	62.1174
1130.47	60.8178
1132.4	58.9088
1134.32	56.4193
1136.25	53.469
1138.18	50.298
1140.11	47.1918
1142.04	44.3667
1143.97	41.9511
1145.9	40.0096
1147.83	38.5435
1149.76	37.5027
1151.69	36.8074
1153.62	36.3755
1155.55	36.1509
1157.47	36.0969
1159.4	36.1796
1161.33	36.3799
1163.26	36.6963
1165.19	37.1242
1167.12	37.6373
1169.05	38.1928
1170.98	38.7709
1172.91	39.3823
1174.84	40.0234
1176.77	40.6838
1178.69	41.3878
1180.62	42.1608
1182.55	43.0072
1184.48	43.9476
1186.41	44.9936
1188.34	46.1164
1190.27	47.3088
1192.2	48.6084
1194.13	50.0343
1196.06	51.5685
1197.99	53.1811
1199.91	54.8433
1201.84	56.5275
1203.77	58.1824
1205.7	59.759
1207.63	61.2645
1209.56	62.726
1211.49	64.2376
1213.42	66.0236
1215.35	68.0146
1217.28	69.4932
1219.21	69.9752
1221.14	70.1047
1223.06	70.6822
1224.99	71.5931
1226.92	72.2782
1228.85	72.501
1230.78	72.2575
1232.71	71.5652
1234.64	70.5405
1236.57	69.3175
1238.5	67.9858
1240.43	66.6571
1242.36	65.3898
1244.28	64.1472
1246.21	62.9394
1248.14	61.8581
1250.07	60.9557
1252	60.2179
1253.93	59.6359
1255.86	59.2391
1257.79	59.0561
1259.72	59.065
1261.65	59.222
1263.58	59.528
1265.51	60.007
1267.43	60.6625
1269.36	61.4922
1271.29	62.4832
1273.22	63.585
1275.15	64.7358
1277.08	65.8892
1279.01	67.0043
1280.94	68.0416
1282.87	68.9693
1284.8	69.7615
1286.73	70.3515
1288.65	70.6088
1290.58	70.497
1292.51	70.2517
1294.44	70.2693
1296.37	70.8551
1298.3	72.0926
1300.23	73.8477
1302.16	75.8555
1304.09	77.8573
1306.02	79.677
1307.95	81.2067
1309.87	82.4092
1311.8	83.3236
1313.73	84.0115
1315.66	84.5111
1317.59	84.8561
1319.52	85.0962
1321.45	85.2591
1323.38	85.3403
1325.31	85.3862
1327.24	85.4853
1329.17	85.6558
1331.1	85.8761
1333.02	86.1629
1334.95	86.515
1336.88	86.9198
1338.81	87.4009
1340.74	87.9271
1342.67	88.4252
1344.6	88.9061
1346.53	89.4042
1348.46	89.9007
1350.39	90.3323
1352.32	90.6172
1354.24	90.7145
1356.17	90.6858
1358.1	90.6622
1360.03	90.7778
1361.96	91.1057
1363.89	91.4615
1365.82	91.5074
1367.75	91.1651
1369.68	90.6591
1371.61	90.2041
1373.54	89.624
1375.47	88.725
1377.39	87.8306
1379.32	87.1205
1381.25	86.3772
1383.18	85.5793
1385.11	84.7566
1387.04	83.6733
1388.97	82.4115
1390.9	81.3
1392.83	80.2226
1394.76	79.0327
1396.69	77.6517
1398.61	75.7367
1400.54	73.2737
1402.47	70.5728
1404.4	67.8617
1406.33	66.0522
1408.26	66.1025
1410.19	67.9358
1412.12	71.0845
1414.05	74.5243
1415.98	77.6882
1417.91	81.0107
1419.83	84.0591
1421.76	85.9808
1423.69	87.2623
1425.62	88.2321
1427.55	88.7756
1429.48	88.9485
1431.41	88.9013
1433.34	88.7571
1435.27	88.5557
1437.2	88.2411
1439.13	87.8087
1441.06	87.2408
1442.98	86.4895
1444.91	85.6659
1446.84	84.8658
1448.77	84.0377
1450.7	83.3556
1452.63	83.0458
1454.56	83.0372
1456.49	83.0655
1458.42	82.6772
1460.35	82.1033
1462.28	81.6837
1464.2	81.3351
1466.13	81.08
1468.06	81.1658
1469.99	81.7104
1471.92	82.7071
1473.85	83.8455
1475.78	84.8927
1477.71	86.069
1479.64	87.3995
1481.57	88.7815
1483.5	90.1242
1485.43	91.3361
1487.35	92.4608
1489.28	93.4616
1491.21	94.0195
1493.14	94.2885
1495.07	94.6464
1497	95.0817
1498.93	95.2973
1500.86	95.3147
1502.79	95.3733
1504.72	95.6159
1506.65	96.0384
1508.57	96.1028
1510.5	95.8246
1512.43	95.6891
1514.36	95.8187
1516.29	96.0783
1518.22	96.2897
1520.15	96.4687
1522.08	96.6102
1524.01	96.6339
1525.94	96.566
1527.87	96.4809
1529.8	96.4561
1531.72	96.535
1533.65	96.6351
1535.58	96.6396
1537.51	96.6879
1539.44	96.969
1541.37	97.2095
1543.3	97.0229
1545.23	96.7765
1547.16	96.6628
1549.09	96.63
1551.02	96.6119
1552.94	96.6078
1554.87	96.6889
1556.8	96.9362
1558.73	97.1764
1560.66	96.962
1562.59	96.6213
1564.52	96.4411
1566.45	96.4264
1568.38	96.4501
1570.31	96.3413
1572.24	96.2155
1574.16	96.2464
1576.09	96.3447
1578.02	96.276
1579.95	96.1029
1581.88	95.9631
1583.81	95.8595
1585.74	95.7707
1587.67	95.6835
1589.6	95.6052
1591.53	95.5502
1593.46	95.4972
1595.39	95.4131
1597.31	95.28
1599.24	95.1004
1601.17	94.8874
1603.1	94.6054
1605.03	94.2379
1606.96	93.8174
1608.89	93.1915
1610.82	92.2365
1612.75	91.2553
1614.68	90.4348
1616.61	89.702
1618.53	89.2577
1620.46	89.3118
1622.39	89.7108
1624.32	90.0357
1626.25	89.9772
1628.18	89.5197
1630.11	88.6746
1632.04	87.7577
1633.97	87.2807
1635.9	87.7363
1637.83	88.924
1639.76	90.2452
1641.68	91.5291
1643.61	92.6007
1645.54	93.4554
1647.47	94.0733
1649.4	94.292
1651.33	94.3557
1653.26	94.4385
1655.19	94.2952
1657.12	94.0537
1659.05	93.9107
1660.98	93.8336
1662.9	93.6904
1664.83	93.4602
1666.76	93.3156
1668.69	93.2709
1670.62	93.0453
1672.55	92.6597
1674.48	92.2756
1676.41	91.6572
1678.34	90.9161
1680.27	90.3803
1682.2	89.8055
1684.12	88.832
1686.05	87.7448
1687.98	86.5669
1689.91	85.1501
1691.84	83.6545
1693.77	81.9759
1695.7	79.9672
1697.63	77.697
1699.56	74.6469
1701.49	70.9217
1703.42	67.6045
1705.35	64.3192
1707.27	60.5718
1709.2	57.2052
1711.13	54.5868
1713.06	52.3167
1714.99	50.4867
1716.92	48.8928
1718.85	47.0384
1720.78	45.8331
1722.71	45.5952
1724.64	45.8953
1726.57	46.855
1728.49	48.5469
1730.42	50.6052
1732.35	53.3598
1734.28	57.1326
1736.21	60.5877
1738.14	63.4986
1740.07	66.7688
1742	70.3554
1743.93	73.7037
1745.86	76.9205
1747.79	80.2558
1749.72	83.7254
1751.64	87.0247
1753.57	89.7601
1755.5	92.0632
1757.43	94.2151
1759.36	95.9863
1761.29	97.0821
1763.22	97.6888
1765.15	97.9723
1767.08	98.026
1769.01	98.1494
1770.94	98.4135
1772.86	98.476
1774.79	98.3031
1776.72	98.1104
1778.65	97.9496
1780.58	97.8723
1782.51	97.8326
1784.44	97.728
1786.37	97.6595
1788.3	97.7147
1790.23	97.8103
1792.16	97.8446
1794.08	97.7445
1796.01	97.5862
1797.94	97.4925
1799.87	97.4507
1801.8	97.4175
1803.73	97.4243
1805.66	97.4379
1807.59	97.439
1809.52	97.5027
1811.45	97.5774
1813.38	97.5602
1815.31	97.5438
1817.23	97.5726
1819.16	97.5619
1821.09	97.5668
1823.02	97.683
1824.95	97.8467
1826.88	97.9652
1828.81	97.9816
1830.74	97.8338
1832.67	97.6577
1834.6	97.6664
1836.53	97.841
1838.45	97.9733
1840.38	97.9513
1842.31	97.9012
1844.24	97.9676
1846.17	98.1026
1848.1	98.205
1850.03	98.2749
1851.96	98.2642
1853.89	98.1355
1855.82	98.02
1857.75	98.0811
1859.68	98.2526
1861.6	98.3079
1863.53	98.2457
1865.46	98.2862
1867.39	98.4413
1869.32	98.4998
1871.25	98.4773
1873.18	98.4828
1875.11	98.4305
1877.04	98.3637
1878.97	98.4558
1880.9	98.5889
1882.82	98.5412
1884.75	98.4455
1886.68	98.5289
1888.61	98.6499
1890.54	98.5352
1892.47	98.3153
1894.4	98.3097
1896.33	98.5109
1898.26	98.7113
1900.19	98.8723
1902.12	99.009
1904.05	99.0286
1905.97	98.9513
1907.9	98.9341
1909.83	99.0125
1911.76	99.0582
1913.69	99.0024
1915.62	98.9601
1917.55	99.079
1919.48	99.2981
1921.41	99.4534
1923.34	99.5187
1925.27	99.5015
1927.19	99.4119
1929.12	99.318
1931.05	99.2514
1932.98	99.2562
1934.91	99.4321
1936.84	99.684
1938.77	99.7783
1940.7	99.7724
1942.63	99.9061
1944.56	100.104
1946.49	100.084
1948.41	99.8784
1950.34	99.7789
1952.27	99.8714
1954.2	99.9305
1956.13	99.8901
1958.06	99.958
1959.99	100.177
1961.92	100.406
1963.85	100.612
1965.78	100.765
1967.71	100.757
1969.64	100.648
1971.56	100.59
1973.49	100.584
1975.42	100.55
1977.35	100.486
1979.28	100.463
1981.21	100.413
1983.14	100.154
1985.07	99.7921
1987	99.6974
1988.93	99.9322
1990.86	100.24
1992.78	100.517
1994.71	100.731
1996.64	100.722
1998.57	100.527
2000.5	100.458
2002.43	100.591
2004.36	100.593
2006.29	100.34
2008.22	100.221
2010.15	100.457
2012.08	100.684
2014.01	100.616
2015.93	100.462
2017.86	100.441
2019.79	100.504
2021.72	100.607
2023.65	100.739
2025.58	100.794
2027.51	100.732
2029.44	100.646
2031.37	100.558
2033.3	100.423
2035.23	100.311
2037.15	100.341
2039.08	100.444
2041.01	100.428
2042.94	100.274
2044.87	100.149
2046.8	100.15
2048.73	100.199
2050.66	100.178
2052.59	100.103
2054.52	100.065
2056.45	100.01
2058.37	99.8399
2060.3	99.6846
2062.23	99.7199
2064.16	99.815
2066.09	99.8158
2068.02	99.8588
2069.95	99.9401
2071.88	99.7791
2073.81	99.4731
2075.74	99.474
2077.67	99.7326
2079.6	99.7795
2081.52	99.6177
2083.45	99.5943
2085.38	99.6671
2087.31	99.6261
2089.24	99.574
2091.17	99.5729
2093.1	99.4175
2095.03	99.1674
2096.96	99.1978
2098.89	99.4692
2100.82	99.5446
2102.74	99.4334
2104.67	99.5207
2106.6	99.7331
2108.53	99.6974
2110.46	99.5137
2112.39	99.523
2114.32	99.6721
2116.25	99.7589
2118.18	99.8256
2120.11	99.9214
2122.04	99.9551
2123.97	99.9096
2125.89	99.842
2127.82	99.7745
2129.75	99.804
2131.68	100.044
2133.61	100.332
2135.54	100.381
2137.47	100.246
2139.4	100.169
2141.33	100.116
2143.26	100.052
2145.19	100.251
2147.11	100.744
2149.04	101.04
2150.97	100.869
2152.9	100.56
2154.83	100.487
2156.76	100.629
2158.69	100.705
2160.62	100.56
2162.55	100.396
2164.48	100.373
2166.41	100.277
2168.33	99.978
2170.26	99.7948
2172.19	99.977
2174.12	100.339
2176.05	100.636
2177.98	100.809
2179.91	100.784
2181.84	100.535
2183.77	100.283
2185.7	100.22
2187.63	100.232
2189.56	100.226
2191.48	100.292
2193.41	100.381
2195.34	100.38
2197.27	100.403
2199.2	100.473
2201.13	100.345
2203.06	100.059
2204.99	99.9382
2206.92	99.9252
2208.85	99.7721
2210.78	99.666
2212.7	99.8493
2214.63	100.067
2216.56	100.024
2218.49	99.8816
2220.42	99.8691
2222.35	99.8892
2224.28	99.8179
2226.21	99.771
2228.14	99.7959
2230.07	99.7132
2232	99.5457
2233.93	99.607
2235.85	99.887
2237.78	99.9776
2239.71	99.8036
2241.64	99.6825
2243.57	99.6558
2245.5	99.5731
2247.43	99.5888
2249.36	99.8333
2251.29	100.017
2253.22	99.9412
2255.15	99.8522
2257.07	99.9487
2259	100.107
2260.93	100.205
2262.86	100.233
2264.79	100.164
2266.72	100.048
2268.65	100.023
2270.58	100.087
2272.51	100.086
2274.44	100.001
2276.37	99.9471
2278.29	99.9176
2280.22	99.8193
2282.15	99.7043
2284.08	99.7071
2286.01	99.8415
2287.94	100.061
2289.87	100.373
2291.8	100.728
2293.73	100.989
2295.66	101.201
2297.59	101.575
2299.52	102.114
2301.44	102.61
2303.37	103.052
2305.3	103.642
2307.23	104.452
2309.16	105.329
2311.09	106.04
2313.02	106.493
2314.95	106.95
2316.88	107.808
2318.81	109.087
2320.74	110.407
2322.66	111.46
2324.59	112.329
2326.52	113.264
2328.45	114.341
2330.38	115.311
2332.31	115.861
2334.24	116.188
2336.17	116.644
2338.1	117.066
2340.03	117.304
2341.96	117.503
2343.89	116.792
2345.81	114.514
2347.74	112.593
2349.67	112.581
2351.6	114.634
2353.53	118.101
2355.46	121.351
2357.39	123.451
2359.32	124.558
2361.25	124.686
2363.18	123.892
2365.11	121.927
2367.03	119.137
2368.96	116.564
2370.89	114.184
2372.82	111.432
2374.75	108.614
2376.68	106.265
2378.61	104.287
2380.54	102.427
2382.47	100.834
2384.4	99.751
2386.33	99.1018
2388.26	98.6684
2390.18	98.3741
2392.11	98.2291
2394.04	98.1854
2395.97	98.1599
2397.9	98.1229
2399.83	98.1077
2401.76	98.1198
2403.69	98.1238
2405.62	98.1609
2407.55	98.2693
2409.48	98.3061
2411.4	98.166
2413.33	98.015
2415.26	98.0001
2417.19	98.0248
2419.12	98.0072
2421.05	98.0298
2422.98	98.1303
2424.91	98.1877
2426.84	98.1005
2428.77	97.9754
2430.7	97.9802
2432.62	98.0619
2434.55	98.0763
2436.48	98.0732
2438.41	98.1368
2440.34	98.1915
2442.27	98.1922
2444.2	98.1917
2446.13	98.17
2448.06	98.0723
2449.99	97.9479
2451.92	97.9123
2453.85	98.0189
2455.77	98.1733
2457.7	98.2348
2459.63	98.1962
2461.56	98.1137
2463.49	98.0084
2465.42	97.977
2467.35	98.0899
2469.28	98.1793
2471.21	98.1053
2473.14	98.0136
2475.07	98.0198
2476.99	98.0327
2478.92	98.0443
2480.85	98.1544
2482.78	98.2987
2484.71	98.3274
2486.64	98.2753
2488.57	98.2686
2490.5	98.2696
2492.43	98.1844
2494.36	98.1323
2496.29	98.2771
2498.22	98.4783
2500.14	98.4923
2502.07	98.3849
2504	98.3529
2505.93	98.3652
2507.86	98.3083
2509.79	98.2328
2511.72	98.2419
2513.65	98.3258
2515.58	98.4019
2517.51	98.4201
2519.44	98.3882
2521.36	98.3235
2523.29	98.2601
2525.22	98.2867
2527.15	98.4207
2529.08	98.523
2531.01	98.5171
2532.94	98.5053
2534.87	98.5213
2536.8	98.46
2538.73	98.3297
2540.66	98.2653
2542.58	98.3012
2544.51	98.3535
2546.44	98.3509
2548.37	98.2636
2550.3	98.1145
2552.23	98.0065
2554.16	98.02
2556.09	98.0716
2558.02	98.0047
2559.95	97.8499
2561.88	97.8303
2563.81	98.0348
2565.73	98.2573
2567.66	98.2731
2569.59	98.1153
2571.52	97.9545
2573.45	97.8657
2575.38	97.8179
2577.31	97.7754
2579.24	97.7552
2581.17	97.8222
2583.1	97.9753
2585.03	98.0628
2586.95	97.9674
2588.88	97.7923
2590.81	97.7054
2592.74	97.7428
2594.67	97.8266
2596.6	97.8292
2598.53	97.7058
2600.46	97.5997
2602.39	97.6079
2604.32	97.6081
2606.25	97.5471
2608.18	97.5357
2610.1	97.5606
2612.03	97.5462
2613.96	97.5558
2615.89	97.5874
2617.82	97.5282
2619.75	97.4278
2621.68	97.3871
2623.61	97.3287
2625.54	97.2075
2627.47	97.1299
2629.4	97.1351
2631.32	97.173
2633.25	97.2329
2635.18	97.288
2637.11	97.2692
2639.04	97.1576
2640.97	96.9812
2642.9	96.7901
2644.83	96.6879
2646.76	96.7371
2648.69	96.8274
2650.62	96.8112
2652.54	96.7356
2654.47	96.7389
2656.4	96.7916
2658.33	96.7828
2660.26	96.7369
2662.19	96.7139
2664.12	96.6801
2666.05	96.6399
2667.98	96.6569
2669.91	96.6925
2671.84	96.66
2673.77	96.573
2675.69	96.5046
2677.62	96.5225
2679.55	96.6291
2681.48	96.686
2683.41	96.6029
2685.34	96.543
2687.27	96.6369
2689.2	96.7151
2691.13	96.6241
2693.06	96.4892
2694.99	96.4519
2696.91	96.4663
2698.84	96.46
2700.77	96.4589
2702.7	96.504
2704.63	96.5572
2706.56	96.5396
2708.49	96.4429
2710.42	96.3386
2712.35	96.2774
2714.28	96.2654
2716.21	96.302
2718.14	96.36
2720.06	96.3952
2721.99	96.3933
2723.92	96.342
2725.85	96.2409
2727.78	96.1688
2729.71	96.1688
2731.64	96.1385
2733.57	96.047
2735.5	96.0392
2737.43	96.1133
2739.36	96.0707
2741.28	95.9366
2743.21	95.9529
2745.14	96.1059
2747.07	96.1591
2749	96.09
2750.93	96.0568
2752.86	96.0731
2754.79	96.0565
2756.72	96.038
2758.65	96.071
2760.58	96.0796
2762.51	95.9992
2764.43	95.9311
2766.36	95.9545
2768.29	95.955
2770.22	95.8513
2772.15	95.7649
2774.08	95.7795
2776.01	95.8114
2777.94	95.8125
2779.87	95.8084
2781.8	95.7748
2783.73	95.7174
2785.65	95.7098
2787.58	95.7269
2789.51	95.6949
2791.44	95.6742
2793.37	95.7122
2795.3	95.7097
2797.23	95.6556
2799.16	95.6647
2801.09	95.6802
2803.02	95.5597
2804.95	95.399
2806.87	95.3468
2808.8	95.3131
2810.73	95.2135
2812.66	95.1726
2814.59	95.251
2816.52	95.289
2818.45	95.14
2820.38	94.8497
2822.31	94.5797
2824.24	94.4359
2826.17	94.3802
2828.1	94.3287
2830.02	94.2682
2831.95	94.1827
2833.88	93.9883
2835.81	93.656
2837.74	93.2949
2839.67	93.0442
2841.6	92.933
2843.53	92.839
2845.46	92.6031
2847.39	92.2299
2849.32	91.8773
2851.24	91.5939
2853.17	91.2292
2855.1	90.6833
2857.03	90.0422
2858.96	89.407
2860.89	88.7891
2862.82	88.2172
2864.75	87.7512
2866.68	87.3595
2868.61	86.9644
2870.54	86.6023
2872.47	86.3976
2874.39	86.4127
2876.32	86.6199
2878.25	86.9595
2880.18	87.368
2882.11	87.7762
2884.04	88.1151
2885.97	88.3547
2887.9	88.5056
2889.83	88.5458
2891.76	88.4527
2893.69	88.3252
2895.61	88.2729
2897.54	88.2177
2899.47	88.0584
2901.4	87.9085
2903.33	87.9038
2905.26	87.9648
2907.19	87.9437
2909.12	87.8335
2911.05	87.7368
2912.98	87.701
2914.91	87.6123
2916.83	87.3195
2918.76	86.8632
2920.69	86.4043
2922.62	85.9693
2924.55	85.4713
2926.48	84.9164
2928.41	84.4672
2930.34	84.267
2932.27	84.2332
2934.2	84.2319
2936.13	84.3873
2938.06	84.8188
2939.98	85.3072
2941.91	85.6617
2943.84	85.9444
2945.77	86.055
2947.7	85.7832
2949.63	85.2934
2951.56	84.8556
2953.49	84.3701
2955.42	83.7278
2957.35	83.1996
2959.28	83.09
2961.2	83.4075
2963.13	84.0912
2965.06	85.242
2966.99	86.8622
2968.92	88.5147
2970.85	89.6673
2972.78	90.3309
2974.71	90.8274
2976.64	91.2476
2978.57	91.6872
2980.5	92.3762
2982.43	93.1809
2984.35	93.7405
2986.28	94.1256
2988.21	94.5494
2990.14	94.8181
2992.07	94.8576
2994	95.0834
2995.93	95.623
2997.86	96.0238
2999.79	96.118
3001.72	96.2637
3003.65	96.5839
3005.57	96.8348
3007.5	96.9637
3009.43	97.1003
3011.36	97.2208
3013.29	97.2702
3015.22	97.3015
3017.15	97.3229
3019.08	97.2905
3021.01	97.2217
3022.94	97.1978
3024.87	97.332
3026.79	97.6023
3028.72	97.7488
3030.65	97.6281
3032.58	97.4201
3034.51	97.2469
3036.44	97.063
3038.37	96.9582
3040.3	97.0151
3042.23	97.0672
3044.16	97.0024
3046.09	96.9073
3048.02	96.8058
3049.94	96.6703
3051.87	96.5539
3053.8	96.4994
3055.73	96.5652
3057.66	96.8285
3059.59	97.1492
3061.52	97.2558
3063.45	97.1145
3065.38	96.8792
3067.31	96.682
3069.24	96.6709
3071.16	96.8757
3073.09	97.0042
3075.02	96.7873
3076.95	96.437
3078.88	96.3557
3080.81	96.575
3082.74	96.7996
3084.67	96.8789
3086.6	96.9292
3088.53	96.9977
3090.46	96.9363
3092.39	96.7031
3094.31	96.4786
3096.24	96.391
3098.17	96.3765
3100.1	96.3374
3102.03	96.2678
3103.96	96.2476
3105.89	96.3055
3107.82	96.2907
3109.75	96.11
3111.68	95.9619
3113.61	96.0009
3115.53	96.077
3117.46	96.0867
3119.39	96.1086
3121.32	96.1105
3123.25	96.016
3125.18	95.9341
3127.11	95.9942
3129.04	96.164
3130.97	96.2914
3132.9	96.2095
3134.83	95.9918
3136.75	95.9726
3138.68	96.1935
3140.61	96.2412
3142.54	95.9323
3144.47	95.6135
3146.4	95.5446
3148.33	95.5938
3150.26	95.6462
3152.19	95.7424
3154.12	95.8313
3156.05	95.8499
3157.98	95.876
3159.9	95.9018
3161.83	95.8105
3163.76	95.699
3165.69	95.7581
3167.62	95.8918
3169.55	95.8859
3171.48	95.7587
3173.41	95.6443
3175.34	95.5739
3177.27	95.517
3179.2	95.4598
3181.12	95.3852
3183.05	95.2599
3184.98	95.1099
3186.91	95.057
3188.84	95.1516
3190.77	95.2769
3192.7	95.3469
3194.63	95.3834
3196.56	95.3378
3198.49	95.1585
3200.42	94.9891
3202.35	94.9654
3204.27	94.9798
3206.2	94.8908
3208.13	94.735
3210.06	94.6023
3211.99	94.5446
3213.92	94.6345
3215.85	94.8441
3217.78	94.916
3219.71	94.672
3221.64	94.3618
3223.57	94.3393
3225.49	94.5457
3227.42	94.6651
3229.35	94.5941
3231.28	94.4466
3233.21	94.2859
3235.14	94.1225
3237.07	94.0267
3239	94.0375
3240.93	94.0651
3242.86	94.0251
3244.79	93.9611
3246.72	93.932
3248.64	93.9032
3250.57	93.8296
3252.5	93.7513
3254.43	93.7528
3256.36	93.8274
3258.29	93.836
3260.22	93.7168
3262.15	93.6217
3264.08	93.6613
3266.01	93.711
3267.94	93.6202
3269.86	93.3754
3271.79	93.0453
3273.72	92.7973
3275.65	92.8223
3277.58	93.0643
3279.51	93.256
3281.44	93.2525
3283.37	93.1188
3285.3	92.9751
3287.23	92.8849
3289.16	92.7948
3291.08	92.6054
3293.01	92.3898
3294.94	92.3433
3296.87	92.4465
3298.8	92.4977
3300.73	92.4862
3302.66	92.5269
3304.59	92.5279
3306.52	92.3719
3308.45	92.1988
3310.38	92.1461
3312.31	92.1276
3314.23	92.0615
3316.16	91.9725
3318.09	91.878
3320.02	91.8476
3321.95	91.9868
3323.88	92.2125
3325.81	92.2966
3327.74	92.1562
3329.67	91.9145
3331.6	91.7328
3333.53	91.6656
3335.45	91.6487
3337.38	91.6322
3339.31	91.6431
3341.24	91.6413
3343.17	91.53
3345.1	91.3709
3347.03	91.2907
3348.96	91.2235
3350.89	91.1011
3352.82	91.072
3354.75	91.2466
3356.68	91.5038
3358.6	91.6549
3360.53	91.6139
3362.46	91.4547
3364.39	91.3299
3366.32	91.2353
3368.25	91.0844
3370.18	91.0328
3372.11	91.2606
3374.04	91.5424
3375.97	91.5555
3377.9	91.3686
3379.82	91.2033
3381.75	91.0888
3383.68	91.0063
3385.61	91.015
3387.54	91.1073
3389.47	91.1957
3391.4	91.2702
3393.33	91.3611
3395.26	91.3819
3397.19	91.2553
3399.12	91.1508
3401.04	91.2809
3402.97	91.5141
3404.9	91.5454
3406.83	91.3795
3408.76	91.2764
3410.69	91.3087
3412.62	91.3549
3414.55	91.3953
3416.48	91.4703
3418.41	91.491
3420.34	91.3895
3422.27	91.3177
3424.19	91.4222
3426.12	91.5975
3428.05	91.6817
3429.98	91.6589
3431.91	91.5609
3433.84	91.3987
3435.77	91.2714
3437.7	91.3147
3439.63	91.4703
3441.56	91.5375
3443.49	91.5332
3445.41	91.7016
3447.34	92.0176
3449.27	92.1032
3451.2	91.9036
3453.13	91.8254
3455.06	91.9878
3456.99	92.0631
3458.92	92.0072
3460.85	92.1226
3462.78	92.3337
3464.71	92.2925
3466.64	92.0529
3468.56	91.8554
3470.49	91.7044
3472.42	91.6522
3474.35	91.8611
3476.28	92.1986
3478.21	92.3912
3480.14	92.3813
3482.07	92.1525
3484	91.7774
3485.93	91.6072
3487.86	91.7974
3489.78	92.0255
3491.71	92.0474
3493.64	91.977
3495.57	91.9206
3497.5	91.9027
3499.43	91.9356
3501.36	91.9054
3503.29	91.7614
3505.22	91.7114
3507.15	91.7928
3509.08	91.7548
3511	91.6082
3512.93	91.6238
3514.86	91.7498
3516.79	91.7811
3518.72	91.8367
3520.65	92.0286
3522.58	92.0886
3524.51	91.8789
3526.44	91.7143
3528.37	91.7421
3530.3	91.733
3532.23	91.637
3534.15	91.6492
3536.08	91.7988
3538.01	91.8753
3539.94	91.7728
3541.87	91.7209
3543.8	91.9348
3545.73	92.1462
3547.66	92.053
3549.59	92.0702
3551.52	92.5314
3553.45	92.9386
3555.37	92.8829
3557.3	92.7975
3559.23	92.9779
3561.16	93.1395
3563.09	93.204
3565.02	93.5147
3566.95	94.0728
3568.88	94.2738
3570.81	94.025
3572.74	93.8551
3574.67	94.0232
3576.6	94.371
3578.52	94.779
3580.45	95.3175
3582.38	95.7607
3584.31	95.8131
3586.24	95.6669
3588.17	95.6476
3590.1	95.7001
3592.03	95.8688
3593.96	96.3747
3595.89	96.9086
3597.82	96.9349
3599.74	96.6887
3601.67	96.7071
3603.6	97.0354
3605.53	97.3954
3607.46	97.5779
3609.39	97.461
3611.32	97.1179
3613.25	96.8526
3615.18	96.959
3617.11	97.3263
3619.04	97.4699
3620.97	97.3276
3622.89	97.4568
3624.82	97.9141
3626.75	98.2958
3628.68	98.436
3630.61	98.492
3632.54	98.3398
3634.47	97.9361
3636.4	97.6475
3638.33	97.6532
3640.26	97.7178
3642.19	97.6845
3644.11	97.5671
3646.04	97.4586
3647.97	97.6419
3649.9	98.054
3651.83	97.9722
3653.76	97.6163
3655.69	97.5363
3657.62	97.6752
3659.55	97.6527
3661.48	97.5233
3663.41	97.532
3665.33	97.6914
3667.26	97.8281
3669.19	97.7339
3671.12	97.4967
3673.05	97.6526
3674.98	98.3078
3676.91	98.6236
3678.84	98.1061
3680.77	97.5713
3682.7	97.5322
3684.63	97.8297
3686.56	98.2042
3688.48	98.6914
3690.41	99.0279
3692.34	98.8078
3694.27	98.4839
3696.2	98.495
3698.13	98.6473
3700.06	98.6455
3701.99	98.5952
3703.92	98.5897
3705.85	98.5347
3707.78	98.5733
3709.7	98.8228
3711.63	98.8319
3713.56	98.3717
3715.49	98.0914
3717.42	98.2442
3719.35	98.5383
3721.28	98.8016
3723.21	99.1846
3725.14	99.4609
3727.07	99.1572
3729	98.637
3730.93	98.5706
3732.85	98.9918
3734.78	99.4731
3736.71	99.5913
3738.64	99.1556
3740.57	98.3829
3742.5	97.7376
3744.43	97.7229
3746.36	98.1439
3748.29	98.3482
3750.22	98.3532
3752.15	98.2742
3754.07	98.0816
3756	97.842
3757.93	97.6396
3759.86	97.5352
3761.79	97.5187
3763.72	97.5312
3765.65	97.5298
3767.58	97.482
3769.51	97.4334
3771.44	97.473
3773.37	97.5602
3775.29	97.6055
3777.22	97.6036
3779.15	97.5537
3781.08	97.4658
3783.01	97.4338
3784.94	97.4894
3786.87	97.5255
3788.8	97.4807
3790.73	97.433
3792.66	97.4651
3794.59	97.5826
3796.52	97.7071
3798.44	97.7769
3800.37	97.8583
3802.3	97.9574
3804.23	97.9182
3806.16	97.7655
3808.09	97.6981
3810.02	97.7352
3811.95	97.6815
3813.88	97.4845
3815.81	97.3795
3817.74	97.6131
3819.66	97.9412
3821.59	97.9964
3823.52	97.8591
3825.45	97.8015
3827.38	97.7715
3829.31	97.6831
3831.24	97.6258
3833.17	97.6595
3835.1	97.7498
3837.03	97.8436
3838.96	97.8155
3840.89	97.6847
3842.81	97.6546
3844.74	97.6601
3846.67	97.5305
3848.6	97.3907
3850.53	97.441
3852.46	97.6775
3854.39	97.8846
3856.32	97.8837
3858.25	97.7349
3860.18	97.5816
3862.11	97.573
3864.03	97.6417
3865.96	97.5873
3867.89	97.5065
3869.82	97.5842
3871.75	97.7322
3873.68	97.741
3875.61	97.6148
3877.54	97.5378
3879.47	97.6805
3881.4	97.941
3883.33	98.0107
3885.25	97.8743
3887.18	97.753
3889.11	97.6677
3891.04	97.5378
3892.97	97.4519
3894.9	97.4757
3896.83	97.5027
3898.76	97.5044
3900.69	97.5851
3902.62	97.741
3904.55	97.8129
3906.48	97.7519
3908.4	97.6179
3910.33	97.4449
3912.26	97.3281
3914.19	97.4102
3916.12	97.6052
3918.05	97.5897
3919.98	97.3205
3921.91	97.1791
3923.84	97.3454
3925.77	97.5587
3927.7	97.553
3929.62	97.4544
3931.55	97.4544
3933.48	97.4712
3935.41	97.4072
3937.34	97.3955
3939.27	97.4889
3941.2	97.5198
3943.13	97.4308
3945.06	97.4139
3946.99	97.5218
3948.92	97.5608
3950.85	97.4437
3952.77	97.3254
3954.7	97.3194
3956.63	97.3459
3958.56	97.2893
3960.49	97.198
3962.42	97.2273
3964.35	97.3626
3966.28	97.3919
3968.21	97.2644
3970.14	97.1923
3972.07	97.2496
3973.99	97.2193
3975.92	97.0359
3977.85	96.9442
3979.78	97.05
3981.71	97.1451
3983.64	97.0711
3985.57	96.962
3987.5	97.0238
3989.43	97.2224
3991.36	97.3413
3993.29	97.3175
3995.22	97.2772
3997.14	97.2842
