499.643	81.3534
501.572	80.228
503.501	79.2021
505.43	78.8588
507.36	79.0073
509.289	79.8905
511.218	81.5618
513.147	82.8311
515.076	82.9774
517.005	82.9196
518.934	83.3122
520.863	83.404
522.792	82.8817
524.722	82.6013
526.651	83.0118
528.58	83.2148
530.509	82.5065
532.438	81.5404
534.367	81.2586
536.296	81.6404
538.225	82.0555
540.155	82.2267
542.084	82.2967
544.013	82.4151
545.942	82.488
547.871	82.2851
549.8	81.93
551.729	81.8285
553.658	81.9014
555.588	81.7714
557.517	81.6542
559.446	81.8468
561.375	81.908
563.304	81.6032
565.233	81.47
567.162	81.6442
569.091	81.7224
571.021	81.7785
572.95	81.9731
574.879	81.9501
576.808	81.6386
578.737	81.488
580.666	81.6075
582.595	81.7572
584.524	81.8395
586.454	81.8309
588.383	81.7401
590.312	81.696
592.241	81.7169
594.17	81.6268
596.099	81.3942
598.028	81.2133
599.957	81.2197
601.887	81.3219
603.816	81.3218
605.745	81.1594
607.674	80.9882
609.603	80.9408
611.532	80.9355
613.461	80.9182
615.39	81.0515
617.32	81.3392
619.249	81.4645
621.178	81.3953
623.107	81.4348
625.036	81.5498
626.965	81.4775
628.894	81.3712
630.823	81.5682
632.753	82.0138
634.682	82.4182
636.611	82.6738
638.54	82.8923
640.469	83.2534
642.398	83.8021
644.327	84.3807
646.256	84.88
648.186	85.2777
650.115	85.4941
652.044	85.6106
653.973	85.736
655.902	85.6421
657.831	85.2581
659.76	84.8722
661.689	84.5533
663.619	84.3741
665.548	84.9394
667.477	86.7717
669.406	87.8441
671.335	86.9354
673.264	86.2298
675.193	86.2579
677.122	86.513
679.052	86.8293
680.981	87.3053
682.91	87.5967
684.839	87.564
686.768	87.5454
688.697	87.6199
690.626	87.6512
692.555	87.6791
694.485	87.7305
696.414	87.7331
698.343	87.6781
700.272	87.5616
702.201	87.3864
704.13	87.2558
706.059	87.2163
707.988	87.1852
709.917	87.1523
711.847	87.1563
713.776	87.1352
715.705	87.1095
717.634	87.2188
719.563	87.3593
721.492	87.2261
723.421	86.8353
725.35	86.4317
727.28	86.0455
729.209	85.5883
731.138	85.0597
733.067	84.4778
734.996	83.8886
736.925	83.4232
738.854	83.1731
740.783	83.1186
742.713	83.1897
744.642	83.3016
746.571	83.3796
748.5	83.3791
750.429	83.3152
752.358	83.3191
754.287	83.5154
756.216	83.8128
758.146	84.0552
760.075	84.2709
762.004	84.5118
763.933	84.7079
765.862	84.8535
767.791	85.0196
769.72	85.1712
771.649	85.2419
773.579	85.2611
775.508	85.2641
777.437	85.2564
779.366	85.2636
781.295	85.2645
783.224	85.171
785.153	84.9523
787.082	84.6504
789.012	84.2712
790.941	83.7831
792.87	83.1615
794.799	82.3008
796.728	80.9226
798.657	78.6038
800.586	74.8886
802.515	69.7064
804.445	64.0466
806.374	59.8835
808.303	58.8747
810.232	61.1737
812.161	65.6817
814.09	71.0531
816.019	76.1365
817.948	80.0494
819.878	82.4596
821.807	83.6341
823.736	84.0653
825.665	84.1558
827.594	84.1273
829.523	84.0387
831.452	83.8562
833.381	83.5181
835.311	82.9989
837.24	82.3479
839.169	81.6029
841.098	80.7495
843.027	79.8889
844.956	79.2923
846.885	79.1685
848.814	79.508
850.744	80.1464
852.673	80.8636
854.602	81.4785
856.531	81.9187
858.46	82.1953
860.389	82.3621
862.318	82.4873
864.247	82.5843
866.177	82.6182
868.106	82.6016
870.035	82.5806
871.964	82.5544
873.893	82.497
875.822	82.4059
877.751	82.3023
879.68	82.2228
881.609	82.1659
883.539	82.058
885.468	81.8587
887.397	81.6241
889.326	81.3902
891.255	81.1274
893.184	80.8493
895.113	80.6056
897.042	80.3815
898.972	80.1591
900.901	80.0139
902.83	80.015
904.759	80.111
906.688	80.1981
908.617	80.2187
910.546	80.1579
912.475	80.0184
914.405	79.8136
916.334	79.5501
918.263	79.236
920.192	78.9018
922.121	78.5773
924.05	78.2678
925.979	77.9754
927.908	77.7016
929.838	77.4171
931.767	77.0775
933.696	76.666
935.625	76.1864
937.554	75.6423
939.483	75.0522
941.412	74.4287
943.341	73.703
945.271	72.7446
947.2	71.5318
949.129	70.2543
951.058	69.1455
952.987	68.2153
954.916	67.2185
956.845	65.8857
958.774	64.1421
960.704	62.1536
962.633	60.2318
964.562	58.6517
966.491	57.4962
968.42	56.675
970.349	56.0414
972.278	55.4339
974.207	54.7049
976.137	53.8047
978.066	52.8043
979.995	51.8617
981.924	51.223
983.853	51.1435
985.782	51.6864
987.711	52.6743
989.64	53.89
991.57	55.2328
993.499	56.6323
995.428	57.9154
997.357	58.8674
999.286	59.4076
1001.22	59.6131
1003.14	59.5801
1005.07	59.3855
1007	59.1729
1008.93	59.0991
1010.86	59.1941
1012.79	59.3846
1014.72	59.5642
1016.65	59.5667
1018.58	59.2457
1020.51	58.6151
1022.44	57.7644
1024.36	56.7767
1026.29	55.8891
1028.22	55.4444
1030.15	55.4669
1032.08	55.5484
1034.01	55.2911
1035.94	54.6412
1037.87	53.7518
1039.8	52.7519
1041.73	51.7144
1043.66	50.71
1045.58	49.787
1047.51	48.8987
1049.44	47.9178
1051.37	46.7768
1053.3	45.5799
1055.23	44.5844
1057.16	44.0883
1059.09	44.2752
1061.02	45.103
1062.95	46.3648
1064.88	47.8726
1066.81	49.5822
1068.73	51.5717
1070.66	53.9184
1072.59	56.5898
1074.52	59.4478
1076.45	62.3148
1078.38	65.0106
1080.31	67.3969
1082.24	69.4036
1084.17	70.971
1086.1	72.0287
1088.03	72.5691
1089.95	72.6397
1091.88	72.2653
1093.81	71.4948
1095.74	70.4657
1097.67	69.3196
1099.6	68.132
1101.53	66.9612
1103.46	65.8552
1105.39	64.8243
1107.32	63.8958
1109.25	63.1386
1111.18	62.5923
1113.1	62.2661
1115.03	62.1874
1116.96	62.3455
1118.89	62.6364
1120.82	62.9301
1122.75	63.1234
1124.68	63.112
1126.61	62.7828
1128.54	62.0241
1130.47	60.7231
1132.4	58.8039
1134.32	56.2945
1136.25	53.3464
1138.18	50.1972
1140.11	47.1003
1142.04	44.2631
1143.97	41.8356
1145.9	39.9033
1147.83	38.4611
1149.76	37.4388
1151.69	36.7631
1153.62	36.3657
1155.55	36.1656
1157.47	36.106
1159.4	36.1854
1161.33	36.4093
1163.26	36.7529
1165.19	37.1918
1167.12	37.708
1169.05	38.2657
1170.98	38.8399
1172.91	39.4346
1174.84	40.0522
1176.77	40.7063
1178.69	41.4313
1180.62	42.2334
1182.55	43.0998
1184.48	44.0443
1186.41	45.0752
1188.34	46.1829
1190.27	47.3798
1192.2	48.6786
1194.13	50.0807
1196.06	51.6112
1197.99	53.2636
1199.91	54.9572
1201.84	56.6299
1203.77	58.2699
1205.7	59.854
1207.63	61.3595
1209.56	62.8016
1211.49	64.3024
1213.42	66.0921
1215.35	68.0757
1217.28	69.5286
1219.21	69.9778
1221.14	70.0712
1223.06	70.6216
1224.99	71.5365
1226.92	72.2429
1228.85	72.4726
1230.78	72.2288
1232.71	71.5422
1234.64	70.5088
1236.57	69.2614
1238.5	67.9224
1240.43	66.6026
1242.36	65.3316
1244.28	64.0853
1246.21	62.9005
1248.14	61.8426
1250.07	60.9343
1252	60.1939
1253.93	59.644
1255.86	59.2799
1257.79	59.0941
1259.72	59.0822
1261.65	59.224
1263.58	59.522
1265.51	60.006
1267.43	60.6753
1269.36	61.5057
1271.29	62.4946
1273.22	63.6225
1275.15	64.7993
1277.08	65.9268
1279.01	66.992
1280.94	68.0274
1282.87	69.0031
1284.8	69.8342
1286.73	70.4296
1288.65	70.6768
1290.58	70.543
1292.51	70.2614
1294.44	70.261
1296.37	70.8753
1298.3	72.1593
1300.23	73.9399
1302.16	75.954
1304.09	77.9444
1306.02	79.7233
1307.95	81.2093
1309.87	82.405
1311.8	83.3268
1313.73	83.9908
1315.66	84.4557
1317.59	84.7982
1319.52	85.0549
1321.45	85.2202
1323.38	85.2929
1325.31	85.3319
1327.24	85.4279
1329.17	85.6075
1331.1	85.8519
1333.02	86.1622
1334.95	86.5247
1336.88	86.9231
1338.81	87.3822
1340.74	87.8979
1342.67	88.4215
1344.6	88.9411
1346.53	89.4611
1348.46	89.9628
1350.39	90.3884
1352.32	90.6524
1354.24	90.7251
1356.17	90.6842
1358.1	90.6636
1360.03	90.8056
1361.96	91.1812
1363.89	91.5464
1365.82	91.5344
1367.75	91.1356
1369.68	90.6333
1371.61	90.2141
1373.54	89.659
1375.47	88.782
1377.39	87.9136
1379.32	87.2116
1381.25	86.4565
1383.18	85.648
1385.11	84.8195
1387.04	83.7245
1388.97	82.448
1390.9	81.3297
1392.83	80.2605
1394.76	79.0978
1396.69	77.7388
1398.61	75.8088
1400.54	73.319
1402.47	70.6308
1404.4	67.9711
1406.33	66.2029
1408.26	66.2631
1410.19	68.0956
1412.12	71.2352
1414.05	74.6534
1415.98	77.7999
1417.91	81.12
1419.83	84.1581
1421.76	86.0376
1423.69	87.2625
1425.62	88.2047
1427.55	88.7765
1429.48	89.0019
1431.41	88.9791
1433.34	88.829
1435.27	88.6044
1437.2	88.2267
1439.13	87.7184
1441.06	87.1286
1442.98	86.4109
1444.91	85.6291
1446.84	84.8454
1448.77	84.0212
1450.7	83.3405
1452.63	83.0256
1454.56	83.0197
1456.49	83.0707
1458.42	82.696
1460.35	82.1188
1462.28	81.7034
1464.2	81.3602
1466.13	81.098
1468.06	81.1746
1469.99	81.7167
1471.92	82.7175
1473.85	83.8561
1475.78	84.8786
1477.71	86.0224
1479.64	87.3508
1481.57	88.7614
1483.5	90.1227
1485.43	91.3296
1487.35	92.4509
1489.28	93.466
1491.21	94.0359
1493.14	94.2893
1495.07	94.6042
1497	95.0059
1498.93	95.2522
1500.86	95.3284
1502.79	95.4259
1504.72	95.6805
1506.65	96.0603
1508.57	96.0616
1510.5	95.7903
1512.43	95.6906
1514.36	95.8397
1516.29	96.1108
1518.22	96.3496
1520.15	96.5437
1522.08	96.6652
1524.01	96.6769
1525.94	96.6151
1527.87	96.5229
1529.8	96.4727
1531.72	96.524
1533.65	96.619
1535.58	96.6496
1537.51	96.7233
1539.44	97.0077
1541.37	97.2521
1543.3	97.0861
1545.23	96.8378
1547.16	96.6963
1549.09	96.6353
1551.02	96.6111
1552.94	96.6403
1554.87	96.7807
1556.8	97.0459
1558.73	97.1828
1560.66	96.8898
1562.59	96.5878
1564.52	96.4564
1566.45	96.4644
1568.38	96.4974
1570.31	96.3904
1572.24	96.256
1574.16	96.2648
1576.09	96.3111
1578.02	96.1945
1579.95	96.0398
1581.88	95.9633
1583.81	95.9122
1585.74	95.8324
1587.67	95.7287
1589.6	95.634
1591.53	95.5704
1593.46	95.5048
1595.39	95.3938
1597.31	95.2476
1599.24	95.0932
1601.17	94.9051
1603.1	94.6114
1605.03	94.2317
1606.96	93.8306
1608.89	93.2257
1610.82	92.2707
1612.75	91.2857
1614.68	90.454
1616.61	89.6967
1618.53	89.2569
1620.46	89.3373
1622.39	89.7334
1624.32	90.0481
1626.25	90.0354
1628.18	89.6278
1630.11	88.7622
1632.04	87.8013
1633.97	87.3153
1635.9	87.7659
1637.83	88.9288
1639.76	90.2626
1641.68	91.5913
1643.61	92.6859
1645.54	93.4883
1647.47	93.999
1649.4	94.1761
1651.33	94.2907
1653.26	94.473
1655.19	94.3633
1657.12	94.1053
1659.05	93.9477
1660.98	93.8404
1662.9	93.6484
1664.83	93.3824
1666.76	93.2208
1668.69	93.1974
1670.62	93.0543
1672.55	92.732
1674.48	92.3154
1676.41	91.6037
1678.34	90.8158
1680.27	90.291
1682.2	89.7381
1684.12	88.7891
1686.05	87.7348
1687.98	86.5825
1689.91	85.1862
1691.84	83.7125
1693.77	82.044
1695.7	80.0243
1697.63	77.7448
1699.56	74.7095
1701.49	71.0074
1703.42	67.6994
1705.35	64.3908
1707.27	60.593
1709.2	57.2101
1711.13	54.6397
1713.06	52.436
1714.99	50.6361
1716.92	49.0147
1718.85	47.1187
1720.78	45.9135
1722.71	45.7018
1724.64	46.0074
1726.57	46.9426
1728.49	48.6236
1730.42	50.6976
1732.35	53.4707
1734.28	57.2567
1736.21	60.7045
1738.14	63.5743
1740.07	66.7851
1742	70.3004
1743.93	73.5811
1745.86	76.7883
1747.79	80.1807
1749.72	83.6933
1751.64	87.0058
1753.57	89.7916
1755.5	92.1363
1757.43	94.2566
1759.36	95.9865
1761.29	97.105
1763.22	97.7546
1765.15	98.0505
1767.08	98.0898
1769.01	98.1722
1770.94	98.3721
1772.86	98.3822
1774.79	98.1917
1776.72	98.0078
1778.65	97.8738
1780.58	97.8263
1782.51	97.8097
1784.44	97.7387
1786.37	97.711
1788.3	97.7741
1790.23	97.8469
1792.16	97.8913
1794.08	97.8302
1796.01	97.6571
1797.94	97.5194
1799.87	97.4759
1801.8	97.4516
1803.73	97.4194
1805.66	97.3964
1807.59	97.3918
1809.52	97.4395
1811.45	97.5019
1813.38	97.5244
1815.31	97.5675
1817.23	97.622
1819.16	97.5895
1821.09	97.5371
1823.02	97.5883
1824.95	97.7032
1826.88	97.7989
1828.81	97.859
1830.74	97.8346
1832.67	97.7418
1834.6	97.7258
1836.53	97.8307
1838.45	97.9124
1840.38	97.8914
1842.31	97.8957
1844.24	97.9825
1846.17	98.0522
1848.1	98.149
1850.03	98.3
1851.96	98.3068
1853.89	98.1074
1855.82	97.9256
1857.75	97.8991
1859.68	97.996
1861.6	98.1715
1863.53	98.3542
1865.46	98.4848
1867.39	98.5622
1869.32	98.5603
1871.25	98.5014
1873.18	98.474
1875.11	98.4673
1877.04	98.4286
1878.97	98.3788
1880.9	98.3342
1882.82	98.2662
1884.75	98.2285
1886.68	98.324
1888.61	98.4902
1890.54	98.519
1892.47	98.4347
1894.4	98.4948
1896.33	98.7284
1898.26	98.8852
1900.19	98.8582
1902.12	98.7876
1904.05	98.816
1905.97	98.9563
1907.9	99.0886
1909.83	99.0739
1911.76	98.949
1913.69	98.9068
1915.62	99.0414
1917.55	99.2259
1919.48	99.2696
1921.41	99.2378
1923.34	99.2816
1925.27	99.3056
1927.19	99.2089
1929.12	99.1399
1931.05	99.2176
1932.98	99.3583
1934.91	99.4424
1936.84	99.4375
1938.77	99.4507
1940.7	99.6412
1942.63	99.9468
1944.56	100.094
1946.49	99.981
1948.41	99.7748
1950.34	99.7202
1952.27	99.8845
1954.2	100.02
1956.13	99.9768
1958.06	99.9732
1959.99	100.121
1961.92	100.265
1963.85	100.387
1965.78	100.529
1967.71	100.566
1969.64	100.498
1971.56	100.544
1973.49	100.714
1975.42	100.745
1977.35	100.565
1979.28	100.429
1981.21	100.423
1983.14	100.308
1985.07	100.031
1987	99.8715
1988.93	99.9874
1990.86	100.278
1992.78	100.567
1994.71	100.652
1996.64	100.482
1998.57	100.291
2000.5	100.336
2002.43	100.563
2004.36	100.672
2006.29	100.503
2008.22	100.275
2010.15	100.265
2012.08	100.343
2014.01	100.292
2015.93	100.269
2017.86	100.453
2019.79	100.678
2021.72	100.786
2023.65	100.786
2025.58	100.652
2027.51	100.497
2029.44	100.566
2031.37	100.73
2033.3	100.633
2035.23	100.4
2037.15	100.378
2039.08	100.443
2041.01	100.301
2042.94	100.057
2044.87	99.9946
2046.8	100.155
2048.73	100.316
2050.66	100.255
2052.59	100.087
2054.52	100.079
2056.45	100.115
2058.37	99.8783
2060.3	99.5327
2062.23	99.4912
2064.16	99.7242
2066.09	99.9417
2068.02	100.073
2069.95	100.06
2071.88	99.7741
2073.81	99.4378
2075.74	99.4052
2077.67	99.547
2079.6	99.5889
2081.52	99.661
2083.45	99.8309
2085.38	99.8196
2087.31	99.6402
2089.24	99.6229
2091.17	99.7022
2093.1	99.5856
2095.03	99.421
2096.96	99.5014
2098.89	99.6713
2100.82	99.6479
2102.74	99.563
2104.67	99.6621
2106.6	99.7721
2108.53	99.6084
2110.46	99.3657
2112.39	99.3927
2114.32	99.5954
2116.25	99.7226
2118.18	99.79
2120.11	99.8588
2122.04	99.8962
2123.97	99.9251
2125.89	99.9268
2127.82	99.8293
2129.75	99.7664
2131.68	99.9293
2133.61	100.208
2135.54	100.398
2137.47	100.513
2139.4	100.528
2141.33	100.289
2143.26	99.9765
2145.19	100.054
2147.11	100.512
2149.04	100.783
2150.97	100.583
2152.9	100.245
2154.83	100.156
2156.76	100.333
2158.69	100.504
2160.62	100.463
2162.55	100.35
2164.48	100.384
2166.41	100.401
2168.33	100.125
2170.26	99.7682
2172.19	99.7852
2174.12	100.181
2176.05	100.544
2177.98	100.643
2179.91	100.539
2181.84	100.312
2183.77	100.055
2185.7	99.9563
2187.63	100.079
2189.56	100.232
2191.48	100.217
2193.41	100.103
2195.34	100.144
2197.27	100.334
2199.2	100.292
2201.13	99.8773
2203.06	99.5416
2204.99	99.5948
2206.92	99.7202
2208.85	99.6503
2210.78	99.621
2212.7	99.8107
2214.63	99.9991
2216.56	99.9926
2218.49	99.9032
2220.42	99.8878
2222.35	99.9232
2224.28	99.9224
2226.21	99.882
2228.14	99.833
2230.07	99.7888
2232	99.806
2233.93	99.9177
2235.85	99.9911
2237.78	99.8907
2239.71	99.7321
2241.64	99.7046
2243.57	99.799
2245.5	99.9467
2247.43	100.144
2249.36	100.276
2251.29	100.177
2253.22	99.9277
2255.15	99.7692
2257.07	99.7661
2259	99.8518
2260.93	100.017
2262.86	100.228
2264.79	100.371
2266.72	100.401
2268.65	100.376
2270.58	100.323
2272.51	100.212
2274.44	100.064
2276.37	99.9359
2278.29	99.8425
2280.22	99.7973
2282.15	99.8193
2284.08	99.8592
2286.01	99.8768
2287.94	100.009
2289.87	100.434
2291.8	101.031
2293.73	101.459
2295.66	101.617
2297.59	101.764
2299.52	102.097
2301.44	102.547
2303.37	103.065
2305.3	103.799
2307.23	104.805
2309.16	105.811
2311.09	106.487
2313.02	106.883
2314.95	107.385
2316.88	108.265
2318.81	109.485
2320.74	110.86
2322.66	112.187
2324.59	113.357
2326.52	114.43
2328.45	115.466
2330.38	116.349
2332.31	116.955
2334.24	117.437
2336.17	117.902
2338.1	118.173
2340.03	118.364
2341.96	118.605
2343.89	117.712
2345.81	115.177
2347.74	113.282
2349.67	113.455
2351.6	115.663
2353.53	119.328
2355.46	122.963
2357.39	125.282
2359.32	126.174
2361.25	126.139
2363.18	125.447
2365.11	123.511
2367.03	120.723
2368.96	118.189
2370.89	115.576
2372.82	112.362
2374.75	109.222
2376.68	106.733
2378.61	104.627
2380.54	102.649
2382.47	101.017
2384.4	99.9102
2386.33	99.1722
2388.26	98.6383
2390.18	98.3467
2392.11	98.2882
2394.04	98.2843
2395.97	98.2159
2397.9	98.1178
2399.83	98.0546
2401.76	98.0675
2403.69	98.149
2405.62	98.2022
2407.55	98.1423
2409.48	98.0399
2411.4	98.0401
2413.33	98.1408
2415.26	98.1753
2417.19	98.0575
2419.12	97.92
2421.05	97.92
2422.98	98.022
2424.91	98.0758
2426.84	98.048
2428.77	98.0596
2430.7	98.1596
2432.62	98.2213
2434.55	98.1888
2436.48	98.1922
2438.41	98.2648
2440.34	98.2638
2442.27	98.1737
2444.2	98.1262
2446.13	98.1147
2448.06	98.0268
2449.99	97.8913
2451.92	97.8483
2453.85	97.9435
2455.77	98.0795
2457.7	98.1324
2459.63	98.0776
2461.56	97.9948
2463.49	97.965
2465.42	98.0008
2467.35	98.0704
2469.28	98.1361
2471.21	98.1535
2473.14	98.0793
2475.07	97.9424
2476.99	97.8643
2478.92	97.9215
2480.85	98.0515
2482.78	98.1684
2484.71	98.2566
2486.64	98.3097
2488.57	98.3036
2490.5	98.2329
2492.43	98.1147
2494.36	98.0239
2496.29	98.0718
2498.22	98.2258
2500.14	98.3039
2502.07	98.2781
2504	98.3199
2505.93	98.4397
2507.86	98.4359
2509.79	98.31
2511.72	98.3188
2513.65	98.4878
2515.58	98.5309
2517.51	98.3749
2519.44	98.246
2521.36	98.1932
2523.29	98.1075
2525.22	98.0984
2527.15	98.2742
2529.08	98.439
2531.01	98.4592
2532.94	98.4707
2534.87	98.4988
2536.8	98.4271
2538.73	98.3346
2540.66	98.3468
2542.58	98.3488
2544.51	98.2348
2546.44	98.1391
2548.37	98.156
2550.3	98.1652
2552.23	98.1149
2554.16	98.1077
2556.09	98.0883
2558.02	97.9027
2559.95	97.7128
2561.88	97.8056
2563.81	98.0666
2565.73	98.1937
2567.66	98.2034
2569.59	98.2353
2571.52	98.1993
2573.45	97.9987
2575.38	97.7721
2577.31	97.6832
2579.24	97.7065
2581.17	97.7491
2583.1	97.816
2585.03	97.9025
2586.95	97.8805
2588.88	97.7246
2590.81	97.6498
2592.74	97.7642
2594.67	97.8699
2596.6	97.8186
2598.53	97.7193
2600.46	97.6659
2602.39	97.616
2604.32	97.5721
2606.25	97.5784
2608.18	97.5772
2610.1	97.5131
2612.03	97.479
2613.96	97.5543
2615.89	97.6263
2617.82	97.5533
2619.75	97.3714
2621.68	97.2078
2623.61	97.1222
2625.54	97.1132
2627.47	97.1627
2629.4	97.2207
2631.32	97.2283
2633.25	97.1978
2635.18	97.1954
2637.11	97.1988
2639.04	97.1027
2640.97	96.9234
2642.9	96.8082
2644.83	96.7994
2646.76	96.8085
2648.69	96.7991
2650.62	96.7937
2652.54	96.7866
2654.47	96.7757
2656.4	96.7689
2658.33	96.7428
2660.26	96.6823
2662.19	96.6096
2664.12	96.5514
2666.05	96.5413
2667.98	96.5962
2669.91	96.6587
2671.84	96.6468
2673.77	96.5543
2675.69	96.4594
2677.62	96.4564
2679.55	96.5459
2681.48	96.6103
2683.41	96.5893
2685.34	96.5716
2687.27	96.6052
2689.2	96.6049
2691.13	96.5287
2693.06	96.446
2694.99	96.4081
2696.91	96.399
2698.84	96.4004
2700.77	96.4172
2702.7	96.4399
2704.63	96.4338
2706.56	96.3976
2708.49	96.3746
2710.42	96.3652
2712.35	96.3373
2714.28	96.3108
2716.21	96.3001
2718.14	96.2671
2720.06	96.2337
2721.99	96.254
2723.92	96.271
2725.85	96.2291
2727.78	96.2043
2729.71	96.222
2731.64	96.1807
2733.57	96.0811
2735.5	96.0439
2737.43	96.0602
2739.36	96.0098
2741.28	95.9076
2743.21	95.8873
2745.14	95.9621
2747.07	95.9985
2749	95.9427
2750.93	95.9044
2752.86	95.9467
2754.79	95.98
2756.72	95.9655
2758.65	95.9971
2760.58	96.0813
2762.51	96.096
2764.43	96.0123
2766.36	95.9113
2768.29	95.8347
2770.22	95.8028
2772.15	95.8294
2774.08	95.8485
2776.01	95.8126
2777.94	95.7921
2779.87	95.8144
2781.8	95.7973
2783.73	95.7352
2785.65	95.7034
2787.58	95.6926
2789.51	95.6705
2791.44	95.673
2793.37	95.6744
2795.3	95.597
2797.23	95.5105
2799.16	95.543
2801.09	95.6326
2803.02	95.63
2804.95	95.5345
2806.87	95.433
2808.8	95.3559
2810.73	95.303
2812.66	95.2802
2814.59	95.2675
2816.52	95.2197
2818.45	95.1054
2820.38	94.9333
2822.31	94.7391
2824.24	94.5515
2826.17	94.3913
2828.1	94.272
2830.02	94.1684
2831.95	94.0284
2833.88	93.819
2835.81	93.544
2837.74	93.2616
2839.67	93.0531
2841.6	92.9157
2843.53	92.7592
2845.46	92.5281
2847.39	92.2382
2849.32	91.9259
2851.24	91.6084
2853.17	91.235
2855.1	90.723
2857.03	90.0796
2858.96	89.395
2860.89	88.7361
2862.82	88.1449
2864.75	87.6678
2866.68	87.31
2868.61	87.0099
2870.54	86.6997
2872.47	86.4228
2874.39	86.3514
2876.32	86.5805
2878.25	86.9817
2880.18	87.3896
2882.11	87.7738
2884.04	88.1195
2885.97	88.3608
2887.9	88.4691
2889.83	88.4323
2891.76	88.271
2893.69	88.158
2895.61	88.2227
2897.54	88.2665
2899.47	88.0685
2901.4	87.7986
2903.33	87.7191
2905.26	87.8019
2907.19	87.9147
2909.12	87.9802
2911.05	87.9017
2912.98	87.684
2914.91	87.4568
2916.83	87.2266
2918.76	86.9176
2920.69	86.5629
2922.62	86.1431
2924.55	85.5483
2926.48	84.8906
2928.41	84.4674
2930.34	84.3398
2932.27	84.2741
2934.2	84.166
2936.13	84.2354
2938.06	84.6175
2939.98	85.0868
2941.91	85.4402
2943.84	85.7146
2945.77	85.8485
2947.7	85.6985
2949.63	85.3586
2951.56	84.9491
2953.49	84.4024
2955.42	83.767
2957.35	83.2673
2959.28	83.0643
2961.2	83.2866
2963.13	84.006
2965.06	85.133
2966.99	86.5994
2968.92	88.2568
2970.85	89.5894
2972.78	90.2792
2974.71	90.7058
2976.64	91.2436
2978.57	91.8241
2980.5	92.4149
2982.43	93.0458
2984.35	93.5441
2986.28	93.9265
2988.21	94.4267
2990.14	94.874
2992.07	95.0093
2994	95.1838
2995.93	95.6992
2997.86	96.1388
2999.79	96.2109
3001.72	96.2799
3003.65	96.5566
3005.57	96.8027
3007.5	96.9351
3009.43	97.0772
3011.36	97.2289
3013.29	97.3761
3015.22	97.5399
3017.15	97.606
3019.08	97.4603
3021.01	97.2103
3022.94	97.1149
3024.87	97.3382
3026.79	97.6651
3028.72	97.6834
3030.65	97.4433
3032.58	97.3256
3034.51	97.248
3036.44	96.9365
3038.37	96.6753
3040.3	96.7871
3042.23	96.9955
3044.16	97.0257
3046.09	96.9807
3048.02	96.8751
3049.94	96.6322
3051.87	96.4158
3053.8	96.4357
3055.73	96.7088
3057.66	97.0986
3059.59	97.376
3061.52	97.401
3063.45	97.2315
3065.38	96.9393
3067.31	96.6152
3069.24	96.4797
3071.16	96.589
3073.09	96.6822
3075.02	96.5904
3076.95	96.4599
3078.88	96.4611
3080.81	96.5804
3082.74	96.6661
3084.67	96.6334
3086.6	96.6483
3088.53	96.8464
3090.46	96.9787
3092.39	96.8199
3094.31	96.582
3096.24	96.4466
3098.17	96.2825
3100.1	96.124
3102.03	96.168
3103.96	96.3054
3105.89	96.3353
3107.82	96.3143
3109.75	96.3011
3111.68	96.2694
3113.61	96.2812
3115.53	96.3209
3117.46	96.2734
3119.39	96.2058
3121.32	96.2026
3123.25	96.1349
3125.18	95.9959
3127.11	95.9997
3129.04	96.1393
3130.97	96.1993
3132.9	96.1763
3134.83	96.2353
3136.75	96.3951
3138.68	96.4932
3140.61	96.3378
3142.54	95.9428
3144.47	95.6192
3146.4	95.5918
3148.33	95.7393
3150.26	95.9206
3152.19	96.085
3154.12	96.0328
3156.05	95.7343
3157.98	95.5966
3159.9	95.7768
3161.83	95.9169
3163.76	95.9158
3165.69	96.0032
3167.62	96.0852
3169.55	95.971
3171.48	95.8283
3173.41	95.7594
3175.34	95.6125
3177.27	95.4294
3179.2	95.3863
3181.12	95.4031
3183.05	95.3136
3184.98	95.1447
3186.91	95.0218
3188.84	95.0341
3190.77	95.1724
3192.7	95.3151
3194.63	95.3769
3196.56	95.3618
3198.49	95.2416
3200.42	95.0559
3202.35	94.9836
3204.27	95.0139
3206.2	94.9075
3208.13	94.6797
3210.06	94.5939
3211.99	94.6592
3213.92	94.7082
3215.85	94.7482
3217.78	94.7485
3219.71	94.5364
3221.64	94.2353
3223.57	94.2173
3225.49	94.4806
3227.42	94.649
3229.35	94.5674
3231.28	94.4091
3233.21	94.2829
3235.14	94.1636
3237.07	94.0908
3239	94.1047
3240.93	94.1321
3242.86	94.1279
3244.79	94.1078
3246.72	94.0114
3248.64	93.8042
3250.57	93.6203
3252.5	93.6163
3254.43	93.8089
3256.36	94.0237
3258.29	93.9701
3260.22	93.6169
3262.15	93.3387
3264.08	93.3485
3266.01	93.394
3267.94	93.2691
3269.86	93.0865
3271.79	92.943
3273.72	92.8334
3275.65	92.8258
3277.58	92.9671
3279.51	93.1432
3281.44	93.1956
3283.37	93.0971
3285.3	92.9649
3287.23	92.8927
3289.16	92.8188
3291.08	92.6568
3293.01	92.4725
3294.94	92.3939
3296.87	92.4445
3298.8	92.5718
3300.73	92.707
3302.66	92.7364
3304.59	92.5895
3306.52	92.3848
3308.45	92.304
3310.38	92.3412
3312.31	92.344
3314.23	92.229
3316.16	92.0265
3318.09	91.8361
3320.02	91.7979
3321.95	91.9561
3323.88	92.1566
3325.81	92.2139
3327.74	92.118
3329.67	91.9671
3331.6	91.7994
3333.53	91.6198
3335.45	91.5
3337.38	91.5057
3339.31	91.5768
3341.24	91.5867
3343.17	91.4996
3345.1	91.4082
3347.03	91.3827
3348.96	91.3552
3350.89	91.2906
3352.82	91.3068
3354.75	91.424
3356.68	91.4803
3358.6	91.4507
3360.53	91.4517
3362.46	91.4443
3364.39	91.3482
3366.32	91.2375
3368.25	91.1655
3370.18	91.1362
3372.11	91.2186
3374.04	91.3711
3375.97	91.4463
3377.9	91.4569
3379.82	91.447
3381.75	91.3535
3383.68	91.2591
3385.61	91.3066
3387.54	91.3713
3389.47	91.3115
3391.4	91.2568
3393.33	91.2939
3395.26	91.2859
3397.19	91.189
3399.12	91.1705
3401.04	91.3264
3402.97	91.5016
3404.9	91.4719
3406.83	91.2765
3408.76	91.1994
3410.69	91.3332
3412.62	91.4759
3414.55	91.5323
3416.48	91.5821
3418.41	91.5555
3420.34	91.3493
3422.27	91.1669
3424.19	91.2466
3426.12	91.4943
3428.05	91.6961
3429.98	91.726
3431.91	91.5564
3433.84	91.3128
3435.77	91.1461
3437.7	91.0888
3439.63	91.212
3441.56	91.548
3443.49	91.8435
3445.41	91.9292
3447.34	92.011
3449.27	92.1292
3451.2	92.0079
3453.13	91.7011
3455.06	91.5633
3456.99	91.6756
3458.92	91.8797
3460.85	92.0289
3462.78	91.9589
3464.71	91.7263
3466.64	91.6502
3468.56	91.7563
3470.49	91.7912
3472.42	91.8129
3474.35	91.9887
3476.28	92.1021
3478.21	91.9772
3480.14	91.8449
3482.07	91.8523
3484	91.8371
3485.93	91.7211
3487.86	91.6234
3489.78	91.6909
3491.71	91.9742
3493.64	92.2543
3495.57	92.2016
3497.5	91.9123
3499.43	91.7762
3501.36	91.7678
3503.29	91.623
3505.22	91.4799
3507.15	91.5624
3509.08	91.6879
3511	91.6654
3512.93	91.6153
3514.86	91.6038
3516.79	91.5456
3518.72	91.5165
3520.65	91.6534
3522.58	91.8497
3524.51	91.9261
3526.44	91.9196
3528.37	91.898
3530.3	91.8127
3532.23	91.7468
3534.15	91.8359
3536.08	91.9341
3538.01	91.8585
3539.94	91.8288
3541.87	92.0625
3543.8	92.2835
3545.73	92.1658
3547.66	92.0061
3549.59	92.2441
3551.52	92.6889
3553.45	92.8961
3555.37	92.928
3557.3	93.1429
3559.23	93.4206
3561.16	93.4445
3563.09	93.4367
3565.02	93.7213
3566.95	93.9863
3568.88	93.8597
3570.81	93.7294
3572.74	93.8818
3574.67	94.1847
3576.6	94.4672
3578.52	94.7021
3580.45	94.9501
3582.38	95.182
3584.31	95.3252
3586.24	95.5367
3588.17	95.9597
3590.1	96.207
3592.03	96.1585
3593.96	96.2633
3595.89	96.5862
3597.82	96.646
3599.74	96.5405
3601.67	96.7541
3603.6	97.0811
3605.53	97.1107
3607.46	97.0852
3609.39	97.3144
3611.32	97.4148
3613.25	97.1512
3615.18	97.0088
3617.11	97.2174
3619.04	97.3411
3620.97	97.3024
3622.89	97.5938
3624.82	98.1078
3626.75	98.3306
3628.68	98.1782
3630.61	98.1205
3632.54	98.0247
3634.47	97.6318
3636.4	97.3245
3638.33	97.4163
3640.26	97.6299
3642.19	97.6285
3644.11	97.3909
3646.04	97.126
3647.97	97.2116
3649.9	97.7201
3651.83	97.9012
3653.76	97.709
3655.69	97.5277
3657.62	97.367
3659.55	97.2141
3661.48	97.265
3663.41	97.4787
3665.33	97.6059
3667.26	97.663
3669.19	97.7112
3671.12	97.6184
3673.05	97.6709
3674.98	98.2257
3676.91	98.6545
3678.84	98.352
3680.77	97.9746
3682.7	97.8909
3684.63	97.9464
3686.56	98.1275
3688.48	98.5339
3690.41	98.7674
3692.34	98.5884
3694.27	98.5027
3696.2	98.6814
3698.13	98.8288
3700.06	98.7532
3701.99	98.576
3703.92	98.48
3705.85	98.565
3707.78	98.8978
3709.7	99.3108
3711.63	99.1719
3713.56	98.4336
3715.49	97.9484
3717.42	97.9613
3719.35	98.2015
3721.28	98.5648
3723.21	99.103
3725.14	99.4231
3727.07	99.1388
3729	98.7351
3730.93	98.7048
3732.85	98.9217
3734.78	99.2649
3736.71	99.6923
3738.64	99.6333
3740.57	98.972
3742.5	98.2701
3744.43	98.0844
3746.36	98.1648
3748.29	98.0179
3750.22	97.9747
3752.15	98.2099
3754.07	98.2006
3756	97.951
3757.93	97.8127
3759.86	97.7992
3761.79	97.7112
3763.72	97.6384
3765.65	97.715
3767.58	97.7745
3769.51	97.6413
3771.44	97.4602
3773.37	97.4111
3775.29	97.4673
3777.22	97.5278
3779.15	97.4959
3781.08	97.385
3783.01	97.3692
3784.94	97.5412
3786.87	97.7267
3788.8	97.6586
3790.73	97.3821
3792.66	97.2144
3794.59	97.2944
3796.52	97.4137
3798.44	97.4332
3800.37	97.5197
3802.3	97.6976
3804.23	97.7433
3806.16	97.6791
3808.09	97.6627
3810.02	97.698
3811.95	97.6816
3813.88	97.5482
3815.81	97.3946
3817.74	97.4795
3819.66	97.7412
3821.59	97.8503
3823.52	97.7551
3825.45	97.6324
3827.38	97.5106
3829.31	97.4876
3831.24	97.6678
3833.17	97.8345
3835.1	97.7835
3837.03	97.6876
3838.96	97.7039
3840.89	97.7158
3842.81	97.678
3844.74	97.5702
3846.67	97.3603
3848.6	97.1921
3850.53	97.1943
3852.46	97.3435
3854.39	97.5973
3856.32	97.8249
3858.25	97.8367
3860.18	97.6716
3862.11	97.5636
3864.03	97.6137
3865.96	97.6116
3867.89	97.5567
3869.82	97.6906
3871.75	97.8888
3873.68	97.7649
3875.61	97.4361
3877.54	97.2995
3879.47	97.4578
3881.4	97.6577
3883.33	97.7093
3885.25	97.7131
3887.18	97.7314
3889.11	97.7108
3891.04	97.6518
3892.97	97.5737
3894.9	97.5135
3896.83	97.5455
3898.76	97.6277
3900.69	97.5698
3902.62	97.417
3904.55	97.4463
3906.48	97.5606
3908.4	97.5202
3910.33	97.4244
3912.26	97.4811
3914.19	97.6685
3916.12	97.7611
3918.05	97.6061
3919.98	97.3542
3921.91	97.2543
3923.84	97.2873
3925.77	97.278
3927.7	97.236
3929.62	97.3228
3931.55	97.5187
3933.48	97.607
3935.41	97.5222
3937.34	97.4068
3939.27	97.3357
3941.2	97.2637
3943.13	97.194
3945.06	97.2473
3946.99	97.4394
3948.92	97.5675
3950.85	97.4894
3952.77	97.3524
3954.7	97.3002
3956.63	97.2625
3958.56	97.1938
3960.49	97.1902
3962.42	97.2705
3964.35	97.3283
3966.28	97.3233
3968.21	97.308
3970.14	97.3304
3972.07	97.3861
3973.99	97.3854
3975.92	97.2532
3977.85	97.1114
3979.78	97.1203
3981.71	97.171
3983.64	97.0631
3985.57	96.9108
3987.5	96.9758
3989.43	97.2012
3991.36	97.3246
3993.29	97.3183
3995.22	97.3056
3997.14	97.2665
