499.643	79.1663
501.572	78.7637
503.501	79.07
505.43	79.9698
507.36	80.8465
509.289	81.7673
511.218	82.7332
513.147	83.005
515.076	82.5161
517.005	82.1143
518.934	82.0055
520.863	81.8446
522.792	81.9312
524.722	82.5425
526.651	83.123
528.58	83.1535
530.509	82.8405
532.438	82.4908
534.367	82.3361
536.296	82.513
538.225	82.7523
540.155	82.7429
542.084	82.6502
544.013	82.6661
545.942	82.5642
547.871	82.1829
549.8	81.8005
551.729	81.6773
553.658	81.6415
555.588	81.4262
557.517	81.1741
559.446	81.1517
561.375	81.2237
563.304	81.2031
565.233	81.2502
567.162	81.4212
569.091	81.5273
571.021	81.6116
572.95	81.8029
574.879	81.937
576.808	81.8602
578.737	81.6961
580.666	81.6167
582.595	81.6566
584.524	81.6936
586.454	81.6203
588.383	81.5525
590.312	81.6026
592.241	81.6386
594.17	81.5547
596.099	81.4538
598.028	81.423
599.957	81.4387
601.887	81.3915
603.816	81.1905
605.745	80.9923
607.674	81.0108
609.603	81.0521
611.532	80.827
613.461	80.5928
615.39	80.7767
617.32	81.2416
619.249	81.5097
621.178	81.4953
623.107	81.437
625.036	81.4252
626.965	81.4145
628.894	81.4535
630.823	81.6578
632.753	82.033
634.682	82.432
636.611	82.7064
638.54	82.9152
640.469	83.2734
642.398	83.812
644.327	84.336
646.256	84.7811
648.186	85.1966
650.115	85.5009
652.044	85.6822
653.973	85.7772
655.902	85.6379
657.831	85.3012
659.76	84.9602
661.689	84.5593
663.619	84.3068
665.548	84.9677
667.477	87.0175
669.406	88.154
671.335	87.1651
673.264	86.4208
675.193	86.4475
677.122	86.7188
679.052	87.02
680.981	87.3924
682.91	87.6058
684.839	87.6818
686.768	87.8146
688.697	87.8194
690.626	87.647
692.555	87.6055
694.485	87.6793
696.414	87.6149
698.343	87.465
700.272	87.3425
702.201	87.1953
704.13	87.1006
706.059	87.1556
707.988	87.2014
709.917	87.121
711.847	87.0192
713.776	86.9599
715.705	86.9769
717.634	87.1497
719.563	87.3235
721.492	87.1758
723.421	86.7465
725.35	86.3209
727.28	85.9485
729.209	85.5178
731.138	84.9914
733.067	84.3835
734.996	83.7495
736.925	83.2351
738.854	82.9798
740.783	82.9775
742.713	83.0781
744.642	83.1373
746.571	83.1207
748.5	83.0648
750.429	83.0472
752.358	83.1617
754.287	83.3936
756.216	83.6337
758.146	83.8724
760.075	84.1627
762.004	84.4471
763.933	84.6663
765.862	84.8645
767.791	85.0282
769.72	85.0898
771.649	85.1066
773.579	85.165
775.508	85.2243
777.437	85.2463
779.366	85.2705
781.295	85.2728
783.224	85.1589
785.153	84.9156
787.082	84.6099
789.012	84.266
790.941	83.8398
792.87	83.2569
794.799	82.391
796.728	81.0249
798.657	78.7986
800.586	75.2222
802.515	70.15
804.445	64.5648
806.374	60.4526
808.303	59.4134
810.232	61.5764
812.161	65.9476
814.09	71.2595
816.019	76.2837
817.948	80.0614
819.878	82.3312
821.807	83.463
823.736	83.9294
825.665	84.0429
827.594	84.0092
829.523	83.9288
831.452	83.7548
833.381	83.3872
835.311	82.826
837.24	82.1584
839.169	81.4164
841.098	80.5907
843.027	79.7897
844.956	79.2426
846.885	79.1278
848.814	79.4533
850.744	80.0701
852.673	80.7719
854.602	81.3972
856.531	81.8613
858.46	82.1622
860.389	82.36
862.318	82.4936
864.247	82.5564
866.177	82.5617
868.106	82.5428
870.035	82.5123
871.964	82.4873
873.893	82.4689
875.822	82.3991
877.751	82.2609
879.68	82.1385
881.609	82.0735
883.539	81.9953
885.468	81.8439
887.397	81.6309
889.326	81.3777
891.255	81.0909
893.184	80.7925
895.113	80.5254
897.042	80.3098
898.972	80.1291
900.901	80.0027
902.83	79.9984
904.759	80.1021
906.688	80.1911
908.617	80.1859
910.546	80.0973
912.475	79.9379
914.405	79.7135
916.334	79.4547
918.263	79.1813
920.192	78.8855
922.121	78.5655
924.05	78.2466
925.979	77.9653
927.908	77.7115
929.838	77.4141
931.767	77.0363
933.696	76.6115
935.625	76.1493
937.554	75.619
939.483	75.0262
941.412	74.3822
943.341	73.6164
945.271	72.6261
947.2	71.4218
949.129	70.1841
951.058	69.1189
952.987	68.2221
954.916	67.2435
956.845	65.9247
958.774	64.2175
960.704	62.2888
962.633	60.4153
964.562	58.8548
966.491	57.712
968.42	56.9043
970.349	56.2646
972.278	55.6437
974.207	54.9294
976.137	54.0492
978.066	53.0235
979.995	52.0327
981.924	51.3799
983.853	51.3064
985.782	51.8285
987.711	52.7765
989.64	53.9735
991.57	55.3199
993.499	56.704
995.428	57.9269
997.357	58.8094
999.286	59.3246
1001.22	59.5369
1003.14	59.4847
1005.07	59.2408
1007	58.9935
1008.93	58.9237
1010.86	59.0524
1012.79	59.267
1014.72	59.412
1016.65	59.3405
1018.58	58.9817
1020.51	58.3589
1022.44	57.5125
1024.36	56.5325
1026.29	55.6891
1028.22	55.2875
1030.15	55.2959
1032.08	55.3258
1034.01	55.0438
1035.94	54.4164
1037.87	53.5617
1039.8	52.5809
1041.73	51.5609
1043.66	50.5853
1045.58	49.6886
1047.51	48.8223
1049.44	47.8792
1051.37	46.7903
1053.3	45.6372
1055.23	44.6723
1057.16	44.2034
1059.09	44.4067
1061.02	45.2235
1062.95	46.4477
1064.88	47.908
1066.81	49.5715
1068.73	51.5207
1070.66	53.833
1072.59	56.4728
1074.52	59.302
1076.45	62.1465
1078.38	64.825
1080.31	67.188
1082.24	69.1505
1084.17	70.6588
1086.1	71.6737
1088.03	72.196
1089.95	72.2475
1091.88	71.8531
1093.81	71.0805
1095.74	70.0528
1097.67	68.9028
1099.6	67.7276
1101.53	66.5767
1103.46	65.4786
1105.39	64.4612
1107.32	63.5449
1109.25	62.7706
1111.18	62.2168
1113.1	61.9274
1115.03	61.8784
1116.96	62.0302
1118.89	62.3147
1120.82	62.6028
1122.75	62.7762
1124.68	62.7548
1126.61	62.4262
1128.54	61.6529
1130.47	60.3288
1132.4	58.3797
1134.32	55.8206
1136.25	52.835
1138.18	49.6952
1140.11	46.6334
1142.04	43.8431
1143.97	41.4884
1145.9	39.6359
1147.83	38.2491
1149.76	37.2666
1151.69	36.6321
1153.62	36.2779
1155.55	36.1278
1157.47	36.121
1159.4	36.2397
1161.33	36.4965
1163.26	36.8807
1165.19	37.3517
1167.12	37.8799
1169.05	38.4485
1170.98	39.0418
1172.91	39.6577
1174.84	40.3032
1176.77	40.9849
1178.69	41.7189
1180.62	42.5231
1182.55	43.3975
1184.48	44.3375
1186.41	45.3533
1188.34	46.4623
1190.27	47.6694
1192.2	48.9695
1194.13	50.3769
1196.06	51.9106
1197.99	53.5401
1199.91	55.2059
1201.84	56.8735
1203.77	58.5026
1205.7	60.0403
1207.63	61.486
1209.56	62.8844
1211.49	64.3624
1213.42	66.1501
1215.35	68.1511
1217.28	69.616
1219.21	70.0357
1221.14	70.0659
1223.06	70.5689
1224.99	71.4794
1226.92	72.2094
1228.85	72.4615
1230.78	72.209
1232.71	71.4756
1234.64	70.3938
1236.57	69.1254
1238.5	67.776
1240.43	66.4433
1242.36	65.1716
1244.28	63.9351
1246.21	62.7578
1248.14	61.7192
1250.07	60.8542
1252	60.1554
1253.93	59.6214
1255.86	59.2681
1257.79	59.1169
1259.72	59.1515
1261.65	59.3219
1263.58	59.6284
1265.51	60.1201
1267.43	60.8068
1269.36	61.6534
1271.29	62.6349
1273.22	63.7357
1275.15	64.9027
1277.08	66.0436
1279.01	67.1037
1280.94	68.1063
1282.87	69.0688
1284.8	69.9289
1286.73	70.565
1288.65	70.8406
1290.58	70.7278
1292.51	70.4585
1294.44	70.4469
1296.37	71.0246
1298.3	72.2665
1300.23	74.0229
1302.16	76.0306
1304.09	78.0056
1306.02	79.7433
1307.95	81.1824
1309.87	82.3455
1311.8	83.2394
1313.73	83.8818
1315.66	84.3525
1317.59	84.7184
1319.52	84.9834
1321.45	85.1442
1323.38	85.2216
1325.31	85.2679
1327.24	85.3545
1329.17	85.5106
1331.1	85.7378
1333.02	86.0485
1334.95	86.4162
1336.88	86.8132
1338.81	87.2761
1340.74	87.808
1342.67	88.3465
1344.6	88.8788
1346.53	89.4176
1348.46	89.9432
1350.39	90.4029
1352.32	90.7088
1354.24	90.8003
1356.17	90.745
1358.1	90.7105
1360.03	90.8577
1361.96	91.2556
1363.89	91.6642
1365.82	91.6961
1367.75	91.3136
1369.68	90.805
1371.61	90.3719
1373.54	89.7928
1375.47	88.8866
1377.39	87.9917
1379.32	87.2635
1381.25	86.4989
1383.18	85.704
1385.11	84.8744
1387.04	83.749
1388.97	82.4614
1390.9	81.365
1392.83	80.3048
1394.76	79.1198
1396.69	77.7614
1398.61	75.9171
1400.54	73.5668
1402.47	70.9935
1404.4	68.3992
1406.33	66.6593
1408.26	66.7098
1410.19	68.4905
1412.12	71.5616
1414.05	74.9296
1415.98	78.0286
1417.91	81.2725
1419.83	84.2501
1421.76	86.1311
1423.69	87.3709
1425.62	88.303
1427.55	88.8416
1429.48	89.0095
1431.41	88.9168
1433.34	88.7238
1435.27	88.4955
1437.2	88.1359
1439.13	87.6534
1441.06	87.0806
1442.98	86.3437
1444.91	85.5099
1446.84	84.6949
1448.77	83.8826
1450.7	83.2249
1452.63	82.9219
1454.56	82.9113
1456.49	82.9427
1458.42	82.5796
1460.35	82.0337
1462.28	81.6164
1464.2	81.2561
1466.13	81.0217
1468.06	81.1564
1469.99	81.7343
1471.92	82.7333
1473.85	83.8495
1475.78	84.8785
1477.71	86.0649
1479.64	87.4276
1481.57	88.8248
1483.5	90.1463
1485.43	91.3299
1487.35	92.4338
1489.28	93.4101
1491.21	93.9739
1493.14	94.2986
1495.07	94.7017
1497	95.1062
1498.93	95.2682
1500.86	95.3107
1502.79	95.4243
1504.72	95.6626
1506.65	95.9844
1508.57	95.9957
1510.5	95.7661
1512.43	95.6737
1514.36	95.8165
1516.29	96.0852
1518.22	96.3137
1520.15	96.4909
1522.08	96.62
1524.01	96.6663
1525.94	96.626
1527.87	96.5179
1529.8	96.4361
1531.72	96.4636
1533.65	96.5486
1535.58	96.5862
1537.51	96.6757
1539.44	96.9621
1541.37	97.1884
1543.3	97.0274
1545.23	96.7992
1547.16	96.6701
1549.09	96.6223
1551.02	96.6141
1552.94	96.6347
1554.87	96.7219
1556.8	96.9025
1558.73	97.0122
1560.66	96.8184
1562.59	96.584
1564.52	96.4468
1566.45	96.4187
1568.38	96.4321
1570.31	96.329
1572.24	96.1908
1574.16	96.1961
1576.09	96.279
1578.02	96.2168
1579.95	96.0671
1581.88	95.9589
1583.81	95.8733
1585.74	95.7672
1587.67	95.6478
1589.6	95.5598
1591.53	95.5225
1593.46	95.4816
1595.39	95.3787
1597.31	95.2241
1599.24	95.0764
1601.17	94.9398
1603.1	94.6905
1605.03	94.2745
1606.96	93.7989
1608.89	93.1727
1610.82	92.2606
1612.75	91.3359
1614.68	90.5675
1616.61	89.8517
1618.53	89.4052
1620.46	89.4725
1622.39	89.8615
1624.32	90.1488
1626.25	90.0974
1628.18	89.6756
1630.11	88.8307
1632.04	87.9093
1633.97	87.4674
1635.9	87.9509
1637.83	89.1083
1639.76	90.3988
1641.68	91.6577
1643.61	92.6681
1645.54	93.4093
1647.47	93.9372
1649.4	94.1614
1651.33	94.2839
1653.26	94.4504
1655.19	94.3446
1657.12	94.0835
1659.05	93.912
1660.98	93.8056
1662.9	93.6324
1664.83	93.383
1666.76	93.2386
1668.69	93.2075
1670.62	92.9818
1672.55	92.5694
1674.48	92.158
1676.41	91.5533
1678.34	90.8649
1680.27	90.3645
1682.2	89.7784
1684.12	88.7705
1686.05	87.6922
1687.98	86.5556
1689.91	85.1799
1691.84	83.7015
1693.77	81.9993
1695.7	79.9528
1697.63	77.6909
1699.56	74.7158
1701.49	71.0935
1703.42	67.8506
1705.35	64.5622
1707.27	60.7506
1709.2	57.3605
1711.13	54.7885
1713.06	52.551
1714.99	50.6942
1716.92	49.083
1718.85	47.2582
1720.78	46.0541
1722.71	45.7975
1724.64	46.1072
1726.57	47.0869
1728.49	48.7573
1730.42	50.7673
1732.35	53.5057
1734.28	57.2951
1736.21	60.7339
1738.14	63.6073
1740.07	66.8339
1742	70.3409
1743.93	73.6183
1745.86	76.8534
1747.79	80.2571
1749.72	83.7385
1751.64	87.0148
1753.57	89.7736
1755.5	92.1199
1757.43	94.3051
1759.36	96.1097
1761.29	97.2209
1763.22	97.8077
1765.15	98.0668
1767.08	98.1069
1769.01	98.213
1770.94	98.4377
1772.86	98.4167
1774.79	98.1589
1776.72	97.9607
1778.65	97.8563
1780.58	97.8028
1782.51	97.7452
1784.44	97.6732
1786.37	97.6729
1788.3	97.7385
1790.23	97.8118
1792.16	97.8693
1794.08	97.7924
1796.01	97.6162
1797.94	97.5303
1799.87	97.5155
1801.8	97.4444
1803.73	97.3872
1805.66	97.4033
1807.59	97.441
1809.52	97.4916
1811.45	97.5056
1813.38	97.4627
1815.31	97.4931
1817.23	97.5722
1819.16	97.5189
1821.09	97.4358
1823.02	97.5399
1824.95	97.733
1826.88	97.8031
1828.81	97.7667
1830.74	97.7061
1832.67	97.6663
1834.6	97.7226
1836.53	97.883
1838.45	97.9784
1840.38	97.8915
1842.31	97.7823
1844.24	97.8294
1846.17	97.9431
1848.1	98.0233
1850.03	98.1512
1851.96	98.2745
1853.89	98.2352
1855.82	98.0836
1857.75	98.0456
1859.68	98.1985
1861.6	98.3492
1863.53	98.3438
1865.46	98.3062
1867.39	98.354
1869.32	98.3821
1871.25	98.3517
1873.18	98.3604
1875.11	98.3838
1877.04	98.3945
1878.97	98.4417
1880.9	98.4685
1882.82	98.3843
1884.75	98.298
1886.68	98.3705
1888.61	98.5195
1890.54	98.5097
1892.47	98.396
1894.4	98.487
1896.33	98.7852
1898.26	98.9495
1900.19	98.8691
1902.12	98.7389
1904.05	98.6899
1905.97	98.7373
1907.9	98.8432
1909.83	98.9239
1911.76	98.9798
1913.69	99.0935
1915.62	99.2489
1917.55	99.3544
1919.48	99.3709
1921.41	99.3275
1923.34	99.2821
1925.27	99.3041
1927.19	99.3875
1929.12	99.4197
1931.05	99.354
1932.98	99.3494
1934.91	99.537
1936.84	99.7594
1938.77	99.8443
1940.7	99.8832
1942.63	99.9787
1944.56	100.035
1946.49	99.9526
1948.41	99.7976
1950.34	99.7649
1952.27	99.9329
1954.2	100.068
1956.13	100.032
1958.06	100.072
1959.99	100.286
1961.92	100.439
1963.85	100.538
1965.78	100.759
1967.71	100.937
1969.64	100.889
1971.56	100.84
1973.49	100.928
1975.42	100.902
1977.35	100.632
1979.28	100.389
1981.21	100.333
1983.14	100.278
1985.07	100.135
1987	100.117
1988.93	100.346
1990.86	100.631
1992.78	100.742
1994.71	100.691
1996.64	100.596
1998.57	100.46
2000.5	100.299
2002.43	100.263
2004.36	100.344
2006.29	100.327
2008.22	100.218
2010.15	100.222
2012.08	100.298
2014.01	100.325
2015.93	100.416
2017.86	100.603
2019.79	100.678
2021.72	100.578
2023.65	100.437
2025.58	100.347
2027.51	100.38
2029.44	100.573
2031.37	100.732
2033.3	100.631
2035.23	100.435
2037.15	100.457
2039.08	100.56
2041.01	100.383
2042.94	100.056
2044.87	100.036
2046.8	100.329
2048.73	100.477
2050.66	100.303
2052.59	100.098
2054.52	100.019
2056.45	99.8908
2058.37	99.6579
2060.3	99.5564
2062.23	99.6687
2064.16	99.7602
2066.09	99.6969
2068.02	99.6013
2069.95	99.5008
2071.88	99.3307
2073.81	99.275
2075.74	99.5224
2077.67	99.8047
2079.6	99.7844
2081.52	99.6246
2083.45	99.5876
2085.38	99.5687
2087.31	99.466
2089.24	99.4119
2091.17	99.4327
2093.1	99.4194
2095.03	99.4113
2096.96	99.5068
2098.89	99.6443
2100.82	99.7231
2102.74	99.7794
2104.67	99.8612
2106.6	99.8725
2108.53	99.755
2110.46	99.6483
2112.39	99.6343
2114.32	99.6324
2116.25	99.6645
2118.18	99.7709
2120.11	99.7943
2122.04	99.6927
2123.97	99.6723
2125.89	99.7594
2127.82	99.815
2129.75	99.9122
2131.68	100.136
2133.61	100.323
2135.54	100.363
2137.47	100.319
2139.4	100.192
2141.33	99.9922
2143.26	99.9395
2145.19	100.194
2147.11	100.545
2149.04	100.666
2150.97	100.586
2152.9	100.634
2154.83	100.912
2156.76	101.115
2158.69	100.931
2160.62	100.466
2162.55	100.114
2164.48	100.069
2166.41	100.16
2168.33	100.164
2170.26	100.13
2172.19	100.246
2174.12	100.49
2176.05	100.666
2177.98	100.72
2179.91	100.69
2181.84	100.501
2183.77	100.186
2185.7	100.033
2187.63	100.145
2189.56	100.241
2191.48	100.137
2193.41	100.03
2195.34	100.131
2197.27	100.329
2199.2	100.363
2201.13	100.22
2203.06	100.118
2204.99	100.075
2206.92	99.9075
2208.85	99.6711
2210.78	99.6202
2212.7	99.7791
2214.63	99.9525
2216.56	99.995
2218.49	99.892
2220.42	99.7903
2222.35	99.8693
2224.28	100.041
2226.21	100.071
2228.14	99.975
2230.07	99.9016
2232	99.8524
2233.93	99.8399
2235.85	99.9421
2237.78	100.016
2239.71	99.8378
2241.64	99.5508
2243.57	99.5051
2245.5	99.7537
2247.43	100.032
2249.36	100.099
2251.29	99.9423
2253.22	99.7495
2255.15	99.7013
2257.07	99.7891
2259	99.9441
2260.93	100.164
2262.86	100.33
2264.79	100.238
2266.72	100.026
2268.65	100.071
2270.58	100.327
2272.51	100.4
2274.44	100.28
2276.37	100.252
2278.29	100.256
2280.22	100.083
2282.15	99.8933
2284.08	99.9042
2286.01	100.017
2287.94	100.146
2289.87	100.444
2291.8	100.932
2293.73	101.362
2295.66	101.631
2297.59	101.917
2299.52	102.295
2301.44	102.657
2303.37	103.072
2305.3	103.8
2307.23	104.872
2309.16	105.983
2311.09	106.834
2313.02	107.402
2314.95	107.937
2316.88	108.775
2318.81	110.099
2320.74	111.739
2322.66	113.235
2324.59	114.338
2326.52	115.263
2328.45	116.194
2330.38	116.945
2332.31	117.404
2334.24	117.919
2336.17	118.602
2338.1	119.011
2340.03	119.163
2341.96	119.416
2343.89	118.665
2345.81	116.138
2347.74	114.082
2349.67	114.182
2351.6	116.557
2353.53	120.44
2355.46	123.902
2357.39	126.025
2359.32	127.368
2361.25	127.602
2363.18	126.262
2365.11	123.834
2367.03	121.27
2368.96	118.843
2370.89	116.051
2372.82	112.827
2374.75	109.712
2376.68	107.071
2378.61	104.844
2380.54	102.845
2382.47	101.138
2384.4	99.914
2386.33	99.1191
2388.26	98.5671
2390.18	98.2799
2392.11	98.2744
2394.04	98.2841
2395.97	98.1402
2397.9	98.031
2399.83	98.0697
2401.76	98.1054
2403.69	98.0884
2405.62	98.1359
2407.55	98.2324
2409.48	98.2446
2411.4	98.1609
2413.33	98.0691
2415.26	97.9998
2417.19	97.9428
2419.12	97.9366
2421.05	98.0336
2422.98	98.1837
2424.91	98.2532
2426.84	98.2175
2428.77	98.1948
2430.7	98.2088
2432.62	98.1553
2434.55	98.07
2436.48	98.11
2438.41	98.2487
2440.34	98.3001
2442.27	98.1974
2444.2	98.0434
2446.13	97.9626
2448.06	97.9727
2449.99	97.9876
2451.92	97.966
2453.85	97.9554
2455.77	97.9739
2457.7	98.0249
2459.63	98.1314
2461.56	98.2248
2463.49	98.2256
2465.42	98.2126
2467.35	98.2392
2469.28	98.2004
2471.21	98.0877
2473.14	98.027
2475.07	98.0199
2476.99	98.001
2478.92	98.0131
2480.85	98.0783
2482.78	98.1308
2484.71	98.1763
2486.64	98.2757
2488.57	98.3716
2490.5	98.3295
2492.43	98.1682
2494.36	98.1021
2496.29	98.2375
2498.22	98.37
2500.14	98.2967
2502.07	98.1358
2504	98.0919
2505.93	98.1603
2507.86	98.2276
2509.79	98.2346
2511.72	98.2131
2513.65	98.2426
2515.58	98.3024
2517.51	98.2969
2519.44	98.2594
2521.36	98.253
2523.29	98.2238
2525.22	98.1976
2527.15	98.2565
2529.08	98.3048
2531.01	98.3025
2532.94	98.3931
2534.87	98.4874
2536.8	98.3639
2538.73	98.1934
2540.66	98.2326
2542.58	98.3139
2544.51	98.2275
2546.44	98.1117
2548.37	98.1147
2550.3	98.152
2552.23	98.1404
2554.16	98.1316
2556.09	98.1408
2558.02	98.0587
2559.95	97.8658
2561.88	97.7641
2563.81	97.8929
2565.73	98.1046
2567.66	98.2202
2569.59	98.2468
2571.52	98.206
2573.45	98.0693
2575.38	97.9062
2577.31	97.8212
2579.24	97.8064
2581.17	97.8163
2583.1	97.8257
2585.03	97.7866
2586.95	97.7285
2588.88	97.7793
2590.81	97.9128
2592.74	97.9536
2594.67	97.8963
2596.6	97.8732
2598.53	97.8865
2600.46	97.8774
2602.39	97.8453
2604.32	97.7598
2606.25	97.6153
2608.18	97.5092
2610.1	97.4906
2612.03	97.5093
2613.96	97.5266
2615.89	97.5009
2617.82	97.3959
2619.75	97.2706
2621.68	97.2017
2623.61	97.1793
2625.54	97.1702
2627.47	97.1665
2629.4	97.1695
2631.32	97.1845
2633.25	97.1898
2635.18	97.1658
2637.11	97.1446
2639.04	97.1097
2640.97	96.9821
2642.9	96.8119
2644.83	96.7329
2646.76	96.7207
2648.69	96.6777
2650.62	96.6456
2652.54	96.7015
2654.47	96.8014
2656.4	96.8507
2658.33	96.8041
2660.26	96.6946
2662.19	96.6082
2664.12	96.5818
2666.05	96.5707
2667.98	96.5528
2669.91	96.5593
2671.84	96.5859
2673.77	96.577
2675.69	96.5126
2677.62	96.4688
2679.55	96.5356
2681.48	96.6581
2683.41	96.6904
2685.34	96.6265
2687.27	96.5747
2689.2	96.5435
2691.13	96.4819
2693.06	96.421
2694.99	96.3989
2696.91	96.3995
2698.84	96.4204
2700.77	96.4546
2702.7	96.4606
2704.63	96.4365
2706.56	96.4104
2708.49	96.3675
2710.42	96.3015
2712.35	96.2564
2714.28	96.2476
2716.21	96.2432
2718.14	96.2245
2720.06	96.1906
2721.99	96.1468
2723.92	96.1121
2725.85	96.0986
2727.78	96.1095
2729.71	96.1513
2731.64	96.1901
2733.57	96.1667
2735.5	96.1055
2737.43	96.0698
2739.36	96.029
2741.28	95.945
2743.21	95.8914
2745.14	95.9237
2747.07	95.984
2749	96.0277
2750.93	96.062
2752.86	96.0589
2754.79	95.9998
2756.72	95.9431
2758.65	95.9249
2760.58	95.9051
2762.51	95.8787
2764.43	95.9006
2766.36	95.9563
2768.29	95.9578
2770.22	95.8959
2772.15	95.8373
2774.08	95.7918
2776.01	95.7437
2777.94	95.734
2779.87	95.7641
2781.8	95.7578
2783.73	95.7063
2785.65	95.6775
2787.58	95.6765
2789.51	95.6659
2791.44	95.6551
2793.37	95.6425
2795.3	95.5882
2797.23	95.5197
2799.16	95.5301
2801.09	95.6264
2803.02	95.6923
2804.95	95.6408
2806.87	95.5264
2808.8	95.4461
2810.73	95.3832
2812.66	95.2608
2814.59	95.1161
2816.52	95.0485
2818.45	95.0132
2820.38	94.8865
2822.31	94.6941
2824.24	94.5426
2826.17	94.422
2828.1	94.2998
2830.02	94.2268
2831.95	94.1575
2833.88	93.9119
2835.81	93.483
2837.74	93.1163
2839.67	92.9607
2841.6	92.8976
2843.53	92.7729
2845.46	92.5752
2847.39	92.3441
2849.32	92.0565
2851.24	91.6339
2853.17	91.0376
2855.1	90.3637
2857.03	89.7607
2858.96	89.2397
2860.89	88.713
2862.82	88.1863
2864.75	87.7263
2866.68	87.3308
2868.61	86.9726
2870.54	86.6488
2872.47	86.3598
2874.39	86.182
2876.32	86.2815
2878.25	86.7095
2880.18	87.2931
2882.11	87.8139
2884.04	88.1709
2885.97	88.3605
2887.9	88.4162
2889.83	88.3831
2891.76	88.3163
2893.69	88.276
2895.61	88.2607
2897.54	88.1767
2899.47	88.0008
2901.4	87.868
2903.33	87.8394
2905.26	87.8013
2907.19	87.7185
2909.12	87.6693
2911.05	87.6317
2912.98	87.5703
2914.91	87.5345
2916.83	87.4249
2918.76	87.0488
2920.69	86.4793
2922.62	85.9137
2924.55	85.3755
2926.48	84.8841
2928.41	84.5351
2930.34	84.292
2932.27	84.0793
2934.2	84.0065
2936.13	84.229
2938.06	84.7045
2939.98	85.1922
2941.91	85.4779
2943.84	85.6119
2945.77	85.7516
2947.7	85.7923
2949.63	85.517
2951.56	85.008
2953.49	84.4567
2955.42	83.8174
2957.35	83.1343
2959.28	82.8451
2961.2	83.2641
2963.13	84.1634
2965.06	85.278
2966.99	86.708
2968.92	88.3574
2970.85	89.6204
2972.78	90.2109
2974.71	90.5896
2976.64	91.1571
2978.57	91.8281
2980.5	92.4702
2982.43	93.0449
2984.35	93.4941
2986.28	93.9215
2988.21	94.448
2990.14	94.8519
2992.07	94.9578
2994	95.0655
2995.93	95.4442
2997.86	95.9343
2999.79	96.3431
3001.72	96.6368
3003.65	96.7363
3005.57	96.6711
3007.5	96.704
3009.43	96.9303
3011.36	97.1481
3013.29	97.2652
3015.22	97.3759
3017.15	97.455
3019.08	97.4041
3021.01	97.2934
3022.94	97.2952
3024.87	97.5065
3026.79	97.8272
3028.72	97.9686
3030.65	97.7965
3032.58	97.4939
3034.51	97.1732
3036.44	96.8079
3038.37	96.5935
3040.3	96.7015
3042.23	96.8881
3044.16	96.9279
3046.09	96.9136
3048.02	96.876
3049.94	96.7682
3051.87	96.707
3053.8	96.7419
3055.73	96.7719
3057.66	96.8119
3059.59	96.9164
3061.52	97.0172
3063.45	97.0699
3065.38	97.0554
3067.31	96.9218
3069.24	96.7694
3071.16	96.7744
3073.09	96.8439
3075.02	96.7393
3076.95	96.5173
3078.88	96.4533
3080.81	96.5856
3082.74	96.6774
3084.67	96.6384
3086.6	96.631
3088.53	96.6852
3090.46	96.6234
3092.39	96.4417
3094.31	96.3151
3096.24	96.2437
3098.17	96.1378
3100.1	96.0956
3102.03	96.2198
3103.96	96.4073
3105.89	96.4891
3107.82	96.3433
3109.75	96.0008
3111.68	95.7741
3113.61	95.9078
3115.53	96.1771
3117.46	96.2781
3119.39	96.2734
3121.32	96.2889
3123.25	96.2691
3125.18	96.1997
3127.11	96.1544
3129.04	96.1322
3130.97	96.0737
3132.9	95.9861
3134.83	95.9979
3136.75	96.1815
3138.68	96.3245
3140.61	96.1767
3142.54	95.8436
3144.47	95.5859
3146.4	95.4697
3148.33	95.4917
3150.26	95.6602
3152.19	95.8296
3154.12	95.819
3156.05	95.6804
3157.98	95.5928
3159.9	95.5794
3161.83	95.5663
3163.76	95.6143
3165.69	95.7965
3167.62	95.9546
3169.55	95.9167
3171.48	95.7635
3173.41	95.5941
3175.34	95.3868
3177.27	95.2027
3179.2	95.1205
3181.12	95.0843
3183.05	95.0903
3184.98	95.1842
3186.91	95.2447
3188.84	95.1689
3190.77	95.0345
3192.7	94.855
3194.63	94.6402
3196.56	94.6221
3198.49	94.8853
3200.42	95.1395
3202.35	95.2328
3204.27	95.2698
3206.2	95.1841
3208.13	94.8836
3210.06	94.5743
3211.99	94.4529
3213.92	94.5032
3215.85	94.6975
3217.78	94.9047
3219.71	94.8602
3221.64	94.6195
3223.57	94.526
3225.49	94.6045
3227.42	94.6211
3229.35	94.585
3231.28	94.5991
3233.21	94.5531
3235.14	94.389
3237.07	94.231
3239	94.0883
3240.93	93.9066
3242.86	93.8134
3244.79	93.8506
3246.72	93.7886
3248.64	93.5738
3250.57	93.4579
3252.5	93.5259
3254.43	93.6437
3256.36	93.7776
3258.29	93.8817
3260.22	93.7956
3262.15	93.5886
3264.08	93.5193
3266.01	93.5451
3267.94	93.4125
3269.86	93.189
3271.79	93.1299
3273.72	93.1623
3275.65	93.0737
3277.58	92.9936
3279.51	93.1001
3281.44	93.1897
3283.37	93.0808
3285.3	92.9487
3287.23	92.8805
3289.16	92.7095
3291.08	92.4369
3293.01	92.2477
3294.94	92.1877
3296.87	92.2126
3298.8	92.3268
3300.73	92.4831
3302.66	92.54
3304.59	92.407
3306.52	92.1952
3308.45	92.1312
3310.38	92.2297
3312.31	92.2442
3314.23	92.0693
3316.16	91.887
3318.09	91.8595
3320.02	91.958
3321.95	92.0554
3323.88	92.0634
3325.81	92.0168
3327.74	91.9557
3329.67	91.8071
3331.6	91.5972
3333.53	91.5233
3335.45	91.5853
3337.38	91.5498
3339.31	91.405
3341.24	91.3483
3343.17	91.3737
3345.1	91.3619
3347.03	91.3466
3348.96	91.3256
3350.89	91.2194
3352.82	91.134
3354.75	91.1765
3356.68	91.2143
3358.6	91.1892
3360.53	91.2195
3362.46	91.252
3364.39	91.1773
3366.32	91.1407
3368.25	91.2345
3370.18	91.2767
3372.11	91.2117
3374.04	91.2179
3375.97	91.3336
3377.9	91.4012
3379.82	91.3292
3381.75	91.1935
3383.68	91.1225
3385.61	91.129
3387.54	91.1508
3389.47	91.2172
3391.4	91.3352
3393.33	91.386
3395.26	91.3607
3397.19	91.3476
3399.12	91.283
3401.04	91.16
3402.97	91.1779
3404.9	91.332
3406.83	91.3756
3408.76	91.3091
3410.69	91.3035
3412.62	91.3231
3414.55	91.2983
3416.48	91.2864
3418.41	91.269
3420.34	91.2005
3422.27	91.1697
3424.19	91.259
3426.12	91.4791
3428.05	91.756
3429.98	91.832
3431.91	91.5872
3433.84	91.3031
3435.77	91.1763
3437.7	91.12
3439.63	91.2106
3441.56	91.5438
3443.49	91.8251
3445.41	91.8254
3447.34	91.7755
3449.27	91.859
3451.2	91.8849
3453.13	91.7343
3455.06	91.6192
3456.99	91.7555
3458.92	92.0066
3460.85	92.0508
3462.78	91.8453
3464.71	91.6697
3466.64	91.6735
3468.56	91.7276
3470.49	91.7563
3472.42	91.8695
3474.35	92.0613
3476.28	92.0612
3478.21	91.7408
3480.14	91.4188
3482.07	91.439
3484	91.6685
3485.93	91.78
3487.86	91.7354
3489.78	91.6565
3491.71	91.5838
3493.64	91.5264
3495.57	91.5128
3497.5	91.5276
3499.43	91.4885
3501.36	91.3488
3503.29	91.2738
3505.22	91.48
3507.15	91.7702
3509.08	91.761
3511	91.5594
3512.93	91.5879
3514.86	91.772
3516.79	91.7328
3518.72	91.5158
3520.65	91.4493
3522.58	91.5647
3524.51	91.6846
3526.44	91.7685
3528.37	91.8432
3530.3	91.8994
3532.23	91.9803
3534.15	92.0702
3536.08	91.9965
3538.01	91.7344
3539.94	91.5821
3541.87	91.7035
3543.8	91.883
3545.73	91.9348
3547.66	92.0393
3549.59	92.3341
3551.52	92.6049
3553.45	92.7232
3555.37	92.9329
3557.3	93.3158
3559.23	93.4987
3561.16	93.3011
3563.09	93.1489
3565.02	93.3586
3566.95	93.6784
3568.88	93.7921
3570.81	93.8256
3572.74	93.9152
3574.67	94.0562
3576.6	94.2843
3578.52	94.642
3580.45	95.0428
3582.38	95.2687
3584.31	95.2552
3586.24	95.2617
3588.17	95.5267
3590.1	95.8155
3592.03	95.9886
3593.96	96.2975
3595.89	96.7211
3597.82	96.8479
3599.74	96.7031
3601.67	96.7567
3603.6	97.1101
3605.53	97.411
3607.46	97.4583
3609.39	97.3251
3611.32	97.1009
3613.25	96.936
3615.18	97.1088
3617.11	97.5032
3619.04	97.5682
3620.97	97.3038
3622.89	97.3446
3624.82	97.6458
3626.75	97.7511
3628.68	97.7638
3630.61	98.1369
3632.54	98.3894
3634.47	98.1691
3636.4	97.8902
3638.33	97.8526
3640.26	97.8326
3642.19	97.6291
3644.11	97.2705
3646.04	96.9579
3647.97	97.2195
3649.9	98.036
3651.83	98.0831
3653.76	97.5544
3655.69	97.4077
3657.62	97.6474
3659.55	97.7171
3661.48	97.7105
3663.41	97.8276
3665.33	97.8424
3667.26	97.652
3669.19	97.3676
3671.12	97.1356
3673.05	97.2922
3674.98	97.9716
3676.91	98.4381
3678.84	98.1596
3680.77	97.8486
3682.7	97.8309
3684.63	97.8735
3686.56	97.9464
3688.48	98.2621
3690.41	98.5563
3692.34	98.4941
3694.27	98.473
3696.2	98.6738
3698.13	98.8105
3700.06	98.7535
3701.99	98.6888
3703.92	98.6876
3705.85	98.7247
3707.78	98.8929
3709.7	99.0873
3711.63	98.8739
3713.56	98.3574
3715.49	98.1329
3717.42	98.2759
3719.35	98.5767
3721.28	98.9051
3723.21	99.2084
3725.14	99.2569
3727.07	98.9031
3729	98.5746
3730.93	98.7049
3732.85	99.177
3734.78	99.5457
3736.71	99.5579
3738.64	99.2552
3740.57	98.7657
3742.5	98.2732
3744.43	98.0289
3746.36	98.0577
3748.29	98.0871
3750.22	98.0671
3752.15	98.0337
3754.07	97.931
3756	97.7722
3757.93	97.6992
3759.86	97.8263
3761.79	97.9537
3763.72	97.8845
3765.65	97.7478
3767.58	97.6788
3769.51	97.5664
3771.44	97.402
3773.37	97.3864
3775.29	97.5338
3777.22	97.6974
3779.15	97.76
3781.08	97.71
3783.01	97.6628
3784.94	97.667
3786.87	97.5726
3788.8	97.3027
3790.73	97.1076
3792.66	97.2465
3794.59	97.6079
3796.52	97.7993
3798.44	97.7102
3800.37	97.6718
3802.3	97.8443
3804.23	97.934
3806.16	97.8485
3808.09	97.7774
3810.02	97.7619
3811.95	97.6799
3813.88	97.4809
3815.81	97.2722
3817.74	97.2752
3819.66	97.4663
3821.59	97.6252
3823.52	97.6974
3825.45	97.7721
3827.38	97.8149
3829.31	97.8038
3831.24	97.7929
3833.17	97.751
3835.1	97.7099
3837.03	97.8198
3838.96	97.9411
3840.89	97.834
3842.81	97.6608
3844.74	97.5257
3846.67	97.4033
3848.6	97.4034
3850.53	97.5384
3852.46	97.6755
3854.39	97.8715
3856.32	98.0428
3858.25	97.9162
3860.18	97.7074
3862.11	97.7754
3864.03	97.9332
3865.96	97.7861
3867.89	97.6224
3869.82	97.7365
3871.75	97.8519
3873.68	97.7839
3875.61	97.7088
3877.54	97.6875
3879.47	97.6954
3881.4	97.7158
3883.33	97.6672
3885.25	97.565
3887.18	97.5532
3889.11	97.6113
3891.04	97.5978
3892.97	97.5198
3894.9	97.507
3896.83	97.5761
3898.76	97.6283
3900.69	97.589
3902.62	97.563
3904.55	97.6331
3906.48	97.617
3908.4	97.4476
3910.33	97.337
3912.26	97.4148
3914.19	97.5395
3916.12	97.5548
3918.05	97.4928
3919.98	97.4181
3921.91	97.3329
3923.84	97.2761
3925.77	97.3055
3927.7	97.3874
3929.62	97.4385
3931.55	97.4304
3933.48	97.4033
3935.41	97.3819
3937.34	97.3351
3939.27	97.2717
3941.2	97.2567
3943.13	97.3038
3945.06	97.3744
3946.99	97.4655
3948.92	97.5329
3950.85	97.4648
3952.77	97.2928
3954.7	97.2002
3956.63	97.2453
3958.56	97.2788
3960.49	97.1995
3962.42	97.1309
3964.35	97.2017
3966.28	97.3111
3968.21	97.3093
3970.14	97.2543
3972.07	97.2771
3973.99	97.3089
3975.92	97.209
3977.85	97.077
3979.78	97.1218
3981.71	97.2725
3983.64	97.2628
3985.57	97.1072
3987.5	97.0758
3989.43	97.1788
3991.36	97.1884
3993.29	97.1317
3995.22	97.1946
3997.14	97.3045
