499.643	79.9425
501.572	79.6362
503.501	79.5275
505.43	79.963
507.36	80.5014
509.289	81.3741
511.218	82.708
513.147	83.3992
515.076	82.8549
517.005	81.9294
518.934	81.4346
520.863	81.3959
522.792	81.7335
524.722	82.3806
526.651	82.9763
528.58	83.1912
530.509	82.9745
532.438	82.4552
534.367	82.1393
536.296	82.4217
538.225	82.7917
540.155	82.6403
542.084	82.3385
544.013	82.3713
545.942	82.3873
547.871	82.0325
549.8	81.6592
551.729	81.6353
553.658	81.7864
555.588	81.7695
557.517	81.5817
559.446	81.4333
561.375	81.3242
563.304	81.1972
565.233	81.2071
567.162	81.3686
569.091	81.4821
571.021	81.5947
572.95	81.8275
574.879	81.9878
576.808	81.9257
578.737	81.7932
580.666	81.7218
582.595	81.6939
584.524	81.6555
586.454	81.5904
588.383	81.5641
590.312	81.6154
592.241	81.6761
594.17	81.6834
596.099	81.6164
598.028	81.4903
599.957	81.4009
601.887	81.3488
603.816	81.1915
605.745	81.007
607.674	81.0196
609.603	81.0783
611.532	80.8856
613.461	80.6535
615.39	80.799
617.32	81.2064
619.249	81.4045
621.178	81.3299
623.107	81.2647
625.036	81.3071
626.965	81.383
628.894	81.5019
630.823	81.7334
632.753	82.0788
634.682	82.4377
636.611	82.6629
638.54	82.7844
640.469	83.0755
642.398	83.6518
644.327	84.2865
646.256	84.8081
648.186	85.2227
650.115	85.4946
652.044	85.6772
653.973	85.8208
655.902	85.7246
657.831	85.3782
659.76	85.0063
661.689	84.5974
663.619	84.331
665.548	84.9478
667.477	86.9804
669.406	88.162
671.335	87.1621
673.264	86.3658
675.193	86.3599
677.122	86.6046
679.052	86.8829
680.981	87.3077
682.91	87.6367
684.839	87.7577
686.768	87.8355
688.697	87.7937
690.626	87.6339
692.555	87.5975
694.485	87.6374
696.414	87.5576
698.343	87.4479
700.272	87.3864
702.201	87.2706
704.13	87.156
706.059	87.1652
707.988	87.1901
709.917	87.1199
711.847	87.025
713.776	86.964
715.705	86.9853
717.634	87.165
719.563	87.3413
721.492	87.1852
723.421	86.7356
725.35	86.3027
727.28	85.9475
729.209	85.5274
731.138	84.9914
733.067	84.3813
734.996	83.7608
736.925	83.2533
738.854	82.9938
740.783	82.9958
742.713	83.1099
744.642	83.1593
746.571	83.1039
748.5	83.0254
750.429	83.0217
752.358	83.1549
754.287	83.3995
756.216	83.6525
758.146	83.8823
760.075	84.1387
762.004	84.402
763.933	84.6207
765.862	84.8165
767.791	84.9813
769.72	85.0551
771.649	85.0727
773.579	85.1222
775.508	85.2026
777.437	85.271
779.366	85.3137
781.295	85.3023
783.224	85.1857
785.153	84.9424
787.082	84.6
789.012	84.209
790.941	83.7793
792.87	83.2286
794.799	82.3893
796.728	81.025
798.657	78.7816
800.586	75.1966
802.515	70.1477
804.445	64.5968
806.374	60.4974
808.303	59.4531
810.232	61.6094
812.161	65.9751
814.09	71.2838
816.019	76.3096
817.948	80.0975
819.878	82.3856
821.807	83.5175
823.736	83.9479
825.665	84.0315
827.594	84.0116
829.523	83.9508
831.452	83.7686
833.381	83.3966
835.311	82.8516
837.24	82.1877
839.169	81.4278
841.098	80.5869
843.027	79.7753
844.956	79.2114
846.885	79.0891
848.814	79.4334
850.744	80.0755
852.673	80.7781
854.602	81.3857
856.531	81.8443
858.46	82.1582
860.389	82.3675
862.318	82.5028
864.247	82.5599
866.177	82.5524
868.106	82.5263
870.035	82.5124
871.964	82.5135
873.893	82.4995
875.822	82.4146
877.751	82.2625
879.68	82.1289
881.609	82.0547
883.539	81.979
885.468	81.8391
887.397	81.6315
889.326	81.3742
891.255	81.0812
893.184	80.7787
895.113	80.511
897.042	80.3028
898.972	80.1344
900.901	80.0095
902.83	79.9882
904.759	80.0749
906.688	80.1623
908.617	80.1625
910.546	80.0802
912.475	79.9306
914.405	79.7086
916.334	79.4402
918.263	79.1611
920.192	78.8669
922.121	78.549
924.05	78.242
925.979	77.9765
927.908	77.715
929.838	77.396
931.767	77.019
933.696	76.6146
935.625	76.1621
937.554	75.6232
939.483	75.0137
941.412	74.3512
943.341	73.5749
945.271	72.5917
947.2	71.4034
949.129	70.1697
951.058	69.0941
952.987	68.1889
954.916	67.2106
956.845	65.8961
958.774	64.2036
960.704	62.3042
962.633	60.454
964.562	58.8902
966.491	57.727
968.42	56.9023
970.349	56.2539
972.278	55.6326
974.207	54.9314
976.137	54.0716
978.066	53.0586
979.995	52.0725
981.924	51.4203
983.853	51.3337
985.782	51.8293
987.711	52.7602
989.64	53.961
991.57	55.3184
993.499	56.7103
995.428	57.942
997.357	58.8367
999.286	59.3569
1001.22	59.5553
1003.14	59.4844
1005.07	59.2368
1007	58.9874
1008.93	58.8982
1010.86	59.0101
1012.79	59.2335
1014.72	59.3976
1016.65	59.3344
1018.58	58.9761
1020.51	58.3539
1022.44	57.5098
1024.36	56.532
1026.29	55.6857
1028.22	55.2755
1030.15	55.2776
1032.08	55.3072
1034.01	55.0239
1035.94	54.3917
1037.87	53.5356
1039.8	52.5611
1041.73	51.5502
1043.66	50.5809
1045.58	49.6872
1047.51	48.8213
1049.44	47.8771
1051.37	46.7905
1053.3	45.6466
1055.23	44.6924
1057.16	44.2239
1059.09	44.4136
1061.02	45.2148
1062.95	46.4357
1064.88	47.9035
1066.81	49.5759
1068.73	51.5299
1070.66	53.8411
1072.59	56.4761
1074.52	59.2998
1076.45	62.1347
1078.38	64.8011
1080.31	67.1633
1082.24	69.1374
1084.17	70.6493
1086.1	71.6533
1088.03	72.1677
1089.95	72.2222
1091.88	71.8319
1093.81	71.0611
1095.74	70.0342
1097.67	68.8757
1099.6	67.6805
1101.53	66.516
1103.46	65.4261
1105.39	64.4273
1107.32	63.5206
1109.25	62.7471
1111.18	62.192
1113.1	61.8935
1115.03	61.8283
1116.96	61.9769
1118.89	62.2774
1120.82	62.5808
1122.75	62.7589
1124.68	62.7436
1126.61	62.4234
1128.54	61.6472
1130.47	60.3075
1132.4	58.3433
1134.32	55.7767
1136.25	52.7901
1138.18	49.6573
1140.11	46.6141
1142.04	43.8506
1143.97	41.5172
1145.9	39.6664
1147.83	38.2678
1149.76	37.2767
1151.69	36.6344
1153.62	36.2614
1155.55	36.093
1157.47	36.0884
1159.4	36.2254
1161.33	36.4963
1163.26	36.8794
1165.19	37.3406
1167.12	37.8694
1169.05	38.458
1170.98	39.0735
1172.91	39.6898
1174.84	40.3129
1176.77	40.9727
1178.69	41.7077
1180.62	42.5297
1182.55	43.4179
1184.48	44.362
1186.41	45.374
1188.34	46.4682
1190.27	47.6611
1192.2	48.9639
1194.13	50.3787
1196.06	51.9115
1197.99	53.545
1199.91	55.2203
1201.84	56.8862
1203.77	58.5071
1205.7	60.0459
1207.63	61.5023
1209.56	62.9126
1211.49	64.3909
1213.42	66.1609
1215.35	68.1447
1217.28	69.6101
1219.21	70.0373
1221.14	70.0678
1223.06	70.5646
1224.99	71.4668
1226.92	72.1951
1228.85	72.4533
1230.78	72.2007
1232.71	71.4593
1234.64	70.3742
1236.57	69.1018
1238.5	67.7374
1240.43	66.3957
1242.36	65.1383
1244.28	63.9296
1246.21	62.7737
1248.14	61.7371
1250.07	60.8576
1252	60.1499
1253.93	59.6263
1255.86	59.2826
1257.79	59.1228
1259.72	59.1478
1261.65	59.3229
1263.58	59.6338
1265.51	60.1202
1267.43	60.8073
1269.36	61.6669
1271.29	62.6613
1273.22	63.7687
1275.15	64.9412
1277.08	66.0822
1279.01	67.1315
1280.94	68.1216
1282.87	69.0803
1284.8	69.9427
1286.73	70.583
1288.65	70.8635
1290.58	70.7525
1292.51	70.4798
1294.44	70.4603
1296.37	71.026
1298.3	72.2577
1300.23	74.014
1302.16	76.0282
1304.09	78.0053
1306.02	79.7368
1307.95	81.1661
1309.87	82.326
1311.8	83.2316
1313.73	83.8904
1315.66	84.3611
1317.59	84.7089
1319.52	84.9624
1321.45	85.1357
1323.38	85.2316
1325.31	85.2761
1327.24	85.3473
1329.17	85.4965
1331.1	85.7248
1333.02	86.0378
1334.95	86.415
1336.88	86.8249
1338.81	87.29
1340.74	87.8173
1342.67	88.3524
1344.6	88.8778
1346.53	89.4107
1348.46	89.9408
1350.39	90.406
1352.32	90.7132
1354.24	90.8145
1356.17	90.771
1358.1	90.7287
1360.03	90.8584
1361.96	91.2552
1363.89	91.6718
1365.82	91.7001
1367.75	91.312
1369.68	90.8039
1371.61	90.3641
1373.54	89.7687
1375.47	88.8582
1377.39	87.9791
1379.32	87.2715
1381.25	86.5141
1383.18	85.7044
1385.11	84.8537
1387.04	83.7293
1388.97	82.4604
1390.9	81.3686
1392.83	80.307
1394.76	79.139
1396.69	77.7941
1398.61	75.9341
1400.54	73.5739
1402.47	71.013
1404.4	68.4201
1406.33	66.6668
1408.26	66.7278
1410.19	68.5355
1412.12	71.6089
1414.05	74.9587
1415.98	78.0522
1417.91	81.3006
1419.83	84.2691
1421.76	86.1359
1423.69	87.3763
1425.62	88.3191
1427.55	88.8615
1429.48	89.0234
1431.41	88.9245
1433.34	88.7209
1435.27	88.4713
1437.2	88.1067
1439.13	87.6461
1441.06	87.0832
1442.98	86.3361
1444.91	85.5009
1446.84	84.7038
1448.77	83.9048
1450.7	83.243
1452.63	82.9345
1454.56	82.9223
1456.49	82.9391
1458.42	82.5552
1460.35	82.018
1462.28	81.6236
1464.2	81.2743
1466.13	81.0322
1468.06	81.1582
1469.99	81.7269
1471.92	82.71
1473.85	83.8229
1475.78	84.8685
1477.71	86.0672
1479.64	87.4341
1481.57	88.835
1483.5	90.1578
1485.43	91.3365
1487.35	92.4387
1489.28	93.4258
1491.21	93.9917
1493.14	94.294
1495.07	94.6723
1497	95.0785
1498.93	95.2613
1500.86	95.3089
1502.79	95.4219
1504.72	95.6789
1506.65	96.0345
1508.57	96.0359
1510.5	95.7637
1512.43	95.6417
1514.36	95.7842
1516.29	96.0773
1518.22	96.32
1520.15	96.4817
1522.08	96.5904
1524.01	96.6329
1525.94	96.5984
1527.87	96.5026
1529.8	96.4345
1531.72	96.4621
1533.65	96.5304
1535.58	96.5576
1537.51	96.6461
1539.44	96.9204
1541.37	97.1441
1543.3	97.025
1545.23	96.8271
1547.16	96.6793
1549.09	96.596
1551.02	96.5876
1552.94	96.6427
1554.87	96.7535
1556.8	96.9255
1558.73	97.0068
1560.66	96.8043
1562.59	96.5778
1564.52	96.4401
1566.45	96.3968
1568.38	96.3986
1570.31	96.3145
1572.24	96.2106
1574.16	96.2335
1576.09	96.3013
1578.02	96.2108
1579.95	96.055
1581.88	95.9549
1583.81	95.8706
1585.74	95.7543
1587.67	95.6266
1589.6	95.5392
1591.53	95.5039
1593.46	95.4615
1595.39	95.3624
1597.31	95.2163
1599.24	95.0612
1601.17	94.9033
1603.1	94.6545
1605.03	94.2653
1606.96	93.8048
1608.89	93.175
1610.82	92.266
1612.75	91.3514
1614.68	90.5876
1616.61	89.8706
1618.53	89.4126
1620.46	89.4614
1622.39	89.8445
1624.32	90.1399
1626.25	90.0885
1628.18	89.6678
1630.11	88.8438
1632.04	87.9408
1633.97	87.4897
1635.9	87.9502
1637.83	89.1058
1639.76	90.4038
1641.68	91.6681
1643.61	92.6912
1645.54	93.4432
1647.47	93.9489
1649.4	94.1373
1651.33	94.2386
1653.26	94.3888
1655.19	94.2771
1657.12	94.0322
1659.05	93.8882
1660.98	93.8122
1662.9	93.6596
1664.83	93.4148
1666.76	93.2616
1668.69	93.2077
1670.62	92.9612
1672.55	92.5527
1674.48	92.1584
1676.41	91.5578
1678.34	90.8616
1680.27	90.3678
1682.2	89.7932
1684.12	88.7481
1686.05	87.6161
1687.98	86.488
1689.91	85.1492
1691.84	83.689
1693.77	81.9924
1695.7	79.9681
1697.63	77.7396
1699.56	74.7777
1701.49	71.1447
1703.42	67.8815
1705.35	64.5724
1707.27	60.7492
1709.2	57.3619
1711.13	54.804
1713.06	52.5852
1714.99	50.7296
1716.92	49.0707
1718.85	47.1936
1720.78	45.997
1722.71	45.7791
1724.64	46.1113
1726.57	47.0839
1728.49	48.7406
1730.42	50.7522
1732.35	53.5152
1734.28	57.3412
1736.21	60.7881
1738.14	63.6296
1740.07	66.8069
1742	70.2776
1743.93	73.5397
1745.86	76.7646
1747.79	80.1735
1749.72	83.7006
1751.64	87.0233
1753.57	89.7748
1755.5	92.0855
1757.43	94.2666
1759.36	96.1159
1761.29	97.2753
1763.22	97.8687
1765.15	98.1016
1767.08	98.111
1769.01	98.1868
1770.94	98.3767
1772.86	98.3472
1774.79	98.1329
1776.72	97.9869
1778.65	97.9042
1780.58	97.852
1782.51	97.7942
1784.44	97.7071
1786.37	97.6842
1788.3	97.758
1790.23	97.8569
1792.16	97.9026
1794.08	97.7939
1796.01	97.6177
1797.94	97.5349
1799.87	97.5019
1801.8	97.4291
1803.73	97.4037
1805.66	97.445
1807.59	97.4741
1809.52	97.4882
1811.45	97.4664
1813.38	97.4134
1815.31	97.449
1817.23	97.5339
1819.16	97.5062
1821.09	97.4747
1823.02	97.6081
1824.95	97.7673
1826.88	97.7792
1828.81	97.7141
1830.74	97.6407
1832.67	97.5726
1834.6	97.5989
1836.53	97.751
1838.45	97.8674
1840.38	97.8378
1842.31	97.8257
1844.24	97.9467
1846.17	98.0182
1848.1	98.0139
1850.03	98.1263
1851.96	98.2765
1853.89	98.2255
1855.82	98.0435
1857.75	98.0096
1859.68	98.1625
1861.6	98.2788
1863.53	98.2713
1865.46	98.2909
1867.39	98.3867
1869.32	98.4131
1871.25	98.3696
1873.18	98.3638
1875.11	98.3506
1877.04	98.3188
1878.97	98.3506
1880.9	98.3963
1882.82	98.3595
1884.75	98.3337
1886.68	98.4376
1888.61	98.5558
1890.54	98.5004
1892.47	98.4014
1894.4	98.5365
1896.33	98.8327
1898.26	98.9615
1900.19	98.867
1902.12	98.7356
1904.05	98.666
1905.97	98.6834
1907.9	98.78
1909.83	98.8704
1911.76	98.919
1913.69	99.0015
1915.62	99.1339
1917.55	99.2282
1919.48	99.2397
1921.41	99.2428
1923.34	99.2838
1925.27	99.3053
1927.19	99.2798
1929.12	99.2586
1931.05	99.2829
1932.98	99.3936
1934.91	99.5862
1936.84	99.7141
1938.77	99.6973
1940.7	99.7079
1942.63	99.8857
1944.56	100.067
1946.49	100.027
1948.41	99.8296
1950.34	99.7613
1952.27	99.8941
1954.2	99.9409
1956.13	99.8615
1958.06	100.012
1959.99	100.366
1961.92	100.508
1963.85	100.465
1965.78	100.533
1967.71	100.629
1969.64	100.624
1971.56	100.702
1973.49	100.875
1975.42	100.845
1977.35	100.557
1979.28	100.337
1981.21	100.313
1983.14	100.247
1985.07	100.055
1987	99.9825
1988.93	100.168
1990.86	100.428
1992.78	100.557
1994.71	100.582
1996.64	100.617
1998.57	100.621
2000.5	100.515
2002.43	100.396
2004.36	100.359
2006.29	100.303
2008.22	100.198
2010.15	100.187
2012.08	100.258
2014.01	100.302
2015.93	100.378
2017.86	100.541
2019.79	100.663
2021.72	100.637
2023.65	100.484
2025.58	100.309
2027.51	100.29
2029.44	100.496
2031.37	100.706
2033.3	100.67
2035.23	100.479
2037.15	100.414
2039.08	100.461
2041.01	100.349
2042.94	100.101
2044.87	100.066
2046.8	100.285
2048.73	100.365
2050.66	100.181
2052.59	100.07
2054.52	100.132
2056.45	100.057
2058.37	99.7898
2060.3	99.6713
2062.23	99.7956
2064.16	99.8744
2066.09	99.8047
2068.02	99.7455
2069.95	99.6528
2071.88	99.4178
2073.81	99.3014
2075.74	99.5414
2077.67	99.8219
2079.6	99.7825
2081.52	99.6124
2083.45	99.5631
2085.38	99.5043
2087.31	99.3691
2089.24	99.344
2091.17	99.4214
2093.1	99.4007
2095.03	99.3336
2096.96	99.4225
2098.89	99.6103
2100.82	99.7206
2102.74	99.7904
2104.67	99.8853
2106.6	99.8846
2108.53	99.7563
2110.46	99.6653
2112.39	99.6364
2114.32	99.5925
2116.25	99.6493
2118.18	99.849
2120.11	99.9414
2122.04	99.8395
2123.97	99.7751
2125.89	99.8251
2127.82	99.8636
2129.75	99.9076
2131.68	100.037
2133.61	100.188
2135.54	100.266
2137.47	100.249
2139.4	100.138
2141.33	99.9924
2143.26	99.9796
2145.19	100.244
2147.11	100.679
2149.04	100.912
2150.97	100.761
2152.9	100.575
2154.83	100.723
2156.76	100.99
2158.69	100.917
2160.62	100.561
2162.55	100.338
2164.48	100.325
2166.41	100.263
2168.33	100.064
2170.26	99.956
2172.19	100.099
2174.12	100.338
2176.05	100.503
2177.98	100.678
2179.91	100.825
2181.84	100.625
2183.77	100.141
2185.7	99.9066
2187.63	100.038
2189.56	100.125
2191.48	100.058
2193.41	100.091
2195.34	100.262
2197.27	100.376
2199.2	100.339
2201.13	100.242
2203.06	100.216
2204.99	100.235
2206.92	100.147
2208.85	99.9587
2210.78	99.8449
2212.7	99.8904
2214.63	100.012
2216.56	100.035
2218.49	99.8646
2220.42	99.7157
2222.35	99.8556
2224.28	100.102
2226.21	100.096
2228.14	99.9043
2230.07	99.7982
2232	99.7826
2233.93	99.7977
2235.85	99.886
2237.78	99.9351
2239.71	99.7703
2241.64	99.5309
2243.57	99.5126
2245.5	99.7417
2247.43	99.9814
2249.36	100.035
2251.29	99.9083
2253.22	99.7546
2255.15	99.6916
2257.07	99.7093
2259	99.823
2260.93	100.095
2262.86	100.349
2264.79	100.261
2266.72	99.955
2268.65	99.9152
2270.58	100.163
2272.51	100.273
2274.44	100.186
2276.37	100.175
2278.29	100.202
2280.22	100.095
2282.15	99.9907
2284.08	100.041
2286.01	100.13
2287.94	100.216
2289.87	100.488
2291.8	100.961
2293.73	101.37
2295.66	101.599
2297.59	101.849
2299.52	102.242
2301.44	102.685
2303.37	103.18
2305.3	103.894
2307.23	104.869
2309.16	105.924
2311.09	106.837
2313.02	107.514
2314.95	108.084
2316.88	108.864
2318.81	110.096
2320.74	111.676
2322.66	113.159
2324.59	114.279
2326.52	115.269
2328.45	116.318
2330.38	117.157
2332.31	117.573
2334.24	117.976
2336.17	118.634
2338.1	119.137
2340.03	119.373
2341.96	119.615
2343.89	118.793
2345.81	116.189
2347.74	114.12
2349.67	114.298
2351.6	116.775
2353.53	120.632
2355.46	123.965
2357.39	126.158
2359.32	127.748
2361.25	128.068
2363.18	126.578
2365.11	123.943
2367.03	121.236
2368.96	118.746
2370.89	115.957
2372.82	112.826
2374.75	109.852
2376.68	107.292
2378.61	105.045
2380.54	102.983
2382.47	101.222
2384.4	99.9718
2386.33	99.1666
2388.26	98.5969
2390.18	98.2844
2392.11	98.2742
2394.04	98.2948
2395.97	98.1473
2397.9	98.0257
2399.83	98.0598
2401.76	98.1006
2403.69	98.1165
2405.62	98.2161
2407.55	98.3217
2409.48	98.2886
2411.4	98.1668
2413.33	98.064
2415.26	97.9869
2417.19	97.9325
2419.12	97.9451
2421.05	98.0489
2422.98	98.1847
2424.91	98.2437
2426.84	98.2254
2428.77	98.251
2430.7	98.3047
2432.62	98.229
2434.55	98.0757
2436.48	98.0796
2438.41	98.243
2440.34	98.3284
2442.27	98.2257
2444.2	98.0617
2446.13	97.9993
2448.06	98.0291
2449.99	98.0024
2451.92	97.8956
2453.85	97.8491
2455.77	97.8998
2457.7	97.9712
2459.63	98.0635
2461.56	98.1697
2463.49	98.2135
2465.42	98.2185
2467.35	98.2454
2469.28	98.2198
2471.21	98.1077
2473.14	98.0277
2475.07	98.0204
2476.99	98.0175
2478.92	98.0364
2480.85	98.1118
2482.78	98.1675
2484.71	98.1771
2486.64	98.2376
2488.57	98.3402
2490.5	98.3232
2492.43	98.1805
2494.36	98.1425
2496.29	98.2903
2498.22	98.3963
2500.14	98.3121
2502.07	98.1767
2504	98.1268
2505.93	98.1558
2507.86	98.2256
2509.79	98.2688
2511.72	98.2737
2513.65	98.3509
2515.58	98.4454
2517.51	98.3421
2519.44	98.1435
2521.36	98.1255
2523.29	98.2133
2525.22	98.2399
2527.15	98.2922
2529.08	98.393
2531.01	98.4536
2532.94	98.5239
2534.87	98.5598
2536.8	98.3881
2538.73	98.1536
2540.66	98.1498
2542.58	98.3023
2544.51	98.3722
2546.44	98.3416
2548.37	98.2796
2550.3	98.1977
2552.23	98.1366
2554.16	98.1452
2556.09	98.1571
2558.02	98.0327
2559.95	97.8064
2561.88	97.735
2563.81	97.9148
2565.73	98.1151
2567.66	98.1911
2569.59	98.2446
2571.52	98.2716
2573.45	98.1667
2575.38	98.0133
2577.31	97.9347
2579.24	97.9002
2581.17	97.8976
2583.1	97.9321
2585.03	97.8807
2586.95	97.7285
2588.88	97.6932
2590.81	97.8346
2592.74	97.9496
2594.67	97.9595
2596.6	97.9681
2598.53	97.9961
2600.46	97.9796
2602.39	97.8735
2604.32	97.6737
2606.25	97.4943
2608.18	97.4675
2610.1	97.5253
2612.03	97.547
2613.96	97.5615
2615.89	97.5622
2617.82	97.4498
2619.75	97.2659
2621.68	97.1422
2623.61	97.1004
2625.54	97.1134
2627.47	97.164
2629.4	97.1998
2631.32	97.2006
2633.25	97.2007
2635.18	97.1998
2637.11	97.1735
2639.04	97.1017
2640.97	96.9636
2642.9	96.8074
2644.83	96.7136
2646.76	96.6558
2648.69	96.5907
2650.62	96.5899
2652.54	96.6938
2654.47	96.8112
2656.4	96.8519
2658.33	96.7986
2660.26	96.6866
2662.19	96.5965
2664.12	96.5698
2666.05	96.5585
2667.98	96.5345
2669.91	96.5361
2671.84	96.5653
2673.77	96.5641
2675.69	96.5156
2677.62	96.499
2679.55	96.5874
2681.48	96.7022
2683.41	96.7043
2685.34	96.6212
2687.27	96.5716
2689.2	96.5413
2691.13	96.4717
2693.06	96.4092
2694.99	96.3994
2696.91	96.4258
2698.84	96.4779
2700.77	96.5211
2702.7	96.5039
2704.63	96.4544
2706.56	96.4153
2708.49	96.3525
2710.42	96.261
2712.35	96.2098
2714.28	96.216
2716.21	96.2306
2718.14	96.2288
2720.06	96.2075
2721.99	96.16
2723.92	96.0994
2725.85	96.059
2727.78	96.0732
2729.71	96.1468
2731.64	96.2155
2733.57	96.2063
2735.5	96.1438
2737.43	96.0921
2739.36	96.0451
2741.28	95.986
2743.21	95.949
2745.14	95.9436
2747.07	95.9432
2749	95.9584
2750.93	95.9919
2752.86	95.9873
2754.79	95.9327
2756.72	95.8984
2758.65	95.9001
2760.58	95.8829
2762.51	95.8628
2764.43	95.9021
2766.36	95.961
2768.29	95.9612
2770.22	95.9257
2772.15	95.8896
2774.08	95.8177
2776.01	95.7289
2777.94	95.7014
2779.87	95.7149
2781.8	95.6992
2783.73	95.6731
2785.65	95.6594
2787.58	95.6253
2789.51	95.5993
2791.44	95.6437
2793.37	95.6973
2795.3	95.648
2797.23	95.5388
2799.16	95.5296
2801.09	95.6475
2803.02	95.7225
2804.95	95.6386
2806.87	95.493
2808.8	95.3893
2810.73	95.2853
2812.66	95.1553
2814.59	95.0621
2816.52	95.007
2818.45	94.9259
2820.38	94.8072
2822.31	94.6675
2824.24	94.5122
2826.17	94.376
2828.1	94.2857
2830.02	94.2007
2831.95	94.0494
2833.88	93.7754
2835.81	93.3945
2837.74	93.0538
2839.67	92.8975
2841.6	92.8672
2843.53	92.7968
2845.46	92.6388
2847.39	92.4229
2849.32	92.0964
2851.24	91.59
2853.17	90.9613
2855.1	90.3395
2857.03	89.7727
2858.96	89.2111
2860.89	88.6322
2862.82	88.0971
2864.75	87.6578
2866.68	87.3012
2868.61	87.0008
2870.54	86.7261
2872.47	86.4456
2874.39	86.2232
2876.32	86.238
2878.25	86.5882
2880.18	87.1379
2882.11	87.6607
2884.04	88.0555
2885.97	88.3157
2887.9	88.3999
2889.83	88.3065
2891.76	88.1913
2893.69	88.2013
2895.61	88.2558
2897.54	88.1882
2899.47	88.0251
2901.4	87.9066
2903.33	87.8274
2905.26	87.7196
2907.19	87.6558
2909.12	87.6881
2911.05	87.691
2912.98	87.6066
2914.91	87.5214
2916.83	87.3617
2918.76	86.941
2920.69	86.3323
2922.62	85.7614
2924.55	85.2816
2926.48	84.8604
2928.41	84.5259
2930.34	84.2787
2932.27	84.0938
2934.2	84.039
2936.13	84.2302
2938.06	84.661
2939.98	85.1426
2941.91	85.4828
2943.84	85.6898
2945.77	85.8197
2947.7	85.7475
2949.63	85.3797
2951.56	84.891
2953.49	84.4145
2955.42	83.8082
2957.35	83.1002
2959.28	82.7827
2961.2	83.2178
2963.13	84.1532
2965.06	85.2709
2966.99	86.6787
2968.92	88.3102
2970.85	89.5533
2972.78	90.1465
2974.71	90.59
2976.64	91.2118
2978.57	91.8325
2980.5	92.3977
2982.43	92.9945
2984.35	93.5038
2986.28	93.9071
2988.21	94.3715
2990.14	94.7827
2992.07	94.9479
2994	95.089
2995.93	95.4435
2997.86	95.8651
2999.79	96.2096
3001.72	96.482
3003.65	96.5911
3005.57	96.5688
3007.5	96.6888
3009.43	96.9794
3011.36	97.1875
3013.29	97.2823
3015.22	97.3784
3017.15	97.396
3019.08	97.2933
3021.01	97.2267
3022.94	97.2926
3024.87	97.507
3026.79	97.819
3028.72	97.9524
3030.65	97.7201
3032.58	97.3605
3034.51	97.0953
3036.44	96.8417
3038.37	96.6195
3040.3	96.5922
3042.23	96.7044
3044.16	96.799
3046.09	96.85
3048.02	96.8487
3049.94	96.7865
3051.87	96.7279
3053.8	96.7188
3055.73	96.7583
3057.66	96.8249
3059.59	96.8726
3061.52	96.931
3063.45	97.0636
3065.38	97.1365
3067.31	96.9773
3069.24	96.7406
3071.16	96.6972
3073.09	96.7851
3075.02	96.733
3076.95	96.5062
3078.88	96.3218
3080.81	96.3108
3082.74	96.4178
3084.67	96.5818
3086.6	96.7592
3088.53	96.8121
3090.46	96.6609
3092.39	96.4587
3094.31	96.351
3096.24	96.2655
3098.17	96.1616
3100.1	96.181
3102.03	96.3636
3103.96	96.5296
3105.89	96.5162
3107.82	96.2982
3109.75	95.9938
3111.68	95.8673
3113.61	96.0629
3115.53	96.3717
3117.46	96.5194
3119.39	96.4719
3121.32	96.3175
3123.25	96.1487
3125.18	96.0511
3127.11	96.0145
3129.04	95.9717
3130.97	95.9109
3132.9	95.8434
3134.83	95.8247
3136.75	95.9488
3138.68	96.1276
3140.61	96.1136
3142.54	95.8534
3144.47	95.5478
3146.4	95.3866
3148.33	95.434
3150.26	95.6321
3152.19	95.8156
3154.12	95.8505
3156.05	95.7804
3157.98	95.7445
3159.9	95.7466
3161.83	95.6838
3163.76	95.641
3165.69	95.8056
3167.62	96.0427
3169.55	96.041
3171.48	95.8208
3173.41	95.596
3175.34	95.4055
3177.27	95.2408
3179.2	95.1537
3181.12	95.1229
3183.05	95.1089
3184.98	95.1062
3186.91	95.0781
3188.84	95.0519
3190.77	95.0594
3192.7	94.9478
3194.63	94.7037
3196.56	94.6651
3198.49	94.9168
3200.42	95.1141
3202.35	95.1695
3204.27	95.2419
3206.2	95.1947
3208.13	94.9027
3210.06	94.6125
3211.99	94.5061
3213.92	94.5501
3215.85	94.752
3217.78	94.9653
3219.71	94.8928
3221.64	94.6293
3223.57	94.5238
3225.49	94.5517
3227.42	94.5234
3229.35	94.5301
3231.28	94.6353
3233.21	94.6552
3235.14	94.533
3237.07	94.3825
3239	94.1784
3240.93	93.9034
3242.86	93.7569
3244.79	93.7978
3246.72	93.78
3248.64	93.6271
3250.57	93.5488
3252.5	93.6004
3254.43	93.6603
3256.36	93.7239
3258.29	93.7713
3260.22	93.6639
3262.15	93.468
3264.08	93.4317
3266.01	93.5284
3267.94	93.4925
3269.86	93.2998
3271.79	93.1557
3273.72	93.095
3275.65	93.0261
3277.58	93.0243
3279.51	93.1561
3281.44	93.2339
3283.37	93.1273
3285.3	92.9941
3287.23	92.9266
3289.16	92.787
3291.08	92.5327
3293.01	92.3078
3294.94	92.1983
3296.87	92.1912
3298.8	92.3053
3300.73	92.545
3302.66	92.7393
3304.59	92.6424
3306.52	92.2975
3308.45	92.0499
3310.38	92.052
3312.31	92.0812
3314.23	91.9722
3316.16	91.8378
3318.09	91.8186
3320.02	91.9281
3321.95	92.0806
3323.88	92.154
3325.81	92.1126
3327.74	91.9912
3329.67	91.7775
3331.6	91.5296
3333.53	91.4386
3335.45	91.5195
3337.38	91.5553
3339.31	91.4873
3341.24	91.4295
3343.17	91.3631
3345.1	91.2805
3347.03	91.3239
3348.96	91.4099
3350.89	91.2979
3352.82	91.1211
3354.75	91.1295
3356.68	91.1982
3358.6	91.1855
3360.53	91.2131
3362.46	91.2732
3364.39	91.2308
3366.32	91.155
3368.25	91.118
3370.18	91.0413
3372.11	90.9888
3374.04	91.1025
3375.97	91.3012
3377.9	91.4169
3379.82	91.3983
3381.75	91.2857
3383.68	91.1799
3385.61	91.1376
3387.54	91.1228
3389.47	91.1633
3391.4	91.3016
3393.33	91.4179
3395.26	91.3994
3397.19	91.2998
3399.12	91.1888
3401.04	91.1173
3402.97	91.1511
3404.9	91.2313
3406.83	91.2411
3408.76	91.2359
3410.69	91.2978
3412.62	91.3383
3414.55	91.3
3416.48	91.2687
3418.41	91.2699
3420.34	91.2361
3422.27	91.194
3424.19	91.2836
3426.12	91.5674
3428.05	91.8672
3429.98	91.8802
3431.91	91.5743
3433.84	91.2455
3435.77	91.0841
3437.7	91.0587
3439.63	91.1807
3441.56	91.44
3443.49	91.661
3445.41	91.7617
3447.34	91.8612
3449.27	91.9812
3451.2	91.9903
3453.13	91.8726
3455.06	91.7645
3456.99	91.777
3458.92	91.8734
3460.85	91.9044
3462.78	91.8136
3464.71	91.7533
3466.64	91.8164
3468.56	91.8426
3470.49	91.7444
3472.42	91.7404
3474.35	91.9392
3476.28	92.0288
3478.21	91.7819
3480.14	91.5035
3482.07	91.5712
3484	91.8584
3485.93	91.986
3487.86	91.8567
3489.78	91.6492
3491.71	91.5436
3493.64	91.5566
3495.57	91.6003
3497.5	91.6352
3499.43	91.6489
3501.36	91.5608
3503.29	91.4212
3505.22	91.4611
3507.15	91.603
3509.08	91.5213
3511	91.3403
3512.93	91.4829
3514.86	91.8071
3516.79	91.8365
3518.72	91.5832
3520.65	91.4148
3522.58	91.4274
3524.51	91.5132
3526.44	91.6237
3528.37	91.6817
3530.3	91.6707
3532.23	91.7604
3534.15	91.943
3536.08	91.9316
3538.01	91.7379
3539.94	91.7722
3541.87	92.071
3543.8	92.2081
3545.73	92.0551
3547.66	92.0102
3549.59	92.2329
3551.52	92.4472
3553.45	92.5617
3555.37	92.8383
3557.3	93.3187
3559.23	93.6136
3561.16	93.528
3563.09	93.4781
3565.02	93.7737
3566.95	94.0659
3568.88	93.9764
3570.81	93.7941
3572.74	93.7892
3574.67	93.9945
3576.6	94.4007
3578.52	94.8788
3580.45	95.2354
3582.38	95.3722
3584.31	95.3593
3586.24	95.4168
3588.17	95.6915
3590.1	95.9184
3592.03	95.9776
3593.96	96.2153
3595.89	96.7186
3597.82	96.9581
3599.74	96.7848
3601.67	96.7591
3603.6	97.1394
3605.53	97.5061
3607.46	97.5353
3609.39	97.3919
3611.32	97.3076
3613.25	97.2702
3615.18	97.3444
3617.11	97.5759
3619.04	97.696
3620.97	97.5836
3622.89	97.6056
3624.82	97.8118
3626.75	97.8826
3628.68	97.8656
3630.61	98.1573
3632.54	98.3636
3634.47	98.131
3636.4	97.8256
3638.33	97.7554
3640.26	97.7294
3642.19	97.5763
3644.11	97.3263
3646.04	97.1189
3647.97	97.3718
3649.9	98.0121
3651.83	97.9003
3653.76	97.334
3655.69	97.2122
3657.62	97.4731
3659.55	97.5464
3661.48	97.5788
3663.41	97.7813
3665.33	97.8674
3667.26	97.7362
3669.19	97.5647
3671.12	97.3882
3673.05	97.3595
3674.98	97.7547
3676.91	98.1982
3678.84	98.094
3680.77	97.8338
3682.7	97.7997
3684.63	97.9115
3686.56	98.0604
3688.48	98.3233
3690.41	98.5718
3692.34	98.5799
3694.27	98.5741
3696.2	98.7426
3698.13	98.9432
3700.06	98.9821
3701.99	98.8551
3703.92	98.6891
3705.85	98.6388
3707.78	98.8002
3709.7	99.0403
3711.63	98.9092
3713.56	98.4126
3715.49	98.1775
3717.42	98.3817
3719.35	98.7374
3721.28	98.9597
3723.21	99.0965
3725.14	99.1325
3727.07	98.8827
3729	98.6158
3730.93	98.7164
3732.85	99.0642
3734.78	99.3037
3736.71	99.3467
3738.64	99.1501
3740.57	98.7324
3742.5	98.3627
3744.43	98.2978
3746.36	98.331
3748.29	98.2228
3750.22	98.1589
3752.15	98.177
3754.07	98.0548
3756	97.8548
3757.93	97.796
3759.86	97.8999
3761.79	97.8853
3763.72	97.6965
3765.65	97.6009
3767.58	97.6644
3769.51	97.6282
3771.44	97.4832
3773.37	97.468
3775.29	97.5687
3777.22	97.6428
3779.15	97.6382
3781.08	97.5869
3783.01	97.5831
3784.94	97.6481
3786.87	97.6144
3788.8	97.3864
3790.73	97.1859
3792.66	97.2442
3794.59	97.4838
3796.52	97.6182
3798.44	97.5817
3800.37	97.6393
3802.3	97.88
3804.23	97.9889
3806.16	97.8873
3808.09	97.7918
3810.02	97.7534
3811.95	97.6245
3813.88	97.3741
3815.81	97.1982
3817.74	97.2999
3819.66	97.5178
3821.59	97.6278
3823.52	97.6633
3825.45	97.7191
3827.38	97.7549
3829.31	97.7672
3831.24	97.7908
3833.17	97.7811
3835.1	97.7592
3837.03	97.8109
3838.96	97.8157
3840.89	97.6851
3842.81	97.5768
3844.74	97.4891
3846.67	97.3974
3848.6	97.4516
3850.53	97.6454
3852.46	97.758
3854.39	97.8094
3856.32	97.9445
3858.25	97.9406
3860.18	97.8327
3862.11	97.8561
3864.03	97.9202
3865.96	97.7672
3867.89	97.6004
3869.82	97.6777
3871.75	97.8408
3873.68	97.8544
3875.61	97.7358
3877.54	97.5787
3879.47	97.4909
3881.4	97.5268
3883.33	97.5793
3885.25	97.5937
3887.18	97.6385
3889.11	97.6755
3891.04	97.6
3892.97	97.4552
3894.9	97.4079
3896.83	97.4812
3898.76	97.5464
3900.69	97.5099
3902.62	97.5084
3904.55	97.643
3906.48	97.6823
3908.4	97.5139
3910.33	97.3643
3912.26	97.4239
3914.19	97.5841
3916.12	97.6182
3918.05	97.4952
3919.98	97.371
3921.91	97.325
3923.84	97.3287
3925.77	97.3679
3927.7	97.4218
3929.62	97.4471
3931.55	97.4327
3933.48	97.3989
3935.41	97.3495
3937.34	97.2915
3939.27	97.2684
3941.2	97.3149
3943.13	97.4046
3945.06	97.4714
3946.99	97.4752
3948.92	97.4247
3950.85	97.3638
3952.77	97.3398
3954.7	97.3637
3956.63	97.3869
3958.56	97.3244
3960.49	97.1764
3962.42	97.0843
3964.35	97.1574
3966.28	97.2993
3968.21	97.3503
3970.14	97.3154
3972.07	97.3041
3973.99	97.2901
3975.92	97.1642
3977.85	97.0287
3979.78	97.0979
3981.71	97.2772
3983.64	97.2596
3985.57	97.0934
3987.5	97.107
3989.43	97.2631
3991.36	97.2517
3993.29	97.1368
3995.22	97.1837
3997.14	97.3064
