499.643	82.0534
501.572	81.8272
503.501	80.9385
505.43	80.1364
507.36	79.9557
509.289	80.9686
511.218	82.5665
513.147	83.3579
515.076	83.2159
517.005	82.8591
518.934	82.363
520.863	81.7066
522.792	81.4437
524.722	81.9012
526.651	82.5894
528.58	82.7621
530.509	82.4342
532.438	82.1678
534.367	82.2453
536.296	82.4768
538.225	82.679
540.155	82.8766
542.084	83.0195
544.013	82.9406
545.942	82.5772
547.871	82.0523
549.8	81.6536
551.729	81.602
553.658	81.6787
555.588	81.527
557.517	81.3799
559.446	81.6232
561.375	81.8901
563.304	81.713
565.233	81.4074
567.162	81.3663
569.091	81.5014
571.021	81.712
572.95	81.9403
574.879	82.0107
576.808	81.9127
578.737	81.714
580.666	81.3788
582.595	81.0735
584.524	81.0451
586.454	81.2481
588.383	81.5696
590.312	81.9268
592.241	82.0385
594.17	81.761
596.099	81.3996
598.028	81.2327
599.957	81.2372
601.887	81.2825
603.816	81.2556
605.745	81.1339
607.674	80.9899
609.603	80.8007
611.532	80.5311
613.461	80.4384
615.39	80.7788
617.32	81.2914
619.249	81.5207
621.178	81.473
623.107	81.3549
625.036	81.2238
626.965	81.2072
628.894	81.4235
630.823	81.7414
632.753	82.0492
634.682	82.3952
636.611	82.6813
638.54	82.8083
640.469	83.0405
642.398	83.5977
644.327	84.2898
646.256	84.9141
648.186	85.3892
650.115	85.5795
652.044	85.6065
653.973	85.6782
655.902	85.5836
657.831	85.2108
659.76	84.8335
661.689	84.5322
663.619	84.3979
665.548	85.0605
667.477	87.0647
669.406	88.2579
671.335	87.3199
673.264	86.5478
675.193	86.4939
677.122	86.6433
679.052	86.892
680.981	87.412
682.91	87.8328
684.839	87.9118
686.768	87.929
688.697	87.9281
690.626	87.7829
692.555	87.6443
694.485	87.6085
696.414	87.5479
698.343	87.447
700.272	87.3914
702.201	87.3593
704.13	87.314
706.059	87.2669
707.988	87.2104
709.917	87.1513
711.847	87.0895
713.776	86.991
715.705	86.9537
717.634	87.1353
719.563	87.3685
721.492	87.2624
723.421	86.8118
725.35	86.3291
727.28	85.9068
729.209	85.4356
731.138	84.8764
733.067	84.2632
734.996	83.6562
736.925	83.1852
738.854	82.9642
740.783	82.952
742.713	83.003
744.642	83.0395
746.571	83.0688
748.5	83.0703
750.429	83.034
752.358	83.066
754.287	83.2579
756.216	83.5316
758.146	83.7917
760.075	84.0663
762.004	84.3616
763.933	84.6042
765.862	84.7837
767.791	84.9397
769.72	85.0578
771.649	85.1211
773.579	85.1564
775.508	85.1815
777.437	85.2058
779.366	85.2442
781.295	85.2682
783.224	85.2054
785.153	84.9983
787.082	84.6459
789.012	84.217
790.941	83.7682
792.87	83.212
794.799	82.3515
796.728	80.981
798.657	78.7612
800.586	75.1818
802.515	70.1388
804.445	64.6569
806.374	60.6418
808.303	59.6286
810.232	61.796
812.161	66.1544
814.09	71.3801
816.019	76.288
817.948	80.0117
819.878	82.2986
821.807	83.4804
823.736	83.9967
825.665	84.1227
827.594	84.0457
829.523	83.8973
831.452	83.6931
833.381	83.3549
835.311	82.8202
837.24	82.1247
839.169	81.3462
841.098	80.5193
843.027	79.7218
844.956	79.1664
846.885	79.055
848.814	79.404
850.744	80.0599
852.673	80.7874
854.602	81.3799
856.531	81.7919
858.46	82.1028
860.389	82.344
862.318	82.4779
864.247	82.5033
866.177	82.4714
868.106	82.4411
870.035	82.4475
871.964	82.4624
873.893	82.4161
875.822	82.3036
877.751	82.1999
879.68	82.1446
881.609	82.0883
883.539	81.9682
885.468	81.7764
887.397	81.5449
889.326	81.2991
891.255	81.0429
893.184	80.7769
895.113	80.509
897.042	80.247
898.972	80.0161
900.901	79.8875
902.83	79.9193
904.759	80.0593
906.688	80.1761
908.617	80.1854
910.546	80.0844
912.475	79.9001
914.405	79.6733
916.334	79.4398
918.263	79.1872
920.192	78.8829
922.121	78.5422
924.05	78.2135
925.979	77.9182
927.908	77.6392
929.838	77.3472
931.767	77.0258
933.696	76.6671
935.625	76.2393
937.554	75.7015
939.483	75.0647
941.412	74.3667
943.341	73.5755
945.271	72.5931
947.2	71.3947
949.129	70.1424
951.058	69.0723
952.987	68.2063
954.916	67.2652
956.845	65.958
958.774	64.2577
960.704	62.357
962.633	60.5154
964.562	58.9694
966.491	57.8296
968.42	57.0239
970.349	56.3811
972.278	55.7338
974.207	54.9669
976.137	54.0485
978.066	53.0394
979.995	52.1011
981.924	51.485
983.853	51.4063
985.782	51.8911
987.711	52.8011
989.64	53.9785
991.57	55.3058
993.499	56.6609
995.428	57.8762
997.357	58.7818
999.286	59.3067
1001.22	59.5046
1003.14	59.4621
1005.07	59.2539
1007	59.0052
1008.93	58.8851
1010.86	58.9736
1012.79	59.1855
1014.72	59.3379
1016.65	59.266
1018.58	58.9042
1020.51	58.2768
1022.44	57.423
1024.36	56.4332
1026.29	55.5741
1028.22	55.1586
1030.15	55.1763
1032.08	55.2379
1034.01	54.974
1035.94	54.331
1037.87	53.4569
1039.8	52.4899
1041.73	51.5101
1043.66	50.5683
1045.58	49.6831
1047.51	48.8099
1049.44	47.8473
1051.37	46.7393
1053.3	45.5994
1055.23	44.6943
1057.16	44.2819
1059.09	44.4777
1061.02	45.2462
1062.95	46.4474
1064.88	47.9105
1066.81	49.5609
1068.73	51.4818
1070.66	53.7757
1072.59	56.4044
1074.52	59.2212
1076.45	62.0597
1078.38	64.7427
1080.31	67.1117
1082.24	69.0745
1084.17	70.5726
1086.1	71.5619
1088.03	72.0527
1089.95	72.0896
1091.88	71.7015
1093.81	70.9351
1095.74	69.9026
1097.67	68.7424
1099.6	67.5581
1101.53	66.4108
1103.46	65.3351
1105.39	64.3405
1107.32	63.431
1109.25	62.652
1111.18	62.0802
1113.1	61.7632
1115.03	61.7062
1116.96	61.8777
1118.89	62.1813
1120.82	62.4817
1122.75	62.6751
1124.68	62.6705
1126.61	62.3288
1128.54	61.5069
1130.47	60.1285
1132.4	58.1732
1134.32	55.6677
1136.25	52.734
1138.18	49.5972
1140.11	46.5172
1142.04	43.7197
1143.97	41.3636
1145.9	39.5209
1147.83	38.171
1149.76	37.2321
1151.69	36.6123
1153.62	36.2421
1155.55	36.0769
1157.47	36.0882
1159.4	36.2543
1161.33	36.5418
1163.26	36.9191
1165.19	37.3937
1167.12	37.9637
1169.05	38.5632
1170.98	39.1505
1172.91	39.7592
1174.84	40.4033
1176.77	41.0748
1178.69	41.8143
1180.62	42.6413
1182.55	43.517
1184.48	44.4485
1186.41	45.474
1188.34	46.5796
1190.27	47.7609
1192.2	49.0567
1194.13	50.4655
1196.06	51.96
1197.99	53.5534
1199.91	55.2408
1201.84	56.9387
1203.77	58.5578
1205.7	60.0914
1207.63	61.5687
1209.56	62.9832
1211.49	64.4409
1213.42	66.2217
1215.35	68.2345
1217.28	69.6715
1219.21	70.0259
1221.14	70.0184
1223.06	70.5168
1224.99	71.408
1226.92	72.097
1228.85	72.3241
1230.78	72.079
1232.71	71.3618
1234.64	70.2848
1236.57	69.025
1238.5	67.7041
1240.43	66.397
1242.36	65.1219
1244.28	63.8713
1246.21	62.6988
1248.14	61.6785
1250.07	60.8298
1252	60.1498
1253.93	59.6421
1255.86	59.3059
1257.79	59.146
1259.72	59.159
1261.65	59.3257
1263.58	59.6526
1265.51	60.1631
1267.43	60.8492
1269.36	61.6904
1271.29	62.6721
1273.22	63.7592
1275.15	64.8953
1277.08	66.0277
1279.01	67.1256
1280.94	68.1775
1282.87	69.152
1284.8	69.9862
1286.73	70.6003
1288.65	70.8836
1290.58	70.7941
1292.51	70.5423
1294.44	70.5375
1296.37	71.1113
1298.3	72.3379
1300.23	74.0629
1302.16	76.0228
1304.09	77.9645
1306.02	79.7118
1307.95	81.1661
1309.87	82.3114
1311.8	83.1977
1313.73	83.8714
1315.66	84.3513
1317.59	84.6749
1319.52	84.9043
1321.45	85.0663
1323.38	85.1499
1325.31	85.1964
1327.24	85.2946
1329.17	85.4698
1331.1	85.6966
1333.02	85.9816
1334.95	86.3369
1336.88	86.7611
1338.81	87.2518
1340.74	87.7732
1342.67	88.3003
1344.6	88.8519
1346.53	89.4196
1348.46	89.9635
1350.39	90.4259
1352.32	90.721
1354.24	90.8088
1356.17	90.7668
1358.1	90.7379
1360.03	90.876
1361.96	91.2642
1363.89	91.6576
1365.82	91.676
1367.75	91.3049
1369.68	90.8187
1371.61	90.4021
1373.54	89.8545
1375.47	88.9752
1377.39	88.0516
1379.32	87.2743
1381.25	86.4967
1383.18	85.7028
1385.11	84.8549
1387.04	83.7179
1388.97	82.446
1390.9	81.3623
1392.83	80.297
1394.76	79.1007
1396.69	77.7431
1398.61	75.9252
1400.54	73.618
1402.47	71.0829
1404.4	68.5163
1406.33	66.8045
1408.26	66.8924
1410.19	68.7058
1412.12	71.7651
1414.05	75.0689
1415.98	78.0962
1417.91	81.2966
1419.83	84.2662
1421.76	86.1563
1423.69	87.3997
1425.62	88.3139
1427.55	88.8204
1429.48	88.9712
1431.41	88.8817
1433.34	88.6884
1435.27	88.4579
1437.2	88.1129
1439.13	87.6318
1441.06	87.021
1442.98	86.2385
1444.91	85.3975
1446.84	84.6146
1448.77	83.8348
1450.7	83.1901
1452.63	82.8909
1454.56	82.8822
1456.49	82.9091
1458.42	82.5402
1460.35	81.9991
1462.28	81.5948
1464.2	81.2508
1466.13	81.0188
1468.06	81.1374
1469.99	81.7089
1471.92	82.7426
1473.85	83.9092
1475.78	84.9346
1477.71	86.077
1479.64	87.394
1481.57	88.7704
1483.5	90.1049
1485.43	91.3048
1487.35	92.3962
1489.28	93.3632
1491.21	93.957
1493.14	94.2793
1495.07	94.6192
1497	94.9907
1498.93	95.2193
1500.86	95.3105
1502.79	95.4181
1504.72	95.6837
1506.65	96.0948
1508.57	96.1007
1510.5	95.8089
1512.43	95.7151
1514.36	95.8854
1516.29	96.1475
1518.22	96.3478
1520.15	96.5133
1522.08	96.6312
1524.01	96.6514
1525.94	96.5947
1527.87	96.4984
1529.8	96.4386
1531.72	96.4712
1533.65	96.5441
1535.58	96.5788
1537.51	96.668
1539.44	96.9275
1541.37	97.1286
1543.3	96.9908
1545.23	96.785
1547.16	96.6599
1549.09	96.6122
1551.02	96.6034
1552.94	96.6319
1554.87	96.768
1556.8	97.0514
1558.73	97.2195
1560.66	96.9243
1562.59	96.6004
1564.52	96.4495
1566.45	96.4456
1568.38	96.4685
1570.31	96.3437
1572.24	96.1985
1574.16	96.2185
1576.09	96.2882
1578.02	96.1833
1579.95	96.0283
1581.88	95.9494
1583.81	95.896
1585.74	95.8224
1587.67	95.7348
1589.6	95.648
1591.53	95.5745
1593.46	95.5006
1595.39	95.3888
1597.31	95.2224
1599.24	95.0296
1601.17	94.8352
1603.1	94.5881
1605.03	94.2545
1606.96	93.8621
1608.89	93.2608
1610.82	92.3347
1612.75	91.3856
1614.68	90.5887
1616.61	89.8668
1618.53	89.434
1620.46	89.4993
1622.39	89.896
1624.32	90.2178
1626.25	90.1835
1628.18	89.7694
1630.11	88.96
1632.04	88.0537
1633.97	87.5467
1635.9	87.9337
1637.83	89.0842
1639.76	90.4064
1641.68	91.6804
1643.61	92.7157
1645.54	93.4901
1647.47	93.9958
1649.4	94.1544
1651.33	94.2243
1653.26	94.3564
1655.19	94.2479
1657.12	94.0065
1659.05	93.8571
1660.98	93.7682
1662.9	93.6077
1664.83	93.372
1666.76	93.2337
1668.69	93.1943
1670.62	92.9743
1672.55	92.5962
1674.48	92.2117
1676.41	91.6019
1678.34	90.8908
1680.27	90.3782
1682.2	89.818
1684.12	88.8701
1686.05	87.7751
1687.98	86.5573
1689.91	85.1435
1691.84	83.6921
1693.77	82.0257
1695.7	79.9963
1697.63	77.7641
1699.56	74.8255
1701.49	71.2095
1703.42	67.9622
1705.35	64.6755
1707.27	60.86
1709.2	57.4482
1711.13	54.8364
1713.06	52.5622
1714.99	50.706
1716.92	49.1246
1718.85	47.3031
1720.78	46.0831
1722.71	45.8144
1724.64	46.1138
1726.57	47.097
1728.49	48.7812
1730.42	50.7742
1732.35	53.4578
1734.28	57.244
1736.21	60.7585
1738.14	63.677
1740.07	66.8791
1742	70.3297
1743.93	73.5483
1745.86	76.7231
1747.79	80.0957
1749.72	83.6042
1751.64	86.9284
1753.57	89.7408
1755.5	92.1393
1757.43	94.3177
1759.36	96.0813
1761.29	97.2205
1763.22	97.8535
1765.15	98.0724
1767.08	98.0654
1769.01	98.2211
1770.94	98.5268
1772.86	98.4924
1774.79	98.1548
1776.72	97.8876
1778.65	97.7527
1780.58	97.7246
1782.51	97.7123
1784.44	97.6505
1786.37	97.6478
1788.3	97.7445
1790.23	97.8647
1792.16	97.9391
1794.08	97.8461
1796.01	97.6362
1797.94	97.4945
1799.87	97.4482
1801.8	97.4204
1803.73	97.4053
1805.66	97.4123
1807.59	97.4579
1809.52	97.5418
1811.45	97.5273
1813.38	97.4089
1815.31	97.4046
1817.23	97.5095
1819.16	97.5456
1821.09	97.576
1823.02	97.6935
1824.95	97.779
1826.88	97.7917
1828.81	97.8012
1830.74	97.7652
1832.67	97.7122
1834.6	97.7691
1836.53	97.9073
1838.45	97.9682
1840.38	97.9191
1842.31	97.8804
1844.24	97.8865
1846.17	97.8701
1848.1	97.8993
1850.03	98.0319
1851.96	98.1136
1853.89	98.0401
1855.82	97.9547
1857.75	97.9736
1859.68	98.0557
1861.6	98.1531
1863.53	98.2515
1865.46	98.3522
1867.39	98.4577
1869.32	98.5047
1871.25	98.4605
1873.18	98.3974
1875.11	98.3382
1877.04	98.2895
1878.97	98.314
1880.9	98.3881
1882.82	98.3849
1884.75	98.3326
1886.68	98.4116
1888.61	98.571
1890.54	98.5298
1892.47	98.3377
1894.4	98.3315
1896.33	98.5278
1898.26	98.6757
1900.19	98.7216
1902.12	98.7331
1904.05	98.6986
1905.97	98.6661
1907.9	98.7115
1909.83	98.799
1911.76	98.874
1913.69	98.9469
1915.62	99.0519
1917.55	99.1954
1919.48	99.2945
1921.41	99.3142
1923.34	99.3558
1925.27	99.411
1927.19	99.345
1929.12	99.1847
1931.05	99.0821
1932.98	99.1334
1934.91	99.3444
1936.84	99.5574
1938.77	99.5803
1940.7	99.5503
1942.63	99.7665
1944.56	100.123
1946.49	100.236
1948.41	100.054
1950.34	99.861
1952.27	99.8983
1954.2	100.108
1956.13	100.266
1958.06	100.322
1959.99	100.404
1961.92	100.524
1963.85	100.549
1965.78	100.472
1967.71	100.429
1969.64	100.451
1971.56	100.473
1973.49	100.502
1975.42	100.52
1977.35	100.469
1979.28	100.397
1981.21	100.293
1983.14	100.031
1985.07	99.7856
1987	99.9104
1988.93	100.316
1990.86	100.64
1992.78	100.772
1994.71	100.714
1996.64	100.459
1998.57	100.231
2000.5	100.269
2002.43	100.425
2004.36	100.429
2006.29	100.321
2008.22	100.297
2010.15	100.362
2012.08	100.408
2014.01	100.431
2015.93	100.461
2017.86	100.473
2019.79	100.508
2021.72	100.613
2023.65	100.647
2025.58	100.506
2027.51	100.353
2029.44	100.321
2031.37	100.322
2033.3	100.324
2035.23	100.373
2037.15	100.411
2039.08	100.407
2041.01	100.385
2042.94	100.29
2044.87	100.149
2046.8	100.139
2048.73	100.211
2050.66	100.126
2052.59	99.943
2054.52	99.8649
2056.45	99.8353
2058.37	99.7625
2060.3	99.7439
2062.23	99.7803
2064.16	99.7617
2066.09	99.7673
2068.02	99.8714
2069.95	99.8693
2071.88	99.6796
2073.81	99.5916
2075.74	99.7087
2077.67	99.7179
2079.6	99.5331
2081.52	99.4671
2083.45	99.5648
2085.38	99.5691
2087.31	99.5278
2089.24	99.6427
2091.17	99.7437
2093.1	99.601
2095.03	99.4017
2096.96	99.414
2098.89	99.5738
2100.82	99.7129
2102.74	99.8329
2104.67	99.9461
2106.6	99.9381
2108.53	99.7618
2110.46	99.5522
2112.39	99.443
2114.32	99.4742
2116.25	99.6274
2118.18	99.7557
2120.11	99.7136
2122.04	99.643
2123.97	99.7388
2125.89	99.8441
2127.82	99.7763
2129.75	99.7511
2131.68	99.9857
2133.61	100.284
2135.54	100.403
2137.47	100.412
2139.4	100.395
2141.33	100.242
2143.26	100.006
2145.19	100.023
2147.11	100.36
2149.04	100.593
2150.97	100.443
2152.9	100.224
2154.83	100.34
2156.76	100.7
2158.69	100.85
2160.62	100.616
2162.55	100.322
2164.48	100.252
2166.41	100.256
2168.33	100.123
2170.26	99.9938
2172.19	100.03
2174.12	100.111
2176.05	100.198
2177.98	100.459
2179.91	100.739
2181.84	100.658
2183.77	100.333
2185.7	100.169
2187.63	100.151
2189.56	100.082
2191.48	100.003
2193.41	99.9194
2195.34	99.7893
2197.27	99.7936
2199.2	100.029
2201.13	100.247
2203.06	100.242
2204.99	100.053
2206.92	99.7817
2208.85	99.5882
2210.78	99.6622
2212.7	99.9376
2214.63	100.099
2216.56	99.9795
2218.49	99.7443
2220.42	99.6234
2222.35	99.6416
2224.28	99.7073
2226.21	99.7765
2228.14	99.8103
2230.07	99.7553
2232	99.6605
2233.93	99.6422
2235.85	99.7037
2237.78	99.732
2239.71	99.6857
2241.64	99.6712
2243.57	99.7699
2245.5	99.8878
2247.43	99.9068
2249.36	99.8781
2251.29	99.8809
2253.22	99.8527
2255.15	99.7611
2257.07	99.7447
2259	99.9136
2260.93	100.171
2262.86	100.313
2264.79	100.259
2266.72	100.163
2268.65	100.221
2270.58	100.356
2272.51	100.346
2274.44	100.241
2276.37	100.233
2278.29	100.238
2280.22	100.071
2282.15	99.8333
2284.08	99.7468
2286.01	99.8412
2287.94	100.074
2289.87	100.467
2291.8	100.95
2293.73	101.335
2295.66	101.594
2297.59	101.926
2299.52	102.412
2301.44	102.883
2303.37	103.3
2305.3	103.93
2307.23	104.941
2309.16	106.088
2311.09	106.971
2313.02	107.518
2314.95	108.1
2316.88	109.136
2318.81	110.599
2320.74	112.065
2322.66	113.283
2324.59	114.435
2326.52	115.616
2328.45	116.612
2330.38	117.249
2332.31	117.662
2334.24	118.172
2336.17	118.865
2338.1	119.428
2340.03	119.774
2341.96	120.086
2343.89	119.327
2345.81	116.734
2347.74	114.504
2349.67	114.41
2351.6	116.642
2353.53	120.53
2355.46	124.31
2357.39	126.774
2359.32	127.886
2361.25	127.796
2363.18	126.961
2365.11	125.228
2367.03	122.544
2368.96	119.608
2370.89	116.637
2372.82	113.432
2374.75	110.167
2376.68	107.236
2378.61	104.838
2380.54	102.88
2382.47	101.247
2384.4	99.9911
2386.33	99.1395
2388.26	98.5747
2390.18	98.2278
2392.11	98.1161
2394.04	98.1424
2395.97	98.134
2397.9	98.0607
2399.83	98.0011
2401.76	98.0022
2403.69	98.0788
2405.62	98.2096
2407.55	98.3045
2409.48	98.2851
2411.4	98.1773
2413.33	98.0583
2415.26	97.9728
2417.19	97.9431
2419.12	97.9928
2421.05	98.0986
2422.98	98.1652
2424.91	98.129
2426.84	98.0719
2428.77	98.105
2430.7	98.1569
2432.62	98.0999
2434.55	98.0288
2436.48	98.0955
2438.41	98.2115
2440.34	98.243
2442.27	98.2251
2444.2	98.1763
2446.13	98.0724
2448.06	98.004
2449.99	98.0329
2451.92	98.093
2453.85	98.1445
2455.77	98.1566
2457.7	98.0929
2459.63	98.054
2461.56	98.1127
2463.49	98.1347
2465.42	98.0657
2467.35	98.0277
2469.28	98.0204
2471.21	97.9872
2473.14	98.027
2475.07	98.1659
2476.99	98.237
2478.92	98.1785
2480.85	98.1263
2482.78	98.1738
2484.71	98.2668
2486.64	98.3236
2488.57	98.3219
2490.5	98.2423
2492.43	98.0869
2494.36	98.0076
2496.29	98.1284
2498.22	98.265
2500.14	98.2325
2502.07	98.2136
2504	98.3406
2505.93	98.3743
2507.86	98.2163
2509.79	98.152
2511.72	98.3112
2513.65	98.4485
2515.58	98.376
2517.51	98.2076
2519.44	98.1176
2521.36	98.091
2523.29	98.0166
2525.22	97.9377
2527.15	98.0207
2529.08	98.2753
2531.01	98.5088
2532.94	98.5598
2534.87	98.4422
2536.8	98.2909
2538.73	98.1958
2540.66	98.0921
2542.58	97.9186
2544.51	97.7967
2546.44	97.8391
2548.37	97.9468
2550.3	98.0193
2552.23	98.1106
2554.16	98.2005
2556.09	98.1393
2558.02	97.9513
2559.95	97.863
2561.88	97.9613
2563.81	98.1079
2565.73	98.1867
2567.66	98.2037
2569.59	98.1701
2571.52	98.0795
2573.45	97.9731
2575.38	97.882
2577.31	97.7762
2579.24	97.6814
2581.17	97.6977
2583.1	97.8001
2585.03	97.8409
2586.95	97.7979
2588.88	97.769
2590.81	97.7738
2592.74	97.7815
2594.67	97.7791
2596.6	97.7241
2598.53	97.6363
2600.46	97.6283
2602.39	97.673
2604.32	97.6207
2606.25	97.4886
2608.18	97.3894
2610.1	97.3145
2612.03	97.2689
2613.96	97.3328
2615.89	97.4396
2617.82	97.4215
2619.75	97.2898
2621.68	97.1954
2623.61	97.1885
2625.54	97.2032
2627.47	97.1916
2629.4	97.1568
2631.32	97.1046
2633.25	97.0461
2635.18	97.0201
2637.11	97.0352
2639.04	97.0235
2640.97	96.9313
2642.9	96.7994
2644.83	96.6914
2646.76	96.6276
2648.69	96.6176
2650.62	96.6618
2652.54	96.7131
2654.47	96.7153
2656.4	96.6714
2658.33	96.6262
2660.26	96.6003
2662.19	96.5695
2664.12	96.5079
2666.05	96.4434
2667.98	96.4396
2669.91	96.5041
2671.84	96.56
2673.77	96.5404
2675.69	96.4732
2677.62	96.4458
2679.55	96.4948
2681.48	96.5554
2683.41	96.5526
2685.34	96.514
2687.27	96.5035
2689.2	96.5001
2691.13	96.4644
2693.06	96.4408
2694.99	96.4726
2696.91	96.5175
2698.84	96.5206
2700.77	96.4777
2702.7	96.4163
2704.63	96.3764
2706.56	96.3806
2708.49	96.394
2710.42	96.3565
2712.35	96.263
2714.28	96.1941
2716.21	96.22
2718.14	96.2731
2720.06	96.2317
2721.99	96.1275
2723.92	96.0811
2725.85	96.085
2727.78	96.0748
2729.71	96.08
2731.64	96.109
2733.57	96.0917
2735.5	96.0448
2737.43	96.0515
2739.36	96.0724
2741.28	96.023
2743.21	95.9627
2745.14	95.9831
2747.07	96.0183
2749	95.9736
2750.93	95.9234
2752.86	95.9608
2754.79	95.9925
2756.72	95.9156
2758.65	95.8272
2760.58	95.8317
2762.51	95.8642
2764.43	95.8681
2766.36	95.8786
2768.29	95.8765
2770.22	95.826
2772.15	95.7875
2774.08	95.791
2776.01	95.7815
2777.94	95.7703
2779.87	95.7834
2781.8	95.7279
2783.73	95.5774
2785.65	95.4952
2787.58	95.554
2789.51	95.6299
2791.44	95.6657
2793.37	95.6973
2795.3	95.6692
2797.23	95.551
2799.16	95.4681
2801.09	95.4902
2803.02	95.5074
2804.95	95.4275
2806.87	95.3159
2808.8	95.2823
2810.73	95.3089
2812.66	95.2753
2814.59	95.1687
2816.52	95.0876
2818.45	95.0099
2820.38	94.8421
2822.31	94.635
2824.24	94.4605
2826.17	94.2917
2828.1	94.1698
2830.02	94.1448
2831.95	94.0641
2833.88	93.7709
2835.81	93.3637
2837.74	93.0383
2839.67	92.8696
2841.6	92.7949
2843.53	92.6755
2845.46	92.4437
2847.39	92.1743
2849.32	91.9187
2851.24	91.6142
2853.17	91.2009
2855.1	90.6638
2857.03	90.0106
2858.96	89.321
2860.89	88.7041
2862.82	88.1896
2864.75	87.7409
2866.68	87.3171
2868.61	86.8912
2870.54	86.4987
2872.47	86.2582
2874.39	86.2741
2876.32	86.527
2878.25	86.89
2880.18	87.2586
2882.11	87.6217
2884.04	87.9813
2885.97	88.2777
2887.9	88.4285
2889.83	88.393
2891.76	88.249
2893.69	88.1769
2895.61	88.1901
2897.54	88.0537
2899.47	87.734
2901.4	87.5462
2903.33	87.6065
2905.26	87.7086
2907.19	87.7872
2909.12	87.8484
2911.05	87.7189
2912.98	87.4285
2914.91	87.2659
2916.83	87.1699
2918.76	86.8168
2920.69	86.2593
2922.62	85.7468
2924.55	85.2775
2926.48	84.8167
2928.41	84.4736
2930.34	84.2718
2932.27	84.1393
2934.2	84.1256
2936.13	84.3526
2938.06	84.7663
2939.98	85.1553
2941.91	85.4454
2943.84	85.7151
2945.77	85.8841
2947.7	85.7671
2949.63	85.4026
2951.56	84.9288
2953.49	84.3151
2955.42	83.5781
2957.35	83.0107
2959.28	82.936
2961.2	83.3872
2963.13	84.1662
2965.06	85.2093
2966.99	86.6496
2968.92	88.2847
2970.85	89.4851
2972.78	90.0633
2974.71	90.5049
2976.64	91.1029
2978.57	91.7453
2980.5	92.4009
2982.43	93.0538
2984.35	93.5607
2986.28	93.9638
2988.21	94.3577
2990.14	94.5672
2992.07	94.613
2994	94.919
2995.93	95.5147
2997.86	95.9124
2999.79	96.0639
3001.72	96.3654
3003.65	96.7275
3005.57	96.7699
3007.5	96.6731
3009.43	96.8231
3011.36	97.1055
3013.29	97.2733
3015.22	97.3866
3017.15	97.5041
3019.08	97.5257
3021.01	97.4272
3022.94	97.319
3024.87	97.3658
3026.79	97.5859
3028.72	97.6753
3030.65	97.4271
3032.58	97.1174
3034.51	96.9917
3036.44	96.918
3038.37	96.8523
3040.3	96.9001
3042.23	96.9295
3044.16	96.7995
3046.09	96.6435
3048.02	96.5922
3049.94	96.6382
3051.87	96.7209
3053.8	96.7478
3055.73	96.7984
3057.66	97.0527
3059.59	97.2942
3061.52	97.157
3063.45	96.8192
3065.38	96.6367
3067.31	96.5542
3069.24	96.5184
3071.16	96.7023
3073.09	96.9742
3075.02	96.9596
3076.95	96.6801
3078.88	96.4678
3080.81	96.4612
3082.74	96.584
3084.67	96.7398
3086.6	96.8618
3088.53	96.9384
3090.46	96.9544
3092.39	96.7998
3094.31	96.4574
3096.24	96.1874
3098.17	96.1866
3100.1	96.273
3102.03	96.2606
3103.96	96.2659
3105.89	96.3376
3107.82	96.3035
3109.75	96.1823
3111.68	96.1582
3113.61	96.1976
3115.53	96.2352
3117.46	96.3614
3119.39	96.4351
3121.32	96.1914
3123.25	95.8603
3125.18	95.8498
3127.11	96.0139
3129.04	96.0193
3130.97	95.9505
3132.9	96.0014
3134.83	96.1353
3136.75	96.2389
3138.68	96.1919
3140.61	95.936
3142.54	95.6579
3144.47	95.5688
3146.4	95.6031
3148.33	95.666
3150.26	95.8329
3152.19	96.0455
3154.12	96.0355
3156.05	95.7541
3157.98	95.4981
3159.9	95.4608
3161.83	95.5407
3163.76	95.6755
3165.69	95.8901
3167.62	95.9896
3169.55	95.7744
3171.48	95.4532
3173.41	95.2876
3175.34	95.2103
3177.27	95.1626
3179.2	95.2019
3181.12	95.1953
3183.05	95.05
3184.98	94.9817
3186.91	95.0938
3188.84	95.1946
3190.77	95.1835
3192.7	95.1281
3194.63	95.0949
3196.56	95.1178
3198.49	95.1111
3200.42	94.9881
3202.35	94.8881
3204.27	94.8555
3206.2	94.6862
3208.13	94.4575
3210.06	94.4527
3211.99	94.5725
3213.92	94.6643
3215.85	94.881
3217.78	95.0875
3219.71	94.8706
3221.64	94.3814
3223.57	94.1462
3225.49	94.2252
3227.42	94.3352
3229.35	94.3867
3231.28	94.4457
3233.21	94.4757
3235.14	94.3569
3237.07	94.1008
3239	93.8976
3240.93	93.8448
3242.86	93.8372
3244.79	93.7865
3246.72	93.682
3248.64	93.5511
3250.57	93.5367
3252.5	93.7146
3254.43	93.8671
3256.36	93.808
3258.29	93.6539
3260.22	93.5117
3262.15	93.3786
3264.08	93.3798
3266.01	93.5539
3267.94	93.6104
3269.86	93.3921
3271.79	93.155
3273.72	93.0712
3275.65	93.0277
3277.58	93.0144
3279.51	93.0885
3281.44	93.0859
3283.37	92.9173
3285.3	92.797
3287.23	92.8144
3289.16	92.7865
3291.08	92.6564
3293.01	92.5293
3294.94	92.4111
3296.87	92.3239
3298.8	92.3987
3300.73	92.559
3302.66	92.496
3304.59	92.1821
3306.52	91.9785
3308.45	92.0761
3310.38	92.2533
3312.31	92.2848
3314.23	92.1831
3316.16	92.0093
3318.09	91.8385
3320.02	91.8229
3321.95	91.9859
3323.88	92.139
3325.81	92.1493
3327.74	92.0458
3329.67	91.8694
3331.6	91.6622
3333.53	91.4995
3335.45	91.3875
3337.38	91.2935
3339.31	91.2668
3341.24	91.307
3343.17	91.2623
3345.1	91.0973
3347.03	91.015
3348.96	91.1142
3350.89	91.259
3352.82	91.3409
3354.75	91.3619
3356.68	91.364
3358.6	91.3868
3360.53	91.3529
3362.46	91.1789
3364.39	91.0298
3366.32	91.0462
3368.25	91.0424
3370.18	90.9575
3372.11	91.048
3374.04	91.3078
3375.97	91.44
3377.9	91.4134
3379.82	91.3627
3381.75	91.257
3383.68	91.098
3385.61	91.0194
3387.54	91.0393
3389.47	91.0485
3391.4	91.0433
3393.33	91.1471
3395.26	91.3434
3397.19	91.3797
3399.12	91.1798
3401.04	91.0693
3402.97	91.2347
3404.9	91.3948
3406.83	91.3379
3408.76	91.2369
3410.69	91.2146
3412.62	91.2085
3414.55	91.2526
3416.48	91.3589
3418.41	91.3503
3420.34	91.2047
3422.27	91.1864
3424.19	91.3708
3426.12	91.5462
3428.05	91.6304
3429.98	91.671
3431.91	91.6153
3433.84	91.45
3435.77	91.3105
3437.7	91.2681
3439.63	91.2884
3441.56	91.364
3443.49	91.4587
3445.41	91.5048
3447.34	91.5489
3449.27	91.6535
3451.2	91.7235
3453.13	91.6927
3455.06	91.6877
3456.99	91.7951
3458.92	91.8576
3460.85	91.729
3462.78	91.5826
3464.71	91.6711
3466.64	91.8804
3468.56	91.9229
3470.49	91.855
3472.42	91.9549
3474.35	92.1836
3476.28	92.1991
3478.21	91.873
3480.14	91.4533
3482.07	91.2697
3484	91.4352
3485.93	91.7356
3487.86	91.8322
3489.78	91.7083
3491.71	91.7668
3493.64	92.093
3495.57	92.1621
3497.5	91.8417
3499.43	91.7366
3501.36	91.9378
3503.29	91.8565
3505.22	91.5426
3507.15	91.4951
3509.08	91.4948
3511	91.2439
3512.93	91.1614
3514.86	91.4572
3516.79	91.6875
3518.72	91.6675
3520.65	91.7402
3522.58	92.003
3524.51	92.0761
3526.44	91.7626
3528.37	91.3808
3530.3	91.2336
3532.23	91.2777
3534.15	91.4475
3536.08	91.7014
3538.01	91.7917
3539.94	91.6633
3541.87	91.6646
3543.8	91.8601
3545.73	91.9153
3547.66	91.9316
3549.59	92.3162
3551.52	92.8579
3553.45	93.0631
3555.37	93.0338
3557.3	93.1728
3559.23	93.3665
3561.16	93.2896
3563.09	93.1535
3565.02	93.3914
3566.95	93.7849
3568.88	93.733
3570.81	93.61
3572.74	94.0362
3574.67	94.754
3576.6	95.0751
3578.52	94.9879
3580.45	94.9713
3582.38	95.0292
3584.31	94.9561
3586.24	95.0066
3588.17	95.4259
3590.1	95.8034
3592.03	96.0262
3593.96	96.4098
3595.89	96.7005
3597.82	96.4569
3599.74	96.1671
3601.67	96.4528
3603.6	96.9272
3605.53	96.9703
3607.46	96.7719
3609.39	96.818
3611.32	96.8944
3613.25	96.6741
3615.18	96.6329
3617.11	97.1608
3619.04	97.6616
3620.97	97.5845
3622.89	97.5116
3624.82	97.837
3626.75	98.2404
3628.68	98.4974
3630.61	98.6893
3632.54	98.6528
3634.47	98.2765
3636.4	97.8
3638.33	97.4314
3640.26	97.1868
3642.19	97.0946
3644.11	97.1257
3646.04	97.2645
3647.97	97.7005
3649.9	98.1196
3651.83	97.8341
3653.76	97.3986
3655.69	97.3113
3657.62	97.3189
3659.55	97.1835
3661.48	97.1989
3663.41	97.4457
3665.33	97.6232
3667.26	97.6367
3669.19	97.5367
3671.12	97.2968
3673.05	97.2262
3674.98	97.6897
3676.91	98.2422
3678.84	98.1783
3680.77	97.8985
3682.7	97.833
3684.63	97.9529
3686.56	98.2099
3688.48	98.6477
3690.41	98.9349
3692.34	98.8473
3694.27	98.7926
3696.2	98.8838
3698.13	98.8424
3700.06	98.565
3701.99	98.275
3703.92	98.1925
3705.85	98.3371
3707.78	98.6285
3709.7	98.8346
3711.63	98.5986
3713.56	98.1729
3715.49	98.1433
3717.42	98.4505
3719.35	98.6674
3721.28	98.6681
3723.21	98.7916
3725.14	98.9379
3727.07	98.6657
3729	98.3669
3730.93	98.6208
3732.85	99.1502
3734.78	99.3612
3736.71	99.3223
3738.64	99.1299
3740.57	98.6338
3742.5	98.0585
3744.43	97.8075
3746.36	97.8357
3748.29	97.8549
3750.22	97.9658
3752.15	98.0528
3754.07	97.8785
3756	97.721
3757.93	97.8032
3759.86	97.9553
3761.79	97.8916
3763.72	97.696
3765.65	97.5734
3767.58	97.5187
3769.51	97.4145
3771.44	97.3272
3773.37	97.368
3775.29	97.4552
3777.22	97.4948
3779.15	97.4921
3781.08	97.4358
3783.01	97.322
3784.94	97.2845
3786.87	97.3928
3788.8	97.446
3790.73	97.3413
3792.66	97.3041
3794.59	97.424
3796.52	97.4231
3798.44	97.2485
3800.37	97.2692
3802.3	97.5302
3804.23	97.6661
3806.16	97.7067
3808.09	97.7756
3810.02	97.7038
3811.95	97.4704
3813.88	97.2356
3815.81	97.1532
3817.74	97.3174
3819.66	97.6016
3821.59	97.7447
3823.52	97.6802
3825.45	97.5723
3827.38	97.4732
3829.31	97.4717
3831.24	97.6696
3833.17	97.8523
3835.1	97.7983
3837.03	97.7016
3838.96	97.7226
3840.89	97.6731
3842.81	97.5719
3844.74	97.5526
3846.67	97.5358
3848.6	97.4727
3850.53	97.4405
3852.46	97.5133
3854.39	97.7254
3856.32	97.8872
3858.25	97.8399
3860.18	97.6962
3862.11	97.6309
3864.03	97.6011
3865.96	97.4377
3867.89	97.2537
3869.82	97.2404
3871.75	97.3523
3873.68	97.4326
3875.61	97.4405
3877.54	97.4386
3879.47	97.5028
3881.4	97.571
3883.33	97.5041
3885.25	97.4055
3887.18	97.462
3889.11	97.5696
3891.04	97.5687
3892.97	97.5244
3894.9	97.5551
3896.83	97.6213
3898.76	97.61
3900.69	97.469
3902.62	97.3745
3904.55	97.4883
3906.48	97.5877
3908.4	97.4766
3910.33	97.3327
3912.26	97.3444
3914.19	97.4072
3916.12	97.3499
3918.05	97.2278
3919.98	97.1701
3921.91	97.1698
3923.84	97.2004
3925.77	97.2623
3927.7	97.3145
3929.62	97.3077
3931.55	97.2295
3933.48	97.1329
3935.41	97.1051
3937.34	97.1683
3939.27	97.2929
3941.2	97.4337
3943.13	97.5286
3945.06	97.5693
3946.99	97.6045
3948.92	97.5922
3950.85	97.4467
3952.77	97.2285
3954.7	97.0558
3956.63	96.9815
3958.56	97.0359
3960.49	97.1648
3962.42	97.2353
3964.35	97.2473
3966.28	97.2972
3968.21	97.3366
3970.14	97.2683
3972.07	97.1358
3973.99	97.0123
3975.92	96.9183
3977.85	96.8876
3979.78	96.933
3981.71	97.0191
3983.64	97.1022
3985.57	97.1439
3987.5	97.1597
3989.43	97.1962
3991.36	97.2052
3993.29	97.1216
3995.22	97.0241
3997.14	97.0152
