499.643	81.8047
501.572	80.3684
503.501	78.8906
505.43	78.2798
507.36	78.6642
509.289	79.7891
511.218	81.1035
513.147	81.8716
515.076	82.1063
517.005	82.3801
518.934	82.5711
520.863	82.2168
522.792	81.8105
524.722	82.1343
526.651	82.8394
528.58	82.8392
530.509	82.1385
532.438	81.6467
534.367	81.7857
536.296	82.257
538.225	82.6523
540.155	82.7404
542.084	82.6021
544.013	82.5358
545.942	82.4817
547.871	82.0948
549.8	81.5526
551.729	81.366
553.658	81.5026
555.588	81.5978
557.517	81.666
559.446	81.8211
561.375	81.8679
563.304	81.7756
565.233	81.7686
567.162	81.7542
569.091	81.5815
571.021	81.5389
572.95	81.766
574.879	81.9443
576.808	81.9049
578.737	81.7493
580.666	81.5701
582.595	81.5168
584.524	81.5985
586.454	81.5756
588.383	81.4909
590.312	81.6083
592.241	81.7302
594.17	81.4822
596.099	81.0791
598.028	80.947
599.957	81.0541
601.887	81.0809
603.816	80.9554
605.745	80.8878
607.674	80.9466
609.603	80.9036
611.532	80.6733
613.461	80.5963
615.39	80.9261
617.32	81.3387
619.249	81.4045
621.178	81.2812
623.107	81.2744
625.036	81.2732
626.965	81.1588
628.894	81.1725
630.823	81.4872
632.753	81.9605
634.682	82.4167
636.611	82.7795
638.54	83.0421
640.469	83.3293
642.398	83.7479
644.327	84.2443
646.256	84.7586
648.186	85.1964
650.115	85.4104
652.044	85.5502
653.973	85.7834
655.902	85.8116
657.831	85.4958
659.76	85.1133
661.689	84.7236
663.619	84.477
665.548	85.1146
667.477	87.2067
669.406	88.3699
671.335	87.2212
673.264	86.32
675.193	86.333
677.122	86.663
679.052	86.9953
680.981	87.4597
682.91	87.8068
684.839	87.8473
686.768	87.8135
688.697	87.7923
690.626	87.7434
692.555	87.7335
694.485	87.7212
696.414	87.6124
698.343	87.4823
700.272	87.3939
702.201	87.2929
704.13	87.177
706.059	87.0878
707.988	87.0296
709.917	87.0116
711.847	87.0015
713.776	86.93
715.705	86.8871
717.634	87.023
719.563	87.188
721.492	87.062
723.421	86.6678
725.35	86.2502
727.28	85.8463
729.209	85.3817
731.138	84.8729
733.067	84.3255
734.996	83.724
736.925	83.1894
738.854	82.8944
740.783	82.8358
742.713	82.8716
744.642	82.9224
746.571	82.975
748.5	82.9891
750.429	82.9811
752.358	83.0614
754.287	83.245
756.216	83.4367
758.146	83.6521
760.075	83.9564
762.004	84.2593
763.933	84.4684
765.862	84.6491
767.791	84.8386
769.72	84.9718
771.649	85.0367
773.579	85.0792
775.508	85.1266
777.437	85.1983
779.366	85.2727
781.295	85.2737
783.224	85.1591
785.153	84.9385
787.082	84.6233
789.012	84.231
790.941	83.7694
792.87	83.1731
794.799	82.2964
796.728	80.9381
798.657	78.7721
800.586	75.315
802.515	70.3877
804.445	64.9216
806.374	60.8772
808.303	59.8545
810.232	61.9706
812.161	66.2315
814.09	71.4191
816.019	76.349
817.948	80.0638
819.878	82.3104
821.807	83.4605
823.736	83.9315
825.665	84.0054
827.594	83.9335
829.523	83.8334
831.452	83.6341
833.381	83.2629
835.311	82.7452
837.24	82.1144
839.169	81.3604
841.098	80.502
843.027	79.68
844.956	79.1304
846.885	79.0264
848.814	79.3685
850.744	80.0113
852.673	80.7421
854.602	81.3629
856.531	81.7787
858.46	82.0273
860.389	82.2033
862.318	82.3476
864.247	82.4307
866.177	82.4397
868.106	82.4168
870.035	82.3986
871.964	82.3817
873.893	82.3406
875.822	82.2554
877.751	82.1629
879.68	82.1239
881.609	82.0916
883.539	81.9588
885.468	81.7466
887.397	81.5516
889.326	81.3562
891.255	81.0884
893.184	80.7687
895.113	80.4642
897.042	80.2087
898.972	80.0289
900.901	79.9546
902.83	79.9822
904.759	80.0649
906.688	80.1337
908.617	80.1303
910.546	80.0328
912.475	79.8563
914.405	79.6371
916.334	79.4055
918.263	79.1564
920.192	78.8623
922.121	78.52
924.05	78.1741
925.979	77.8776
927.908	77.6227
929.838	77.3391
931.767	76.9844
933.696	76.5756
935.625	76.1098
937.554	75.5549
939.483	74.9274
941.412	74.2576
943.341	73.4899
945.271	72.525
947.2	71.3606
949.129	70.147
951.058	69.0782
952.987	68.1761
954.916	67.2143
956.845	65.9316
958.774	64.2698
960.704	62.3867
962.633	60.5586
964.562	59.0471
966.491	57.9296
968.42	57.0975
970.349	56.4273
972.278	55.818
974.207	55.1191
976.137	54.2154
978.066	53.1664
979.995	52.1926
981.924	51.5702
983.853	51.5051
985.782	52.0073
987.711	52.9123
989.64	54.0598
991.57	55.3751
993.499	56.7428
995.428	57.9397
997.357	58.7892
999.286	59.2841
1001.22	59.4855
1003.14	59.4263
1005.07	59.1894
1007	58.9492
1008.93	58.8508
1010.86	58.92
1012.79	59.0915
1014.72	59.2323
1016.65	59.1695
1018.58	58.8059
1020.51	58.1753
1022.44	57.3324
1024.36	56.3468
1026.29	55.4722
1028.22	55.0495
1030.15	55.0841
1032.08	55.1604
1034.01	54.8932
1035.94	54.246
1037.87	53.3787
1039.8	52.4276
1041.73	51.4709
1043.66	50.5461
1045.58	49.6566
1047.51	48.7817
1049.44	47.857
1051.37	46.8086
1053.3	45.6934
1055.23	44.7615
1057.16	44.316
1059.09	44.5135
1061.02	45.2947
1062.95	46.4767
1064.88	47.9084
1066.81	49.5594
1068.73	51.4921
1070.66	53.7723
1072.59	56.3876
1074.52	59.2113
1076.45	62.0368
1078.38	64.6699
1080.31	66.9914
1082.24	68.9301
1084.17	70.4151
1086.1	71.3976
1088.03	71.8858
1089.95	71.9142
1091.88	71.516
1093.81	70.7504
1095.74	69.72
1097.67	68.551
1099.6	67.3602
1101.53	66.2151
1103.46	65.1272
1105.39	64.1055
1107.32	63.2006
1109.25	62.4747
1111.18	61.9623
1113.1	61.6824
1115.03	61.6489
1116.96	61.8256
1118.89	62.102
1120.82	62.3632
1122.75	62.5381
1124.68	62.5329
1126.61	62.1855
1128.54	61.3469
1130.47	59.944
1132.4	57.9495
1134.32	55.3917
1136.25	52.4182
1138.18	49.2785
1140.11	46.2323
1142.04	43.4929
1143.97	41.1995
1145.9	39.3939
1147.83	38.0513
1149.76	37.1263
1151.69	36.5462
1153.62	36.2172
1155.55	36.0748
1157.47	36.0907
1159.4	36.249
1161.33	36.546
1163.26	36.9717
1165.19	37.4814
1167.12	38.0279
1169.05	38.6025
1170.98	39.2153
1172.91	39.8539
1174.84	40.4944
1176.77	41.1558
1178.69	41.8921
1180.62	42.7154
1182.55	43.5954
1184.48	44.5325
1186.41	45.5531
1188.34	46.6598
1190.27	47.85
1192.2	49.1389
1194.13	50.5371
1196.06	52.0385
1197.99	53.6298
1199.91	55.2947
1201.84	56.9967
1203.77	58.6519
1205.7	60.1874
1207.63	61.6191
1209.56	63.006
1211.49	64.4716
1213.42	66.2421
1215.35	68.2084
1217.28	69.6012
1219.21	69.9407
1221.14	69.9399
1223.06	70.4444
1224.99	71.3267
1226.92	72.0108
1228.85	72.2584
1230.78	72.0306
1232.71	71.3041
1234.64	70.2206
1236.57	68.9577
1238.5	67.5973
1240.43	66.2488
1242.36	65.0084
1244.28	63.8447
1246.21	62.7184
1248.14	61.6826
1250.07	60.7991
1252	60.0972
1253.93	59.5953
1255.86	59.2862
1257.79	59.1495
1259.72	59.1809
1261.65	59.3698
1263.58	59.7015
1265.51	60.1921
1267.43	60.8704
1269.36	61.7318
1271.29	62.74
1273.22	63.8498
1275.15	65.0019
1277.08	66.1252
1279.01	67.1865
1280.94	68.1996
1282.87	69.1533
1284.8	69.9825
1286.73	70.5987
1288.65	70.8928
1290.58	70.8279
1292.51	70.6054
1294.44	70.6159
1296.37	71.1822
1298.3	72.3869
1300.23	74.0978
1302.16	76.0605
1304.09	78.0015
1306.02	79.7332
1307.95	81.1802
1309.87	82.3305
1311.8	83.1991
1313.73	83.8283
1315.66	84.2827
1317.59	84.6195
1319.52	84.8653
1321.45	85.0154
1323.38	85.0754
1325.31	85.1179
1327.24	85.2289
1329.17	85.4085
1331.1	85.6321
1333.02	85.924
1334.95	86.2893
1336.88	86.7128
1338.81	87.2025
1340.74	87.7325
1342.67	88.2702
1344.6	88.833
1346.53	89.4091
1348.46	89.9471
1350.39	90.401
1352.32	90.7022
1354.24	90.7954
1356.17	90.7439
1358.1	90.7036
1360.03	90.8302
1361.96	91.2124
1363.89	91.6416
1365.82	91.7215
1367.75	91.3665
1369.68	90.8446
1371.61	90.4045
1373.54	89.8648
1375.47	88.9819
1377.39	88.0337
1379.32	87.2313
1381.25	86.4315
1383.18	85.6338
1385.11	84.821
1387.04	83.7313
1388.97	82.4619
1390.9	81.3538
1392.83	80.2978
1394.76	79.1575
1396.69	77.849
1398.61	76.0309
1400.54	73.7064
1402.47	71.1886
1404.4	68.6775
1406.33	67.0069
1408.26	67.0828
1410.19	68.8573
1412.12	71.8991
1414.05	75.2265
1415.98	78.2887
1417.91	81.4845
1419.83	84.3885
1421.76	86.1938
1423.69	87.3714
1425.62	88.2632
1427.55	88.7793
1429.48	88.929
1431.41	88.8407
1433.34	88.6885
1435.27	88.4995
1437.2	88.1333
1439.13	87.6025
1441.06	86.9602
1442.98	86.1543
1444.91	85.3062
1446.84	84.5457
1448.77	83.8026
1450.7	83.1843
1452.63	82.8895
1454.56	82.8824
1456.49	82.9432
1458.42	82.5913
1460.35	82.0038
1462.28	81.5699
1464.2	81.2479
1466.13	81.0373
1468.06	81.1465
1469.99	81.7217
1471.92	82.7693
1473.85	83.8985
1475.78	84.8605
1477.71	85.9819
1479.64	87.322
1481.57	88.7378
1483.5	90.1034
1485.43	91.3366
1487.35	92.4817
1489.28	93.4713
1491.21	94.0061
1493.14	94.2813
1495.07	94.6401
1497	95.0365
1498.93	95.2307
1500.86	95.285
1502.79	95.3954
1504.72	95.6937
1506.65	96.1547
1508.57	96.1585
1510.5	95.8062
1512.43	95.6624
1514.36	95.8242
1516.29	96.1166
1518.22	96.3662
1520.15	96.586
1522.08	96.7356
1524.01	96.7683
1525.94	96.7245
1527.87	96.6101
1529.8	96.4977
1531.72	96.489
1533.65	96.5567
1535.58	96.6053
1537.51	96.7154
1539.44	96.9791
1541.37	97.1194
1543.3	96.9482
1545.23	96.7802
1547.16	96.6867
1549.09	96.6403
1551.02	96.6423
1552.94	96.6921
1554.87	96.8141
1556.8	97.0347
1558.73	97.1359
1560.66	96.8558
1562.59	96.5817
1564.52	96.4633
1566.45	96.4653
1568.38	96.4692
1570.31	96.3219
1572.24	96.1769
1574.16	96.2243
1576.09	96.3325
1578.02	96.2377
1579.95	96.0624
1581.88	95.9511
1583.81	95.8547
1585.74	95.743
1587.67	95.6445
1589.6	95.571
1591.53	95.5143
1593.46	95.4511
1595.39	95.3536
1597.31	95.2081
1599.24	95.0382
1601.17	94.8672
1603.1	94.6299
1605.03	94.2779
1606.96	93.8592
1608.89	93.2523
1610.82	92.3416
1612.75	91.4145
1614.68	90.6387
1616.61	89.9258
1618.53	89.5005
1620.46	89.5847
1622.39	89.9803
1624.32	90.271
1626.25	90.2239
1628.18	89.8136
1630.11	88.9974
1632.04	88.1135
1633.97	87.686
1635.9	88.1233
1637.83	89.2107
1639.76	90.4666
1641.68	91.7252
1643.61	92.7775
1645.54	93.5849
1647.47	94.1056
1649.4	94.2538
1651.33	94.3168
1653.26	94.4159
1655.19	94.2365
1657.12	93.9699
1659.05	93.8315
1660.98	93.7582
1662.9	93.6078
1664.83	93.3839
1666.76	93.2575
1668.69	93.222
1670.62	92.995
1672.55	92.6022
1674.48	92.195
1676.41	91.5574
1678.34	90.8353
1680.27	90.3332
1682.2	89.7692
1684.12	88.7618
1686.05	87.6382
1687.98	86.4794
1689.91	85.1368
1691.84	83.7277
1693.77	82.0945
1695.7	80.0845
1697.63	77.8109
1699.56	74.7921
1701.49	71.1329
1703.42	67.9016
1705.35	64.6911
1707.27	60.9616
1709.2	57.5575
1711.13	54.9084
1713.06	52.6495
1714.99	50.8548
1716.92	49.259
1718.85	47.3267
1720.78	46.0402
1722.71	45.781
1724.64	46.1088
1726.57	47.0819
1728.49	48.7449
1730.42	50.7887
1732.35	53.5724
1734.28	57.33
1736.21	60.6916
1738.14	63.5211
1740.07	66.7123
1742	70.1768
1743.93	73.454
1745.86	76.7624
1747.79	80.2893
1749.72	83.8424
1751.64	87.056
1753.57	89.7303
1755.5	92.084
1757.43	94.3244
1759.36	96.1344
1761.29	97.2181
1763.22	97.8201
1765.15	98.1293
1767.08	98.2015
1769.01	98.3042
1770.94	98.5129
1772.86	98.4875
1774.79	98.2137
1776.72	97.9801
1778.65	97.8522
1780.58	97.796
1782.51	97.7421
1784.44	97.6817
1786.37	97.6879
1788.3	97.7367
1790.23	97.8047
1792.16	97.8904
1794.08	97.8087
1796.01	97.5763
1797.94	97.4385
1799.87	97.3946
1801.8	97.3224
1803.73	97.2962
1805.66	97.3365
1807.59	97.3503
1809.52	97.3466
1811.45	97.322
1813.38	97.269
1815.31	97.3123
1817.23	97.4358
1819.16	97.4535
1821.09	97.4211
1823.02	97.5062
1824.95	97.6279
1826.88	97.6545
1828.81	97.6196
1830.74	97.5588
1832.67	97.5178
1834.6	97.5839
1836.53	97.7437
1838.45	97.8693
1840.38	97.9133
1842.31	97.9494
1844.24	97.9618
1846.17	97.9038
1848.1	97.9035
1850.03	98.0164
1851.96	98.1171
1853.89	98.1238
1855.82	98.0701
1857.75	98.003
1859.68	97.9968
1861.6	98.072
1863.53	98.1448
1865.46	98.2116
1867.39	98.3085
1869.32	98.3507
1871.25	98.3531
1873.18	98.4205
1875.11	98.4423
1877.04	98.3113
1878.97	98.1791
1880.9	98.1729
1882.82	98.2257
1884.75	98.309
1886.68	98.4472
1888.61	98.5316
1890.54	98.4446
1892.47	98.3447
1894.4	98.4477
1896.33	98.6675
1898.26	98.7792
1900.19	98.7786
1902.12	98.7731
1904.05	98.7762
1905.97	98.8075
1907.9	98.9022
1909.83	98.9878
1911.76	98.9901
1913.69	99.0032
1915.62	99.1414
1917.55	99.3157
1919.48	99.3412
1921.41	99.3055
1923.34	99.4026
1925.27	99.5058
1927.19	99.3927
1929.12	99.1783
1931.05	99.12
1932.98	99.2641
1934.91	99.4458
1936.84	99.5228
1938.77	99.5403
1940.7	99.6363
1942.63	99.8402
1944.56	100.049
1946.49	100.11
1948.41	99.9736
1950.34	99.8545
1952.27	99.9506
1954.2	100.05
1956.13	99.9963
1958.06	100.054
1959.99	100.277
1961.92	100.37
1963.85	100.354
1965.78	100.469
1967.71	100.612
1969.64	100.563
1971.56	100.431
1973.49	100.441
1975.42	100.536
1977.35	100.488
1979.28	100.348
1981.21	100.303
1983.14	100.212
1985.07	99.9701
1987	99.9005
1988.93	100.157
1990.86	100.393
1992.78	100.455
1994.71	100.56
1996.64	100.66
1998.57	100.568
2000.5	100.453
2002.43	100.544
2004.36	100.681
2006.29	100.649
2008.22	100.523
2010.15	100.399
2012.08	100.267
2014.01	100.196
2015.93	100.252
2017.86	100.353
2019.79	100.448
2021.72	100.557
2023.65	100.581
2025.58	100.457
2027.51	100.351
2029.44	100.388
2031.37	100.446
2033.3	100.42
2035.23	100.399
2037.15	100.432
2039.08	100.402
2041.01	100.217
2042.94	99.972
2044.87	99.884
2046.8	100.058
2048.73	100.278
2050.66	100.239
2052.59	100.009
2054.52	99.8759
2056.45	99.8474
2058.37	99.7533
2060.3	99.6636
2062.23	99.7164
2064.16	99.7835
2066.09	99.7394
2068.02	99.7185
2069.95	99.7354
2071.88	99.579
2073.81	99.3432
2075.74	99.3738
2077.67	99.5902
2079.6	99.6263
2081.52	99.5031
2083.45	99.429
2085.38	99.3711
2087.31	99.3194
2089.24	99.3721
2091.17	99.4308
2093.1	99.3838
2095.03	99.3879
2096.96	99.5636
2098.89	99.7392
2100.82	99.7022
2102.74	99.5094
2104.67	99.4429
2106.6	99.5993
2108.53	99.6944
2110.46	99.5542
2112.39	99.4338
2114.32	99.5277
2116.25	99.6835
2118.18	99.7696
2120.11	99.8092
2122.04	99.7993
2123.97	99.7764
2125.89	99.8456
2127.82	99.9724
2129.75	100.032
2131.68	100.031
2133.61	100.025
2135.54	100.034
2137.47	100.118
2139.4	100.239
2141.33	100.22
2143.26	100.15
2145.19	100.353
2147.11	100.745
2149.04	100.897
2150.97	100.73
2152.9	100.555
2154.83	100.579
2156.76	100.737
2158.69	100.803
2160.62	100.653
2162.55	100.451
2164.48	100.345
2166.41	100.237
2168.33	100.075
2170.26	100.002
2172.19	100.12
2174.12	100.352
2176.05	100.557
2177.98	100.676
2179.91	100.712
2181.84	100.618
2183.77	100.439
2185.7	100.373
2187.63	100.414
2189.56	100.324
2191.48	100.131
2193.41	100.094
2195.34	100.195
2197.27	100.225
2199.2	100.179
2201.13	100.147
2203.06	100.112
2204.99	100.036
2206.92	99.9164
2208.85	99.756
2210.78	99.621
2212.7	99.6438
2214.63	99.8404
2216.56	100.013
2218.49	100.009
2220.42	99.9322
2222.35	99.8924
2224.28	99.8228
2226.21	99.7818
2228.14	99.9431
2230.07	100.138
2232	100.029
2233.93	99.7349
2235.85	99.6274
2237.78	99.6839
2239.71	99.6603
2241.64	99.5956
2243.57	99.6596
2245.5	99.8198
2247.43	99.9505
2249.36	100.006
2251.29	99.9732
2253.22	99.855
2255.15	99.7439
2257.07	99.7792
2259	99.9988
2260.93	100.233
2262.86	100.218
2264.79	99.945
2266.72	99.7726
2268.65	99.9363
2270.58	100.159
2272.51	100.113
2274.44	99.9706
2276.37	100.019
2278.29	100.109
2280.22	99.9844
2282.15	99.8154
2284.08	99.8907
2286.01	100.116
2287.94	100.283
2289.87	100.523
2291.8	100.983
2293.73	101.397
2295.66	101.574
2297.59	101.842
2299.52	102.411
2301.44	102.96
2303.37	103.399
2305.3	104.13
2307.23	105.229
2309.16	106.258
2311.09	106.994
2313.02	107.595
2314.95	108.284
2316.88	109.305
2318.81	110.745
2320.74	112.279
2322.66	113.569
2324.59	114.702
2326.52	115.795
2328.45	116.771
2330.38	117.604
2332.31	118.281
2334.24	118.831
2336.17	119.378
2338.1	119.846
2340.03	120.23
2341.96	120.58
2343.89	119.691
2345.81	116.914
2347.74	114.739
2349.67	114.893
2351.6	117.299
2353.53	121.077
2355.46	124.652
2357.39	127.106
2359.32	128.297
2361.25	128.368
2363.18	127.672
2365.11	125.656
2367.03	122.492
2368.96	119.474
2370.89	116.694
2372.82	113.534
2374.75	110.227
2376.68	107.326
2378.61	104.95
2380.54	102.976
2382.47	101.363
2384.4	100.113
2386.33	99.1721
2388.26	98.53
2390.18	98.2442
2392.11	98.2395
2394.04	98.2666
2395.97	98.1751
2397.9	98.0416
2399.83	97.9788
2401.76	98.0044
2403.69	98.0932
2405.62	98.2082
2407.55	98.2772
2409.48	98.2379
2411.4	98.1148
2413.33	97.9933
2415.26	97.9223
2417.19	97.8883
2419.12	97.8814
2421.05	97.9497
2422.98	98.1206
2424.91	98.2738
2426.84	98.2501
2428.77	98.1018
2430.7	98.0148
2432.62	98.0319
2434.55	98.0861
2436.48	98.1614
2438.41	98.248
2440.34	98.309
2442.27	98.3184
2444.2	98.2433
2446.13	98.1151
2448.06	98.0531
2449.99	98.058
2451.92	98.0233
2453.85	97.9894
2455.77	98.0302
2457.7	98.0398
2459.63	97.966
2461.56	97.9436
2463.49	98.0113
2465.42	98.0668
2467.35	98.098
2469.28	98.1491
2471.21	98.178
2473.14	98.1165
2475.07	97.9662
2476.99	97.8275
2478.92	97.8292
2480.85	97.9454
2482.78	98.0225
2484.71	98.0351
2486.64	98.0755
2488.57	98.1304
2490.5	98.1078
2492.43	98.0092
2494.36	97.9592
2496.29	98.0932
2498.22	98.3577
2500.14	98.5032
2502.07	98.4413
2504	98.3746
2505.93	98.4056
2507.86	98.3751
2509.79	98.2247
2511.72	98.1502
2513.65	98.2554
2515.58	98.3609
2517.51	98.3227
2519.44	98.2663
2521.36	98.3025
2523.29	98.3175
2525.22	98.2295
2527.15	98.1285
2529.08	98.1096
2531.01	98.2132
2532.94	98.3727
2534.87	98.3737
2536.8	98.1751
2538.73	98.0442
2540.66	98.0829
2542.58	98.0997
2544.51	98.0539
2546.44	98.0531
2548.37	98.0379
2550.3	97.9593
2552.23	97.9654
2554.16	98.0982
2556.09	98.1471
2558.02	97.9818
2559.95	97.7733
2561.88	97.7519
2563.81	97.9059
2565.73	98.0529
2567.66	98.0955
2569.59	98.0597
2571.52	98.0037
2573.45	97.9878
2575.38	98.0005
2577.31	97.9533
2579.24	97.8628
2581.17	97.8583
2583.1	97.933
2585.03	97.9275
2586.95	97.7862
2588.88	97.6214
2590.81	97.5523
2592.74	97.5954
2594.67	97.6581
2596.6	97.6312
2598.53	97.5437
2600.46	97.5284
2602.39	97.5881
2604.32	97.5846
2606.25	97.4946
2608.18	97.4377
2610.1	97.4472
2612.03	97.4539
2613.96	97.4414
2615.89	97.4165
2617.82	97.3438
2619.75	97.2359
2621.68	97.1611
2623.61	97.1321
2625.54	97.1252
2627.47	97.1488
2629.4	97.1858
2631.32	97.181
2633.25	97.1349
2635.18	97.092
2637.11	97.0512
2639.04	96.9843
2640.97	96.884
2642.9	96.7527
2644.83	96.6264
2646.76	96.5866
2648.69	96.6423
2650.62	96.6912
2652.54	96.6873
2654.47	96.6901
2656.4	96.6955
2658.33	96.6345
2660.26	96.5413
2662.19	96.5108
2664.12	96.5464
2666.05	96.599
2667.98	96.6385
2669.91	96.6361
2671.84	96.5948
2673.77	96.5507
2675.69	96.5081
2677.62	96.4918
2679.55	96.5626
2681.48	96.6581
2683.41	96.6365
2685.34	96.5332
2687.27	96.496
2689.2	96.5112
2691.13	96.4596
2693.06	96.3558
2694.99	96.3273
2696.91	96.4065
2698.84	96.4797
2700.77	96.4685
2702.7	96.4313
2704.63	96.4151
2706.56	96.3813
2708.49	96.3281
2710.42	96.2851
2712.35	96.231
2714.28	96.1841
2716.21	96.208
2718.14	96.2563
2720.06	96.236
2721.99	96.1678
2723.92	96.0974
2725.85	96.0274
2727.78	96.0086
2729.71	96.0585
2731.64	96.0594
2733.57	95.9653
2735.5	95.9131
2737.43	95.9593
2739.36	95.9786
2741.28	95.9171
2743.21	95.8755
2745.14	95.9141
2747.07	95.9702
2749	95.9465
2750.93	95.8161
2752.86	95.6872
2754.79	95.6981
2756.72	95.8257
2758.65	95.9396
2760.58	95.9896
2762.51	95.9807
2764.43	95.907
2766.36	95.821
2768.29	95.7928
2770.22	95.7975
2772.15	95.7722
2774.08	95.7096
2776.01	95.6474
2777.94	95.6366
2779.87	95.6531
2781.8	95.5848
2783.73	95.4402
2785.65	95.3801
2787.58	95.4335
2789.51	95.4855
2791.44	95.5208
2793.37	95.5421
2795.3	95.4571
2797.23	95.3159
2799.16	95.3215
2801.09	95.4796
2803.02	95.5895
2804.95	95.5509
2806.87	95.4298
2808.8	95.3227
2810.73	95.2595
2812.66	95.1876
2814.59	95.0861
2816.52	95.0173
2818.45	94.9745
2820.38	94.8697
2822.31	94.7118
2824.24	94.5592
2826.17	94.3786
2828.1	94.155
2830.02	93.9711
2831.95	93.8414
2833.88	93.6582
2835.81	93.3846
2837.74	93.1486
2839.67	93.0517
2841.6	92.9775
2843.53	92.7368
2845.46	92.3602
2847.39	92.0288
2849.32	91.7572
2851.24	91.4075
2853.17	90.954
2855.1	90.4791
2857.03	89.9836
2858.96	89.3882
2860.89	88.6793
2862.82	87.9735
2864.75	87.4198
2866.68	87.0416
2868.61	86.7433
2870.54	86.477
2872.47	86.2968
2874.39	86.2642
2876.32	86.4118
2878.25	86.7349
2880.18	87.1467
2882.11	87.5245
2884.04	87.8281
2885.97	88.1031
2887.9	88.3499
2889.83	88.4446
2891.76	88.3092
2893.69	88.1042
2895.61	87.9947
2897.54	87.8795
2899.47	87.6914
2901.4	87.6155
2903.33	87.6913
2905.26	87.737
2907.19	87.7367
2909.12	87.7192
2911.05	87.549
2912.98	87.2792
2914.91	87.129
2916.83	87.0229
2918.76	86.7798
2920.69	86.4439
2922.62	85.9896
2924.55	85.331
2926.48	84.6941
2928.41	84.3269
2930.34	84.1276
2932.27	83.9781
2934.2	83.9947
2936.13	84.2567
2938.06	84.6625
2939.98	85.0625
2941.91	85.3492
2943.84	85.5126
2945.77	85.6192
2947.7	85.6413
2949.63	85.4209
2951.56	84.8929
2953.49	84.189
2955.42	83.4952
2957.35	83.0029
2959.28	82.9368
2961.2	83.3841
2963.13	84.2122
2965.06	85.3232
2966.99	86.7257
2968.92	88.2133
2970.85	89.3661
2972.78	90.0446
2974.71	90.5096
2976.64	91.0349
2978.57	91.7258
2980.5	92.5171
2982.43	93.1516
2984.35	93.4781
2986.28	93.7697
2988.21	94.2828
2990.14	94.7511
2992.07	94.9092
2994	95.0383
2995.93	95.4139
2997.86	95.8524
2999.79	96.1967
3001.72	96.5273
3003.65	96.7644
3005.57	96.778
3007.5	96.7809
3009.43	97.0276
3011.36	97.3836
3013.29	97.5627
3015.22	97.5166
3017.15	97.3899
3019.08	97.2825
3021.01	97.209
3022.94	97.2522
3024.87	97.5285
3026.79	97.8681
3028.72	97.8848
3030.65	97.5613
3032.58	97.2856
3034.51	97.2104
3036.44	97.1414
3038.37	97.0089
3040.3	96.9152
3042.23	96.8769
3044.16	96.8716
3046.09	96.9075
3048.02	96.9262
3049.94	96.8366
3051.87	96.6458
3053.8	96.4982
3055.73	96.5768
3057.66	96.8619
3059.59	97.0853
3061.52	97.0661
3063.45	96.869
3065.38	96.6092
3067.31	96.4023
3069.24	96.3786
3071.16	96.5049
3073.09	96.5828
3075.02	96.535
3076.95	96.5008
3078.88	96.6089
3080.81	96.7893
3082.74	96.8528
3084.67	96.7601
3086.6	96.6788
3088.53	96.6622
3090.46	96.5322
3092.39	96.2752
3094.31	96.1609
3096.24	96.2383
3098.17	96.2141
3100.1	96.0335
3102.03	95.9817
3103.96	96.1353
3105.89	96.2872
3107.82	96.3349
3109.75	96.3057
3111.68	96.24
3113.61	96.2535
3115.53	96.3846
3117.46	96.404
3119.39	96.1262
3121.32	95.7649
3123.25	95.6619
3125.18	95.8114
3127.11	95.9645
3129.04	96.0584
3130.97	96.1393
3132.9	96.0729
3134.83	95.8547
3136.75	95.847
3138.68	96.143
3140.61	96.2891
3142.54	96.069
3144.47	95.7941
3146.4	95.6227
3148.33	95.4953
3150.26	95.5802
3152.19	95.8983
3154.12	95.9987
3156.05	95.6993
3157.98	95.4247
3159.9	95.4099
3161.83	95.4506
3163.76	95.5232
3165.69	95.761
3167.62	95.9445
3169.55	95.7685
3171.48	95.3864
3173.41	95.1532
3175.34	95.1325
3177.27	95.1957
3179.2	95.2992
3181.12	95.4094
3183.05	95.3991
3184.98	95.2354
3186.91	95.0835
3188.84	95.0704
3190.77	95.1037
3192.7	95.0541
3194.63	94.9789
3196.56	95.0057
3198.49	95.0686
3200.42	95.0034
3202.35	94.8488
3204.27	94.7344
3206.2	94.6306
3208.13	94.5424
3210.06	94.5977
3211.99	94.719
3213.92	94.7347
3215.85	94.7616
3217.78	94.8689
3219.71	94.7882
3221.64	94.4938
3223.57	94.3576
3225.49	94.439
3227.42	94.4456
3229.35	94.3435
3231.28	94.2815
3233.21	94.2288
3235.14	94.1729
3237.07	94.1963
3239	94.209
3240.93	94.0979
3242.86	93.9655
3244.79	93.8548
3246.72	93.6681
3248.64	93.4837
3250.57	93.4201
3252.5	93.373
3254.43	93.3242
3256.36	93.4396
3258.29	93.6246
3260.22	93.6201
3262.15	93.5143
3264.08	93.5473
3266.01	93.6297
3267.94	93.505
3269.86	93.1813
3271.79	92.9243
3273.72	92.8952
3275.65	92.9875
3277.58	93.0799
3279.51	93.1866
3281.44	93.2292
3283.37	93.0749
3285.3	92.8418
3287.23	92.709
3289.16	92.5784
3291.08	92.3328
3293.01	92.1272
3294.94	92.1352
3296.87	92.3163
3298.8	92.5276
3300.73	92.6209
3302.66	92.4938
3304.59	92.215
3306.52	91.9948
3308.45	91.9609
3310.38	92.052
3312.31	92.0948
3314.23	91.9406
3316.16	91.6461
3318.09	91.4912
3320.02	91.6232
3321.95	91.8265
3323.88	91.8834
3325.81	91.891
3327.74	91.9633
3329.67	91.9741
3331.6	91.8199
3333.53	91.6032
3335.45	91.4485
3337.38	91.389
3339.31	91.4059
3341.24	91.412
3343.17	91.3015
3345.1	91.1121
3347.03	91
3348.96	91.0305
3350.89	91.1294
3352.82	91.1933
3354.75	91.1771
3356.68	91.1594
3358.6	91.2515
3360.53	91.3639
3362.46	91.3103
3364.39	91.1646
3366.32	91.1528
3368.25	91.2516
3370.18	91.2996
3372.11	91.3076
3374.04	91.3325
3375.97	91.3313
3377.9	91.2872
3379.82	91.214
3381.75	91.0957
3383.68	90.9789
3385.61	90.952
3387.54	91.0083
3389.47	91.086
3391.4	91.1745
3393.33	91.2777
3395.26	91.3235
3397.19	91.2084
3399.12	91.0168
3401.04	91.0222
3402.97	91.248
3404.9	91.3591
3406.83	91.252
3408.76	91.2248
3410.69	91.3409
3412.62	91.3354
3414.55	91.2066
3416.48	91.1737
3418.41	91.1994
3420.34	91.1581
3422.27	91.1744
3424.19	91.3527
3426.12	91.5476
3428.05	91.6052
3429.98	91.5086
3431.91	91.321
3433.84	91.1375
3435.77	91.0387
3437.7	91.0672
3439.63	91.2079
3441.56	91.3679
3443.49	91.5049
3445.41	91.7045
3447.34	91.9291
3449.27	91.9507
3451.2	91.7722
3453.13	91.6636
3455.06	91.6823
3456.99	91.6843
3458.92	91.7331
3460.85	91.9169
3462.78	92.0086
3464.71	91.8621
3466.64	91.69
3468.56	91.6186
3470.49	91.5928
3472.42	91.6605
3474.35	91.744
3476.28	91.5798
3478.21	91.3213
3480.14	91.3768
3482.07	91.589
3484	91.553
3485.93	91.4522
3487.86	91.5674
3489.78	91.6475
3491.71	91.4814
3493.64	91.3079
3495.57	91.3401
3497.5	91.5432
3499.43	91.762
3501.36	91.7431
3503.29	91.4535
3505.22	91.3635
3507.15	91.6524
3509.08	91.7687
3511	91.4285
3512.93	91.1755
3514.86	91.315
3516.79	91.4241
3518.72	91.2769
3520.65	91.2537
3522.58	91.5699
3524.51	91.8966
3526.44	91.9403
3528.37	91.7832
3530.3	91.5548
3532.23	91.3431
3534.15	91.3025
3536.08	91.4653
3538.01	91.6505
3539.94	91.7761
3541.87	91.9336
3543.8	92.0631
3545.73	92.0013
3547.66	91.9187
3549.59	92.1414
3551.52	92.5632
3553.45	92.8093
3555.37	92.8964
3557.3	93.1601
3559.23	93.5043
3561.16	93.5493
3563.09	93.4288
3565.02	93.5425
3566.95	93.7743
3568.88	93.7906
3570.81	93.8046
3572.74	94.0333
3574.67	94.3461
3576.6	94.5792
3578.52	94.7477
3580.45	94.9373
3582.38	95.1386
3584.31	95.3017
3586.24	95.4722
3588.17	95.6787
3590.1	95.8402
3592.03	96.0903
3593.96	96.6295
3595.89	97.1291
3597.82	97.0448
3599.74	96.6502
3601.67	96.6285
3603.6	97.0194
3605.53	97.3065
3607.46	97.2582
3609.39	97.1039
3611.32	97.0073
3613.25	96.916
3615.18	97.0513
3617.11	97.5495
3619.04	97.8395
3620.97	97.5346
3622.89	97.3988
3624.82	97.8345
3626.75	98.3285
3628.68	98.3993
3630.61	98.2849
3632.54	98.1546
3634.47	97.8099
3636.4	97.4583
3638.33	97.4228
3640.26	97.5817
3642.19	97.5812
3644.11	97.2689
3646.04	96.8869
3647.97	96.9444
3649.9	97.5418
3651.83	97.8842
3653.76	97.9006
3655.69	97.8716
3657.62	97.7006
3659.55	97.4246
3661.48	97.2735
3663.41	97.2806
3665.33	97.433
3667.26	97.737
3669.19	97.8968
3671.12	97.5943
3673.05	97.3585
3674.98	97.6674
3676.91	98.0641
3678.84	98.0128
3680.77	97.8524
3682.7	97.8734
3684.63	98.0629
3686.56	98.3584
3688.48	98.6682
3690.41	98.7386
3692.34	98.5948
3694.27	98.5586
3696.2	98.6603
3698.13	98.7132
3700.06	98.6586
3701.99	98.5918
3703.92	98.5149
3705.85	98.4417
3707.78	98.5418
3709.7	98.7944
3711.63	98.7627
3713.56	98.4331
3715.49	98.3527
3717.42	98.5382
3719.35	98.7018
3721.28	98.8308
3723.21	99.0567
3725.14	99.122
3727.07	98.8335
3729	98.6093
3730.93	98.749
3732.85	99.0708
3734.78	99.3734
3736.71	99.5356
3738.64	99.2762
3740.57	98.6829
3742.5	98.1809
3744.43	98.0684
3746.36	98.036
3748.29	97.7974
3750.22	97.6704
3752.15	97.7846
3754.07	97.8
3756	97.7442
3757.93	97.8112
3759.86	97.8694
3761.79	97.737
3763.72	97.5815
3765.65	97.5525
3767.58	97.5355
3769.51	97.3979
3771.44	97.2244
3773.37	97.1666
3775.29	97.257
3777.22	97.4233
3779.15	97.5424
3781.08	97.5945
3783.01	97.6855
3784.94	97.7787
3786.87	97.7028
3788.8	97.4388
3790.73	97.2036
3792.66	97.2003
3794.59	97.3775
3796.52	97.4649
3798.44	97.4103
3800.37	97.4734
3802.3	97.665
3804.23	97.703
3806.16	97.6292
3808.09	97.6141
3810.02	97.6182
3811.95	97.5458
3813.88	97.3653
3815.81	97.1768
3817.74	97.2641
3819.66	97.6262
3821.59	97.9251
3823.52	97.9733
3825.45	97.8561
3827.38	97.6324
3829.31	97.4836
3831.24	97.5578
3833.17	97.5941
3835.1	97.4719
3837.03	97.5763
3838.96	97.937
3840.89	98.0345
3842.81	97.8849
3844.74	97.7187
3846.67	97.5047
3848.6	97.3489
3850.53	97.4229
3852.46	97.6271
3854.39	97.6869
3856.32	97.6338
3858.25	97.5473
3860.18	97.4596
3862.11	97.5289
3864.03	97.7251
3865.96	97.7613
3867.89	97.642
3869.82	97.5721
3871.75	97.567
3873.68	97.5334
3875.61	97.4622
3877.54	97.4057
3879.47	97.4422
3881.4	97.541
3883.33	97.5424
3885.25	97.4697
3887.18	97.4758
3889.11	97.4975
3891.04	97.4176
3892.97	97.3299
3894.9	97.3393
3896.83	97.3635
3898.76	97.3199
3900.69	97.2322
3902.62	97.216
3904.55	97.3472
3906.48	97.5126
3908.4	97.5521
3910.33	97.4758
3912.26	97.3927
3914.19	97.372
3916.12	97.3849
3918.05	97.3338
3919.98	97.1786
3921.91	97.0391
3923.84	97.0543
3925.77	97.2131
3927.7	97.3747
3929.62	97.4535
3931.55	97.4109
3933.48	97.2385
3935.41	97.0907
3937.34	97.1501
3939.27	97.3711
3941.2	97.5246
3943.13	97.4982
3945.06	97.4148
3946.99	97.3636
3948.92	97.29
3950.85	97.2028
3952.77	97.2183
3954.7	97.3365
3956.63	97.3868
3958.56	97.255
3960.49	97.06
3962.42	96.988
3964.35	97.0504
3966.28	97.1122
3968.21	97.0882
3970.14	97.0369
3972.07	97.0764
3973.99	97.1874
3975.92	97.1963
3977.85	97.0659
3979.78	97.0029
3981.71	97.1053
3983.64	97.1701
3985.57	97.0576
3987.5	96.9555
3989.43	97.0422
3991.36	97.1972
3993.29	97.2501
3995.22	97.2177
3997.14	97.1596
