499.643	79.5562
501.572	79.5382
503.501	79.3454
505.43	79.31
507.36	79.1304
509.289	79.424
511.218	80.5811
513.147	81.4984
515.076	81.509
517.005	81.5652
518.934	82.3008
520.863	82.8432
522.792	82.6673
524.722	82.4295
526.651	82.5672
528.58	82.64
530.509	82.4341
532.438	82.2642
534.367	82.1994
536.296	82.1404
538.225	82.2506
540.155	82.6057
542.084	82.9357
544.013	82.9266
545.942	82.4151
547.871	81.6577
549.8	81.3128
551.729	81.5128
553.658	81.6604
555.588	81.5828
557.517	81.7294
559.446	81.9878
561.375	81.7989
563.304	81.3607
565.233	81.246
567.162	81.3446
569.091	81.361
571.021	81.4355
572.95	81.5611
574.879	81.532
576.808	81.5585
578.737	81.8384
580.666	82.0378
582.595	81.946
584.524	81.7441
586.454	81.5248
588.383	81.3678
590.312	81.4318
592.241	81.5404
594.17	81.4174
596.099	81.238
598.028	81.2103
599.957	81.2263
601.887	81.2099
603.816	81.1572
605.745	80.9727
607.674	80.6976
609.603	80.4935
611.532	80.4126
613.461	80.5565
615.39	80.9845
617.32	81.339
619.249	81.3143
621.178	81.2197
623.107	81.2889
625.036	81.299
626.965	81.2118
628.894	81.31
630.823	81.6612
632.753	82.1078
634.682	82.5263
636.611	82.8001
638.54	82.9539
640.469	83.2839
642.398	83.8973
644.327	84.5215
646.256	85.0416
648.186	85.5109
650.115	85.7658
652.044	85.8164
653.973	85.8919
655.902	85.8554
657.831	85.5692
659.76	85.2074
661.689	84.7668
663.619	84.4527
665.548	85.1246
667.477	87.3917
669.406	88.6476
671.335	87.4559
673.264	86.5876
675.193	86.68
677.122	87.0185
679.052	87.2866
680.981	87.6528
682.91	87.8918
684.839	87.9071
686.768	87.974
688.697	88.0573
690.626	87.9818
692.555	87.8668
694.485	87.802
696.414	87.697
698.343	87.5422
700.272	87.3958
702.201	87.2717
704.13	87.1849
706.059	87.1207
707.988	87.0488
709.917	87.0216
711.847	87.0276
713.776	86.9302
715.705	86.8195
717.634	86.9704
719.563	87.2466
721.492	87.1573
723.421	86.6713
725.35	86.1803
727.28	85.7901
729.209	85.3271
731.138	84.7355
733.067	84.0971
734.996	83.501
736.925	83.0469
738.854	82.8126
740.783	82.7844
742.713	82.8634
744.642	82.9394
746.571	82.959
748.5	82.9307
750.429	82.9058
752.358	82.9684
754.287	83.1618
756.216	83.4281
758.146	83.7036
760.075	83.985
762.004	84.2466
763.933	84.4473
765.862	84.6112
767.791	84.7603
769.72	84.8655
771.649	84.9386
773.579	85.0231
775.508	85.1063
777.437	85.1564
779.366	85.1765
781.295	85.1679
783.224	85.0968
785.153	84.9056
787.082	84.5688
789.012	84.1478
790.941	83.7096
792.87	83.1825
794.799	82.3733
796.728	81.061
798.657	78.9189
800.586	75.453
802.515	70.4929
804.445	65.0025
806.374	60.951
808.303	59.9284
810.232	62.0654
812.161	66.3618
814.09	71.5339
816.019	76.3807
817.948	80.0321
819.878	82.2705
821.807	83.3966
823.736	83.8198
825.665	83.8897
827.594	83.8464
829.523	83.7583
831.452	83.577
833.381	83.2442
835.311	82.7368
837.24	82.0718
839.169	81.2835
841.098	80.4258
843.027	79.636
844.956	79.124
846.885	79.031
848.814	79.3398
850.744	79.9251
852.673	80.6184
854.602	81.236
856.531	81.6658
858.46	81.9441
860.389	82.1646
862.318	82.3391
864.247	82.4189
866.177	82.3993
868.106	82.3439
870.035	82.3244
871.964	82.3417
873.893	82.3207
875.822	82.2235
877.751	82.1082
879.68	82.0287
881.609	81.9622
883.539	81.8626
885.468	81.7087
887.397	81.5022
889.326	81.2639
891.255	81.01
893.184	80.738
895.113	80.458
897.042	80.196
898.972	79.9801
900.901	79.8643
902.83	79.8955
904.759	80.0141
906.688	80.0955
908.617	80.0939
910.546	80.0314
912.475	79.8935
914.405	79.6556
916.334	79.3552
918.263	79.0509
920.192	78.7546
922.121	78.4485
924.05	78.1431
925.979	77.8691
927.908	77.6112
929.838	77.3128
931.767	76.9519
933.696	76.5357
935.625	76.0514
937.554	75.5028
939.483	74.9215
941.412	74.2859
943.341	73.507
945.271	72.5093
947.2	71.3069
949.129	70.0579
951.058	68.9846
952.987	68.1116
954.916	67.1728
956.845	65.897
958.774	64.2654
960.704	62.4435
962.633	60.6455
964.562	59.0971
966.491	57.9381
968.42	57.1221
970.349	56.4886
972.278	55.878
974.207	55.1567
976.137	54.2543
978.066	53.2333
979.995	52.2852
981.924	51.6594
983.853	51.56
985.782	52.0289
987.711	52.9321
989.64	54.0895
991.57	55.3798
993.499	56.7005
995.428	57.8895
997.357	58.7666
999.286	59.2547
1001.22	59.41
1003.14	59.3294
1005.07	59.1041
1007	58.8621
1008.93	58.7515
1010.86	58.8359
1012.79	59.0335
1014.72	59.1644
1016.65	59.0627
1018.58	58.6716
1020.51	58.0241
1022.44	57.1633
1024.36	56.1876
1026.29	55.3611
1028.22	54.9708
1030.15	54.983
1032.08	55.0174
1034.01	54.7445
1035.94	54.1342
1037.87	53.3023
1039.8	52.346
1041.73	51.3575
1043.66	50.4267
1045.58	49.5893
1047.51	48.791
1049.44	47.8991
1051.37	46.8284
1053.3	45.6931
1055.23	44.7696
1057.16	44.3266
1059.09	44.5072
1061.02	45.2792
1062.95	46.4723
1064.88	47.9171
1066.81	49.5576
1068.73	51.4532
1070.66	53.7
1072.59	56.3047
1074.52	59.1196
1076.45	61.9266
1078.38	64.5508
1080.31	66.8754
1082.24	68.8055
1084.17	70.2621
1086.1	71.2162
1088.03	71.6982
1089.95	71.7407
1091.88	71.3486
1093.81	70.5651
1095.74	69.5181
1097.67	68.3542
1099.6	67.1706
1101.53	66.0208
1103.46	64.9354
1105.39	63.9255
1107.32	63.0151
1109.25	62.2689
1111.18	61.7484
1113.1	61.4693
1115.03	61.4224
1116.96	61.579
1118.89	61.8569
1120.82	62.1398
1122.75	62.3201
1124.68	62.2903
1126.61	61.9251
1128.54	61.1005
1130.47	59.7145
1132.4	57.7203
1134.32	55.1734
1136.25	52.2313
1138.18	49.1161
1140.11	46.082
1142.04	43.3578
1143.97	41.0779
1145.9	39.2824
1147.83	37.9619
1149.76	37.0658
1151.69	36.5046
1153.62	36.1965
1155.55	36.0916
1157.47	36.1452
1159.4	36.3222
1161.33	36.6119
1163.26	37.0109
1165.19	37.5126
1167.12	38.0964
1169.05	38.7138
1170.98	39.3291
1172.91	39.9555
1174.84	40.6113
1176.77	41.2985
1178.69	42.0293
1180.62	42.8205
1182.55	43.6896
1184.48	44.6539
1186.41	45.6951
1188.34	46.7796
1190.27	47.9321
1192.2	49.2066
1194.13	50.6089
1196.06	52.113
1197.99	53.7068
1199.91	55.3739
1201.84	57.0497
1203.77	58.642
1205.7	60.1354
1207.63	61.5873
1209.56	63.0013
1211.49	64.4508
1213.42	66.2046
1215.35	68.1902
1217.28	69.6003
1219.21	69.9199
1221.14	69.8764
1223.06	70.345
1224.99	71.2193
1226.92	71.9126
1228.85	72.1499
1230.78	71.895
1232.71	71.1611
1234.64	70.0902
1236.57	68.8406
1238.5	67.4982
1240.43	66.1664
1242.36	64.9241
1244.28	63.7534
1246.21	62.6325
1248.14	61.6044
1250.07	60.7346
1252	60.0654
1253.93	59.5921
1255.86	59.2904
1257.79	59.1627
1259.72	59.2072
1261.65	59.3945
1263.58	59.725
1265.51	60.2298
1267.43	60.9155
1269.36	61.7707
1271.29	62.7758
1273.22	63.8828
1275.15	65.0283
1277.08	66.1547
1279.01	67.2222
1280.94	68.2293
1282.87	69.1846
1284.8	70.0476
1286.73	70.7007
1288.65	70.9835
1290.58	70.8682
1292.51	70.6204
1294.44	70.6603
1296.37	71.2723
1298.3	72.4933
1300.23	74.1872
1302.16	76.1235
1304.09	78.0397
1306.02	79.7358
1307.95	81.1369
1309.87	82.2639
1311.8	83.1491
1313.73	83.803
1315.66	84.256
1317.59	84.5688
1319.52	84.7887
1321.45	84.9267
1323.38	84.9889
1325.31	85.032
1327.24	85.1349
1329.17	85.3151
1331.1	85.5522
1333.02	85.8504
1334.95	86.2146
1336.88	86.6534
1338.81	87.1697
1340.74	87.7027
1342.67	88.2132
1344.6	88.7437
1346.53	89.3101
1348.46	89.8729
1350.39	90.3546
1352.32	90.6524
1354.24	90.7308
1356.17	90.6844
1358.1	90.6681
1360.03	90.8338
1361.96	91.2474
1363.89	91.6447
1365.82	91.6546
1367.75	91.2776
1369.68	90.7922
1371.61	90.3926
1373.54	89.8674
1375.47	88.9802
1377.39	88.0307
1379.32	87.2451
1381.25	86.4567
1383.18	85.6387
1385.11	84.7986
1387.04	83.7033
1388.97	82.4373
1390.9	81.3314
1392.83	80.2848
1394.76	79.1529
1396.69	77.8518
1398.61	76.0641
1400.54	73.7856
1402.47	71.3054
1404.4	68.8265
1406.33	67.1786
1408.26	67.2496
1410.19	69.0004
1412.12	72.0173
1414.05	75.318
1415.98	78.3442
1417.91	81.5042
1419.83	84.4093
1421.76	86.2567
1423.69	87.4665
1425.62	88.3422
1427.55	88.8163
1429.48	88.9402
1431.41	88.8278
1433.34	88.6232
1435.27	88.3805
1437.2	88.0042
1439.13	87.4942
1441.06	86.8804
1442.98	86.1154
1444.91	85.2935
1446.84	84.5101
1448.77	83.7162
1450.7	83.0659
1452.63	82.7808
1454.56	82.8254
1456.49	82.9405
1458.42	82.5637
1460.35	81.9422
1462.28	81.5237
1464.2	81.2249
1466.13	81.0148
1468.06	81.138
1469.99	81.76
1471.92	82.8623
1473.85	84.0138
1475.78	84.9647
1477.71	86.0706
1479.64	87.3997
1481.57	88.7972
1483.5	90.1276
1485.43	91.3359
1487.35	92.5015
1489.28	93.5331
1491.21	94.0628
1493.14	94.3129
1495.07	94.6822
1497	95.1065
1498.93	95.2738
1500.86	95.2781
1502.79	95.3969
1504.72	95.7682
1506.65	96.2867
1508.57	96.255
1510.5	95.8847
1512.43	95.7584
1514.36	95.9256
1516.29	96.2072
1518.22	96.459
1520.15	96.6826
1522.08	96.7989
1524.01	96.7722
1525.94	96.6805
1527.87	96.5572
1529.8	96.4812
1531.72	96.5389
1533.65	96.6603
1535.58	96.7132
1537.51	96.8255
1539.44	97.1629
1541.37	97.4018
1543.3	97.1757
1545.23	96.869
1547.16	96.6852
1549.09	96.6293
1551.02	96.6395
1552.94	96.6718
1554.87	96.8014
1556.8	97.1127
1558.73	97.3209
1560.66	96.9828
1562.59	96.5994
1564.52	96.4161
1566.45	96.3887
1568.38	96.3922
1570.31	96.2774
1572.24	96.1798
1574.16	96.2654
1576.09	96.3812
1578.02	96.2532
1579.95	96.0401
1581.88	95.9133
1583.81	95.8278
1585.74	95.7364
1587.67	95.6468
1589.6	95.5742
1591.53	95.5219
1593.46	95.4619
1595.39	95.3511
1597.31	95.1869
1599.24	95.0267
1601.17	94.8861
1603.1	94.645
1605.03	94.2503
1606.96	93.8082
1608.89	93.2181
1610.82	92.3331
1612.75	91.4367
1614.68	90.7209
1616.61	90.0732
1618.53	89.6569
1620.46	89.7247
1622.39	90.114
1624.32	90.3818
1626.25	90.2758
1628.18	89.8073
1630.11	88.9778
1632.04	88.1337
1633.97	87.7922
1635.9	88.3166
1637.83	89.3745
1639.76	90.5165
1641.68	91.691
1643.61	92.7339
1645.54	93.5778
1647.47	94.1041
1649.4	94.2308
1651.33	94.305
1653.26	94.4628
1655.19	94.3153
1657.12	94.0308
1659.05	93.8712
1660.98	93.7877
1662.9	93.6337
1664.83	93.4048
1666.76	93.2807
1668.69	93.2605
1670.62	93.0431
1672.55	92.6413
1674.48	92.2178
1676.41	91.5711
1678.34	90.857
1680.27	90.3704
1682.2	89.8294
1684.12	88.8699
1686.05	87.7676
1687.98	86.562
1689.91	85.1612
1691.84	83.728
1693.77	82.0852
1695.7	80.0733
1697.63	77.8678
1699.56	74.9761
1701.49	71.3711
1703.42	68.0948
1705.35	64.8021
1707.27	61.0116
1709.2	57.6054
1711.13	54.9784
1713.06	52.7256
1714.99	50.9371
1716.92	49.3517
1718.85	47.4026
1720.78	46.1059
1722.71	45.8561
1724.64	46.1788
1726.57	47.1282
1728.49	48.7606
1730.42	50.7471
1732.35	53.4756
1734.28	57.2792
1736.21	60.7201
1738.14	63.5411
1740.07	66.6884
1742	70.1577
1743.93	73.4528
1745.86	76.7102
1747.79	80.1337
1749.72	83.6441
1751.64	86.9238
1753.57	89.6644
1755.5	92.011
1757.43	94.2088
1759.36	96.0298
1761.29	97.1865
1763.22	97.8179
1765.15	98.0795
1767.08	98.136
1769.01	98.3089
1770.94	98.5674
1772.86	98.5
1774.79	98.2018
1776.72	97.9711
1778.65	97.8122
1780.58	97.7441
1782.51	97.7186
1784.44	97.6244
1786.37	97.5707
1788.3	97.6727
1790.23	97.8441
1792.16	97.9217
1794.08	97.7743
1796.01	97.5473
1797.94	97.4454
1799.87	97.4332
1801.8	97.371
1803.73	97.295
1805.66	97.2773
1807.59	97.3145
1809.52	97.3983
1811.45	97.4314
1813.38	97.3487
1815.31	97.2779
1817.23	97.2842
1819.16	97.2981
1821.09	97.3463
1823.02	97.487
1824.95	97.6463
1826.88	97.74
1828.81	97.7476
1830.74	97.6511
1832.67	97.556
1834.6	97.6152
1836.53	97.7941
1838.45	97.8885
1840.38	97.8272
1842.31	97.7863
1844.24	97.8654
1846.17	97.9318
1848.1	97.972
1850.03	98.0781
1851.96	98.1282
1853.89	97.995
1855.82	97.8234
1857.75	97.7975
1859.68	97.9009
1861.6	98.0275
1863.53	98.1611
1865.46	98.3348
1867.39	98.4411
1869.32	98.3227
1871.25	98.1704
1873.18	98.1947
1875.11	98.2454
1877.04	98.2116
1878.97	98.2236
1880.9	98.2923
1882.82	98.2614
1884.75	98.1745
1886.68	98.2046
1888.61	98.3089
1890.54	98.3119
1892.47	98.2578
1894.4	98.3395
1896.33	98.557
1898.26	98.7251
1900.19	98.7531
1902.12	98.696
1904.05	98.6581
1905.97	98.7463
1907.9	98.9211
1909.83	98.969
1911.76	98.8179
1913.69	98.699
1915.62	98.7948
1917.55	98.9902
1919.48	99.0807
1921.41	99.147
1923.34	99.3316
1925.27	99.4723
1927.19	99.3986
1929.12	99.2354
1931.05	99.1283
1932.98	99.1052
1934.91	99.1964
1936.84	99.3768
1938.77	99.5517
1940.7	99.7191
1942.63	99.9264
1944.56	100.119
1946.49	100.163
1948.41	99.9986
1950.34	99.8042
1952.27	99.8358
1954.2	100.006
1956.13	100.066
1958.06	100.096
1959.99	100.277
1961.92	100.501
1963.85	100.615
1965.78	100.649
1967.71	100.641
1969.64	100.595
1971.56	100.575
1973.49	100.624
1975.42	100.625
1977.35	100.452
1979.28	100.228
1981.21	100.122
1983.14	100.059
1985.07	99.9578
1987	99.9313
1988.93	100.085
1990.86	100.361
1992.78	100.585
1994.71	100.612
1996.64	100.491
1998.57	100.367
2000.5	100.326
2002.43	100.41
2004.36	100.534
2006.29	100.467
2008.22	100.256
2010.15	100.23
2012.08	100.391
2014.01	100.449
2015.93	100.347
2017.86	100.249
2019.79	100.288
2021.72	100.453
2023.65	100.514
2025.58	100.327
2027.51	100.186
2029.44	100.36
2031.37	100.587
2033.3	100.586
2035.23	100.514
2037.15	100.52
2039.08	100.455
2041.01	100.26
2042.94	100.13
2044.87	100.152
2046.8	100.166
2048.73	100.04
2050.66	99.8536
2052.59	99.7787
2054.52	99.8569
2056.45	99.9148
2058.37	99.7887
2060.3	99.6087
2062.23	99.5993
2064.16	99.6939
2066.09	99.7103
2068.02	99.7103
2069.95	99.7403
2071.88	99.6125
2073.81	99.3562
2075.74	99.3046
2077.67	99.4707
2079.6	99.5467
2081.52	99.5172
2083.45	99.5233
2085.38	99.4584
2087.31	99.3225
2089.24	99.3539
2091.17	99.4802
2093.1	99.4137
2095.03	99.3005
2096.96	99.4633
2098.89	99.7143
2100.82	99.6624
2102.74	99.4132
2104.67	99.3431
2106.6	99.4528
2108.53	99.4922
2110.46	99.4919
2112.39	99.6059
2114.32	99.6788
2116.25	99.5518
2118.18	99.4407
2120.11	99.5203
2122.04	99.614
2123.97	99.6198
2125.89	99.6746
2127.82	99.7853
2129.75	99.8752
2131.68	100.056
2133.61	100.316
2135.54	100.345
2137.47	100.14
2139.4	100.096
2141.33	100.215
2143.26	100.169
2145.19	100.106
2147.11	100.328
2149.04	100.52
2150.97	100.359
2152.9	100.233
2154.83	100.469
2156.76	100.694
2158.69	100.572
2160.62	100.338
2162.55	100.248
2164.48	100.236
2166.41	100.176
2168.33	100.004
2170.26	99.7652
2172.19	99.6925
2174.12	99.9387
2176.05	100.308
2177.98	100.515
2179.91	100.491
2181.84	100.329
2183.77	100.202
2185.7	100.22
2187.63	100.264
2189.56	100.226
2191.48	100.228
2193.41	100.292
2195.34	100.204
2197.27	99.9692
2199.2	99.8675
2201.13	99.9382
2203.06	99.9354
2204.99	99.777
2206.92	99.6149
2208.85	99.5192
2210.78	99.464
2212.7	99.5371
2214.63	99.7505
2216.56	99.8143
2218.49	99.6217
2220.42	99.5969
2222.35	99.943
2224.28	100.176
2226.21	99.9862
2228.14	99.7166
2230.07	99.5988
2232	99.4805
2233.93	99.4064
2235.85	99.5352
2237.78	99.6715
2239.71	99.6165
2241.64	99.5525
2243.57	99.6274
2245.5	99.7292
2247.43	99.8174
2249.36	99.9263
2251.29	99.9299
2253.22	99.7518
2255.15	99.5875
2257.07	99.6401
2259	99.8958
2260.93	100.23
2262.86	100.455
2264.79	100.379
2266.72	100.121
2268.65	100.085
2270.58	100.334
2272.51	100.459
2274.44	100.314
2276.37	100.191
2278.29	100.161
2280.22	100.016
2282.15	99.8052
2284.08	99.7546
2286.01	99.9116
2287.94	100.273
2289.87	100.82
2291.8	101.311
2293.73	101.545
2295.66	101.747
2297.59	102.209
2299.52	102.801
2301.44	103.291
2303.37	103.804
2305.3	104.614
2307.23	105.732
2309.16	106.893
2311.09	107.771
2313.02	108.311
2314.95	108.946
2316.88	110.167
2318.81	111.907
2320.74	113.732
2322.66	115.377
2324.59	116.782
2326.52	117.995
2328.45	119.173
2330.38	120.173
2332.31	120.554
2334.24	120.679
2336.17	121.32
2338.1	122.176
2340.03	122.628
2341.96	122.819
2343.89	121.809
2345.81	118.785
2347.74	116.303
2349.67	116.367
2351.6	119.055
2353.53	123.432
2355.46	127.469
2357.39	130.017
2359.32	131.31
2361.25	131.522
2363.18	130.603
2365.11	128.113
2367.03	124.712
2368.96	121.735
2370.89	118.837
2372.82	115.143
2374.75	111.201
2376.68	108
2378.61	105.572
2380.54	103.405
2382.47	101.467
2384.4	100.075
2386.33	99.1965
2388.26	98.5609
2390.18	98.1645
2392.11	98.097
2394.04	98.1597
2395.97	98.116
2397.9	97.9973
2399.83	97.9247
2401.76	97.9368
2403.69	98.0095
2405.62	98.0665
2407.55	98.057
2409.48	98.018
2411.4	97.9817
2413.33	97.9467
2415.26	97.9321
2417.19	97.9201
2419.12	97.8549
2421.05	97.7919
2422.98	97.8574
2424.91	98.0128
2426.84	98.0865
2428.77	98.0601
2430.7	98.0609
2432.62	98.0927
2434.55	98.0673
2436.48	98.0355
2438.41	98.0862
2440.34	98.139
2442.27	98.0946
2444.2	98.0349
2446.13	98.0719
2448.06	98.1478
2449.99	98.1291
2451.92	98.0039
2453.85	97.886
2455.77	97.8597
2457.7	97.8906
2459.63	97.8883
2461.56	97.8313
2463.49	97.8195
2465.42	97.9487
2467.35	98.1383
2469.28	98.2092
2471.21	98.1126
2473.14	97.9426
2475.07	97.8022
2476.99	97.7763
2478.92	97.8791
2480.85	97.9732
2482.78	97.9307
2484.71	97.8522
2486.64	97.9108
2488.57	98.0578
2490.5	98.1105
2492.43	98.0525
2494.36	98.0342
2496.29	98.1195
2498.22	98.2037
2500.14	98.1826
2502.07	98.1056
2504	98.1044
2505.93	98.1768
2507.86	98.1761
2509.79	98.1059
2511.72	98.1713
2513.65	98.3679
2515.58	98.4106
2517.51	98.2417
2519.44	98.1045
2521.36	98.0499
2523.29	97.9499
2525.22	97.8814
2527.15	97.9659
2529.08	98.1019
2531.01	98.1884
2532.94	98.2322
2534.87	98.1969
2536.8	98.1206
2538.73	98.1429
2540.66	98.1939
2542.58	98.0929
2544.51	97.9428
2546.44	97.9473
2548.37	98.0311
2550.3	98.0171
2552.23	97.9195
2554.16	97.8475
2556.09	97.8206
2558.02	97.7817
2559.95	97.7404
2561.88	97.8137
2563.81	98.0103
2565.73	98.1134
2567.66	98.0028
2569.59	97.8736
2571.52	97.8829
2573.45	97.8854
2575.38	97.7455
2577.31	97.5881
2579.24	97.5652
2581.17	97.6565
2583.1	97.7716
2585.03	97.831
2586.95	97.7778
2588.88	97.6648
2590.81	97.6264
2592.74	97.6914
2594.67	97.7496
2596.6	97.7188
2598.53	97.6321
2600.46	97.552
2602.39	97.489
2604.32	97.4388
2606.25	97.417
2608.18	97.4052
2610.1	97.372
2612.03	97.3552
2613.96	97.3666
2615.89	97.308
2617.82	97.1621
2619.75	97.0754
2621.68	97.1093
2623.61	97.1534
2625.54	97.1386
2627.47	97.1159
2629.4	97.1253
2631.32	97.1267
2633.25	97.073
2635.18	97.0025
2637.11	96.9922
2639.04	97.0086
2640.97	96.9338
2642.9	96.7535
2644.83	96.5857
2646.76	96.5347
2648.69	96.5929
2650.62	96.6626
2652.54	96.6683
2654.47	96.6431
2656.4	96.6367
2658.33	96.6031
2660.26	96.5035
2662.19	96.4199
2664.12	96.426
2666.05	96.4557
2667.98	96.432
2669.91	96.4078
2671.84	96.4432
2673.77	96.4778
2675.69	96.4574
2677.62	96.4408
2679.55	96.4709
2681.48	96.4913
2683.41	96.46
2685.34	96.4084
2687.27	96.3725
2689.2	96.3526
2691.13	96.3244
2693.06	96.277
2694.99	96.2556
2696.91	96.3
2698.84	96.3595
2700.77	96.3695
2702.7	96.3481
2704.63	96.3281
2706.56	96.2984
2708.49	96.2516
2710.42	96.1951
2712.35	96.1348
2714.28	96.0992
2716.21	96.1038
2718.14	96.0986
2720.06	96.0472
2721.99	95.9965
2723.92	95.9784
2725.85	95.9515
2727.78	95.9029
2729.71	95.8697
2731.64	95.8491
2733.57	95.826
2735.5	95.8334
2737.43	95.8611
2739.36	95.8342
2741.28	95.7616
2743.21	95.7393
2745.14	95.7799
2747.07	95.8003
2749	95.7604
2750.93	95.7034
2752.86	95.6825
2754.79	95.7003
2756.72	95.7264
2758.65	95.7503
2760.58	95.7739
2762.51	95.789
2764.43	95.8075
2766.36	95.8329
2768.29	95.8157
2770.22	95.7497
2772.15	95.7062
2774.08	95.6822
2776.01	95.6082
2777.94	95.5114
2779.87	95.4561
2781.8	95.4156
2783.73	95.3723
2785.65	95.3777
2787.58	95.4419
2789.51	95.5185
2791.44	95.5657
2793.37	95.5394
2795.3	95.4419
2797.23	95.3751
2799.16	95.4147
2801.09	95.5047
2803.02	95.5545
2804.95	95.5248
2806.87	95.3931
2808.8	95.1774
2810.73	94.987
2812.66	94.9168
2814.59	94.9157
2816.52	94.8805
2818.45	94.82
2820.38	94.7806
2822.31	94.6923
2824.24	94.4758
2826.17	94.2155
2828.1	94.0583
2830.02	94.0146
2831.95	93.9519
2833.88	93.7249
2835.81	93.3373
2837.74	92.9913
2839.67	92.8425
2841.6	92.7699
2843.53	92.5843
2845.46	92.3194
2847.39	92.0864
2849.32	91.8355
2851.24	91.4702
2853.17	91.0053
2855.1	90.4711
2857.03	89.8339
2858.96	89.1176
2860.89	88.4632
2862.82	87.9526
2864.75	87.4915
2866.68	87.006
2868.61	86.5913
2870.54	86.3234
2872.47	86.1627
2874.39	86.1486
2876.32	86.3809
2878.25	86.7764
2880.18	87.1546
2882.11	87.4924
2884.04	87.8376
2885.97	88.1322
2887.9	88.2819
2889.83	88.2446
2891.76	88.0695
2893.69	87.9267
2895.61	87.8969
2897.54	87.7972
2899.47	87.5446
2901.4	87.4041
2903.33	87.5188
2905.26	87.6768
2907.19	87.73
2909.12	87.6834
2911.05	87.4842
2912.98	87.2021
2914.91	87.0255
2916.83	86.8828
2918.76	86.5862
2920.69	86.1865
2922.62	85.7281
2924.55	85.1376
2926.48	84.5564
2928.41	84.2199
2930.34	84.077
2932.27	83.9452
2934.2	83.863
2936.13	84.0371
2938.06	84.496
2939.98	84.9642
2941.91	85.219
2943.84	85.3706
2945.77	85.507
2947.7	85.4227
2949.63	85.0038
2951.56	84.4518
2953.49	83.9299
2955.42	83.4238
2957.35	83.0265
2959.28	82.9819
2961.2	83.3782
2963.13	84.0901
2965.06	85.1037
2966.99	86.5481
2968.92	88.1991
2970.85	89.4301
2972.78	90.008
2974.71	90.3683
2976.64	90.8906
2978.57	91.5479
2980.5	92.2348
2982.43	92.8955
2984.35	93.4505
2986.28	93.9124
2988.21	94.3581
2990.14	94.7312
2992.07	94.9648
2994	95.179
2995.93	95.4763
2997.86	95.7636
2999.79	95.9654
3001.72	96.1371
3003.65	96.2976
3005.57	96.4239
3007.5	96.5442
3009.43	96.6761
3011.36	96.8458
3013.29	97.1209
3015.22	97.4019
3017.15	97.4527
3019.08	97.2924
3021.01	97.171
3022.94	97.2169
3024.87	97.4134
3026.79	97.6035
3028.72	97.5221
3030.65	97.2436
3032.58	97.1408
3034.51	97.1488
3036.44	96.9301
3038.37	96.6713
3040.3	96.6947
3042.23	96.7682
3044.16	96.6578
3046.09	96.5752
3048.02	96.6339
3049.94	96.6519
3051.87	96.5302
3053.8	96.3598
3055.73	96.3601
3057.66	96.6956
3059.59	97.1174
3061.52	97.1929
3063.45	96.9293
3065.38	96.6228
3067.31	96.3814
3069.24	96.2747
3071.16	96.4358
3073.09	96.6984
3075.02	96.7301
3076.95	96.5904
3078.88	96.5475
3080.81	96.5948
3082.74	96.6434
3084.67	96.7229
3086.6	96.7462
3088.53	96.627
3090.46	96.5216
3092.39	96.4991
3094.31	96.4244
3096.24	96.3196
3098.17	96.2519
3100.1	96.1158
3102.03	95.9859
3103.96	96.1052
3105.89	96.3662
3107.82	96.4386
3109.75	96.264
3111.68	96.0283
3113.61	95.9164
3115.53	95.9677
3117.46	96.0402
3119.39	96.0196
3121.32	95.9513
3123.25	95.9056
3125.18	95.9572
3127.11	96.1604
3129.04	96.3473
3130.97	96.2651
3132.9	95.9675
3134.83	95.7736
3136.75	95.8701
3138.68	96.1089
3140.61	96.1815
3142.54	95.9721
3144.47	95.6381
3146.4	95.3604
3148.33	95.2802
3150.26	95.4897
3152.19	95.8068
3154.12	95.9066
3156.05	95.7748
3157.98	95.6259
3159.9	95.5244
3161.83	95.4718
3163.76	95.5487
3165.69	95.7164
3167.62	95.7943
3169.55	95.7142
3171.48	95.5543
3173.41	95.3885
3175.34	95.2992
3177.27	95.3679
3179.2	95.4817
3181.12	95.4171
3183.05	95.2284
3184.98	95.1678
3186.91	95.2314
3188.84	95.2218
3190.77	95.1129
3192.7	94.9937
3194.63	94.9233
3196.56	94.9602
3198.49	95.0553
3200.42	95.0904
3202.35	95.1138
3204.27	95.1439
3206.2	94.9875
3208.13	94.6572
3210.06	94.439
3211.99	94.3911
3213.92	94.3941
3215.85	94.476
3217.78	94.5751
3219.71	94.4951
3221.64	94.3302
3223.57	94.3327
3225.49	94.4443
3227.42	94.4719
3229.35	94.4376
3231.28	94.4145
3233.21	94.3313
3235.14	94.142
3237.07	93.9468
3239	93.8324
3240.93	93.7679
3242.86	93.7116
3244.79	93.6397
3246.72	93.4877
3248.64	93.2721
3250.57	93.1524
3252.5	93.2113
3254.43	93.3463
3256.36	93.4269
3258.29	93.4038
3260.22	93.3307
3262.15	93.328
3264.08	93.4124
3266.01	93.4588
3267.94	93.3731
3269.86	93.1612
3271.79	92.9055
3273.72	92.7452
3275.65	92.7299
3277.58	92.7735
3279.51	92.8313
3281.44	92.8811
3283.37	92.8297
3285.3	92.7078
3287.23	92.6705
3289.16	92.6602
3291.08	92.4874
3293.01	92.2362
3294.94	92.1591
3296.87	92.2947
3298.8	92.4765
3300.73	92.5369
3302.66	92.4046
3304.59	92.1746
3306.52	92.0414
3308.45	92.0663
3310.38	92.1369
3312.31	92.1444
3314.23	92.0382
3316.16	91.8152
3318.09	91.6185
3320.02	91.6482
3321.95	91.8581
3323.88	91.9837
3325.81	91.9304
3327.74	91.8392
3329.67	91.7581
3331.6	91.5973
3333.53	91.4059
3335.45	91.3288
3337.38	91.3323
3339.31	91.3103
3341.24	91.3103
3343.17	91.3552
3345.1	91.315
3347.03	91.1702
3348.96	91.0441
3350.89	90.9587
3352.82	90.9327
3354.75	91.0658
3356.68	91.2762
3358.6	91.3489
3360.53	91.2786
3362.46	91.1912
3364.39	91.1011
3366.32	90.9917
3368.25	90.9236
3370.18	90.9482
3372.11	91.0225
3374.04	91.0507
3375.97	91.0398
3377.9	91.1081
3379.82	91.2429
3381.75	91.2861
3383.68	91.2027
3385.61	91.092
3387.54	91.0131
3389.47	90.9902
3391.4	91.0321
3393.33	91.0972
3395.26	91.1383
3397.19	91.1207
3399.12	91.0549
3401.04	91.0642
3402.97	91.2076
3404.9	91.3097
3406.83	91.252
3408.76	91.1785
3410.69	91.161
3412.62	91.0986
3414.55	91.0437
3416.48	91.1194
3418.41	91.2007
3420.34	91.1284
3422.27	91.0363
3424.19	91.1315
3426.12	91.4023
3428.05	91.6658
3429.98	91.704
3431.91	91.4753
3433.84	91.1796
3435.77	90.9764
3437.7	90.8901
3439.63	90.9874
3441.56	91.2434
3443.49	91.422
3445.41	91.4464
3447.34	91.5145
3449.27	91.6757
3451.2	91.7642
3453.13	91.7461
3455.06	91.7044
3456.99	91.6582
3458.92	91.6139
3460.85	91.5981
3462.78	91.5829
3464.71	91.5315
3466.64	91.4613
3468.56	91.3858
3470.49	91.3013
3472.42	91.2539
3474.35	91.3041
3476.28	91.4123
3478.21	91.4828
3480.14	91.4923
3482.07	91.4552
3484	91.3959
3485.93	91.3896
3487.86	91.4256
3489.78	91.3861
3491.71	91.3596
3493.64	91.5416
3495.57	91.7643
3497.5	91.7529
3499.43	91.6606
3501.36	91.6508
3503.29	91.5428
3505.22	91.3646
3507.15	91.3967
3509.08	91.532
3511	91.465
3512.93	91.276
3514.86	91.1947
3516.79	91.1942
3518.72	91.1652
3520.65	91.1533
3522.58	91.2872
3524.51	91.5238
3526.44	91.6077
3528.37	91.4815
3530.3	91.4083
3532.23	91.4858
3534.15	91.5435
3536.08	91.5472
3538.01	91.6058
3539.94	91.7033
3541.87	91.7609
3543.8	91.7539
3545.73	91.7259
3547.66	91.8628
3549.59	92.2284
3551.52	92.5236
3553.45	92.5074
3555.37	92.4258
3557.3	92.544
3559.23	92.735
3561.16	92.8807
3563.09	93.0873
3565.02	93.3796
3566.95	93.6067
3568.88	93.6736
3570.81	93.6697
3572.74	93.7288
3574.67	93.9537
3576.6	94.2832
3578.52	94.5604
3580.45	94.8058
3582.38	95.0785
3584.31	95.3099
3586.24	95.4962
3588.17	95.6675
3590.1	95.7143
3592.03	95.7234
3593.96	96.0342
3595.89	96.6568
3597.82	96.9923
3599.74	96.7658
3601.67	96.4934
3603.6	96.6489
3605.53	96.9593
3607.46	97.0371
3609.39	97.0753
3611.32	97.2897
3613.25	97.3659
3615.18	97.3097
3617.11	97.5139
3619.04	97.7329
3620.97	97.5219
3622.89	97.4351
3624.82	97.8631
3626.75	98.3208
3628.68	98.3578
3630.61	98.2906
3632.54	98.1413
3634.47	97.5679
3636.4	97.0088
3638.33	97.0565
3640.26	97.3711
3642.19	97.3086
3644.11	96.9027
3646.04	96.6552
3647.97	96.9919
3649.9	97.7701
3651.83	98.0659
3653.76	97.8657
3655.69	97.6334
3657.62	97.5036
3659.55	97.3977
3661.48	97.3216
3663.41	97.3506
3665.33	97.4873
3667.26	97.6339
3669.19	97.6008
3671.12	97.4476
3673.05	97.7273
3674.98	98.4885
3676.91	98.6899
3678.84	97.9859
3680.77	97.4614
3682.7	97.488
3684.63	97.6902
3686.56	97.8985
3688.48	98.3726
3690.41	98.8578
3692.34	98.7833
3694.27	98.538
3696.2	98.5191
3698.13	98.5673
3700.06	98.518
3701.99	98.5005
3703.92	98.5365
3705.85	98.5606
3707.78	98.7464
3709.7	99.0862
3711.63	98.966
3713.56	98.2949
3715.49	97.9326
3717.42	98.1287
3719.35	98.5533
3721.28	98.9386
3723.21	99.2643
3725.14	99.363
3727.07	99.0881
3729	98.8502
3730.93	99.0042
3732.85	99.3108
3734.78	99.3793
3736.71	99.3008
3738.64	99.1805
3740.57	98.8407
3742.5	98.3067
3744.43	97.9017
3746.36	97.8668
3748.29	97.9363
3750.22	98.014
3752.15	98.1608
3754.07	98.1886
3756	98.0259
3757.93	97.8085
3759.86	97.6974
3761.79	97.6822
3763.72	97.6246
3765.65	97.5221
3767.58	97.4773
3769.51	97.461
3771.44	97.3601
3773.37	97.2564
3775.29	97.2669
3777.22	97.3134
3779.15	97.2868
3781.08	97.248
3783.01	97.249
3784.94	97.2244
3786.87	97.1676
3788.8	97.1142
3790.73	97.0852
3792.66	97.1585
3794.59	97.344
3796.52	97.4688
3798.44	97.4919
3800.37	97.5949
3802.3	97.7458
3804.23	97.7512
3806.16	97.6619
3808.09	97.5652
3810.02	97.5042
3811.95	97.498
3813.88	97.4483
3815.81	97.3281
3817.74	97.4056
3819.66	97.7036
3821.59	97.8009
3823.52	97.6119
3825.45	97.4821
3827.38	97.4491
3829.31	97.4198
3831.24	97.4435
3833.17	97.5468
3835.1	97.6833
3837.03	97.7905
3838.96	97.745
3840.89	97.6005
3842.81	97.5239
3844.74	97.3947
3846.67	97.1527
3848.6	97.0572
3850.53	97.2414
3852.46	97.5281
3854.39	97.6761
3856.32	97.6573
3858.25	97.5134
3860.18	97.387
3862.11	97.4823
3864.03	97.6424
3865.96	97.5476
3867.89	97.4278
3869.82	97.5606
3871.75	97.6676
3873.68	97.5232
3875.61	97.4004
3877.54	97.424
3879.47	97.4324
3881.4	97.3711
3883.33	97.3755
3885.25	97.452
3887.18	97.4828
3889.11	97.4793
3891.04	97.491
3892.97	97.475
3894.9	97.4611
3896.83	97.5238
3898.76	97.5609
3900.69	97.4472
3902.62	97.3789
3904.55	97.4672
3906.48	97.431
3908.4	97.2483
3910.33	97.1703
3912.26	97.2187
3914.19	97.2281
3916.12	97.1701
3918.05	97.0855
3919.98	96.9596
3921.91	96.8823
3923.84	96.952
3925.77	97.0677
3927.7	97.109
3929.62	97.1268
3931.55	97.1322
3933.48	97.0564
3935.41	96.9709
3937.34	96.9824
3939.27	97.0494
3941.2	97.1036
3943.13	97.176
3945.06	97.286
3946.99	97.3422
3948.92	97.2659
3950.85	97.1216
3952.77	97.03
3954.7	96.9966
3956.63	96.9665
3958.56	96.9295
3960.49	96.8741
3962.42	96.7912
3964.35	96.7579
3966.28	96.8161
3968.21	96.8682
3970.14	96.8851
3972.07	96.9704
3973.99	97.0676
3975.92	96.9909
3977.85	96.8186
3979.78	96.7931
3981.71	96.8907
3983.64	96.9062
3985.57	96.8236
3987.5	96.7851
3989.43	96.8458
3991.36	96.9589
3993.29	97.0598
3995.22	97.0817
3997.14	97.0157
