499.643	81.6284
501.572	81.4457
503.501	80.8232
505.43	80.1472
507.36	79.5716
509.289	79.944
511.218	81.1137
513.147	81.7428
515.076	81.6513
517.005	81.8669
518.934	82.4741
520.863	82.5681
522.792	82.1896
524.722	82.174
526.651	82.602
528.58	82.7295
530.509	82.4415
532.438	82.2617
534.367	82.2982
536.296	82.267
538.225	82.1652
540.155	82.2397
542.084	82.5362
544.013	82.7617
545.942	82.5648
547.871	82.0513
549.8	81.7337
551.729	81.7345
553.658	81.6935
555.588	81.5724
557.517	81.7104
559.446	81.9802
561.375	81.8343
563.304	81.3089
565.233	81.0376
567.162	81.2143
569.091	81.4601
571.021	81.5871
572.95	81.6729
574.879	81.6984
576.808	81.6968
578.737	81.7519
580.666	81.7686
582.595	81.699
584.524	81.5956
586.454	81.406
588.383	81.2431
590.312	81.357
592.241	81.5588
594.17	81.509
596.099	81.3803
598.028	81.3667
599.957	81.3338
601.887	81.2943
603.816	81.3012
605.745	81.123
607.674	80.7394
609.603	80.4789
611.532	80.4583
613.461	80.6244
615.39	80.9799
617.32	81.2889
619.249	81.3005
621.178	81.2534
623.107	81.3623
625.036	81.4296
626.965	81.3543
628.894	81.3579
630.823	81.6043
632.753	82.0302
634.682	82.4345
636.611	82.6452
638.54	82.7744
640.469	83.1335
642.398	83.7719
644.327	84.4634
646.256	85.1239
648.186	85.6884
650.115	85.9025
652.044	85.858
653.973	85.8873
655.902	85.8465
657.831	85.5437
659.76	85.1624
661.689	84.745
663.619	84.4679
665.548	85.1419
667.477	87.4077
669.406	88.7216
671.335	87.5523
673.264	86.6122
675.193	86.5925
677.122	86.8985
679.052	87.2615
680.981	87.7598
682.91	88.077
684.839	88.0959
686.768	88.0944
688.697	88.0713
690.626	87.9484
692.555	87.8773
694.485	87.8601
696.414	87.7417
698.343	87.549
700.272	87.3901
702.201	87.2799
704.13	87.2083
706.059	87.1357
707.988	87.0273
709.917	86.9701
711.847	86.9937
713.776	86.9493
715.705	86.8649
717.634	86.9725
719.563	87.1646
721.492	87.0336
723.421	86.5802
725.35	86.131
727.28	85.7438
729.209	85.2825
731.138	84.7129
733.067	84.0735
734.996	83.4565
736.925	83.0149
738.854	82.8115
740.783	82.7855
742.713	82.8581
744.642	82.9467
746.571	82.9762
748.5	82.9488
750.429	82.9248
752.358	82.9685
754.287	83.1293
756.216	83.3918
758.146	83.6845
760.075	83.9721
762.004	84.2538
763.933	84.4962
765.862	84.6566
767.791	84.7385
769.72	84.7945
771.649	84.8784
773.579	84.9817
775.508	85.0592
777.437	85.1076
779.366	85.1375
781.295	85.1241
783.224	85.0497
785.153	84.8956
787.082	84.608
789.012	84.1901
790.941	83.7215
792.87	83.1759
794.799	82.3603
796.728	81.0451
798.657	78.913
800.586	75.467
802.515	70.5321
804.445	65.0737
806.374	61.036
808.303	59.9861
810.232	62.0852
812.161	66.3746
814.09	71.5637
816.019	76.4211
817.948	80.0636
819.878	82.2822
821.807	83.3984
823.736	83.834
825.665	83.9181
827.594	83.8629
829.523	83.752
831.452	83.5669
833.381	83.2289
835.311	82.6937
837.24	82.0186
839.169	81.2565
841.098	80.4139
843.027	79.6174
844.956	79.1115
846.885	79.026
848.814	79.3217
850.744	79.896
852.673	80.5912
854.602	81.212
856.531	81.6526
858.46	81.9463
860.389	82.1681
862.318	82.3335
864.247	82.4059
866.177	82.3813
868.106	82.3245
870.035	82.3025
871.964	82.3121
873.893	82.2928
875.822	82.2084
877.751	82.1025
879.68	82.0382
881.609	81.9968
883.539	81.8993
885.468	81.7176
887.397	81.4937
889.326	81.2612
891.255	81.0108
893.184	80.7336
895.113	80.4495
897.042	80.1855
898.972	79.9759
900.901	79.8791
902.83	79.9195
904.759	80.0229
906.688	80.0903
908.617	80.0906
910.546	80.0174
912.475	79.8501
914.405	79.6058
916.334	79.3377
918.263	79.0638
920.192	78.7645
922.121	78.441
924.05	78.1365
925.979	77.8824
927.908	77.6321
929.838	77.3149
931.767	76.9397
933.696	76.537
935.625	76.0645
937.554	75.4987
939.483	74.8972
941.412	74.2651
943.341	73.4976
945.271	72.5008
947.2	71.2976
949.129	70.0549
951.058	68.9881
952.987	68.1206
954.916	67.1976
956.845	65.9386
958.774	64.2933
960.704	62.4313
962.633	60.615
964.562	59.0812
966.491	57.9339
968.42	57.1233
970.349	56.5073
972.278	55.91
974.207	55.1843
976.137	54.2784
978.066	53.2551
979.995	52.2949
981.924	51.6682
983.853	51.5864
985.782	52.0582
987.711	52.9434
989.64	54.0901
991.57	55.3796
993.499	56.6988
995.428	57.8973
997.357	58.7938
999.286	59.2869
1001.22	59.4291
1003.14	59.3329
1005.07	59.0915
1007	58.8341
1008.93	58.7219
1010.86	58.8195
1012.79	59.0314
1014.72	59.1719
1016.65	59.078
1018.58	58.6924
1020.51	58.0476
1022.44	57.187
1024.36	56.2091
1026.29	55.379
1028.22	54.9843
1030.15	54.9886
1032.08	55.0083
1034.01	54.7143
1035.94	54.0856
1037.87	53.2484
1039.8	52.301
1041.73	51.3329
1043.66	50.4241
1045.58	49.5871
1047.51	48.7674
1049.44	47.8706
1051.37	46.8229
1053.3	45.7013
1055.23	44.7698
1057.16	44.3206
1059.09	44.5011
1061.02	45.2754
1062.95	46.4851
1064.88	47.9499
1066.81	49.5873
1068.73	51.4672
1070.66	53.7072
1072.59	56.3057
1074.52	59.1104
1076.45	61.9174
1078.38	64.5473
1080.31	66.8679
1082.24	68.7914
1084.17	70.2519
1086.1	71.2142
1088.03	71.6978
1089.95	71.7347
1091.88	71.3332
1093.81	70.5451
1095.74	69.5054
1097.67	68.3531
1099.6	67.1712
1101.53	66.0156
1103.46	64.9257
1105.39	63.91
1107.32	62.9931
1109.25	62.2488
1111.18	61.7331
1113.1	61.4488
1115.03	61.398
1116.96	61.5659
1118.89	61.8575
1120.82	62.1464
1122.75	62.332
1124.68	62.299
1126.61	61.9139
1128.54	61.0756
1130.47	59.6991
1132.4	57.718
1134.32	55.17
1136.25	52.22
1138.18	49.0986
1140.11	46.0642
1142.04	43.3501
1143.97	41.0833
1145.9	39.2867
1147.83	37.9531
1149.76	37.0525
1151.69	36.4989
1153.62	36.1935
1155.55	36.0777
1157.47	36.118
1159.4	36.294
1161.33	36.6012
1163.26	37.0234
1165.19	37.5324
1167.12	38.1088
1169.05	38.7227
1170.98	39.3389
1172.91	39.9614
1174.84	40.6162
1176.77	41.3085
1178.69	42.0408
1180.62	42.8347
1182.55	43.7137
1184.48	44.6807
1186.41	45.714
1188.34	46.8056
1190.27	47.9831
1192.2	49.2632
1194.13	50.6345
1196.06	52.1088
1197.99	53.712
1199.91	55.4126
1201.84	57.1071
1203.77	58.6905
1205.7	60.1534
1207.63	61.5651
1209.56	62.9565
1211.49	64.4155
1213.42	66.1851
1215.35	68.1728
1217.28	69.5899
1219.21	69.9264
1221.14	69.8841
1223.06	70.3366
1224.99	71.2031
1226.92	71.904
1228.85	72.1504
1230.78	71.8999
1232.71	71.1676
1234.64	70.0953
1236.57	68.8425
1238.5	67.4988
1240.43	66.1649
1242.36	64.9101
1244.28	63.7254
1246.21	62.6166
1248.14	61.6206
1250.07	60.7611
1252	60.0775
1253.93	59.602
1255.86	59.3107
1257.79	59.1807
1259.72	59.2174
1261.65	59.4047
1263.58	59.7329
1265.51	60.234
1267.43	60.9249
1269.36	61.7839
1271.29	62.7841
1273.22	63.8892
1275.15	65.0326
1277.08	66.1454
1279.01	67.2091
1280.94	68.2437
1282.87	69.2296
1284.8	70.0878
1286.73	70.7134
1288.65	70.9887
1290.58	70.8956
1292.51	70.6706
1294.44	70.7106
1296.37	71.3085
1298.3	72.5206
1300.23	74.2125
1302.16	76.1431
1304.09	78.0495
1306.02	79.7366
1307.95	81.1297
1309.87	82.2529
1311.8	83.1456
1313.73	83.8166
1315.66	84.2822
1317.59	84.587
1319.52	84.7829
1321.45	84.9123
1323.38	84.9937
1325.31	85.0481
1327.24	85.132
1329.17	85.2924
1331.1	85.5331
1333.02	85.8409
1334.95	86.2105
1336.88	86.6602
1338.81	87.1818
1340.74	87.6949
1342.67	88.1824
1344.6	88.7158
1346.53	89.2964
1348.46	89.8572
1350.39	90.3329
1352.32	90.6474
1354.24	90.7491
1356.17	90.6995
1358.1	90.6643
1360.03	90.8303
1361.96	91.2669
1363.89	91.6762
1365.82	91.6677
1367.75	91.264
1369.68	90.7734
1371.61	90.3893
1373.54	89.875
1375.47	88.9862
1377.39	88.0344
1379.32	87.2392
1381.25	86.4256
1383.18	85.5898
1385.11	84.763
1387.04	83.7021
1388.97	82.4567
1390.9	81.3484
1392.83	80.2968
1394.76	79.1722
1396.69	77.8862
1398.61	76.1081
1400.54	73.8318
1402.47	71.3503
1404.4	68.8658
1406.33	67.2086
1408.26	67.2754
1410.19	69.029
1412.12	72.0428
1414.05	75.3313
1415.98	78.3562
1417.91	81.5301
1419.83	84.4258
1421.76	86.2399
1423.69	87.4412
1425.62	88.3329
1427.55	88.8119
1429.48	88.9347
1431.41	88.8381
1433.34	88.6442
1435.27	88.3885
1437.2	88.0033
1439.13	87.4988
1441.06	86.875
1442.98	86.0896
1444.91	85.2628
1446.84	84.4881
1448.77	83.7018
1450.7	83.0656
1452.63	82.7995
1454.56	82.8502
1456.49	82.9579
1458.42	82.5869
1460.35	81.9756
1462.28	81.5536
1464.2	81.2457
1466.13	81.027
1468.06	81.1334
1469.99	81.7307
1471.92	82.823
1473.85	84.0022
1475.78	84.978
1477.71	86.0724
1479.64	87.3795
1481.57	88.7807
1483.5	90.1363
1485.43	91.3563
1487.35	92.5092
1489.28	93.5247
1491.21	94.0582
1493.14	94.3258
1495.07	94.7112
1497	95.1354
1498.93	95.2853
1500.86	95.2782
1502.79	95.3961
1504.72	95.7741
1506.65	96.3133
1508.57	96.3006
1510.5	95.9265
1512.43	95.7905
1514.36	95.955
1516.29	96.234
1518.22	96.4613
1520.15	96.6491
1522.08	96.7677
1524.01	96.774
1525.94	96.6981
1527.87	96.5762
1529.8	96.5074
1531.72	96.5694
1533.65	96.6873
1535.58	96.7474
1537.51	96.8791
1539.44	97.2283
1541.37	97.4518
1543.3	97.2
1545.23	96.8721
1547.16	96.6728
1549.09	96.6109
1551.02	96.6228
1552.94	96.6588
1554.87	96.7903
1556.8	97.1039
1558.73	97.3263
1560.66	97.0153
1562.59	96.6509
1564.52	96.4741
1566.45	96.4404
1568.38	96.4264
1570.31	96.2874
1572.24	96.1668
1574.16	96.24
1576.09	96.3586
1578.02	96.23
1579.95	96.0029
1581.88	95.8706
1583.81	95.7947
1585.74	95.7055
1587.67	95.6084
1589.6	95.5477
1591.53	95.5215
1593.46	95.4615
1595.39	95.3279
1597.31	95.1575
1599.24	95.0097
1601.17	94.8794
1603.1	94.649
1605.03	94.2668
1606.96	93.8309
1608.89	93.2478
1610.82	92.371
1612.75	91.463
1614.68	90.7168
1616.61	90.0533
1618.53	89.6436
1620.46	89.7084
1622.39	90.0936
1624.32	90.3768
1626.25	90.2819
1628.18	89.8015
1630.11	88.9658
1632.04	88.1434
1633.97	87.8366
1635.9	88.3708
1637.83	89.402
1639.76	90.5229
1641.68	91.6952
1643.61	92.7445
1645.54	93.5919
1647.47	94.118
1649.4	94.2604
1651.33	94.3741
1653.26	94.5596
1655.19	94.3776
1657.12	94.0642
1659.05	93.8962
1660.98	93.7881
1662.9	93.5893
1664.83	93.3437
1666.76	93.2397
1668.69	93.2569
1670.62	93.0731
1672.55	92.6894
1674.48	92.2727
1676.41	91.6148
1678.34	90.8696
1680.27	90.3511
1682.2	89.7913
1684.12	88.8412
1686.05	87.7777
1687.98	86.6048
1689.91	85.1986
1691.84	83.7289
1693.77	82.0749
1695.7	80.0991
1697.63	77.9002
1699.56	74.9452
1701.49	71.3074
1703.42	68.0499
1705.35	64.7615
1707.27	60.9582
1709.2	57.5709
1711.13	55.0003
1713.06	52.7945
1714.99	51.0007
1716.92	49.3773
1718.85	47.4187
1720.78	46.1198
1722.71	45.8616
1724.64	46.1957
1726.57	47.1623
1728.49	48.7873
1730.42	50.7696
1732.35	53.5093
1734.28	57.2754
1736.21	60.655
1738.14	63.4841
1740.07	66.6877
1742	70.1839
1743.93	73.4576
1745.86	76.6957
1747.79	80.1294
1749.72	83.6503
1751.64	86.9031
1753.57	89.6168
1755.5	91.9786
1757.43	94.2053
1759.36	96.0275
1761.29	97.1847
1763.22	97.8434
1765.15	98.1169
1767.08	98.1441
1769.01	98.2941
1770.94	98.6013
1772.86	98.6313
1774.79	98.3718
1776.72	98.0989
1778.65	97.865
1780.58	97.7321
1782.51	97.6739
1784.44	97.5803
1786.37	97.5564
1788.3	97.7054
1790.23	97.9146
1792.16	97.9892
1794.08	97.8044
1796.01	97.5526
1797.94	97.4499
1799.87	97.4517
1801.8	97.4082
1803.73	97.3442
1805.66	97.332
1807.59	97.3688
1809.52	97.4302
1811.45	97.4265
1813.38	97.3418
1815.31	97.3061
1817.23	97.3315
1819.16	97.3446
1821.09	97.4113
1823.02	97.5561
1824.95	97.6533
1826.88	97.6817
1828.81	97.6903
1830.74	97.6146
1832.67	97.5212
1834.6	97.593
1836.53	97.7833
1838.45	97.8506
1840.38	97.7529
1842.31	97.7122
1844.24	97.823
1846.17	97.9116
1848.1	97.9399
1850.03	98.0201
1851.96	98.0814
1853.89	98.0087
1855.82	97.8845
1857.75	97.8486
1859.68	97.9093
1861.6	98.001
1863.53	98.1353
1865.46	98.347
1867.39	98.4735
1869.32	98.3084
1871.25	98.1124
1873.18	98.1523
1875.11	98.2271
1877.04	98.193
1878.97	98.1971
1880.9	98.2379
1882.82	98.1799
1884.75	98.1596
1886.68	98.3099
1888.61	98.409
1890.54	98.3033
1892.47	98.2487
1894.4	98.4022
1896.33	98.5828
1898.26	98.6615
1900.19	98.6831
1902.12	98.6327
1904.05	98.5396
1905.97	98.5825
1907.9	98.7663
1909.83	98.8689
1911.76	98.8225
1913.69	98.7741
1915.62	98.7978
1917.55	98.8452
1919.48	98.8667
1921.41	98.931
1923.34	99.1177
1925.27	99.2888
1927.19	99.2631
1929.12	99.1364
1931.05	99.0961
1932.98	99.1678
1934.91	99.2905
1936.84	99.4166
1938.77	99.5318
1940.7	99.692
1942.63	99.9139
1944.56	100.056
1946.49	99.9963
1948.41	99.8188
1950.34	99.723
1952.27	99.8029
1954.2	99.9462
1956.13	100.055
1958.06	100.16
1959.99	100.25
1961.92	100.302
1963.85	100.402
1965.78	100.522
1967.71	100.493
1969.64	100.397
1971.56	100.516
1973.49	100.786
1975.42	100.788
1977.35	100.403
1979.28	100.023
1981.21	99.8934
1983.14	99.8529
1985.07	99.8136
1987	99.8791
1988.93	100.06
1990.86	100.287
1992.78	100.462
1994.71	100.463
1996.64	100.386
1998.57	100.428
2000.5	100.518
2002.43	100.505
2004.36	100.432
2006.29	100.334
2008.22	100.227
2010.15	100.23
2012.08	100.328
2014.01	100.397
2015.93	100.478
2017.86	100.581
2019.79	100.58
2021.72	100.51
2023.65	100.459
2025.58	100.37
2027.51	100.294
2029.44	100.377
2031.37	100.49
2033.3	100.429
2035.23	100.324
2037.15	100.347
2039.08	100.364
2041.01	100.217
2042.94	100.047
2044.87	100.057
2046.8	100.175
2048.73	100.16
2050.66	99.9802
2052.59	99.838
2054.52	99.8069
2056.45	99.7072
2058.37	99.4526
2060.3	99.2638
2062.23	99.3386
2064.16	99.5411
2066.09	99.6484
2068.02	99.6906
2069.95	99.744
2071.88	99.6922
2073.81	99.5251
2075.74	99.4627
2077.67	99.5236
2079.6	99.4893
2081.52	99.3774
2083.45	99.3694
2085.38	99.4319
2087.31	99.4771
2089.24	99.5156
2091.17	99.4573
2093.1	99.2527
2095.03	99.1448
2096.96	99.3225
2098.89	99.587
2100.82	99.6705
2102.74	99.6041
2104.67	99.575
2106.6	99.5996
2108.53	99.5567
2110.46	99.4949
2112.39	99.5556
2114.32	99.6435
2116.25	99.6253
2118.18	99.6261
2120.11	99.7069
2122.04	99.7064
2123.97	99.6385
2125.89	99.6563
2127.82	99.7022
2129.75	99.7506
2131.68	99.9732
2133.61	100.285
2135.54	100.377
2137.47	100.306
2139.4	100.307
2141.33	100.268
2143.26	100.094
2145.19	100.065
2147.11	100.313
2149.04	100.512
2150.97	100.456
2152.9	100.381
2154.83	100.501
2156.76	100.645
2158.69	100.564
2160.62	100.319
2162.55	100.148
2164.48	100.103
2166.41	100.062
2168.33	99.9314
2170.26	99.7571
2172.19	99.7163
2174.12	99.9278
2176.05	100.242
2177.98	100.403
2179.91	100.364
2181.84	100.262
2183.77	100.239
2185.7	100.336
2187.63	100.408
2189.56	100.267
2191.48	100.01
2193.41	99.9044
2195.34	99.9611
2197.27	99.9736
2199.2	99.9172
2201.13	99.9147
2203.06	99.9063
2204.99	99.7511
2206.92	99.5497
2208.85	99.4955
2210.78	99.5706
2212.7	99.6806
2214.63	99.7915
2216.56	99.7926
2218.49	99.6398
2220.42	99.5718
2222.35	99.7284
2224.28	99.861
2226.21	99.7956
2228.14	99.6905
2230.07	99.6231
2232	99.5135
2233.93	99.4543
2235.85	99.5395
2237.78	99.5833
2239.71	99.4819
2241.64	99.4384
2243.57	99.5306
2245.5	99.6274
2247.43	99.7752
2249.36	100.033
2251.29	100.128
2253.22	99.881
2255.15	99.5922
2257.07	99.5954
2259	99.8682
2260.93	100.209
2262.86	100.401
2264.79	100.329
2266.72	100.184
2268.65	100.231
2270.58	100.389
2272.51	100.413
2274.44	100.326
2276.37	100.268
2278.29	100.193
2280.22	100.045
2282.15	99.9435
2284.08	99.9725
2286.01	100.108
2287.94	100.369
2289.87	100.757
2291.8	101.127
2293.73	101.398
2295.66	101.719
2297.59	102.232
2299.52	102.832
2301.44	103.35
2303.37	103.855
2305.3	104.608
2307.23	105.721
2309.16	106.938
2311.09	107.862
2313.02	108.44
2314.95	109.09
2316.88	110.234
2318.81	111.885
2320.74	113.738
2322.66	115.436
2324.59	116.785
2326.52	117.901
2328.45	119.051
2330.38	120.161
2332.31	120.791
2334.24	121.087
2336.17	121.633
2338.1	122.316
2340.03	122.769
2341.96	122.971
2343.89	121.835
2345.81	118.83
2347.74	116.536
2349.67	116.695
2351.6	119.341
2353.53	123.763
2355.46	128.081
2357.39	130.803
2359.32	132.017
2361.25	132.226
2363.18	131.41
2365.11	128.886
2367.03	125.334
2368.96	122.158
2370.89	119.033
2372.82	115.238
2374.75	111.357
2376.68	108.181
2378.61	105.675
2380.54	103.47
2382.47	101.559
2384.4	100.135
2386.33	99.1649
2388.26	98.5033
2390.18	98.1638
2392.11	98.1227
2394.04	98.1417
2395.97	98.0546
2397.9	97.9342
2399.83	97.8753
2401.76	97.8897
2403.69	97.9646
2405.62	98.0423
2407.55	98.0523
2409.48	98.0135
2411.4	97.9976
2413.33	98.0104
2415.26	97.9764
2417.19	97.8524
2419.12	97.7323
2421.05	97.7526
2422.98	97.8966
2424.91	98.0267
2426.84	98.0918
2428.77	98.1489
2430.7	98.2057
2432.62	98.1961
2434.55	98.1167
2436.48	98.062
2438.41	98.0802
2440.34	98.0911
2442.27	98.0259
2444.2	97.9708
2446.13	98.0358
2448.06	98.1373
2449.99	98.1042
2451.92	97.9605
2453.85	97.8666
2455.77	97.8498
2457.7	97.8431
2459.63	97.8512
2461.56	97.8747
2463.49	97.8875
2465.42	97.9671
2467.35	98.1608
2469.28	98.2879
2471.21	98.1787
2473.14	97.9478
2475.07	97.8022
2476.99	97.7865
2478.92	97.8302
2480.85	97.8708
2482.78	97.8963
2484.71	97.9481
2486.64	98.057
2488.57	98.1831
2490.5	98.2646
2492.43	98.2833
2494.36	98.261
2496.29	98.2321
2498.22	98.2126
2500.14	98.1847
2502.07	98.1512
2504	98.1666
2505.93	98.2309
2507.86	98.2432
2509.79	98.1829
2511.72	98.191
2513.65	98.317
2515.58	98.3844
2517.51	98.272
2519.44	98.0952
2521.36	97.9859
2523.29	97.9463
2525.22	97.9634
2527.15	98.046
2529.08	98.1639
2531.01	98.2686
2532.94	98.3014
2534.87	98.2111
2536.8	98.0758
2538.73	98.0474
2540.66	98.0922
2542.58	98.0464
2544.51	97.9388
2546.44	97.9337
2548.37	98.0052
2550.3	97.9974
2552.23	97.9204
2554.16	97.8929
2556.09	97.9019
2558.02	97.8619
2559.95	97.8197
2561.88	97.894
2563.81	98.0462
2565.73	98.089
2567.66	97.97
2569.59	97.8776
2571.52	97.9364
2573.45	97.9893
2575.38	97.864
2577.31	97.6625
2579.24	97.6003
2581.17	97.7146
2583.1	97.8565
2585.03	97.8794
2586.95	97.7739
2588.88	97.6423
2590.81	97.5916
2592.74	97.6571
2594.67	97.7532
2596.6	97.7481
2598.53	97.6726
2600.46	97.6614
2602.39	97.669
2604.32	97.5812
2606.25	97.4747
2608.18	97.4146
2610.1	97.3245
2612.03	97.2513
2613.96	97.2827
2615.89	97.2858
2617.82	97.1794
2619.75	97.119
2621.68	97.1459
2623.61	97.1254
2625.54	97.0591
2627.47	97.0556
2629.4	97.1123
2631.32	97.1413
2633.25	97.0889
2635.18	96.9983
2637.11	96.9594
2639.04	96.9519
2640.97	96.8723
2642.9	96.7332
2644.83	96.64
2646.76	96.6235
2648.69	96.6391
2650.62	96.6374
2652.54	96.6025
2654.47	96.5864
2656.4	96.6309
2658.33	96.6592
2660.26	96.5891
2662.19	96.4843
2664.12	96.4444
2666.05	96.4548
2667.98	96.465
2669.91	96.4837
2671.84	96.5011
2673.77	96.463
2675.69	96.3852
2677.62	96.3539
2679.55	96.3921
2681.48	96.4467
2683.41	96.4753
2685.34	96.4653
2687.27	96.4276
2689.2	96.3923
2691.13	96.3644
2693.06	96.3277
2694.99	96.308
2696.91	96.3377
2698.84	96.3809
2700.77	96.3885
2702.7	96.3706
2704.63	96.3469
2706.56	96.3115
2708.49	96.2684
2710.42	96.2179
2712.35	96.1528
2714.28	96.1195
2716.21	96.1539
2718.14	96.1591
2720.06	96.0609
2721.99	95.9813
2723.92	96.0074
2725.85	96.0232
2727.78	95.9743
2729.71	95.9528
2731.64	95.9515
2733.57	95.9169
2735.5	95.9192
2737.43	95.9579
2739.36	95.9003
2741.28	95.7686
2743.21	95.7204
2745.14	95.7666
2747.07	95.8071
2749	95.8089
2750.93	95.7911
2752.86	95.7695
2754.79	95.7476
2756.72	95.7283
2758.65	95.7408
2760.58	95.7845
2762.51	95.8
2764.43	95.7935
2766.36	95.8192
2768.29	95.8189
2770.22	95.7338
2772.15	95.6543
2774.08	95.6256
2776.01	95.5634
2777.94	95.4732
2779.87	95.4376
2781.8	95.429
2783.73	95.4027
2785.65	95.4126
2787.58	95.4767
2789.51	95.5278
2791.44	95.5335
2793.37	95.5045
2795.3	95.435
2797.23	95.3484
2799.16	95.3329
2801.09	95.4438
2803.02	95.5894
2804.95	95.5944
2806.87	95.4054
2808.8	95.1531
2810.73	94.9864
2812.66	94.9341
2814.59	94.9301
2816.52	94.8957
2818.45	94.8067
2820.38	94.7104
2822.31	94.634
2824.24	94.511
2826.17	94.2899
2828.1	94.0636
2830.02	93.9477
2831.95	93.8684
2833.88	93.6533
2835.81	93.3096
2837.74	93.018
2839.67	92.8671
2841.6	92.7623
2843.53	92.5821
2845.46	92.3185
2847.39	92.0422
2849.32	91.7576
2851.24	91.3861
2853.17	90.911
2855.1	90.3839
2857.03	89.8061
2858.96	89.1855
2860.89	88.603
2862.82	88.0731
2864.75	87.5328
2866.68	87.0193
2868.61	86.6224
2870.54	86.3305
2872.47	86.1424
2874.39	86.1661
2876.32	86.4407
2878.25	86.8314
2880.18	87.194
2882.11	87.5034
2884.04	87.7845
2885.97	88.0262
2887.9	88.1709
2889.83	88.1533
2891.76	88.0168
2893.69	87.9455
2895.61	87.9945
2897.54	87.9356
2899.47	87.6571
2901.4	87.428
2903.33	87.4413
2905.26	87.5298
2907.19	87.5481
2909.12	87.5308
2911.05	87.4669
2912.98	87.3479
2914.91	87.2276
2916.83	87.0269
2918.76	86.6375
2920.69	86.1576
2922.62	85.6757
2924.55	85.1313
2926.48	84.5938
2928.41	84.2599
2930.34	84.1141
2932.27	83.9652
2934.2	83.8297
2936.13	83.9709
2938.06	84.4561
2939.98	84.965
2941.91	85.2465
2943.84	85.4205
2945.77	85.5631
2947.7	85.4683
2949.63	85.0599
2951.56	84.546
2953.49	84.0451
2955.42	83.5183
2957.35	83.0723
2959.28	82.9633
2961.2	83.305
2963.13	84.0088
2965.06	85.0433
2966.99	86.4896
2968.92	88.1349
2970.85	89.3888
2972.78	90.0029
2974.71	90.3924
2976.64	90.9492
2978.57	91.6428
2980.5	92.3251
2982.43	92.9022
2984.35	93.3437
2986.28	93.7877
2988.21	94.3316
2990.14	94.7868
2992.07	95.0238
2994	95.2233
2995.93	95.4987
2997.86	95.7426
2999.79	95.925
3001.72	96.0968
3003.65	96.2379
3005.57	96.3829
3007.5	96.5984
3009.43	96.8048
3011.36	96.9595
3013.29	97.1787
3015.22	97.4227
3017.15	97.4879
3019.08	97.3952
3021.01	97.3264
3022.94	97.352
3024.87	97.5028
3026.79	97.6874
3028.72	97.6148
3030.65	97.2908
3032.58	97.11
3034.51	97.1385
3036.44	97.0673
3038.37	96.8728
3040.3	96.7412
3042.23	96.6617
3044.16	96.6163
3046.09	96.6488
3048.02	96.6485
3049.94	96.5251
3051.87	96.3528
3053.8	96.2218
3055.73	96.2989
3057.66	96.7103
3059.59	97.1539
3061.52	97.2311
3063.45	97.0264
3065.38	96.7645
3067.31	96.4462
3069.24	96.2071
3071.16	96.2885
3073.09	96.5399
3075.02	96.6128
3076.95	96.5145
3078.88	96.4672
3080.81	96.5307
3082.74	96.6379
3084.67	96.6893
3086.6	96.5863
3088.53	96.4047
3090.46	96.349
3092.39	96.4147
3094.31	96.4293
3096.24	96.3779
3098.17	96.3027
3100.1	96.1184
3102.03	95.8985
3103.96	95.9394
3105.89	96.2448
3107.82	96.4243
3109.75	96.2917
3111.68	96.1119
3113.61	96.1379
3115.53	96.2532
3117.46	96.2409
3119.39	96.143
3121.32	96.1049
3123.25	96.0947
3125.18	96.0492
3127.11	96.0561
3129.04	96.1465
3130.97	96.1717
3132.9	96.052
3134.83	95.9281
3136.75	95.9588
3138.68	96.0777
3140.61	96.053
3142.54	95.7924
3144.47	95.4728
3146.4	95.3209
3148.33	95.4344
3150.26	95.7427
3152.19	95.9766
3154.12	95.905
3156.05	95.6732
3157.98	95.5522
3159.9	95.4978
3161.83	95.4138
3163.76	95.4765
3165.69	95.7487
3167.62	95.938
3169.55	95.8478
3171.48	95.6209
3173.41	95.4453
3175.34	95.3891
3177.27	95.421
3179.2	95.3979
3181.12	95.2518
3183.05	95.1345
3184.98	95.1342
3186.91	95.1267
3188.84	95.0625
3190.77	95.0059
3192.7	94.9327
3194.63	94.8673
3196.56	94.9229
3198.49	95.0182
3200.42	95.0231
3202.35	95.0397
3204.27	95.0601
3206.2	94.8615
3208.13	94.5207
3210.06	94.3415
3211.99	94.3339
3213.92	94.3789
3215.85	94.5024
3217.78	94.6177
3219.71	94.5553
3221.64	94.4177
3223.57	94.4068
3225.49	94.4687
3227.42	94.4368
3229.35	94.3176
3231.28	94.2465
3233.21	94.2485
3235.14	94.2089
3237.07	94.092
3239	93.9695
3240.93	93.8435
3242.86	93.7165
3244.79	93.6582
3246.72	93.583
3248.64	93.3379
3250.57	93.0731
3252.5	93.068
3254.43	93.2763
3256.36	93.4046
3258.29	93.3245
3260.22	93.1961
3262.15	93.2337
3264.08	93.4244
3266.01	93.5536
3267.94	93.4657
3269.86	93.1872
3271.79	92.8726
3273.72	92.6959
3275.65	92.7026
3277.58	92.8094
3279.51	92.9473
3281.44	93.031
3283.37	92.9519
3285.3	92.7827
3287.23	92.7071
3289.16	92.6932
3291.08	92.5756
3293.01	92.3848
3294.94	92.2883
3296.87	92.3326
3298.8	92.4175
3300.73	92.4094
3302.66	92.2609
3304.59	92.085
3306.52	92.0287
3308.45	92.0843
3310.38	92.1411
3312.31	92.1206
3314.23	91.9701
3316.16	91.7204
3318.09	91.582
3320.02	91.705
3321.95	91.9097
3323.88	91.9506
3325.81	91.8781
3327.74	91.8493
3329.67	91.8101
3331.6	91.6359
3333.53	91.3984
3335.45	91.277
3337.38	91.3044
3339.31	91.349
3341.24	91.32
3343.17	91.2563
3345.1	91.2156
3347.03	91.1763
3348.96	91.0831
3350.89	90.9578
3352.82	90.9112
3354.75	90.9997
3356.68	91.1386
3358.6	91.2182
3360.53	91.2179
3362.46	91.1846
3364.39	91.1691
3366.32	91.1382
3368.25	91.0237
3370.18	90.9266
3372.11	90.9989
3374.04	91.1408
3375.97	91.1809
3377.9	91.1717
3379.82	91.2002
3381.75	91.2223
3383.68	91.186
3385.61	91.0761
3387.54	90.9491
3389.47	90.9258
3391.4	90.9849
3393.33	90.9913
3395.26	90.9648
3397.19	90.9919
3399.12	91.0388
3401.04	91.0953
3402.97	91.1973
3404.9	91.2642
3406.83	91.2229
3408.76	91.1497
3410.69	91.1004
3412.62	91.0571
3414.55	91.0534
3416.48	91.1166
3418.41	91.1892
3420.34	91.223
3422.27	91.2321
3424.19	91.2919
3426.12	91.5146
3428.05	91.8383
3429.98	91.9431
3431.91	91.6425
3433.84	91.1693
3435.77	90.8791
3437.7	90.9038
3439.63	91.136
3441.56	91.35
3443.49	91.4169
3445.41	91.4448
3447.34	91.5403
3449.27	91.5975
3451.2	91.5458
3453.13	91.5287
3455.06	91.6478
3456.99	91.778
3458.92	91.7767
3460.85	91.7195
3462.78	91.7471
3464.71	91.7692
3466.64	91.6064
3468.56	91.3489
3470.49	91.2465
3472.42	91.3696
3474.35	91.6042
3476.28	91.7613
3478.21	91.6925
3480.14	91.4945
3482.07	91.4082
3484	91.454
3485.93	91.4368
3487.86	91.2662
3489.78	91.1144
3491.71	91.2793
3493.64	91.6997
3495.57	91.878
3497.5	91.7125
3499.43	91.7047
3501.36	91.8455
3503.29	91.5912
3505.22	91.1489
3507.15	91.14
3509.08	91.3422
3511	91.2733
3512.93	91.1247
3514.86	91.1636
3516.79	91.2488
3518.72	91.317
3520.65	91.4769
3522.58	91.675
3524.51	91.764
3526.44	91.6936
3528.37	91.4997
3530.3	91.3412
3532.23	91.4084
3534.15	91.6494
3536.08	91.8083
3538.01	91.7588
3539.94	91.6614
3541.87	91.6813
3543.8	91.7378
3545.73	91.7106
3547.66	91.7829
3549.59	92.1702
3551.52	92.6606
3553.45	92.8549
3555.37	92.738
3557.3	92.623
3559.23	92.6358
3561.16	92.7626
3563.09	93.039
3565.02	93.4159
3566.95	93.664
3568.88	93.6741
3570.81	93.6665
3572.74	93.7735
3574.67	93.9788
3576.6	94.2474
3578.52	94.5466
3580.45	94.8456
3582.38	95.0848
3584.31	95.2468
3586.24	95.4396
3588.17	95.7038
3590.1	95.8441
3592.03	95.8915
3593.96	96.1683
3595.89	96.7168
3597.82	97.0588
3599.74	96.9846
3601.67	96.9003
3603.6	97.1099
3605.53	97.31
3607.46	97.168
3609.39	96.9529
3611.32	97.0313
3613.25	97.2045
3615.18	97.3726
3617.11	97.6989
3619.04	97.8963
3620.97	97.6844
3622.89	97.6703
3624.82	98.1544
3626.75	98.6226
3628.68	98.6127
3630.61	98.4156
3632.54	98.1664
3634.47	97.6335
3636.4	97.155
3638.33	97.1517
3640.26	97.3658
3642.19	97.351
3644.11	97.099
3646.04	96.9684
3647.97	97.3698
3649.9	98.0681
3651.83	98.1213
3653.76	97.786
3655.69	97.5993
3657.62	97.4839
3659.55	97.2242
3661.48	96.991
3663.41	96.9728
3665.33	97.117
3667.26	97.318
3669.19	97.4482
3671.12	97.4165
3673.05	97.6245
3674.98	98.3506
3676.91	98.7469
3678.84	98.1849
3680.77	97.5918
3682.7	97.5028
3684.63	97.6785
3686.56	97.9486
3688.48	98.5073
3690.41	98.9723
3692.34	98.7252
3694.27	98.3276
3696.2	98.3431
3698.13	98.587
3700.06	98.692
3701.99	98.6578
3703.92	98.6117
3705.85	98.6184
3707.78	98.819
3709.7	99.1593
3711.63	99.0569
3713.56	98.4039
3715.49	97.994
3717.42	98.0991
3719.35	98.4604
3721.28	98.8719
3723.21	99.3171
3725.14	99.5195
3727.07	99.1873
3729	98.7855
3730.93	98.8563
3732.85	99.2611
3734.78	99.5617
3736.71	99.6458
3738.64	99.4871
3740.57	99.0267
3742.5	98.4378
3744.43	98.1192
3746.36	98.2559
3748.29	98.4586
3750.22	98.4731
3752.15	98.2563
3754.07	97.9927
3756	97.8085
3757.93	97.6769
3759.86	97.6334
3761.79	97.6965
3763.72	97.7658
3765.65	97.7623
3767.58	97.6797
3769.51	97.5163
3771.44	97.3198
3773.37	97.2432
3775.29	97.3269
3777.22	97.4301
3779.15	97.4237
3781.08	97.3545
3783.01	97.3177
3784.94	97.3296
3786.87	97.3607
3788.8	97.2985
3790.73	97.1201
3792.66	97.0592
3794.59	97.2597
3796.52	97.468
3798.44	97.5145
3800.37	97.6242
3802.3	97.7806
3804.23	97.7129
3806.16	97.5825
3808.09	97.5956
3810.02	97.6103
3811.95	97.5126
3813.88	97.3717
3815.81	97.3125
3817.74	97.4539
3819.66	97.681
3821.59	97.7435
3823.52	97.6602
3825.45	97.616
3827.38	97.5866
3829.31	97.5668
3831.24	97.6193
3833.17	97.6632
3835.1	97.687
3837.03	97.8452
3838.96	97.9736
3840.89	97.778
3842.81	97.4785
3844.74	97.2651
3846.67	97.088
3848.6	97.0401
3850.53	97.2438
3852.46	97.5934
3854.39	97.8047
3856.32	97.7957
3858.25	97.6321
3860.18	97.435
3862.11	97.4527
3864.03	97.6539
3865.96	97.6869
3867.89	97.619
3869.82	97.6884
3871.75	97.7051
3873.68	97.5146
3875.61	97.3655
3877.54	97.371
3879.47	97.4293
3881.4	97.4681
3883.33	97.4636
3885.25	97.4192
3887.18	97.435
3889.11	97.562
3891.04	97.6677
3892.97	97.6342
3894.9	97.5892
3896.83	97.641
3898.76	97.631
3900.69	97.4483
3902.62	97.3798
3904.55	97.5344
3906.48	97.5603
3908.4	97.405
3910.33	97.2993
3912.26	97.2658
3914.19	97.2244
3916.12	97.2122
3918.05	97.1905
3919.98	97.0569
3921.91	96.9535
3923.84	97.0232
3925.77	97.1432
3927.7	97.2084
3929.62	97.309
3931.55	97.4214
3933.48	97.376
3935.41	97.2145
3937.34	97.1191
3939.27	97.1161
3941.2	97.1405
3943.13	97.1936
3945.06	97.2713
3946.99	97.2831
3948.92	97.2108
3950.85	97.1756
3952.77	97.2158
3954.7	97.2205
3956.63	97.1398
3958.56	97.0111
3960.49	96.85
3962.42	96.7189
3964.35	96.726
3966.28	96.8155
3968.21	96.857
3970.14	96.9126
3972.07	97.0694
3973.99	97.1616
3975.92	97.0408
3977.85	96.8972
3979.78	96.9383
3981.71	97.0277
3983.64	96.9511
3985.57	96.7967
3987.5	96.7815
3989.43	96.9009
3991.36	97.0124
3993.29	97.0866
3995.22	97.1357
3997.14	97.0956
