499.643	79.1261
501.572	78.1574
503.501	78.6026
505.43	79.223
507.36	79.3319
509.289	80.7278
511.218	83.1135
513.147	83.889
515.076	82.9393
517.005	82.2354
518.934	82.0704
520.863	81.5996
522.792	81.1635
524.722	81.364
526.651	81.8769
528.58	82.1278
530.509	82.0399
532.438	81.7099
534.367	81.4063
536.296	81.6087
538.225	82.2563
540.155	82.6415
542.084	82.5488
544.013	82.4347
545.942	82.305
547.871	81.8141
549.8	81.2565
551.729	81.1121
553.658	81.2186
555.588	81.2906
557.517	81.4648
559.446	81.7944
561.375	81.9397
563.304	81.7271
565.233	81.4735
567.162	81.4631
569.091	81.5126
571.021	81.3688
572.95	81.215
574.879	81.35
576.808	81.6248
578.737	81.6386
580.666	81.4189
582.595	81.3567
584.524	81.4992
586.454	81.5265
588.383	81.4172
590.312	81.3786
592.241	81.3026
594.17	81.0848
596.099	81.01
598.028	81.153
599.957	81.1864
601.887	81.0391
603.816	80.9466
605.745	80.932
607.674	80.877
609.603	80.7226
611.532	80.454
613.461	80.3374
615.39	80.7147
617.32	81.2742
619.249	81.4119
621.178	81.2841
623.107	81.3103
625.036	81.4128
626.965	81.4779
628.894	81.6318
630.823	81.8866
632.753	82.1863
634.682	82.5172
636.611	82.7535
638.54	82.8947
640.469	83.2145
642.398	83.7976
644.327	84.4864
646.256	85.2253
648.186	85.832
650.115	86.0279
652.044	86.0758
653.973	86.2463
655.902	86.1704
657.831	85.7732
659.76	85.4201
661.689	85.0412
663.619	84.7676
665.548	85.5323
667.477	87.9171
669.406	89.158
671.335	87.9263
673.264	87.0392
675.193	87.0409
677.122	87.2882
679.052	87.5768
680.981	87.9923
682.91	88.2277
684.839	88.2103
686.768	88.2026
688.697	88.1764
690.626	88.0441
692.555	87.9163
694.485	87.8052
696.414	87.6604
698.343	87.5371
700.272	87.4336
702.201	87.2916
704.13	87.1648
706.059	87.1101
707.988	87.0755
709.917	87.0252
711.847	86.9589
713.776	86.862
715.705	86.8329
717.634	87.0057
719.563	87.2009
721.492	87.0373
723.421	86.5356
725.35	86.0425
727.28	85.6584
729.209	85.242
731.138	84.7218
733.067	84.1071
734.996	83.4451
736.925	82.9081
738.854	82.6686
740.783	82.6779
742.713	82.7496
744.642	82.7895
746.571	82.8061
748.5	82.8085
750.429	82.8167
752.358	82.8885
754.287	83.062
756.216	83.3202
758.146	83.6218
760.075	83.9154
762.004	84.1494
763.933	84.3245
765.862	84.4939
767.791	84.6705
769.72	84.8041
771.649	84.8738
773.579	84.9237
775.508	84.9973
777.437	85.0868
779.366	85.1435
781.295	85.1241
783.224	85.0281
785.153	84.8607
787.082	84.5813
789.012	84.1768
790.941	83.7177
792.87	83.1861
794.799	82.3658
796.728	81.0207
798.657	78.8972
800.586	75.5172
802.515	70.6482
804.445	65.2522
806.374	61.3014
808.303	60.3171
810.232	62.4013
812.161	66.5988
814.09	71.6737
816.019	76.4692
817.948	80.1091
819.878	82.3018
821.807	83.3537
823.736	83.7672
825.665	83.8813
827.594	83.8362
829.523	83.691
831.452	83.4664
833.381	83.1298
835.311	82.6388
837.24	82.0024
839.169	81.2492
841.098	80.4045
843.027	79.5862
844.956	79.038
846.885	78.949
848.814	79.2928
850.744	79.893
852.673	80.569
854.602	81.1785
856.531	81.6249
858.46	81.9079
860.389	82.1012
862.318	82.2363
864.247	82.2879
866.177	82.284
868.106	82.298
870.035	82.325
871.964	82.302
873.893	82.2153
875.822	82.0971
877.751	81.9961
879.68	81.9592
881.609	81.9431
883.539	81.8354
885.468	81.6323
887.397	81.4281
889.326	81.2235
891.255	80.9504
893.184	80.6433
895.113	80.3921
897.042	80.1908
898.972	79.9977
900.901	79.8691
902.83	79.8797
904.759	79.9725
906.688	80.0263
908.617	80.0012
910.546	79.9118
912.475	79.7596
914.405	79.5623
916.334	79.335
918.263	79.0488
920.192	78.6989
922.121	78.3425
924.05	78.0249
925.979	77.7569
927.908	77.5291
929.838	77.2832
931.767	76.952
933.696	76.5339
935.625	76.0535
937.554	75.5067
939.483	74.8924
941.412	74.2139
943.341	73.4258
945.271	72.4507
947.2	71.2846
949.129	70.0716
951.058	69.0072
952.987	68.1166
954.916	67.1848
956.845	65.9519
958.774	64.3371
960.704	62.4908
962.633	60.697
964.562	59.1977
966.491	58.0685
968.42	57.2493
970.349	56.6222
972.278	56.0238
974.207	55.2904
976.137	54.3672
978.066	53.3415
979.995	52.3969
981.924	51.779
983.853	51.7006
985.782	52.1779
987.711	53.0397
989.64	54.1334
991.57	55.3956
993.499	56.7087
995.428	57.8657
997.357	58.7088
999.286	59.1914
1001.22	59.3358
1003.14	59.2215
1005.07	58.9792
1007	58.7466
1008.93	58.6405
1010.86	58.7197
1012.79	58.9186
1014.72	59.0576
1016.65	58.9614
1018.58	58.5693
1020.51	57.9205
1022.44	57.0631
1024.36	56.0825
1026.29	55.2317
1028.22	54.817
1030.15	54.8261
1032.08	54.8701
1034.01	54.6027
1035.94	53.9976
1037.87	53.181
1039.8	52.2456
1041.73	51.2748
1043.66	50.3533
1045.58	49.507
1047.51	48.6881
1049.44	47.801
1051.37	46.7759
1053.3	45.6891
1055.23	44.7902
1057.16	44.3624
1059.09	44.5543
1061.02	45.3207
1062.95	46.495
1064.88	47.9249
1066.81	49.5618
1068.73	51.4571
1070.66	53.6847
1072.59	56.2395
1074.52	58.9972
1076.45	61.7698
1078.38	64.3746
1080.31	66.6716
1082.24	68.5771
1084.17	70.0366
1086.1	71.0035
1088.03	71.4739
1089.95	71.4937
1091.88	71.1024
1093.81	70.3336
1095.74	69.2832
1097.67	68.1071
1099.6	66.9293
1101.53	65.7979
1103.46	64.7255
1105.39	63.725
1107.32	62.8216
1109.25	62.0733
1111.18	61.5527
1113.1	61.2859
1115.03	61.251
1116.96	61.4155
1118.89	61.7098
1120.82	62.0084
1122.75	62.1854
1124.68	62.1342
1126.61	61.7361
1128.54	60.875
1130.47	59.4672
1132.4	57.47
1134.32	54.925
1136.25	51.9883
1138.18	48.8863
1140.11	45.8663
1142.04	43.1588
1143.97	40.9128
1145.9	39.167
1147.83	37.8891
1149.76	37.0062
1151.69	36.4291
1153.62	36.1052
1155.55	36.0105
1157.47	36.0956
1159.4	36.3059
1161.33	36.6283
1163.26	37.0652
1165.19	37.5988
1167.12	38.1949
1169.05	38.8205
1170.98	39.4627
1172.91	40.1125
1174.84	40.7474
1176.77	41.3889
1178.69	42.1115
1180.62	42.936
1182.55	43.8236
1184.48	44.7754
1186.41	45.8104
1188.34	46.9092
1190.27	48.0795
1192.2	49.3702
1194.13	50.7837
1196.06	52.2821
1197.99	53.8505
1199.91	55.4829
1201.84	57.1395
1203.77	58.7439
1205.7	60.2349
1207.63	61.6269
1209.56	62.9854
1211.49	64.4429
1213.42	66.208
1215.35	68.1578
1217.28	69.5293
1219.21	69.8285
1221.14	69.7627
1223.06	70.2239
1224.99	71.1073
1226.92	71.7877
1228.85	72.0036
1230.78	71.7581
1232.71	71.0341
1234.64	69.9344
1236.57	68.6497
1238.5	67.3101
1240.43	66.0086
1242.36	64.7852
1244.28	63.6176
1246.21	62.5225
1248.14	61.5537
1250.07	60.7255
1252	60.0476
1253.93	59.5574
1255.86	59.275
1257.79	59.1859
1259.72	59.2479
1261.65	59.4277
1263.58	59.7548
1265.51	60.2723
1267.43	60.967
1269.36	61.8156
1271.29	62.8135
1273.22	63.921
1275.15	65.0657
1277.08	66.1871
1279.01	67.2548
1280.94	68.2709
1282.87	69.2278
1284.8	70.0661
1286.73	70.6937
1288.65	71.0068
1290.58	70.9689
1292.51	70.7681
1294.44	70.7932
1296.37	71.3728
1298.3	72.5737
1300.23	74.2432
1302.16	76.1425
1304.09	78.0277
1306.02	79.7072
1307.95	81.0892
1309.87	82.1813
1311.8	83.0299
1313.73	83.6706
1315.66	84.1399
1317.59	84.4805
1319.52	84.7171
1321.45	84.8589
1323.38	84.9285
1325.31	84.9795
1327.24	85.0692
1329.17	85.2196
1331.1	85.444
1333.02	85.7569
1334.95	86.1392
1336.88	86.5803
1338.81	87.0875
1340.74	87.614
1342.67	88.1227
1344.6	88.6521
1346.53	89.2219
1348.46	89.7949
1350.39	90.285
1352.32	90.5883
1354.24	90.6782
1356.17	90.646
1358.1	90.6366
1360.03	90.8089
1361.96	91.2283
1363.89	91.602
1365.82	91.5624
1367.75	91.1662
1369.68	90.7188
1371.61	90.3617
1373.54	89.8308
1375.47	88.9252
1377.39	87.989
1379.32	87.2068
1381.25	86.3836
1383.18	85.5419
1385.11	84.7161
1387.04	83.6381
1388.97	82.3782
1390.9	81.292
1392.83	80.2704
1394.76	79.1454
1396.69	77.8506
1398.61	76.0999
1400.54	73.8815
1402.47	71.4632
1404.4	69.0311
1406.33	67.398
1408.26	67.4556
1410.19	69.1742
1412.12	72.1488
1414.05	75.4388
1415.98	78.5088
1417.91	81.7034
1419.83	84.5349
1421.76	86.2563
1423.69	87.4029
1425.62	88.2985
1427.55	88.8186
1429.48	88.9613
1431.41	88.8634
1433.34	88.7076
1435.27	88.5006
1437.2	88.0618
1439.13	87.4451
1441.06	86.7828
1442.98	86.02
1444.91	85.2148
1446.84	84.4358
1448.77	83.624
1450.7	82.963
1452.63	82.6992
1454.56	82.7718
1456.49	82.8992
1458.42	82.5551
1460.35	81.9834
1462.28	81.5847
1464.2	81.2668
1466.13	81.0256
1468.06	81.1376
1469.99	81.76
1471.92	82.8506
1473.85	83.9733
1475.78	84.9202
1477.71	86.049
1479.64	87.3925
1481.57	88.7906
1483.5	90.1338
1485.43	91.3657
1487.35	92.5351
1489.28	93.5356
1491.21	94.0373
1493.14	94.2945
1495.07	94.6897
1497	95.1402
1498.93	95.3362
1500.86	95.3658
1502.79	95.4849
1504.72	95.8378
1506.65	96.3623
1508.57	96.344
1510.5	95.9404
1512.43	95.7834
1514.36	95.9657
1516.29	96.2998
1518.22	96.5922
1520.15	96.8119
1522.08	96.8912
1524.01	96.8363
1525.94	96.7375
1527.87	96.6244
1529.8	96.5695
1531.72	96.6251
1533.65	96.6921
1535.58	96.7037
1537.51	96.8504
1539.44	97.265
1541.37	97.5045
1543.3	97.2058
1545.23	96.8754
1547.16	96.7145
1549.09	96.6694
1551.02	96.6564
1552.94	96.6823
1554.87	96.8596
1556.8	97.2226
1558.73	97.4036
1560.66	97.0075
1562.59	96.6129
1564.52	96.4426
1566.45	96.4624
1568.38	96.525
1570.31	96.3915
1572.24	96.2192
1574.16	96.258
1576.09	96.3533
1578.02	96.2093
1579.95	96.0023
1581.88	95.8857
1583.81	95.7824
1585.74	95.6691
1587.67	95.5865
1589.6	95.5256
1591.53	95.4683
1593.46	95.402
1595.39	95.2897
1597.31	95.1216
1599.24	94.9536
1601.17	94.7981
1603.1	94.5528
1605.03	94.1997
1606.96	93.8294
1608.89	93.2733
1610.82	92.3694
1612.75	91.4693
1614.68	90.7828
1616.61	90.1318
1618.53	89.6716
1620.46	89.7329
1622.39	90.1582
1624.32	90.4747
1626.25	90.4129
1628.18	89.9455
1630.11	89.056
1632.04	88.1588
1633.97	87.8195
1635.9	88.3627
1637.83	89.4225
1639.76	90.5831
1641.68	91.7832
1643.61	92.8407
1645.54	93.7007
1647.47	94.2415
1649.4	94.369
1651.33	94.4462
1653.26	94.5583
1655.19	94.2966
1657.12	93.9781
1659.05	93.8607
1660.98	93.8081
1662.9	93.5957
1664.83	93.3068
1666.76	93.2186
1668.69	93.2931
1670.62	93.1188
1672.55	92.7015
1674.48	92.2646
1676.41	91.5955
1678.34	90.8595
1680.27	90.3954
1682.2	89.9089
1684.12	88.9474
1686.05	87.7751
1687.98	86.5253
1689.91	85.0988
1691.84	83.6596
1693.77	82.0847
1695.7	80.2051
1697.63	78.041
1699.56	75.0156
1701.49	71.2992
1703.42	68.0529
1705.35	64.8327
1707.27	61.0798
1709.2	57.7047
1711.13	55.145
1713.06	52.9514
1714.99	51.1334
1716.92	49.4487
1718.85	47.4408
1720.78	46.1102
1722.71	45.833
1724.64	46.1587
1726.57	47.0975
1728.49	48.6804
1730.42	50.6566
1732.35	53.4155
1734.28	57.1644
1736.21	60.5418
1738.14	63.4151
1740.07	66.6107
1742	70.0115
1743.93	73.2285
1745.86	76.4897
1747.79	79.9344
1749.72	83.4528
1751.64	86.7742
1753.57	89.5599
1755.5	91.9054
1757.43	94.0916
1759.36	95.9373
1761.29	97.118
1763.22	97.7401
1765.15	98.006
1767.08	98.1033
1769.01	98.3247
1770.94	98.6206
1772.86	98.5617
1774.79	98.2337
1776.72	97.9687
1778.65	97.7696
1780.58	97.6343
1782.51	97.5783
1784.44	97.5438
1786.37	97.5455
1788.3	97.6252
1790.23	97.7665
1792.16	97.8614
1794.08	97.7425
1796.01	97.5511
1797.94	97.4953
1799.87	97.4883
1801.8	97.3851
1803.73	97.2748
1805.66	97.2271
1807.59	97.2349
1809.52	97.3099
1811.45	97.3318
1813.38	97.2301
1815.31	97.1823
1817.23	97.2419
1819.16	97.2859
1821.09	97.3683
1823.02	97.5613
1824.95	97.6948
1826.88	97.6658
1828.81	97.5864
1830.74	97.5051
1832.67	97.4493
1834.6	97.5074
1836.53	97.6747
1838.45	97.8079
1840.38	97.8175
1842.31	97.7825
1844.24	97.7845
1846.17	97.8175
1848.1	97.8711
1850.03	97.924
1851.96	97.8885
1853.89	97.7465
1855.82	97.6247
1857.75	97.6478
1859.68	97.8062
1861.6	97.9683
1863.53	98.0596
1865.46	98.1628
1867.39	98.2949
1869.32	98.3013
1871.25	98.2117
1873.18	98.2083
1875.11	98.2523
1877.04	98.24
1878.97	98.1881
1880.9	98.1164
1882.82	98.0559
1884.75	98.138
1886.68	98.365
1888.61	98.4873
1890.54	98.3597
1892.47	98.2308
1894.4	98.3243
1896.33	98.5114
1898.26	98.612
1900.19	98.6767
1902.12	98.7748
1904.05	98.8492
1905.97	98.8786
1907.9	98.912
1909.83	98.9475
1911.76	98.9181
1913.69	98.8169
1915.62	98.7814
1917.55	98.933
1919.48	99.1267
1921.41	99.1865
1923.34	99.1998
1925.27	99.2334
1927.19	99.202
1929.12	99.1187
1931.05	99.0852
1932.98	99.1294
1934.91	99.2502
1936.84	99.4357
1938.77	99.5792
1940.7	99.5922
1942.63	99.5914
1944.56	99.7229
1946.49	99.8026
1948.41	99.6623
1950.34	99.6196
1952.27	99.91
1954.2	100.105
1956.13	99.9262
1958.06	99.8058
1959.99	99.9568
1961.92	100.043
1963.85	100.025
1965.78	100.143
1967.71	100.298
1969.64	100.343
1971.56	100.459
1973.49	100.701
1975.42	100.778
1977.35	100.559
1979.28	100.303
1981.21	100.178
1983.14	100.055
1985.07	99.92
1987	99.9825
1988.93	100.247
1990.86	100.46
1992.78	100.519
1994.71	100.558
1996.64	100.6
1998.57	100.506
2000.5	100.306
2002.43	100.257
2004.36	100.42
2006.29	100.495
2008.22	100.328
2010.15	100.129
2012.08	99.999
2014.01	99.8128
2015.93	99.7204
2017.86	100.071
2019.79	100.672
2021.72	100.903
2023.65	100.657
2025.58	100.377
2027.51	100.291
2029.44	100.297
2031.37	100.331
2033.3	100.328
2035.23	100.234
2037.15	100.212
2039.08	100.323
2041.01	100.3
2042.94	100.077
2044.87	100.007
2046.8	100.228
2048.73	100.4
2050.66	100.272
2052.59	100.041
2054.52	99.9322
2056.45	99.8381
2058.37	99.6131
2060.3	99.4645
2062.23	99.6079
2064.16	99.781
2066.09	99.6736
2068.02	99.5154
2069.95	99.5549
2071.88	99.5748
2073.81	99.5021
2075.74	99.5996
2077.67	99.7565
2079.6	99.6639
2081.52	99.5368
2083.45	99.6122
2085.38	99.6083
2087.31	99.4131
2089.24	99.3087
2091.17	99.2897
2093.1	99.1753
2095.03	99.146
2096.96	99.3723
2098.89	99.6086
2100.82	99.6167
2102.74	99.5071
2104.67	99.4614
2106.6	99.4661
2108.53	99.4635
2110.46	99.5181
2112.39	99.6087
2114.32	99.5722
2116.25	99.4823
2118.18	99.5835
2120.11	99.7792
2122.04	99.8141
2123.97	99.7622
2125.89	99.7451
2127.82	99.6675
2129.75	99.6238
2131.68	99.8628
2133.61	100.215
2135.54	100.31
2137.47	100.234
2139.4	100.254
2141.33	100.245
2143.26	100.076
2145.19	100.035
2147.11	100.329
2149.04	100.64
2150.97	100.589
2152.9	100.343
2154.83	100.384
2156.76	100.749
2158.69	100.887
2160.62	100.56
2162.55	100.257
2164.48	100.248
2166.41	100.187
2168.33	99.9125
2170.26	99.7389
2172.19	99.8819
2174.12	100.215
2176.05	100.5
2177.98	100.591
2179.91	100.491
2181.84	100.261
2183.77	100.004
2185.7	99.8677
2187.63	99.8697
2189.56	99.8742
2191.48	99.8599
2193.41	99.9014
2195.34	99.9753
2197.27	100.061
2199.2	100.159
2201.13	100.161
2203.06	100.04
2204.99	99.9514
2206.92	99.8975
2208.85	99.7234
2210.78	99.5299
2212.7	99.5921
2214.63	99.8616
2216.56	99.9803
2218.49	99.8433
2220.42	99.7576
2222.35	99.8856
2224.28	99.9621
2226.21	99.819
2228.14	99.7029
2230.07	99.7668
2232	99.7963
2233.93	99.7161
2235.85	99.7475
2237.78	99.8572
2239.71	99.7436
2241.64	99.4795
2243.57	99.4458
2245.5	99.6795
2247.43	99.9134
2249.36	100.021
2251.29	99.9808
2253.22	99.7999
2255.15	99.6748
2257.07	99.8024
2259	100.105
2260.93	100.386
2262.86	100.484
2264.79	100.322
2266.72	100.099
2268.65	100.14
2270.58	100.343
2272.51	100.33
2274.44	100.132
2276.37	100.102
2278.29	100.233
2280.22	100.204
2282.15	100.013
2284.08	99.9789
2286.01	100.184
2287.94	100.465
2289.87	100.819
2291.8	101.309
2293.73	101.772
2295.66	102.111
2297.59	102.538
2299.52	103.131
2301.44	103.707
2303.37	104.337
2305.3	105.309
2307.23	106.555
2309.16	107.689
2311.09	108.515
2313.02	109.172
2314.95	109.986
2316.88	111.282
2318.81	113.096
2320.74	115.091
2322.66	116.843
2324.59	118.241
2326.52	119.506
2328.45	120.824
2330.38	121.923
2332.31	122.378
2334.24	122.611
2336.17	123.301
2338.1	124.109
2340.03	124.576
2341.96	124.9
2343.89	123.912
2345.81	120.658
2347.74	117.908
2349.67	117.857
2351.6	120.703
2353.53	125.648
2355.46	130.435
2357.39	133.377
2359.32	134.755
2361.25	135.092
2363.18	134.212
2365.11	131.428
2367.03	127.483
2368.96	123.795
2370.89	120.226
2372.82	116.294
2374.75	112.439
2376.68	109.152
2378.61	106.39
2380.54	103.916
2382.47	101.741
2384.4	100.095
2386.33	99.0611
2388.26	98.471
2390.18	98.1597
2392.11	98.067
2394.04	98.0852
2395.97	98.0697
2397.9	97.9846
2399.83	97.8722
2401.76	97.7852
2403.69	97.826
2405.62	98.0461
2407.55	98.2636
2409.48	98.24
2411.4	98.0251
2413.33	97.8427
2415.26	97.7401
2417.19	97.6486
2419.12	97.6214
2421.05	97.7421
2422.98	97.9478
2424.91	98.0982
2426.84	98.1129
2428.77	98.0162
2430.7	97.9073
2432.62	97.8597
2434.55	97.8535
2436.48	97.8355
2438.41	97.8135
2440.34	97.8465
2442.27	97.9464
2444.2	98.0464
2446.13	98.0974
2448.06	98.1145
2449.99	98.1044
2451.92	98.0561
2453.85	97.9916
2455.77	97.9397
2457.7	97.9067
2459.63	97.895
2461.56	97.9038
2463.49	97.9448
2465.42	98.0324
2467.35	98.0936
2469.28	98.0335
2471.21	97.9356
2473.14	97.9416
2475.07	97.9719
2476.99	97.903
2478.92	97.8588
2480.85	97.9624
2482.78	98.0638
2484.71	98.0423
2486.64	98.042
2488.57	98.1324
2490.5	98.106
2492.43	97.8831
2494.36	97.757
2496.29	97.9256
2498.22	98.1289
2500.14	98.1204
2502.07	98.0941
2504	98.2114
2505.93	98.2479
2507.86	98.103
2509.79	98.0193
2511.72	98.082
2513.65	98.1478
2515.58	98.2038
2517.51	98.2685
2519.44	98.2298
2521.36	98.0831
2523.29	97.9664
2525.22	97.928
2527.15	97.9537
2529.08	98.0788
2531.01	98.2833
2532.94	98.4279
2534.87	98.3843
2536.8	98.1811
2538.73	97.9827
2540.66	97.8939
2542.58	97.8735
2544.51	97.878
2546.44	97.9223
2548.37	97.9761
2550.3	97.9737
2552.23	97.9314
2554.16	97.9246
2556.09	97.943
2558.02	97.88
2559.95	97.7436
2561.88	97.735
2563.81	97.9304
2565.73	98.0828
2567.66	98.0085
2569.59	97.8743
2571.52	97.8147
2573.45	97.6975
2575.38	97.5171
2577.31	97.5022
2579.24	97.6703
2581.17	97.7828
2583.1	97.7642
2585.03	97.7317
2586.95	97.704
2588.88	97.608
2590.81	97.4639
2592.74	97.3854
2594.67	97.436
2596.6	97.5588
2598.53	97.6818
2600.46	97.784
2602.39	97.7879
2604.32	97.6301
2606.25	97.4584
2608.18	97.4087
2610.1	97.3649
2612.03	97.2766
2613.96	97.2831
2615.89	97.3177
2617.82	97.1909
2619.75	97.0308
2621.68	97.0361
2623.61	97.0799
2625.54	97.0193
2627.47	96.9629
2629.4	96.9814
2631.32	96.9927
2633.25	96.9832
2635.18	97.0003
2637.11	97.0042
2639.04	96.9402
2640.97	96.8381
2642.9	96.7321
2644.83	96.6149
2646.76	96.5204
2648.69	96.5177
2650.62	96.5859
2652.54	96.6222
2654.47	96.6008
2656.4	96.5871
2658.33	96.5926
2660.26	96.5576
2662.19	96.4724
2664.12	96.3899
2666.05	96.338
2667.98	96.3193
2669.91	96.3523
2671.84	96.4136
2673.77	96.4066
2675.69	96.308
2677.62	96.2526
2679.55	96.3294
2681.48	96.4216
2683.41	96.4079
2685.34	96.3584
2687.27	96.3743
2689.2	96.4065
2691.13	96.3668
2693.06	96.2751
2694.99	96.2051
2696.91	96.1727
2698.84	96.1436
2700.77	96.1247
2702.7	96.1659
2704.63	96.2437
2706.56	96.261
2708.49	96.2018
2710.42	96.1342
2712.35	96.0687
2714.28	95.9895
2716.21	95.9532
2718.14	95.9919
2720.06	96.0345
2721.99	96.0131
2723.92	95.9271
2725.85	95.8232
2727.78	95.7897
2729.71	95.8501
2731.64	95.8856
2733.57	95.8364
2735.5	95.8134
2737.43	95.8418
2739.36	95.7952
2741.28	95.6884
2743.21	95.6695
2745.14	95.721
2747.07	95.7249
2749	95.712
2750.93	95.7609
2752.86	95.8197
2754.79	95.8234
2756.72	95.8185
2758.65	95.8446
2760.58	95.8437
2762.51	95.7846
2764.43	95.744
2766.36	95.7499
2768.29	95.7035
2770.22	95.5819
2772.15	95.5145
2774.08	95.5432
2776.01	95.5549
2777.94	95.5115
2779.87	95.4851
2781.8	95.4829
2783.73	95.4601
2785.65	95.4335
2787.58	95.4469
2789.51	95.51
2791.44	95.5836
2793.37	95.5771
2795.3	95.4591
2797.23	95.3448
2799.16	95.3305
2801.09	95.3639
2803.02	95.3799
2804.95	95.3704
2806.87	95.3026
2808.8	95.1691
2810.73	95.0435
2812.66	94.9734
2814.59	94.9456
2816.52	94.9299
2818.45	94.8509
2820.38	94.6556
2822.31	94.4292
2824.24	94.2764
2826.17	94.1765
2828.1	94.0705
2830.02	93.9454
2831.95	93.7906
2833.88	93.5772
2835.81	93.2946
2837.74	93.0005
2839.67	92.7895
2841.6	92.6491
2843.53	92.4745
2845.46	92.2576
2847.39	92.0312
2849.32	91.7104
2851.24	91.267
2853.17	90.826
2855.1	90.3929
2857.03	89.8433
2858.96	89.2002
2860.89	88.5758
2862.82	87.9919
2864.75	87.4774
2866.68	87.0705
2868.61	86.6805
2870.54	86.2635
2872.47	85.9997
2874.39	86.0241
2876.32	86.2233
2878.25	86.4754
2880.18	86.8153
2882.11	87.2666
2884.04	87.7303
2885.97	88.0812
2887.9	88.2463
2889.83	88.2033
2891.76	88.0163
2893.69	87.8446
2895.61	87.7837
2897.54	87.7511
2899.47	87.6626
2901.4	87.5635
2903.33	87.4744
2905.26	87.3855
2907.19	87.3892
2909.12	87.4815
2911.05	87.4562
2912.98	87.2664
2914.91	87.0827
2916.83	86.9068
2918.76	86.6032
2920.69	86.1745
2922.62	85.6441
2924.55	85.0091
2926.48	84.4365
2928.41	84.0978
2930.34	83.8997
2932.27	83.7009
2934.2	83.6151
2936.13	83.8393
2938.06	84.3126
2939.98	84.7765
2941.91	85.1242
2943.84	85.4165
2945.77	85.5621
2947.7	85.3679
2949.63	84.911
2951.56	84.4566
2953.49	84.0439
2955.42	83.5465
2957.35	83.0735
2959.28	82.9414
2961.2	83.2638
2963.13	83.9004
2965.06	84.8326
2966.99	86.2026
2968.92	87.8331
2970.85	89.1575
2972.78	89.9194
2974.71	90.4484
2976.64	91.0231
2978.57	91.573
2980.5	92.0911
2982.43	92.7123
2984.35	93.3568
2986.28	93.8256
2988.21	94.1481
2990.14	94.4552
2992.07	94.7691
2994	95.1093
2995.93	95.4683
2997.86	95.7208
2999.79	95.8583
3001.72	96.0485
3003.65	96.3042
3005.57	96.4795
3007.5	96.5954
3009.43	96.7815
3011.36	97.0138
3013.29	97.1713
3015.22	97.2024
3017.15	97.1447
3019.08	97.0756
3021.01	97.0411
3022.94	97.07
3024.87	97.2222
3026.79	97.417
3028.72	97.3979
3030.65	97.1556
3032.58	97.0005
3034.51	96.9914
3036.44	96.8764
3038.37	96.6783
3040.3	96.6492
3042.23	96.743
3044.16	96.7581
3046.09	96.7032
3048.02	96.6207
3049.94	96.4679
3051.87	96.3011
3053.8	96.2165
3055.73	96.2535
3057.66	96.4912
3059.59	96.8696
3061.52	97.0259
3063.45	96.7524
3065.38	96.3357
3067.31	96.1579
3069.24	96.3103
3071.16	96.6328
3073.09	96.8185
3075.02	96.6878
3076.95	96.4786
3078.88	96.4897
3080.81	96.6381
3082.74	96.7137
3084.67	96.68
3086.6	96.5433
3088.53	96.3405
3090.46	96.2014
3092.39	96.1668
3094.31	96.1803
3096.24	96.2283
3098.17	96.2531
3100.1	96.1933
3102.03	96.1731
3103.96	96.2973
3105.89	96.3798
3107.82	96.2009
3109.75	95.8639
3111.68	95.6871
3113.61	95.7955
3115.53	95.9786
3117.46	96.0506
3119.39	96.0459
3121.32	95.9265
3123.25	95.651
3125.18	95.5176
3127.11	95.7335
3129.04	95.9539
3130.97	95.8832
3132.9	95.7318
3134.83	95.7393
3136.75	95.878
3138.68	95.9966
3140.61	95.8725
3142.54	95.4982
3144.47	95.2647
3146.4	95.3492
3148.33	95.4412
3150.26	95.4213
3152.19	95.4866
3154.12	95.5396
3156.05	95.3666
3157.98	95.1828
3159.9	95.2346
3161.83	95.3594
3163.76	95.4282
3165.69	95.5557
3167.62	95.6546
3169.55	95.5073
3171.48	95.2776
3173.41	95.2574
3175.34	95.3312
3177.27	95.2631
3179.2	95.1375
3181.12	95.0943
3183.05	95.0646
3184.98	95.0006
3186.91	94.9666
3188.84	94.9696
3190.77	94.9527
3192.7	94.8941
3194.63	94.852
3196.56	94.906
3198.49	94.9931
3200.42	94.9927
3202.35	94.9714
3204.27	94.9715
3206.2	94.8113
3208.13	94.4939
3210.06	94.3052
3211.99	94.3147
3213.92	94.3825
3215.85	94.4912
3217.78	94.5877
3219.71	94.5369
3221.64	94.4065
3223.57	94.3254
3225.49	94.2521
3227.42	94.178
3229.35	94.164
3231.28	94.1564
3233.21	94.1053
3235.14	94.0619
3237.07	94.0103
3239	93.8848
3240.93	93.7525
3242.86	93.7306
3244.79	93.7545
3246.72	93.6524
3248.64	93.4661
3250.57	93.4136
3252.5	93.5055
3254.43	93.5491
3256.36	93.4934
3258.29	93.4134
3260.22	93.3147
3262.15	93.2172
3264.08	93.1981
3266.01	93.2385
3267.94	93.2187
3269.86	93.0956
3271.79	92.9576
3273.72	92.8755
3275.65	92.8224
3277.58	92.8151
3279.51	92.9121
3281.44	92.9948
3283.37	92.91
3285.3	92.7796
3287.23	92.7526
3289.16	92.6961
3291.08	92.4958
3293.01	92.2839
3294.94	92.1684
3296.87	92.1309
3298.8	92.1898
3300.73	92.3108
3302.66	92.2815
3304.59	91.9776
3306.52	91.6183
3308.45	91.5316
3310.38	91.7463
3312.31	91.9672
3314.23	91.9357
3316.16	91.7015
3318.09	91.5275
3320.02	91.5852
3321.95	91.7802
3323.88	91.8962
3325.81	91.8561
3327.74	91.7529
3329.67	91.6681
3331.6	91.5719
3333.53	91.4205
3335.45	91.2782
3337.38	91.2583
3339.31	91.3394
3341.24	91.3546
3343.17	91.2252
3345.1	91.0802
3347.03	91.0292
3348.96	90.9936
3350.89	90.9345
3352.82	90.9653
3354.75	91.0909
3356.68	91.181
3358.6	91.2109
3360.53	91.2044
3362.46	91.1271
3364.39	91.0441
3366.32	91.0374
3368.25	91.0088
3370.18	90.9119
3372.11	90.8634
3374.04	90.8579
3375.97	90.8125
3377.9	90.7656
3379.82	90.7281
3381.75	90.6768
3383.68	90.6931
3385.61	90.7987
3387.54	90.9058
3389.47	90.9958
3391.4	91.0643
3393.33	91.0786
3395.26	91.078
3397.19	91.056
3399.12	90.9601
3401.04	90.9109
3402.97	91.0094
3404.9	91.0876
3406.83	91.0386
3408.76	91.0134
3410.69	91.0804
3412.62	91.1576
3414.55	91.2174
3416.48	91.2099
3418.41	91.0752
3420.34	90.9489
3422.27	90.9687
3424.19	91.0408
3426.12	91.1195
3428.05	91.2548
3429.98	91.3237
3431.91	91.2572
3433.84	91.2372
3435.77	91.2632
3437.7	91.1244
3439.63	90.9396
3441.56	90.983
3443.49	91.14
3445.41	91.2343
3447.34	91.4359
3449.27	91.762
3451.2	91.8402
3453.13	91.5737
3455.06	91.3411
3456.99	91.4064
3458.92	91.594
3460.85	91.6208
3462.78	91.4608
3464.71	91.32
3466.64	91.3103
3468.56	91.32
3470.49	91.277
3472.42	91.2784
3474.35	91.3628
3476.28	91.4431
3478.21	91.4925
3480.14	91.5143
3482.07	91.43
3484	91.2728
3485.93	91.2453
3487.86	91.374
3489.78	91.4701
3491.71	91.4961
3493.64	91.5077
3495.57	91.3713
3497.5	91.1142
3499.43	91.0987
3501.36	91.354
3503.29	91.5003
3505.22	91.5171
3507.15	91.6021
3509.08	91.5159
3511	91.1466
3512.93	90.949
3514.86	91.047
3516.79	91.0589
3518.72	91.0023
3520.65	91.2575
3522.58	91.7034
3524.51	91.8029
3526.44	91.4753
3528.37	91.1938
3530.3	91.2332
3532.23	91.3873
3534.15	91.4517
3536.08	91.5022
3538.01	91.6017
3539.94	91.653
3541.87	91.6776
3543.8	91.8121
3545.73	91.9971
3547.66	92.0652
3549.59	92.1126
3551.52	92.2979
3553.45	92.5433
3555.37	92.7292
3557.3	92.8782
3559.23	92.9445
3561.16	92.8785
3563.09	92.9239
3565.02	93.3153
3566.95	93.7806
3568.88	93.8028
3570.81	93.5274
3572.74	93.3612
3574.67	93.4406
3576.6	93.7472
3578.52	94.219
3580.45	94.7609
3582.38	95.1628
3584.31	95.3208
3586.24	95.4494
3588.17	95.6999
3590.1	95.826
3592.03	95.8399
3593.96	96.064
3595.89	96.4296
3597.82	96.5149
3599.74	96.3499
3601.67	96.3209
3603.6	96.5661
3605.53	96.8992
3607.46	97.1075
3609.39	97.1547
3611.32	97.1639
3613.25	97.1736
3615.18	97.2212
3617.11	97.3606
3619.04	97.3952
3620.97	97.2546
3622.89	97.3549
3624.82	97.8026
3626.75	98.3734
3628.68	98.948
3630.61	99.2176
3632.54	98.8439
3634.47	98.0969
3636.4	97.4968
3638.33	97.2535
3640.26	97.239
3642.19	97.2775
3644.11	97.1319
3646.04	96.8138
3647.97	96.8675
3649.9	97.5228
3651.83	97.8324
3653.76	97.6564
3655.69	97.3941
3657.62	97.1215
3659.55	96.9805
3661.48	97.1304
3663.41	97.4019
3665.33	97.56
3667.26	97.6767
3669.19	97.7808
3671.12	97.6796
3673.05	97.6309
3674.98	98.0277
3676.91	98.3969
3678.84	98.1378
3680.77	97.7716
3682.7	97.7006
3684.63	97.7967
3686.56	97.9974
3688.48	98.451
3690.41	98.7517
3692.34	98.4889
3694.27	98.3046
3696.2	98.5903
3698.13	98.9426
3700.06	98.9256
3701.99	98.6515
3703.92	98.4621
3705.85	98.5276
3707.78	98.8848
3709.7	99.2851
3711.63	99.0208
3713.56	98.1815
3715.49	97.7924
3717.42	98.0531
3719.35	98.505
3721.28	98.8843
3723.21	99.3515
3725.14	99.6682
3727.07	99.3656
3729	98.9153
3730.93	98.9868
3732.85	99.4257
3734.78	99.7214
3736.71	99.7744
3738.64	99.5816
3740.57	99.0848
3742.5	98.4383
3744.43	97.9746
3746.36	97.9269
3748.29	98.0276
3750.22	97.9895
3752.15	97.7694
3754.07	97.6449
3756	97.7174
3757.93	97.8159
3759.86	97.7572
3761.79	97.6016
3763.72	97.5578
3765.65	97.6636
3767.58	97.7024
3769.51	97.4544
3771.44	97.095
3773.37	96.9919
3775.29	97.1577
3777.22	97.3486
3779.15	97.4182
3781.08	97.4142
3783.01	97.3731
3784.94	97.2854
3786.87	97.2271
3788.8	97.1833
3790.73	97.0361
3792.66	96.9003
3794.59	96.9823
3796.52	97.155
3798.44	97.2519
3800.37	97.481
3802.3	97.8162
3804.23	97.8423
3806.16	97.6412
3808.09	97.5114
3810.02	97.4589
3811.95	97.4103
3813.88	97.3678
3815.81	97.3543
3817.74	97.5228
3819.66	97.9127
3821.59	98.1144
3823.52	97.838
3825.45	97.4867
3827.38	97.3853
3829.31	97.5151
3831.24	97.6757
3833.17	97.6604
3835.1	97.5485
3837.03	97.6156
3838.96	97.7849
3840.89	97.7242
3842.81	97.5025
3844.74	97.3175
3846.67	97.248
3848.6	97.3418
3850.53	97.5153
3852.46	97.5577
3854.39	97.4825
3856.32	97.4882
3858.25	97.4336
3860.18	97.3432
3862.11	97.4535
3864.03	97.7041
3865.96	97.7276
3867.89	97.5541
3869.82	97.4722
3871.75	97.5056
3873.68	97.4789
3875.61	97.3701
3877.54	97.2924
3879.47	97.3496
3881.4	97.501
3883.33	97.5662
3885.25	97.5077
3887.18	97.4553
3889.11	97.4394
3891.04	97.3713
3892.97	97.2438
3894.9	97.1933
3896.83	97.3105
3898.76	97.5071
3900.69	97.5312
3902.62	97.3214
3904.55	97.1368
3906.48	97.0538
3908.4	96.991
3910.33	97.0125
3912.26	97.1657
3914.19	97.314
3916.12	97.3105
3918.05	97.1308
3919.98	96.8882
3921.91	96.7849
3923.84	96.8906
3925.77	97.0427
3927.7	97.1131
3929.62	97.1932
3931.55	97.2811
3933.48	97.202
3935.41	97.0031
3937.34	96.9332
3939.27	97.0333
3941.2	97.1007
3943.13	97.043
3945.06	97.0537
3946.99	97.1984
3948.92	97.2221
3950.85	97.0345
3952.77	96.9176
3954.7	96.9873
3956.63	97.0414
3958.56	96.9651
3960.49	96.8456
3962.42	96.7822
3964.35	96.8385
3966.28	96.9822
3968.21	97.0617
3970.14	97.0261
3972.07	96.992
3973.99	96.9879
3975.92	96.927
3977.85	96.8542
3979.78	96.8922
3981.71	96.9791
3983.64	96.9483
3985.57	96.8494
3987.5	96.8751
3989.43	96.9726
3991.36	96.9294
3993.29	96.7999
3995.22	96.7779
3997.14	96.8304
