499.643	79.4633
501.572	79.0193
503.501	79.7926
505.43	80.628
507.36	80.4918
509.289	80.6328
511.218	81.5884
513.147	82.1177
515.076	81.891
517.005	81.8474
518.934	82.0398
520.863	81.8878
522.792	81.7794
524.722	82.0948
526.651	82.2018
528.58	81.8175
530.509	81.6642
532.438	81.9399
534.367	82.1246
536.296	82.1514
538.225	82.37
540.155	82.7188
542.084	82.8951
544.013	82.8185
545.942	82.4843
547.871	81.9235
549.8	81.3938
551.729	81.1804
553.658	81.2376
555.588	81.304
557.517	81.3544
559.446	81.5559
561.375	81.7784
563.304	81.7529
565.233	81.5632
567.162	81.3539
569.091	81.0817
571.021	80.9263
572.95	81.1243
574.879	81.4532
576.808	81.5819
578.737	81.5387
580.666	81.462
582.595	81.3966
584.524	81.3472
586.454	81.301
588.383	81.3234
590.312	81.4214
592.241	81.3753
594.17	81.151
596.099	81.0343
598.028	81.0505
599.957	81.0118
601.887	80.9802
603.816	81.0131
605.745	80.9452
607.674	80.7645
609.603	80.582
611.532	80.4214
613.461	80.479
615.39	80.9196
617.32	81.3345
619.249	81.2983
621.178	81.1418
623.107	81.2265
625.036	81.3476
626.965	81.3394
628.894	81.4221
630.823	81.7185
632.753	82.0978
634.682	82.4848
636.611	82.8654
638.54	83.1675
640.469	83.4488
642.398	83.8681
644.327	84.4093
646.256	84.9679
648.186	85.4796
650.115	85.8402
652.044	86.0755
653.973	86.2399
655.902	86.141
657.831	85.7894
659.76	85.4278
661.689	85.0196
663.619	84.7743
665.548	85.5756
667.477	88.0118
669.406	89.3295
671.335	88.077
673.264	87.1397
675.193	87.1633
677.122	87.4392
679.052	87.6791
680.981	88.0751
682.91	88.3762
684.839	88.3861
686.768	88.3309
688.697	88.2458
690.626	88.047
692.555	87.8826
694.485	87.8364
696.414	87.7679
698.343	87.5937
700.272	87.376
702.201	87.1993
704.13	87.1129
706.059	87.0834
707.988	87.0385
709.917	86.9896
711.847	86.9418
713.776	86.8366
715.705	86.7797
717.634	86.9551
719.563	87.1813
721.492	87.0505
723.421	86.5818
725.35	86.0978
727.28	85.6664
729.209	85.164
731.138	84.5598
733.067	83.9057
734.996	83.2755
736.925	82.7883
738.854	82.5533
740.783	82.552
742.713	82.6258
744.642	82.6488
746.571	82.6339
748.5	82.6115
750.429	82.6013
752.358	82.7167
754.287	83.0141
756.216	83.3388
758.146	83.5827
760.075	83.8333
762.004	84.1186
763.933	84.3572
765.862	84.541
767.791	84.679
769.72	84.7432
771.649	84.7852
773.579	84.8639
775.508	84.9318
777.437	84.9655
779.366	85.0137
781.295	85.0653
783.224	85.0455
785.153	84.8851
787.082	84.5552
789.012	84.1315
790.941	83.7139
792.87	83.2172
794.799	82.4096
796.728	81.0865
798.657	78.9654
800.586	75.5794
802.515	70.7661
804.445	65.4359
806.374	61.468
808.303	60.44
810.232	62.5215
812.161	66.7156
814.09	71.7723
816.019	76.553
817.948	80.1409
819.878	82.2494
821.807	83.2643
823.736	83.6792
825.665	83.7543
827.594	83.6636
829.523	83.5676
831.452	83.4507
833.381	83.14
835.311	82.5794
837.24	81.899
839.169	81.1693
841.098	80.3382
843.027	79.4927
844.956	78.9315
846.885	78.8638
848.814	79.2218
850.744	79.8121
852.673	80.4843
854.602	81.1152
856.531	81.5862
858.46	81.8546
860.389	81.989
862.318	82.0921
864.247	82.1944
866.177	82.2514
868.106	82.2491
870.035	82.2419
871.964	82.2524
873.893	82.2252
875.822	82.1167
877.751	81.9713
879.68	81.8818
881.609	81.8728
883.539	81.8422
885.468	81.6918
887.397	81.4621
889.326	81.2238
891.255	80.954
893.184	80.6426
895.113	80.3571
897.042	80.1275
898.972	79.9388
900.901	79.8356
902.83	79.8687
904.759	79.9738
906.688	80.0324
908.617	80.0014
910.546	79.9025
912.475	79.7428
914.405	79.5182
916.334	79.2472
918.263	78.9463
920.192	78.6169
922.121	78.2858
924.05	77.9999
925.979	77.7605
927.908	77.5157
929.838	77.2214
931.767	76.8735
933.696	76.4762
935.625	76.0097
937.554	75.4536
939.483	74.8256
941.412	74.15
943.341	73.3791
945.271	72.4052
947.2	71.217
949.129	70.0005
951.058	68.9694
952.987	68.1051
954.916	67.1651
956.845	65.9216
958.774	64.3238
960.704	62.5107
962.633	60.7435
964.562	59.26
966.491	58.1437
968.42	57.3332
970.349	56.6931
972.278	56.0647
974.207	55.3278
976.137	54.4424
978.066	53.4494
979.995	52.4959
981.924	51.8373
983.853	51.7125
985.782	52.1754
987.711	53.0699
989.64	54.1889
991.57	55.4305
993.499	56.7321
995.428	57.9096
997.357	58.7418
999.286	59.1837
1001.22	59.3306
1003.14	59.2465
1005.07	58.992
1007	58.7264
1008.93	58.6215
1010.86	58.7152
1012.79	58.9026
1014.72	59.0155
1016.65	58.903
1018.58	58.5032
1020.51	57.8434
1022.44	56.9711
1024.36	55.9834
1026.29	55.1419
1028.22	54.7419
1030.15	54.7519
1032.08	54.7767
1034.01	54.4775
1035.94	53.843
1037.87	53.0284
1039.8	52.1425
1041.73	51.226
1043.66	50.313
1045.58	49.4598
1047.51	48.6711
1049.44	47.8271
1051.37	46.8193
1053.3	45.7442
1055.23	44.8596
1057.16	44.414
1059.09	44.561
1061.02	45.3009
1062.95	46.4706
1064.88	47.8939
1066.81	49.5363
1068.73	51.4618
1070.66	53.7013
1072.59	56.2212
1074.52	58.9454
1076.45	61.7184
1078.38	64.3116
1080.31	66.5588
1082.24	68.4213
1084.17	69.8762
1086.1	70.861
1088.03	71.3495
1089.95	71.366
1091.88	70.9399
1093.81	70.1323
1095.74	69.0701
1097.67	67.8964
1099.6	66.7106
1101.53	65.5631
1103.46	64.489
1105.39	63.522
1107.32	62.6771
1109.25	61.9663
1111.18	61.4386
1113.1	61.1555
1115.03	61.1237
1116.96	61.287
1118.89	61.5613
1120.82	61.8473
1122.75	62.0252
1124.68	61.9668
1126.61	61.5551
1128.54	60.6873
1130.47	59.2671
1132.4	57.2402
1134.32	54.6626
1136.25	51.7151
1138.18	48.6388
1140.11	45.6669
1142.04	42.9951
1143.97	40.764
1145.9	39.0316
1147.83	37.7689
1149.76	36.9023
1151.69	36.3601
1153.62	36.0837
1155.55	36.0203
1157.47	36.125
1159.4	36.3611
1161.33	36.6967
1163.26	37.1181
1165.19	37.6341
1167.12	38.2336
1169.05	38.8729
1170.98	39.5299
1172.91	40.2044
1174.84	40.8775
1176.77	41.5526
1178.69	42.2823
1180.62	43.0949
1182.55	43.971
1184.48	44.9008
1186.41	45.8986
1188.34	46.9876
1190.27	48.1849
1192.2	49.4773
1194.13	50.8445
1196.06	52.299
1197.99	53.8541
1199.91	55.4907
1201.84	57.1579
1203.77	58.7703
1205.7	60.2751
1207.63	61.6988
1209.56	63.0639
1211.49	64.4582
1213.42	66.1362
1215.35	68.0464
1217.28	69.436
1219.21	69.7789
1221.14	69.7321
1223.06	70.1578
1224.99	70.9972
1226.92	71.6806
1228.85	71.9113
1230.78	71.647
1232.71	70.9065
1234.64	69.8313
1236.57	68.5854
1238.5	67.255
1240.43	65.9242
1242.36	64.6657
1244.28	63.4875
1246.21	62.4003
1248.14	61.4546
1250.07	60.6811
1252	60.0701
1253.93	59.6147
1255.86	59.3315
1257.79	59.2269
1259.72	59.2735
1261.65	59.4551
1263.58	59.7995
1265.51	60.3289
1267.43	61.0341
1269.36	61.8997
1271.29	62.9
1273.22	63.9912
1275.15	65.1238
1277.08	66.242
1279.01	67.3144
1280.94	68.3477
1282.87	69.3212
1284.8	70.1639
1286.73	70.7895
1288.65	71.0941
1290.58	71.0441
1292.51	70.8393
1294.44	70.8599
1296.37	71.4272
1298.3	72.631
1300.23	74.3223
1302.16	76.2283
1304.09	78.0936
1306.02	79.7537
1307.95	81.1364
1309.87	82.2397
1311.8	83.0849
1313.73	83.6955
1315.66	84.1229
1317.59	84.4298
1319.52	84.6503
1321.45	84.7928
1323.38	84.8691
1325.31	84.9204
1327.24	85.0008
1329.17	85.1373
1331.1	85.3552
1333.02	85.6814
1334.95	86.0959
1336.88	86.578
1338.81	87.1139
1340.74	87.6191
1342.67	88.0698
1344.6	88.57
1346.53	89.1551
1348.46	89.7369
1350.39	90.2123
1352.32	90.5154
1354.24	90.6208
1356.17	90.5903
1358.1	90.5838
1360.03	90.7876
1361.96	91.2544
1363.89	91.6667
1365.82	91.6523
1367.75	91.2535
1369.68	90.7693
1371.61	90.3887
1373.54	89.8873
1375.47	89.0079
1377.39	88.0318
1379.32	87.1921
1381.25	86.3615
1383.18	85.5516
1385.11	84.7512
1387.04	83.6717
1388.97	82.3826
1390.9	81.2693
1392.83	80.269
1394.76	79.2186
1396.69	77.9798
1398.61	76.2302
1400.54	74.0114
1402.47	71.6228
1404.4	69.229
1406.33	67.6204
1408.26	67.6938
1410.19	69.4215
1412.12	72.3733
1414.05	75.6045
1415.98	78.6182
1417.91	81.7936
1419.83	84.6441
1421.76	86.3797
1423.69	87.499
1425.62	88.3286
1427.55	88.7845
1429.48	88.8919
1431.41	88.7723
1433.34	88.6046
1435.27	88.4249
1437.2	88.0421
1439.13	87.438
1441.06	86.7462
1442.98	85.9605
1444.91	85.156
1446.84	84.3859
1448.77	83.5748
1450.7	82.914
1452.63	82.6753
1454.56	82.8173
1456.49	83.0285
1458.42	82.6522
1460.35	81.9776
1462.28	81.5328
1464.2	81.241
1466.13	81.0424
1468.06	81.1625
1469.99	81.7958
1471.92	82.9372
1473.85	84.0993
1475.78	85.0108
1477.71	86.0899
1479.64	87.419
1481.57	88.8166
1483.5	90.1381
1485.43	91.3581
1487.35	92.5788
1489.28	93.6493
1491.21	94.1246
1493.14	94.3198
1495.07	94.7289
1497	95.257
1498.93	95.4614
1500.86	95.4276
1502.79	95.5333
1504.72	95.9728
1506.65	96.6184
1508.57	96.5671
1510.5	96.0644
1512.43	95.8698
1514.36	96.0735
1516.29	96.4445
1518.22	96.7446
1520.15	96.9517
1522.08	97.0461
1524.01	97.033
1525.94	96.9316
1527.87	96.7499
1529.8	96.6487
1531.72	96.7507
1533.65	96.9048
1535.58	96.9412
1537.51	97.0954
1539.44	97.5688
1541.37	97.8229
1543.3	97.4198
1545.23	96.9908
1547.16	96.788
1549.09	96.7513
1551.02	96.7598
1552.94	96.7791
1554.87	96.9459
1556.8	97.3583
1558.73	97.6198
1560.66	97.1927
1562.59	96.73
1564.52	96.5249
1566.45	96.5392
1568.38	96.6177
1570.31	96.4828
1572.24	96.2789
1574.16	96.3169
1576.09	96.4585
1578.02	96.2956
1579.95	95.9958
1581.88	95.8311
1583.81	95.7555
1585.74	95.6743
1587.67	95.5981
1589.6	95.56
1591.53	95.5376
1593.46	95.487
1595.39	95.3836
1597.31	95.2185
1599.24	95.0199
1601.17	94.825
1603.1	94.5887
1605.03	94.2661
1606.96	93.8694
1608.89	93.2539
1610.82	92.3628
1612.75	91.5419
1614.68	90.9235
1616.61	90.3184
1618.53	89.9011
1620.46	89.9663
1622.39	90.3264
1624.32	90.5479
1626.25	90.4327
1628.18	89.9735
1630.11	89.1403
1632.04	88.3002
1633.97	87.9793
1635.9	88.5144
1637.83	89.5552
1639.76	90.6592
1641.68	91.794
1643.61	92.8415
1645.54	93.7469
1647.47	94.2997
1649.4	94.421
1651.33	94.5755
1653.26	94.8112
1655.19	94.4951
1657.12	94.0558
1659.05	93.8881
1660.98	93.8448
1662.9	93.6516
1664.83	93.3539
1666.76	93.2428
1668.69	93.2923
1670.62	93.0952
1672.55	92.6684
1674.48	92.2401
1676.41	91.5866
1678.34	90.8612
1680.27	90.417
1682.2	89.9788
1684.12	89.0768
1686.05	87.9288
1687.98	86.6736
1689.91	85.2159
1691.84	83.7295
1693.77	82.1285
1695.7	80.2699
1697.63	78.1746
1699.56	75.2298
1701.49	71.5336
1703.42	68.2491
1705.35	64.9944
1707.27	61.2224
1709.2	57.8224
1711.13	55.2465
1713.06	53.0598
1714.99	51.2378
1716.92	49.527
1718.85	47.5528
1720.78	46.2899
1722.71	46.0032
1724.64	46.2417
1726.57	47.1279
1728.49	48.7437
1730.42	50.7566
1732.35	53.5111
1734.28	57.2312
1736.21	60.5257
1738.14	63.2948
1740.07	66.4817
1742	69.9744
1743.93	73.2455
1745.86	76.5206
1747.79	80.0031
1749.72	83.485
1751.64	86.6701
1753.57	89.4239
1755.5	91.8934
1757.43	94.2115
1759.36	96.0967
1761.29	97.2716
1763.22	97.8884
1765.15	98.1317
1767.08	98.1861
1769.01	98.3731
1770.94	98.6778
1772.86	98.6572
1774.79	98.3294
1776.72	98.0414
1778.65	97.8696
1780.58	97.7973
1782.51	97.7403
1784.44	97.6431
1786.37	97.6126
1788.3	97.6997
1790.23	97.8464
1792.16	97.9434
1794.08	97.8176
1796.01	97.6083
1797.94	97.5545
1799.87	97.5453
1801.8	97.389
1803.73	97.2484
1805.66	97.257
1807.59	97.3322
1809.52	97.4234
1811.45	97.4556
1813.38	97.3755
1815.31	97.3199
1817.23	97.3469
1819.16	97.3451
1821.09	97.3416
1823.02	97.4388
1824.95	97.5881
1826.88	97.7188
1828.81	97.7999
1830.74	97.7421
1832.67	97.6109
1834.6	97.6016
1836.53	97.7054
1838.45	97.7568
1840.38	97.7537
1842.31	97.8543
1844.24	98.0182
1846.17	98.0073
1848.1	97.8979
1850.03	97.8697
1851.96	97.8418
1853.89	97.7351
1855.82	97.6843
1857.75	97.7961
1859.68	97.9838
1861.6	98.1083
1863.53	98.1653
1865.46	98.2824
1867.39	98.4592
1869.32	98.4819
1871.25	98.3674
1873.18	98.3349
1875.11	98.3201
1877.04	98.2246
1878.97	98.2099
1880.9	98.3403
1882.82	98.4135
1884.75	98.3736
1886.68	98.3711
1888.61	98.3848
1890.54	98.2941
1892.47	98.2408
1894.4	98.3964
1896.33	98.6068
1898.26	98.6574
1900.19	98.6139
1902.12	98.5869
1904.05	98.5667
1905.97	98.5948
1907.9	98.7091
1909.83	98.8218
1911.76	98.8895
1913.69	98.9754
1915.62	99.0752
1917.55	99.1322
1919.48	99.1673
1921.41	99.2255
1923.34	99.2413
1925.27	99.1241
1927.19	98.9686
1929.12	98.9556
1931.05	99.078
1932.98	99.1967
1934.91	99.277
1936.84	99.3554
1938.77	99.4504
1940.7	99.6096
1942.63	99.8081
1944.56	99.864
1946.49	99.7043
1948.41	99.5298
1950.34	99.5848
1952.27	99.8338
1954.2	99.9937
1956.13	99.982
1958.06	100
1959.99	100.118
1961.92	100.247
1963.85	100.394
1965.78	100.496
1967.71	100.399
1969.64	100.272
1971.56	100.438
1973.49	100.783
1975.42	100.897
1977.35	100.726
1979.28	100.556
1981.21	100.455
1983.14	100.279
1985.07	100.088
1987	100.041
1988.93	100.116
1990.86	100.228
1992.78	100.356
1994.71	100.454
1996.64	100.495
1998.57	100.493
2000.5	100.444
2002.43	100.399
2004.36	100.39
2006.29	100.326
2008.22	100.234
2010.15	100.256
2012.08	100.282
2014.01	100.141
2015.93	100.043
2017.86	100.242
2019.79	100.519
2021.72	100.555
2023.65	100.41
2025.58	100.273
2027.51	100.205
2029.44	100.263
2031.37	100.465
2033.3	100.623
2035.23	100.596
2037.15	100.496
2039.08	100.398
2041.01	100.234
2042.94	100.072
2044.87	100.055
2046.8	100.152
2048.73	100.22
2050.66	100.166
2052.59	100.029
2054.52	99.9248
2056.45	99.8505
2058.37	99.7198
2060.3	99.6321
2062.23	99.7242
2064.16	99.858
2066.09	99.8807
2068.02	99.877
2069.95	99.8436
2071.88	99.6575
2073.81	99.4656
2075.74	99.4811
2077.67	99.5236
2079.6	99.3703
2081.52	99.2356
2083.45	99.3308
2085.38	99.4283
2087.31	99.3403
2089.24	99.2825
2091.17	99.3982
2093.1	99.4865
2095.03	99.4541
2096.96	99.4918
2098.89	99.641
2100.82	99.6972
2102.74	99.6283
2104.67	99.6132
2106.6	99.6614
2108.53	99.6237
2110.46	99.5269
2112.39	99.5048
2114.32	99.527
2116.25	99.5269
2118.18	99.5767
2120.11	99.6724
2122.04	99.6467
2123.97	99.5158
2125.89	99.53
2127.82	99.7078
2129.75	99.8143
2131.68	99.8743
2133.61	100.077
2135.54	100.264
2137.47	100.215
2139.4	100.082
2141.33	99.9804
2143.26	99.8599
2145.19	99.9253
2147.11	100.308
2149.04	100.6
2150.97	100.534
2152.9	100.46
2154.83	100.607
2156.76	100.718
2158.69	100.652
2160.62	100.565
2162.55	100.459
2164.48	100.233
2166.41	100.01
2168.33	99.8587
2170.26	99.6675
2172.19	99.6296
2174.12	100.085
2176.05	100.714
2177.98	100.906
2179.91	100.733
2181.84	100.531
2183.77	100.274
2185.7	100.045
2187.63	100.081
2189.56	100.227
2191.48	100.216
2193.41	100.102
2195.34	99.9573
2197.27	99.8186
2199.2	99.8699
2201.13	100.075
2203.06	100.069
2204.99	99.7726
2206.92	99.5501
2208.85	99.6075
2210.78	99.7612
2212.7	99.8372
2214.63	99.8895
2216.56	99.957
2218.49	99.9595
2220.42	99.928
2222.35	99.9629
2224.28	99.9697
2226.21	99.8762
2228.14	99.8883
2230.07	100.055
2232	100.069
2233.93	99.8907
2235.85	99.8398
2237.78	99.8762
2239.71	99.6969
2241.64	99.4565
2243.57	99.4857
2245.5	99.6707
2247.43	99.7947
2249.36	99.9008
2251.29	99.9599
2253.22	99.8621
2255.15	99.7425
2257.07	99.7675
2259	99.9175
2260.93	100.184
2262.86	100.469
2264.79	100.512
2266.72	100.392
2268.65	100.484
2270.58	100.669
2272.51	100.538
2274.44	100.269
2276.37	100.251
2278.29	100.284
2280.22	100.088
2282.15	99.8984
2284.08	99.949
2286.01	100.147
2287.94	100.464
2289.87	100.965
2291.8	101.514
2293.73	101.976
2295.66	102.461
2297.59	103.06
2299.52	103.645
2301.44	104.113
2303.37	104.615
2305.3	105.438
2307.23	106.694
2309.16	108.078
2311.09	109.135
2313.02	109.864
2314.95	110.725
2316.88	112.042
2318.81	113.802
2320.74	115.815
2322.66	117.732
2324.59	119.366
2326.52	120.914
2328.45	122.416
2330.38	123.476
2332.31	123.949
2334.24	124.395
2336.17	125.112
2338.1	125.733
2340.03	126.291
2341.96	126.947
2343.89	125.93
2345.81	122.241
2347.74	119.203
2349.67	119.172
2351.6	122.174
2353.53	127.15
2355.46	131.899
2357.39	135.27
2359.32	137.371
2361.25	137.804
2363.18	136.374
2365.11	133.134
2367.03	129.124
2368.96	125.553
2370.89	121.895
2372.82	117.523
2374.75	113.179
2376.68	109.616
2378.61	106.726
2380.54	104.175
2382.47	101.995
2384.4	100.385
2386.33	99.3309
2388.26	98.6822
2390.18	98.3613
2392.11	98.2647
2394.04	98.1836
2395.97	98.0225
2397.9	97.8744
2399.83	97.818
2401.76	97.8477
2403.69	97.939
2405.62	98.0318
2407.55	98.0385
2409.48	97.9468
2411.4	97.8616
2413.33	97.8869
2415.26	97.969
2417.19	97.9523
2419.12	97.829
2421.05	97.7881
2422.98	97.9358
2424.91	98.1095
2426.84	98.1095
2428.77	97.9975
2430.7	97.949
2432.62	97.9511
2434.55	97.9331
2436.48	97.9736
2438.41	98.0874
2440.34	98.1099
2442.27	97.9993
2444.2	97.9181
2446.13	97.938
2448.06	97.9439
2449.99	97.8601
2451.92	97.7986
2453.85	97.8705
2455.77	97.9558
2457.7	97.916
2459.63	97.8722
2461.56	97.9218
2463.49	97.9244
2465.42	97.8721
2467.35	97.9332
2469.28	98.0271
2471.21	97.9724
2473.14	97.8774
2475.07	97.874
2476.99	97.8734
2478.92	97.8548
2480.85	97.9119
2482.78	98.0091
2484.71	98.0619
2486.64	98.0893
2488.57	98.1029
2490.5	98.0626
2492.43	97.9808
2494.36	97.9495
2496.29	98.0573
2498.22	98.2453
2500.14	98.3137
2502.07	98.2138
2504	98.1348
2505.93	98.1629
2507.86	98.1754
2509.79	98.1456
2511.72	98.1763
2513.65	98.2298
2515.58	98.1714
2517.51	98.024
2519.44	97.9268
2521.36	97.9269
2523.29	97.9792
2525.22	98.0496
2527.15	98.111
2529.08	98.1486
2531.01	98.2237
2532.94	98.3713
2534.87	98.4511
2536.8	98.3384
2538.73	98.173
2540.66	98.1229
2542.58	98.084
2544.51	97.9421
2546.44	97.8618
2548.37	97.9717
2550.3	98.0775
2552.23	98.018
2554.16	97.9462
2556.09	97.9608
2558.02	97.8921
2559.95	97.7288
2561.88	97.7476
2563.81	97.9783
2565.73	98.0884
2567.66	97.9694
2569.59	97.8592
2571.52	97.834
2573.45	97.7596
2575.38	97.6567
2577.31	97.6336
2579.24	97.6615
2581.17	97.6962
2583.1	97.7315
2585.03	97.6979
2586.95	97.599
2588.88	97.57
2590.81	97.6346
2592.74	97.6953
2594.67	97.7377
2596.6	97.7809
2598.53	97.7965
2600.46	97.7817
2602.39	97.7202
2604.32	97.5722
2606.25	97.3938
2608.18	97.2716
2610.1	97.2182
2612.03	97.2457
2613.96	97.3272
2615.89	97.3348
2617.82	97.2332
2619.75	97.1313
2621.68	97.0671
2623.61	97.0065
2625.54	96.9733
2627.47	96.9846
2629.4	97.0091
2631.32	97.0373
2633.25	97.0558
2635.18	97.0219
2637.11	96.9292
2639.04	96.8183
2640.97	96.7353
2642.9	96.7002
2644.83	96.6821
2646.76	96.6411
2648.69	96.5927
2650.62	96.5676
2652.54	96.5656
2654.47	96.583
2656.4	96.6057
2658.33	96.5939
2660.26	96.5364
2662.19	96.4621
2664.12	96.3911
2666.05	96.3462
2667.98	96.3605
2669.91	96.415
2671.84	96.4499
2673.77	96.4508
2675.69	96.4384
2677.62	96.4147
2679.55	96.3882
2681.48	96.3823
2683.41	96.3858
2685.34	96.373
2687.27	96.357
2689.2	96.3489
2691.13	96.3173
2693.06	96.2597
2694.99	96.244
2696.91	96.3054
2698.84	96.3767
2700.77	96.3914
2702.7	96.3664
2704.63	96.3308
2706.56	96.2807
2708.49	96.2298
2710.42	96.1907
2712.35	96.1344
2714.28	96.0698
2716.21	96.066
2718.14	96.1123
2720.06	96.1033
2721.99	96.0208
2723.92	95.9586
2725.85	95.9548
2727.78	95.9646
2729.71	95.9677
2731.64	95.9661
2733.57	95.9469
2735.5	95.9093
2737.43	95.8479
2739.36	95.7538
2741.28	95.6978
2743.21	95.7579
2745.14	95.8513
2747.07	95.8526
2749	95.8029
2750.93	95.7977
2752.86	95.8171
2754.79	95.8029
2756.72	95.7627
2758.65	95.7518
2760.58	95.7978
2762.51	95.831
2764.43	95.7699
2766.36	95.6799
2768.29	95.6748
2770.22	95.7334
2772.15	95.7711
2774.08	95.753
2776.01	95.675
2777.94	95.5811
2779.87	95.5381
2781.8	95.5256
2783.73	95.4873
2785.65	95.4392
2787.58	95.4161
2789.51	95.4373
2791.44	95.5137
2793.37	95.5637
2795.3	95.4956
2797.23	95.4137
2799.16	95.47
2801.09	95.5865
2803.02	95.5883
2804.95	95.4561
2806.87	95.2836
2808.8	95.1509
2810.73	95.088
2812.66	95.0703
2814.59	95.0653
2816.52	95.0445
2818.45	94.95
2820.38	94.7778
2822.31	94.6138
2824.24	94.4758
2826.17	94.3011
2828.1	94.1074
2830.02	93.9492
2831.95	93.8002
2833.88	93.6138
2835.81	93.3706
2837.74	93.0849
2839.67	92.8472
2841.6	92.7117
2843.53	92.5738
2845.46	92.3406
2847.39	92.0618
2849.32	91.7627
2851.24	91.3831
2853.17	90.9078
2855.1	90.356
2857.03	89.7129
2858.96	89.0039
2860.89	88.34
2862.82	87.8163
2864.75	87.4126
2866.68	87.0453
2868.61	86.6947
2870.54	86.4113
2872.47	86.2251
2874.39	86.1535
2876.32	86.2628
2878.25	86.5975
2880.18	87.0579
2882.11	87.4597
2884.04	87.7317
2885.97	87.9393
2887.9	88.0916
2889.83	88.1126
2891.76	88.0506
2893.69	88.0655
2895.61	88.1431
2897.54	88.086
2899.47	87.8556
2901.4	87.6565
2903.33	87.5989
2905.26	87.5563
2907.19	87.4498
2909.12	87.3744
2911.05	87.3658
2912.98	87.3305
2914.91	87.2154
2916.83	87.004
2918.76	86.6374
2920.69	86.1021
2922.62	85.5028
2924.55	85.0004
2926.48	84.6727
2928.41	84.4107
2930.34	84.0911
2932.27	83.823
2934.2	83.7933
2936.13	83.9957
2938.06	84.3272
2939.98	84.7236
2941.91	85.0989
2943.84	85.3642
2945.77	85.4781
2947.7	85.4062
2949.63	85.142
2951.56	84.6941
2953.49	84.0193
2955.42	83.2066
2957.35	82.6552
2959.28	82.7107
2961.2	83.2541
2963.13	84.0147
2965.06	85.0713
2966.99	86.5803
2968.92	88.1978
2970.85	89.3564
2972.78	90.0153
2974.71	90.5243
2976.64	91.0301
2978.57	91.5685
2980.5	92.2207
2982.43	92.8539
2984.35	93.3065
2986.28	93.7748
2988.21	94.3745
2990.14	94.782
2992.07	94.8915
2994	95.0736
2995.93	95.4299
2997.86	95.6796
2999.79	95.8331
3001.72	96.1103
3003.65	96.4118
3005.57	96.5652
3007.5	96.6935
3009.43	96.9099
3011.36	97.1213
3013.29	97.2695
3015.22	97.3613
3017.15	97.3634
3019.08	97.2902
3021.01	97.1968
3022.94	97.1376
3024.87	97.236
3026.79	97.4693
3028.72	97.5382
3030.65	97.3712
3032.58	97.2522
3034.51	97.1914
3036.44	96.9673
3038.37	96.7264
3040.3	96.6791
3042.23	96.6552
3044.16	96.5782
3046.09	96.6005
3048.02	96.6245
3049.94	96.5203
3051.87	96.4621
3053.8	96.5087
3055.73	96.546
3057.66	96.6657
3059.59	96.8843
3061.52	96.9263
3063.45	96.7501
3065.38	96.6013
3067.31	96.532
3069.24	96.5186
3071.16	96.6741
3073.09	96.909
3075.02	96.9291
3076.95	96.7335
3078.88	96.5799
3080.81	96.5477
3082.74	96.5334
3084.67	96.5
3086.6	96.49
3088.53	96.5124
3090.46	96.5458
3092.39	96.5917
3094.31	96.6317
3096.24	96.5808
3098.17	96.4069
3100.1	96.2174
3102.03	96.1068
3103.96	96.0442
3105.89	95.971
3107.82	95.8796
3109.75	95.8305
3111.68	95.9218
3113.61	96.0912
3115.53	96.109
3117.46	95.9737
3119.39	95.952
3121.32	96.079
3123.25	96.1111
3125.18	96.0048
3127.11	95.9608
3129.04	96.0335
3130.97	96.051
3132.9	95.9021
3134.83	95.7572
3136.75	95.8843
3138.68	96.216
3140.61	96.3519
3142.54	96.0779
3144.47	95.6139
3146.4	95.2948
3148.33	95.2727
3150.26	95.4833
3152.19	95.7021
3154.12	95.7156
3156.05	95.5373
3157.98	95.3658
3159.9	95.309
3161.83	95.3311
3163.76	95.446
3165.69	95.656
3167.62	95.7543
3169.55	95.5868
3171.48	95.3553
3173.41	95.266
3175.34	95.2407
3177.27	95.2363
3179.2	95.3094
3181.12	95.3045
3183.05	95.0827
3184.98	94.8657
3186.91	94.8741
3188.84	95.0046
3190.77	95.1075
3192.7	95.1446
3194.63	95.1
3196.56	95.0236
3198.49	94.954
3200.42	94.8236
3202.35	94.6758
3204.27	94.6568
3206.2	94.7118
3208.13	94.7063
3210.06	94.6671
3211.99	94.6225
3213.92	94.5816
3215.85	94.6398
3217.78	94.7209
3219.71	94.5889
3221.64	94.32
3223.57	94.1943
3225.49	94.1983
3227.42	94.1653
3229.35	94.1183
3231.28	94.135
3233.21	94.1726
3235.14	94.1445
3237.07	94.0222
3239	93.8895
3240.93	93.8565
3242.86	93.8833
3244.79	93.8422
3246.72	93.7279
3248.64	93.6317
3250.57	93.5815
3252.5	93.5581
3254.43	93.5838
3256.36	93.6595
3258.29	93.6767
3260.22	93.5342
3262.15	93.2954
3264.08	93.1248
3266.01	93.1084
3267.94	93.1545
3269.86	93.0999
3271.79	92.9758
3273.72	92.9756
3275.65	93.0627
3277.58	93.0041
3279.51	92.85
3281.44	92.8336
3283.37	92.8975
3285.3	92.8647
3287.23	92.7918
3289.16	92.7258
3291.08	92.5641
3293.01	92.3811
3294.94	92.3608
3296.87	92.4037
3298.8	92.3265
3300.73	92.2343
3302.66	92.2265
3304.59	92.1381
3306.52	91.9446
3308.45	91.8952
3310.38	92.0453
3312.31	92.1497
3314.23	92.0441
3316.16	91.7847
3318.09	91.5496
3320.02	91.5246
3321.95	91.7025
3323.88	91.8837
3325.81	91.9459
3327.74	91.883
3329.67	91.6921
3331.6	91.4827
3333.53	91.4421
3335.45	91.546
3337.38	91.5925
3339.31	91.5139
3341.24	91.3913
3343.17	91.2872
3345.1	91.2154
3347.03	91.1293
3348.96	90.9748
3350.89	90.8565
3352.82	90.9357
3354.75	91.1289
3356.68	91.1902
3358.6	91.0852
3360.53	91.0014
3362.46	91.0166
3364.39	91.0261
3366.32	90.9969
3368.25	91.0472
3370.18	91.2041
3372.11	91.312
3374.04	91.2661
3375.97	91.137
3377.9	91.0198
3379.82	90.9325
3381.75	90.8686
3383.68	90.853
3385.61	90.9565
3387.54	91.1947
3389.47	91.3963
3391.4	91.3646
3393.33	91.1751
3395.26	91.0571
3397.19	91.0163
3399.12	90.926
3401.04	90.8751
3402.97	91.0049
3404.9	91.1665
3406.83	91.169
3408.76	91.1386
3410.69	91.227
3412.62	91.3224
3414.55	91.3503
3416.48	91.4036
3418.41	91.4321
3420.34	91.2947
3422.27	91.106
3424.19	91.0961
3426.12	91.2848
3428.05	91.5185
3429.98	91.5696
3431.91	91.3195
3433.84	91.0057
3435.77	90.9581
3437.7	91.1335
3439.63	91.2799
3441.56	91.3364
3443.49	91.3912
3445.41	91.4732
3447.34	91.5369
3449.27	91.5403
3451.2	91.522
3453.13	91.5869
3455.06	91.7511
3456.99	91.8647
3458.92	91.8276
3460.85	91.7841
3462.78	91.888
3464.71	92.0093
3466.64	91.9417
3468.56	91.7327
3470.49	91.6088
3472.42	91.7054
3474.35	91.8896
3476.28	91.8533
3478.21	91.5876
3480.14	91.4501
3482.07	91.5126
3484	91.486
3485.93	91.4247
3487.86	91.5748
3489.78	91.7505
3491.71	91.7225
3493.64	91.6403
3495.57	91.5862
3497.5	91.522
3499.43	91.5664
3501.36	91.6622
3503.29	91.5864
3505.22	91.533
3507.15	91.7012
3509.08	91.7174
3511	91.4303
3512.93	91.3279
3514.86	91.4783
3516.79	91.405
3518.72	91.1531
3520.65	91.1986
3522.58	91.4733
3524.51	91.5588
3526.44	91.4685
3528.37	91.4459
3530.3	91.4965
3532.23	91.5674
3534.15	91.6506
3536.08	91.6633
3538.01	91.5874
3539.94	91.5803
3541.87	91.7537
3543.8	92.0311
3545.73	92.2011
3547.66	92.155
3549.59	92.1155
3551.52	92.3071
3553.45	92.6003
3555.37	92.7587
3557.3	92.8214
3559.23	92.8781
3561.16	92.9209
3563.09	93.047
3565.02	93.3757
3566.95	93.7841
3568.88	93.9972
3570.81	94.0295
3572.74	94.0757
3574.67	94.2492
3576.6	94.5234
3578.52	94.7675
3580.45	94.9295
3582.38	95.039
3584.31	95.1273
3586.24	95.2677
3588.17	95.4926
3590.1	95.7216
3592.03	96.0976
3593.96	96.8194
3595.89	97.4822
3597.82	97.436
3599.74	96.9408
3601.67	96.7574
3603.6	97.0416
3605.53	97.3218
3607.46	97.2873
3609.39	97.0499
3611.32	96.8562
3613.25	96.8598
3615.18	97.1798
3617.11	97.6793
3619.04	97.9335
3620.97	97.8477
3622.89	97.8626
3624.82	98.0989
3626.75	98.3604
3628.68	98.6032
3630.61	98.7499
3632.54	98.5069
3634.47	97.953
3636.4	97.5215
3638.33	97.4119
3640.26	97.4127
3642.19	97.3783
3644.11	97.3522
3646.04	97.4627
3647.97	97.9079
3649.9	98.3068
3651.83	97.9671
3653.76	97.4993
3655.69	97.4431
3657.62	97.4867
3659.55	97.2732
3661.48	97.1309
3663.41	97.2311
3665.33	97.2802
3667.26	97.2223
3669.19	97.3094
3671.12	97.5627
3673.05	97.9157
3674.98	98.4054
3676.91	98.4887
3678.84	97.9344
3680.77	97.5358
3682.7	97.6268
3684.63	97.9364
3686.56	98.2812
3688.48	98.7304
3690.41	98.9552
3692.34	98.7086
3694.27	98.4799
3696.2	98.4931
3698.13	98.5517
3700.06	98.595
3701.99	98.7591
3703.92	98.9416
3705.85	98.9991
3707.78	99.0911
3709.7	99.2539
3711.63	99.0634
3713.56	98.4981
3715.49	98.229
3717.42	98.4066
3719.35	98.6917
3721.28	98.9272
3723.21	99.3192
3725.14	99.6739
3727.07	99.5087
3729	99.1342
3730.93	99.1423
3732.85	99.5518
3734.78	100.027
3736.71	100.16
3738.64	99.7218
3740.57	99.0257
3742.5	98.5182
3744.43	98.4218
3746.36	98.4847
3748.29	98.4786
3750.22	98.5064
3752.15	98.436
3754.07	98.1375
3756	97.8437
3757.93	97.698
3759.86	97.6393
3761.79	97.5694
3763.72	97.5882
3765.65	97.7747
3767.58	97.9097
3769.51	97.7449
3771.44	97.4205
3773.37	97.2441
3775.29	97.2755
3777.22	97.3672
3779.15	97.3801
3781.08	97.3709
3783.01	97.4362
3784.94	97.4647
3786.87	97.3691
3788.8	97.2528
3790.73	97.2008
3792.66	97.2429
3794.59	97.3939
3796.52	97.5155
3798.44	97.5292
3800.37	97.6274
3802.3	97.7919
3804.23	97.7617
3806.16	97.6519
3808.09	97.5988
3810.02	97.4997
3811.95	97.4171
3813.88	97.4775
3815.81	97.5905
3817.74	97.6682
3819.66	97.7939
3821.59	97.8228
3823.52	97.6318
3825.45	97.489
3827.38	97.5363
3829.31	97.701
3831.24	97.8473
3833.17	97.8471
3835.1	97.8093
3837.03	97.9676
3838.96	98.0947
3840.89	97.887
3842.81	97.6842
3844.74	97.6504
3846.67	97.574
3848.6	97.5238
3850.53	97.7272
3852.46	98.0804
3854.39	98.1448
3856.32	97.9246
3858.25	97.6939
3860.18	97.5544
3862.11	97.6228
3864.03	97.7727
3865.96	97.7159
3867.89	97.5748
3869.82	97.6097
3871.75	97.7438
3873.68	97.7698
3875.61	97.6982
3877.54	97.6241
3879.47	97.5967
3881.4	97.5768
3883.33	97.4872
3885.25	97.4279
3887.18	97.5604
3889.11	97.7347
3891.04	97.6604
3892.97	97.3659
3894.9	97.224
3896.83	97.3602
3898.76	97.5523
3900.69	97.5616
3902.62	97.4599
3904.55	97.4142
3906.48	97.3339
3908.4	97.1973
3910.33	97.1483
3912.26	97.2129
3914.19	97.2994
3916.12	97.3823
3918.05	97.3824
3919.98	97.1693
3921.91	96.9285
3923.84	96.9307
3925.77	97.0953
3927.7	97.2223
3929.62	97.3738
3931.55	97.5434
3933.48	97.4893
3935.41	97.2237
3937.34	97.0099
3939.27	96.9501
3941.2	97.0273
3943.13	97.2129
3945.06	97.3881
3946.99	97.4333
3948.92	97.365
3950.85	97.2611
3952.77	97.1778
3954.7	97.1399
3956.63	97.1206
3958.56	97.0682
3960.49	96.9933
3962.42	96.9442
3964.35	96.9208
3966.28	96.9153
3968.21	96.9617
3970.14	97.0539
3972.07	97.1051
3973.99	97.0471
3975.92	96.906
3977.85	96.7931
3979.78	96.8147
3981.71	96.9237
3983.64	96.9433
3985.57	96.8476
3987.5	96.8174
3989.43	96.9203
3991.36	97.0246
3993.29	97.053
3995.22	97.0257
3997.14	96.9536
