499.643	80.1257
501.572	79.8042
503.501	79.4863
505.43	79.5442
507.36	79.9153
509.289	80.8709
511.218	82.1523
513.147	82.8982
515.076	82.7817
517.005	82.1945
518.934	81.5268
520.863	80.929
522.792	80.6932
524.722	81.3139
526.651	82.5777
528.58	83.2165
530.509	82.6769
532.438	81.8135
534.367	81.5265
536.296	81.8236
538.225	82.2503
540.155	82.5054
542.084	82.5486
544.013	82.4807
545.942	82.283
547.871	81.849
549.8	81.3618
551.729	81.1267
553.658	81.0596
555.588	80.9308
557.517	80.8845
559.446	81.084
561.375	81.2831
563.304	81.3503
565.233	81.5238
567.162	81.7319
569.091	81.6104
571.021	81.3042
572.95	81.2205
574.879	81.3221
576.808	81.4099
578.737	81.4851
580.666	81.5387
582.595	81.5344
584.524	81.5054
586.454	81.4844
588.383	81.5537
590.312	81.7195
592.241	81.7003
594.17	81.3636
596.099	81.0498
598.028	80.981
599.957	81.0101
601.887	81.0244
603.816	80.9971
605.745	80.8457
607.674	80.6271
609.603	80.4893
611.532	80.4297
613.461	80.5003
615.39	80.8554
617.32	81.3044
619.249	81.4407
621.178	81.3168
623.107	81.2458
625.036	81.2714
626.965	81.3116
628.894	81.4007
630.823	81.6097
632.753	81.978
634.682	82.4323
636.611	82.7473
638.54	82.8988
640.469	83.2339
642.398	83.9043
644.327	84.6189
646.256	85.218
648.186	85.7685
650.115	86.1394
652.044	86.2716
653.973	86.3131
655.902	86.1964
657.831	85.8641
659.76	85.4377
661.689	84.9461
663.619	84.7394
665.548	85.6828
667.477	88.2447
669.406	89.541
671.335	88.2222
673.264	87.2239
675.193	87.1413
677.122	87.347
679.052	87.6427
680.981	88.1028
682.91	88.3752
684.839	88.3814
686.768	88.412
688.697	88.4041
690.626	88.2622
692.555	88.1551
694.485	88.0499
696.414	87.8121
698.343	87.5761
700.272	87.4433
702.201	87.3142
704.13	87.1939
706.059	87.1517
707.988	87.1122
709.917	87.0187
711.847	86.9193
713.776	86.8381
715.705	86.8467
717.634	87.0296
719.563	87.1836
721.492	86.9712
723.421	86.4771
725.35	86.0211
727.28	85.6215
729.209	85.1148
731.138	84.4847
733.067	83.8231
734.996	83.2253
736.925	82.8069
738.854	82.6358
740.783	82.6511
742.713	82.7138
744.642	82.7226
746.571	82.6752
748.5	82.6249
750.429	82.6154
752.358	82.7023
754.287	82.9336
756.216	83.2312
758.146	83.4684
760.075	83.6786
762.004	83.9574
763.933	84.2494
765.862	84.4606
767.791	84.6115
769.72	84.7291
771.649	84.7897
773.579	84.8262
775.508	84.901
777.437	84.9957
779.366	85.0654
781.295	85.1137
783.224	85.1036
785.153	84.928
787.082	84.5696
789.012	84.1492
790.941	83.7338
792.87	83.2188
794.799	82.4242
796.728	81.1583
798.657	79.104
800.586	75.7814
802.515	71.0217
804.445	65.739
806.374	61.8274
808.303	60.8265
810.232	62.854
812.161	66.9517
814.09	71.9268
816.019	76.6302
817.948	80.1589
819.878	82.2649
821.807	83.281
823.736	83.6447
825.665	83.6877
827.594	83.63
829.523	83.5404
831.452	83.3661
833.381	83.032
835.311	82.5167
837.24	81.875
839.169	81.1509
841.098	80.3304
843.027	79.5072
844.956	78.9563
846.885	78.8785
848.814	79.2193
850.744	79.8097
852.673	80.4905
854.602	81.0934
856.531	81.5078
858.46	81.7654
860.389	81.9537
862.318	82.1081
864.247	82.2145
866.177	82.2459
868.106	82.208
870.035	82.1647
871.964	82.1587
873.893	82.1392
875.822	82.0534
877.751	81.948
879.68	81.8916
881.609	81.8611
883.539	81.78
885.468	81.6216
887.397	81.4146
889.326	81.1756
891.255	80.9005
893.184	80.6168
895.113	80.3749
897.042	80.1732
898.972	79.9704
900.901	79.7992
902.83	79.7616
904.759	79.8677
906.688	79.983
908.617	79.9878
910.546	79.8866
912.475	79.7268
914.405	79.5155
916.334	79.2494
918.263	78.9439
920.192	78.6148
922.121	78.2828
924.05	77.9852
925.979	77.7388
927.908	77.5058
929.838	77.2326
931.767	76.8962
933.696	76.4881
935.625	75.9951
937.554	75.4213
939.483	74.793
941.412	74.1179
943.341	73.3432
945.271	72.3652
947.2	71.1583
949.129	69.9162
951.058	68.9036
952.987	68.1064
954.916	67.2087
956.845	65.9545
958.774	64.3577
960.704	62.5897
962.633	60.8665
964.562	59.4025
966.491	58.3039
968.42	57.5102
970.349	56.8683
972.278	56.2217
974.207	55.4621
976.137	54.5628
978.066	53.5824
979.995	52.6702
981.924	52.054
983.853	51.9228
985.782	52.3054
987.711	53.1075
989.64	54.212
991.57	55.4947
993.499	56.7969
995.428	57.9337
997.357	58.7505
999.286	59.1961
1001.22	59.3243
1003.14	59.2151
1005.07	58.9492
1007	58.6619
1008.93	58.5189
1010.86	58.5858
1012.79	58.7627
1014.72	58.8688
1016.65	58.758
1018.58	58.3672
1020.51	57.7074
1022.44	56.8366
1024.36	55.8711
1026.29	55.0411
1028.22	54.6106
1030.15	54.5927
1032.08	54.64
1034.01	54.3803
1035.94	53.758
1037.87	52.9348
1039.8	52.038
1041.73	51.1343
1043.66	50.2822
1045.58	49.4922
1047.51	48.706
1049.44	47.8446
1051.37	46.8628
1053.3	45.8185
1055.23	44.929
1057.16	44.4867
1059.09	44.6643
1061.02	45.4172
1062.95	46.5726
1064.88	47.9751
1066.81	49.5745
1068.73	51.434
1070.66	53.6392
1072.59	56.1743
1074.52	58.903
1076.45	61.6384
1078.38	64.1965
1080.31	66.4427
1082.24	68.3123
1084.17	69.7517
1086.1	70.697
1088.03	71.1489
1089.95	71.1655
1091.88	70.7686
1093.81	69.9739
1095.74	68.8956
1097.67	67.7078
1099.6	66.5285
1101.53	65.4006
1103.46	64.3386
1105.39	63.3569
1107.32	62.4894
1109.25	61.7899
1111.18	61.2978
1113.1	61.0297
1115.03	60.9943
1116.96	61.1605
1118.89	61.425
1120.82	61.6698
1122.75	61.8134
1124.68	61.7635
1126.61	61.377
1128.54	60.5106
1130.47	59.0671
1132.4	57.0078
1134.32	54.4026
1136.25	51.455
1138.18	48.4171
1140.11	45.4952
1142.04	42.8536
1143.97	40.6393
1145.9	38.9359
1147.83	37.7162
1149.76	36.8793
1151.69	36.338
1153.62	36.0611
1155.55	36.024
1157.47	36.1581
1159.4	36.3982
1161.33	36.7401
1163.26	37.1987
1165.19	37.7538
1167.12	38.3684
1169.05	39.0193
1170.98	39.6945
1172.91	40.376
1174.84	41.0426
1176.77	41.707
1178.69	42.4179
1180.62	43.2085
1182.55	44.083
1184.48	45.0398
1186.41	46.0649
1188.34	47.1452
1190.27	48.3077
1192.2	49.5926
1194.13	50.9974
1196.06	52.4888
1197.99	54.0434
1199.91	55.6549
1201.84	57.2957
1203.77	58.8869
1205.7	60.3667
1207.63	61.7553
1209.56	63.0914
1211.49	64.4859
1213.42	66.186
1215.35	68.1071
1217.28	69.4679
1219.21	69.7439
1221.14	69.6395
1223.06	70.0591
1224.99	70.9118
1226.92	71.5727
1228.85	71.7703
1230.78	71.5199
1232.71	70.8119
1234.64	69.7197
1236.57	68.4228
1238.5	67.0844
1240.43	65.806
1242.36	64.6029
1244.28	63.451
1246.21	62.3834
1248.14	61.4506
1250.07	60.6588
1252	60.027
1253.93	59.5916
1255.86	59.3431
1257.79	59.252
1259.72	59.3103
1261.65	59.5119
1263.58	59.8651
1265.51	60.4
1267.43	61.1177
1269.36	61.9868
1271.29	62.9837
1273.22	64.0745
1275.15	65.1922
1277.08	66.2892
1279.01	67.367
1280.94	68.4163
1282.87	69.3874
1284.8	70.2365
1286.73	70.892
1288.65	71.2058
1290.58	71.136
1292.51	70.9349
1294.44	70.9903
1296.37	71.5643
1298.3	72.7244
1300.23	74.373
1302.16	76.271
1304.09	78.129
1306.02	79.7491
1307.95	81.0835
1309.87	82.1688
1311.8	83.0244
1313.73	83.6449
1315.66	84.073
1317.59	84.3897
1319.52	84.6299
1321.45	84.7723
1323.38	84.8206
1325.31	84.8498
1327.24	84.9411
1329.17	85.1042
1331.1	85.3308
1333.02	85.6452
1334.95	86.0438
1336.88	86.5021
1338.81	87.0067
1340.74	87.5194
1342.67	88.0255
1344.6	88.5626
1346.53	89.1327
1348.46	89.6943
1350.39	90.1898
1352.32	90.532
1354.24	90.6519
1356.17	90.5985
1358.1	90.5524
1360.03	90.7228
1361.96	91.1773
1363.89	91.6121
1365.82	91.6402
1367.75	91.2719
1369.68	90.8024
1371.61	90.43
1373.54	89.9084
1375.47	88.9838
1377.39	88.0104
1379.32	87.2339
1381.25	86.4441
1383.18	85.6115
1385.11	84.7789
1387.04	83.6944
1388.97	82.4022
1390.9	81.2761
1392.83	80.2771
1394.76	79.2481
1396.69	78.0307
1398.61	76.3007
1400.54	74.1192
1402.47	71.7903
1404.4	69.4658
1406.33	67.9065
1408.26	67.9845
1410.19	69.6818
1412.12	72.5993
1414.05	75.817
1415.98	78.8161
1417.91	81.9349
1419.83	84.7237
1421.76	86.4586
1423.69	87.5944
1425.62	88.4102
1427.55	88.8486
1429.48	88.9677
1431.41	88.8681
1433.34	88.689
1435.27	88.4483
1437.2	87.9809
1439.13	87.3435
1441.06	86.6667
1442.98	85.8924
1444.91	85.0835
1446.84	84.3172
1448.77	83.5227
1450.7	82.8762
1452.63	82.6613
1454.56	82.851
1456.49	83.0861
1458.42	82.6461
1460.35	81.9365
1462.28	81.5341
1464.2	81.2865
1466.13	81.055
1468.06	81.1238
1469.99	81.766
1471.92	82.9667
1473.85	84.1701
1475.78	85.0763
1477.71	86.1271
1479.64	87.4128
1481.57	88.7899
1483.5	90.1489
1485.43	91.4232
1487.35	92.6615
1489.28	93.7351
1491.21	94.2359
1493.14	94.429
1495.07	94.7802
1497	95.2438
1498.93	95.4528
1500.86	95.4664
1502.79	95.6176
1504.72	96.1086
1506.65	96.7889
1508.57	96.6929
1510.5	96.1412
1512.43	95.935
1514.36	96.127
1516.29	96.4599
1518.22	96.7408
1520.15	96.9979
1522.08	97.1518
1524.01	97.1272
1525.94	96.9923
1527.87	96.8101
1529.8	96.7043
1531.72	96.758
1533.65	96.8687
1535.58	96.9315
1537.51	97.1343
1539.44	97.6311
1541.37	97.9025
1543.3	97.5034
1545.23	97.0314
1547.16	96.7801
1549.09	96.7397
1551.02	96.7838
1552.94	96.8551
1554.87	97.0792
1556.8	97.5211
1558.73	97.7162
1560.66	97.202
1562.59	96.7382
1564.52	96.5715
1566.45	96.6193
1568.38	96.6818
1570.31	96.5026
1572.24	96.3086
1574.16	96.3904
1576.09	96.5277
1578.02	96.3175
1579.95	95.9994
1581.88	95.8291
1583.81	95.743
1585.74	95.6568
1587.67	95.5683
1589.6	95.5154
1591.53	95.5115
1593.46	95.4893
1595.39	95.376
1597.31	95.1959
1599.24	95.0248
1601.17	94.8625
1603.1	94.6165
1605.03	94.2856
1606.96	93.9488
1608.89	93.4217
1610.82	92.5374
1612.75	91.6601
1614.68	91.02
1616.61	90.4127
1618.53	89.9324
1620.46	89.9523
1622.39	90.3725
1624.32	90.6942
1626.25	90.5942
1628.18	90.087
1630.11	89.231
1632.04	88.4272
1633.97	88.1744
1635.9	88.7229
1637.83	89.6868
1639.76	90.7328
1641.68	91.8598
1643.61	92.9235
1645.54	93.8568
1647.47	94.4304
1649.4	94.5422
1651.33	94.6704
1653.26	94.8941
1655.19	94.5951
1657.12	94.153
1659.05	93.959
1660.98	93.8962
1662.9	93.7113
1664.83	93.4234
1666.76	93.3214
1668.69	93.4028
1670.62	93.2383
1672.55	92.8177
1674.48	92.3788
1676.41	91.6751
1678.34	90.8812
1680.27	90.4179
1682.2	90.009
1684.12	89.1094
1686.05	87.9219
1687.98	86.6762
1689.91	85.2786
1691.84	83.851
1693.77	82.2704
1695.7	80.4015
1697.63	78.2988
1699.56	75.3435
1701.49	71.6138
1703.42	68.3118
1705.35	65.0676
1707.27	61.2957
1709.2	57.87
1711.13	55.2693
1713.06	53.0885
1714.99	51.3263
1716.92	49.6691
1718.85	47.6171
1720.78	46.2399
1722.71	45.9344
1724.64	46.2202
1726.57	47.1373
1728.49	48.7658
1730.42	50.7956
1732.35	53.5174
1734.28	57.1717
1736.21	60.5119
1738.14	63.3703
1740.07	66.5345
1742	69.9044
1743.93	73.1039
1745.86	76.3894
1747.79	79.917
1749.72	83.4762
1751.64	86.712
1753.57	89.4211
1755.5	91.812
1757.43	94.1121
1759.36	96.0164
1761.29	97.1713
1763.22	97.7766
1765.15	98.0851
1767.08	98.2157
1769.01	98.413
1770.94	98.6979
1772.86	98.6809
1774.79	98.3267
1776.72	97.9755
1778.65	97.7891
1780.58	97.7823
1782.51	97.7746
1784.44	97.6332
1786.37	97.5387
1788.3	97.6348
1790.23	97.8363
1792.16	97.9659
1794.08	97.8595
1796.01	97.6847
1797.94	97.6387
1799.87	97.5867
1801.8	97.3897
1803.73	97.238
1805.66	97.2261
1807.59	97.2668
1809.52	97.3391
1811.45	97.3721
1813.38	97.3001
1815.31	97.2615
1817.23	97.3079
1819.16	97.3206
1821.09	97.3342
1823.02	97.4311
1824.95	97.5292
1826.88	97.6103
1828.81	97.7159
1830.74	97.7067
1832.67	97.5773
1834.6	97.5746
1836.53	97.7322
1838.45	97.8344
1840.38	97.8274
1842.31	97.863
1844.24	97.9201
1846.17	97.866
1848.1	97.8415
1850.03	97.9614
1851.96	98.0592
1853.89	97.9925
1855.82	97.8647
1857.75	97.8187
1859.68	97.8672
1861.6	97.9323
1863.53	97.9841
1865.46	98.1005
1867.39	98.2738
1869.32	98.3321
1871.25	98.3
1873.18	98.3421
1875.11	98.3704
1877.04	98.2825
1878.97	98.1975
1880.9	98.162
1882.82	98.0925
1884.75	98.1009
1886.68	98.322
1888.61	98.5251
1890.54	98.4196
1892.47	98.246
1894.4	98.3768
1896.33	98.6693
1898.26	98.7721
1900.19	98.715
1902.12	98.703
1904.05	98.7688
1905.97	98.8942
1907.9	99.0302
1909.83	99.0133
1911.76	98.8439
1913.69	98.7722
1915.62	98.8709
1917.55	98.9803
1919.48	99.0846
1921.41	99.3152
1923.34	99.544
1925.27	99.5298
1927.19	99.3754
1929.12	99.2934
1931.05	99.2556
1932.98	99.261
1934.91	99.4064
1936.84	99.5634
1938.77	99.5709
1940.7	99.5804
1942.63	99.7532
1944.56	99.9296
1946.49	99.9022
1948.41	99.7271
1950.34	99.6199
1952.27	99.6789
1954.2	99.7837
1956.13	99.8793
1958.06	100.065
1959.99	100.29
1961.92	100.378
1963.85	100.367
1965.78	100.45
1967.71	100.633
1969.64	100.688
1971.56	100.585
1973.49	100.623
1975.42	100.784
1977.35	100.623
1979.28	100.223
1981.21	100.107
1983.14	100.147
1985.07	99.9961
1987	99.9744
1988.93	100.32
1990.86	100.571
1992.78	100.477
1994.71	100.371
1996.64	100.375
1998.57	100.363
2000.5	100.435
2002.43	100.653
2004.36	100.735
2006.29	100.519
2008.22	100.269
2010.15	100.196
2012.08	100.158
2014.01	100.09
2015.93	100.179
2017.86	100.437
2019.79	100.57
2021.72	100.434
2023.65	100.217
2025.58	100.163
2027.51	100.349
2029.44	100.686
2031.37	100.968
2033.3	101.025
2035.23	100.886
2037.15	100.702
2039.08	100.513
2041.01	100.29
2042.94	100.127
2044.87	100.173
2046.8	100.359
2048.73	100.416
2050.66	100.255
2052.59	100.116
2054.52	100.121
2056.45	100.083
2058.37	99.9286
2060.3	99.8427
2062.23	99.8659
2064.16	99.8434
2066.09	99.7795
2068.02	99.7805
2069.95	99.7401
2071.88	99.5048
2073.81	99.2389
2075.74	99.231
2077.67	99.415
2079.6	99.5141
2081.52	99.5171
2083.45	99.5238
2085.38	99.449
2087.31	99.3173
2089.24	99.32
2091.17	99.3692
2093.1	99.2377
2095.03	99.0845
2096.96	99.2022
2098.89	99.4632
2100.82	99.536
2102.74	99.4295
2104.67	99.4055
2106.6	99.4961
2108.53	99.5113
2110.46	99.4583
2112.39	99.4924
2114.32	99.5724
2116.25	99.6061
2118.18	99.6411
2120.11	99.6414
2122.04	99.5313
2123.97	99.4622
2125.89	99.5637
2127.82	99.7162
2129.75	99.8779
2131.68	100.124
2133.61	100.301
2135.54	100.273
2137.47	100.265
2139.4	100.356
2141.33	100.253
2143.26	100.071
2145.19	100.323
2147.11	100.834
2149.04	100.862
2150.97	100.42
2152.9	100.235
2154.83	100.501
2156.76	100.762
2158.69	100.734
2160.62	100.545
2162.55	100.388
2164.48	100.314
2166.41	100.217
2168.33	99.9656
2170.26	99.6683
2172.19	99.6525
2174.12	99.9764
2176.05	100.274
2177.98	100.351
2179.91	100.423
2181.84	100.527
2183.77	100.46
2185.7	100.315
2187.63	100.293
2189.56	100.281
2191.48	100.176
2193.41	100.114
2195.34	100.15
2197.27	100.167
2199.2	100.062
2201.13	99.8374
2203.06	99.7021
2204.99	99.8328
2206.92	99.9898
2208.85	99.8299
2210.78	99.5142
2212.7	99.4819
2214.63	99.7579
2216.56	99.909
2218.49	99.7262
2220.42	99.5802
2222.35	99.7697
2224.28	99.9777
2226.21	99.9182
2228.14	99.854
2230.07	99.9274
2232	99.8917
2233.93	99.7915
2235.85	99.873
2237.78	99.9566
2239.71	99.8448
2241.64	99.7957
2243.57	99.9337
2245.5	100.011
2247.43	99.9843
2249.36	100.011
2251.29	100.021
2253.22	99.9384
2255.15	99.9184
2257.07	100.023
2259	100.145
2260.93	100.274
2262.86	100.416
2264.79	100.457
2266.72	100.381
2268.65	100.324
2270.58	100.328
2272.51	100.346
2274.44	100.387
2276.37	100.419
2278.29	100.319
2280.22	100.104
2282.15	99.9888
2284.08	100.085
2286.01	100.285
2287.94	100.531
2289.87	100.959
2291.8	101.589
2293.73	102.157
2295.66	102.543
2297.59	102.987
2299.52	103.599
2301.44	104.169
2303.37	104.722
2305.3	105.649
2307.23	107.076
2309.16	108.553
2311.09	109.586
2313.02	110.211
2314.95	110.932
2316.88	112.219
2318.81	114.146
2320.74	116.356
2322.66	118.274
2324.59	119.691
2326.52	120.934
2328.45	122.3
2330.38	123.639
2332.31	124.619
2334.24	125.338
2336.17	126.032
2338.1	126.509
2340.03	126.837
2341.96	127.265
2343.89	126.238
2345.81	122.684
2347.74	119.717
2349.67	119.778
2351.6	123.042
2353.53	128.409
2355.46	133.438
2357.39	136.816
2359.32	138.481
2361.25	138.13
2363.18	136.353
2365.11	133.524
2367.03	129.928
2368.96	126.249
2370.89	122.357
2372.82	118
2374.75	113.722
2376.68	110.051
2378.61	106.984
2380.54	104.357
2382.47	102.174
2384.4	100.525
2386.33	99.3868
2388.26	98.6629
2390.18	98.2918
2392.11	98.176
2394.04	98.134
2395.97	98.0761
2397.9	98.0532
2399.83	98.0606
2401.76	98.0182
2403.69	97.9561
2405.62	97.9866
2407.55	98.101
2409.48	98.1795
2411.4	98.1603
2413.33	98.0567
2415.26	97.9025
2417.19	97.776
2419.12	97.7459
2421.05	97.7912
2422.98	97.8883
2424.91	98.0324
2426.84	98.1218
2428.77	98.0731
2430.7	97.9911
2432.62	97.9908
2434.55	98.041
2436.48	98.1137
2438.41	98.2342
2440.34	98.3605
2442.27	98.4062
2444.2	98.3478
2446.13	98.2326
2448.06	98.1016
2449.99	97.9398
2451.92	97.7863
2453.85	97.7862
2455.77	97.944
2457.7	98.0486
2459.63	98.0243
2461.56	98.0073
2463.49	98.0247
2465.42	98.0212
2467.35	98.0702
2469.28	98.182
2471.21	98.1974
2473.14	98.0975
2475.07	98.024
2476.99	97.9752
2478.92	97.8874
2480.85	97.8526
2482.78	97.9304
2484.71	98.0152
2486.64	98.0647
2488.57	98.136
2490.5	98.1695
2492.43	98.0777
2494.36	97.9815
2496.29	98.0411
2498.22	98.1744
2500.14	98.2192
2502.07	98.211
2504	98.2489
2505.93	98.2944
2507.86	98.2937
2509.79	98.2805
2511.72	98.2782
2513.65	98.2723
2515.58	98.2503
2517.51	98.2036
2519.44	98.1472
2521.36	98.089
2523.29	98.0078
2525.22	97.9606
2527.15	98.0302
2529.08	98.1422
2531.01	98.2123
2532.94	98.2874
2534.87	98.3015
2536.8	98.1324
2538.73	97.9621
2540.66	98.0084
2542.58	98.0972
2544.51	98.0261
2546.44	97.9427
2548.37	97.9847
2550.3	98.0368
2552.23	98.0305
2554.16	98.0329
2556.09	98.0046
2558.02	97.8546
2559.95	97.7033
2561.88	97.7594
2563.81	97.9908
2565.73	98.1805
2567.66	98.2304
2569.59	98.1928
2571.52	98.1022
2573.45	97.9673
2575.38	97.8355
2577.31	97.7392
2579.24	97.6571
2581.17	97.5884
2583.1	97.5763
2585.03	97.6187
2586.95	97.6439
2588.88	97.6001
2590.81	97.5268
2592.74	97.5213
2594.67	97.6001
2596.6	97.6392
2598.53	97.5911
2600.46	97.6004
2602.39	97.7042
2604.32	97.7268
2606.25	97.6188
2608.18	97.4992
2610.1	97.403
2612.03	97.3446
2613.96	97.3554
2615.89	97.317
2617.82	97.1727
2619.75	97.1245
2621.68	97.2231
2623.61	97.2182
2625.54	97.0588
2627.47	96.9912
2629.4	97.1005
2631.32	97.2138
2633.25	97.2095
2635.18	97.1375
2637.11	97.068
2639.04	96.9731
2640.97	96.8248
2642.9	96.7063
2644.83	96.6814
2646.76	96.6962
2648.69	96.7163
2650.62	96.7444
2652.54	96.716
2654.47	96.6206
2656.4	96.5726
2658.33	96.5906
2660.26	96.5594
2662.19	96.4671
2664.12	96.4125
2666.05	96.4235
2667.98	96.4613
2669.91	96.4993
2671.84	96.5063
2673.77	96.4686
2675.69	96.4271
2677.62	96.4156
2679.55	96.4174
2681.48	96.4173
2683.41	96.4312
2685.34	96.4728
2687.27	96.5234
2689.2	96.531
2691.13	96.4553
2693.06	96.3381
2694.99	96.277
2696.91	96.2982
2698.84	96.3341
2700.77	96.3413
2702.7	96.3362
2704.63	96.3265
2706.56	96.3094
2708.49	96.2875
2710.42	96.234
2712.35	96.1359
2714.28	96.0617
2716.21	96.0826
2718.14	96.1613
2720.06	96.1866
2721.99	96.1006
2723.92	95.9728
2725.85	95.9259
2727.78	95.9822
2729.71	96.0537
2731.64	96.0688
2733.57	96.0281
2735.5	95.9723
2737.43	95.9318
2739.36	95.8879
2741.28	95.8305
2743.21	95.8192
2745.14	95.8723
2747.07	95.8925
2749	95.8271
2750.93	95.7568
2752.86	95.7438
2754.79	95.7517
2756.72	95.7543
2758.65	95.7759
2760.58	95.8093
2762.51	95.8177
2764.43	95.8139
2766.36	95.8207
2768.29	95.8019
2770.22	95.7466
2772.15	95.7126
2774.08	95.6994
2776.01	95.6494
2777.94	95.5882
2779.87	95.5762
2781.8	95.5919
2783.73	95.5992
2785.65	95.5952
2787.58	95.5645
2789.51	95.52
2791.44	95.5124
2793.37	95.5164
2795.3	95.4603
2797.23	95.3837
2799.16	95.394
2801.09	95.4839
2803.02	95.5303
2804.95	95.4605
2806.87	95.3224
2808.8	95.1913
2810.73	95.0984
2812.66	95.0617
2814.59	95.0725
2816.52	95.0407
2818.45	94.8935
2820.38	94.6984
2822.31	94.5344
2824.24	94.3512
2826.17	94.1284
2828.1	93.9862
2830.02	93.9584
2831.95	93.8676
2833.88	93.5774
2835.81	93.1862
2837.74	92.8792
2839.67	92.7299
2841.6	92.6837
2843.53	92.6262
2845.46	92.4566
2847.39	92.1505
2849.32	91.7579
2851.24	91.3374
2853.17	90.9002
2855.1	90.408
2857.03	89.8177
2858.96	89.1579
2860.89	88.5381
2862.82	88.0279
2864.75	87.5955
2866.68	87.205
2868.61	86.8557
2870.54	86.5325
2872.47	86.278
2874.39	86.2262
2876.32	86.4206
2878.25	86.755
2880.18	87.1615
2882.11	87.639
2884.04	88.0832
2885.97	88.3238
2887.9	88.3306
2889.83	88.2129
2891.76	88.0653
2893.69	87.944
2895.61	87.9038
2897.54	87.9098
2899.47	87.8238
2901.4	87.6189
2903.33	87.4713
2905.26	87.5209
2907.19	87.6685
2909.12	87.7076
2911.05	87.5938
2912.98	87.4563
2914.91	87.3337
2916.83	87.107
2918.76	86.7443
2920.69	86.3141
2922.62	85.7783
2924.55	85.1244
2926.48	84.5371
2928.41	84.1647
2930.34	83.963
2932.27	83.8601
2934.2	83.8675
2936.13	84.0645
2938.06	84.4916
2939.98	84.9804
2941.91	85.284
2943.84	85.407
2945.77	85.4867
2947.7	85.4568
2949.63	85.162
2951.56	84.6327
2953.49	83.9974
2955.42	83.345
2957.35	82.8438
2959.28	82.7644
2961.2	83.207
2963.13	84.0146
2965.06	85.1007
2966.99	86.5409
2968.92	88.1461
2970.85	89.404
2972.78	90.1241
2974.71	90.6343
2976.64	91.1931
2978.57	91.7416
2980.5	92.224
2982.43	92.7267
2984.35	93.3157
2986.28	93.9457
2988.21	94.4862
2990.14	94.816
2992.07	94.9901
2994	95.2239
2995.93	95.5887
2997.86	95.9097
2999.79	96.1261
3001.72	96.4144
3003.65	96.7579
3005.57	96.8892
3007.5	96.8319
3009.43	96.8978
3011.36	97.1166
3013.29	97.2756
3015.22	97.3603
3017.15	97.4537
3019.08	97.4801
3021.01	97.3862
3022.94	97.308
3024.87	97.3872
3026.79	97.5443
3028.72	97.5528
3030.65	97.3781
3032.58	97.2068
3034.51	97.064
3036.44	96.8514
3038.37	96.713
3040.3	96.7757
3042.23	96.8142
3044.16	96.7007
3046.09	96.6516
3048.02	96.7272
3049.94	96.6875
3051.87	96.4365
3053.8	96.2257
3055.73	96.4001
3057.66	96.9317
3059.59	97.2999
3061.52	97.179
3063.45	96.8944
3065.38	96.7631
3067.31	96.6259
3069.24	96.4173
3071.16	96.4354
3073.09	96.7362
3075.02	96.9383
3076.95	96.8446
3078.88	96.6954
3080.81	96.6997
3082.74	96.7694
3084.67	96.7606
3086.6	96.6881
3088.53	96.6518
3090.46	96.6509
3092.39	96.5667
3094.31	96.4016
3096.24	96.3166
3098.17	96.3083
3100.1	96.2404
3102.03	96.2022
3103.96	96.3189
3105.89	96.4144
3107.82	96.3249
3109.75	96.1629
3111.68	96.0371
3113.61	95.9409
3115.53	95.9186
3117.46	96.0128
3119.39	96.1194
3121.32	96.0654
3123.25	95.8565
3125.18	95.7526
3127.11	95.9038
3129.04	96.0807
3130.97	96.0593
3132.9	95.9421
3134.83	95.8922
3136.75	95.9517
3138.68	96.1029
3140.61	96.1719
3142.54	95.9643
3144.47	95.6295
3146.4	95.4463
3148.33	95.425
3150.26	95.5088
3152.19	95.7126
3154.12	95.8619
3156.05	95.757
3157.98	95.5265
3159.9	95.3734
3161.83	95.3378
3163.76	95.4822
3165.69	95.7798
3167.62	95.9444
3169.55	95.8286
3171.48	95.6177
3173.41	95.4367
3175.34	95.2757
3177.27	95.2099
3179.2	95.2593
3181.12	95.3109
3183.05	95.3501
3184.98	95.4065
3186.91	95.38
3188.84	95.2445
3190.77	95.1366
3192.7	95.0949
3194.63	95.0552
3196.56	95.0477
3198.49	95.0927
3200.42	95.1135
3202.35	95.0959
3204.27	95.0313
3206.2	94.8236
3208.13	94.5422
3210.06	94.4057
3211.99	94.3942
3213.92	94.3899
3215.85	94.5167
3217.78	94.7825
3219.71	94.8562
3221.64	94.6545
3223.57	94.5138
3225.49	94.5737
3227.42	94.6301
3229.35	94.551
3231.28	94.3925
3233.21	94.2495
3235.14	94.1694
3237.07	94.0898
3239	93.9343
3240.93	93.788
3242.86	93.7692
3244.79	93.8111
3246.72	93.7671
3248.64	93.6075
3250.57	93.4166
3252.5	93.3239
3254.43	93.3928
3256.36	93.5008
3258.29	93.4971
3260.22	93.4443
3262.15	93.4521
3264.08	93.4173
3266.01	93.2262
3267.94	93.0208
3269.86	93.0033
3271.79	93.1373
3273.72	93.2151
3275.65	93.1503
3277.58	93.0818
3279.51	93.1076
3281.44	93.0973
3283.37	92.94
3285.3	92.739
3287.23	92.6021
3289.16	92.5067
3291.08	92.4143
3293.01	92.3238
3294.94	92.2711
3296.87	92.3092
3298.8	92.3952
3300.73	92.4067
3302.66	92.3235
3304.59	92.2309
3306.52	92.1764
3308.45	92.1468
3310.38	92.1205
3312.31	92.0793
3314.23	91.9993
3316.16	91.8755
3318.09	91.7862
3320.02	91.8242
3321.95	91.9185
3323.88	91.9091
3325.81	91.7987
3327.74	91.7106
3329.67	91.6603
3331.6	91.562
3333.53	91.4002
3335.45	91.2942
3337.38	91.3706
3339.31	91.5402
3341.24	91.5321
3343.17	91.2813
3345.1	91.0692
3347.03	91.0823
3348.96	91.1483
3350.89	91.1243
3352.82	91.1074
3354.75	91.1446
3356.68	91.1821
3358.6	91.255
3360.53	91.3688
3362.46	91.4194
3364.39	91.4001
3366.32	91.3428
3368.25	91.172
3370.18	90.958
3372.11	90.9213
3374.04	91.0301
3375.97	91.0985
3377.9	91.1256
3379.82	91.1463
3381.75	91.1362
3383.68	91.1467
3385.61	91.1827
3387.54	91.1826
3389.47	91.1986
3391.4	91.2549
3393.33	91.2644
3395.26	91.247
3397.19	91.2273
3399.12	91.1058
3401.04	90.9689
3402.97	91.0471
3404.9	91.2583
3406.83	91.3402
3408.76	91.3021
3410.69	91.2973
3412.62	91.3364
3414.55	91.3581
3416.48	91.3283
3418.41	91.2562
3420.34	91.1917
3422.27	91.1573
3424.19	91.1938
3426.12	91.3834
3428.05	91.6236
3429.98	91.6959
3431.91	91.6092
3433.84	91.4356
3435.77	91.141
3437.7	90.933
3439.63	91.0693
3441.56	91.3313
3443.49	91.4653
3445.41	91.6638
3447.34	91.9486
3449.27	91.9363
3451.2	91.617
3453.13	91.3971
3455.06	91.4245
3456.99	91.5588
3458.92	91.6673
3460.85	91.6243
3462.78	91.4245
3464.71	91.3286
3466.64	91.4919
3468.56	91.6814
3470.49	91.6905
3472.42	91.681
3474.35	91.8031
3476.28	91.8836
3478.21	91.7877
3480.14	91.6487
3482.07	91.5623
3484	91.5054
3485.93	91.5321
3487.86	91.6431
3489.78	91.6899
3491.71	91.6666
3493.64	91.6864
3495.57	91.6777
3497.5	91.5831
3499.43	91.5578
3501.36	91.6077
3503.29	91.5516
3505.22	91.4369
3507.15	91.3916
3509.08	91.3076
3511	91.1564
3512.93	91.1189
3514.86	91.2078
3516.79	91.3071
3518.72	91.4521
3520.65	91.7071
3522.58	91.9559
3524.51	91.9717
3526.44	91.6494
3528.37	91.2062
3530.3	91.0304
3532.23	91.2301
3534.15	91.5771
3536.08	91.8386
3538.01	91.882
3539.94	91.748
3541.87	91.7355
3543.8	92.0477
3545.73	92.3737
3547.66	92.3545
3549.59	92.2877
3551.52	92.4676
3553.45	92.6359
3555.37	92.6425
3557.3	92.7575
3559.23	92.9676
3561.16	93.0289
3563.09	93.1582
3565.02	93.6399
3566.95	94.0345
3568.88	93.823
3570.81	93.5122
3572.74	93.5835
3574.67	93.9827
3576.6	94.5166
3578.52	94.9927
3580.45	95.266
3582.38	95.4011
3584.31	95.6557
3586.24	96.0745
3588.17	96.2638
3590.1	96.1081
3592.03	96.152
3593.96	96.6053
3595.89	97.0217
3597.82	97.026
3599.74	96.8673
3601.67	96.8431
3603.6	97.0045
3605.53	97.2698
3607.46	97.4382
3609.39	97.3834
3611.32	97.316
3613.25	97.4367
3615.18	97.7804
3617.11	98.2913
3619.04	98.5227
3620.97	98.1086
3622.89	97.7792
3624.82	98.12
3626.75	98.7748
3628.68	99.2254
3630.61	99.3385
3632.54	99.0003
3634.47	98.2154
3636.4	97.6196
3638.33	97.6007
3640.26	97.6588
3642.19	97.5049
3644.11	97.4157
3646.04	97.4526
3647.97	97.6161
3649.9	98.1149
3651.83	98.4364
3653.76	98.2102
3655.69	97.7662
3657.62	97.448
3659.55	97.3618
3661.48	97.4486
3663.41	97.5775
3665.33	97.6346
3667.26	97.7113
3669.19	97.8426
3671.12	97.8637
3673.05	98.0242
3674.98	98.6339
3676.91	98.9811
3678.84	98.4717
3680.77	97.9201
3682.7	97.8453
3684.63	98.1264
3686.56	98.6543
3688.48	99.4423
3690.41	99.867
3692.34	99.4855
3694.27	98.9961
3696.2	98.804
3698.13	98.7621
3700.06	98.7934
3701.99	98.9696
3703.92	99.1242
3705.85	99.2194
3707.78	99.5961
3709.7	100.14
3711.63	99.8115
3713.56	98.6323
3715.49	98.0444
3717.42	98.2891
3719.35	98.7281
3721.28	99.1151
3723.21	99.7002
3725.14	100.135
3727.07	99.8849
3729	99.5193
3730.93	99.7079
3732.85	100.246
3734.78	100.626
3736.71	100.594
3738.64	100.07
3740.57	99.2843
3742.5	98.6588
3744.43	98.5309
3746.36	98.6679
3748.29	98.6667
3750.22	98.6433
3752.15	98.6011
3754.07	98.3631
3756	98.1011
3757.93	98.0293
3759.86	98.093
3761.79	98.0804
3763.72	98.0172
3765.65	97.9919
3767.58	97.9091
3769.51	97.6657
3771.44	97.3765
3773.37	97.2841
3775.29	97.4751
3777.22	97.7535
3779.15	97.7981
3781.08	97.6494
3783.01	97.6209
3784.94	97.6602
3786.87	97.5502
3788.8	97.3564
3790.73	97.2849
3792.66	97.4177
3794.59	97.6466
3796.52	97.6921
3798.44	97.5209
3800.37	97.4959
3802.3	97.7006
3804.23	97.7868
3806.16	97.7877
3808.09	97.8762
3810.02	97.8862
3811.95	97.7481
3813.88	97.5993
3815.81	97.5437
3817.74	97.6928
3819.66	98.0281
3821.59	98.1963
3823.52	98.0094
3825.45	97.8384
3827.38	97.8283
3829.31	97.8268
3831.24	97.8265
3833.17	97.9195
3835.1	98.0758
3837.03	98.2148
3838.96	98.2064
3840.89	97.9927
3842.81	97.7637
3844.74	97.6174
3846.67	97.5125
3848.6	97.5096
3850.53	97.6956
3852.46	97.9833
3854.39	98.0519
3856.32	97.8512
3858.25	97.6692
3860.18	97.6946
3862.11	97.9758
3864.03	98.1991
3865.96	98.0538
3867.89	97.8
3869.82	97.7689
3871.75	97.8619
3873.68	97.8081
3875.61	97.64
3877.54	97.5486
3879.47	97.6137
3881.4	97.7354
3883.33	97.759
3885.25	97.6733
3887.18	97.6019
3889.11	97.631
3891.04	97.674
3892.97	97.6059
3894.9	97.5368
3896.83	97.6168
3898.76	97.72
3900.69	97.6404
3902.62	97.4969
3904.55	97.4599
3906.48	97.4114
3908.4	97.3348
3910.33	97.3504
3912.26	97.4444
3914.19	97.5137
3916.12	97.5144
3918.05	97.4064
3919.98	97.2037
3921.91	97.0677
3923.84	97.0928
3925.77	97.1909
3927.7	97.2751
3929.62	97.3638
3931.55	97.3978
3933.48	97.2896
3935.41	97.1757
3937.34	97.2189
3939.27	97.3606
3941.2	97.4773
3943.13	97.5508
3945.06	97.5929
3946.99	97.5688
3948.92	97.4491
3950.85	97.2712
3952.77	97.168
3954.7	97.24
3956.63	97.3744
3958.56	97.3577
3960.49	97.2029
3962.42	97.0971
3964.35	97.0917
3966.28	97.1252
3968.21	97.1824
3970.14	97.2339
3972.07	97.2221
3973.99	97.1595
3975.92	97.0937
3977.85	97.0557
3979.78	97.0756
3981.71	97.1205
3983.64	97.0819
3985.57	96.9428
3987.5	96.8279
3989.43	96.8309
3991.36	96.9175
3993.29	97.0036
3995.22	97.0445
3997.14	97.041
