499.643	80.065
501.572	80.1681
503.501	79.482
505.43	79.0498
507.36	79.4307
509.289	80.5534
511.218	81.7566
513.147	82.2831
515.076	82.1909
517.005	81.9134
518.934	81.4894
520.863	80.9711
522.792	80.7638
524.722	81.2454
526.651	82.2688
528.58	82.9883
530.509	82.8316
532.438	82.156
534.367	81.6473
536.296	81.5736
538.225	81.7572
540.155	81.9835
542.084	82.2171
544.013	82.4229
545.942	82.3346
547.871	81.8566
549.8	81.4386
551.729	81.376
553.658	81.358
555.588	81.2153
557.517	81.2037
559.446	81.2796
561.375	81.1667
563.304	81.0566
565.233	81.2295
567.162	81.4399
569.091	81.4465
571.021	81.4379
572.95	81.4859
574.879	81.4057
576.808	81.2461
578.737	81.2162
580.666	81.3354
582.595	81.5639
584.524	81.8251
586.454	81.8777
588.383	81.6425
590.312	81.3872
592.241	81.2887
594.17	81.2168
596.099	81.0878
598.028	80.979
599.957	80.9295
601.887	80.925
603.816	80.9182
605.745	80.8143
607.674	80.6176
609.603	80.4457
611.532	80.3673
613.461	80.5049
615.39	80.9925
617.32	81.4847
619.249	81.4455
621.178	81.1402
623.107	81.1356
625.036	81.3012
626.965	81.3049
628.894	81.3147
630.823	81.5493
632.753	81.9449
634.682	82.4002
636.611	82.7825
638.54	83.0143
640.469	83.3232
642.398	83.8812
644.327	84.526
646.256	85.1736
648.186	85.7916
650.115	86.1101
652.044	86.1376
653.973	86.1623
655.902	86.1048
657.831	85.8608
659.76	85.5352
661.689	85.0508
663.619	84.7269
665.548	85.5699
667.477	88.1496
669.406	89.461
671.335	88.0481
673.264	87.0087
675.193	87.0251
677.122	87.3825
679.052	87.7381
680.981	88.1889
682.91	88.4404
684.839	88.3893
686.768	88.3723
688.697	88.404
690.626	88.2766
692.555	88.0621
694.485	87.8997
696.414	87.7719
698.343	87.6372
700.272	87.4815
702.201	87.3103
704.13	87.1789
706.059	87.1017
707.988	87.0202
709.917	86.9372
711.847	86.8833
713.776	86.8066
715.705	86.7571
717.634	86.913
719.563	87.152
721.492	87.0369
723.421	86.5207
725.35	85.9913
727.28	85.5943
729.209	85.1559
731.138	84.5745
733.067	83.9092
734.996	83.268
736.925	82.7853
738.854	82.545
740.783	82.5102
742.713	82.5781
744.642	82.6509
746.571	82.6609
748.5	82.5971
750.429	82.5316
752.358	82.5879
754.287	82.8126
756.216	83.1094
758.146	83.3849
760.075	83.6524
762.004	83.9251
763.933	84.1762
765.862	84.4041
767.791	84.5967
769.72	84.7199
771.649	84.7879
773.579	84.8287
775.508	84.8393
777.437	84.8404
779.366	84.8706
781.295	84.9231
783.224	84.9383
785.153	84.8294
787.082	84.5648
789.012	84.2104
790.941	83.789
792.87	83.2049
794.799	82.3667
796.728	81.1423
798.657	79.1366
800.586	75.7986
802.515	71.0259
804.445	65.7766
806.374	61.884
808.303	60.8768
810.232	62.9227
812.161	67.0361
814.09	71.9816
816.019	76.6566
817.948	80.1847
819.878	82.2736
821.807	83.2649
823.736	83.6522
825.665	83.7429
827.594	83.6929
829.523	83.5768
831.452	83.3761
833.381	83.0178
835.311	82.4777
837.24	81.8133
839.169	81.0741
841.098	80.2685
843.027	79.482
844.956	78.9335
846.885	78.8225
848.814	79.1572
850.744	79.7668
852.673	80.4446
854.602	81.0388
856.531	81.4661
858.46	81.7368
860.389	81.9361
862.318	82.1046
864.247	82.1978
866.177	82.2019
868.106	82.1832
870.035	82.1936
871.964	82.2182
873.893	82.2067
875.822	82.1236
877.751	82.0031
879.68	81.9196
881.609	81.8713
883.539	81.7804
885.468	81.6142
887.397	81.4058
889.326	81.1773
891.255	80.9323
893.184	80.683
895.113	80.4349
897.042	80.1804
898.972	79.9437
900.901	79.803
902.83	79.8181
904.759	79.9307
906.688	80.0052
908.617	79.9744
910.546	79.8659
912.475	79.7027
914.405	79.4805
916.334	79.2173
918.263	78.9347
920.192	78.6242
922.121	78.2918
924.05	77.9887
925.979	77.7403
927.908	77.4974
929.838	77.2041
931.767	76.8566
933.696	76.4565
935.625	75.9826
937.554	75.4322
939.483	74.82
941.412	74.1355
943.341	73.338
945.271	72.3681
947.2	71.2049
949.129	69.9836
951.058	68.9332
952.987	68.0858
954.916	67.1862
956.845	65.9703
958.774	64.4014
960.704	62.6347
962.633	60.9036
964.562	59.4262
966.491	58.3022
968.42	57.487
970.349	56.8519
972.278	56.2362
974.207	55.5009
976.137	54.598
978.066	53.5936
979.995	52.6577
981.924	52.0308
983.853	51.9112
985.782	52.3324
987.711	53.1742
989.64	54.2785
991.57	55.5244
993.499	56.7994
995.428	57.9363
997.357	58.7575
999.286	59.1962
1001.22	59.3079
1003.14	59.1749
1005.07	58.8906
1007	58.6071
1008.93	58.49
1010.86	58.5905
1012.79	58.7857
1014.72	58.8699
1016.65	58.7145
1018.58	58.3125
1020.51	57.6766
1022.44	56.8047
1024.36	55.8084
1026.29	54.9786
1028.22	54.584
1030.15	54.5755
1032.08	54.5906
1034.01	54.3135
1035.94	53.7252
1037.87	52.9531
1039.8	52.0704
1041.73	51.1339
1043.66	50.238
1045.58	49.4307
1047.51	48.6638
1049.44	47.8381
1051.37	46.879
1053.3	45.842
1055.23	44.9569
1057.16	44.5076
1059.09	44.6609
1061.02	45.3963
1062.95	46.5498
1064.88	47.9461
1066.81	49.5382
1068.73	51.406
1070.66	53.6225
1072.59	56.1583
1074.52	58.8871
1076.45	61.6221
1078.38	64.1758
1080.31	66.4259
1082.24	68.3026
1084.17	69.7317
1086.1	70.6586
1088.03	71.095
1089.95	71.08
1091.88	70.6455
1093.81	69.8566
1095.74	68.8226
1097.67	67.6602
1099.6	66.4804
1101.53	65.3659
1103.46	64.3266
1105.39	63.3366
1107.32	62.4315
1109.25	61.7044
1111.18	61.2097
1113.1	60.9447
1115.03	60.9071
1116.96	61.0789
1118.89	61.3653
1120.82	61.6299
1122.75	61.7739
1124.68	61.7127
1126.61	61.3156
1128.54	60.4395
1130.47	58.9952
1132.4	56.9593
1134.32	54.3871
1136.25	51.4431
1138.18	48.3696
1140.11	45.4135
1142.04	42.778
1143.97	40.5923
1145.9	38.8916
1147.83	37.6524
1149.76	36.8276
1151.69	36.3393
1153.62	36.0992
1155.55	36.05
1157.47	36.1594
1159.4	36.4065
1161.33	36.7783
1163.26	37.2461
1165.19	37.7802
1167.12	38.3844
1169.05	39.0519
1170.98	39.7336
1172.91	40.4005
1174.84	41.0689
1176.77	41.7521
1178.69	42.4582
1180.62	43.2254
1182.55	44.0982
1184.48	45.0711
1186.41	46.1025
1188.34	47.1859
1190.27	48.3576
1192.2	49.6334
1194.13	51.0041
1196.06	52.472
1197.99	54.0276
1199.91	55.6408
1201.84	57.2843
1203.77	58.8975
1205.7	60.398
1207.63	61.7762
1209.56	63.0927
1211.49	64.4897
1213.42	66.1971
1215.35	68.1011
1217.28	69.4341
1219.21	69.7083
1221.14	69.6243
1223.06	70.0477
1224.99	70.8841
1226.92	71.5486
1228.85	71.7725
1230.78	71.5243
1232.71	70.7994
1234.64	69.726
1236.57	68.4652
1238.5	67.1067
1240.43	65.7697
1242.36	64.5546
1244.28	63.4383
1246.21	62.3844
1248.14	61.4316
1250.07	60.6269
1252	59.997
1253.93	59.5628
1255.86	59.317
1257.79	59.239
1259.72	59.3249
1261.65	59.5617
1263.58	59.9263
1265.51	60.4321
1267.43	61.1189
1269.36	61.9872
1271.29	62.9835
1273.22	64.0601
1275.15	65.1925
1277.08	66.3329
1279.01	67.4236
1280.94	68.443
1282.87	69.3838
1284.8	70.2155
1286.73	70.8595
1288.65	71.1786
1290.58	71.132
1292.51	70.9575
1294.44	71.0429
1296.37	71.6455
1298.3	72.8043
1300.23	74.407
1302.16	76.2484
1304.09	78.0951
1306.02	79.7597
1307.95	81.1341
1309.87	82.2042
1311.8	83.0203
1313.73	83.6307
1315.66	84.0699
1317.59	84.3818
1319.52	84.6084
1321.45	84.7616
1323.38	84.8356
1325.31	84.8594
1327.24	84.9095
1329.17	85.0496
1331.1	85.2977
1333.02	85.6367
1334.95	86.032
1336.88	86.4832
1338.81	87.0029
1340.74	87.539
1342.67	88.0548
1344.6	88.5832
1346.53	89.1282
1348.46	89.6622
1350.39	90.1493
1352.32	90.5014
1354.24	90.6343
1356.17	90.5997
1358.1	90.5837
1360.03	90.7722
1361.96	91.2108
1363.89	91.6253
1365.82	91.6577
1367.75	91.29
1369.68	90.7993
1371.61	90.416
1373.54	89.9193
1375.47	89.0232
1377.39	88.0356
1379.32	87.2088
1381.25	86.3785
1383.18	85.5472
1385.11	84.7375
1387.04	83.6672
1388.97	82.3876
1390.9	81.29
1392.83	80.3245
1394.76	79.3223
1396.69	78.127
1398.61	76.4028
1400.54	74.2009
1402.47	71.8564
1404.4	69.5467
1406.33	68.0043
1408.26	68.073
1410.19	69.7582
1412.12	72.6818
1414.05	75.9052
1415.98	78.8936
1417.91	81.9967
1419.83	84.7697
1421.76	86.4659
1423.69	87.5522
1425.62	88.3649
1427.55	88.8546
1429.48	89.0042
1431.41	88.8747
1433.34	88.6739
1435.27	88.4724
1437.2	88.0616
1439.13	87.4302
1441.06	86.7281
1442.98	85.9298
1444.91	85.1102
1446.84	84.3419
1448.77	83.531
1450.7	82.8506
1452.63	82.6123
1454.56	82.8058
1456.49	83.0856
1458.42	82.7065
1460.35	82.0031
1462.28	81.5626
1464.2	81.2727
1466.13	81.0348
1468.06	81.1149
1469.99	81.7528
1471.92	82.9559
1473.85	84.2041
1475.78	85.1484
1477.71	86.1957
1479.64	87.4648
1481.57	88.8278
1483.5	90.1687
1485.43	91.4331
1487.35	92.6855
1489.28	93.7667
1491.21	94.246
1493.14	94.4432
1495.07	94.8344
1497	95.3046
1498.93	95.4547
1500.86	95.4358
1502.79	95.6016
1504.72	96.0989
1506.65	96.7575
1508.57	96.6775
1510.5	96.1543
1512.43	95.9371
1514.36	96.1079
1516.29	96.4616
1518.22	96.7916
1520.15	97.0712
1522.08	97.2185
1524.01	97.189
1525.94	97.0373
1527.87	96.82
1529.8	96.7044
1531.72	96.7946
1533.65	96.9359
1535.58	96.9759
1537.51	97.157
1539.44	97.6775
1541.37	97.9572
1543.3	97.5102
1545.23	97.0121
1547.16	96.7691
1549.09	96.7423
1551.02	96.7852
1552.94	96.8435
1554.87	97.0765
1556.8	97.5758
1558.73	97.8162
1560.66	97.2513
1562.59	96.7511
1564.52	96.5835
1566.45	96.6235
1568.38	96.6686
1570.31	96.4915
1572.24	96.3166
1574.16	96.428
1576.09	96.6003
1578.02	96.3879
1579.95	96.0456
1581.88	95.8805
1583.81	95.8181
1585.74	95.7327
1587.67	95.632
1589.6	95.5739
1591.53	95.5527
1593.46	95.4991
1595.39	95.3659
1597.31	95.1801
1599.24	95.0173
1601.17	94.8895
1603.1	94.6772
1605.03	94.3351
1606.96	93.9546
1608.89	93.3947
1610.82	92.5158
1612.75	91.6674
1614.68	91.0403
1616.61	90.4277
1618.53	89.9915
1620.46	90.0866
1622.39	90.5054
1624.32	90.7264
1626.25	90.5708
1628.18	90.1135
1630.11	89.3146
1632.04	88.5132
1633.97	88.2434
1635.9	88.7957
1637.83	89.7576
1639.76	90.7725
1641.68	91.8685
1643.61	92.9234
1645.54	93.8696
1647.47	94.4601
1649.4	94.5795
1651.33	94.7134
1653.26	94.9364
1655.19	94.6149
1657.12	94.1548
1659.05	93.9538
1660.98	93.8746
1662.9	93.6674
1664.83	93.4021
1666.76	93.3635
1668.69	93.4821
1670.62	93.2958
1672.55	92.8628
1674.48	92.4361
1676.41	91.7369
1678.34	90.9544
1680.27	90.5249
1682.2	90.1507
1684.12	89.2399
1686.05	87.9778
1687.98	86.6515
1689.91	85.2121
1691.84	83.7911
1693.77	82.2293
1695.7	80.3687
1697.63	78.3118
1699.56	75.4652
1701.49	71.804
1703.42	68.4748
1705.35	65.1708
1707.27	61.3677
1709.2	57.9459
1711.13	55.3507
1713.06	53.1614
1714.99	51.3934
1716.92	49.7575
1718.85	47.7255
1720.78	46.324
1722.71	45.9787
1724.64	46.263
1726.57	47.2121
1728.49	48.8255
1730.42	50.7854
1732.35	53.4939
1734.28	57.2254
1736.21	60.5583
1738.14	63.3195
1740.07	66.4429
1742	69.8735
1743.93	73.134
1745.86	76.4306
1747.79	79.9722
1749.72	83.5571
1751.64	86.7651
1753.57	89.4042
1755.5	91.7483
1757.43	94.0473
1759.36	95.9958
1761.29	97.2294
1763.22	97.8746
1765.15	98.1414
1767.08	98.238
1769.01	98.4647
1770.94	98.7406
1772.86	98.6407
1774.79	98.2998
1776.72	98.0534
1778.65	97.9086
1780.58	97.847
1782.51	97.7923
1784.44	97.6706
1786.37	97.608
1788.3	97.6818
1790.23	97.8303
1792.16	97.9699
1794.08	97.9004
1796.01	97.6442
1797.94	97.4775
1799.87	97.4646
1801.8	97.4231
1803.73	97.3095
1805.66	97.2442
1807.59	97.28
1809.52	97.3754
1811.45	97.4042
1813.38	97.3457
1815.31	97.3313
1817.23	97.352
1819.16	97.329
1821.09	97.3706
1823.02	97.5266
1824.95	97.6421
1826.88	97.6939
1828.81	97.7706
1830.74	97.7435
1832.67	97.5672
1834.6	97.5019
1836.53	97.6639
1838.45	97.8371
1840.38	97.8488
1842.31	97.8389
1844.24	97.9068
1846.17	97.9256
1848.1	97.9161
1850.03	97.9878
1851.96	98.0143
1853.89	97.8741
1855.82	97.7416
1857.75	97.7975
1859.68	97.9272
1861.6	97.9497
1863.53	97.9578
1865.46	98.1287
1867.39	98.3192
1869.32	98.2454
1871.25	98.1017
1873.18	98.1706
1875.11	98.2816
1877.04	98.2552
1878.97	98.1996
1880.9	98.1937
1882.82	98.1763
1884.75	98.1969
1886.68	98.3503
1888.61	98.5354
1890.54	98.5515
1892.47	98.4441
1894.4	98.4253
1896.33	98.5088
1898.26	98.5675
1900.19	98.5885
1902.12	98.5778
1904.05	98.5017
1905.97	98.4753
1907.9	98.616
1909.83	98.7963
1911.76	98.8703
1913.69	98.913
1915.62	99.008
1917.55	99.1025
1919.48	99.1254
1921.41	99.106
1923.34	99.1035
1925.27	99.1169
1927.19	99.1412
1929.12	99.1974
1931.05	99.2491
1932.98	99.2777
1934.91	99.382
1936.84	99.5596
1938.77	99.644
1940.7	99.6566
1942.63	99.7906
1944.56	99.9208
1946.49	99.7376
1948.41	99.4218
1950.34	99.4574
1952.27	99.8434
1954.2	100.107
1956.13	100.116
1958.06	100.173
1959.99	100.391
1961.92	100.578
1963.85	100.614
1965.78	100.555
1967.71	100.512
1969.64	100.549
1971.56	100.632
1973.49	100.722
1975.42	100.757
1977.35	100.649
1979.28	100.439
1981.21	100.241
1983.14	100.088
1985.07	100.03
1987	100.096
1988.93	100.173
1990.86	100.213
1992.78	100.275
1994.71	100.288
1996.64	100.239
1998.57	100.294
2000.5	100.48
2002.43	100.658
2004.36	100.735
2006.29	100.619
2008.22	100.342
2010.15	100.184
2012.08	100.254
2014.01	100.321
2015.93	100.301
2017.86	100.381
2019.79	100.566
2021.72	100.643
2023.65	100.607
2025.58	100.614
2027.51	100.642
2029.44	100.614
2031.37	100.634
2033.3	100.731
2035.23	100.709
2037.15	100.526
2039.08	100.343
2041.01	100.182
2042.94	100.032
2044.87	100.047
2046.8	100.259
2048.73	100.431
2050.66	100.4
2052.59	100.287
2054.52	100.217
2056.45	100.086
2058.37	99.8006
2060.3	99.5793
2062.23	99.6339
2064.16	99.7889
2066.09	99.831
2068.02	99.8381
2069.95	99.7877
2071.88	99.5143
2073.81	99.2446
2075.74	99.3457
2077.67	99.6195
2079.6	99.6513
2081.52	99.5264
2083.45	99.5094
2085.38	99.5448
2087.31	99.5465
2089.24	99.6084
2091.17	99.6859
2093.1	99.5822
2095.03	99.37
2096.96	99.3796
2098.89	99.6335
2100.82	99.738
2102.74	99.5668
2104.67	99.4938
2106.6	99.6704
2108.53	99.7618
2110.46	99.6307
2112.39	99.5293
2114.32	99.5642
2116.25	99.642
2118.18	99.746
2120.11	99.824
2122.04	99.766
2123.97	99.6594
2125.89	99.6531
2127.82	99.6755
2129.75	99.6844
2131.68	99.864
2133.61	100.199
2135.54	100.359
2137.47	100.309
2139.4	100.344
2141.33	100.41
2143.26	100.329
2145.19	100.365
2147.11	100.648
2149.04	100.713
2150.97	100.39
2152.9	100.201
2154.83	100.43
2156.76	100.748
2158.69	100.811
2160.62	100.642
2162.55	100.461
2164.48	100.34
2166.41	100.145
2168.33	99.9111
2170.26	99.9249
2172.19	100.232
2174.12	100.545
2176.05	100.707
2177.98	100.764
2179.91	100.7
2181.84	100.51
2183.77	100.335
2185.7	100.292
2187.63	100.332
2189.56	100.322
2191.48	100.19
2193.41	99.9936
2195.34	99.9207
2197.27	100.112
2199.2	100.444
2201.13	100.596
2203.06	100.417
2204.99	100.103
2206.92	99.8713
2208.85	99.7159
2210.78	99.6028
2212.7	99.6439
2214.63	99.8566
2216.56	100.006
2218.49	99.9501
2220.42	99.9115
2222.35	100.093
2224.28	100.265
2226.21	100.145
2228.14	99.9045
2230.07	99.81
2232	99.778
2233.93	99.7241
2235.85	99.8005
2237.78	99.9567
2239.71	99.9361
2241.64	99.8118
2243.57	99.8305
2245.5	99.9276
2247.43	99.969
2249.36	100.03
2251.29	100.076
2253.22	99.9519
2255.15	99.8023
2257.07	99.9215
2259	100.288
2260.93	100.632
2262.86	100.725
2264.79	100.54
2266.72	100.361
2268.65	100.489
2270.58	100.723
2272.51	100.664
2274.44	100.412
2276.37	100.307
2278.29	100.285
2280.22	100.132
2282.15	99.9707
2284.08	100.026
2286.01	100.278
2287.94	100.614
2289.87	101.05
2291.8	101.595
2293.73	102.112
2295.66	102.534
2297.59	103.014
2299.52	103.598
2301.44	104.109
2303.37	104.626
2305.3	105.548
2307.23	106.94
2309.16	108.336
2311.09	109.37
2313.02	110.148
2314.95	111.026
2316.88	112.362
2318.81	114.309
2320.74	116.579
2322.66	118.58
2324.59	120.083
2326.52	121.377
2328.45	122.681
2330.38	123.818
2332.31	124.564
2334.24	125.204
2336.17	126.029
2338.1	126.72
2340.03	127.21
2341.96	127.696
2343.89	126.536
2345.81	122.757
2347.74	119.701
2349.67	119.737
2351.6	122.858
2353.53	127.98
2355.46	132.911
2357.39	136.391
2359.32	138.327
2361.25	138.515
2363.18	137.243
2365.11	134.43
2367.03	130.396
2368.96	126.225
2370.89	122.093
2372.82	117.752
2374.75	113.554
2376.68	109.953
2378.61	106.977
2380.54	104.401
2382.47	102.183
2384.4	100.491
2386.33	99.3579
2388.26	98.6578
2390.18	98.3368
2392.11	98.3051
2394.04	98.2853
2395.97	98.1295
2397.9	97.9889
2399.83	97.9659
2401.76	97.9815
2403.69	98.0153
2405.62	98.1172
2407.55	98.2157
2409.48	98.1737
2411.4	98.0178
2413.33	97.9324
2415.26	97.988
2417.19	98.0395
2419.12	97.9901
2421.05	97.9493
2422.98	98.0157
2424.91	98.1164
2426.84	98.1476
2428.77	98.1057
2430.7	98.0436
2432.62	98.0152
2434.55	98.0647
2436.48	98.1735
2438.41	98.2342
2440.34	98.1791
2442.27	98.0885
2444.2	98.0633
2446.13	98.0901
2448.06	98.1273
2449.99	98.1718
2451.92	98.195
2453.85	98.1554
2455.77	98.0581
2457.7	97.9432
2459.63	97.8734
2461.56	97.8857
2463.49	97.9286
2465.42	97.9699
2467.35	98.0644
2469.28	98.1765
2471.21	98.174
2473.14	98.0795
2475.07	98.029
2476.99	98.0467
2478.92	98.1104
2480.85	98.2187
2482.78	98.2766
2484.71	98.2174
2486.64	98.1727
2488.57	98.2198
2490.5	98.2017
2492.43	98.0623
2494.36	98.019
2496.29	98.1681
2498.22	98.2919
2500.14	98.2719
2502.07	98.3014
2504	98.462
2505.93	98.5392
2507.86	98.4526
2509.79	98.3908
2511.72	98.4197
2513.65	98.4172
2515.58	98.3588
2517.51	98.3113
2519.44	98.2696
2521.36	98.2032
2523.29	98.1499
2525.22	98.177
2527.15	98.266
2529.08	98.3082
2531.01	98.2897
2532.94	98.3156
2534.87	98.3668
2536.8	98.3363
2538.73	98.2917
2540.66	98.3278
2542.58	98.3164
2544.51	98.1537
2546.44	97.9994
2548.37	98
2550.3	98.0569
2552.23	98.0617
2554.16	98.0841
2556.09	98.1464
2558.02	98.1121
2559.95	97.9862
2561.88	97.9808
2563.81	98.1368
2565.73	98.2679
2567.66	98.3013
2569.59	98.282
2571.52	98.1655
2573.45	97.9475
2575.38	97.7727
2577.31	97.7193
2579.24	97.7304
2581.17	97.7844
2583.1	97.8748
2585.03	97.9019
2586.95	97.812
2588.88	97.7262
2590.81	97.7603
2592.74	97.8515
2594.67	97.8749
2596.6	97.809
2598.53	97.7276
2600.46	97.6915
2602.39	97.6595
2604.32	97.5398
2606.25	97.3662
2608.18	97.3006
2610.1	97.4016
2612.03	97.5328
2613.96	97.5444
2615.89	97.4374
2617.82	97.3282
2619.75	97.2962
2621.68	97.2979
2623.61	97.2605
2625.54	97.2064
2627.47	97.1928
2629.4	97.1956
2631.32	97.1718
2633.25	97.1529
2635.18	97.1606
2637.11	97.1331
2639.04	97.0454
2640.97	96.9682
2642.9	96.9258
2644.83	96.8625
2646.76	96.7846
2648.69	96.7518
2650.62	96.7506
2652.54	96.7416
2654.47	96.7509
2656.4	96.7891
2658.33	96.7884
2660.26	96.7081
2662.19	96.6105
2664.12	96.5723
2666.05	96.5847
2667.98	96.5888
2669.91	96.5653
2671.84	96.5295
2673.77	96.4788
2675.69	96.4234
2677.62	96.4157
2679.55	96.4762
2681.48	96.5479
2683.41	96.5737
2685.34	96.5577
2687.27	96.5175
2689.2	96.4415
2691.13	96.3378
2693.06	96.2738
2694.99	96.3
2696.91	96.3642
2698.84	96.383
2700.77	96.3641
2702.7	96.3667
2704.63	96.3918
2706.56	96.4016
2708.49	96.3816
2710.42	96.3215
2712.35	96.2271
2714.28	96.1743
2716.21	96.2202
2718.14	96.272
2720.06	96.2121
2721.99	96.0922
2723.92	96.0201
2725.85	95.985
2727.78	95.9686
2729.71	96.0132
2731.64	96.0611
2733.57	96.0128
2735.5	95.9508
2737.43	95.9802
2739.36	95.9909
2741.28	95.8927
2743.21	95.8216
2745.14	95.871
2747.07	95.9274
2749	95.9059
2750.93	95.8701
2752.86	95.8776
2754.79	95.9059
2756.72	95.9204
2758.65	95.9044
2760.58	95.846
2762.51	95.7707
2764.43	95.7431
2766.36	95.7552
2768.29	95.7186
2770.22	95.652
2772.15	95.6625
2774.08	95.7153
2776.01	95.7133
2777.94	95.6923
2779.87	95.6596
2781.8	95.5476
2783.73	95.4614
2785.65	95.5201
2787.58	95.5694
2789.51	95.5055
2791.44	95.4993
2793.37	95.5843
2795.3	95.5739
2797.23	95.4809
2799.16	95.4726
2801.09	95.5321
2803.02	95.541
2804.95	95.4724
2806.87	95.3517
2808.8	95.2194
2810.73	95.1206
2812.66	95.0631
2814.59	95.0392
2816.52	95.0175
2818.45	94.9198
2820.38	94.7465
2822.31	94.6091
2824.24	94.5247
2826.17	94.3819
2828.1	94.1658
2830.02	93.9891
2831.95	93.8733
2833.88	93.6742
2835.81	93.2896
2837.74	92.8658
2839.67	92.6597
2841.6	92.6824
2843.53	92.6679
2845.46	92.4599
2847.39	92.17
2849.32	91.8784
2851.24	91.4983
2853.17	90.9919
2855.1	90.398
2857.03	89.7038
2858.96	88.9689
2860.89	88.3718
2862.82	87.9441
2864.75	87.5496
2866.68	87.1681
2868.61	86.8519
2870.54	86.5343
2872.47	86.2113
2874.39	86.0741
2876.32	86.2488
2878.25	86.6496
2880.18	87.1288
2882.11	87.584
2884.04	87.9738
2885.97	88.2925
2887.9	88.4584
2889.83	88.3492
2891.76	88.0633
2893.69	87.9094
2895.61	87.9838
2897.54	88.0257
2899.47	87.8507
2901.4	87.6264
2903.33	87.5423
2905.26	87.5413
2907.19	87.5086
2909.12	87.4147
2911.05	87.2694
2912.98	87.1443
2914.91	87.0966
2916.83	87.0155
2918.76	86.7727
2920.69	86.3995
2922.62	85.9173
2924.55	85.2888
2926.48	84.6383
2928.41	84.1898
2930.34	83.9671
2932.27	83.8101
2934.2	83.7113
2936.13	83.9044
2938.06	84.4506
2939.98	85.0038
2941.91	85.2889
2943.84	85.4663
2945.77	85.6755
2947.7	85.6962
2949.63	85.3592
2951.56	84.8083
2953.49	84.1958
2955.42	83.5655
2957.35	83.0706
2959.28	82.95
2961.2	83.2812
2963.13	83.9881
2965.06	85.0716
2966.99	86.5754
2968.92	88.2251
2970.85	89.4567
2972.78	90.0809
2974.71	90.4871
2976.64	91.0113
2978.57	91.6543
2980.5	92.3823
2982.43	93.1335
2984.35	93.6987
2986.28	94.0314
2988.21	94.3439
2990.14	94.6995
2992.07	94.9953
2994	95.2955
2995.93	95.6698
2997.86	95.9627
2999.79	96.1053
3001.72	96.2535
3003.65	96.4463
3005.57	96.5976
3007.5	96.774
3009.43	97.044
3011.36	97.2749
3013.29	97.3894
3015.22	97.4796
3017.15	97.5174
3019.08	97.3733
3021.01	97.17
3022.94	97.2183
3024.87	97.5752
3026.79	97.8944
3028.72	97.8095
3030.65	97.427
3032.58	97.1716
3034.51	97.1094
3036.44	96.94
3038.37	96.6825
3040.3	96.6724
3042.23	96.9127
3044.16	97.0883
3046.09	97.0531
3048.02	96.882
3049.94	96.6751
3051.87	96.4797
3053.8	96.3425
3055.73	96.408
3057.66	96.7274
3059.59	97.026
3061.52	97.0839
3063.45	97.052
3065.38	97.008
3067.31	96.8194
3069.24	96.6118
3071.16	96.6278
3073.09	96.7398
3075.02	96.719
3076.95	96.6503
3078.88	96.6809
3080.81	96.7649
3082.74	96.8199
3084.67	96.8339
3086.6	96.8018
3088.53	96.7163
3090.46	96.6048
3092.39	96.5153
3094.31	96.4604
3096.24	96.3986
3098.17	96.302
3100.1	96.2196
3102.03	96.2434
3103.96	96.4068
3105.89	96.586
3107.82	96.5756
3109.75	96.3553
3111.68	96.15
3113.61	96.1202
3115.53	96.1909
3117.46	96.2548
3119.39	96.2809
3121.32	96.2315
3123.25	96.1257
3125.18	96.0781
3127.11	96.1322
3129.04	96.2212
3130.97	96.2625
3132.9	96.1656
3134.83	95.9688
3136.75	95.9153
3138.68	96.047
3140.61	96.0411
3142.54	95.7737
3144.47	95.535
3146.4	95.49
3148.33	95.5433
3150.26	95.687
3152.19	95.8931
3154.12	95.9207
3156.05	95.6846
3157.98	95.4504
3159.9	95.4126
3161.83	95.5058
3163.76	95.6846
3165.69	95.9284
3167.62	96.0368
3169.55	95.8682
3171.48	95.6065
3173.41	95.4394
3175.34	95.318
3177.27	95.2357
3179.2	95.2698
3181.12	95.3143
3183.05	95.2492
3184.98	95.1887
3186.91	95.2179
3188.84	95.2335
3190.77	95.1907
3192.7	95.1421
3194.63	95.0917
3196.56	95.0271
3198.49	94.949
3200.42	94.8733
3202.35	94.8741
3204.27	94.9442
3206.2	94.927
3208.13	94.7755
3210.06	94.6079
3211.99	94.4781
3213.92	94.4033
3215.85	94.4395
3217.78	94.5084
3219.71	94.4414
3221.64	94.2773
3223.57	94.2437
3225.49	94.4181
3227.42	94.5951
3229.35	94.5872
3231.28	94.5104
3233.21	94.5057
3235.14	94.4299
3237.07	94.1979
3239	94.038
3240.93	94.0639
3242.86	94.0559
3244.79	93.8571
3246.72	93.6026
3248.64	93.4894
3250.57	93.5453
3252.5	93.6861
3254.43	93.8591
3256.36	93.9633
3258.29	93.8136
3260.22	93.4659
3262.15	93.2496
3264.08	93.2761
3266.01	93.3587
3267.94	93.3707
3269.86	93.2942
3271.79	93.159
3273.72	93.0847
3275.65	93.1085
3277.58	93.1296
3279.51	93.1542
3281.44	93.2308
3283.37	93.2473
3285.3	93.1366
3287.23	92.9956
3289.16	92.8428
3291.08	92.6062
3293.01	92.3429
3294.94	92.1995
3296.87	92.236
3298.8	92.384
3300.73	92.4792
3302.66	92.3911
3304.59	92.1969
3306.52	92.0992
3308.45	92.1445
3310.38	92.1938
3312.31	92.1628
3314.23	92.0875
3316.16	91.9919
3318.09	91.902
3320.02	91.8952
3321.95	91.968
3323.88	92.0067
3325.81	91.9754
3327.74	91.9353
3329.67	91.8848
3331.6	91.7759
3333.53	91.6199
3335.45	91.4527
3337.38	91.3327
3339.31	91.3593
3341.24	91.5003
3343.17	91.5543
3345.1	91.4816
3347.03	91.4526
3348.96	91.4502
3350.89	91.3489
3352.82	91.2851
3354.75	91.3735
3356.68	91.4282
3358.6	91.3748
3360.53	91.3867
3362.46	91.4455
3364.39	91.3476
3366.32	91.1131
3368.25	90.9777
3370.18	91.0603
3372.11	91.2168
3374.04	91.2317
3375.97	91.1289
3377.9	91.0832
3379.82	91.0805
3381.75	91.0488
3383.68	91.1075
3385.61	91.2971
3387.54	91.4015
3389.47	91.3054
3391.4	91.1763
3393.33	91.1895
3395.26	91.2833
3397.19	91.2627
3399.12	91.1297
3401.04	91.1292
3402.97	91.34
3404.9	91.5209
3406.83	91.517
3408.76	91.4386
3410.69	91.3657
3412.62	91.3019
3414.55	91.3383
3416.48	91.4852
3418.41	91.5476
3420.34	91.4148
3422.27	91.2445
3424.19	91.2398
3426.12	91.4464
3428.05	91.7255
3429.98	91.8134
3431.91	91.6146
3433.84	91.365
3435.77	91.2764
3437.7	91.2931
3439.63	91.3724
3441.56	91.5805
3443.49	91.8162
3445.41	91.8836
3447.34	91.8042
3449.27	91.7212
3451.2	91.668
3453.13	91.6657
3455.06	91.7718
3456.99	91.9411
3458.92	92.0671
3460.85	92.074
3462.78	91.9244
3464.71	91.7522
3466.64	91.7699
3468.56	91.8917
3470.49	91.8786
3472.42	91.8279
3474.35	91.9418
3476.28	92.0308
3478.21	91.866
3480.14	91.6688
3482.07	91.725
3484	91.8955
3485.93	91.9132
3487.86	91.7961
3489.78	91.6772
3491.71	91.5693
3493.64	91.4682
3495.57	91.4514
3497.5	91.5433
3499.43	91.6278
3501.36	91.5957
3503.29	91.5076
3505.22	91.512
3507.15	91.5508
3509.08	91.4332
3511	91.2283
3512.93	91.1712
3514.86	91.182
3516.79	91.0733
3518.72	91.0396
3520.65	91.3751
3522.58	91.9219
3524.51	92.2293
3526.44	92.113
3528.37	91.7851
3530.3	91.5259
3532.23	91.4461
3534.15	91.5329
3536.08	91.7518
3538.01	91.9602
3539.94	91.9831
3541.87	91.9255
3543.8	92.0001
3545.73	92.0665
3547.66	91.95
3549.59	92.0319
3551.52	92.5517
3553.45	92.9976
3555.37	92.9775
3557.3	92.8817
3559.23	92.9646
3561.16	93.0823
3563.09	93.3725
3565.02	93.9994
3566.95	94.4468
3568.88	94.2608
3570.81	94.0212
3572.74	94.0531
3574.67	94.1567
3576.6	94.3616
3578.52	94.8445
3580.45	95.3601
3582.38	95.5101
3584.31	95.465
3586.24	95.6918
3588.17	96.0599
3590.1	96.0726
3592.03	96.0793
3593.96	96.5652
3595.89	97.145
3597.82	97.1709
3599.74	96.8838
3601.67	96.8502
3603.6	97.1808
3605.53	97.6394
3607.46	97.947
3609.39	97.9347
3611.32	97.6907
3613.25	97.3718
3615.18	97.203
3617.11	97.3971
3619.04	97.6606
3620.97	97.5966
3622.89	97.6386
3624.82	98.1761
3626.75	98.9055
3628.68	99.3491
3630.61	99.3553
3632.54	98.9542
3634.47	98.2258
3636.4	97.6727
3638.33	97.6232
3640.26	97.6827
3642.19	97.5581
3644.11	97.4868
3646.04	97.6561
3647.97	97.9968
3649.9	98.2283
3651.83	98.0745
3653.76	97.7948
3655.69	97.6512
3657.62	97.6097
3659.55	97.521
3661.48	97.4436
3663.41	97.487
3665.33	97.6512
3667.26	97.9026
3669.19	98.0505
3671.12	97.8422
3673.05	97.7397
3674.98	98.3041
3676.91	98.9083
3678.84	98.6355
3680.77	98.099
3682.7	97.9496
3684.63	98.1924
3686.56	98.693
3688.48	99.368
3690.41	99.6398
3692.34	99.2692
3694.27	98.9901
3696.2	99.0925
3698.13	99.2387
3700.06	99.1971
3701.99	99.1421
3703.92	99.2213
3705.85	99.3532
3707.78	99.511
3709.7	99.626
3711.63	99.3158
3713.56	98.603
3715.49	98.2503
3717.42	98.575
3719.35	99.1963
3721.28	99.5686
3723.21	99.7062
3725.14	99.7711
3727.07	99.6296
3729	99.5077
3730.93	99.7468
3732.85	100.154
3734.78	100.335
3736.71	100.201
3738.64	99.746
3740.57	99.119
3742.5	98.71
3744.43	98.8104
3746.36	99.0379
3748.29	98.967
3750.22	98.7439
3752.15	98.501
3754.07	98.2912
3756	98.1654
3757.93	98.1534
3759.86	98.1475
3761.79	97.9407
3763.72	97.628
3765.65	97.5338
3767.58	97.6819
3769.51	97.661
3771.44	97.3785
3773.37	97.2563
3775.29	97.4495
3777.22	97.7117
3779.15	97.7977
3781.08	97.7109
3783.01	97.5956
3784.94	97.5124
3786.87	97.4321
3788.8	97.3035
3790.73	97.2186
3792.66	97.3767
3794.59	97.7206
3796.52	97.8969
3798.44	97.8566
3800.37	97.8995
3802.3	98.0342
3804.23	98.0895
3806.16	98.1106
3808.09	98.0354
3810.02	97.8527
3811.95	97.795
3813.88	97.8626
3815.81	97.8589
3817.74	97.8812
3819.66	98.0912
3821.59	98.1964
3823.52	98.01
3825.45	97.7761
3827.38	97.6138
3829.31	97.6041
3831.24	97.8104
3833.17	98.0402
3835.1	98.1867
3837.03	98.3936
3838.96	98.496
3840.89	98.2402
3842.81	97.9199
3844.74	97.6963
3846.67	97.4703
3848.6	97.4022
3850.53	97.715
3852.46	98.2613
3854.39	98.4455
3856.32	98.1772
3858.25	97.871
3860.18	97.7312
3862.11	97.9375
3864.03	98.2803
3865.96	98.2199
3867.89	97.859
3869.82	97.6869
3871.75	97.7134
3873.68	97.6464
3875.61	97.5561
3877.54	97.6167
3879.47	97.794
3881.4	97.928
3883.33	97.8978
3885.25	97.7603
3887.18	97.717
3889.11	97.7882
3891.04	97.746
3892.97	97.5601
3894.9	97.5409
3896.83	97.7481
3898.76	97.9034
3900.69	97.8598
3902.62	97.8321
3904.55	97.852
3906.48	97.6987
3908.4	97.4884
3910.33	97.4531
3912.26	97.5703
3914.19	97.699
3916.12	97.7493
3918.05	97.5968
3919.98	97.2898
3921.91	97.1762
3923.84	97.3515
3925.77	97.4805
3927.7	97.4033
3929.62	97.3617
3931.55	97.4151
3933.48	97.3735
3935.41	97.3035
3937.34	97.3867
3939.27	97.504
3941.2	97.462
3943.13	97.3504
3945.06	97.3501
3946.99	97.3912
3948.92	97.3369
3950.85	97.2422
3952.77	97.2369
3954.7	97.3276
3956.63	97.4159
3958.56	97.383
3960.49	97.2234
3962.42	97.0949
3964.35	97.1044
3966.28	97.1616
3968.21	97.1833
3970.14	97.1989
3972.07	97.2016
3973.99	97.1602
3975.92	97.1375
3977.85	97.191
3979.78	97.2715
3981.71	97.3054
3983.64	97.2639
3985.57	97.1838
3987.5	97.1404
3989.43	97.1467
3991.36	97.1703
3993.29	97.2287
3995.22	97.2954
3997.14	97.2655
