499.643	80.8364
501.572	79.8134
503.501	78.4829
505.43	78.1626
507.36	79.0858
509.289	80.733
511.218	82.2364
513.147	82.8764
515.076	82.6079
517.005	81.8482
518.934	81.12
520.863	80.815
522.792	80.946
524.722	81.4577
526.651	82.295
528.58	82.9593
530.509	82.9409
532.438	82.4169
534.367	81.9156
536.296	81.6704
538.225	81.6121
540.155	81.6893
542.084	81.9443
544.013	82.3259
545.942	82.459
547.871	82.0402
549.8	81.4909
551.729	81.3842
553.658	81.5569
555.588	81.6056
557.517	81.5447
559.446	81.3817
561.375	81.0556
563.304	80.9429
565.233	81.293
567.162	81.6274
569.091	81.5927
571.021	81.4955
572.95	81.4773
574.879	81.336
576.808	81.1686
578.737	81.1844
580.666	81.2891
582.595	81.4159
584.524	81.5969
586.454	81.686
588.383	81.6237
590.312	81.6058
592.241	81.634
594.17	81.4604
596.099	81.1113
598.028	80.8605
599.957	80.8229
601.887	80.9153
603.816	80.9991
605.745	80.9439
607.674	80.7445
609.603	80.5522
611.532	80.5081
613.461	80.6781
615.39	81.0439
617.32	81.3549
619.249	81.3296
621.178	81.1488
623.107	81.1509
625.036	81.2706
626.965	81.3068
628.894	81.3702
630.823	81.6325
632.753	82.0403
634.682	82.4571
636.611	82.7792
638.54	83.0105
640.469	83.3589
642.398	83.9634
644.327	84.6781
646.256	85.3623
648.186	85.9128
650.115	86.1184
652.044	86.0765
653.973	86.0594
655.902	85.9519
657.831	85.6852
659.76	85.4164
661.689	85.0234
663.619	84.7191
665.548	85.525
667.477	88.1182
669.406	89.4946
671.335	88.065
673.264	86.9878
675.193	87.0017
677.122	87.359
679.052	87.6979
680.981	88.1538
682.91	88.4266
684.839	88.3794
686.768	88.3698
688.697	88.4253
690.626	88.2973
692.555	88.0488
694.485	87.8605
696.414	87.7327
698.343	87.6063
700.272	87.4523
702.201	87.2781
704.13	87.1528
706.059	87.0895
707.988	87.0045
709.917	86.9031
711.847	86.8512
713.776	86.8031
715.705	86.7832
717.634	86.9524
719.563	87.1772
721.492	87.0279
723.421	86.493
725.35	85.9731
727.28	85.5892
729.209	85.1485
731.138	84.5544
733.067	83.8805
734.996	83.2446
736.925	82.7736
738.854	82.5426
740.783	82.5165
742.713	82.5828
744.642	82.6347
746.571	82.625
748.5	82.5618
750.429	82.5138
752.358	82.6062
754.287	82.8774
756.216	83.1892
758.146	83.432
760.075	83.6657
762.004	83.9396
763.933	84.198
765.862	84.4039
767.791	84.5643
769.72	84.6852
771.649	84.7789
773.579	84.8395
775.508	84.8538
777.437	84.8571
779.366	84.8871
781.295	84.9312
783.224	84.9468
785.153	84.8541
787.082	84.5958
789.012	84.2292
790.941	83.8055
792.87	83.2341
794.799	82.3916
796.728	81.1417
798.657	79.1238
800.586	75.7976
802.515	71.0368
804.445	65.7944
806.374	61.9175
808.303	60.9223
810.232	62.9522
812.161	67.0359
814.09	71.9661
816.019	76.6315
817.948	80.1432
819.878	82.2318
821.807	83.2504
823.736	83.6601
825.665	83.7503
827.594	83.7013
829.523	83.5992
831.452	83.4117
833.381	83.0655
835.311	82.5372
837.24	81.8639
839.169	81.0938
841.098	80.2656
843.027	79.4757
844.956	78.9298
846.885	78.8222
848.814	79.1554
850.744	79.758
852.673	80.4455
854.602	81.0662
856.531	81.4968
858.46	81.7423
860.389	81.9286
862.318	82.1085
864.247	82.2208
866.177	82.247
868.106	82.2414
870.035	82.2336
871.964	82.2173
873.893	82.1754
875.822	82.0861
877.751	81.9733
879.68	81.9009
881.609	81.8664
883.539	81.7893
885.468	81.6229
887.397	81.3956
889.326	81.1528
891.255	80.911
893.184	80.6662
895.113	80.4241
897.042	80.1945
898.972	79.9753
900.901	79.8097
902.83	79.7916
904.759	79.9104
906.688	80.0049
908.617	79.9684
910.546	79.8473
912.475	79.6874
914.405	79.4686
916.334	79.1999
918.263	78.9191
920.192	78.6235
922.121	78.3067
924.05	78.0104
925.979	77.7635
927.908	77.5247
929.838	77.2374
931.767	76.8905
933.696	76.4855
935.625	76.0045
937.554	75.4477
939.483	74.8363
941.412	74.1575
943.341	73.3572
945.271	72.3777
947.2	71.2148
949.129	69.9971
951.058	68.935
952.987	68.0713
954.916	67.173
956.845	65.9679
958.774	64.4011
960.704	62.6307
962.633	60.8999
964.562	59.424
966.491	58.2997
968.42	57.4875
970.349	56.8592
972.278	56.2482
974.207	55.5164
976.137	54.6179
978.066	53.6133
979.995	52.6748
981.924	52.0535
983.853	51.939
985.782	52.3464
987.711	53.1671
989.64	54.2648
991.57	55.5119
993.499	56.7837
995.428	57.928
997.357	58.7769
999.286	59.2381
1001.22	59.3413
1003.14	59.1846
1005.07	58.8944
1007	58.6223
1008.93	58.5054
1010.86	58.5873
1012.79	58.7663
1014.72	58.854
1016.65	58.7175
1018.58	58.3285
1020.51	57.6819
1022.44	56.7901
1024.36	55.7941
1026.29	54.9797
1028.22	54.587
1030.15	54.5704
1032.08	54.5918
1034.01	54.3258
1035.94	53.728
1037.87	52.9391
1039.8	52.0621
1041.73	51.1459
1043.66	50.2551
1045.58	49.4339
1047.51	48.6507
1049.44	47.8168
1051.37	46.8564
1053.3	45.8136
1055.23	44.9204
1057.16	44.4845
1059.09	44.6683
1061.02	45.413
1062.95	46.5525
1064.88	47.9457
1066.81	49.5465
1068.73	51.4125
1070.66	53.6182
1072.59	56.1428
1074.52	58.8607
1076.45	61.5961
1078.38	64.1642
1080.31	66.4247
1082.24	68.3023
1084.17	69.7337
1086.1	70.6635
1088.03	71.0974
1089.95	71.0804
1091.88	70.646
1093.81	69.8494
1095.74	68.8036
1097.67	67.6433
1099.6	66.477
1101.53	65.3681
1103.46	64.3271
1105.39	63.3428
1107.32	62.4463
1109.25	61.719
1111.18	61.2195
1113.1	60.9513
1115.03	60.9104
1116.96	61.0797
1118.89	61.3626
1120.82	61.6188
1122.75	61.757
1124.68	61.7004
1126.61	61.3067
1128.54	60.4265
1130.47	58.9861
1132.4	56.964
1134.32	54.3946
1136.25	51.4395
1138.18	48.3577
1140.11	45.394
1142.04	42.7487
1143.97	40.5661
1145.9	38.8799
1147.83	37.6455
1149.76	36.8211
1151.69	36.3443
1153.62	36.1139
1155.55	36.0614
1157.47	36.1611
1159.4	36.3902
1161.33	36.7458
1163.26	37.2316
1165.19	37.8102
1167.12	38.4338
1169.05	39.0826
1170.98	39.7424
1172.91	40.4025
1174.84	41.0756
1176.77	41.7732
1178.69	42.4925
1180.62	43.2551
1182.55	44.1101
1184.48	45.073
1186.41	46.1124
1188.34	47.2147
1190.27	48.4002
1192.2	49.6749
1194.13	51.0353
1196.06	52.493
1197.99	54.0419
1199.91	55.6522
1201.84	57.2912
1203.77	58.8947
1205.7	60.3917
1207.63	61.7801
1209.56	63.1069
1211.49	64.5073
1213.42	66.2176
1215.35	68.1184
1217.28	69.4349
1219.21	69.6901
1221.14	69.592
1223.06	70.0061
1224.99	70.8471
1226.92	71.5298
1228.85	71.7683
1230.78	71.5279
1232.71	70.808
1234.64	69.7289
1236.57	68.4589
1238.5	67.1072
1240.43	65.783
1242.36	64.567
1244.28	63.4434
1246.21	62.3848
1248.14	61.4286
1250.07	60.6299
1252	60.0115
1253.93	59.5734
1255.86	59.3195
1257.79	59.2536
1259.72	59.3446
1261.65	59.5521
1263.58	59.8969
1265.51	60.4261
1267.43	61.1356
1269.36	61.9935
1271.29	62.9825
1273.22	64.0759
1275.15	65.2164
1277.08	66.3436
1279.01	67.4276
1280.94	68.4583
1282.87	69.4088
1284.8	70.237
1286.73	70.8743
1288.65	71.1957
1290.58	71.1586
1292.51	70.9886
1294.44	71.0667
1296.37	71.6608
1298.3	72.8236
1300.23	74.4371
1302.16	76.2802
1304.09	78.1194
1306.02	79.7764
1307.95	81.141
1309.87	82.1961
1311.8	83.0053
1313.73	83.6275
1315.66	84.0841
1317.59	84.4015
1319.52	84.622
1321.45	84.7658
1323.38	84.8301
1325.31	84.8495
1327.24	84.906
1329.17	85.0546
1331.1	85.3016
1333.02	85.6371
1334.95	86.0372
1336.88	86.4915
1338.81	87.001
1340.74	87.5259
1342.67	88.0405
1344.6	88.573
1346.53	89.1297
1348.46	89.6839
1350.39	90.18
1352.32	90.5216
1354.24	90.6414
1356.17	90.5961
1358.1	90.5631
1360.03	90.7416
1361.96	91.2004
1363.89	91.6422
1365.82	91.6695
1367.75	91.2785
1369.68	90.7788
1371.61	90.3992
1373.54	89.9005
1375.47	89.0041
1377.39	88.0298
1379.32	87.2167
1381.25	86.3919
1383.18	85.5644
1385.11	84.7541
1387.04	83.67
1388.97	82.3728
1390.9	81.2634
1392.83	80.2893
1394.76	79.2912
1396.69	78.1196
1398.61	76.4215
1400.54	74.2412
1402.47	71.9114
1404.4	69.5875
1406.33	68.0065
1408.26	68.0615
1410.19	69.7658
1412.12	72.6988
1414.05	75.9127
1415.98	78.9079
1417.91	82.0388
1419.83	84.8107
1421.76	86.4719
1423.69	87.5442
1425.62	88.3742
1427.55	88.8737
1429.48	89.0082
1431.41	88.8699
1433.34	88.6808
1435.27	88.487
1437.2	88.0667
1439.13	87.4235
1441.06	86.7147
1442.98	85.9161
1444.91	85.104
1446.84	84.3382
1448.77	83.517
1450.7	82.8277
1452.63	82.5886
1454.56	82.7836
1456.49	83.0684
1458.42	82.699
1460.35	82.0021
1462.28	81.5628
1464.2	81.2663
1466.13	81.0221
1468.06	81.107
1469.99	81.7461
1471.92	82.9366
1473.85	84.1867
1475.78	85.1532
1477.71	86.203
1479.64	87.4561
1481.57	88.8159
1483.5	90.1788
1485.43	91.4677
1487.35	92.7186
1489.28	93.7687
1491.21	94.2289
1493.14	94.4329
1495.07	94.8337
1497	95.314
1498.93	95.475
1500.86	95.4549
1502.79	95.6119
1504.72	96.0987
1506.65	96.7337
1508.57	96.6409
1510.5	96.1394
1512.43	95.9471
1514.36	96.1331
1516.29	96.4958
1518.22	96.8178
1520.15	97.0638
1522.08	97.1912
1524.01	97.178
1525.94	97.047
1527.87	96.8429
1529.8	96.7345
1531.72	96.8161
1533.65	96.9431
1535.58	96.9971
1537.51	97.2101
1539.44	97.7352
1541.37	97.9694
1543.3	97.4994
1545.23	97.0191
1547.16	96.7971
1549.09	96.7706
1551.02	96.7882
1552.94	96.8157
1554.87	97.0404
1556.8	97.5626
1558.73	97.8447
1560.66	97.2944
1562.59	96.7775
1564.52	96.5829
1566.45	96.6027
1568.38	96.6558
1570.31	96.5043
1572.24	96.339
1574.16	96.4438
1576.09	96.6029
1578.02	96.3825
1579.95	96.0477
1581.88	95.8923
1583.81	95.8183
1585.74	95.7042
1587.67	95.5905
1589.6	95.5468
1591.53	95.5473
1593.46	95.5075
1595.39	95.387
1597.31	95.2149
1599.24	95.0502
1601.17	94.905
1603.1	94.6848
1605.03	94.3447
1606.96	93.954
1608.89	93.3876
1610.82	92.5292
1612.75	91.6964
1614.68	91.0542
1616.61	90.4212
1618.53	89.9819
1620.46	90.0702
1622.39	90.4851
1624.32	90.7278
1626.25	90.5977
1628.18	90.1446
1630.11	89.3402
1632.04	88.5371
1633.97	88.2657
1635.9	88.8087
1637.83	89.7622
1639.76	90.7799
1641.68	91.8837
1643.61	92.9408
1645.54	93.8792
1647.47	94.4651
1649.4	94.5975
1651.33	94.7528
1653.26	94.9826
1655.19	94.633
1657.12	94.1478
1659.05	93.9388
1660.98	93.8685
1662.9	93.6755
1664.83	93.407
1666.76	93.3484
1668.69	93.4416
1670.62	93.2402
1672.55	92.812
1674.48	92.4074
1676.41	91.7386
1678.34	90.9736
1680.27	90.5455
1682.2	90.1715
1684.12	89.2686
1686.05	88.0074
1687.98	86.667
1689.91	85.2112
1691.84	83.7838
1693.77	82.2305
1695.7	80.3865
1697.63	78.329
1699.56	75.4537
1701.49	71.7774
1703.42	68.4626
1705.35	65.1765
1707.27	61.387
1709.2	57.9696
1711.13	55.3529
1713.06	53.1249
1714.99	51.3431
1716.92	49.7391
1718.85	47.735
1720.78	46.3328
1722.71	45.9715
1724.64	46.2303
1726.57	47.1761
1728.49	48.8353
1730.42	50.8512
1732.35	53.5599
1734.28	57.2307
1736.21	60.5245
1738.14	63.2844
1740.07	66.4097
1742	69.8366
1743.93	73.0985
1745.86	76.4038
1747.79	79.9502
1749.72	83.5235
1751.64	86.7197
1753.57	89.3718
1755.5	91.7372
1757.43	94.028
1759.36	95.9432
1761.29	97.1718
1763.22	97.8486
1765.15	98.1308
1767.08	98.2134
1769.01	98.4395
1770.94	98.7515
1772.86	98.6807
1774.79	98.3256
1776.72	98.0539
1778.65	97.9019
1780.58	97.8462
1782.51	97.7908
1784.44	97.6641
1786.37	97.6108
1788.3	97.7015
1790.23	97.8474
1792.16	97.9594
1794.08	97.8782
1796.01	97.6453
1797.94	97.502
1799.87	97.484
1801.8	97.4262
1803.73	97.3159
1805.66	97.2645
1807.59	97.3116
1809.52	97.4124
1811.45	97.4219
1813.38	97.3222
1815.31	97.2864
1817.23	97.3143
1819.16	97.2942
1821.09	97.3332
1823.02	97.5044
1824.95	97.6432
1826.88	97.6997
1828.81	97.7537
1830.74	97.6943
1832.67	97.5191
1834.6	97.4818
1836.53	97.645
1838.45	97.8008
1840.38	97.8345
1842.31	97.8533
1844.24	97.881
1846.17	97.8526
1848.1	97.8798
1850.03	98.0137
1851.96	98.0619
1853.89	97.9229
1855.82	97.7991
1857.75	97.85
1859.68	97.9442
1861.6	97.921
1863.53	97.9044
1865.46	98.0857
1867.39	98.3106
1869.32	98.2657
1871.25	98.1352
1873.18	98.2114
1875.11	98.3074
1877.04	98.2285
1878.97	98.1213
1880.9	98.1214
1882.82	98.1765
1884.75	98.2788
1886.68	98.4407
1888.61	98.5451
1890.54	98.4867
1892.47	98.3842
1894.4	98.398
1896.33	98.5071
1898.26	98.6167
1900.19	98.6837
1902.12	98.6477
1904.05	98.5227
1905.97	98.5106
1907.9	98.6808
1909.83	98.8198
1911.76	98.8332
1913.69	98.8756
1915.62	98.9867
1917.55	99.0499
1919.48	99.0347
1921.41	99.0378
1923.34	99.0998
1925.27	99.1542
1927.19	99.1624
1929.12	99.1847
1931.05	99.2569
1932.98	99.3513
1934.91	99.4616
1936.84	99.557
1938.77	99.574
1940.7	99.596
1942.63	99.7821
1944.56	99.9784
1946.49	99.8559
1948.41	99.5664
1950.34	99.6098
1952.27	100.001
1954.2	100.22
1956.13	100.129
1958.06	100.106
1959.99	100.268
1961.92	100.401
1963.85	100.454
1965.78	100.506
1967.71	100.562
1969.64	100.595
1971.56	100.608
1973.49	100.628
1975.42	100.637
1977.35	100.567
1979.28	100.428
1981.21	100.248
1983.14	100.003
1985.07	99.8364
1987	99.9158
1988.93	100.069
1990.86	100.089
1992.78	100.061
1994.71	100.068
1996.64	100.121
1998.57	100.325
2000.5	100.606
2002.43	100.713
2004.36	100.614
2006.29	100.436
2008.22	100.255
2010.15	100.2
2012.08	100.318
2014.01	100.427
2015.93	100.454
2017.86	100.554
2019.79	100.681
2021.72	100.622
2023.65	100.476
2025.58	100.507
2027.51	100.646
2029.44	100.669
2031.37	100.632
2033.3	100.654
2035.23	100.646
2037.15	100.557
2039.08	100.454
2041.01	100.314
2042.94	100.141
2044.87	100.113
2046.8	100.273
2048.73	100.399
2050.66	100.339
2052.59	100.223
2054.52	100.165
2056.45	100.065
2058.37	99.8525
2060.3	99.6993
2062.23	99.7438
2064.16	99.8365
2066.09	99.8339
2068.02	99.819
2069.95	99.775
2071.88	99.5552
2073.81	99.3311
2075.74	99.4229
2077.67	99.6838
2079.6	99.7143
2081.52	99.5212
2083.45	99.3889
2085.38	99.4232
2087.31	99.5689
2089.24	99.7139
2091.17	99.6969
2093.1	99.4914
2095.03	99.3041
2096.96	99.3448
2098.89	99.5528
2100.82	99.6332
2102.74	99.4937
2104.67	99.4371
2106.6	99.6103
2108.53	99.7203
2110.46	99.641
2112.39	99.6075
2114.32	99.6749
2116.25	99.7326
2118.18	99.8316
2120.11	99.9319
2122.04	99.8516
2123.97	99.6931
2125.89	99.6736
2127.82	99.6962
2129.75	99.701
2131.68	99.9391
2133.61	100.378
2135.54	100.548
2137.47	100.387
2139.4	100.328
2141.33	100.419
2143.26	100.392
2145.19	100.386
2147.11	100.599
2149.04	100.736
2150.97	100.59
2152.9	100.473
2154.83	100.598
2156.76	100.762
2158.69	100.723
2160.62	100.511
2162.55	100.331
2164.48	100.224
2166.41	100.027
2168.33	99.8305
2170.26	99.9515
2172.19	100.325
2174.12	100.592
2176.05	100.706
2177.98	100.768
2179.91	100.671
2181.84	100.422
2183.77	100.28
2185.7	100.323
2187.63	100.375
2189.56	100.339
2191.48	100.234
2193.41	100.101
2195.34	100.068
2197.27	100.259
2199.2	100.543
2201.13	100.615
2203.06	100.381
2204.99	100.063
2206.92	99.8581
2208.85	99.7237
2210.78	99.6211
2212.7	99.6752
2214.63	99.9075
2216.56	100.066
2218.49	100.001
2220.42	99.9472
2222.35	100.111
2224.28	100.281
2226.21	100.221
2228.14	100.041
2230.07	99.8738
2232	99.6852
2233.93	99.616
2235.85	99.849
2237.78	100.113
2239.71	100.035
2241.64	99.7848
2243.57	99.701
2245.5	99.775
2247.43	99.9109
2249.36	100.085
2251.29	100.123
2253.22	99.9464
2255.15	99.8299
2257.07	99.9637
2259	100.229
2260.93	100.515
2262.86	100.704
2264.79	100.619
2266.72	100.422
2268.65	100.471
2270.58	100.642
2272.51	100.565
2274.44	100.342
2276.37	100.264
2278.29	100.229
2280.22	100.072
2282.15	99.9534
2284.08	100.05
2286.01	100.3
2287.94	100.638
2289.87	101.129
2291.8	101.726
2293.73	102.197
2295.66	102.521
2297.59	102.988
2299.52	103.65
2301.44	104.223
2303.37	104.745
2305.3	105.633
2307.23	106.986
2309.16	108.405
2311.09	109.5
2313.02	110.24
2314.95	111.006
2316.88	112.336
2318.81	114.378
2320.74	116.675
2322.66	118.619
2324.59	120.077
2326.52	121.319
2328.45	122.547
2330.38	123.636
2332.31	124.34
2334.24	124.916
2336.17	125.768
2338.1	126.625
2340.03	127.222
2341.96	127.642
2343.89	126.407
2345.81	122.663
2347.74	119.666
2349.67	119.748
2351.6	122.919
2353.53	128.079
2355.46	133.05
2357.39	136.627
2359.32	138.611
2361.25	138.633
2363.18	137.101
2365.11	134.183
2367.03	130.25
2368.96	126.205
2370.89	122.059
2372.82	117.638
2374.75	113.456
2376.68	109.945
2378.61	107
2380.54	104.383
2382.47	102.141
2384.4	100.475
2386.33	99.3788
2388.26	98.6998
2390.18	98.3742
2392.11	98.3091
2394.04	98.2687
2395.97	98.1438
2397.9	98.0241
2399.83	97.9479
2401.76	97.9206
2403.69	98.0238
2405.62	98.2346
2407.55	98.3582
2409.48	98.2716
2411.4	98.0687
2413.33	97.9392
2415.26	97.9497
2417.19	97.9685
2419.12	97.8898
2421.05	97.8293
2422.98	97.9209
2424.91	98.0763
2426.84	98.1411
2428.77	98.1219
2430.7	98.0995
2432.62	98.0941
2434.55	98.1273
2436.48	98.2217
2438.41	98.2888
2440.34	98.2327
2442.27	98.1215
2444.2	98.0544
2446.13	98.0176
2448.06	98.0103
2449.99	98.0707
2451.92	98.1445
2453.85	98.1538
2455.77	98.1169
2457.7	98.0879
2459.63	98.0966
2461.56	98.1252
2463.49	98.1081
2465.42	98.0676
2467.35	98.1202
2469.28	98.2292
2471.21	98.2336
2473.14	98.1385
2475.07	98.0639
2476.99	98.0506
2478.92	98.1173
2480.85	98.2436
2482.78	98.3021
2484.71	98.2754
2486.64	98.3123
2488.57	98.4012
2490.5	98.3563
2492.43	98.1889
2494.36	98.125
2496.29	98.238
2498.22	98.3539
2500.14	98.3663
2502.07	98.393
2504	98.4892
2505.93	98.5066
2507.86	98.4019
2509.79	98.3206
2511.72	98.3063
2513.65	98.2959
2515.58	98.3052
2517.51	98.3472
2519.44	98.3766
2521.36	98.3843
2523.29	98.3684
2525.22	98.3244
2527.15	98.3046
2529.08	98.3179
2531.01	98.298
2532.94	98.2503
2534.87	98.2281
2536.8	98.223
2538.73	98.2291
2540.66	98.2553
2542.58	98.2376
2544.51	98.1188
2546.44	97.9821
2548.37	97.956
2550.3	98.0216
2552.23	98.0553
2554.16	98.0386
2556.09	98.0289
2558.02	97.9874
2559.95	97.8991
2561.88	97.9043
2563.81	98.0567
2565.73	98.2088
2567.66	98.265
2569.59	98.2352
2571.52	98.095
2573.45	97.8894
2575.38	97.7678
2577.31	97.7458
2579.24	97.7211
2581.17	97.7287
2583.1	97.852
2585.03	97.98
2586.95	97.9609
2588.88	97.8591
2590.81	97.8237
2592.74	97.8495
2594.67	97.8252
2596.6	97.7292
2598.53	97.6754
2600.46	97.7305
2602.39	97.757
2604.32	97.6104
2606.25	97.4086
2608.18	97.3537
2610.1	97.4267
2612.03	97.4911
2613.96	97.4925
2615.89	97.4317
2617.82	97.351
2619.75	97.3284
2621.68	97.3429
2623.61	97.2905
2625.54	97.1851
2627.47	97.1416
2629.4	97.1757
2631.32	97.211
2633.25	97.222
2635.18	97.2123
2637.11	97.143
2639.04	97.0183
2640.97	96.9272
2642.9	96.891
2644.83	96.8276
2646.76	96.7356
2648.69	96.7051
2650.62	96.7267
2652.54	96.7197
2654.47	96.707
2656.4	96.7417
2658.33	96.7555
2660.26	96.6782
2662.19	96.5845
2664.12	96.5675
2666.05	96.596
2667.98	96.6072
2669.91	96.6043
2671.84	96.5841
2673.77	96.5137
2675.69	96.4346
2677.62	96.4415
2679.55	96.5241
2681.48	96.5658
2683.41	96.5258
2685.34	96.4918
2687.27	96.5128
2689.2	96.5068
2691.13	96.4146
2693.06	96.3214
2694.99	96.3125
2696.91	96.3377
2698.84	96.3369
2700.77	96.3491
2702.7	96.3893
2704.63	96.3963
2706.56	96.3687
2708.49	96.3564
2710.42	96.3216
2712.35	96.2254
2714.28	96.1676
2716.21	96.2212
2718.14	96.2688
2720.06	96.2009
2721.99	96.0896
2723.92	96.0226
2725.85	95.9791
2727.78	95.9564
2729.71	95.9938
2731.64	96.0454
2733.57	96.0402
2735.5	96.0241
2737.43	96.0441
2739.36	96.0161
2741.28	95.8954
2743.21	95.8021
2745.14	95.8238
2747.07	95.8832
2749	95.893
2750.93	95.8672
2752.86	95.8477
2754.79	95.8479
2756.72	95.866
2758.65	95.8784
2760.58	95.8465
2762.51	95.7806
2764.43	95.7487
2766.36	95.7578
2768.29	95.7275
2770.22	95.6572
2772.15	95.6403
2774.08	95.6705
2776.01	95.6705
2777.94	95.6462
2779.87	95.5939
2781.8	95.4797
2783.73	95.4078
2785.65	95.4626
2787.58	95.4977
2789.51	95.4478
2791.44	95.4918
2793.37	95.6337
2795.3	95.6415
2797.23	95.5153
2799.16	95.4725
2801.09	95.5317
2803.02	95.5447
2804.95	95.4712
2806.87	95.3548
2808.8	95.2146
2810.73	95.0846
2812.66	95.024
2814.59	95.0357
2816.52	95.0348
2818.45	94.9383
2820.38	94.7704
2822.31	94.6203
2824.24	94.507
2826.17	94.369
2828.1	94.179
2830.02	93.9932
2831.95	93.8462
2833.88	93.6352
2835.81	93.2465
2837.74	92.8244
2839.67	92.662
2841.6	92.7493
2843.53	92.7499
2845.46	92.5047
2847.39	92.1845
2849.32	91.8801
2851.24	91.4619
2853.17	90.887
2855.1	90.2578
2857.03	89.6024
2858.96	88.9224
2860.89	88.3392
2862.82	87.9227
2864.75	87.5508
2866.68	87.1333
2868.61	86.7439
2870.54	86.4368
2872.47	86.2056
2874.39	86.1176
2876.32	86.2492
2878.25	86.5704
2880.18	87.0139
2882.11	87.5133
2884.04	87.9576
2885.97	88.2564
2887.9	88.3803
2889.83	88.2852
2891.76	88.0001
2893.69	87.7621
2895.61	87.759
2897.54	87.8184
2899.47	87.6958
2901.4	87.5128
2903.33	87.5149
2905.26	87.6372
2907.19	87.654
2909.12	87.4933
2911.05	87.24
2912.98	87.0613
2914.91	87.0489
2916.83	87.0122
2918.76	86.7216
2920.69	86.2835
2922.62	85.8514
2924.55	85.3083
2926.48	84.6443
2928.41	84.1503
2930.34	83.9383
2932.27	83.7871
2934.2	83.654
2936.13	83.826
2938.06	84.367
2939.98	84.902
2941.91	85.1807
2943.84	85.3665
2945.77	85.5574
2947.7	85.556
2949.63	85.2538
2951.56	84.7623
2953.49	84.1675
2955.42	83.5368
2957.35	83.0649
2959.28	82.9735
2961.2	83.3291
2963.13	84.0392
2965.06	85.0684
2966.99	86.515
2968.92	88.1926
2970.85	89.4746
2972.78	90.0801
2974.71	90.4574
2976.64	90.9986
2978.57	91.6465
2980.5	92.3195
2982.43	92.9858
2984.35	93.522
2986.28	93.9396
2988.21	94.3476
2990.14	94.6812
2992.07	94.9281
2994	95.2622
2995.93	95.6484
2997.86	95.8865
2999.79	96.0536
3001.72	96.2956
3003.65	96.4599
3005.57	96.4601
3007.5	96.5586
3009.43	96.8973
3011.36	97.2331
3013.29	97.3645
3015.22	97.3766
3017.15	97.3704
3019.08	97.325
3021.01	97.2714
3022.94	97.3551
3024.87	97.6272
3026.79	97.8345
3028.72	97.6629
3030.65	97.2662
3032.58	97.1022
3034.51	97.1834
3036.44	97.1355
3038.37	96.9209
3040.3	96.8066
3042.23	96.8516
3044.16	96.9353
3046.09	96.9462
3048.02	96.817
3049.94	96.633
3051.87	96.5036
3053.8	96.3965
3055.73	96.3977
3057.66	96.6689
3059.59	97.0136
3061.52	97.1185
3063.45	97.0221
3065.38	96.8524
3067.31	96.6469
3069.24	96.5615
3071.16	96.6496
3073.09	96.6721
3075.02	96.5331
3076.95	96.4505
3078.88	96.5292
3080.81	96.6481
3082.74	96.7316
3084.67	96.7918
3086.6	96.792
3088.53	96.6974
3090.46	96.6071
3092.39	96.6296
3094.31	96.6529
3096.24	96.4915
3098.17	96.2401
3100.1	96.1568
3102.03	96.2674
3103.96	96.3919
3105.89	96.4279
3107.82	96.3812
3109.75	96.2849
3111.68	96.2028
3113.61	96.1707
3115.53	96.1686
3117.46	96.214
3119.39	96.3012
3121.32	96.2942
3123.25	96.1311
3125.18	95.9795
3127.11	95.9804
3129.04	96.0659
3130.97	96.1054
3132.9	96.0331
3134.83	95.9252
3136.75	95.9573
3138.68	96.0779
3140.61	95.9979
3142.54	95.7064
3144.47	95.5131
3146.4	95.5028
3148.33	95.5391
3150.26	95.6427
3152.19	95.8084
3154.12	95.7946
3156.05	95.5204
3157.98	95.258
3159.9	95.2093
3161.83	95.3357
3163.76	95.6088
3165.69	95.9656
3167.62	96.1406
3169.55	95.9668
3171.48	95.6403
3173.41	95.4008
3175.34	95.2872
3177.27	95.2871
3179.2	95.3326
3181.12	95.2733
3183.05	95.1525
3184.98	95.17
3186.91	95.2788
3188.84	95.2802
3190.77	95.1975
3192.7	95.1438
3194.63	95.1013
3196.56	95.0266
3198.49	94.9059
3200.42	94.7803
3202.35	94.7848
3204.27	94.9061
3206.2	94.9062
3208.13	94.7344
3210.06	94.5951
3211.99	94.5425
3213.92	94.4981
3215.85	94.5083
3217.78	94.5969
3219.71	94.6252
3221.64	94.5253
3223.57	94.4406
3225.49	94.4983
3227.42	94.583
3229.35	94.5245
3231.28	94.4137
3233.21	94.3999
3235.14	94.3546
3237.07	94.159
3239	93.9998
3240.93	94.0144
3242.86	94.0394
3244.79	93.9148
3246.72	93.7075
3248.64	93.5606
3250.57	93.5099
3252.5	93.533
3254.43	93.6641
3256.36	93.845
3258.29	93.8229
3260.22	93.5401
3262.15	93.3289
3264.08	93.4142
3266.01	93.6052
3267.94	93.5985
3269.86	93.3189
3271.79	92.9906
3273.72	92.8978
3275.65	93.0142
3277.58	93.1058
3279.51	93.1441
3281.44	93.2115
3283.37	93.224
3285.3	93.1019
3287.23	92.932
3289.16	92.7977
3291.08	92.6712
3293.01	92.4994
3294.94	92.3146
3296.87	92.2556
3298.8	92.3989
3300.73	92.5851
3302.66	92.5803
3304.59	92.3848
3306.52	92.2065
3308.45	92.1603
3310.38	92.1701
3312.31	92.1557
3314.23	92.1216
3316.16	92.0567
3318.09	91.9618
3320.02	91.9247
3321.95	91.9699
3323.88	91.983
3325.81	91.9322
3327.74	91.9168
3329.67	91.9186
3331.6	91.8137
3333.53	91.6244
3335.45	91.4782
3337.38	91.4226
3339.31	91.451
3341.24	91.5194
3343.17	91.5197
3345.1	91.4581
3347.03	91.4554
3348.96	91.4424
3350.89	91.3222
3352.82	91.3017
3354.75	91.4854
3356.68	91.5878
3358.6	91.4849
3360.53	91.4013
3362.46	91.3983
3364.39	91.3206
3366.32	91.1405
3368.25	90.9793
3370.18	90.96
3372.11	91.0591
3374.04	91.0761
3375.97	90.9713
3377.9	90.9526
3379.82	91.0306
3381.75	91.0528
3383.68	91.1194
3385.61	91.3418
3387.54	91.4932
3389.47	91.381
3391.4	91.1706
3393.33	91.1105
3395.26	91.2063
3397.19	91.2513
3399.12	91.1611
3401.04	91.1513
3402.97	91.3683
3404.9	91.5873
3406.83	91.5852
3408.76	91.4647
3410.69	91.3531
3412.62	91.2516
3414.55	91.2506
3416.48	91.4036
3418.41	91.5074
3420.34	91.3951
3422.27	91.2253
3424.19	91.2394
3426.12	91.4825
3428.05	91.7883
3429.98	91.8725
3431.91	91.6484
3433.84	91.3779
3435.77	91.2735
3437.7	91.2902
3439.63	91.4201
3441.56	91.6788
3443.49	91.8722
3445.41	91.8526
3447.34	91.7537
3449.27	91.7068
3451.2	91.6964
3453.13	91.7489
3455.06	91.8751
3456.99	91.9876
3458.92	92.0695
3460.85	92.1101
3462.78	91.9965
3464.71	91.8228
3466.64	91.8494
3468.56	91.9902
3470.49	91.9786
3472.42	91.911
3474.35	91.9789
3476.28	92.0393
3478.21	91.9536
3480.14	91.8724
3482.07	91.9303
3484	92.0322
3485.93	91.9961
3487.86	91.7694
3489.78	91.533
3491.71	91.4834
3493.64	91.5321
3495.57	91.5134
3497.5	91.4967
3499.43	91.5828
3501.36	91.6735
3503.29	91.7049
3505.22	91.754
3507.15	91.7427
3509.08	91.5154
3511	91.2657
3512.93	91.2852
3514.86	91.3797
3516.79	91.2652
3518.72	91.1779
3520.65	91.4514
3522.58	91.8953
3524.51	92.1091
3526.44	92.0297
3528.37	91.8317
3530.3	91.6272
3532.23	91.4715
3534.15	91.435
3536.08	91.5511
3538.01	91.6901
3539.94	91.7065
3541.87	91.7362
3543.8	91.9225
3545.73	92.0258
3547.66	91.9462
3549.59	92.1458
3551.52	92.7127
3553.45	93.0297
3555.37	92.878
3557.3	92.7705
3559.23	92.8747
3561.16	92.9834
3563.09	93.2482
3565.02	93.8747
3566.95	94.4032
3568.88	94.2541
3570.81	93.8601
3572.74	93.7396
3574.67	93.9009
3576.6	94.2346
3578.52	94.7189
3580.45	95.2521
3582.38	95.5667
3584.31	95.6562
3586.24	95.8365
3588.17	96.0634
3590.1	95.9713
3592.03	95.9256
3593.96	96.4649
3595.89	97.2068
3597.82	97.3149
3599.74	96.9593
3601.67	96.85
3603.6	97.1511
3605.53	97.5612
3607.46	97.8237
3609.39	97.8083
3611.32	97.5775
3613.25	97.3444
3615.18	97.334
3617.11	97.5706
3619.04	97.7231
3620.97	97.6116
3622.89	97.6888
3624.82	98.1791
3626.75	98.7796
3628.68	99.167
3630.61	99.2675
3632.54	98.9645
3634.47	98.2481
3636.4	97.6543
3638.33	97.599
3640.26	97.6968
3642.19	97.5618
3644.11	97.42
3646.04	97.588
3647.97	98.0649
3649.9	98.3912
3651.83	98.207
3653.76	97.9725
3655.69	97.9072
3657.62	97.7701
3659.55	97.4992
3661.48	97.3905
3663.41	97.5087
3665.33	97.6752
3667.26	97.8573
3669.19	98.015
3671.12	97.9595
3673.05	97.9601
3674.98	98.3722
3676.91	98.6843
3678.84	98.3519
3680.77	97.935
3682.7	97.88
3684.63	98.139
3686.56	98.5683
3688.48	99.1166
3690.41	99.4435
3692.34	99.3169
3694.27	99.1248
3696.2	99.0964
3698.13	99.1139
3700.06	99.0641
3701.99	99.0358
3703.92	99.1204
3705.85	99.2676
3707.78	99.4535
3709.7	99.6
3711.63	99.3304
3713.56	98.6368
3715.49	98.231
3717.42	98.4301
3719.35	98.9423
3721.28	99.3612
3723.21	99.692
3725.14	99.9196
3727.07	99.7817
3729	99.5397
3730.93	99.6437
3732.85	100.034
3734.78	100.407
3736.71	100.487
3738.64	100.041
3740.57	99.3166
3742.5	98.8073
3744.43	98.7792
3746.36	98.8797
3748.29	98.8229
3750.22	98.7729
3752.15	98.6444
3754.07	98.3447
3756	98.1252
3757.93	98.1245
3759.86	98.1646
3761.79	97.9747
3763.72	97.7035
3765.65	97.6747
3767.58	97.8122
3769.51	97.6909
3771.44	97.3299
3773.37	97.204
3775.29	97.421
3777.22	97.6909
3779.15	97.7561
3781.08	97.6421
3783.01	97.5278
3784.94	97.4732
3786.87	97.4376
3788.8	97.3722
3790.73	97.3384
3792.66	97.4814
3794.59	97.7583
3796.52	97.9052
3798.44	97.9086
3800.37	97.9961
3802.3	98.0831
3804.23	98.0215
3806.16	97.9891
3808.09	97.9985
3810.02	97.9287
3811.95	97.8896
3813.88	97.9259
3815.81	97.934
3817.74	98.0155
3819.66	98.2457
3821.59	98.2668
3823.52	97.9558
3825.45	97.7034
3827.38	97.6406
3829.31	97.7149
3831.24	97.8856
3833.17	98.0391
3835.1	98.181
3837.03	98.4262
3838.96	98.5218
3840.89	98.2304
3842.81	97.9122
3844.74	97.7237
3846.67	97.5187
3848.6	97.4181
3850.53	97.6336
3852.46	98.0852
3854.39	98.3554
3856.32	98.2534
3858.25	97.982
3860.18	97.7844
3862.11	97.934
3864.03	98.2292
3865.96	98.0932
3867.89	97.6867
3869.82	97.5616
3871.75	97.675
3873.68	97.6818
3875.61	97.673
3877.54	97.7979
3879.47	97.9613
3881.4	98.0034
3883.33	97.8473
3885.25	97.5895
3887.18	97.5302
3889.11	97.7434
3891.04	97.8772
3892.97	97.7203
3894.9	97.6092
3896.83	97.7706
3898.76	97.9463
3900.69	97.8782
3902.62	97.7598
3904.55	97.7431
3906.48	97.6355
3908.4	97.4743
3910.33	97.4536
3912.26	97.5555
3914.19	97.6614
3916.12	97.7181
3918.05	97.6123
3919.98	97.3454
3921.91	97.2297
3923.84	97.3883
3925.77	97.5334
3927.7	97.4902
3929.62	97.4384
3931.55	97.4456
3933.48	97.391
3935.41	97.3149
3937.34	97.3469
3939.27	97.4536
3941.2	97.5253
3943.13	97.5446
3945.06	97.5602
3946.99	97.5435
3948.92	97.4261
3950.85	97.2711
3952.77	97.2228
3954.7	97.2928
3956.63	97.3739
3958.56	97.3679
3960.49	97.2542
3962.42	97.1194
3964.35	97.0753
3966.28	97.1075
3968.21	97.1414
3970.14	97.1861
3972.07	97.2378
3973.99	97.1982
3975.92	97.0731
3977.85	97.0477
3979.78	97.1896
3981.71	97.3083
3983.64	97.2569
3985.57	97.1557
3987.5	97.1449
3989.43	97.1757
3991.36	97.207
3993.29	97.2923
3995.22	97.3591
3997.14	97.2829
