499.643	77.8277
501.572	77.9744
503.501	78.8657
505.43	79.952
507.36	80.4721
509.289	80.5545
511.218	80.6202
513.147	80.844
515.076	81.3433
517.005	82.0417
518.934	82.3928
520.863	82.0338
522.792	81.4719
524.722	81.4135
526.651	81.8149
528.58	81.9878
530.509	81.791
532.438	81.6668
534.367	81.7131
536.296	81.6565
538.225	81.514
540.155	81.5722
542.084	81.8704
544.013	82.1268
545.942	82.0344
547.871	81.591
549.8	81.226
551.729	81.272
553.658	81.4223
555.588	81.2817
557.517	81.1468
559.446	81.3604
561.375	81.5355
563.304	81.3948
565.233	81.2995
567.162	81.2781
569.091	81.0396
571.021	80.9548
572.95	81.3792
574.879	81.7825
576.808	81.72
578.737	81.4734
580.666	81.2594
582.595	81.0752
584.524	81.0406
586.454	81.1363
588.383	81.2383
590.312	81.3909
592.241	81.4874
594.17	81.2891
596.099	80.9711
598.028	80.839
599.957	80.83
601.887	80.7975
603.816	80.7375
605.745	80.6038
607.674	80.4107
609.603	80.2842
611.532	80.2552
613.461	80.4332
615.39	80.9721
617.32	81.4972
619.249	81.4998
621.178	81.3006
623.107	81.3528
625.036	81.4388
626.965	81.3629
628.894	81.3694
630.823	81.5772
632.753	81.8926
634.682	82.2641
636.611	82.5919
638.54	82.8626
640.469	83.3119
642.398	83.9867
644.327	84.6224
646.256	85.1553
648.186	85.6615
650.115	86.0142
652.044	86.1969
653.973	86.2664
655.902	86.0495
657.831	85.6443
659.76	85.3431
661.689	85.0233
663.619	84.823
665.548	85.6853
667.477	88.224
669.406	89.5087
671.335	88.1133
673.264	87.1034
675.193	87.1072
677.122	87.3729
679.052	87.6479
680.981	88.1064
682.91	88.3806
684.839	88.2995
686.768	88.2411
688.697	88.2611
690.626	88.1689
692.555	88.0229
694.485	87.8841
696.414	87.7131
698.343	87.5527
700.272	87.4008
702.201	87.2151
704.13	87.0955
706.059	87.0867
707.988	87.0421
709.917	86.9179
711.847	86.8034
713.776	86.704
715.705	86.692
717.634	86.9207
719.563	87.1949
721.492	87.0554
723.421	86.5014
725.35	85.929
727.28	85.4833
729.209	85.0319
731.138	84.4724
733.067	83.8116
734.996	83.1552
736.925	82.6813
738.854	82.4891
740.783	82.5056
742.713	82.5748
744.642	82.5998
746.571	82.5834
748.5	82.5586
750.429	82.5472
752.358	82.6001
754.287	82.7628
756.216	82.9985
758.146	83.2648
760.075	83.5883
762.004	83.9485
763.933	84.2392
765.862	84.4116
767.791	84.5087
769.72	84.571
771.649	84.6211
773.579	84.6879
775.508	84.7878
777.437	84.9016
779.366	84.9667
781.295	84.9297
783.224	84.821
785.153	84.6881
787.082	84.4864
789.012	84.1589
790.941	83.733
792.87	83.2048
794.799	82.4247
796.728	81.1578
798.657	79.0882
800.586	75.7841
802.515	71.101
804.445	65.907
806.374	62.0247
808.303	60.9918
810.232	62.9781
812.161	67.0351
814.09	71.9558
816.019	76.6093
817.948	80.1049
819.878	82.1881
821.807	83.2059
823.736	83.5979
825.665	83.6494
827.594	83.5556
829.523	83.4296
831.452	83.2593
833.381	82.9461
835.311	82.4288
837.24	81.7624
839.169	81.0194
841.098	80.2098
843.027	79.408
844.956	78.836
846.885	78.709
848.814	79.0582
850.744	79.7088
852.673	80.4121
854.602	81.0114
856.531	81.4572
858.46	81.7413
860.389	81.9138
862.318	82.0582
864.247	82.17
866.177	82.1871
868.106	82.1439
870.035	82.1414
871.964	82.1845
873.893	82.1707
875.822	82.0492
877.751	81.9063
879.68	81.8398
881.609	81.8159
883.539	81.7382
885.468	81.5863
887.397	81.3912
889.326	81.1572
891.255	80.8816
893.184	80.5882
895.113	80.3125
897.042	80.0795
898.972	79.8974
900.901	79.7786
902.83	79.7569
904.759	79.8334
906.688	79.9216
908.617	79.9139
910.546	79.7882
912.475	79.6
914.405	79.3923
916.334	79.1598
918.263	78.8894
920.192	78.5917
922.121	78.2845
924.05	77.9823
925.979	77.7022
927.908	77.4456
929.838	77.177
931.767	76.8477
933.696	76.4284
935.625	75.9126
937.554	75.3166
939.483	74.6762
941.412	74.0045
943.341	73.2476
945.271	72.3124
947.2	71.1743
949.129	69.9649
951.058	68.893
952.987	68.0165
954.916	67.1293
956.845	65.9423
958.774	64.3683
960.704	62.587
962.633	60.8751
964.562	59.4315
966.491	58.3262
968.42	57.5156
970.349	56.8687
972.278	56.2271
974.207	55.4798
976.137	54.5905
978.066	53.5994
979.995	52.6628
981.924	52.0462
983.853	51.9658
985.782	52.4187
987.711	53.2334
989.64	54.2709
991.57	55.4811
993.499	56.759
995.428	57.8866
997.357	58.6853
999.286	59.1284
1001.22	59.2641
1003.14	59.1389
1005.07	58.8438
1007	58.5508
1008.93	58.4283
1010.86	58.5131
1012.79	58.6867
1014.72	58.7771
1016.65	58.6575
1018.58	58.2669
1020.51	57.6053
1022.44	56.7264
1024.36	55.7503
1026.29	54.918
1028.22	54.5005
1030.15	54.4951
1032.08	54.5423
1034.01	54.2905
1035.94	53.693
1037.87	52.8788
1039.8	51.9591
1041.73	51.0262
1043.66	50.1617
1045.58	49.381
1047.51	48.6213
1049.44	47.7857
1051.37	46.8212
1053.3	45.8059
1055.23	44.9551
1057.16	44.5219
1059.09	44.667
1061.02	45.3806
1062.95	46.5157
1064.88	47.9148
1066.81	49.5229
1068.73	51.3925
1070.66	53.5878
1072.59	56.0948
1074.52	58.8068
1076.45	61.5422
1078.38	64.0894
1080.31	66.309
1082.24	68.1589
1084.17	69.5838
1086.1	70.5046
1088.03	70.9328
1089.95	70.9401
1091.88	70.5407
1093.81	69.7482
1095.74	68.6873
1097.67	67.5237
1099.6	66.3519
1101.53	65.2132
1103.46	64.1407
1105.39	63.1477
1107.32	62.2542
1109.25	61.538
1111.18	61.0743
1113.1	60.8493
1115.03	60.8153
1116.96	60.9598
1118.89	61.2385
1120.82	61.5284
1122.75	61.697
1124.68	61.6308
1126.61	61.2021
1128.54	60.2901
1130.47	58.8235
1132.4	56.7846
1134.32	54.2283
1136.25	51.3099
1138.18	48.2528
1140.11	45.2895
1142.04	42.6337
1143.97	40.4481
1145.9	38.7845
1147.83	37.5855
1149.76	36.7695
1151.69	36.2783
1153.62	36.0537
1155.55	36.0273
1157.47	36.1454
1159.4	36.3848
1161.33	36.7432
1163.26	37.2168
1165.19	37.7866
1167.12	38.4186
1169.05	39.0762
1170.98	39.7431
1172.91	40.4174
1174.84	41.0897
1176.77	41.7706
1178.69	42.5064
1180.62	43.3243
1182.55	44.2138
1184.48	45.1677
1186.41	46.184
1188.34	47.2546
1190.27	48.392
1192.2	49.6283
1194.13	50.9844
1196.06	52.4648
1197.99	54.0508
1199.91	55.6968
1201.84	57.3377
1203.77	58.8948
1205.7	60.3385
1207.63	61.7182
1209.56	63.0665
1211.49	64.4645
1213.42	66.1529
1215.35	68.0597
1217.28	69.3987
1219.21	69.6512
1221.14	69.5497
1223.06	69.9849
1224.99	70.828
1226.92	71.4699
1228.85	71.6688
1230.78	71.4085
1232.71	70.6706
1234.64	69.5878
1236.57	68.3399
1238.5	67.01
1240.43	65.6938
1242.36	64.4793
1244.28	63.3486
1246.21	62.2848
1248.14	61.3494
1250.07	60.585
1252	59.982
1253.93	59.5462
1255.86	59.3018
1257.79	59.239
1259.72	59.3149
1261.65	59.5228
1263.58	59.9061
1265.51	60.4681
1267.43	61.1619
1269.36	61.9893
1271.29	62.9816
1273.22	64.0899
1275.15	65.2171
1277.08	66.3131
1279.01	67.3731
1280.94	68.3986
1282.87	69.3689
1284.8	70.2246
1286.73	70.8648
1288.65	71.1701
1290.58	71.1235
1292.51	70.9447
1294.44	71.0091
1296.37	71.6069
1298.3	72.7918
1300.23	74.4236
1302.16	76.2824
1304.09	78.1298
1306.02	79.7554
1307.95	81.0643
1309.87	82.1005
1311.8	82.9236
1313.73	83.5337
1315.66	83.9539
1317.59	84.2558
1319.52	84.4737
1321.45	84.599
1323.38	84.6522
1325.31	84.7018
1327.24	84.8135
1329.17	84.9991
1331.1	85.2481
1333.02	85.5669
1334.95	85.9533
1336.88	86.4031
1338.81	86.9109
1340.74	87.4374
1342.67	87.9637
1344.6	88.5121
1346.53	89.0751
1348.46	89.6242
1350.39	90.111
1352.32	90.4347
1354.24	90.5343
1356.17	90.4989
1358.1	90.5091
1360.03	90.7147
1361.96	91.1425
1363.89	91.5303
1365.82	91.5524
1367.75	91.2047
1369.68	90.7391
1371.61	90.3549
1373.54	89.8423
1375.47	88.9474
1377.39	87.9768
1379.32	87.1626
1381.25	86.3359
1383.18	85.5025
1385.11	84.6863
1387.04	83.6047
1388.97	82.3164
1390.9	81.2147
1392.83	80.2323
1394.76	79.1986
1396.69	78.0034
1398.61	76.3302
1400.54	74.1895
1402.47	71.9004
1404.4	69.6429
1406.33	68.1173
1408.26	68.1613
1410.19	69.8126
1412.12	72.6791
1414.05	75.8188
1415.98	78.7668
1417.91	81.9188
1419.83	84.7504
1421.76	86.4465
1423.69	87.5286
1425.62	88.3401
1427.55	88.7985
1429.48	88.9118
1431.41	88.7799
1433.34	88.5824
1435.27	88.3602
1437.2	87.9281
1439.13	87.2952
1441.06	86.5896
1442.98	85.7815
1444.91	84.962
1446.84	84.2153
1448.77	83.4506
1450.7	82.8294
1452.63	82.6343
1454.56	82.829
1456.49	83.0376
1458.42	82.5664
1460.35	81.8509
1462.28	81.4399
1464.2	81.1875
1466.13	80.9888
1468.06	81.1085
1469.99	81.7832
1471.92	82.9875
1473.85	84.1657
1475.78	85.0508
1477.71	86.1087
1479.64	87.4077
1481.57	88.7645
1483.5	90.0849
1485.43	91.361
1487.35	92.6405
1489.28	93.7205
1491.21	94.1869
1493.14	94.3886
1495.07	94.7881
1497	95.2651
1498.93	95.4182
1500.86	95.4021
1502.79	95.5971
1504.72	96.147
1506.65	96.7721
1508.57	96.5532
1510.5	96.0137
1512.43	95.8833
1514.36	96.1342
1516.29	96.4948
1518.22	96.7817
1520.15	97.0204
1522.08	97.1403
1524.01	97.0845
1525.94	96.9251
1527.87	96.7443
1529.8	96.6672
1531.72	96.7321
1533.65	96.8038
1535.58	96.8465
1537.51	97.124
1539.44	97.7603
1541.37	98.0522
1543.3	97.5387
1545.23	96.9987
1547.16	96.7262
1549.09	96.6794
1551.02	96.7308
1552.94	96.8128
1554.87	97.0523
1556.8	97.5515
1558.73	97.8101
1560.66	97.2403
1562.59	96.7056
1564.52	96.5123
1566.45	96.5441
1568.38	96.59
1570.31	96.4108
1572.24	96.2242
1574.16	96.3095
1576.09	96.4587
1578.02	96.2688
1579.95	95.9711
1581.88	95.8241
1583.81	95.7445
1585.74	95.6328
1587.67	95.5166
1589.6	95.4517
1591.53	95.4394
1593.46	95.4241
1595.39	95.3403
1597.31	95.1671
1599.24	94.9662
1601.17	94.7954
1603.1	94.5798
1605.03	94.2614
1606.96	93.9005
1608.89	93.3523
1610.82	92.478
1612.75	91.6325
1614.68	91.0266
1616.61	90.446
1618.53	89.9919
1620.46	90.0182
1622.39	90.3781
1624.32	90.6173
1626.25	90.5302
1628.18	90.0907
1630.11	89.2571
1632.04	88.4647
1633.97	88.2879
1635.9	88.9223
1637.83	89.8373
1639.76	90.7667
1641.68	91.8182
1643.61	92.8822
1645.54	93.88
1647.47	94.4828
1649.4	94.5533
1651.33	94.6619
1653.26	94.8898
1655.19	94.5282
1657.12	94.0378
1659.05	93.8672
1660.98	93.8491
1662.9	93.6505
1664.83	93.342
1666.76	93.2831
1668.69	93.4118
1670.62	93.2313
1672.55	92.8042
1674.48	92.3828
1676.41	91.6465
1678.34	90.8169
1680.27	90.3919
1682.2	90.0404
1684.12	89.1071
1686.05	87.8547
1687.98	86.6046
1689.91	85.2032
1691.84	83.763
1693.77	82.2146
1695.7	80.4235
1697.63	78.3627
1699.56	75.3885
1701.49	71.6485
1703.42	68.3499
1705.35	65.1046
1707.27	61.3476
1709.2	57.9439
1711.13	55.3339
1713.06	53.116
1714.99	51.3282
1716.92	49.6948
1718.85	47.6918
1720.78	46.3223
1722.71	45.9799
1724.64	46.2263
1726.57	47.1152
1728.49	48.6851
1730.42	50.6438
1732.35	53.3935
1734.28	57.1618
1736.21	60.4923
1738.14	63.2476
1740.07	66.3645
1742	69.7733
1743.93	73.0267
1745.86	76.3341
1747.79	79.848
1749.72	83.372
1751.64	86.5948
1753.57	89.3224
1755.5	91.7245
1757.43	94.0003
1759.36	95.8762
1761.29	97.0555
1763.22	97.7029
1765.15	97.9914
1767.08	98.0776
1769.01	98.2943
1770.94	98.6264
1772.86	98.5912
1774.79	98.251
1776.72	98.0112
1778.65	97.8858
1780.58	97.7845
1782.51	97.6754
1784.44	97.5766
1786.37	97.5562
1788.3	97.6264
1790.23	97.7721
1792.16	97.9196
1794.08	97.8294
1796.01	97.5631
1797.94	97.3987
1799.87	97.3488
1801.8	97.2807
1803.73	97.2133
1805.66	97.181
1807.59	97.1726
1809.52	97.2081
1811.45	97.2116
1813.38	97.1404
1815.31	97.1354
1817.23	97.2133
1819.16	97.2572
1821.09	97.3347
1823.02	97.5146
1824.95	97.656
1826.88	97.702
1828.81	97.7126
1830.74	97.6181
1832.67	97.4744
1834.6	97.4866
1836.53	97.6151
1838.45	97.6576
1840.38	97.6443
1842.31	97.7412
1844.24	97.8508
1846.17	97.7993
1848.1	97.7754
1850.03	97.8706
1851.96	97.8755
1853.89	97.7397
1855.82	97.6664
1857.75	97.7268
1859.68	97.8326
1861.6	97.928
1863.53	98.008
1865.46	98.119
1867.39	98.2637
1869.32	98.2815
1871.25	98.1428
1873.18	98.0404
1875.11	98.0076
1877.04	97.9934
1878.97	98.0427
1880.9	98.119
1882.82	98.0921
1884.75	98.0605
1886.68	98.2215
1888.61	98.4028
1890.54	98.2914
1892.47	98.1066
1894.4	98.2341
1896.33	98.5171
1898.26	98.6081
1900.19	98.5649
1902.12	98.5549
1904.05	98.5701
1905.97	98.646
1907.9	98.7934
1909.83	98.843
1911.76	98.7557
1913.69	98.738
1915.62	98.8651
1917.55	98.9804
1919.48	98.9831
1921.41	99.0285
1923.34	99.2099
1925.27	99.3021
1927.19	99.173
1929.12	99.0748
1931.05	99.1529
1932.98	99.2105
1934.91	99.1701
1936.84	99.1987
1938.77	99.3542
1940.7	99.5925
1942.63	99.8876
1944.56	100.048
1946.49	99.8577
1948.41	99.5196
1950.34	99.4927
1952.27	99.8265
1954.2	100.067
1956.13	100.056
1958.06	100.144
1959.99	100.405
1961.92	100.507
1963.85	100.405
1965.78	100.314
1967.71	100.255
1969.64	100.25
1971.56	100.444
1973.49	100.727
1975.42	100.791
1977.35	100.606
1979.28	100.381
1981.21	100.164
1983.14	99.9134
1985.07	99.7271
1987	99.7471
1988.93	99.9957
1990.86	100.363
1992.78	100.632
1994.71	100.655
1996.64	100.497
1998.57	100.284
2000.5	100.132
2002.43	100.185
2004.36	100.38
2006.29	100.404
2008.22	100.177
2010.15	100.001
2012.08	100.032
2014.01	100.066
2015.93	100.005
2017.86	100.06
2019.79	100.317
2021.72	100.516
2023.65	100.487
2025.58	100.394
2027.51	100.422
2029.44	100.567
2031.37	100.743
2033.3	100.821
2035.23	100.717
2037.15	100.513
2039.08	100.308
2041.01	100.113
2042.94	100.015
2044.87	100.135
2046.8	100.374
2048.73	100.451
2050.66	100.281
2052.59	100.101
2054.52	100.042
2056.45	99.8937
2058.37	99.593
2060.3	99.5021
2062.23	99.7755
2064.16	100.035
2066.09	100.017
2068.02	99.8812
2069.95	99.7122
2071.88	99.4816
2073.81	99.4326
2075.74	99.7284
2077.67	99.9611
2079.6	99.7503
2081.52	99.4348
2083.45	99.4266
2085.38	99.4983
2087.31	99.3925
2089.24	99.3543
2091.17	99.4901
2093.1	99.4797
2095.03	99.3163
2096.96	99.3996
2098.89	99.6943
2100.82	99.7378
2102.74	99.5128
2104.67	99.4194
2106.6	99.5094
2108.53	99.5219
2110.46	99.4506
2112.39	99.4691
2114.32	99.5949
2116.25	99.7655
2118.18	99.9002
2120.11	99.8755
2122.04	99.7535
2123.97	99.7559
2125.89	99.8267
2127.82	99.7211
2129.75	99.5518
2131.68	99.6491
2133.61	99.9578
2135.54	100.122
2137.47	100.056
2139.4	99.9656
2141.33	99.9522
2143.26	99.9886
2145.19	100.081
2147.11	100.235
2149.04	100.417
2150.97	100.583
2152.9	100.643
2154.83	100.584
2156.76	100.57
2158.69	100.634
2160.62	100.538
2162.55	100.27
2164.48	100.121
2166.41	100.133
2168.33	100.057
2170.26	99.8859
2172.19	99.903
2174.12	100.194
2176.05	100.497
2177.98	100.624
2179.91	100.641
2181.84	100.559
2183.77	100.332
2185.7	100.13
2187.63	100.119
2189.56	100.158
2191.48	100.109
2193.41	100.076
2195.34	100.126
2197.27	100.164
2199.2	100.13
2201.13	100.038
2203.06	99.9176
2204.99	99.8157
2206.92	99.7373
2208.85	99.6534
2210.78	99.6412
2212.7	99.7945
2214.63	100.003
2216.56	100.074
2218.49	99.9938
2220.42	99.872
2222.35	99.7884
2224.28	99.761
2226.21	99.7394
2228.14	99.6952
2230.07	99.685
2232	99.6818
2233.93	99.5955
2235.85	99.5195
2237.78	99.5393
2239.71	99.5107
2241.64	99.4461
2243.57	99.581
2245.5	99.8376
2247.43	99.9359
2249.36	99.9183
2251.29	99.9061
2253.22	99.7936
2255.15	99.63
2257.07	99.6988
2259	100.032
2260.93	100.343
2262.86	100.428
2264.79	100.36
2266.72	100.341
2268.65	100.429
2270.58	100.467
2272.51	100.348
2274.44	100.218
2276.37	100.244
2278.29	100.295
2280.22	100.149
2282.15	99.949
2284.08	99.992
2286.01	100.21
2287.94	100.43
2289.87	100.822
2291.8	101.49
2293.73	102.1
2295.66	102.479
2297.59	102.925
2299.52	103.559
2301.44	104.146
2303.37	104.693
2305.3	105.524
2307.23	106.784
2309.16	108.244
2311.09	109.517
2313.02	110.436
2314.95	111.326
2316.88	112.676
2318.81	114.531
2320.74	116.515
2322.66	118.329
2324.59	119.957
2326.52	121.47
2328.45	122.892
2330.38	124.079
2332.31	124.804
2334.24	125.285
2336.17	125.867
2338.1	126.319
2340.03	126.638
2341.96	127.142
2343.89	126.228
2345.81	122.698
2347.74	119.755
2349.67	119.896
2351.6	123.196
2353.53	128.418
2355.46	133.088
2357.39	136.206
2359.32	138.3
2361.25	138.942
2363.18	137.652
2365.11	134.458
2367.03	130.24
2368.96	126.093
2370.89	122.009
2372.82	117.705
2374.75	113.496
2376.68	109.879
2378.61	106.965
2380.54	104.457
2382.47	102.211
2384.4	100.471
2386.33	99.3491
2388.26	98.6292
2390.18	98.1801
2392.11	98.0398
2394.04	98.0564
2395.97	97.9811
2397.9	97.8487
2399.83	97.8382
2401.76	97.9255
2403.69	97.9794
2405.62	98.0113
2407.55	98.0739
2409.48	98.0792
2411.4	97.9552
2413.33	97.8195
2415.26	97.7938
2417.19	97.8319
2419.12	97.8559
2421.05	97.8746
2422.98	97.9148
2424.91	97.9653
2426.84	97.9856
2428.77	97.9501
2430.7	97.8979
2432.62	97.9038
2434.55	97.9912
2436.48	98.0929
2438.41	98.1184
2440.34	98.0882
2442.27	98.0921
2444.2	98.0928
2446.13	97.9979
2448.06	97.8675
2449.99	97.7988
2451.92	97.7929
2453.85	97.8653
2455.77	97.9984
2457.7	98.0655
2459.63	98.0457
2461.56	98.0456
2463.49	98.0579
2465.42	98.031
2467.35	98.0096
2469.28	97.9902
2471.21	97.928
2473.14	97.8799
2475.07	97.8753
2476.99	97.8613
2478.92	97.8756
2480.85	97.9689
2482.78	98.0468
2484.71	98.0528
2486.64	98.0883
2488.57	98.1676
2490.5	98.1355
2492.43	97.9751
2494.36	97.9175
2496.29	98.074
2498.22	98.2349
2500.14	98.2197
2502.07	98.1253
2504	98.0762
2505.93	98.0655
2507.86	98.089
2509.79	98.159
2511.72	98.2481
2513.65	98.3185
2515.58	98.3047
2517.51	98.1789
2519.44	98.0521
2521.36	97.9934
2523.29	97.9333
2525.22	97.9072
2527.15	98.0156
2529.08	98.1526
2531.01	98.1853
2532.94	98.1884
2534.87	98.2292
2536.8	98.2531
2538.73	98.2292
2540.66	98.1465
2542.58	98.0105
2544.51	97.909
2546.44	97.8698
2548.37	97.7847
2550.3	97.6404
2552.23	97.6103
2554.16	97.7987
2556.09	98.0222
2558.02	97.995
2559.95	97.7739
2561.88	97.7362
2563.81	97.9695
2565.73	98.1234
2567.66	98.022
2569.59	97.8852
2571.52	97.8607
2573.45	97.8443
2575.38	97.7566
2577.31	97.6682
2579.24	97.6658
2581.17	97.7039
2583.1	97.6689
2585.03	97.6067
2586.95	97.6489
2588.88	97.7115
2590.81	97.6506
2592.74	97.5826
2594.67	97.6314
2596.6	97.6594
2598.53	97.5754
2600.46	97.5012
2602.39	97.4754
2604.32	97.3976
2606.25	97.2666
2608.18	97.2024
2610.1	97.2816
2612.03	97.4294
2613.96	97.4694
2615.89	97.3426
2617.82	97.177
2619.75	97.0703
2621.68	97.0056
2623.61	96.9863
2625.54	97.0312
2627.47	97.0981
2629.4	97.1331
2631.32	97.1177
2633.25	97.0783
2635.18	97.0653
2637.11	97.0541
2639.04	96.9694
2640.97	96.8369
2642.9	96.7262
2644.83	96.6258
2646.76	96.5453
2648.69	96.5407
2650.62	96.574
2652.54	96.5838
2654.47	96.6065
2656.4	96.6437
2658.33	96.6197
2660.26	96.5458
2662.19	96.489
2664.12	96.4328
2666.05	96.3565
2667.98	96.3132
2669.91	96.3195
2671.84	96.3223
2673.77	96.3022
2675.69	96.2945
2677.62	96.3346
2679.55	96.4143
2681.48	96.4614
2683.41	96.4192
2685.34	96.3579
2687.27	96.3749
2689.2	96.4118
2691.13	96.3537
2693.06	96.25
2694.99	96.2239
2696.91	96.2431
2698.84	96.2073
2700.77	96.1697
2702.7	96.2301
2704.63	96.3174
2706.56	96.3067
2708.49	96.2178
2710.42	96.126
2712.35	96.0512
2714.28	96.0266
2716.21	96.0715
2718.14	96.0993
2720.06	96.0472
2721.99	95.9927
2723.92	95.9864
2725.85	95.954
2727.78	95.8755
2729.71	95.8478
2731.64	95.8972
2733.57	95.926
2735.5	95.8759
2737.43	95.794
2739.36	95.7351
2741.28	95.7111
2743.21	95.7232
2745.14	95.766
2747.07	95.8005
2749	95.7778
2750.93	95.7029
2752.86	95.6481
2754.79	95.6652
2756.72	95.7137
2758.65	95.7417
2760.58	95.7661
2762.51	95.7874
2764.43	95.7493
2766.36	95.6679
2768.29	95.6326
2770.22	95.6435
2772.15	95.628
2774.08	95.5827
2776.01	95.5466
2777.94	95.5251
2779.87	95.5162
2781.8	95.5054
2783.73	95.4573
2785.65	95.382
2787.58	95.3293
2789.51	95.3212
2791.44	95.3639
2793.37	95.4382
2795.3	95.4647
2797.23	95.4143
2799.16	95.3818
2801.09	95.4344
2803.02	95.4959
2804.95	95.4423
2806.87	95.2483
2808.8	95.0438
2810.73	94.9767
2812.66	95.001
2814.59	94.9663
2816.52	94.8775
2818.45	94.8214
2820.38	94.7556
2822.31	94.5987
2824.24	94.3723
2826.17	94.145
2828.1	93.9729
2830.02	93.8687
2831.95	93.7625
2833.88	93.5688
2835.81	93.2722
2837.74	92.9369
2839.67	92.6997
2841.6	92.6392
2843.53	92.6012
2845.46	92.3854
2847.39	92.0457
2849.32	91.7171
2851.24	91.3369
2853.17	90.8109
2855.1	90.2153
2857.03	89.6562
2858.96	89.1055
2860.89	88.4609
2862.82	87.7576
2864.75	87.2237
2866.68	86.9597
2868.61	86.7341
2870.54	86.3779
2872.47	86.1
2874.39	86.1115
2876.32	86.3077
2878.25	86.5535
2880.18	86.9015
2882.11	87.3581
2884.04	87.7569
2885.97	87.9789
2887.9	88.0661
2889.83	88.0716
2891.76	88.0059
2893.69	87.9284
2895.61	87.881
2897.54	87.797
2899.47	87.6542
2901.4	87.5321
2903.33	87.4398
2905.26	87.3793
2907.19	87.4442
2909.12	87.5452
2911.05	87.4332
2912.98	87.1709
2914.91	86.9933
2916.83	86.8058
2918.76	86.4491
2920.69	86.0549
2922.62	85.6652
2924.55	85.1296
2926.48	84.5406
2928.41	84.1496
2930.34	83.96
2932.27	83.8126
2934.2	83.7068
2936.13	83.8335
2938.06	84.2915
2939.98	84.852
2941.91	85.2149
2943.84	85.3921
2945.77	85.4884
2947.7	85.3782
2949.63	84.9701
2951.56	84.4374
2953.49	83.9263
2955.42	83.3883
2957.35	82.8786
2959.28	82.7237
2961.2	83.1461
2963.13	83.9588
2965.06	84.9779
2966.99	86.3516
2968.92	87.9778
2970.85	89.2394
2972.78	89.8894
2974.71	90.34
2976.64	90.8535
2978.57	91.4299
2980.5	92.1797
2982.43	92.9903
2984.35	93.4727
2986.28	93.6835
2988.21	94.054
2990.14	94.5671
2992.07	94.8882
2994	95.0746
2995.93	95.3737
2997.86	95.6851
2999.79	95.8467
3001.72	96.0351
3003.65	96.363
3005.57	96.5811
3007.5	96.5869
3009.43	96.6423
3011.36	96.8578
3013.29	97.063
3015.22	97.1788
3017.15	97.2246
3019.08	97.1635
3021.01	97.0466
3022.94	97.0526
3024.87	97.2637
3026.79	97.5214
3028.72	97.5549
3030.65	97.344
3032.58	97.1816
3034.51	97.1811
3036.44	97.123
3038.37	96.9453
3040.3	96.8383
3042.23	96.8469
3044.16	96.868
3046.09	96.8644
3048.02	96.833
3049.94	96.7647
3051.87	96.6397
3053.8	96.4809
3055.73	96.5045
3057.66	96.8523
3059.59	97.1681
3061.52	97.0656
3063.45	96.7701
3065.38	96.6427
3067.31	96.6158
3069.24	96.5795
3071.16	96.6514
3073.09	96.7853
3075.02	96.7349
3076.95	96.5147
3078.88	96.4114
3080.81	96.5209
3082.74	96.6241
3084.67	96.5731
3086.6	96.5274
3088.53	96.6351
3090.46	96.7278
3092.39	96.5946
3094.31	96.3434
3096.24	96.2033
3098.17	96.1758
3100.1	96.1448
3102.03	96.1184
3103.96	96.1367
3105.89	96.1356
3107.82	96.0593
3109.75	95.9897
3111.68	96.0484
3113.61	96.1885
3115.53	96.2076
3117.46	96.0362
3119.39	95.8253
3121.32	95.6869
3123.25	95.6213
3125.18	95.677
3127.11	95.8515
3129.04	95.9476
3130.97	95.8387
3132.9	95.7054
3134.83	95.7754
3136.75	95.9815
3138.68	96.067
3140.61	95.9279
3142.54	95.6943
3144.47	95.5079
3146.4	95.4143
3148.33	95.4845
3150.26	95.7468
3152.19	95.9901
3154.12	95.963
3156.05	95.7363
3157.98	95.5393
3159.9	95.3737
3161.83	95.186
3163.76	95.1679
3165.69	95.4174
3167.62	95.6225
3169.55	95.5378
3171.48	95.3716
3173.41	95.346
3175.34	95.3901
3177.27	95.4409
3179.2	95.5218
3181.12	95.5277
3183.05	95.3495
3184.98	95.0892
3186.91	94.9324
3188.84	94.9355
3190.77	94.9843
3192.7	94.9627
3194.63	94.9635
3196.56	95.0893
3198.49	95.1503
3200.42	95.0253
3202.35	94.9597
3204.27	94.9997
3206.2	94.8336
3208.13	94.5083
3210.06	94.3921
3211.99	94.4622
3213.92	94.5073
3215.85	94.5861
3217.78	94.672
3219.71	94.5795
3221.64	94.4462
3223.57	94.4937
3225.49	94.5456
3227.42	94.428
3229.35	94.3383
3231.28	94.4257
3233.21	94.537
3235.14	94.5065
3237.07	94.3087
3239	94.0123
3240.93	93.7701
3242.86	93.6843
3244.79	93.6734
3246.72	93.631
3248.64	93.5994
3250.57	93.6357
3252.5	93.6808
3254.43	93.6796
3256.36	93.6648
3258.29	93.651
3260.22	93.5907
3262.15	93.482
3264.08	93.4179
3266.01	93.4482
3267.94	93.4405
3269.86	93.2628
3271.79	93.028
3273.72	92.8894
3275.65	92.8029
3277.58	92.7567
3279.51	92.8389
3281.44	92.9263
3283.37	92.8478
3285.3	92.7601
3287.23	92.8062
3289.16	92.7599
3291.08	92.4597
3293.01	92.1316
3294.94	92.0085
3296.87	92.0725
3298.8	92.2346
3300.73	92.402
3302.66	92.4066
3304.59	92.18
3306.52	91.9456
3308.45	91.9535
3310.38	92.0985
3312.31	92.0929
3314.23	91.9116
3316.16	91.7564
3318.09	91.7301
3320.02	91.7897
3321.95	91.8816
3323.88	91.9726
3325.81	91.9866
3327.74	91.8263
3329.67	91.5638
3331.6	91.452
3333.53	91.5401
3335.45	91.5689
3337.38	91.4634
3339.31	91.4582
3341.24	91.5552
3343.17	91.4807
3345.1	91.2636
3347.03	91.1932
3348.96	91.2554
3350.89	91.2505
3352.82	91.2065
3354.75	91.2257
3356.68	91.2949
3358.6	91.3852
3360.53	91.4335
3362.46	91.365
3364.39	91.251
3366.32	91.1696
3368.25	91.058
3370.18	90.9395
3372.11	90.9275
3374.04	90.9799
3375.97	91.0393
3377.9	91.1427
3379.82	91.205
3381.75	91.1575
3383.68	91.1568
3385.61	91.2455
3387.54	91.2315
3389.47	91.1051
3391.4	91.0628
3393.33	91.1423
3395.26	91.1841
3397.19	91.0788
3399.12	90.94
3401.04	90.9946
3402.97	91.24
3404.9	91.4198
3406.83	91.4122
3408.76	91.3002
3410.69	91.1191
3412.62	90.9555
3414.55	91.0096
3416.48	91.2137
3418.41	91.2459
3420.34	91.1056
3422.27	91.1174
3424.19	91.3037
3426.12	91.4073
3428.05	91.3967
3429.98	91.3739
3431.91	91.2725
3433.84	91.0519
3435.77	90.894
3437.7	90.9364
3439.63	91.096
3441.56	91.2674
3443.49	91.4479
3445.41	91.6646
3447.34	91.8958
3449.27	92.0114
3451.2	91.8816
3453.13	91.6264
3455.06	91.5296
3456.99	91.6587
3458.92	91.8293
3460.85	91.9041
3462.78	91.8402
3464.71	91.6618
3466.64	91.5188
3468.56	91.4976
3470.49	91.4852
3472.42	91.4399
3474.35	91.4746
3476.28	91.5711
3478.21	91.6014
3480.14	91.5659
3482.07	91.5451
3484	91.606
3485.93	91.7485
3487.86	91.8177
3489.78	91.7379
3491.71	91.7206
3493.64	91.801
3495.57	91.6667
3497.5	91.3435
3499.43	91.2366
3501.36	91.3192
3503.29	91.273
3505.22	91.2348
3507.15	91.4268
3509.08	91.5494
3511	91.3464
3512.93	91.1485
3514.86	91.2457
3516.79	91.3963
3518.72	91.3429
3520.65	91.289
3522.58	91.5047
3524.51	91.8307
3526.44	91.9154
3528.37	91.6857
3530.3	91.372
3532.23	91.3317
3534.15	91.7053
3536.08	92.0889
3538.01	91.9818
3539.94	91.6324
3541.87	91.5884
3543.8	91.7684
3545.73	91.8207
3547.66	91.8981
3549.59	92.2644
3551.52	92.691
3553.45	92.8331
3555.37	92.7611
3557.3	92.7991
3559.23	93.0138
3561.16	93.2451
3563.09	93.4901
3565.02	93.8592
3566.95	94.1075
3568.88	93.9
3570.81	93.617
3572.74	93.6751
3574.67	94.0155
3576.6	94.3941
3578.52	94.6951
3580.45	94.9183
3582.38	95.0476
3584.31	95.1641
3586.24	95.4883
3588.17	96.0181
3590.1	96.3292
3592.03	96.3908
3593.96	96.6048
3595.89	97.0804
3597.82	97.4126
3599.74	97.3579
3601.67	97.1682
3603.6	97.2107
3605.53	97.4884
3607.46	97.6527
3609.39	97.4639
3611.32	97.147
3613.25	96.9725
3615.18	97.0459
3617.11	97.4427
3619.04	97.9069
3620.97	97.9801
3622.89	97.9651
3624.82	98.4091
3626.75	99.1559
3628.68	99.5063
3630.61	99.1432
3632.54	98.537
3634.47	97.9054
3636.4	97.4616
3638.33	97.3821
3640.26	97.4169
3642.19	97.2936
3644.11	97.0964
3646.04	97.1314
3647.97	97.6921
3649.9	98.3598
3651.83	98.2684
3653.76	97.9276
3655.69	97.839
3657.62	97.7707
3659.55	97.5523
3661.48	97.4255
3663.41	97.4125
3665.33	97.4202
3667.26	97.5723
3669.19	97.772
3671.12	97.6945
3673.05	97.798
3674.98	98.5345
3676.91	98.9972
3678.84	98.5144
3680.77	97.994
3682.7	97.9006
3684.63	98.0894
3686.56	98.5031
3688.48	99.1275
3690.41	99.4193
3692.34	99.0852
3694.27	98.6944
3696.2	98.6121
3698.13	98.7732
3700.06	98.9115
3701.99	98.8787
3703.92	98.8512
3705.85	99.0819
3707.78	99.5867
3709.7	100.035
3711.63	99.6868
3713.56	98.6786
3715.49	98.2145
3717.42	98.5862
3719.35	99.1504
3721.28	99.3481
3723.21	99.4331
3725.14	99.5968
3727.07	99.5042
3729	99.2899
3730.93	99.385
3732.85	99.7847
3734.78	100.212
3736.71	100.351
3738.64	99.9856
3740.57	99.341
3742.5	98.7647
3744.43	98.5073
3746.36	98.5756
3748.29	98.7173
3750.22	98.7419
3752.15	98.4715
3754.07	98.0842
3756	97.8739
3757.93	97.8613
3759.86	97.8758
3761.79	97.7713
3763.72	97.7085
3765.65	97.824
3767.58	97.877
3769.51	97.593
3771.44	97.2027
3773.37	97.1225
3775.29	97.3789
3777.22	97.6803
3779.15	97.693
3781.08	97.4563
3783.01	97.3258
3784.94	97.3731
3786.87	97.4371
3788.8	97.4289
3790.73	97.3509
3792.66	97.2952
3794.59	97.4062
3796.52	97.6334
3798.44	97.7793
3800.37	97.85
3802.3	97.9504
3804.23	98.046
3806.16	98.0204
3808.09	97.7577
3810.02	97.4389
3811.95	97.3711
3813.88	97.4913
3815.81	97.6078
3817.74	97.8041
3819.66	98.1122
3821.59	98.174
3823.52	97.9587
3825.45	97.8322
3827.38	97.8237
3829.31	97.8955
3831.24	98.0477
3833.17	98.0975
3835.1	98.0644
3837.03	98.2103
3838.96	98.2733
3840.89	97.9317
3842.81	97.6353
3844.74	97.558
3846.67	97.4391
3848.6	97.3487
3850.53	97.4848
3852.46	97.7707
3854.39	98.048
3856.32	98.1862
3858.25	98.0525
3860.18	97.833
3862.11	97.8765
3864.03	98.0441
3865.96	97.8938
3867.89	97.6705
3869.82	97.7544
3871.75	97.9049
3873.68	97.8564
3875.61	97.7598
3877.54	97.6701
3879.47	97.5514
3881.4	97.5227
3883.33	97.6469
3885.25	97.7831
3887.18	97.8233
3889.11	97.7878
3891.04	97.6931
3892.97	97.5593
3894.9	97.4969
3896.83	97.5684
3898.76	97.6963
3900.69	97.7719
3902.62	97.8216
3904.55	97.8189
3906.48	97.6051
3908.4	97.3078
3910.33	97.1867
3912.26	97.2455
3914.19	97.3402
3916.12	97.4439
3918.05	97.4939
3919.98	97.3573
3921.91	97.1958
3923.84	97.2229
3925.77	97.2966
3927.7	97.2463
3929.62	97.2581
3931.55	97.434
3933.48	97.4677
3935.41	97.2235
3937.34	97.0301
3939.27	97.0807
3941.2	97.186
3943.13	97.1896
3945.06	97.2407
3946.99	97.4073
3948.92	97.4686
3950.85	97.2901
3952.77	97.0571
3954.7	96.9537
3956.63	96.9401
3958.56	96.9237
3960.49	96.942
3962.42	97.0487
3964.35	97.134
3966.28	97.0828
3968.21	96.9896
3970.14	97.0087
3972.07	97.1296
3973.99	97.2141
3975.92	97.1508
3977.85	96.9963
3979.78	96.951
3981.71	97.0451
3983.64	97.0656
3985.57	96.9771
3987.5	96.9799
3989.43	97.0621
3991.36	97.0638
3993.29	97.063
3995.22	97.1534
3997.14	97.1834
