499.643	80.87
501.572	80.0292
503.501	79.0372
505.43	78.5143
507.36	78.7204
509.289	79.8607
511.218	81.3819
513.147	82.1039
515.076	81.9576
517.005	81.8226
518.934	81.6965
520.863	81.1915
522.792	81.037
524.722	81.8043
526.651	82.5195
528.58	82.1888
530.509	81.398
532.438	80.9439
534.367	80.9053
536.296	81.1569
538.225	81.5272
540.155	81.7334
542.084	81.7797
544.013	81.8986
545.942	81.9901
547.871	81.7735
549.8	81.3699
551.729	81.1369
553.658	81.0902
555.588	80.9834
557.517	80.8677
559.446	81.0092
561.375	81.2792
563.304	81.3173
565.233	81.1538
567.162	81.0185
569.091	80.9613
571.021	81.05
572.95	81.3332
574.879	81.5658
576.808	81.5027
578.737	81.2799
580.666	81.1541
582.595	81.1352
584.524	81.0455
586.454	80.9094
588.383	81.0703
590.312	81.5555
592.241	81.7277
594.17	81.2673
596.099	80.799
598.028	80.7687
599.957	80.8238
601.887	80.6478
603.816	80.418
605.745	80.2909
607.674	80.2326
609.603	80.1861
611.532	80.0706
613.461	80.0386
615.39	80.4602
617.32	81.1191
619.249	81.2524
621.178	80.897
623.107	80.7487
625.036	80.8939
626.965	80.9839
628.894	81.0651
630.823	81.3331
632.753	81.7235
634.682	82.1413
636.611	82.5365
638.54	82.8384
640.469	83.15
642.398	83.6415
644.327	84.2768
646.256	84.9501
648.186	85.5296
650.115	85.8239
652.044	85.9405
653.973	86.0507
655.902	85.9543
657.831	85.6582
659.76	85.4041
661.689	85.0495
663.619	84.7919
665.548	85.66
667.477	88.2787
669.406	89.6399
671.335	88.2755
673.264	87.2527
675.193	87.1789
677.122	87.3588
679.052	87.5814
680.981	87.9965
682.91	88.3083
684.839	88.3766
686.768	88.4201
688.697	88.3826
690.626	88.148
692.555	87.8694
694.485	87.6529
696.414	87.5023
698.343	87.4436
700.272	87.3784
702.201	87.1799
704.13	86.9622
706.059	86.8675
707.988	86.8167
709.917	86.7462
711.847	86.7047
713.776	86.6594
715.705	86.6259
717.634	86.7473
719.563	86.911
721.492	86.7576
723.421	86.2979
725.35	85.8487
727.28	85.4557
729.209	84.9625
731.138	84.3569
733.067	83.7073
734.996	83.0488
736.925	82.5107
738.854	82.2783
740.783	82.3199
742.713	82.3887
744.642	82.3738
746.571	82.3721
748.5	82.3998
750.429	82.3955
752.358	82.4514
754.287	82.6728
756.216	82.9587
758.146	83.205
760.075	83.4632
762.004	83.7549
763.933	84.0183
765.862	84.2354
767.791	84.4024
769.72	84.4926
771.649	84.5446
773.579	84.6315
775.508	84.7426
777.437	84.8144
779.366	84.8335
781.295	84.8258
783.224	84.7696
785.153	84.5943
787.082	84.2891
789.012	83.9322
790.941	83.5591
792.87	83.0789
794.799	82.33
796.728	81.1076
798.657	79.0836
800.586	75.8177
802.515	71.1762
804.445	66.0022
806.374	62.0859
808.303	61.0037
810.232	62.9971
812.161	67.0966
814.09	71.9936
816.019	76.5442
817.948	79.9616
819.878	82.0428
821.807	83.0756
823.736	83.4654
825.665	83.5395
827.594	83.5095
829.523	83.4247
831.452	83.2136
833.381	82.8108
835.311	82.2402
837.24	81.5779
839.169	80.8476
841.098	80.038
843.027	79.2626
844.956	78.7683
846.885	78.714
848.814	79.0498
850.744	79.619
852.673	80.2654
854.602	80.8477
856.531	81.2805
858.46	81.5845
860.389	81.8172
862.318	81.9777
864.247	82.0485
866.177	82.0635
868.106	82.0592
870.035	82.0388
871.964	82.0118
873.893	81.9766
875.822	81.8938
877.751	81.7643
879.68	81.6573
881.609	81.5988
883.539	81.5304
885.468	81.403
887.397	81.2258
889.326	81.0211
891.255	80.7961
893.184	80.5541
895.113	80.2915
897.042	80.0061
898.972	79.7491
900.901	79.6268
902.83	79.6825
904.759	79.8096
906.688	79.8568
908.617	79.784
910.546	79.6442
912.475	79.4698
914.405	79.2601
916.334	79.0283
918.263	78.7824
920.192	78.5036
922.121	78.1947
924.05	77.9034
925.979	77.6533
927.908	77.3979
929.838	77.0786
931.767	76.6856
933.696	76.242
935.625	75.7613
937.554	75.2359
939.483	74.6487
941.412	73.9811
943.341	73.1921
945.271	72.2116
947.2	71.0373
949.129	69.8331
951.058	68.8044
952.987	67.9507
954.916	67.0482
956.845	65.8688
958.774	64.3486
960.704	62.6109
962.633	60.906
964.562	59.4643
966.491	58.3608
968.42	57.5422
970.349	56.9079
972.278	56.308
974.207	55.5766
976.137	54.6518
978.066	53.6233
979.995	52.6842
981.924	52.0733
983.853	51.9681
985.782	52.3698
987.711	53.1491
989.64	54.1884
991.57	55.4088
993.499	56.6881
995.428	57.8308
997.357	58.6518
999.286	59.0906
1001.22	59.2036
1003.14	59.0591
1005.07	58.7439
1007	58.4416
1008.93	58.332
1010.86	58.4197
1012.79	58.5758
1014.72	58.6636
1016.65	58.5509
1018.58	58.141
1020.51	57.449
1022.44	56.5599
1024.36	55.5846
1026.29	54.7501
1028.22	54.3313
1030.15	54.3239
1032.08	54.3599
1034.01	54.0928
1035.94	53.4978
1037.87	52.7181
1039.8	51.845
1041.73	50.9464
1043.66	50.11
1045.58	49.3599
1047.51	48.6229
1049.44	47.7983
1051.37	46.8323
1053.3	45.7945
1055.23	44.9166
1057.16	44.4809
1059.09	44.6407
1061.02	45.3618
1062.95	46.4954
1064.88	47.883
1066.81	49.467
1068.73	51.32
1070.66	53.5222
1072.59	56.0424
1074.52	58.7566
1076.45	61.4862
1078.38	64.0173
1080.31	66.2012
1082.24	68.0072
1084.17	69.4169
1086.1	70.363
1088.03	70.8087
1089.95	70.7843
1091.88	70.3439
1093.81	69.5558
1095.74	68.5204
1097.67	67.3555
1099.6	66.1624
1101.53	65.0124
1103.46	63.9526
1105.39	62.9913
1107.32	62.1134
1109.25	61.3652
1111.18	60.86
1113.1	60.6447
1115.03	60.6585
1116.96	60.8295
1118.89	61.0925
1120.82	61.3424
1122.75	61.4718
1124.68	61.3984
1126.61	61.0054
1128.54	60.1368
1130.47	58.6836
1132.4	56.6291
1134.32	54.0402
1136.25	51.0838
1138.18	48.0168
1140.11	45.0846
1142.04	42.4581
1143.97	40.283
1145.9	38.6567
1147.83	37.5207
1149.76	36.7303
1151.69	36.2258
1153.62	35.9967
1155.55	35.9653
1157.47	36.0621
1159.4	36.3115
1161.33	36.7277
1163.26	37.2442
1165.19	37.811
1167.12	38.4337
1169.05	39.1026
1170.98	39.7861
1172.91	40.4681
1174.84	41.1438
1176.77	41.8315
1178.69	42.5773
1180.62	43.3969
1182.55	44.2667
1184.48	45.187
1186.41	46.182
1188.34	47.2618
1190.27	48.43
1192.2	49.6962
1194.13	51.0674
1196.06	52.5427
1197.99	54.1093
1199.91	55.738
1201.84	57.3678
1203.77	58.9042
1205.7	60.3141
1207.63	61.6653
1209.56	63.0001
1211.49	64.3917
1213.42	66.0747
1215.35	67.9804
1217.28	69.3283
1219.21	69.5893
1221.14	69.4699
1223.06	69.8639
1224.99	70.6818
1226.92	71.3303
1228.85	71.5426
1230.78	71.2938
1232.71	70.5689
1234.64	69.4806
1236.57	68.2147
1238.5	66.8936
1240.43	65.6026
1242.36	64.3954
1244.28	63.2784
1246.21	62.2464
1248.14	61.3028
1250.07	60.4897
1252	59.8808
1253.93	59.4848
1255.86	59.2511
1257.79	59.1837
1259.72	59.3019
1261.65	59.5569
1263.58	59.9204
1265.51	60.4361
1267.43	61.1246
1269.36	61.9629
1271.29	62.9411
1273.22	64.0385
1275.15	65.18
1277.08	66.2861
1279.01	67.341
1280.94	68.3612
1282.87	69.3197
1284.8	70.1588
1286.73	70.8109
1288.65	71.1599
1290.58	71.1471
1292.51	70.969
1294.44	71.0161
1296.37	71.5997
1298.3	72.7825
1300.23	74.414
1302.16	76.2595
1304.09	78.0858
1306.02	79.6955
1307.95	80.9925
1309.87	82.0205
1311.8	82.8476
1313.73	83.4667
1315.66	83.8812
1317.59	84.1638
1319.52	84.3703
1321.45	84.4937
1323.38	84.5385
1325.31	84.5795
1327.24	84.6955
1329.17	84.8831
1331.1	85.1224
1333.02	85.44
1334.95	85.8395
1336.88	86.3008
1338.81	86.8139
1340.74	87.331
1342.67	87.8292
1344.6	88.3658
1346.53	88.9608
1348.46	89.553
1350.39	90.0475
1352.32	90.3502
1354.24	90.4385
1356.17	90.4194
1358.1	90.4402
1360.03	90.6165
1361.96	91.0192
1363.89	91.4489
1365.82	91.5179
1367.75	91.1547
1369.68	90.6593
1371.61	90.2782
1373.54	89.7681
1375.47	88.8606
1377.39	87.8915
1379.32	87.0871
1381.25	86.2674
1383.18	85.4471
1385.11	84.6367
1387.04	83.5361
1388.97	82.2332
1390.9	81.1505
1392.83	80.2065
1394.76	79.203
1396.69	78.0124
1398.61	76.3431
1400.54	74.2285
1402.47	71.9594
1404.4	69.6945
1406.33	68.1648
1408.26	68.2224
1410.19	69.875
1412.12	72.7416
1414.05	75.918
1415.98	78.9007
1417.91	81.9991
1419.83	84.7137
1421.76	86.3594
1423.69	87.452
1425.62	88.2706
1427.55	88.7207
1429.48	88.8272
1431.41	88.6953
1433.34	88.4997
1435.27	88.2748
1437.2	87.8346
1439.13	87.1993
1441.06	86.4945
1442.98	85.6719
1444.91	84.8268
1446.84	84.0784
1448.77	83.3324
1450.7	82.6962
1452.63	82.4614
1454.56	82.6663
1456.49	82.9676
1458.42	82.5508
1460.35	81.811
1462.28	81.4016
1464.2	81.1693
1466.13	80.9426
1468.06	81.0085
1469.99	81.6616
1471.92	82.8929
1473.85	84.1186
1475.78	85.0015
1477.71	86.0205
1479.64	87.3104
1481.57	88.6926
1483.5	90.0092
1485.43	91.2559
1487.35	92.5504
1489.28	93.6755
1491.21	94.1343
1493.14	94.3174
1495.07	94.7367
1497	95.2457
1498.93	95.4066
1500.86	95.3687
1502.79	95.5215
1504.72	96.0481
1506.65	96.7344
1508.57	96.5773
1510.5	96.0062
1512.43	95.8301
1514.36	96.0606
1516.29	96.44
1518.22	96.785
1520.15	97.0792
1522.08	97.2122
1524.01	97.1474
1525.94	96.9512
1527.87	96.6961
1529.8	96.5779
1531.72	96.6849
1533.65	96.8233
1535.58	96.8599
1537.51	97.0797
1539.44	97.661
1541.37	97.9434
1543.3	97.4598
1545.23	96.9555
1547.16	96.7248
1549.09	96.7144
1551.02	96.758
1552.94	96.7742
1554.87	96.9547
1556.8	97.4735
1558.73	97.8145
1560.66	97.2413
1562.59	96.6513
1564.52	96.4409
1566.45	96.5054
1568.38	96.5966
1570.31	96.4179
1572.24	96.2094
1574.16	96.3093
1576.09	96.4958
1578.02	96.2932
1579.95	95.9519
1581.88	95.7802
1583.81	95.6865
1585.74	95.563
1587.67	95.4591
1589.6	95.4245
1591.53	95.4104
1593.46	95.3481
1595.39	95.2274
1597.31	95.0705
1599.24	94.9091
1601.17	94.7498
1603.1	94.5169
1605.03	94.1889
1606.96	93.8374
1608.89	93.3079
1610.82	92.4592
1612.75	91.6405
1614.68	91.0604
1616.61	90.5017
1618.53	90.0421
1620.46	90.0414
1622.39	90.3881
1624.32	90.6337
1626.25	90.5353
1628.18	90.0699
1630.11	89.2276
1632.04	88.4356
1633.97	88.2499
1635.9	88.8736
1637.83	89.7987
1639.76	90.7691
1641.68	91.873
1643.61	92.9375
1645.54	93.8332
1647.47	94.3442
1649.4	94.4565
1651.33	94.6415
1653.26	94.8775
1655.19	94.4712
1657.12	93.971
1659.05	93.8051
1660.98	93.7815
1662.9	93.5683
1664.83	93.2553
1666.76	93.21
1668.69	93.373
1670.62	93.2204
1672.55	92.7773
1674.48	92.3326
1676.41	91.6057
1678.34	90.7735
1680.27	90.3103
1682.2	89.9607
1684.12	89.1159
1686.05	87.8835
1687.98	86.5772
1689.91	85.1644
1691.84	83.7543
1693.77	82.2234
1695.7	80.439
1697.63	78.3806
1699.56	75.3773
1701.49	71.6309
1703.42	68.3906
1705.35	65.1922
1707.27	61.419
1709.2	57.9904
1711.13	55.3965
1713.06	53.2061
1714.99	51.432
1716.92	49.8106
1718.85	47.7923
1720.78	46.3672
1722.71	45.9863
1724.64	46.2423
1726.57	47.1684
1728.49	48.7822
1730.42	50.7791
1732.35	53.4908
1734.28	57.0862
1736.21	60.2676
1738.14	63.0238
1740.07	66.2461
1742	69.7387
1743.93	72.9539
1745.86	76.1843
1747.79	79.7049
1749.72	83.2908
1751.64	86.5097
1753.57	89.1968
1755.5	91.601
1757.43	93.9227
1759.36	95.8608
1761.29	97.084
1763.22	97.7093
1765.15	97.9203
1767.08	97.9508
1769.01	98.1936
1770.94	98.6235
1772.86	98.6497
1774.79	98.2464
1776.72	97.8945
1778.65	97.7244
1780.58	97.6713
1782.51	97.609
1784.44	97.4957
1786.37	97.4716
1788.3	97.6036
1790.23	97.8212
1792.16	97.9594
1794.08	97.7758
1796.01	97.4493
1797.94	97.3247
1799.87	97.3695
1801.8	97.3193
1803.73	97.1734
1805.66	97.0912
1807.59	97.1169
1809.52	97.2069
1811.45	97.2287
1813.38	97.1566
1815.31	97.141
1817.23	97.1676
1819.16	97.1287
1821.09	97.1589
1823.02	97.3574
1824.95	97.5384
1826.88	97.5989
1828.81	97.6254
1830.74	97.5647
1832.67	97.4208
1834.6	97.3967
1836.53	97.5229
1838.45	97.6197
1840.38	97.6531
1842.31	97.7501
1844.24	97.842
1846.17	97.7995
1848.1	97.803
1850.03	97.899
1851.96	97.8606
1853.89	97.6792
1855.82	97.5847
1857.75	97.6095
1859.68	97.6694
1861.6	97.7994
1863.53	98.0097
1865.46	98.2234
1867.39	98.345
1869.32	98.2843
1871.25	98.169
1873.18	98.1742
1875.11	98.1928
1877.04	98.0897
1878.97	97.9676
1880.9	97.9339
1882.82	97.9495
1884.75	98.0268
1886.68	98.1998
1888.61	98.3289
1890.54	98.2509
1892.47	98.1046
1894.4	98.1293
1896.33	98.302
1898.26	98.4432
1900.19	98.4892
1902.12	98.4425
1904.05	98.336
1905.97	98.3498
1907.9	98.5724
1909.83	98.7594
1911.76	98.7213
1913.69	98.6837
1915.62	98.8402
1917.55	98.9997
1919.48	98.9646
1921.41	98.952
1923.34	99.1544
1925.27	99.3232
1927.19	99.2045
1929.12	98.9671
1931.05	98.8839
1932.98	99.0082
1934.91	99.2358
1936.84	99.4389
1938.77	99.5608
1940.7	99.6812
1942.63	99.8607
1944.56	99.952
1946.49	99.789
1948.41	99.4872
1950.34	99.3484
1952.27	99.4803
1954.2	99.6908
1956.13	99.8528
1958.06	100.006
1959.99	100.11
1961.92	100.145
1963.85	100.247
1965.78	100.412
1967.71	100.445
1969.64	100.353
1971.56	100.351
1973.49	100.488
1975.42	100.598
1977.35	100.562
1979.28	100.438
1981.21	100.269
1983.14	100.004
1985.07	99.7537
1987	99.7769
1988.93	100.109
1990.86	100.491
1992.78	100.66
1994.71	100.581
1996.64	100.42
1998.57	100.339
2000.5	100.362
2002.43	100.372
2004.36	100.261
2006.29	100.084
2008.22	100.011
2010.15	100.037
2012.08	99.9776
2014.01	99.8574
2015.93	99.9186
2017.86	100.201
2019.79	100.461
2021.72	100.54
2023.65	100.525
2025.58	100.558
2027.51	100.659
2029.44	100.748
2031.37	100.752
2033.3	100.649
2035.23	100.47
2037.15	100.254
2039.08	100.022
2041.01	99.8697
2042.94	99.9429
2044.87	100.211
2046.8	100.483
2048.73	100.567
2050.66	100.353
2052.59	100.031
2054.52	99.9525
2056.45	100.008
2058.37	99.7852
2060.3	99.4254
2062.23	99.3565
2064.16	99.4666
2066.09	99.486
2068.02	99.5239
2069.95	99.565
2071.88	99.3947
2073.81	99.2115
2075.74	99.3387
2077.67	99.5769
2079.6	99.6098
2081.52	99.5211
2083.45	99.429
2085.38	99.3107
2087.31	99.3268
2089.24	99.5678
2091.17	99.665
2093.1	99.3695
2095.03	99.1032
2096.96	99.2949
2098.89	99.6744
2100.82	99.7465
2102.74	99.5314
2104.67	99.4115
2106.6	99.4985
2108.53	99.5479
2110.46	99.4533
2112.39	99.3744
2114.32	99.3719
2116.25	99.4068
2118.18	99.5319
2120.11	99.6693
2122.04	99.6375
2123.97	99.5875
2125.89	99.7337
2127.82	99.8173
2129.75	99.6263
2131.68	99.5269
2133.61	99.7829
2135.54	100.111
2137.47	100.312
2139.4	100.435
2141.33	100.327
2143.26	100.003
2145.19	99.9702
2147.11	100.378
2149.04	100.643
2150.97	100.489
2152.9	100.366
2154.83	100.54
2156.76	100.74
2158.69	100.738
2160.62	100.566
2162.55	100.363
2164.48	100.293
2166.41	100.285
2168.33	100.051
2170.26	99.6768
2172.19	99.6531
2174.12	100.052
2176.05	100.385
2177.98	100.407
2179.91	100.339
2181.84	100.313
2183.77	100.235
2185.7	100.135
2187.63	100.157
2189.56	100.271
2191.48	100.311
2193.41	100.261
2195.34	100.258
2197.27	100.335
2199.2	100.378
2201.13	100.295
2203.06	100.071
2204.99	99.7682
2206.92	99.5295
2208.85	99.4396
2210.78	99.5036
2212.7	99.7491
2214.63	100.021
2216.56	99.9486
2218.49	99.5573
2220.42	99.3407
2222.35	99.4215
2224.28	99.4979
2226.21	99.5733
2228.14	99.7566
2230.07	99.7546
2232	99.4563
2233.93	99.3196
2235.85	99.5456
2237.78	99.7131
2239.71	99.5813
2241.64	99.4464
2243.57	99.5419
2245.5	99.7487
2247.43	99.9287
2249.36	100.068
2251.29	100.112
2253.22	100.033
2255.15	99.978
2257.07	100.09
2259	100.295
2260.93	100.447
2262.86	100.476
2264.79	100.416
2266.72	100.421
2268.65	100.546
2270.58	100.52
2272.51	100.202
2274.44	99.9755
2276.37	100.089
2278.29	100.192
2280.22	100.079
2282.15	100.073
2284.08	100.28
2286.01	100.403
2287.94	100.455
2289.87	100.783
2291.8	101.411
2293.73	102.029
2295.66	102.525
2297.59	103.022
2299.52	103.578
2301.44	104.203
2303.37	105.013
2305.3	106.131
2307.23	107.478
2309.16	108.755
2311.09	109.724
2313.02	110.514
2314.95	111.511
2316.88	112.966
2318.81	114.889
2320.74	117.117
2322.66	119.258
2324.59	120.983
2326.52	122.439
2328.45	123.903
2330.38	125.194
2332.31	125.893
2334.24	126.254
2336.17	126.854
2338.1	127.583
2340.03	128.229
2341.96	128.822
2343.89	127.738
2345.81	123.931
2347.74	120.74
2349.67	120.721
2351.6	123.987
2353.53	129.394
2355.46	134.551
2357.39	138.076
2359.32	139.754
2361.25	139.492
2363.18	138.074
2365.11	135.444
2367.03	131.558
2368.96	127.464
2370.89	123.32
2372.82	118.716
2374.75	114.177
2376.68	110.39
2378.61	107.262
2380.54	104.459
2382.47	102.099
2384.4	100.413
2386.33	99.2698
2388.26	98.4783
2390.18	98.0933
2392.11	98.0538
2394.04	98.0342
2395.97	97.912
2397.9	97.837
2399.83	97.8375
2401.76	97.8359
2403.69	97.8528
2405.62	97.9144
2407.55	97.9797
2409.48	98.0107
2411.4	97.9927
2413.33	97.9488
2415.26	97.9146
2417.19	97.8648
2419.12	97.781
2421.05	97.7442
2422.98	97.8175
2424.91	97.9207
2426.84	97.9305
2428.77	97.8406
2430.7	97.7427
2432.62	97.6987
2434.55	97.7143
2436.48	97.7836
2438.41	97.8725
2440.34	97.9377
2442.27	97.9857
2444.2	98.0192
2446.13	97.9955
2448.06	97.9081
2449.99	97.8082
2451.92	97.7535
2453.85	97.7728
2455.77	97.8116
2457.7	97.8029
2459.63	97.81
2461.56	97.8899
2463.49	97.947
2465.42	97.9338
2467.35	97.9126
2469.28	97.8653
2471.21	97.7769
2473.14	97.7274
2475.07	97.6855
2476.99	97.5834
2478.92	97.5582
2480.85	97.7033
2482.78	97.8595
2484.71	97.925
2486.64	97.9666
2488.57	97.9746
2490.5	97.904
2492.43	97.848
2494.36	97.8984
2496.29	97.9851
2498.22	98.001
2500.14	97.979
2502.07	98.0209
2504	98.0892
2505.93	98.0623
2507.86	97.9738
2509.79	97.9601
2511.72	98.0417
2513.65	98.1269
2515.58	98.1192
2517.51	98.012
2519.44	97.9308
2521.36	97.921
2523.29	97.8457
2525.22	97.7292
2527.15	97.7992
2529.08	98.0273
2531.01	98.1668
2532.94	98.1957
2534.87	98.2208
2536.8	98.2059
2538.73	98.1112
2540.66	97.9892
2542.58	97.877
2544.51	97.7985
2546.44	97.7733
2548.37	97.7894
2550.3	97.8547
2552.23	97.9688
2554.16	98.0445
2556.09	97.9911
2558.02	97.8262
2559.95	97.6845
2561.88	97.7309
2563.81	97.9466
2565.73	98.0764
2567.66	97.9846
2569.59	97.8501
2571.52	97.8187
2573.45	97.7894
2575.38	97.6744
2577.31	97.5406
2579.24	97.4697
2581.17	97.5182
2583.1	97.6831
2585.03	97.7811
2586.95	97.6396
2588.88	97.4192
2590.81	97.3936
2592.74	97.5209
2594.67	97.5681
2596.6	97.4928
2598.53	97.4452
2600.46	97.5098
2602.39	97.5875
2604.32	97.544
2606.25	97.4126
2608.18	97.3164
2610.1	97.2828
2612.03	97.292
2613.96	97.3303
2615.89	97.3215
2617.82	97.227
2619.75	97.1295
2621.68	97.0639
2623.61	96.9869
2625.54	96.9311
2627.47	96.9385
2629.4	96.9469
2631.32	96.9038
2633.25	96.8524
2635.18	96.8432
2637.11	96.8601
2639.04	96.8583
2640.97	96.8353
2642.9	96.7982
2644.83	96.7065
2646.76	96.5837
2648.69	96.5508
2650.62	96.607
2652.54	96.6279
2654.47	96.6136
2656.4	96.6215
2658.33	96.5824
2660.26	96.4649
2662.19	96.3714
2664.12	96.3357
2666.05	96.3114
2667.98	96.3157
2669.91	96.3489
2671.84	96.3331
2673.77	96.2541
2675.69	96.1869
2677.62	96.1815
2679.55	96.2323
2681.48	96.2912
2683.41	96.3085
2685.34	96.3171
2687.27	96.3711
2689.2	96.4087
2691.13	96.3487
2693.06	96.2516
2694.99	96.2011
2696.91	96.1634
2698.84	96.1124
2700.77	96.1098
2702.7	96.1501
2704.63	96.1392
2706.56	96.0826
2708.49	96.0683
2710.42	96.068
2712.35	95.995
2714.28	95.9073
2716.21	95.9169
2718.14	95.9787
2720.06	95.9693
2721.99	95.8801
2723.92	95.7793
2725.85	95.7089
2727.78	95.7095
2729.71	95.7867
2731.64	95.8339
2733.57	95.7794
2735.5	95.7312
2737.43	95.7629
2739.36	95.7555
2741.28	95.6582
2743.21	95.619
2745.14	95.6898
2747.07	95.7308
2749	95.6904
2750.93	95.6611
2752.86	95.6603
2754.79	95.6358
2756.72	95.6248
2758.65	95.6796
2760.58	95.7257
2762.51	95.6798
2764.43	95.6092
2766.36	95.6093
2768.29	95.6353
2770.22	95.6124
2772.15	95.571
2774.08	95.5376
2776.01	95.4779
2777.94	95.4187
2779.87	95.406
2781.8	95.3694
2783.73	95.2634
2785.65	95.205
2787.58	95.2654
2789.51	95.3425
2791.44	95.3701
2793.37	95.395
2795.3	95.4107
2797.23	95.3732
2799.16	95.3366
2801.09	95.3617
2803.02	95.387
2804.95	95.3245
2806.87	95.1821
2808.8	95.039
2810.73	94.9717
2812.66	94.9903
2814.59	95.0111
2816.52	94.942
2818.45	94.799
2820.38	94.6669
2822.31	94.5533
2824.24	94.3756
2826.17	94.1206
2828.1	93.9133
2830.02	93.8449
2831.95	93.811
2833.88	93.6292
2835.81	93.2784
2837.74	92.9206
2839.67	92.6938
2841.6	92.5745
2843.53	92.4594
2845.46	92.2918
2847.39	92.0589
2849.32	91.7434
2851.24	91.3368
2853.17	90.8358
2855.1	90.2327
2857.03	89.5676
2858.96	88.9205
2860.89	88.3209
2862.82	87.779
2864.75	87.3603
2866.68	87.0676
2868.61	86.7485
2870.54	86.3281
2872.47	86.0172
2874.39	86.0501
2876.32	86.3393
2878.25	86.6371
2880.18	86.8997
2882.11	87.2226
2884.04	87.5944
2885.97	87.9448
2887.9	88.2047
2889.83	88.2425
2891.76	88.0575
2893.69	87.9145
2895.61	87.9441
2897.54	87.9318
2899.47	87.7575
2901.4	87.5743
2903.33	87.4531
2905.26	87.354
2907.19	87.3315
2909.12	87.3768
2911.05	87.345
2912.98	87.2083
2914.91	87.0284
2916.83	86.7551
2918.76	86.369
2920.69	85.975
2922.62	85.5646
2924.55	85.034
2926.48	84.4659
2928.41	84.0472
2930.34	83.7882
2932.27	83.6188
2934.2	83.6226
2936.13	83.899
2938.06	84.3366
2939.98	84.7427
2941.91	85.0508
2943.84	85.2742
2945.77	85.3948
2947.7	85.3443
2949.63	85.0417
2951.56	84.4992
2953.49	83.829
2955.42	83.1346
2957.35	82.6104
2959.28	82.5831
2961.2	83.0985
2963.13	83.8366
2965.06	84.7577
2966.99	86.1674
2968.92	87.8781
2970.85	89.1548
2972.78	89.7585
2974.71	90.1946
2976.64	90.8411
2978.57	91.5947
2980.5	92.2674
2982.43	92.792
2984.35	93.1871
2986.28	93.5933
2988.21	94.0992
2990.14	94.532
2992.07	94.7753
2994	95.0399
2995.93	95.4354
2997.86	95.761
2999.79	95.9779
3001.72	96.242
3003.65	96.4679
3005.57	96.5265
3007.5	96.5848
3009.43	96.7496
3011.36	96.8875
3013.29	96.9861
3015.22	97.1197
3017.15	97.1814
3019.08	97.1059
3021.01	97.0328
3022.94	97.0775
3024.87	97.2816
3026.79	97.5948
3028.72	97.7188
3030.65	97.4324
3032.58	97.0053
3034.51	96.7885
3036.44	96.7315
3038.37	96.6707
3040.3	96.6332
3042.23	96.6693
3044.16	96.7409
3046.09	96.7493
3048.02	96.5905
3049.94	96.3487
3051.87	96.2518
3053.8	96.344
3055.73	96.5329
3057.66	96.7957
3059.59	97.0238
3061.52	97.0317
3063.45	96.8622
3065.38	96.683
3067.31	96.5206
3069.24	96.3954
3071.16	96.3949
3073.09	96.4849
3075.02	96.5442
3076.95	96.5426
3078.88	96.5283
3080.81	96.5766
3082.74	96.7201
3084.67	96.827
3086.6	96.7339
3088.53	96.5004
3090.46	96.3118
3092.39	96.2277
3094.31	96.1977
3096.24	96.1595
3098.17	96.0809
3100.1	96.0487
3102.03	96.1901
3103.96	96.4221
3105.89	96.5204
3107.82	96.4357
3109.75	96.2718
3111.68	96.0909
3113.61	95.9528
3115.53	95.92
3117.46	95.9201
3119.39	95.8397
3121.32	95.7239
3123.25	95.6861
3125.18	95.7184
3127.11	95.7466
3129.04	95.7869
3130.97	95.9009
3132.9	96.0348
3134.83	96.102
3136.75	96.1663
3138.68	96.2589
3140.61	96.1958
3142.54	95.8981
3144.47	95.5473
3146.4	95.2435
3148.33	95.0385
3150.26	95.1514
3152.19	95.5327
3154.12	95.7241
3156.05	95.6256
3157.98	95.6017
3159.9	95.6477
3161.83	95.4725
3163.76	95.266
3165.69	95.3745
3167.62	95.5617
3169.55	95.409
3171.48	95.0458
3173.41	94.9033
3175.34	95.0836
3177.27	95.2967
3179.2	95.2601
3181.12	95.0276
3183.05	94.8694
3184.98	94.885
3186.91	94.9538
3188.84	95.0159
3190.77	95.0625
3192.7	94.9678
3194.63	94.7496
3196.56	94.7044
3198.49	94.8693
3200.42	94.8794
3202.35	94.6827
3204.27	94.6152
3206.2	94.6583
3208.13	94.5136
3210.06	94.2731
3211.99	94.2023
3213.92	94.2411
3215.85	94.2667
3217.78	94.3025
3219.71	94.3029
3221.64	94.2551
3223.57	94.2644
3225.49	94.2376
3227.42	94.0368
3229.35	93.9227
3231.28	94.1506
3233.21	94.4493
3235.14	94.4906
3237.07	94.3359
3239	94.1227
3240.93	93.8887
3242.86	93.7289
3244.79	93.6938
3246.72	93.677
3248.64	93.5914
3250.57	93.4706
3252.5	93.4112
3254.43	93.4845
3256.36	93.5976
3258.29	93.5599
3260.22	93.3801
3262.15	93.2771
3264.08	93.3551
3266.01	93.4651
3267.94	93.4057
3269.86	93.1697
3271.79	92.9181
3273.72	92.7517
3275.65	92.6562
3277.58	92.627
3279.51	92.6709
3281.44	92.7589
3283.37	92.8475
3285.3	92.8643
3287.23	92.7739
3289.16	92.6788
3291.08	92.6491
3293.01	92.5769
3294.94	92.3962
3296.87	92.189
3298.8	92.0251
3300.73	91.9411
3302.66	91.9445
3304.59	91.9567
3306.52	91.9639
3308.45	92.0562
3310.38	92.1561
3312.31	92.0637
3314.23	91.8083
3316.16	91.6
3318.09	91.5534
3320.02	91.6611
3321.95	91.8384
3323.88	91.9602
3325.81	91.9714
3327.74	91.8807
3329.67	91.6871
3331.6	91.4607
3333.53	91.3511
3335.45	91.3947
3337.38	91.4606
3339.31	91.429
3341.24	91.3021
3343.17	91.1666
3345.1	91.1093
3347.03	91.1024
3348.96	91.0313
3350.89	90.9156
3352.82	90.9093
3354.75	91.0293
3356.68	91.1433
3358.6	91.1955
3360.53	91.1948
3362.46	91.1183
3364.39	91.0061
3366.32	90.9474
3368.25	90.9488
3370.18	90.9836
3372.11	91.0442
3374.04	91.0902
3375.97	91.1172
3377.9	91.1689
3379.82	91.193
3381.75	91.1009
3383.68	90.9443
3385.61	90.8544
3387.54	90.8839
3389.47	90.9712
3391.4	91.0251
3393.33	91.0422
3395.26	91.0643
3397.19	91.0414
3399.12	90.9466
3401.04	90.9249
3402.97	91.0604
3404.9	91.1772
3406.83	91.1058
3408.76	90.9411
3410.69	90.8569
3412.62	90.8945
3414.55	91.0194
3416.48	91.1752
3418.41	91.2553
3420.34	91.1871
3422.27	91.0598
3424.19	91.0634
3426.12	91.2922
3428.05	91.61
3429.98	91.7319
3431.91	91.5509
3433.84	91.2366
3435.77	90.9474
3437.7	90.786
3439.63	90.9053
3441.56	91.2159
3443.49	91.3805
3445.41	91.4096
3447.34	91.599
3449.27	91.848
3451.2	91.8267
3453.13	91.5864
3455.06	91.4096
3456.99	91.454
3458.92	91.6702
3460.85	91.8321
3462.78	91.7832
3464.71	91.6377
3466.64	91.5221
3468.56	91.4502
3470.49	91.5018
3472.42	91.6778
3474.35	91.7977
3476.28	91.8283
3478.21	91.8648
3480.14	91.774
3482.07	91.4682
3484	91.2726
3485.93	91.3723
3487.86	91.454
3489.78	91.383
3491.71	91.4578
3493.64	91.6662
3495.57	91.6335
3497.5	91.447
3499.43	91.5202
3501.36	91.7657
3503.29	91.8517
3505.22	91.7948
3507.15	91.6236
3509.08	91.2467
3511	90.9736
3512.93	91.1362
3514.86	91.3948
3516.79	91.3493
3518.72	91.1977
3520.65	91.2618
3522.58	91.4861
3524.51	91.6695
3526.44	91.668
3528.37	91.4356
3530.3	91.1923
3532.23	91.2462
3534.15	91.5241
3536.08	91.6622
3538.01	91.5439
3539.94	91.4777
3541.87	91.7077
3543.8	92.0084
3545.73	91.9537
3547.66	91.6879
3549.59	91.8169
3551.52	92.3454
3553.45	92.6838
3555.37	92.6469
3557.3	92.6246
3559.23	92.7273
3561.16	92.792
3563.09	92.9054
3565.02	93.2005
3566.95	93.4763
3568.88	93.5108
3570.81	93.4806
3572.74	93.5533
3574.67	93.7576
3576.6	94.1197
3578.52	94.5837
3580.45	94.9529
3582.38	95.113
3584.31	95.2836
3586.24	95.6722
3588.17	95.937
3590.1	95.8178
3592.03	95.8863
3593.96	96.4575
3595.89	97.0281
3597.82	97.1295
3599.74	96.9897
3601.67	96.8437
3603.6	96.7801
3605.53	96.9134
3607.46	97.1072
3609.39	97.0454
3611.32	96.8262
3613.25	96.8444
3615.18	97.2925
3617.11	98.0371
3619.04	98.5338
3620.97	98.322
3622.89	97.9821
3624.82	98.1476
3626.75	98.6101
3628.68	98.7951
3630.61	98.5647
3632.54	98.2638
3634.47	97.9495
3636.4	97.689
3638.33	97.6077
3640.26	97.6468
3642.19	97.6813
3644.11	97.6595
3646.04	97.6416
3647.97	97.7855
3649.9	97.9845
3651.83	97.859
3653.76	97.5856
3655.69	97.407
3657.62	97.3156
3659.55	97.2531
3661.48	97.2412
3663.41	97.3164
3665.33	97.5338
3667.26	97.888
3669.19	98.1258
3671.12	98.0704
3673.05	98.2106
3674.98	98.7215
3676.91	98.7944
3678.84	98.2053
3680.77	97.7714
3682.7	97.7188
3684.63	97.8424
3686.56	98.1228
3688.48	98.6616
3690.41	99.0627
3692.34	99.0123
3694.27	98.9893
3696.2	99.193
3698.13	99.3138
3700.06	99.1829
3701.99	99.0257
3703.92	98.9842
3705.85	98.9854
3707.78	99.1461
3709.7	99.5128
3711.63	99.4374
3713.56	98.6093
3715.49	97.9922
3717.42	98.0871
3719.35	98.587
3721.28	99.1283
3723.21	99.7132
3725.14	100.12
3727.07	99.9187
3729	99.4917
3730.93	99.4702
3732.85	99.8089
3734.78	100.077
3736.71	100.092
3738.64	99.8746
3740.57	99.4625
3742.5	98.9583
3744.43	98.5262
3746.36	98.3306
3748.29	98.3004
3750.22	98.3278
3752.15	98.3137
3754.07	98.1596
3756	97.96
3757.93	97.8835
3759.86	97.9451
3761.79	97.8947
3763.72	97.6863
3765.65	97.5625
3767.58	97.5765
3769.51	97.4885
3771.44	97.3089
3773.37	97.3196
3775.29	97.5238
3777.22	97.6838
3779.15	97.6537
3781.08	97.5212
3783.01	97.3886
3784.94	97.2355
3786.87	97.092
3788.8	97.0155
3790.73	97.0078
3792.66	97.1271
3794.59	97.4066
3796.52	97.6721
3798.44	97.8081
3800.37	97.8953
3802.3	97.8627
3804.23	97.7217
3806.16	97.7027
3808.09	97.7054
3810.02	97.531
3811.95	97.3864
3813.88	97.4248
3815.81	97.5826
3817.74	97.8527
3819.66	98.0876
3821.59	97.9041
3823.52	97.564
3825.45	97.5813
3827.38	97.6954
3829.31	97.6452
3831.24	97.623
3833.17	97.6434
3835.1	97.5987
3837.03	97.7632
3838.96	98.1185
3840.89	98.1393
3842.81	97.9218
3844.74	97.7609
3846.67	97.5777
3848.6	97.4233
3850.53	97.4945
3852.46	97.7639
3854.39	97.9338
3856.32	97.8719
3858.25	97.7279
3860.18	97.6718
3862.11	97.7978
3864.03	97.8525
3865.96	97.6169
3867.89	97.4396
3869.82	97.6102
3871.75	97.8438
3873.68	97.7719
3875.61	97.5144
3877.54	97.3568
3879.47	97.4101
3881.4	97.5236
3883.33	97.4942
3885.25	97.4096
3887.18	97.4479
3889.11	97.5147
3891.04	97.4224
3892.97	97.2416
3894.9	97.2343
3896.83	97.4118
3898.76	97.5588
3900.69	97.524
3902.62	97.4009
3904.55	97.3055
3906.48	97.2178
3908.4	97.1305
3910.33	97.0744
3912.26	97.1156
3914.19	97.2853
3916.12	97.4234
3918.05	97.3099
3919.98	97.0687
3921.91	97.0134
3923.84	97.1551
3925.77	97.287
3927.7	97.3297
3929.62	97.3638
3931.55	97.3589
3933.48	97.1986
3935.41	96.999
3937.34	96.984
3939.27	97.0977
3941.2	97.1007
3943.13	97.0034
3945.06	97.0403
3946.99	97.1924
3948.92	97.2415
3950.85	97.1692
3952.77	97.1223
3954.7	97.1119
3956.63	97.0485
3958.56	96.9213
3960.49	96.793
3962.42	96.7191
3964.35	96.729
3966.28	96.7923
3968.21	96.8345
3970.14	96.8582
3972.07	96.9406
3973.99	97.0377
3975.92	97.0099
3977.85	96.9007
3979.78	96.868
3981.71	96.8695
3983.64	96.7959
3985.57	96.7574
3987.5	96.8507
3989.43	96.92
3991.36	96.8739
3993.29	96.8587
3995.22	96.9076
3997.14	96.9002
