499.643	78.1851
501.572	77.2144
503.501	77.5387
505.43	78.2787
507.36	79.0136
509.289	80.0384
511.218	80.9615
513.147	81.1915
515.076	81.1026
517.005	81.3008
518.934	81.579
520.863	81.5148
522.792	81.3421
524.722	81.5436
526.651	82.1154
528.58	82.4381
530.509	82.2067
532.438	81.861
534.367	81.7781
536.296	81.8129
538.225	81.8881
540.155	82.1252
542.084	82.3171
544.013	82.162
545.942	81.7087
547.871	81.1563
549.8	80.7463
551.729	80.7093
553.658	80.9381
555.588	81.1678
557.517	81.3922
559.446	81.5454
561.375	81.364
563.304	81.0035
565.233	80.9015
567.162	80.9837
569.091	80.9081
571.021	80.7775
572.95	80.864
574.879	81.1008
576.808	81.2759
578.737	81.316
580.666	81.2421
582.595	81.1233
584.524	81.0542
586.454	81.0593
588.383	81.1127
590.312	81.1901
592.241	81.2217
594.17	81.1292
596.099	80.908
598.028	80.6263
599.957	80.4739
601.887	80.5976
603.816	80.7722
605.745	80.7018
607.674	80.5375
609.603	80.5115
611.532	80.4923
613.461	80.4778
615.39	80.738
617.32	81.1114
619.249	81.1541
621.178	81.0125
623.107	81.0459
625.036	81.1557
626.965	81.1934
628.894	81.3106
630.823	81.5785
632.753	81.8729
634.682	82.1473
636.611	82.4284
638.54	82.7243
640.469	83.1175
642.398	83.6924
644.327	84.4115
646.256	85.1799
648.186	85.7783
650.115	85.973
652.044	85.9902
653.973	86.0916
655.902	85.9993
657.831	85.624
659.76	85.2605
661.689	84.8817
663.619	84.6721
665.548	85.579
667.477	88.1922
669.406	89.4849
671.335	88.0557
673.264	87.043
675.193	87.07
677.122	87.3916
679.052	87.7178
680.981	88.1443
682.91	88.354
684.839	88.2898
686.768	88.2612
688.697	88.2135
690.626	88.0341
692.555	87.882
694.485	87.7674
696.414	87.5879
698.343	87.4229
700.272	87.3056
702.201	87.1377
704.13	86.9494
706.059	86.8237
707.988	86.7299
709.917	86.6663
711.847	86.659
713.776	86.6397
715.705	86.6339
717.634	86.7884
719.563	86.9813
721.492	86.8424
723.421	86.3404
725.35	85.7781
727.28	85.2847
729.209	84.7955
731.138	84.2751
733.067	83.7025
734.996	83.0705
736.925	82.5205
738.854	82.246
740.783	82.2399
742.713	82.3186
744.642	82.3554
746.571	82.3425
748.5	82.3142
750.429	82.3277
752.358	82.4313
754.287	82.612
756.216	82.8388
758.146	83.106
760.075	83.3901
762.004	83.6596
763.933	83.9305
765.862	84.2011
767.791	84.3868
769.72	84.4473
771.649	84.4743
773.579	84.5453
775.508	84.6377
777.437	84.7358
779.366	84.8394
781.295	84.8787
783.224	84.784
785.153	84.5835
787.082	84.3323
789.012	84.0325
790.941	83.6534
792.87	83.1373
794.799	82.3669
796.728	81.1372
798.657	79.1095
800.586	75.8538
802.515	71.2472
804.445	66.1105
806.374	62.2073
808.303	61.1221
810.232	63.1012
812.161	67.1707
814.09	72.0646
816.019	76.6647
817.948	80.1092
819.878	82.1313
821.807	83.0746
823.736	83.4133
825.665	83.4608
827.594	83.3929
829.523	83.2691
831.452	83.0486
833.381	82.6812
835.311	82.1794
837.24	81.5853
839.169	80.882
841.098	80.0487
843.027	79.2376
844.956	78.7226
846.885	78.6419
848.814	78.9467
850.744	79.5282
852.673	80.2347
854.602	80.8623
856.531	81.279
858.46	81.5264
860.389	81.7226
862.318	81.8958
864.247	81.9839
866.177	81.9726
868.106	81.9296
870.035	81.9124
871.964	81.9267
873.893	81.9341
875.822	81.8769
877.751	81.7622
879.68	81.6672
881.609	81.6077
883.539	81.5167
885.468	81.3641
887.397	81.1777
889.326	80.9712
891.255	80.7371
893.184	80.4801
895.113	80.2228
897.042	79.9789
898.972	79.7522
900.901	79.601
902.83	79.6054
904.759	79.7072
906.688	79.754
908.617	79.7162
910.546	79.6476
912.475	79.5219
914.405	79.3088
916.334	79.0487
918.263	78.7555
920.192	78.4261
922.121	78.1112
924.05	77.8397
925.979	77.5789
927.908	77.3053
929.838	77.0085
931.767	76.6692
933.696	76.2754
935.625	75.8054
937.554	75.2333
939.483	74.5829
941.412	73.8866
943.341	73.1003
945.271	72.1443
947.2	71.0163
949.129	69.8406
951.058	68.7978
952.987	67.9375
954.916	67.0626
956.845	65.8926
958.774	64.3444
960.704	62.5939
962.633	60.9118
964.562	59.4971
966.491	58.4091
968.42	57.5889
970.349	56.9233
972.278	56.2815
974.207	55.5399
976.137	54.6462
978.066	53.665
979.995	52.7544
981.924	52.1322
983.853	52.0043
985.782	52.4187
987.711	53.2319
989.64	54.2801
991.57	55.4872
993.499	56.7459
995.428	57.8437
997.357	58.6081
999.286	59.0161
1001.22	59.1164
1003.14	58.9701
1005.07	58.6936
1007	58.4384
1008.93	58.3134
1010.86	58.3601
1012.79	58.5163
1014.72	58.5961
1016.65	58.4294
1018.58	57.9993
1020.51	57.3509
1022.44	56.4899
1024.36	55.5058
1026.29	54.6716
1028.22	54.2581
1030.15	54.2456
1032.08	54.2957
1034.01	54.0581
1035.94	53.4606
1037.87	52.6534
1039.8	51.7749
1041.73	50.8855
1043.66	50.0363
1045.58	49.2709
1047.51	48.5587
1049.44	47.7769
1051.37	46.8194
1053.3	45.7634
1055.23	44.8862
1057.16	44.4735
1059.09	44.6502
1061.02	45.3759
1062.95	46.5142
1064.88	47.9137
1066.81	49.5057
1068.73	51.3368
1070.66	53.4874
1072.59	55.9669
1074.52	58.6595
1076.45	61.3487
1078.38	63.8355
1080.31	66.0223
1082.24	67.8508
1084.17	69.2491
1086.1	70.1875
1088.03	70.6722
1089.95	70.6814
1091.88	70.2196
1093.81	69.3847
1095.74	68.3113
1097.67	67.1252
1099.6	65.9497
1101.53	64.8532
1103.46	63.8205
1105.39	62.8369
1107.32	61.9581
1109.25	61.2682
1111.18	60.8028
1113.1	60.5524
1115.03	60.5194
1116.96	60.6955
1118.89	60.9861
1120.82	61.2485
1122.75	61.3802
1124.68	61.2891
1126.61	60.8412
1128.54	59.9123
1130.47	58.4376
1132.4	56.3983
1134.32	53.8402
1136.25	50.9195
1138.18	47.8782
1140.11	44.9613
1142.04	42.3646
1143.97	40.2253
1145.9	38.5978
1147.83	37.4441
1149.76	36.6874
1151.69	36.2542
1153.62	36.0626
1155.55	36.0345
1157.47	36.1424
1159.4	36.3958
1161.33	36.7796
1163.26	37.2626
1165.19	37.8367
1167.12	38.4812
1169.05	39.1455
1170.98	39.8209
1172.91	40.5267
1174.84	41.2259
1176.77	41.8971
1178.69	42.6176
1180.62	43.4434
1182.55	44.3382
1184.48	45.2808
1186.41	46.2915
1188.34	47.3701
1190.27	48.5221
1192.2	49.7789
1194.13	51.1446
1196.06	52.5967
1197.99	54.1312
1199.91	55.7487
1201.84	57.395
1203.77	58.9581
1205.7	60.3851
1207.63	61.7338
1209.56	63.0472
1211.49	64.4113
1213.42	66.08
1215.35	67.9829
1217.28	69.307
1219.21	69.5171
1221.14	69.3685
1223.06	69.7804
1224.99	70.6224
1226.92	71.2618
1228.85	71.4444
1230.78	71.1717
1232.71	70.4396
1234.64	69.365
1236.57	68.1199
1238.5	66.8067
1240.43	65.5215
1242.36	64.3326
1244.28	63.2262
1246.21	62.1935
1248.14	61.2758
1250.07	60.5055
1252	59.8964
1253.93	59.4704
1255.86	59.248
1257.79	59.2189
1259.72	59.3341
1261.65	59.5612
1263.58	59.9305
1265.51	60.4743
1267.43	61.1764
1269.36	62.0175
1271.29	62.993
1273.22	64.0767
1275.15	65.2123
1277.08	66.334
1279.01	67.4044
1280.94	68.429
1282.87	69.3967
1284.8	70.244
1286.73	70.879
1288.65	71.1988
1290.58	71.1819
1292.51	71.0253
1294.44	71.0824
1296.37	71.6427
1298.3	72.7919
1300.23	74.4145
1302.16	76.2629
1304.09	78.0678
1306.02	79.6521
1307.95	80.962
1309.87	82.0077
1311.8	82.8031
1313.73	83.3758
1315.66	83.7912
1317.59	84.1089
1319.52	84.3381
1321.45	84.4654
1323.38	84.5143
1325.31	84.5594
1327.24	84.6577
1329.17	84.8033
1331.1	85.0123
1333.02	85.333
1334.95	85.7383
1336.88	86.1848
1338.81	86.6929
1340.74	87.2383
1342.67	87.7671
1344.6	88.3141
1346.53	88.9113
1348.46	89.5034
1350.39	89.9933
1352.32	90.3028
1354.24	90.4146
1356.17	90.4001
1358.1	90.3982
1360.03	90.5745
1361.96	91.0112
1363.89	91.4423
1365.82	91.4731
1367.75	91.1015
1369.68	90.6411
1371.61	90.2939
1373.54	89.7942
1375.47	88.8765
1377.39	87.8818
1379.32	87.0501
1381.25	86.2156
1383.18	85.3947
1385.11	84.5901
1387.04	83.4923
1388.97	82.184
1390.9	81.0991
1392.83	80.1622
1394.76	79.16
1396.69	77.9619
1398.61	76.3143
1400.54	74.2671
1402.47	72.0768
1404.4	69.8701
1406.33	68.3676
1408.26	68.4221
1410.19	70.0414
1412.12	72.8492
1414.05	75.9727
1415.98	78.9386
1417.91	82.0556
1419.83	84.7782
1421.76	86.3828
1423.69	87.4248
1425.62	88.2342
1427.55	88.7001
1429.48	88.794
1431.41	88.6323
1433.34	88.44
1435.27	88.243
1437.2	87.8119
1439.13	87.1656
1441.06	86.4576
1442.98	85.6445
1444.91	84.8058
1446.84	84.0303
1448.77	83.2346
1450.7	82.5891
1452.63	82.3813
1454.56	82.5831
1456.49	82.8514
1458.42	82.4647
1460.35	81.7696
1462.28	81.3416
1464.2	81.0617
1466.13	80.8438
1468.06	80.982
1469.99	81.7022
1471.92	82.9253
1473.85	84.0651
1475.78	84.9301
1477.71	86.0076
1479.64	87.3301
1481.57	88.7096
1483.5	90.0503
1485.43	91.3243
1487.35	92.5683
1489.28	93.5907
1491.21	94.0238
1493.14	94.242
1495.07	94.6838
1497	95.1944
1498.93	95.3518
1500.86	95.3208
1502.79	95.4899
1504.72	96.0276
1506.65	96.7118
1508.57	96.5624
1510.5	96
1512.43	95.8027
1514.36	95.9763
1516.29	96.2976
1518.22	96.6233
1520.15	96.9201
1522.08	97.0606
1524.01	97.0519
1525.94	96.9522
1527.87	96.7466
1529.8	96.619
1531.72	96.7153
1533.65	96.8457
1535.58	96.8664
1537.51	97.0942
1539.44	97.677
1541.37	97.8616
1543.3	97.3008
1545.23	96.8156
1547.16	96.5994
1549.09	96.5614
1551.02	96.606
1552.94	96.7023
1554.87	96.9734
1556.8	97.4932
1558.73	97.7185
1560.66	97.097
1562.59	96.5575
1564.52	96.3903
1566.45	96.4721
1568.38	96.5636
1570.31	96.3745
1572.24	96.1543
1574.16	96.2308
1576.09	96.3701
1578.02	96.1506
1579.95	95.8394
1581.88	95.6856
1583.81	95.5945
1585.74	95.4937
1587.67	95.4031
1589.6	95.3421
1591.53	95.3325
1593.46	95.3399
1595.39	95.2597
1597.31	95.0663
1599.24	94.8597
1601.17	94.6804
1603.1	94.4338
1605.03	94.1058
1606.96	93.7663
1608.89	93.236
1610.82	92.3906
1612.75	91.6119
1614.68	91.0855
1616.61	90.5295
1618.53	90.0245
1620.46	90.0155
1622.39	90.4058
1624.32	90.6851
1626.25	90.566
1628.18	90.0786
1630.11	89.2589
1632.04	88.4954
1633.97	88.2899
1635.9	88.8552
1637.83	89.7541
1639.76	90.7189
1641.68	91.8095
1643.61	92.8772
1645.54	93.8157
1647.47	94.376
1649.4	94.489
1651.33	94.6222
1653.26	94.7856
1655.19	94.3878
1657.12	93.9165
1659.05	93.7299
1660.98	93.6766
1662.9	93.4979
1664.83	93.2394
1666.76	93.1877
1668.69	93.2909
1670.62	93.1047
1672.55	92.6877
1674.48	92.2769
1676.41	91.5794
1678.34	90.7827
1680.27	90.3219
1682.2	89.8921
1684.12	88.9586
1686.05	87.7818
1687.98	86.5474
1689.91	85.1292
1691.84	83.692
1693.77	82.1673
1695.7	80.4202
1697.63	78.4154
1699.56	75.444
1701.49	71.6525
1703.42	68.3444
1705.35	65.1454
1707.27	61.4267
1709.2	58.021
1711.13	55.4082
1713.06	53.2076
1714.99	51.41
1716.92	49.7118
1718.85	47.695
1720.78	46.3773
1722.71	46.0368
1724.64	46.2069
1726.57	47.0327
1728.49	48.6343
1730.42	50.6686
1732.35	53.4207
1734.28	57.068
1736.21	60.286
1738.14	63.0098
1740.07	66.1433
1742	69.6108
1743.93	72.939
1745.86	76.2641
1747.79	79.6963
1749.72	83.0892
1751.64	86.2399
1753.57	88.9636
1755.5	91.3919
1757.43	93.7151
1759.36	95.6516
1761.29	96.8904
1763.22	97.5924
1765.15	97.932
1767.08	98.0591
1769.01	98.2977
1770.94	98.63
1772.86	98.5614
1774.79	98.1379
1776.72	97.8093
1778.65	97.6698
1780.58	97.6267
1782.51	97.5281
1784.44	97.3645
1786.37	97.3283
1788.3	97.4619
1790.23	97.649
1792.16	97.7663
1794.08	97.6395
1796.01	97.3963
1797.94	97.3032
1799.87	97.291
1801.8	97.1462
1803.73	96.988
1805.66	96.9778
1807.59	97.0509
1809.52	97.1106
1811.45	97.0822
1813.38	97.0064
1815.31	97.0413
1817.23	97.1375
1819.16	97.1074
1821.09	97.0526
1823.02	97.1614
1824.95	97.3647
1826.88	97.5387
1828.81	97.6249
1830.74	97.5078
1832.67	97.2929
1834.6	97.2634
1836.53	97.4294
1838.45	97.5726
1840.38	97.6094
1842.31	97.6452
1844.24	97.6843
1846.17	97.6477
1848.1	97.6323
1850.03	97.7198
1851.96	97.7879
1853.89	97.7185
1855.82	97.5889
1857.75	97.5125
1859.68	97.5031
1861.6	97.5663
1863.53	97.7454
1865.46	97.9992
1867.39	98.1538
1869.32	98.1224
1871.25	98.1101
1873.18	98.1925
1875.11	98.1717
1877.04	97.9883
1878.97	97.821
1880.9	97.7592
1882.82	97.756
1884.75	97.8186
1886.68	97.979
1888.61	98.169
1890.54	98.2502
1892.47	98.2399
1894.4	98.3045
1896.33	98.4471
1898.26	98.512
1900.19	98.4853
1902.12	98.4365
1904.05	98.3619
1905.97	98.3351
1907.9	98.4697
1909.83	98.676
1911.76	98.7786
1913.69	98.7981
1915.62	98.8337
1917.55	98.8932
1919.48	98.9555
1921.41	99.028
1923.34	99.0884
1925.27	99.1021
1927.19	99.1029
1929.12	99.1184
1931.05	99.1134
1932.98	99.1278
1934.91	99.2462
1936.84	99.3968
1938.77	99.4931
1940.7	99.6293
1942.63	99.8365
1944.56	99.925
1946.49	99.8105
1948.41	99.6412
1950.34	99.5686
1952.27	99.5946
1954.2	99.624
1956.13	99.6863
1958.06	99.9029
1959.99	100.175
1961.92	100.258
1963.85	100.145
1965.78	100.051
1967.71	100.133
1969.64	100.368
1971.56	100.585
1973.49	100.683
1975.42	100.695
1977.35	100.593
1979.28	100.326
1981.21	100.066
1983.14	99.9946
1985.07	100.028
1987	100.09
1988.93	100.295
1990.86	100.575
1992.78	100.615
1994.71	100.415
1996.64	100.286
1998.57	100.281
2000.5	100.295
2002.43	100.365
2004.36	100.397
2006.29	100.21
2008.22	100.012
2010.15	100.009
2012.08	99.9527
2014.01	99.8172
2015.93	99.9932
2017.86	100.424
2019.79	100.629
2021.72	100.577
2023.65	100.552
2025.58	100.589
2027.51	100.596
2029.44	100.569
2031.37	100.57
2033.3	100.628
2035.23	100.641
2037.15	100.507
2039.08	100.343
2041.01	100.239
2042.94	100.105
2044.87	100.043
2046.8	100.261
2048.73	100.469
2050.66	100.195
2052.59	99.6831
2054.52	99.5363
2056.45	99.7066
2058.37	99.6863
2060.3	99.4594
2062.23	99.4184
2064.16	99.5731
2066.09	99.6286
2068.02	99.5793
2069.95	99.5296
2071.88	99.3776
2073.81	99.1958
2075.74	99.2586
2077.67	99.4818
2079.6	99.5805
2081.52	99.5901
2083.45	99.5807
2085.38	99.4528
2087.31	99.3448
2089.24	99.4544
2091.17	99.5762
2093.1	99.5053
2095.03	99.4241
2096.96	99.4757
2098.89	99.5392
2100.82	99.5143
2102.74	99.4354
2104.67	99.3996
2106.6	99.4404
2108.53	99.4345
2110.46	99.3307
2112.39	99.3085
2114.32	99.455
2116.25	99.5963
2118.18	99.5935
2120.11	99.5066
2122.04	99.4578
2123.97	99.4945
2125.89	99.554
2127.82	99.5675
2129.75	99.6007
2131.68	99.7826
2133.61	100.101
2135.54	100.364
2137.47	100.4
2139.4	100.241
2141.33	100.061
2143.26	100.022
2145.19	100.209
2147.11	100.55
2149.04	100.769
2150.97	100.682
2152.9	100.513
2154.83	100.569
2156.76	100.716
2158.69	100.585
2160.62	100.212
2162.55	99.9539
2164.48	99.9005
2166.41	99.9097
2168.33	99.9445
2170.26	100.044
2172.19	100.227
2174.12	100.46
2176.05	100.565
2177.98	100.416
2179.91	100.189
2181.84	100.078
2183.77	100.055
2185.7	100.091
2187.63	100.161
2189.56	100.121
2191.48	99.9828
2193.41	99.9437
2195.34	100.014
2197.27	100.037
2199.2	99.9813
2201.13	99.9073
2203.06	99.865
2204.99	99.9025
2206.92	99.9484
2208.85	99.8564
2210.78	99.7079
2212.7	99.7276
2214.63	99.869
2216.56	99.9093
2218.49	99.8736
2220.42	99.9089
2222.35	99.9317
2224.28	99.8289
2226.21	99.7272
2228.14	99.7511
2230.07	99.8215
2232	99.855
2233.93	99.9042
2235.85	99.9862
2237.78	99.9374
2239.71	99.6445
2241.64	99.3622
2243.57	99.4396
2245.5	99.7815
2247.43	100.005
2249.36	99.9876
2251.29	99.8517
2253.22	99.6943
2255.15	99.6061
2257.07	99.6651
2259	99.8633
2260.93	100.169
2262.86	100.46
2264.79	100.488
2266.72	100.251
2268.65	100.106
2270.58	100.204
2272.51	100.315
2274.44	100.312
2276.37	100.269
2278.29	100.141
2280.22	99.9172
2282.15	99.8424
2284.08	100.047
2286.01	100.337
2287.94	100.602
2289.87	100.962
2291.8	101.412
2293.73	101.804
2295.66	102.21
2297.59	102.817
2299.52	103.54
2301.44	104.178
2303.37	104.863
2305.3	105.903
2307.23	107.287
2309.16	108.626
2311.09	109.59
2313.02	110.307
2314.95	111.283
2316.88	112.888
2318.81	114.997
2320.74	117.175
2322.66	119.077
2324.59	120.671
2326.52	122.089
2328.45	123.398
2330.38	124.517
2332.31	125.358
2334.24	126.108
2336.17	126.87
2338.1	127.382
2340.03	127.812
2341.96	128.36
2343.89	127.179
2345.81	123.353
2347.74	120.377
2349.67	120.556
2351.6	123.835
2353.53	129.14
2355.46	134.114
2357.39	137.295
2359.32	138.936
2361.25	139.268
2363.18	138.25
2365.11	135.416
2367.03	131.267
2368.96	126.997
2370.89	122.646
2372.82	118.029
2374.75	113.673
2376.68	110.022
2378.61	107.002
2380.54	104.361
2382.47	102.096
2384.4	100.396
2386.33	99.252
2388.26	98.477
2390.18	98.0332
2392.11	97.9355
2394.04	97.9578
2395.97	97.867
2397.9	97.7264
2399.83	97.6645
2401.76	97.6656
2403.69	97.72
2405.62	97.8419
2407.55	97.9231
2409.48	97.8534
2411.4	97.7276
2413.33	97.7027
2415.26	97.7515
2417.19	97.7493
2419.12	97.6948
2421.05	97.6868
2422.98	97.7637
2424.91	97.8563
2426.84	97.8789
2428.77	97.8532
2430.7	97.8633
2432.62	97.8816
2434.55	97.8267
2436.48	97.7672
2438.41	97.8166
2440.34	97.9127
2442.27	97.9272
2444.2	97.8791
2446.13	97.884
2448.06	97.9618
2449.99	97.9904
2451.92	97.8949
2453.85	97.7744
2455.77	97.7151
2457.7	97.6758
2459.63	97.6705
2461.56	97.7582
2463.49	97.8483
2465.42	97.8615
2467.35	97.9133
2469.28	98.032
2471.21	98.0317
2473.14	97.8712
2475.07	97.7426
2476.99	97.7376
2478.92	97.7874
2480.85	97.8624
2482.78	97.9535
2484.71	98.009
2486.64	98.0404
2488.57	98.0704
2490.5	98.0021
2492.43	97.8332
2494.36	97.8067
2496.29	98.0119
2498.22	98.1748
2500.14	98.1309
2502.07	98.0562
2504	98.0632
2505.93	98.0765
2507.86	98.0972
2509.79	98.1772
2511.72	98.2699
2513.65	98.2922
2515.58	98.1835
2517.51	97.979
2519.44	97.8509
2521.36	97.8622
2523.29	97.8753
2525.22	97.8657
2527.15	97.9317
2529.08	98.0265
2531.01	98.0877
2532.94	98.1462
2534.87	98.1144
2536.8	97.9394
2538.73	97.8226
2540.66	97.8349
2542.58	97.7804
2544.51	97.6934
2546.44	97.8036
2548.37	97.9954
2550.3	97.9927
2552.23	97.8823
2554.16	97.8585
2556.09	97.7966
2558.02	97.5849
2559.95	97.4679
2561.88	97.6345
2563.81	97.8768
2565.73	97.9546
2567.66	97.9056
2569.59	97.8301
2571.52	97.7292
2573.45	97.6167
2575.38	97.5297
2577.31	97.4673
2579.24	97.4474
2581.17	97.5187
2583.1	97.6445
2585.03	97.6952
2586.95	97.6232
2588.88	97.5249
2590.81	97.4851
2592.74	97.5051
2594.67	97.5701
2596.6	97.628
2598.53	97.6064
2600.46	97.5283
2602.39	97.4347
2604.32	97.2847
2606.25	97.1239
2608.18	97.0877
2610.1	97.1473
2612.03	97.174
2613.96	97.1718
2615.89	97.1725
2617.82	97.1307
2619.75	97.0553
2621.68	97.0009
2623.61	96.962
2625.54	96.9369
2627.47	96.9562
2629.4	96.9958
2631.32	97.0089
2633.25	97.0061
2635.18	96.9944
2637.11	96.9236
2639.04	96.775
2640.97	96.6208
2642.9	96.5289
2644.83	96.484
2646.76	96.4559
2648.69	96.4506
2650.62	96.4542
2652.54	96.4426
2654.47	96.4519
2656.4	96.5112
2658.33	96.547
2660.26	96.4889
2662.19	96.392
2664.12	96.3301
2666.05	96.2806
2667.98	96.2252
2669.91	96.2157
2671.84	96.2486
2673.77	96.241
2675.69	96.1912
2677.62	96.1874
2679.55	96.2423
2681.48	96.2792
2683.41	96.2719
2685.34	96.2686
2687.27	96.2809
2689.2	96.2513
2691.13	96.1673
2693.06	96.1099
2694.99	96.1115
2696.91	96.0957
2698.84	96.0548
2700.77	96.0859
2702.7	96.1699
2704.63	96.1726
2706.56	96.0932
2708.49	96.0411
2710.42	96.0182
2712.35	95.9687
2714.28	95.9291
2716.21	95.9455
2718.14	95.9775
2720.06	95.9802
2721.99	95.9635
2723.92	95.9388
2725.85	95.8989
2727.78	95.8415
2729.71	95.7655
2731.64	95.6837
2733.57	95.6455
2735.5	95.6689
2737.43	95.6802
2739.36	95.6297
2741.28	95.597
2743.21	95.6526
2745.14	95.7265
2747.07	95.7273
2749	95.6598
2750.93	95.5742
2752.86	95.5206
2754.79	95.5313
2756.72	95.5765
2758.65	95.6011
2760.58	95.5939
2762.51	95.57
2764.43	95.5522
2766.36	95.5605
2768.29	95.5644
2770.22	95.5271
2772.15	95.4824
2774.08	95.4568
2776.01	95.4257
2777.94	95.4073
2779.87	95.4216
2781.8	95.3976
2783.73	95.2985
2785.65	95.198
2787.58	95.1448
2789.51	95.1426
2791.44	95.2187
2793.37	95.3276
2795.3	95.3502
2797.23	95.3089
2799.16	95.3402
2801.09	95.4171
2803.02	95.3677
2804.95	95.1684
2806.87	94.9845
2808.8	94.9298
2810.73	94.9564
2812.66	94.9702
2814.59	94.9387
2816.52	94.8723
2818.45	94.7749
2820.38	94.6355
2822.31	94.4416
2824.24	94.21
2826.17	94.0067
2828.1	93.8823
2830.02	93.791
2831.95	93.6316
2833.88	93.3544
2835.81	93.014
2837.74	92.7466
2839.67	92.6356
2841.6	92.5821
2843.53	92.4276
2845.46	92.1669
2847.39	91.8694
2849.32	91.5109
2851.24	91.0733
2853.17	90.632
2855.1	90.1892
2857.03	89.6338
2858.96	88.9556
2860.89	88.3074
2862.82	87.8003
2864.75	87.3881
2866.68	86.9783
2868.61	86.5409
2870.54	86.1325
2872.47	85.8903
2874.39	85.915
2876.32	86.1457
2878.25	86.4745
2880.18	86.879
2882.11	87.3034
2884.04	87.6331
2885.97	87.8737
2887.9	88.0585
2889.83	88.0495
2891.76	87.7934
2893.69	87.5677
2895.61	87.594
2897.54	87.6939
2899.47	87.6355
2901.4	87.4883
2903.33	87.3887
2905.26	87.3227
2907.19	87.2761
2909.12	87.2402
2911.05	87.1229
2912.98	86.9573
2914.91	86.904
2916.83	86.8572
2918.76	86.5375
2920.69	85.9938
2922.62	85.4584
2924.55	84.9429
2926.48	84.4115
2928.41	83.9506
2930.34	83.5983
2932.27	83.3875
2934.2	83.46
2936.13	83.8541
2938.06	84.3836
2939.98	84.8401
2941.91	85.1494
2943.84	85.3311
2945.77	85.381
2947.7	85.2291
2949.63	84.8594
2951.56	84.3604
2953.49	83.7863
2955.42	83.1827
2957.35	82.7691
2959.28	82.7786
2961.2	83.1456
2963.13	83.7185
2965.06	84.667
2966.99	86.1889
2968.92	87.9019
2970.85	89.1174
2972.78	89.7366
2974.71	90.2305
2976.64	90.8695
2978.57	91.6185
2980.5	92.4255
2982.43	93.1048
2984.35	93.4361
2986.28	93.6294
2988.21	94.0321
2990.14	94.4685
2992.07	94.6622
2994	94.8898
2995.93	95.4072
2997.86	95.8858
2999.79	96.071
3001.72	96.2064
3003.65	96.4134
3005.57	96.4989
3007.5	96.4909
3009.43	96.621
3011.36	96.8824
3013.29	97.1146
3015.22	97.2619
3017.15	97.283
3019.08	97.1174
3021.01	96.874
3022.94	96.8284
3024.87	97.1232
3026.79	97.5235
3028.72	97.6362
3030.65	97.3924
3032.58	97.0423
3034.51	96.7428
3036.44	96.5319
3038.37	96.4906
3040.3	96.5719
3042.23	96.5899
3044.16	96.5283
3046.09	96.5144
3048.02	96.5781
3049.94	96.65
3051.87	96.6267
3053.8	96.5007
3055.73	96.4897
3057.66	96.7154
3059.59	96.9185
3061.52	96.8927
3063.45	96.7597
3065.38	96.58
3067.31	96.3361
3069.24	96.2415
3071.16	96.4315
3073.09	96.6542
3075.02	96.6857
3076.95	96.6094
3078.88	96.506
3080.81	96.3689
3082.74	96.2876
3084.67	96.326
3086.6	96.3974
3088.53	96.4261
3090.46	96.3988
3092.39	96.3061
3094.31	96.2339
3096.24	96.2979
3098.17	96.4032
3100.1	96.3508
3102.03	96.1349
3103.96	95.9265
3105.89	95.8569
3107.82	95.8884
3109.75	95.9012
3111.68	95.9014
3113.61	95.9585
3115.53	95.9959
3117.46	95.9659
3119.39	95.9772
3121.32	95.9798
3123.25	95.8146
3125.18	95.627
3127.11	95.6557
3129.04	95.8143
3130.97	95.8882
3132.9	95.8117
3134.83	95.6785
3136.75	95.6733
3138.68	95.782
3140.61	95.7192
3142.54	95.4343
3144.47	95.231
3146.4	95.2205
3148.33	95.2825
3150.26	95.4194
3152.19	95.5795
3154.12	95.5292
3156.05	95.275
3157.98	95.1061
3159.9	95.0989
3161.83	95.1122
3163.76	95.1828
3165.69	95.4088
3167.62	95.6064
3169.55	95.5342
3171.48	95.2881
3173.41	95.1234
3175.34	95.0901
3177.27	95.0834
3179.2	95.0588
3181.12	95.0401
3183.05	95.0215
3184.98	94.9672
3186.91	94.9038
3188.84	94.9249
3190.77	95.0233
3192.7	95.0536
3194.63	94.9786
3196.56	94.932
3198.49	94.9401
3200.42	94.8783
3202.35	94.7345
3204.27	94.6042
3206.2	94.5072
3208.13	94.4386
3210.06	94.4241
3211.99	94.4154
3213.92	94.3441
3215.85	94.2527
3217.78	94.1986
3219.71	94.174
3221.64	94.1961
3223.57	94.2746
3225.49	94.3303
3227.42	94.3097
3229.35	94.2653
3231.28	94.238
3233.21	94.1983
3235.14	94.1002
3237.07	93.9122
3239	93.694
3240.93	93.6206
3242.86	93.7406
3244.79	93.8096
3246.72	93.6217
3248.64	93.335
3250.57	93.1918
3252.5	93.1881
3254.43	93.2351
3256.36	93.3193
3258.29	93.3691
3260.22	93.2917
3262.15	93.1543
3264.08	93.0737
3266.01	93.0361
3267.94	92.9864
3269.86	92.9563
3271.79	93.0033
3273.72	93.0936
3275.65	93.1227
3277.58	93.0427
3279.51	92.8883
3281.44	92.7166
3283.37	92.6264
3285.3	92.6973
3287.23	92.8145
3289.16	92.7554
3291.08	92.4951
3293.01	92.2299
3294.94	92.1023
3296.87	92.0829
3298.8	92.1117
3300.73	92.1741
3302.66	92.1903
3304.59	92.0644
3306.52	91.9288
3308.45	92.0107
3310.38	92.2077
3312.31	92.194
3314.23	91.9224
3316.16	91.6409
3318.09	91.5504
3320.02	91.6757
3321.95	91.8881
3323.88	91.9905
3325.81	91.9002
3327.74	91.6931
3329.67	91.483
3331.6	91.3703
3333.53	91.3924
3335.45	91.4474
3337.38	91.409
3339.31	91.3018
3341.24	91.2141
3343.17	91.175
3345.1	91.2128
3347.03	91.2977
3348.96	91.2507
3350.89	91.0326
3352.82	90.9001
3354.75	90.9916
3356.68	91.1434
3358.6	91.2244
3360.53	91.2259
3362.46	91.1399
3364.39	91.0424
3366.32	90.9994
3368.25	90.928
3370.18	90.8576
3372.11	90.9154
3374.04	90.9864
3375.97	90.9628
3377.9	90.9894
3379.82	91.0499
3381.75	90.9886
3383.68	90.9382
3385.61	91.0369
3387.54	91.1083
3389.47	91.0348
3391.4	90.9149
3393.33	90.8383
3395.26	90.8639
3397.19	90.9663
3399.12	90.9933
3401.04	90.9454
3402.97	91.0033
3404.9	91.1599
3406.83	91.2263
3408.76	91.1364
3410.69	90.9652
3412.62	90.8685
3414.55	91.0215
3416.48	91.3388
3418.41	91.4822
3420.34	91.3314
3422.27	91.1061
3424.19	91.0075
3426.12	91.0896
3428.05	91.2884
3429.98	91.3963
3431.91	91.2962
3433.84	91.0925
3435.77	90.8991
3437.7	90.8396
3439.63	91.0241
3441.56	91.2527
3443.49	91.2999
3445.41	91.4066
3447.34	91.736
3449.27	91.8766
3451.2	91.6249
3453.13	91.3769
3455.06	91.3988
3456.99	91.5919
3458.92	91.8435
3460.85	91.9965
3462.78	91.8579
3464.71	91.5685
3466.64	91.4526
3468.56	91.5239
3470.49	91.5991
3472.42	91.6861
3474.35	91.855
3476.28	91.9405
3478.21	91.7572
3480.14	91.4215
3482.07	91.2008
3484	91.2303
3485.93	91.4259
3487.86	91.5385
3489.78	91.4239
3491.71	91.2882
3493.64	91.3021
3495.57	91.3145
3497.5	91.3088
3499.43	91.4481
3501.36	91.5589
3503.29	91.4447
3505.22	91.3824
3507.15	91.4688
3509.08	91.3526
3511	91.0426
3512.93	90.9445
3514.86	91.0948
3516.79	91.2422
3518.72	91.3096
3520.65	91.3853
3522.58	91.5217
3524.51	91.624
3526.44	91.583
3528.37	91.5093
3530.3	91.4976
3532.23	91.4325
3534.15	91.362
3536.08	91.4781
3538.01	91.6568
3539.94	91.7248
3541.87	91.8838
3543.8	92.2029
3545.73	92.3301
3547.66	92.2017
3549.59	92.2376
3551.52	92.5016
3553.45	92.5982
3555.37	92.409
3557.3	92.3363
3559.23	92.6311
3561.16	93.0581
3563.09	93.3689
3565.02	93.6485
3566.95	93.8394
3568.88	93.7127
3570.81	93.538
3572.74	93.6007
3574.67	93.8151
3576.6	94.1125
3578.52	94.5423
3580.45	94.9061
3582.38	94.918
3584.31	94.7623
3586.24	94.8875
3588.17	95.35
3590.1	95.692
3592.03	95.8545
3593.96	96.182
3595.89	96.6309
3597.82	96.6946
3599.74	96.403
3601.67	96.4437
3603.6	96.9989
3605.53	97.4429
3607.46	97.4348
3609.39	97.321
3611.32	97.2838
3613.25	97.128
3615.18	97.0976
3617.11	97.4605
3619.04	97.7344
3620.97	97.5462
3622.89	97.5203
3624.82	98.019
3626.75	98.6767
3628.68	98.9702
3630.61	98.7683
3632.54	98.3468
3634.47	97.8069
3636.4	97.3486
3638.33	97.2323
3640.26	97.3825
3642.19	97.5329
3644.11	97.6062
3646.04	97.7923
3647.97	98.2213
3649.9	98.446
3651.83	98.1384
3653.76	97.8179
3655.69	97.6626
3657.62	97.5533
3659.55	97.4991
3661.48	97.5068
3663.41	97.4834
3665.33	97.5044
3667.26	97.6882
3669.19	97.8292
3671.12	97.7393
3673.05	97.8596
3674.98	98.413
3676.91	98.6639
3678.84	98.1313
3680.77	97.5114
3682.7	97.3208
3684.63	97.5768
3686.56	98.0648
3688.48	98.6254
3690.41	98.9218
3692.34	98.7494
3694.27	98.5551
3696.2	98.6771
3698.13	98.9412
3700.06	99.025
3701.99	98.9423
3703.92	98.9283
3705.85	99.1102
3707.78	99.5041
3709.7	99.8387
3711.63	99.4082
3713.56	98.417
3715.49	97.9968
3717.42	98.3313
3719.35	98.854
3721.28	99.1751
3723.21	99.5182
3725.14	99.8286
3727.07	99.6264
3729	99.2918
3730.93	99.5568
3732.85	100.199
3734.78	100.348
3736.71	99.9903
3738.64	99.7145
3740.57	99.4221
3742.5	99.0082
3744.43	98.731
3746.36	98.6937
3748.29	98.5545
3750.22	98.2597
3752.15	98.1174
3754.07	98.1869
3756	98.1871
3757.93	98.0222
3759.86	97.7917
3761.79	97.6434
3763.72	97.5895
3765.65	97.5603
3767.58	97.4732
3769.51	97.3239
3771.44	97.2313
3773.37	97.2698
3775.29	97.3824
3777.22	97.4728
3779.15	97.4402
3781.08	97.3093
3783.01	97.2364
3784.94	97.2287
3786.87	97.1524
3788.8	97.0271
3790.73	97.045
3792.66	97.2607
3794.59	97.4828
3796.52	97.53
3798.44	97.575
3800.37	97.8769
3802.3	98.1983
3804.23	98.1565
3806.16	97.9075
3808.09	97.6584
3810.02	97.4575
3811.95	97.369
3813.88	97.4448
3815.81	97.6902
3817.74	98.0028
3819.66	98.1446
3821.59	97.9356
3823.52	97.6538
3825.45	97.5823
3827.38	97.565
3829.31	97.5924
3831.24	97.8079
3833.17	97.9973
3835.1	97.9486
3837.03	97.9033
3838.96	97.9333
3840.89	97.7836
3842.81	97.5933
3844.74	97.5092
3846.67	97.4437
3848.6	97.5033
3850.53	97.8289
3852.46	98.1926
3854.39	98.189
3856.32	98.0071
3858.25	97.8135
3860.18	97.58
3862.11	97.5115
3864.03	97.7117
3865.96	97.8563
3867.89	97.7632
3869.82	97.6106
3871.75	97.5591
3873.68	97.5395
3875.61	97.4388
3877.54	97.3567
3879.47	97.5176
3881.4	97.8604
3883.33	97.9683
3885.25	97.7422
3887.18	97.5483
3889.11	97.5376
3891.04	97.4794
3892.97	97.3066
3894.9	97.258
3896.83	97.4023
3898.76	97.5872
3900.69	97.6845
3902.62	97.6653
3904.55	97.5064
3906.48	97.2538
3908.4	97.0722
3910.33	97.0486
3912.26	97.1684
3914.19	97.3641
3916.12	97.503
3918.05	97.4393
3919.98	97.2295
3921.91	97.0963
3923.84	97.1093
3925.77	97.1745
3927.7	97.2313
3929.62	97.3018
3931.55	97.3311
3933.48	97.2052
3935.41	97.0102
3937.34	96.9657
3939.27	97.1025
3941.2	97.227
3943.13	97.2238
3945.06	97.2267
3946.99	97.2909
3948.92	97.2461
3950.85	97.0611
3952.77	96.9542
3954.7	96.9942
3956.63	97.024
3958.56	96.9486
3960.49	96.8282
3962.42	96.7693
3964.35	96.8274
3966.28	96.909
3968.21	96.8781
3970.14	96.8021
3972.07	96.8238
3973.99	96.8472
3975.92	96.7355
3977.85	96.6372
3979.78	96.7248
3981.71	96.8732
3983.64	96.8898
3985.57	96.8373
3987.5	96.885
3989.43	96.9907
3991.36	96.9796
3993.29	96.8765
3995.22	96.8598
3997.14	96.9343
