499.643	80.9805
501.572	81.0324
503.501	81.0917
505.43	81.9105
507.36	82.4557
509.289	82.0292
511.218	81.3964
513.147	81.391
515.076	81.8162
517.005	82.005
518.934	81.6975
520.863	81.3448
522.792	81.3843
524.722	81.6496
526.651	81.757
528.58	81.6919
530.509	81.5912
532.438	81.4502
534.367	81.3329
536.296	81.3677
538.225	81.5568
540.155	81.7614
542.084	81.8077
544.013	81.7363
545.942	81.832
547.871	82.1497
549.8	82.3701
551.729	82.3281
553.658	82.2373
555.588	82.2883
557.517	82.3592
559.446	82.2639
561.375	82.1063
563.304	82.0956
565.233	82.1666
567.162	82.1755
569.091	82.2015
571.021	82.2972
572.95	82.3141
574.879	82.2489
576.808	82.4224
578.737	82.979
580.666	83.4544
582.595	83.3898
584.524	83.0788
586.454	82.9878
588.383	82.983
590.312	82.8431
592.241	82.7177
594.17	82.7106
596.099	82.7798
598.028	82.9419
599.957	83.0664
601.887	82.9814
603.816	82.7895
605.745	82.5569
607.674	82.2156
609.603	81.9855
611.532	82.1019
613.461	82.2978
615.39	82.2948
617.32	82.2668
619.249	82.3598
621.178	82.4419
623.107	82.4921
625.036	82.5919
626.965	82.678
628.894	82.6835
630.823	82.6703
632.753	82.6841
634.682	82.7497
636.611	82.9333
638.54	83.1991
640.469	83.4276
642.398	83.6003
644.327	83.6962
646.256	83.6449
648.186	83.5536
650.115	83.5891
652.044	83.6605
653.973	83.6316
655.902	83.536
657.831	83.3589
659.76	83.0759
661.689	82.869
663.619	82.7495
665.548	82.3779
667.477	81.7492
669.406	81.9146
671.335	82.7387
673.264	83.2423
675.193	83.5002
677.122	83.8028
679.052	84.1536
680.981	84.5069
682.91	84.9467
684.839	85.4146
686.768	85.7889
688.697	86.1183
690.626	86.4627
692.555	86.7842
694.485	87.1215
696.414	87.5257
698.343	87.8858
700.272	88.1009
702.201	88.2352
704.13	88.3717
706.059	88.5134
707.988	88.6226
709.917	88.672
711.847	88.7076
713.776	88.7691
715.705	88.7622
717.634	88.6206
719.563	88.4728
721.492	88.4454
723.421	88.4717
725.35	88.4433
727.28	88.3263
729.209	88.1115
731.138	87.8018
733.067	87.4018
734.996	86.9405
736.925	86.5584
738.854	86.4302
740.783	86.5431
742.713	86.7253
744.642	86.8846
746.571	87.0282
748.5	87.1464
750.429	87.2555
752.358	87.4104
754.287	87.5914
756.216	87.7227
758.146	87.7849
760.075	87.8095
762.004	87.8432
763.933	87.9306
765.862	88.0476
767.791	88.1035
769.72	88.049
771.649	87.9165
773.579	87.7612
775.508	87.6111
777.437	87.4584
779.366	87.2876
781.295	87.0854
783.224	86.7937
785.153	86.3131
787.082	85.6063
789.012	84.7449
790.941	83.8123
792.87	82.7438
794.799	81.2485
796.728	78.8813
798.657	75.1258
800.586	69.5502
802.515	62.4559
804.445	55.5909
806.374	51.4905
808.303	51.5879
810.232	55.3593
812.161	61.3226
814.09	68.1262
816.019	74.5716
817.948	79.5976
819.878	82.823
821.807	84.6509
823.736	85.6513
825.665	86.1472
827.594	86.312
829.523	86.2781
831.452	86.0806
833.381	85.6886
835.311	85.1307
837.24	84.4681
839.169	83.6905
841.098	82.8045
843.027	81.9759
844.956	81.4462
846.885	81.3564
848.814	81.691
850.744	82.3038
852.673	83.005
854.602	83.6605
856.531	84.1921
858.46	84.5553
860.389	84.7611
862.318	84.855
864.247	84.8822
866.177	84.8862
868.106	84.8764
870.035	84.8131
871.964	84.6806
873.893	84.5237
875.822	84.3787
877.751	84.2254
879.68	84.0285
881.609	83.7963
883.539	83.5633
885.468	83.3145
887.397	82.9948
889.326	82.6135
891.255	82.25
893.184	81.9437
895.113	81.678
897.042	81.4624
898.972	81.3432
900.901	81.3568
902.83	81.5086
904.759	81.747
906.688	81.9595
908.617	82.0501
910.546	82.0117
912.475	81.8889
914.405	81.7074
916.334	81.4666
918.263	81.1672
920.192	80.8187
922.121	80.4418
924.05	80.0821
925.979	79.7777
927.908	79.5014
929.838	79.1911
931.767	78.8275
933.696	78.4096
935.625	77.9132
937.554	77.348
939.483	76.7681
941.412	76.1683
943.341	75.4426
945.271	74.4726
947.2	73.2437
949.129	71.8775
951.058	70.5014
952.987	69.0721
954.916	67.3723
956.845	65.1774
958.774	62.469
960.704	59.5631
962.633	56.9547
964.562	54.9674
966.491	53.6133
968.42	52.7414
970.349	52.1643
972.278	51.6762
974.207	51.091
976.137	50.2948
978.066	49.3204
979.995	48.4357
981.924	48.0617
983.853	48.4837
985.782	49.6543
987.711	51.3027
989.64	53.1809
991.57	55.1496
993.499	57.0775
995.428	58.7841
997.357	60.1265
999.286	61.0659
1001.22	61.6259
1003.14	61.8529
1005.07	61.8467
1007	61.7864
1008.93	61.8564
1010.86	62.1174
1012.79	62.4823
1014.72	62.8238
1016.65	63.0478
1018.58	63.088
1020.51	62.9017
1022.44	62.4738
1024.36	61.8571
1026.29	61.2666
1028.22	61.0002
1030.15	61.106
1032.08	61.2544
1034.01	61.0595
1035.94	60.3816
1037.87	59.2679
1039.8	57.8107
1041.73	56.1397
1043.66	54.3922
1045.58	52.6166
1047.51	50.7506
1049.44	48.7197
1051.37	46.5845
1053.3	44.6158
1055.23	43.1992
1057.16	42.6291
1059.09	42.9763
1061.02	44.1144
1062.95	45.829
1064.88	47.9127
1066.81	50.2412
1068.73	52.8365
1070.66	55.7982
1072.59	59.1088
1074.52	62.5728
1076.45	65.9583
1078.38	69.1058
1080.31	71.9219
1082.24	74.3494
1084.17	76.3253
1086.1	77.7796
1088.03	78.7146
1089.95	79.2039
1091.88	79.2867
1093.81	78.97
1095.74	78.3303
1097.67	77.5098
1099.6	76.6259
1101.53	75.7335
1103.46	74.8428
1105.39	73.9502
1107.32	73.0737
1109.25	72.2693
1111.18	71.6114
1113.1	71.1645
1115.03	70.9692
1116.96	71.0212
1118.89	71.2439
1120.82	71.5131
1122.75	71.7333
1124.68	71.8584
1126.61	71.8346
1128.54	71.5824
1130.47	71.0116
1132.4	69.9863
1134.32	68.3625
1136.25	66.1437
1138.18	63.5007
1140.11	60.6068
1142.04	57.5856
1143.97	54.5752
1145.9	51.6923
1147.83	48.9763
1149.76	46.4283
1151.69	44.0352
1153.62	41.7896
1155.55	39.7487
1157.47	38.0067
1159.4	36.6103
1161.33	35.5692
1163.26	34.8847
1165.19	34.5213
1167.12	34.41
1169.05	34.4864
1170.98	34.7003
1172.91	35.0212
1174.84	35.4565
1176.77	36.0421
1178.69	36.7954
1180.62	37.6909
1182.55	38.6922
1184.48	39.7815
1186.41	40.9542
1188.34	42.2162
1190.27	43.5802
1192.2	45.0497
1194.13	46.6102
1196.06	48.2233
1197.99	49.8537
1199.91	51.5222
1201.84	53.2683
1203.77	55.0719
1205.7	56.9035
1207.63	58.7845
1209.56	60.7237
1211.49	62.6987
1213.42	64.7093
1215.35	66.7123
1217.28	68.5491
1219.21	70.1062
1221.14	71.4809
1223.06	72.8125
1224.99	74.0451
1226.92	75.0042
1228.85	75.5973
1230.78	75.8172
1232.71	75.6704
1234.64	75.1896
1236.57	74.4166
1238.5	73.3637
1240.43	72.0381
1242.36	70.4616
1244.28	68.6698
1246.21	66.7481
1248.14	64.8351
1250.07	63.0571
1252	61.4916
1253.93	60.1799
1255.86	59.1435
1257.79	58.407
1259.72	57.9923
1261.65	57.879
1263.58	58.0242
1265.51	58.4126
1267.43	59.0415
1269.36	59.8931
1271.29	60.9327
1273.22	62.096
1275.15	63.2864
1277.08	64.4313
1279.01	65.528
1280.94	66.5868
1282.87	67.5459
1284.8	68.2929
1286.73	68.6937
1288.65	68.5808
1290.58	67.9403
1292.51	67.1654
1294.44	66.9057
1296.37	67.6205
1298.3	69.3326
1300.23	71.7452
1302.16	74.4711
1304.09	77.1764
1306.02	79.6283
1307.95	81.6991
1309.87	83.3762
1311.8	84.7174
1313.73	85.7624
1315.66	86.5402
1317.59	87.1111
1319.52	87.5262
1321.45	87.8081
1323.38	87.9918
1325.31	88.1288
1327.24	88.2507
1329.17	88.3695
1331.1	88.506
1333.02	88.6667
1334.95	88.819
1336.88	88.9562
1338.81	89.121
1340.74	89.3113
1342.67	89.4653
1344.6	89.5679
1346.53	89.6532
1348.46	89.7379
1350.39	89.7896
1352.32	89.7776
1354.24	89.7148
1356.17	89.6086
1358.1	89.46
1360.03	89.3175
1361.96	89.2149
1363.89	89.0926
1365.82	88.887
1367.75	88.5815
1369.68	88.1846
1371.61	87.7272
1373.54	87.1591
1375.47	86.4702
1377.39	85.8706
1379.32	85.4436
1381.25	85.0784
1383.18	84.7287
1385.11	84.2833
1387.04	83.5239
1388.97	82.5724
1390.9	81.6025
1392.83	80.34
1394.76	78.6694
1396.69	76.5931
1398.61	73.5608
1400.54	69.4533
1402.47	64.8507
1404.4	60.3592
1406.33	57.5879
1408.26	57.9028
1410.19	60.8012
1412.12	65.2651
1414.05	69.7813
1415.98	73.6667
1417.91	77.6704
1419.83	81.4584
1421.76	83.9346
1423.69	85.6736
1425.62	87.1218
1427.55	88.0979
1429.48	88.6667
1431.41	88.9759
1433.34	89.0655
1435.27	89.0959
1437.2	89.2299
1439.13	89.3247
1441.06	89.1778
1442.98	88.7818
1444.91	88.2289
1446.84	87.616
1448.77	86.9504
1450.7	86.2862
1452.63	85.7203
1454.56	85.2334
1456.49	84.7097
1458.42	84.0751
1460.35	83.5018
1462.28	82.9898
1464.2	82.4188
1466.13	81.9188
1468.06	81.7662
1469.99	81.9976
1471.92	82.6731
1473.85	83.7306
1475.78	84.8672
1477.71	86.093
1479.64	87.4493
1481.57	88.8419
1483.5	90.1178
1485.43	91.138
1487.35	91.9708
1489.28	92.7987
1491.21	93.4855
1493.14	93.8643
1495.07	94.0773
1497	94.2893
1498.93	94.5632
1500.86	94.7696
1502.79	94.8226
1504.72	94.8023
1506.65	94.9017
1508.57	95.0662
1510.5	95.051
1512.43	95.0129
1514.36	95.1109
1516.29	95.2985
1518.22	95.4232
1520.15	95.5165
1522.08	95.6393
1524.01	95.6978
1525.94	95.7093
1527.87	95.7676
1529.8	95.8386
1531.72	95.8879
1533.65	95.9431
1535.58	95.9582
1537.51	95.8944
1539.44	95.8519
1541.37	95.9775
1543.3	96.1232
1545.23	96.1883
1547.16	96.229
1549.09	96.2513
1551.02	96.2308
1552.94	96.1411
1554.87	96.0097
1556.8	95.9296
1558.73	96.0207
1560.66	96.1601
1562.59	96.172
1564.52	96.113
1566.45	96.02
1568.38	95.9473
1570.31	95.9455
1572.24	95.9533
1574.16	95.9268
1576.09	95.9193
1578.02	95.9538
1579.95	95.9401
1581.88	95.8567
1583.81	95.7594
1585.74	95.686
1587.67	95.6165
1589.6	95.5472
1591.53	95.4778
1593.46	95.3716
1595.39	95.2178
1597.31	95.0204
1599.24	94.7722
1601.17	94.478
1603.1	94.0747
1605.03	93.5048
1606.96	92.8273
1608.89	91.9378
1610.82	90.6877
1612.75	89.3035
1614.68	87.934
1616.61	86.7138
1618.53	86.1907
1620.46	86.3853
1622.39	86.9361
1624.32	87.4412
1626.25	87.5575
1628.18	87.1334
1630.11	86.0356
1632.04	84.5849
1633.97	83.4707
1635.9	83.7274
1637.83	85.6311
1639.76	87.986
1641.68	90.0723
1643.61	91.5037
1645.54	92.3672
1647.47	93.0801
1649.4	93.4877
1651.33	93.5315
1653.26	93.5845
1655.19	93.8284
1657.12	93.9337
1659.05	93.8715
1660.98	93.6999
1662.9	93.5024
1664.83	93.3203
1666.76	93.1211
1668.69	92.9022
1670.62	92.6431
1672.55	92.36
1674.48	92.0026
1676.41	91.4005
1678.34	90.7058
1680.27	90.0805
1682.2	89.2649
1684.12	88.2395
1686.05	87.4364
1687.98	86.487
1689.91	85.194
1691.84	83.745
1693.77	81.9418
1695.7	79.6447
1697.63	77.1126
1699.56	73.8999
1701.49	69.9915
1703.42	66.4122
1705.35	62.7761
1707.27	58.6917
1709.2	55.172
1711.13	52.539
1713.06	50.2653
1714.99	48.4472
1716.92	46.9223
1718.85	45.0943
1720.78	43.8045
1722.71	43.4406
1724.64	43.6749
1726.57	44.7132
1728.49	46.5779
1730.42	48.8074
1732.35	51.8307
1734.28	56.1114
1736.21	60.0572
1738.14	63.3366
1740.07	67.0279
1742	71.0222
1743.93	74.4848
1745.86	77.5142
1747.79	80.4374
1749.72	83.27
1751.64	85.907
1753.57	88.0917
1755.5	89.85
1757.43	91.4539
1759.36	92.8364
1761.29	93.8227
1763.22	94.5542
1765.15	95.0425
1767.08	95.2435
1769.01	95.3995
1770.94	95.6578
1772.86	95.897
1774.79	96.1098
1776.72	96.2677
1778.65	96.2776
1780.58	96.2325
1782.51	96.2488
1784.44	96.3054
1786.37	96.4
1788.3	96.5242
1790.23	96.6596
1792.16	96.8007
1794.08	96.832
1796.01	96.7702
1797.94	96.794
1799.87	96.9089
1801.8	97.0068
1803.73	97.1097
1805.66	97.2187
1807.59	97.2633
1809.52	97.2586
1811.45	97.2372
1813.38	97.2223
1815.31	97.2789
1817.23	97.398
1819.16	97.5074
1821.09	97.5996
1823.02	97.6449
1824.95	97.5858
1826.88	97.5118
1828.81	97.5607
1830.74	97.7214
1832.67	97.8417
1834.6	97.8523
1836.53	97.8565
1838.45	97.9178
1840.38	97.9291
1842.31	97.8655
1844.24	97.8549
1846.17	97.9117
1848.1	97.9907
1850.03	98.1458
1851.96	98.295
1853.89	98.2907
1855.82	98.1858
1857.75	98.0842
1859.68	98.0132
1861.6	98.0318
1863.53	98.1482
1865.46	98.2642
1867.39	98.3623
1869.32	98.5098
1871.25	98.6324
1873.18	98.6069
1875.11	98.5056
1877.04	98.5129
1878.97	98.63
1880.9	98.6793
1882.82	98.6691
1884.75	98.7372
1886.68	98.7991
1888.61	98.7149
1890.54	98.6365
1892.47	98.7481
1894.4	98.9115
1896.33	98.9452
1898.26	98.915
1900.19	98.9342
1902.12	98.9412
1904.05	98.8833
1905.97	98.8523
1907.9	98.9006
1909.83	98.9594
1911.76	98.9661
1913.69	98.9528
1915.62	99.02
1917.55	99.1958
1919.48	99.3195
1921.41	99.2966
1923.34	99.2445
1925.27	99.2214
1927.19	99.2154
1929.12	99.2996
1931.05	99.4629
1932.98	99.5637
1934.91	99.577
1936.84	99.5615
1938.77	99.5405
1940.7	99.5952
1942.63	99.7586
1944.56	99.8794
1946.49	99.8702
1948.41	99.791
1950.34	99.6878
1952.27	99.6624
1954.2	99.8757
1956.13	100.311
1958.06	100.691
1959.99	100.726
1961.92	100.457
1963.85	100.26
1965.78	100.372
1967.71	100.609
1969.64	100.67
1971.56	100.513
1973.49	100.266
1975.42	100.066
1977.35	100.064
1979.28	100.294
1981.21	100.518
1983.14	100.507
1985.07	100.427
1987	100.505
1988.93	100.52
1990.86	100.212
1992.78	99.876
1994.71	99.8749
1996.64	100.054
1998.57	100.188
2000.5	100.273
2002.43	100.255
2004.36	100.117
2006.29	100.123
2008.22	100.368
2010.15	100.491
2012.08	100.318
2014.01	100.159
2015.93	100.211
2017.86	100.296
2019.79	100.298
2021.72	100.31
2023.65	100.348
2025.58	100.306
2027.51	100.185
2029.44	100.159
2031.37	100.281
2033.3	100.299
2035.23	100.061
2037.15	99.8808
2039.08	100.072
2041.01	100.448
2042.94	100.599
2044.87	100.424
2046.8	100.197
2048.73	100.167
2050.66	100.187
2052.59	99.9806
2054.52	99.6698
2056.45	99.5606
2058.37	99.5957
2060.3	99.5374
2062.23	99.4234
2064.16	99.4409
2066.09	99.6362
2068.02	99.9091
2069.95	100.064
2071.88	99.9471
2073.81	99.6787
2075.74	99.5299
2077.67	99.5381
2079.6	99.5742
2081.52	99.6541
2083.45	99.7983
2085.38	99.7979
2087.31	99.5482
2089.24	99.3529
2091.17	99.4692
2093.1	99.6731
2095.03	99.6946
2096.96	99.6646
2098.89	99.7085
2100.82	99.6604
2102.74	99.5256
2104.67	99.5444
2106.6	99.6579
2108.53	99.6076
2110.46	99.4826
2112.39	99.5291
2114.32	99.6706
2116.25	99.685
2118.18	99.5867
2120.11	99.5432
2122.04	99.5969
2123.97	99.65
2125.89	99.6614
2127.82	99.6865
2129.75	99.7494
2131.68	99.8823
2133.61	100.135
2135.54	100.341
2137.47	100.274
2139.4	100.146
2141.33	100.324
2143.26	100.632
2145.19	100.619
2147.11	100.33
2149.04	100.171
2150.97	100.198
2152.9	100.14
2154.83	99.9737
2156.76	99.9236
2158.69	100.021
2160.62	100.139
2162.55	100.173
2164.48	99.9906
2166.41	99.6721
2168.33	99.5451
2170.26	99.6101
2172.19	99.6089
2174.12	99.6042
2176.05	99.7293
2177.98	99.895
2179.91	100.123
2181.84	100.329
2183.77	100.134
2185.7	99.6821
2187.63	99.561
2189.56	99.6761
2191.48	99.5484
2193.41	99.3513
2195.34	99.4494
2197.27	99.6715
2199.2	99.7989
2201.13	99.9228
2203.06	100.011
2204.99	99.901
2206.92	99.7332
2208.85	99.7368
2210.78	99.7965
2212.7	99.7625
2214.63	99.7717
2216.56	99.8576
2218.49	99.8475
2220.42	99.797
2222.35	99.8308
2224.28	99.7778
2226.21	99.5853
2228.14	99.5268
2230.07	99.6303
2232	99.6313
2233.93	99.5368
2235.85	99.5541
2237.78	99.639
2239.71	99.6266
2241.64	99.5351
2243.57	99.4334
2245.5	99.2927
2247.43	99.1259
2249.36	99.0382
2251.29	99.0863
2253.22	99.2138
2255.15	99.2765
2257.07	99.1504
2259	98.9453
2260.93	98.9195
2262.86	99.0687
2264.79	99.1193
2266.72	98.9677
2268.65	98.7838
2270.58	98.7416
2272.51	98.8523
2274.44	98.9513
2276.37	98.8946
2278.29	98.7853
2280.22	98.7639
2282.15	98.7486
2284.08	98.652
2286.01	98.5177
2287.94	98.3235
2289.87	98.0327
2291.8	97.7716
2293.73	97.6463
2295.66	97.5522
2297.59	97.3602
2299.52	97.106
2301.44	96.8792
2303.37	96.6458
2305.3	96.3135
2307.23	95.9347
2309.16	95.6302
2311.09	95.3201
2313.02	94.897
2314.95	94.5082
2316.88	94.1785
2318.81	93.5947
2320.74	92.7321
2322.66	92.0826
2324.59	91.8279
2326.52	91.6634
2328.45	91.4296
2330.38	91.1637
2332.31	90.8976
2334.24	90.6083
2336.17	90.2045
2338.1	89.8132
2340.03	89.7904
2341.96	90.0793
2343.89	90.5009
2345.81	91.2219
2347.74	91.9065
2349.67	91.9611
2351.6	91.1891
2353.53	89.9475
2355.46	89.0791
2357.39	88.8728
2359.32	88.9533
2361.25	88.9491
2363.18	88.849
2365.11	89.1377
2367.03	89.9364
2368.96	90.8844
2370.89	91.9155
2372.82	93.0125
2374.75	93.9316
2376.68	94.6542
2378.61	95.4095
2380.54	96.2611
2382.47	97.0084
2384.4	97.4607
2386.33	97.6742
2388.26	97.8397
2390.18	97.9929
2392.11	98.052
2394.04	98.096
2395.97	98.2419
2397.9	98.3456
2399.83	98.2302
2401.76	98.0232
2403.69	97.9536
2405.62	98.0459
2407.55	98.1715
2409.48	98.2244
2411.4	98.2195
2413.33	98.2488
2415.26	98.3167
2417.19	98.342
2419.12	98.323
2421.05	98.3184
2422.98	98.333
2424.91	98.3506
2426.84	98.3711
2428.77	98.391
2430.7	98.413
2432.62	98.4198
2434.55	98.3844
2436.48	98.3471
2438.41	98.3322
2440.34	98.2736
2442.27	98.1963
2444.2	98.227
2446.13	98.318
2448.06	98.3014
2449.99	98.1996
2451.92	98.1626
2453.85	98.2217
2455.77	98.3025
2457.7	98.3211
2459.63	98.2348
2461.56	98.1168
2463.49	98.0802
2465.42	98.1086
2467.35	98.1255
2469.28	98.1512
2471.21	98.2243
2473.14	98.2943
2475.07	98.3108
2476.99	98.2964
2478.92	98.2812
2480.85	98.2682
2482.78	98.2652
2484.71	98.2662
2486.64	98.2346
2488.57	98.1892
2490.5	98.2255
2492.43	98.3351
2494.36	98.3558
2496.29	98.2554
2498.22	98.2195
2500.14	98.3165
2502.07	98.4117
2504	98.4679
2505.93	98.5538
2507.86	98.6197
2509.79	98.6015
2511.72	98.5702
2513.65	98.5573
2515.58	98.4765
2517.51	98.3308
2519.44	98.2681
2521.36	98.3576
2523.29	98.4704
2525.22	98.4736
2527.15	98.4135
2529.08	98.3753
2531.01	98.3377
2532.94	98.2821
2534.87	98.2398
2536.8	98.224
2538.73	98.2807
2540.66	98.4208
2542.58	98.4647
2544.51	98.2968
2546.44	98.1183
2548.37	98.0955
2550.3	98.1121
2552.23	98.1021
2554.16	98.1594
2556.09	98.2455
2558.02	98.2501
2559.95	98.2315
2561.88	98.2418
2563.81	98.1935
2565.73	98.1301
2567.66	98.1988
2569.59	98.2598
2571.52	98.0885
2573.45	97.8914
2575.38	97.9509
2577.31	98.0541
2579.24	97.9595
2581.17	97.8988
2583.1	98.0225
2585.03	98.0816
2586.95	98.0202
2588.88	98.0656
2590.81	98.1632
2592.74	98.111
2594.67	98.0386
2596.6	98.1022
2598.53	98.1247
2600.46	97.984
2602.39	97.8543
2604.32	97.8316
2606.25	97.8047
2608.18	97.7377
2610.1	97.6784
2612.03	97.5898
2613.96	97.4593
2615.89	97.388
2617.82	97.412
2619.75	97.4392
2621.68	97.4116
2623.61	97.355
2625.54	97.2871
2627.47	97.2023
2629.4	97.1173
2631.32	97.0766
2633.25	97.0997
2635.18	97.1245
2637.11	97.082
2639.04	97.0266
2640.97	97.0432
2642.9	97.0745
2644.83	97.0392
2646.76	96.9996
2648.69	97.0055
2650.62	96.9766
2652.54	96.8952
2654.47	96.8707
2656.4	96.9292
2658.33	96.9656
2660.26	96.9188
2662.19	96.8415
2664.12	96.8172
2666.05	96.8593
2667.98	96.8954
2669.91	96.8801
2671.84	96.8645
2673.77	96.8799
2675.69	96.8885
2677.62	96.8878
2679.55	96.8901
2681.48	96.8606
2683.41	96.8281
2685.34	96.8626
2687.27	96.8873
2689.2	96.8104
2691.13	96.7553
2693.06	96.8231
2694.99	96.8615
2696.91	96.7612
2698.84	96.6592
2700.77	96.6662
2702.7	96.7227
2704.63	96.7643
2706.56	96.7742
2708.49	96.7414
2710.42	96.7108
2712.35	96.7401
2714.28	96.7723
2716.21	96.7109
2718.14	96.5939
2720.06	96.5347
2721.99	96.5557
2723.92	96.5993
2725.85	96.6041
2727.78	96.5202
2729.71	96.3892
2731.64	96.3503
2733.57	96.4057
2735.5	96.3887
2737.43	96.2943
2739.36	96.2998
2741.28	96.4119
2743.21	96.4707
2745.14	96.4314
2747.07	96.3548
2749	96.2959
2750.93	96.3177
2752.86	96.4048
2754.79	96.4324
2756.72	96.3705
2758.65	96.3211
2760.58	96.3036
2762.51	96.2521
2764.43	96.1886
2766.36	96.1687
2768.29	96.1605
2770.22	96.1586
2772.15	96.2333
2774.08	96.3331
2776.01	96.3087
2777.94	96.1912
2779.87	96.1192
2781.8	96.0647
2783.73	95.9604
2785.65	95.8841
2787.58	95.8897
2789.51	95.9267
2791.44	95.9642
2793.37	95.9808
2795.3	95.9442
2797.23	95.8658
2799.16	95.763
2801.09	95.6796
2803.02	95.7167
2804.95	95.8488
2806.87	95.9029
2808.8	95.8283
2810.73	95.7166
2812.66	95.6247
2814.59	95.5735
2816.52	95.5375
2818.45	95.4558
2820.38	95.3634
2822.31	95.2861
2824.24	95.1075
2826.17	94.8415
2828.1	94.6999
2830.02	94.6875
2831.95	94.5861
2833.88	94.3586
2835.81	94.1631
2837.74	94.0684
2839.67	93.9873
2841.6	93.8044
2843.53	93.5254
2845.46	93.2691
2847.39	93.0628
2849.32	92.815
2851.24	92.504
2853.17	92.1559
2855.1	91.7277
2857.03	91.2219
2858.96	90.7419
2860.89	90.3206
2862.82	89.8721
2864.75	89.3596
2866.68	88.8647
2868.61	88.4399
2870.54	88.042
2872.47	87.7068
2874.39	87.6229
2876.32	87.9005
2878.25	88.403
2880.18	88.8738
2882.11	89.1391
2884.04	89.2243
2885.97	89.3121
2887.9	89.4936
2889.83	89.6438
2891.76	89.6333
2893.69	89.4992
2895.61	89.3467
2897.54	89.2164
2899.47	89.0912
2901.4	88.9892
2903.33	88.9476
2905.26	88.9074
2907.19	88.8234
2909.12	88.815
2911.05	88.9153
2912.98	88.9121
2914.91	88.701
2916.83	88.4336
2918.76	88.1993
2920.69	87.9426
2922.62	87.6332
2924.55	87.259
2926.48	86.8145
2928.41	86.3646
2930.34	86.0039
2932.27	85.7985
2934.2	85.7735
2936.13	85.9114
2938.06	86.1749
2939.98	86.4868
2941.91	86.7501
2943.84	86.9573
2945.77	87.1081
2947.7	87.0629
2949.63	86.7429
2951.56	86.3088
2953.49	85.9284
2955.42	85.5983
2957.35	85.2703
2959.28	85.0138
2961.2	85.0445
2963.13	85.5106
2965.06	86.2811
2966.99	87.1653
2968.92	88.1392
2970.85	89.1459
2972.78	90.0514
2974.71	90.8449
2976.64	91.5297
2978.57	92.0646
2980.5	92.5641
2982.43	93.1102
2984.35	93.5118
2986.28	93.6859
2988.21	93.8687
2990.14	94.1828
2992.07	94.5168
2994	94.824
2995.93	95.0929
2997.86	95.2552
2999.79	95.3469
3001.72	95.4659
3003.65	95.6205
3005.57	95.8054
3007.5	95.9849
3009.43	96.0396
3011.36	96.0274
3013.29	96.1785
3015.22	96.4258
3017.15	96.477
3019.08	96.3995
3021.01	96.4802
3022.94	96.6419
3024.87	96.6145
3026.79	96.4274
3028.72	96.2898
3030.65	96.2678
3032.58	96.3007
3034.51	96.3071
3036.44	96.2456
3038.37	96.2029
3040.3	96.3188
3042.23	96.5383
3044.16	96.6264
3046.09	96.5118
3048.02	96.3848
3049.94	96.3997
3051.87	96.5204
3053.8	96.6618
3055.73	96.7509
3057.66	96.7188
3059.59	96.5994
3061.52	96.5018
3063.45	96.4449
3065.38	96.3964
3067.31	96.4015
3069.24	96.5085
3071.16	96.6526
3073.09	96.7015
3075.02	96.5981
3076.95	96.4758
3078.88	96.536
3080.81	96.7286
3082.74	96.7943
3084.67	96.7173
3086.6	96.7253
3088.53	96.8001
3090.46	96.7011
3092.39	96.4479
3094.31	96.2844
3096.24	96.2945
3098.17	96.3918
3100.1	96.4667
3102.03	96.3786
3103.96	96.1276
3105.89	95.9647
3107.82	95.9737
3109.75	95.9225
3111.68	95.8251
3113.61	95.9827
3115.53	96.2538
3117.46	96.1918
3119.39	95.928
3121.32	95.9317
3123.25	96.1596
3125.18	96.2989
3127.11	96.3652
3129.04	96.4722
3130.97	96.5569
3132.9	96.5547
3134.83	96.4531
3136.75	96.2749
3138.68	96.1305
3140.61	96.0903
3142.54	96.1103
3144.47	96.1504
3146.4	96.1655
3148.33	96.1115
3150.26	96.0908
3152.19	96.2097
3154.12	96.3272
3156.05	96.2611
3157.98	96.0934
3159.9	96.0247
3161.83	96.0936
3163.76	96.1924
3165.69	96.2365
3167.62	96.2329
3169.55	96.2254
3171.48	96.2337
3173.41	96.2306
3175.34	96.1499
3177.27	95.9792
3179.2	95.8413
3181.12	95.8365
3183.05	95.8485
3184.98	95.7404
3186.91	95.6453
3188.84	95.7441
3190.77	95.9067
3192.7	95.9184
3194.63	95.8348
3196.56	95.756
3198.49	95.6151
3200.42	95.4726
3202.35	95.5181
3204.27	95.6688
3206.2	95.678
3208.13	95.5509
3210.06	95.4597
3211.99	95.489
3213.92	95.6325
3215.85	95.7681
3217.78	95.7415
3219.71	95.6271
3221.64	95.5737
3223.57	95.4853
3225.49	95.2989
3227.42	95.2185
3229.35	95.2829
3231.28	95.2637
3233.21	95.1642
3235.14	95.1462
3237.07	95.1033
3239	94.9191
3240.93	94.7699
3242.86	94.7553
3244.79	94.7471
3246.72	94.7208
3248.64	94.7437
3250.57	94.7514
3252.5	94.6841
3254.43	94.6084
3256.36	94.5603
3258.29	94.5174
3260.22	94.5053
3262.15	94.5317
3264.08	94.5367
3266.01	94.5149
3267.94	94.5026
3269.86	94.4605
3271.79	94.3911
3273.72	94.4071
3275.65	94.4518
3277.58	94.3128
3279.51	94.0707
3281.44	93.999
3283.37	94.0442
3285.3	93.993
3287.23	93.9126
3289.16	93.9219
3291.08	93.9003
3293.01	93.7285
3294.94	93.4712
3296.87	93.2719
3298.8	93.2642
3300.73	93.4449
3302.66	93.6011
3304.59	93.5361
3306.52	93.3298
3308.45	93.2433
3310.38	93.3473
3312.31	93.3837
3314.23	93.2026
3316.16	93.0778
3318.09	93.21
3320.02	93.34
3321.95	93.2423
3323.88	93.0742
3325.81	92.9861
3327.74	92.9265
3329.67	92.8465
3331.6	92.7259
3333.53	92.5704
3335.45	92.4912
3337.38	92.544
3339.31	92.6261
3341.24	92.677
3343.17	92.6916
3345.1	92.6027
3347.03	92.4553
3348.96	92.4184
3350.89	92.4716
3352.82	92.4819
3354.75	92.4696
3356.68	92.4803
3358.6	92.481
3360.53	92.4634
3362.46	92.3772
3364.39	92.1543
3366.32	91.9236
3368.25	91.8519
3370.18	91.8751
3372.11	91.9388
3374.04	92.143
3375.97	92.4013
3377.9	92.4749
3379.82	92.4082
3381.75	92.3685
3383.68	92.275
3385.61	92.0935
3387.54	92.0365
3389.47	92.1092
3391.4	92.0874
3393.33	92.024
3395.26	92.1057
3397.19	92.1895
3399.12	92.0742
3401.04	91.8792
3402.97	91.8111
3404.9	91.8966
3406.83	92.0037
3408.76	91.9811
3410.69	91.8971
3412.62	91.9769
3414.55	92.1406
3416.48	92.0891
3418.41	91.9243
3420.34	92.003
3422.27	92.2293
3424.19	92.2482
3426.12	92.0879
3428.05	91.9458
3429.98	91.8557
3431.91	91.8325
3433.84	91.8574
3435.77	91.815
3437.7	91.7439
3439.63	91.7867
3441.56	91.8851
3443.49	91.9392
3445.41	92.0007
3447.34	92.0479
3449.27	92.0242
3451.2	92.0407
3453.13	92.0885
3455.06	91.9988
3456.99	91.9082
3458.92	92.1018
3460.85	92.4544
3462.78	92.6397
3464.71	92.5768
3466.64	92.3422
3468.56	92.0544
3470.49	91.8793
3472.42	91.8515
3474.35	91.8607
3476.28	91.8798
3478.21	91.9758
3480.14	92.0976
3482.07	92.0519
3484	91.8278
3485.93	91.7351
3487.86	91.9081
3489.78	92.0573
3491.71	92.0635
3493.64	92.2067
3495.57	92.458
3497.5	92.3943
3499.43	92.0226
3501.36	91.7782
3503.29	91.7907
3505.22	91.8733
3507.15	91.9795
3509.08	92.0893
3511	92.0352
3512.93	91.847
3514.86	91.7769
3516.79	91.8568
3518.72	91.9145
3520.65	91.9256
3522.58	91.9689
3524.51	92.0143
3526.44	92.0404
3528.37	92.1209
3530.3	92.2577
3532.23	92.3569
3534.15	92.351
3536.08	92.2439
3538.01	92.1395
3539.94	92.1486
3541.87	92.2158
3543.8	92.196
3545.73	92.0557
3547.66	91.9391
3549.59	92.0272
3551.52	92.3417
3553.45	92.6672
3555.37	92.8032
3557.3	92.8901
3559.23	93.0741
3561.16	93.1978
3563.09	93.1723
3565.02	93.2057
3566.95	93.4021
3568.88	93.571
3570.81	93.6723
3572.74	93.8674
3574.67	94.1992
3576.6	94.5362
3578.52	94.6989
3580.45	94.6529
3582.38	94.5253
3584.31	94.3858
3586.24	94.2219
3588.17	94.2305
3590.1	94.5965
3592.03	95.0844
3593.96	95.4389
3595.89	95.6345
3597.82	95.8356
3599.74	96.0305
3601.67	95.9666
3603.6	95.6744
3605.53	95.4987
3607.46	95.5933
3609.39	95.9028
3611.32	96.3396
3613.25	96.6509
3615.18	96.5697
3617.11	96.2805
3619.04	96.1259
3620.97	96.1499
3622.89	96.2543
3624.82	96.3034
3626.75	96.1712
3628.68	96.1584
3630.61	96.6361
3632.54	96.9461
3634.47	96.7984
3636.4	96.7121
3638.33	96.8737
3640.26	96.8869
3642.19	96.7127
3644.11	96.6927
3646.04	96.8617
3647.97	97.1085
3649.9	97.3678
3651.83	97.3718
3653.76	97.2224
3655.69	97.2116
3657.62	97.2595
3659.55	97.1724
3661.48	97.1705
3663.41	97.305
3665.33	97.1976
3667.26	96.8905
3669.19	96.9773
3671.12	97.3906
3673.05	97.3141
3674.98	96.9279
3676.91	96.9157
3678.84	97.0519
3680.77	96.9708
3682.7	96.8723
3684.63	96.8757
3686.56	96.9514
3688.48	97.2557
3690.41	97.703
3692.34	97.7489
3694.27	97.5199
3696.2	97.4153
3698.13	97.3716
3700.06	97.15
3701.99	96.8448
3703.92	96.6584
3705.85	96.5545
3707.78	96.548
3709.7	96.7539
3711.63	97.0708
3713.56	97.2553
3715.49	97.2573
3717.42	97.0695
3719.35	96.8428
3721.28	96.9277
3723.21	97.2486
3725.14	97.3097
3727.07	97.0905
3729	96.9363
3730.93	96.7849
3732.85	96.416
3734.78	96.1712
3736.71	96.679
3738.64	97.4634
3740.57	97.7793
3742.5	97.6339
3744.43	97.4578
3746.36	97.5458
3748.29	97.5794
3750.22	97.4562
3752.15	97.4371
3754.07	97.4863
3756	97.4522
3757.93	97.4885
3759.86	97.6894
3761.79	97.8262
3763.72	97.7466
3765.65	97.5309
3767.58	97.3969
3769.51	97.5683
3771.44	97.856
3773.37	97.7904
3775.29	97.4339
3777.22	97.2734
3779.15	97.4837
3781.08	97.6838
3783.01	97.6581
3784.94	97.5788
3786.87	97.5301
3788.8	97.4912
3790.73	97.4951
3792.66	97.5606
3794.59	97.6275
3796.52	97.5813
3798.44	97.398
3800.37	97.2571
3802.3	97.2996
3804.23	97.3411
3806.16	97.3236
3808.09	97.4434
3810.02	97.5944
3811.95	97.5319
3813.88	97.369
3815.81	97.3324
3817.74	97.3559
3819.66	97.3394
3821.59	97.4795
3823.52	97.7097
3825.45	97.6988
3827.38	97.4713
3829.31	97.2566
3831.24	97.1324
3833.17	97.0353
3835.1	97.0511
3837.03	97.3332
3838.96	97.6784
3840.89	97.729
3842.81	97.642
3844.74	97.6264
3846.67	97.525
3848.6	97.2691
3850.53	97.0827
3852.46	97.1815
3854.39	97.4146
3856.32	97.4511
3858.25	97.4016
3860.18	97.4059
3862.11	97.4965
3864.03	97.5852
3865.96	97.5346
3867.89	97.3947
3869.82	97.3373
3871.75	97.4253
3873.68	97.5093
3875.61	97.467
3877.54	97.3814
3879.47	97.3564
3881.4	97.32
3883.33	97.233
3885.25	97.2864
3887.18	97.4628
3889.11	97.4677
3891.04	97.3265
3892.97	97.3112
3894.9	97.3877
3896.83	97.3804
3898.76	97.3799
3900.69	97.5271
3902.62	97.7045
3904.55	97.7295
3906.48	97.6163
3908.4	97.5056
3910.33	97.4884
3912.26	97.4997
3914.19	97.4307
3916.12	97.3666
3918.05	97.4451
3919.98	97.5302
3921.91	97.477
3923.84	97.3956
3925.77	97.3844
3927.7	97.424
3929.62	97.5107
3931.55	97.5867
3933.48	97.5466
3935.41	97.4591
3937.34	97.413
3939.27	97.3698
3941.2	97.3792
3943.13	97.5384
3945.06	97.7103
3946.99	97.7021
3948.92	97.53
3950.85	97.3287
3952.77	97.2468
3954.7	97.3182
3956.63	97.3697
3958.56	97.2797
3960.49	97.2258
3962.42	97.3512
3964.35	97.4775
3966.28	97.4518
3968.21	97.3929
3970.14	97.4034
3972.07	97.4237
3973.99	97.4597
3975.92	97.5726
3977.85	97.6249
3979.78	97.4771
3981.71	97.3048
3983.64	97.2826
3985.57	97.2753
3987.5	97.2028
3989.43	97.2068
3991.36	97.2893
3993.29	97.3317
3995.22	97.3747
3997.14	97.4595
