499.643	80.6057
501.572	80.5457
503.501	80.1479
505.43	80.6424
507.36	81.4856
509.289	81.5558
511.218	81.035
513.147	80.9615
515.076	81.4407
517.005	81.582
518.934	81.0281
520.863	80.6073
522.792	80.8756
524.722	81.3776
526.651	81.5433
528.58	81.4635
530.509	81.3414
532.438	81.0705
534.367	80.7259
536.296	80.6651
538.225	81.0149
540.155	81.439
542.084	81.5152
544.013	81.2826
545.942	81.1918
547.871	81.4363
549.8	81.7109
551.729	81.7279
553.658	81.6071
555.588	81.6562
557.517	81.9026
559.446	82.0327
561.375	81.8945
563.304	81.7159
565.233	81.6855
567.162	81.7576
569.091	81.8579
571.021	81.912
572.95	81.8384
574.879	81.7312
576.808	81.8754
578.737	82.3568
580.666	82.7797
582.595	82.7191
584.524	82.3359
586.454	82.0838
588.383	82.058
590.312	82.0971
592.241	82.1031
594.17	82.0687
596.099	82.0837
598.028	82.1791
599.957	82.1845
601.887	82.0453
603.816	81.924
605.745	81.7874
607.674	81.5237
609.603	81.3473
611.532	81.4339
613.461	81.5488
615.39	81.5151
617.32	81.4968
619.249	81.5871
621.178	81.647
623.107	81.6454
625.036	81.7209
626.965	81.9065
628.894	82.0713
630.823	82.1423
632.753	82.1766
634.682	82.2548
636.611	82.3973
638.54	82.5602
640.469	82.738
642.398	82.9706
644.327	83.136
646.256	83.06
648.186	82.8942
650.115	82.9232
652.044	83.07
653.973	83.1091
655.902	83.0346
657.831	82.8951
659.76	82.7041
661.689	82.5697
663.619	82.4679
665.548	82.1666
667.477	81.7187
669.406	81.9063
671.335	82.5389
673.264	82.9217
675.193	83.1617
677.122	83.4573
679.052	83.7764
680.981	84.1168
682.91	84.5611
684.839	84.9884
686.768	85.2538
688.697	85.4905
690.626	85.8562
692.555	86.2422
694.485	86.5396
696.414	86.8321
698.343	87.1535
700.272	87.3962
702.201	87.5128
704.13	87.565
706.059	87.6112
707.988	87.6766
709.917	87.7759
711.847	87.9037
713.776	87.9977
715.705	87.9648
717.634	87.8033
719.563	87.6369
721.492	87.5714
723.421	87.5624
725.35	87.4975
727.28	87.3157
729.209	87.0114
731.138	86.6021
733.067	86.115
734.996	85.6184
736.925	85.2414
738.854	85.0873
740.783	85.1224
742.713	85.2369
744.642	85.3814
746.571	85.5297
748.5	85.6315
750.429	85.7146
752.358	85.8542
754.287	86.0158
756.216	86.1272
758.146	86.2192
760.075	86.337
762.004	86.4653
763.933	86.6003
765.862	86.7452
767.791	86.854
769.72	86.8782
771.649	86.824
773.579	86.7341
775.508	86.6406
777.437	86.5418
779.366	86.4281
781.295	86.2956
783.224	86.0927
785.153	85.7238
787.082	85.1544
789.012	84.4502
790.941	83.6766
792.87	82.7667
794.799	81.4673
796.728	79.3942
798.657	76.0843
800.586	71.0985
802.515	64.5848
804.445	58.0279
806.374	53.8223
808.303	53.5293
810.232	56.8483
812.161	62.3883
814.09	68.7812
816.019	74.8435
817.948	79.5611
819.878	82.5522
821.807	84.1825
823.736	85.0248
825.665	85.4368
827.594	85.5768
829.523	85.5138
831.452	85.2611
833.381	84.8263
835.311	84.2641
837.24	83.6179
839.169	82.8494
841.098	81.9589
843.027	81.1327
844.956	80.6266
846.885	80.5564
848.814	80.88
850.744	81.4688
852.673	82.1555
854.602	82.7931
856.531	83.3022
858.46	83.6638
860.389	83.8774
862.318	83.9511
864.247	83.948
866.177	83.9611
868.106	83.9929
870.035	83.9625
871.964	83.8524
873.893	83.719
875.822	83.5786
877.751	83.4121
879.68	83.2359
881.609	83.0777
883.539	82.9237
885.468	82.7241
887.397	82.4383
889.326	82.0833
891.255	81.7257
893.184	81.4112
895.113	81.1405
897.042	80.9145
898.972	80.7606
900.901	80.7204
902.83	80.8194
904.759	81.0123
906.688	81.1809
908.617	81.2342
910.546	81.1699
912.475	81.0218
914.405	80.8168
916.334	80.5778
918.263	80.3007
920.192	79.959
922.121	79.5734
924.05	79.2231
925.979	78.9489
927.908	78.6965
929.838	78.3944
931.767	78.0339
933.696	77.6224
935.625	77.1345
937.554	76.5702
939.483	75.9772
941.412	75.359
943.341	74.62
945.271	73.6428
947.2	72.4144
949.129	71.0718
951.058	69.7715
952.987	68.4867
954.916	66.9867
956.845	65.0343
958.774	62.6153
960.704	60.0172
962.633	57.6621
964.562	55.8263
966.491	54.532
968.42	53.6542
970.349	53.0274
972.278	52.4732
974.207	51.8349
976.137	51.0198
978.066	50.0541
979.995	49.1597
981.924	48.7084
983.853	48.9765
985.782	49.9427
987.711	51.3718
989.64	53.0435
991.57	54.8222
993.499	56.5702
995.428	58.1158
997.357	59.3286
999.286	60.1642
1001.22	60.6292
1003.14	60.7617
1005.07	60.6751
1007	60.57
1008.93	60.622
1010.86	60.8546
1012.79	61.1643
1014.72	61.4363
1016.65	61.5784
1018.58	61.5052
1020.51	61.1719
1022.44	60.5974
1024.36	59.866
1026.29	59.1851
1028.22	58.8321
1030.15	58.8587
1032.08	58.9461
1034.01	58.7135
1035.94	58.0436
1037.87	57.0139
1039.8	55.7219
1041.73	54.2839
1043.66	52.8213
1045.58	51.3619
1047.51	49.8385
1049.44	48.1863
1051.37	46.4317
1053.3	44.7573
1055.23	43.492
1057.16	42.9518
1059.09	43.248
1061.02	44.2648
1062.95	45.802
1064.88	47.6917
1066.81	49.8305
1068.73	52.2207
1070.66	54.9552
1072.59	58.0461
1074.52	61.3094
1076.45	64.4962
1078.38	67.4549
1080.31	70.1139
1082.24	72.4001
1084.17	74.2279
1086.1	75.5352
1088.03	76.322
1089.95	76.6489
1091.88	76.5789
1093.81	76.1461
1095.74	75.4068
1097.67	74.4806
1099.6	73.4924
1101.53	72.4998
1103.46	71.514
1105.39	70.5524
1107.32	69.6423
1109.25	68.8311
1111.18	68.1952
1113.1	67.7935
1115.03	67.6374
1116.96	67.7132
1118.89	67.9676
1120.82	68.2804
1122.75	68.5257
1124.68	68.6315
1126.61	68.5375
1128.54	68.1497
1130.47	67.348
1132.4	65.9931
1134.32	63.9838
1136.25	61.3767
1138.18	58.3845
1140.11	55.2359
1142.04	52.1147
1143.97	49.1909
1145.9	46.5858
1147.83	44.3285
1149.76	42.3858
1151.69	40.6978
1153.62	39.2168
1155.55	37.9553
1157.47	36.9508
1159.4	36.1992
1161.33	35.6796
1163.26	35.3941
1165.19	35.33
1167.12	35.4352
1169.05	35.661
1170.98	35.9862
1172.91	36.3889
1174.84	36.855
1176.77	37.4204
1178.69	38.1331
1180.62	38.98
1182.55	39.9138
1184.48	40.916
1186.41	41.9943
1188.34	43.1568
1190.27	44.4073
1192.2	45.7464
1194.13	47.1659
1196.06	48.6336
1197.99	50.1228
1199.91	51.6684
1201.84	53.3118
1203.77	55.0145
1205.7	56.7287
1207.63	58.4711
1209.56	60.2543
1211.49	62.0606
1213.42	63.8882
1215.35	65.6908
1217.28	67.319
1219.21	68.6705
1221.14	69.8374
1223.06	70.9535
1224.99	71.971
1226.92	72.7312
1228.85	73.1626
1230.78	73.2697
1232.71	73.0462
1234.64	72.5183
1236.57	71.7512
1238.5	70.7717
1240.43	69.5801
1242.36	68.2096
1244.28	66.7107
1246.21	65.1418
1248.14	63.5943
1250.07	62.1671
1252	60.9218
1253.93	59.8867
1255.86	59.0816
1257.79	58.5333
1259.72	58.2595
1261.65	58.2383
1263.58	58.4374
1265.51	58.8564
1267.43	59.5003
1269.36	60.3453
1271.29	61.3543
1273.22	62.4822
1275.15	63.6559
1277.08	64.8016
1279.01	65.9013
1280.94	66.9627
1282.87	67.9366
1284.8	68.7209
1286.73	69.1873
1288.65	69.1807
1290.58	68.6906
1292.51	68.0668
1294.44	67.8811
1296.37	68.5484
1298.3	70.1141
1300.23	72.3287
1302.16	74.8389
1304.09	77.3312
1306.02	79.5861
1307.95	81.4789
1309.87	82.993
1311.8	84.1853
1313.73	85.1041
1315.66	85.7822
1317.59	86.2707
1319.52	86.6157
1321.45	86.8385
1323.38	86.965
1325.31	87.0475
1327.24	87.1363
1329.17	87.2432
1331.1	87.3648
1333.02	87.5039
1334.95	87.6458
1336.88	87.7836
1338.81	87.9435
1340.74	88.1232
1342.67	88.2761
1344.6	88.3954
1346.53	88.5115
1348.46	88.6199
1350.39	88.6726
1352.32	88.6603
1354.24	88.6135
1356.17	88.5159
1358.1	88.3582
1360.03	88.2213
1361.96	88.151
1363.89	88.0606
1365.82	87.8843
1367.75	87.6184
1369.68	87.2509
1371.61	86.7998
1373.54	86.2386
1375.47	85.5673
1377.39	84.9784
1379.32	84.5537
1381.25	84.1868
1383.18	83.8292
1385.11	83.3811
1387.04	82.6337
1388.97	81.6987
1390.9	80.7725
1392.83	79.6317
1394.76	78.1534
1396.69	76.3206
1398.61	73.6936
1400.54	70.2042
1402.47	66.2939
1404.4	62.4001
1406.33	59.9178
1408.26	60.1221
1410.19	62.6589
1412.12	66.6816
1414.05	70.8277
1415.98	74.4425
1417.91	78.1953
1419.83	81.7629
1421.76	84.0907
1423.69	85.6758
1425.62	86.9499
1427.55	87.7909
1429.48	88.2512
1431.41	88.444
1433.34	88.4349
1435.27	88.3716
1437.2	88.3542
1439.13	88.2736
1441.06	87.9889
1442.98	87.4798
1444.91	86.8325
1446.84	86.1476
1448.77	85.4317
1450.7	84.767
1452.63	84.2657
1454.56	83.8927
1456.49	83.5339
1458.42	83.0574
1460.35	82.5632
1462.28	82.1101
1464.2	81.6286
1466.13	81.24
1468.06	81.1814
1469.99	81.4999
1471.92	82.2692
1473.85	83.3922
1475.78	84.5462
1477.71	85.7677
1479.64	87.1135
1481.57	88.5103
1483.5	89.8157
1485.43	90.8794
1487.35	91.7675
1489.28	92.6524
1491.21	93.3591
1493.14	93.7389
1495.07	93.9744
1497	94.2177
1498.93	94.4932
1500.86	94.6919
1502.79	94.7485
1504.72	94.7282
1506.65	94.8312
1508.57	95.0253
1510.5	95.0158
1512.43	94.956
1514.36	95.0528
1516.29	95.2819
1518.22	95.436
1520.15	95.4993
1522.08	95.5733
1524.01	95.6244
1525.94	95.6561
1527.87	95.725
1529.8	95.7947
1531.72	95.846
1533.65	95.8916
1535.58	95.8678
1537.51	95.7768
1539.44	95.7801
1541.37	95.9818
1543.3	96.0963
1545.23	96.1025
1547.16	96.1346
1549.09	96.1718
1551.02	96.1462
1552.94	96.0439
1554.87	95.9289
1556.8	95.8912
1558.73	96.004
1560.66	96.1204
1562.59	96.1163
1564.52	96.0524
1566.45	95.9606
1568.38	95.9024
1570.31	95.9183
1572.24	95.9309
1574.16	95.9052
1576.09	95.8944
1578.02	95.9065
1579.95	95.8669
1581.88	95.7709
1583.81	95.6744
1585.74	95.61
1587.67	95.5493
1589.6	95.485
1591.53	95.4255
1593.46	95.3357
1595.39	95.1896
1597.31	94.999
1599.24	94.7813
1601.17	94.5349
1603.1	94.1802
1605.03	93.6633
1606.96	93.0483
1608.89	92.2372
1610.82	91.0835
1612.75	89.7951
1614.68	88.5251
1616.61	87.4196
1618.53	86.9669
1620.46	87.1567
1622.39	87.6575
1624.32	88.102
1626.25	88.1816
1628.18	87.7689
1630.11	86.7523
1632.04	85.4379
1633.97	84.4639
1635.9	84.7375
1637.83	86.4408
1639.76	88.5212
1641.68	90.3781
1643.61	91.6719
1645.54	92.4712
1647.47	93.1196
1649.4	93.4732
1651.33	93.5093
1653.26	93.5626
1655.19	93.7718
1657.12	93.849
1659.05	93.7668
1660.98	93.5755
1662.9	93.3781
1664.83	93.2145
1666.76	93.0268
1668.69	92.8068
1670.62	92.5398
1672.55	92.2445
1674.48	91.8681
1676.41	91.2379
1678.34	90.5135
1680.27	89.8635
1682.2	89.0243
1684.12	87.9665
1686.05	87.1199
1687.98	86.1215
1689.91	84.7817
1691.84	83.3007
1693.77	81.4817
1695.7	79.1671
1697.63	76.6003
1699.56	73.3584
1701.49	69.4575
1703.42	65.9093
1705.35	62.3076
1707.27	58.2447
1709.2	54.7157
1711.13	52.0504
1713.06	49.7365
1714.99	47.8634
1716.92	46.2882
1718.85	44.4838
1720.78	43.2672
1722.71	42.9647
1724.64	43.2264
1726.57	44.2243
1728.49	45.9696
1730.42	48.0383
1732.35	50.8416
1734.28	54.7815
1736.21	58.3785
1738.14	61.3858
1740.07	64.7956
1742	68.4964
1743.93	71.8125
1745.86	74.8963
1747.79	78.019
1749.72	81.1602
1751.64	84.1396
1753.57	86.6394
1755.5	88.6923
1757.43	90.5616
1759.36	92.1555
1761.29	93.3013
1763.22	94.1485
1765.15	94.7204
1767.08	94.9951
1769.01	95.2137
1770.94	95.5022
1772.86	95.7556
1774.79	95.9944
1776.72	96.1731
1778.65	96.189
1780.58	96.145
1782.51	96.1584
1784.44	96.2064
1786.37	96.2995
1788.3	96.4362
1790.23	96.5964
1792.16	96.7743
1794.08	96.829
1796.01	96.7543
1797.94	96.7557
1799.87	96.8835
1801.8	97.0265
1803.73	97.1411
1805.66	97.2129
1807.59	97.2281
1809.52	97.2338
1811.45	97.2169
1813.38	97.1695
1815.31	97.2034
1817.23	97.3388
1819.16	97.4535
1821.09	97.501
1823.02	97.5046
1824.95	97.4775
1826.88	97.4803
1828.81	97.5544
1830.74	97.6631
1832.67	97.7436
1834.6	97.7868
1836.53	97.8451
1838.45	97.9144
1840.38	97.91
1842.31	97.8562
1844.24	97.8501
1846.17	97.8677
1848.1	97.9149
1850.03	98.0859
1851.96	98.2835
1853.89	98.3212
1855.82	98.2229
1857.75	98.098
1859.68	97.996
1861.6	97.9803
1863.53	98.0713
1865.46	98.1937
1867.39	98.3047
1869.32	98.428
1871.25	98.5206
1873.18	98.4875
1875.11	98.3739
1877.04	98.3779
1878.97	98.5417
1880.9	98.6606
1882.82	98.6898
1884.75	98.7694
1886.68	98.8335
1888.61	98.7311
1890.54	98.6142
1892.47	98.6928
1894.4	98.8389
1896.33	98.8709
1898.26	98.8616
1900.19	98.9178
1902.12	98.9432
1904.05	98.851
1905.97	98.7555
1907.9	98.7804
1909.83	98.8842
1911.76	98.9484
1913.69	98.9647
1915.62	99.0489
1917.55	99.2169
1919.48	99.2797
1921.41	99.1874
1923.34	99.1211
1925.27	99.1324
1927.19	99.1532
1929.12	99.2191
1931.05	99.3365
1932.98	99.4256
1934.91	99.4842
1936.84	99.521
1938.77	99.531
1940.7	99.6209
1942.63	99.8114
1944.56	99.8991
1946.49	99.8276
1948.41	99.7449
1950.34	99.6912
1952.27	99.6607
1954.2	99.7827
1956.13	100.149
1958.06	100.55
1959.99	100.641
1961.92	100.421
1963.85	100.273
1965.78	100.408
1967.71	100.628
1969.64	100.677
1971.56	100.552
1973.49	100.36
1975.42	100.188
1977.35	100.148
1979.28	100.322
1981.21	100.569
1983.14	100.626
1985.07	100.526
1987	100.489
1988.93	100.41
1990.86	100.071
1992.78	99.7352
1994.71	99.8023
1996.64	100.118
1998.57	100.311
2000.5	100.313
2002.43	100.232
2004.36	100.149
2006.29	100.183
2008.22	100.362
2010.15	100.465
2012.08	100.335
2014.01	100.167
2015.93	100.167
2017.86	100.269
2019.79	100.347
2021.72	100.41
2023.65	100.417
2025.58	100.254
2027.51	100.013
2029.44	99.992
2031.37	100.215
2033.3	100.312
2035.23	100.143
2037.15	100.054
2039.08	100.261
2041.01	100.534
2042.94	100.609
2044.87	100.462
2046.8	100.257
2048.73	100.2
2050.66	100.238
2052.59	100.091
2054.52	99.7905
2056.45	99.6448
2058.37	99.661
2060.3	99.6136
2062.23	99.5265
2064.16	99.5452
2066.09	99.6382
2068.02	99.7495
2069.95	99.8463
2071.88	99.7871
2073.81	99.5654
2075.74	99.4521
2077.67	99.5545
2079.6	99.667
2081.52	99.6986
2083.45	99.7152
2085.38	99.635
2087.31	99.4252
2089.24	99.3316
2091.17	99.4696
2093.1	99.6069
2095.03	99.6407
2096.96	99.7379
2098.89	99.8381
2100.82	99.7045
2102.74	99.4839
2104.67	99.4827
2106.6	99.5747
2108.53	99.5133
2110.46	99.4558
2112.39	99.5865
2114.32	99.7324
2116.25	99.7256
2118.18	99.6624
2120.11	99.6689
2122.04	99.7371
2123.97	99.7823
2125.89	99.753
2127.82	99.7093
2129.75	99.7467
2131.68	99.8976
2133.61	100.113
2135.54	100.213
2137.47	100.083
2139.4	100.004
2141.33	100.285
2143.26	100.63
2145.19	100.562
2147.11	100.246
2149.04	100.155
2150.97	100.247
2152.9	100.211
2154.83	100.121
2156.76	100.173
2158.69	100.265
2160.62	100.31
2162.55	100.326
2164.48	100.123
2166.41	99.7051
2168.33	99.5076
2170.26	99.6112
2172.19	99.65
2174.12	99.6299
2176.05	99.8042
2177.98	100.097
2179.91	100.353
2181.84	100.444
2183.77	100.172
2185.7	99.7581
2187.63	99.6957
2189.56	99.842
2191.48	99.7318
2193.41	99.5101
2195.34	99.5323
2197.27	99.7092
2199.2	99.8952
2201.13	100.12
2203.06	100.206
2204.99	99.9748
2206.92	99.7478
2208.85	99.8695
2210.78	100.088
2212.7	100.066
2214.63	99.9539
2216.56	99.9209
2218.49	99.8612
2220.42	99.795
2222.35	99.8241
2224.28	99.8098
2226.21	99.6759
2228.14	99.6007
2230.07	99.6267
2232	99.6186
2233.93	99.5822
2235.85	99.5955
2237.78	99.6251
2239.71	99.6292
2241.64	99.6047
2243.57	99.5149
2245.5	99.3486
2247.43	99.1772
2249.36	99.0814
2251.29	99.1114
2253.22	99.2556
2255.15	99.3561
2257.07	99.2545
2259	99.0777
2260.93	99.0731
2262.86	99.1954
2264.79	99.2075
2266.72	99.0716
2268.65	98.9431
2270.58	98.9442
2272.51	99.0708
2274.44	99.1726
2276.37	99.1107
2278.29	98.9673
2280.22	98.8859
2282.15	98.8246
2284.08	98.6973
2286.01	98.5356
2287.94	98.3718
2289.87	98.1826
2291.8	97.9982
2293.73	97.8894
2295.66	97.826
2297.59	97.677
2299.52	97.4098
2301.44	97.1525
2303.37	96.9517
2305.3	96.6865
2307.23	96.3668
2309.16	96.168
2311.09	96.041
2313.02	95.77
2314.95	95.3938
2316.88	94.9906
2318.81	94.3917
2320.74	93.644
2322.66	93.1739
2324.59	93.0521
2326.52	92.9516
2328.45	92.7681
2330.38	92.5711
2332.31	92.3596
2334.24	92.0933
2336.17	91.7261
2338.1	91.4029
2340.03	91.417
2341.96	91.6526
2343.89	91.9267
2345.81	92.4553
2347.74	92.98
2349.67	92.9539
2351.6	92.2398
2353.53	91.2622
2355.46	90.7703
2357.39	90.8483
2359.32	91.0623
2361.25	91.024
2363.18	90.7243
2365.11	90.7785
2367.03	91.4632
2368.96	92.348
2370.89	93.1854
2372.82	94.0073
2374.75	94.7442
2376.68	95.367
2378.61	95.9713
2380.54	96.5895
2382.47	97.116
2384.4	97.4564
2386.33	97.6723
2388.26	97.878
2390.18	98.0349
2392.11	98.0521
2394.04	98.044
2395.97	98.1624
2397.9	98.2685
2399.83	98.1457
2401.76	97.893
2403.69	97.7823
2405.62	97.8909
2407.55	98.0782
2409.48	98.1944
2411.4	98.2201
2413.33	98.2326
2415.26	98.2656
2417.19	98.283
2419.12	98.278
2421.05	98.2741
2422.98	98.2658
2424.91	98.2585
2426.84	98.285
2428.77	98.347
2430.7	98.4068
2432.62	98.4225
2434.55	98.3909
2436.48	98.3612
2438.41	98.3372
2440.34	98.2504
2442.27	98.1323
2444.2	98.1156
2446.13	98.1875
2448.06	98.2007
2449.99	98.1355
2451.92	98.1159
2453.85	98.2097
2455.77	98.3435
2457.7	98.3734
2459.63	98.2484
2461.56	98.1076
2463.49	98.0936
2465.42	98.1411
2467.35	98.1294
2469.28	98.1162
2471.21	98.2065
2473.14	98.3247
2475.07	98.3315
2476.99	98.2491
2478.92	98.1876
2480.85	98.1719
2482.78	98.18
2484.71	98.2045
2486.64	98.2051
2488.57	98.1754
2490.5	98.2146
2492.43	98.3346
2494.36	98.373
2496.29	98.2938
2498.22	98.2745
2500.14	98.3619
2502.07	98.4168
2504	98.4279
2505.93	98.4906
2507.86	98.5672
2509.79	98.5854
2511.72	98.5829
2513.65	98.5544
2515.58	98.4211
2517.51	98.2531
2519.44	98.2387
2521.36	98.3813
2523.29	98.4894
2525.22	98.4805
2527.15	98.4243
2529.08	98.3301
2531.01	98.1966
2532.94	98.1353
2534.87	98.163
2536.8	98.1539
2538.73	98.1533
2540.66	98.2823
2542.58	98.3589
2544.51	98.1841
2546.44	97.9784
2548.37	97.9948
2550.3	98.0954
2552.23	98.1082
2554.16	98.1235
2556.09	98.1958
2558.02	98.2257
2559.95	98.2084
2561.88	98.2016
2563.81	98.1561
2565.73	98.0895
2567.66	98.1275
2569.59	98.1765
2571.52	98.0302
2573.45	97.8369
2575.38	97.8578
2577.31	97.9557
2579.24	97.9269
2581.17	97.9096
2583.1	97.9765
2585.03	97.9494
2586.95	97.8682
2588.88	97.945
2590.81	98.077
2592.74	98.0528
2594.67	97.9757
2596.6	97.9758
2598.53	97.927
2600.46	97.7737
2602.39	97.6752
2604.32	97.6792
2606.25	97.6635
2608.18	97.5952
2610.1	97.5342
2612.03	97.4761
2613.96	97.3952
2615.89	97.3236
2617.82	97.2931
2619.75	97.2945
2621.68	97.3105
2623.61	97.3249
2625.54	97.3103
2627.47	97.2428
2629.4	97.1388
2631.32	97.0623
2633.25	97.045
2635.18	97.0281
2637.11	96.971
2639.04	96.9446
2640.97	96.9862
2642.9	96.9969
2644.83	96.9305
2646.76	96.8947
2648.69	96.9301
2650.62	96.9252
2652.54	96.85
2654.47	96.8223
2656.4	96.8827
2658.33	96.9225
2660.26	96.8639
2662.19	96.7644
2664.12	96.7296
2666.05	96.7814
2667.98	96.8309
2669.91	96.8038
2671.84	96.7481
2673.77	96.7453
2675.69	96.7878
2677.62	96.8172
2679.55	96.7998
2681.48	96.7434
2683.41	96.711
2685.34	96.7547
2687.27	96.7976
2689.2	96.743
2691.13	96.6713
2693.06	96.7007
2694.99	96.7565
2696.91	96.7168
2698.84	96.6257
2700.77	96.5831
2702.7	96.6045
2704.63	96.6573
2706.56	96.6831
2708.49	96.643
2710.42	96.6056
2712.35	96.6376
2714.28	96.6506
2716.21	96.5603
2718.14	96.4648
2720.06	96.4631
2721.99	96.4943
2723.92	96.4947
2725.85	96.4783
2727.78	96.418
2729.71	96.3049
2731.64	96.2448
2733.57	96.2653
2735.5	96.2417
2737.43	96.1755
2739.36	96.2061
2741.28	96.2982
2743.21	96.2979
2745.14	96.2241
2747.07	96.1772
2749	96.1579
2750.93	96.1727
2752.86	96.2545
2754.79	96.3243
2756.72	96.2923
2758.65	96.2196
2760.58	96.181
2762.51	96.1357
2764.43	96.0706
2766.36	96.0471
2768.29	96.0539
2770.22	96.0481
2772.15	96.0726
2774.08	96.1258
2776.01	96.1175
2777.94	96.0647
2779.87	96.0456
2781.8	96.0077
2783.73	95.8988
2785.65	95.7864
2787.58	95.7135
2789.51	95.6917
2791.44	95.7524
2793.37	95.8278
2795.3	95.8106
2797.23	95.7242
2799.16	95.6225
2801.09	95.5322
2803.02	95.5345
2804.95	95.6257
2806.87	95.6528
2808.8	95.5676
2810.73	95.4757
2812.66	95.4324
2814.59	95.4071
2816.52	95.3453
2818.45	95.2283
2820.38	95.1217
2822.31	95.0446
2824.24	94.9011
2826.17	94.6992
2828.1	94.5671
2830.02	94.4894
2831.95	94.3429
2833.88	94.1313
2835.81	93.9505
2837.74	93.8328
2839.67	93.7175
2841.6	93.5243
2843.53	93.2545
2845.46	92.9739
2847.39	92.7102
2849.32	92.4575
2851.24	92.178
2853.17	91.7766
2855.1	91.2454
2857.03	90.7209
2858.96	90.2732
2860.89	89.8359
2862.82	89.3624
2864.75	88.8726
2866.68	88.4017
2868.61	87.957
2870.54	87.5098
2872.47	87.1331
2874.39	87.0446
2876.32	87.337
2878.25	87.8437
2880.18	88.3407
2882.11	88.6788
2884.04	88.8273
2885.97	88.9333
2887.9	89.1151
2889.83	89.2468
2891.76	89.2056
2893.69	89.1007
2895.61	89.0343
2897.54	88.9056
2899.47	88.6333
2901.4	88.3654
2903.33	88.2715
2905.26	88.2754
2907.19	88.2489
2909.12	88.2677
2911.05	88.366
2912.98	88.3605
2914.91	88.1725
2916.83	87.9277
2918.76	87.6534
2920.69	87.2834
2922.62	86.8553
2924.55	86.4249
2926.48	85.9815
2928.41	85.5369
2930.34	85.1462
2932.27	84.8808
2934.2	84.8224
2936.13	85.0137
2938.06	85.3855
2939.98	85.7535
2941.91	85.9865
2943.84	86.1659
2945.77	86.3558
2947.7	86.3508
2949.63	85.9902
2951.56	85.4818
2953.49	85.0764
2955.42	84.7431
2957.35	84.4032
2959.28	84.1962
2961.2	84.3293
2963.13	84.8244
2965.06	85.5662
2966.99	86.4993
2968.92	87.5861
2970.85	88.682
2972.78	89.6685
2974.71	90.5309
2976.64	91.2306
2978.57	91.8004
2980.5	92.4133
2982.43	93.045
2984.35	93.4301
2986.28	93.5494
2988.21	93.6868
2990.14	93.977
2992.07	94.3386
2994	94.6952
2995.93	94.9759
2997.86	95.1407
2999.79	95.2555
3001.72	95.3575
3003.65	95.4497
3005.57	95.6379
3007.5	95.897
3009.43	95.9589
3011.36	95.8494
3013.29	95.9537
3015.22	96.2465
3017.15	96.3158
3019.08	96.2459
3021.01	96.437
3022.94	96.7198
3024.87	96.6799
3026.79	96.4376
3028.72	96.3074
3030.65	96.2664
3032.58	96.2019
3034.51	96.1312
3036.44	96.0686
3038.37	96.0754
3040.3	96.2727
3042.23	96.5503
3044.16	96.6124
3046.09	96.442
3048.02	96.3127
3049.94	96.3377
3051.87	96.4042
3053.8	96.4606
3055.73	96.5379
3057.66	96.6197
3059.59	96.6642
3061.52	96.6239
3063.45	96.47
3065.38	96.3042
3067.31	96.2888
3069.24	96.4343
3071.16	96.6182
3073.09	96.718
3075.02	96.6581
3076.95	96.5228
3078.88	96.5311
3080.81	96.7019
3082.74	96.8036
3084.67	96.7705
3086.6	96.7488
3088.53	96.6981
3090.46	96.4461
3092.39	96.1068
3094.31	95.9871
3096.24	96.148
3098.17	96.3768
3100.1	96.4816
3102.03	96.3718
3103.96	96.0984
3105.89	95.9222
3107.82	95.9788
3109.75	96.0293
3111.68	95.9596
3113.61	96.0405
3115.53	96.2723
3117.46	96.2791
3119.39	96.0771
3121.32	95.9927
3123.25	95.9996
3125.18	95.9841
3127.11	96.0926
3129.04	96.3185
3130.97	96.4686
3132.9	96.5264
3134.83	96.4963
3136.75	96.3168
3138.68	96.1247
3140.61	96.08
3142.54	96.1222
3144.47	96.1766
3146.4	96.2124
3148.33	96.1405
3150.26	96.0178
3152.19	96.0415
3154.12	96.189
3156.05	96.2399
3157.98	96.109
3159.9	95.9137
3161.83	95.8209
3163.76	95.8846
3165.69	95.9635
3167.62	95.9208
3169.55	95.8589
3171.48	95.9239
3173.41	96.0168
3175.34	95.9596
3177.27	95.799
3179.2	95.7254
3181.12	95.773
3183.05	95.7651
3184.98	95.5991
3186.91	95.4766
3188.84	95.6113
3190.77	95.8156
3192.7	95.7864
3194.63	95.6243
3196.56	95.5551
3198.49	95.5005
3200.42	95.4038
3202.35	95.4229
3204.27	95.5141
3206.2	95.4455
3208.13	95.2414
3210.06	95.1241
3211.99	95.1923
3213.92	95.3811
3215.85	95.5205
3217.78	95.4821
3219.71	95.3489
3221.64	95.2406
3223.57	95.1346
3225.49	95.0504
3227.42	95.0533
3229.35	95.0487
3231.28	94.9576
3233.21	94.8825
3235.14	94.8352
3237.07	94.7018
3239	94.5362
3240.93	94.477
3242.86	94.4982
3244.79	94.5132
3246.72	94.4931
3248.64	94.4195
3250.57	94.3213
3252.5	94.2793
3254.43	94.3102
3256.36	94.3608
3258.29	94.3722
3260.22	94.2891
3262.15	94.1248
3264.08	93.9949
3266.01	93.9924
3267.94	94.0792
3269.86	94.148
3271.79	94.1609
3273.72	94.1647
3275.65	94.1377
3277.58	93.9992
3279.51	93.8384
3281.44	93.8035
3283.37	93.7822
3285.3	93.6181
3287.23	93.4728
3289.16	93.5272
3291.08	93.6095
3293.01	93.4799
3294.94	93.1883
3296.87	92.9498
3298.8	92.8901
3300.73	92.9724
3302.66	93.0537
3304.59	93.0088
3306.52	92.8674
3308.45	92.8041
3310.38	92.878
3312.31	92.8871
3314.23	92.7345
3316.16	92.6746
3318.09	92.8382
3320.02	92.9469
3321.95	92.8291
3323.88	92.6778
3325.81	92.6183
3327.74	92.5697
3329.67	92.4905
3331.6	92.3763
3333.53	92.2143
3335.45	92.0852
3337.38	92.065
3339.31	92.1121
3341.24	92.1886
3343.17	92.2615
3345.1	92.2421
3347.03	92.1548
3348.96	92.1258
3350.89	92.1387
3352.82	92.1369
3354.75	92.181
3356.68	92.2586
3358.6	92.2646
3360.53	92.2065
3362.46	92.1008
3364.39	91.8566
3366.32	91.5082
3368.25	91.2882
3370.18	91.3374
3372.11	91.5856
3374.04	91.8861
3375.97	92.0846
3377.9	92.0973
3379.82	92.0224
3381.75	91.9865
3383.68	91.9441
3385.61	91.8555
3387.54	91.8304
3389.47	91.8774
3391.4	91.8639
3393.33	91.792
3395.26	91.7467
3397.19	91.6941
3399.12	91.6103
3401.04	91.5666
3402.97	91.5972
3404.9	91.6737
3406.83	91.7075
3408.76	91.6072
3410.69	91.5131
3412.62	91.657
3414.55	91.874
3416.48	91.8317
3418.41	91.6705
3420.34	91.7269
3422.27	91.8875
3424.19	91.8861
3426.12	91.7869
3428.05	91.6982
3429.98	91.6144
3431.91	91.5972
3433.84	91.6455
3435.77	91.6405
3437.7	91.6225
3439.63	91.7008
3441.56	91.7874
3443.49	91.8088
3445.41	91.8509
3447.34	91.8898
3449.27	91.8328
3451.2	91.7703
3453.13	91.7624
3455.06	91.7187
3456.99	91.707
3458.92	91.9027
3460.85	92.2136
3462.78	92.4026
3464.71	92.4306
3466.64	92.3549
3468.56	92.1537
3470.49	91.8848
3472.42	91.7348
3474.35	91.7611
3476.28	91.842
3478.21	91.946
3480.14	92.0919
3482.07	92.0998
3484	91.8851
3485.93	91.7472
3487.86	91.8495
3489.78	91.9412
3491.71	91.924
3493.64	92.0303
3495.57	92.2451
3497.5	92.238
3499.43	91.9585
3501.36	91.716
3503.29	91.6929
3505.22	91.7859
3507.15	91.8983
3509.08	92.0015
3511	91.9686
3512.93	91.7935
3514.86	91.717
3516.79	91.8102
3518.72	91.8726
3520.65	91.8585
3522.58	91.9057
3524.51	91.9711
3526.44	91.9371
3528.37	91.9085
3530.3	92.0236
3532.23	92.2188
3534.15	92.3434
3536.08	92.3109
3538.01	92.1711
3539.94	92.0927
3541.87	92.165
3543.8	92.2712
3545.73	92.2132
3547.66	92.0295
3549.59	92.0259
3551.52	92.3072
3553.45	92.5818
3555.37	92.6289
3557.3	92.7067
3559.23	92.9958
3561.16	93.1807
3563.09	93.0671
3565.02	93.0103
3566.95	93.2473
3568.88	93.4441
3570.81	93.5037
3572.74	93.7465
3574.67	94.2062
3576.6	94.6127
3578.52	94.8051
3580.45	94.8038
3582.38	94.668
3584.31	94.4924
3586.24	94.3527
3588.17	94.3456
3590.1	94.5773
3592.03	94.9638
3593.96	95.2947
3595.89	95.4761
3597.82	95.7351
3599.74	96.1429
3601.67	96.2724
3603.6	95.9367
3605.53	95.5888
3607.46	95.5995
3609.39	95.8831
3611.32	96.2212
3613.25	96.4976
3615.18	96.5781
3617.11	96.4836
3619.04	96.3872
3620.97	96.3368
3622.89	96.2987
3624.82	96.26
3626.75	96.235
3628.68	96.4522
3630.61	96.9759
3632.54	97.2247
3634.47	97.0466
3636.4	96.864
3638.33	96.9124
3640.26	96.9589
3642.19	96.8787
3644.11	96.803
3646.04	96.7758
3647.97	96.8713
3649.9	97.188
3651.83	97.3279
3653.76	97.2339
3655.69	97.2382
3657.62	97.2953
3659.55	97.1861
3661.48	97.1564
3663.41	97.3154
3665.33	97.2424
3667.26	96.8989
3669.19	96.9285
3671.12	97.3925
3673.05	97.416
3674.98	97.0388
3676.91	96.9677
3678.84	97.123
3680.77	97.1239
3682.7	97.0686
3684.63	97.0752
3686.56	97.1674
3688.48	97.3862
3690.41	97.541
3692.34	97.4247
3694.27	97.2853
3696.2	97.2568
3698.13	97.1929
3700.06	97.0322
3701.99	96.8924
3703.92	96.8036
3705.85	96.7255
3707.78	96.7186
3709.7	96.8333
3711.63	97.0155
3713.56	97.1607
3715.49	97.1883
3717.42	97.0944
3719.35	97.0186
3721.28	97.1079
3723.21	97.2378
3725.14	97.212
3727.07	97.1085
3729	97.069
3730.93	97.0234
3732.85	96.8284
3734.78	96.6252
3736.71	96.9248
3738.64	97.5898
3740.57	97.9246
3742.5	97.6635
3744.43	97.1588
3746.36	97.1001
3748.29	97.2812
3750.22	97.3598
3752.15	97.5358
3754.07	97.7277
3756	97.6829
3757.93	97.5637
3759.86	97.6195
3761.79	97.7381
3763.72	97.7129
3765.65	97.5721
3767.58	97.4708
3769.51	97.5667
3771.44	97.7469
3773.37	97.6629
3775.29	97.3688
3777.22	97.3047
3779.15	97.597
3781.08	97.7793
3783.01	97.657
3784.94	97.5355
3786.87	97.5362
3788.8	97.5336
3790.73	97.5094
3792.66	97.5363
3794.59	97.5967
3796.52	97.5896
3798.44	97.4894
3800.37	97.4132
3802.3	97.4082
3804.23	97.3204
3806.16	97.1877
3808.09	97.2675
3810.02	97.4783
3811.95	97.5084
3813.88	97.4291
3815.81	97.4958
3817.74	97.5963
3819.66	97.4983
3821.59	97.4269
3823.52	97.5316
3825.45	97.515
3827.38	97.3099
3829.31	97.1656
3831.24	97.1697
3833.17	97.1574
3835.1	97.1427
3837.03	97.3387
3838.96	97.6523
3840.89	97.7374
3842.81	97.6593
3844.74	97.5832
3846.67	97.3979
3848.6	97.1161
3850.53	97.0232
3852.46	97.3059
3854.39	97.5677
3856.32	97.4774
3858.25	97.4139
3860.18	97.4737
3862.11	97.5161
3864.03	97.4591
3865.96	97.3667
3867.89	97.323
3869.82	97.39
3871.75	97.5662
3873.68	97.6561
3875.61	97.5129
3877.54	97.2947
3879.47	97.2348
3881.4	97.299
3883.33	97.3186
3885.25	97.3763
3887.18	97.4936
3889.11	97.4591
3891.04	97.3144
3892.97	97.3143
3894.9	97.4063
3896.83	97.3909
3898.76	97.3278
3900.69	97.3866
3902.62	97.581
3904.55	97.7536
3906.48	97.7322
3908.4	97.5615
3910.33	97.4489
3912.26	97.4392
3914.19	97.3889
3916.12	97.3139
3918.05	97.3922
3919.98	97.5247
3921.91	97.4874
3923.84	97.362
3925.77	97.3469
3927.7	97.4716
3929.62	97.6445
3931.55	97.7331
3933.48	97.645
3935.41	97.488
3937.34	97.3749
3939.27	97.297
3941.2	97.3188
3943.13	97.5116
3945.06	97.6977
3946.99	97.6791
3948.92	97.5168
3950.85	97.3715
3952.77	97.3258
3954.7	97.3513
3956.63	97.3294
3958.56	97.2247
3960.49	97.2032
3962.42	97.3526
3964.35	97.4797
3966.28	97.4306
3968.21	97.3339
3970.14	97.3412
3972.07	97.4061
3973.99	97.459
3975.92	97.526
3977.85	97.5436
3979.78	97.4052
3981.71	97.2388
3983.64	97.2502
3985.57	97.3633
3987.5	97.3864
3989.43	97.3245
3991.36	97.2684
3993.29	97.2488
3995.22	97.2865
3997.14	97.3858
