499.643	79.4623
501.572	79.1295
503.501	78.8855
505.43	79.1473
507.36	79.7716
509.289	80.2127
511.218	80.5237
513.147	81.0165
515.076	81.4832
517.005	81.4759
518.934	80.9509
520.863	80.4558
522.792	80.3754
524.722	80.4514
526.651	80.4642
528.58	80.646
530.509	80.8224
532.438	80.5499
534.367	80.1879
536.296	80.3325
538.225	80.752
540.155	81.0224
542.084	81.1613
544.013	81.1772
545.942	81.0245
547.871	80.8307
549.8	80.6809
551.729	80.6391
553.658	80.8051
555.588	81.0306
557.517	81.0913
559.446	81.0932
561.375	81.1678
563.304	81.161
565.233	80.9959
567.162	80.8399
569.091	80.8324
571.021	80.9959
572.95	81.2541
574.879	81.4476
576.808	81.5908
578.737	81.8511
580.666	82.047
582.595	81.8159
584.524	81.3087
586.454	80.9872
588.383	80.9768
590.312	81.1441
592.241	81.3413
594.17	81.424
596.099	81.3982
598.028	81.3744
599.957	81.3332
601.887	81.2146
603.816	81.0474
605.745	80.8396
607.674	80.6341
609.603	80.5804
611.532	80.7064
613.461	80.8349
615.39	80.828
617.32	80.735
619.249	80.7131
621.178	80.8189
623.107	80.9692
625.036	81.1294
626.965	81.3228
628.894	81.4803
630.823	81.5151
632.753	81.4659
634.682	81.4673
636.611	81.6306
638.54	81.9194
640.469	82.2084
642.398	82.4903
644.327	82.7699
646.256	82.9116
648.186	82.9066
650.115	82.9542
652.044	83.0784
653.973	83.1117
655.902	83.0223
657.831	82.8556
659.76	82.6041
661.689	82.386
663.619	82.3216
665.548	82.3165
667.477	82.3595
669.406	82.6101
671.335	82.8647
673.264	83.0231
675.193	83.2405
677.122	83.5565
679.052	83.8807
680.981	84.2034
682.91	84.4852
684.839	84.6623
686.768	84.8598
688.697	85.1936
690.626	85.5251
692.555	85.7304
694.485	85.9117
696.414	86.1477
698.343	86.3617
700.272	86.4952
702.201	86.5823
704.13	86.6767
706.059	86.7962
707.988	86.8992
709.917	86.9386
711.847	86.9237
713.776	86.8766
715.705	86.8198
717.634	86.7971
719.563	86.7783
721.492	86.6453
723.421	86.3983
725.35	86.1606
727.28	85.949
729.209	85.6508
731.138	85.1988
733.067	84.645
734.996	84.0918
736.925	83.6415
738.854	83.3817
740.783	83.3412
742.713	83.4495
744.642	83.587
746.571	83.6627
748.5	83.6642
750.429	83.6907
752.358	83.8544
754.287	84.1061
756.216	84.2942
758.146	84.4032
760.075	84.553
762.004	84.7841
763.933	85.0202
765.862	85.2087
767.791	85.3514
769.72	85.4343
771.649	85.4539
773.579	85.4643
775.508	85.5
777.437	85.5268
779.366	85.5111
781.295	85.4362
783.224	85.2652
785.153	84.9867
787.082	84.618
789.012	84.1275
790.941	83.4798
792.87	82.6854
794.799	81.6485
796.728	80.0558
798.657	77.4445
800.586	73.3176
802.515	67.6155
804.445	61.5056
806.374	57.2
808.303	56.3757
810.232	59.0162
812.161	63.9175
814.09	69.7193
816.019	75.2249
817.948	79.4904
819.878	82.1801
821.807	83.5983
823.736	84.2401
825.665	84.4577
827.594	84.4407
829.523	84.2819
831.452	84.0127
833.381	83.6257
835.311	83.1201
837.24	82.5175
839.169	81.8104
841.098	80.9817
843.027	80.1499
844.956	79.5867
846.885	79.4926
848.814	79.8303
850.744	80.4175
852.673	81.089
854.602	81.7154
856.531	82.1834
858.46	82.4677
860.389	82.6385
862.318	82.7513
864.247	82.815
866.177	82.8523
868.106	82.8833
870.035	82.8781
871.964	82.8002
873.893	82.6715
875.822	82.5416
877.751	82.4189
879.68	82.2908
881.609	82.1767
883.539	82.0791
885.468	81.9293
887.397	81.6827
889.326	81.3897
891.255	81.0985
893.184	80.8009
895.113	80.5087
897.042	80.2614
898.972	80.081
900.901	79.9977
902.83	80.037
904.759	80.149
906.688	80.2406
908.617	80.263
910.546	80.2015
912.475	80.0412
914.405	79.7943
916.334	79.51
918.263	79.2206
920.192	78.9039
922.121	78.5376
924.05	78.1798
925.979	77.9097
927.908	77.6893
929.838	77.4072
931.767	77.0394
933.696	76.625
935.625	76.148
937.554	75.5852
939.483	74.98
941.412	74.353
943.341	73.6081
945.271	72.611
947.2	71.3628
949.129	70.0473
951.058	68.854
952.987	67.7636
954.916	66.5484
956.845	64.963
958.774	62.9497
960.704	60.7227
962.633	58.6398
964.562	56.9626
966.491	55.7455
968.42	54.8977
970.349	54.263
972.278	53.6628
974.207	52.951
976.137	52.0627
978.066	51.0557
979.995	50.1493
981.924	49.6538
983.853	49.7656
985.782	50.4557
987.711	51.577
989.64	52.9782
991.57	54.5035
993.499	56.0001
995.428	57.3309
997.357	58.3537
999.286	58.9851
1001.22	59.2828
1003.14	59.348
1005.07	59.2337
1007	59.0593
1008.93	59.0319
1010.86	59.2221
1012.79	59.4818
1014.72	59.6404
1016.65	59.6211
1018.58	59.3802
1020.51	58.887
1022.44	58.1626
1024.36	57.3058
1026.29	56.5384
1028.22	56.1309
1030.15	56.114
1032.08	56.156
1034.01	55.8825
1035.94	55.2072
1037.87	54.2607
1039.8	53.1713
1041.73	52.0236
1043.66	50.8906
1045.58	49.8058
1047.51	48.7273
1049.44	47.5582
1051.37	46.2474
1053.3	44.9185
1055.23	43.8684
1057.16	43.3927
1059.09	43.6161
1061.02	44.4746
1062.95	45.8028
1064.88	47.4361
1066.81	49.2979
1068.73	51.4341
1070.66	53.9218
1072.59	56.7233
1074.52	59.6745
1076.45	62.594
1078.38	65.3351
1080.31	67.7705
1082.24	69.811
1084.17	71.4128
1086.1	72.5369
1088.03	73.1613
1089.95	73.3234
1091.88	73.0783
1093.81	72.4665
1095.74	71.5795
1097.67	70.5583
1099.6	69.4872
1101.53	68.3968
1103.46	67.3414
1105.39	66.3594
1107.32	65.4412
1109.25	64.6249
1111.18	64.0094
1113.1	63.6454
1115.03	63.5267
1116.96	63.6449
1118.89	63.9499
1120.82	64.3129
1122.75	64.5924
1124.68	64.6908
1126.61	64.5239
1128.54	63.9669
1130.47	62.8611
1132.4	61.0867
1134.32	58.6406
1136.25	55.6624
1138.18	52.391
1140.11	49.0922
1142.04	46.0148
1143.97	43.349
1145.9	41.1734
1147.83	39.4746
1149.76	38.2046
1151.69	37.2831
1153.62	36.6164
1155.55	36.1599
1157.47	35.8999
1159.4	35.8062
1161.33	35.8609
1163.26	36.0661
1165.19	36.3924
1167.12	36.7857
1169.05	37.2129
1170.98	37.6644
1172.91	38.1459
1174.84	38.6864
1176.77	39.3104
1178.69	40.0023
1180.62	40.7469
1182.55	41.5706
1184.48	42.4866
1186.41	43.4581
1188.34	44.4679
1190.27	45.544
1192.2	46.7008
1194.13	47.935
1196.06	49.2483
1197.99	50.6264
1199.91	52.0508
1201.84	53.5247
1203.77	55.0405
1205.7	56.5704
1207.63	58.1063
1209.56	59.6626
1211.49	61.2532
1213.42	62.8685
1215.35	64.4344
1217.28	65.8093
1219.21	66.8986
1221.14	67.7713
1223.06	68.569
1224.99	69.3039
1226.92	69.8476
1228.85	70.1077
1230.78	70.0909
1232.71	69.8124
1234.64	69.2847
1236.57	68.563
1238.5	67.7013
1240.43	66.7035
1242.36	65.5789
1244.28	64.3911
1246.21	63.2174
1248.14	62.1063
1250.07	61.0957
1252	60.2293
1253.93	59.5427
1255.86	59.0491
1257.79	58.7429
1259.72	58.6189
1261.65	58.6987
1263.58	59.005
1265.51	59.5071
1267.43	60.1569
1269.36	60.9603
1271.29	61.9297
1273.22	63.0121
1275.15	64.1365
1277.08	65.2735
1279.01	66.4151
1280.94	67.5282
1282.87	68.5313
1284.8	69.3336
1286.73	69.8573
1288.65	70.0002
1290.58	69.7352
1292.51	69.3134
1294.44	69.2097
1296.37	69.8087
1298.3	71.181
1300.23	73.1244
1302.16	75.3388
1304.09	77.5501
1306.02	79.5427
1307.95	81.1829
1309.87	82.4713
1311.8	83.491
1313.73	84.2802
1315.66	84.8365
1317.59	85.2012
1319.52	85.4394
1321.45	85.5863
1323.38	85.6595
1325.31	85.6877
1327.24	85.7067
1329.17	85.7509
1331.1	85.8487
1333.02	85.9904
1334.95	86.1357
1336.88	86.2949
1338.81	86.5019
1340.74	86.7015
1342.67	86.8357
1344.6	86.9544
1346.53	87.0905
1348.46	87.1893
1350.39	87.2103
1352.32	87.1988
1354.24	87.1935
1356.17	87.1472
1358.1	87.0366
1360.03	86.941
1361.96	86.8878
1363.89	86.7706
1365.82	86.5545
1367.75	86.2958
1369.68	86.0062
1371.61	85.6628
1373.54	85.181
1375.47	84.5231
1377.39	83.8865
1379.32	83.4047
1381.25	83.0231
1383.18	82.6959
1385.11	82.2955
1387.04	81.5977
1388.97	80.706
1390.9	79.8513
1392.83	78.8738
1394.76	77.6567
1396.69	76.1701
1398.61	74.0763
1400.54	71.3458
1402.47	68.2919
1404.4	65.1735
1406.33	63.0795
1408.26	63.1434
1410.19	65.2162
1412.12	68.6601
1414.05	72.2995
1415.98	75.5479
1417.91	78.9629
1419.83	82.1934
1421.76	84.2943
1423.69	85.7116
1425.62	86.7891
1427.55	87.4203
1429.48	87.69
1431.41	87.7238
1433.34	87.5932
1435.27	87.411
1437.2	87.2162
1439.13	86.9098
1441.06	86.418
1442.98	85.7587
1444.91	85.0167
1446.84	84.2447
1448.77	83.4655
1450.7	82.8437
1452.63	82.4692
1454.56	82.2662
1456.49	82.1647
1458.42	81.9224
1460.35	81.4955
1462.28	81.0676
1464.2	80.6373
1466.13	80.3341
1468.06	80.3979
1469.99	80.8677
1471.92	81.7791
1473.85	82.9611
1475.78	84.1036
1477.71	85.3142
1479.64	86.6834
1481.57	88.1398
1483.5	89.5127
1485.43	90.6442
1487.35	91.6166
1489.28	92.5621
1491.21	93.2531
1493.14	93.6056
1495.07	93.8556
1497	94.1405
1498.93	94.4276
1500.86	94.5997
1502.79	94.6541
1504.72	94.7063
1506.65	94.8986
1508.57	95.017
1510.5	94.9034
1512.43	94.8335
1514.36	94.9635
1516.29	95.2064
1518.22	95.3715
1520.15	95.4924
1522.08	95.6385
1524.01	95.6957
1525.94	95.6495
1527.87	95.6163
1529.8	95.6508
1531.72	95.757
1533.65	95.8835
1535.58	95.8981
1537.51	95.843
1539.44	95.8963
1541.37	96.07
1543.3	96.1068
1545.23	96.0631
1547.16	96.0448
1549.09	96.0615
1551.02	96.0975
1552.94	96.0852
1554.87	95.9976
1556.8	95.9337
1558.73	96.0029
1560.66	96.0836
1562.59	96.071
1564.52	96.0105
1566.45	95.9197
1568.38	95.8578
1570.31	95.8565
1572.24	95.8475
1574.16	95.8382
1576.09	95.8785
1578.02	95.8857
1579.95	95.7988
1581.88	95.6878
1583.81	95.5851
1585.74	95.4822
1587.67	95.3953
1589.6	95.3535
1591.53	95.3262
1593.46	95.2599
1595.39	95.1594
1597.31	95.0222
1599.24	94.8214
1601.17	94.5673
1603.1	94.2321
1605.03	93.7775
1606.96	93.2463
1608.89	92.5476
1610.82	91.554
1612.75	90.4706
1614.68	89.4538
1616.61	88.5537
1618.53	88.0975
1620.46	88.1866
1622.39	88.6124
1624.32	89.0029
1626.25	89.0404
1628.18	88.6435
1630.11	87.7444
1632.04	86.6327
1633.97	85.8864
1635.9	86.2324
1637.83	87.6775
1639.76	89.3545
1641.68	90.8621
1643.61	91.9718
1645.54	92.7361
1647.47	93.2962
1649.4	93.5001
1651.33	93.4978
1653.26	93.6212
1655.19	93.8074
1657.12	93.7982
1659.05	93.6698
1660.98	93.4574
1662.9	93.2264
1664.83	93.0348
1666.76	92.8617
1668.69	92.6544
1670.62	92.3098
1672.55	91.9246
1674.48	91.5632
1676.41	91.0063
1678.34	90.3062
1680.27	89.659
1682.2	88.8581
1684.12	87.7925
1686.05	86.7847
1687.98	85.6218
1689.91	84.2244
1691.84	82.7629
1693.77	80.9459
1695.7	78.5936
1697.63	76.0364
1699.56	72.8524
1701.49	68.9461
1703.42	65.3693
1705.35	61.7928
1707.27	57.7763
1709.2	54.2691
1711.13	51.6181
1713.06	49.3103
1714.99	47.3899
1716.92	45.7199
1718.85	43.8698
1720.78	42.6707
1722.71	42.4104
1724.64	42.7034
1726.57	43.6429
1728.49	45.2246
1730.42	47.0953
1732.35	49.625
1734.28	53.1079
1736.21	56.236
1738.14	58.8845
1740.07	61.9553
1742	65.3825
1743.93	68.6262
1745.86	71.7809
1747.79	75.0518
1749.72	78.4741
1751.64	81.8256
1753.57	84.6985
1755.5	87.1462
1757.43	89.3963
1759.36	91.2635
1761.29	92.5939
1763.22	93.6046
1765.15	94.3067
1767.08	94.6642
1769.01	94.9474
1770.94	95.3072
1772.86	95.6072
1774.79	95.8111
1776.72	95.9154
1778.65	95.9199
1780.58	95.9611
1782.51	96.0812
1784.44	96.1983
1786.37	96.3083
1788.3	96.3799
1790.23	96.3985
1792.16	96.4458
1794.08	96.5003
1796.01	96.5297
1797.94	96.6238
1799.87	96.7529
1801.8	96.8322
1803.73	96.9119
1805.66	96.9855
1807.59	97.021
1809.52	97.0645
1811.45	97.066
1813.38	97.0197
1815.31	97.0931
1817.23	97.2648
1819.16	97.3459
1821.09	97.3719
1823.02	97.4364
1824.95	97.481
1826.88	97.5252
1828.81	97.6355
1830.74	97.7208
1832.67	97.7122
1834.6	97.6909
1836.53	97.7029
1838.45	97.7009
1840.38	97.6547
1842.31	97.6272
1844.24	97.6629
1846.17	97.7044
1848.1	97.7786
1850.03	97.9501
1851.96	98.1209
1853.89	98.1921
1855.82	98.1951
1857.75	98.1359
1859.68	98.0321
1861.6	97.9742
1863.53	97.9873
1865.46	98.073
1867.39	98.2494
1869.32	98.3697
1871.25	98.3167
1873.18	98.2596
1875.11	98.2886
1877.04	98.3282
1878.97	98.3451
1880.9	98.3593
1882.82	98.3853
1884.75	98.4605
1886.68	98.5653
1888.61	98.6027
1890.54	98.5744
1892.47	98.6157
1894.4	98.7653
1896.33	98.9061
1898.26	98.9433
1900.19	98.9321
1902.12	98.9552
1904.05	98.9779
1905.97	98.9127
1907.9	98.808
1909.83	98.8324
1911.76	98.9774
1913.69	99.0411
1915.62	99.018
1917.55	99.0549
1919.48	99.0976
1921.41	99.0724
1923.34	99.1262
1925.27	99.2504
1927.19	99.2483
1929.12	99.1623
1931.05	99.1549
1932.98	99.2462
1934.91	99.4342
1936.84	99.6712
1938.77	99.7902
1940.7	99.7736
1942.63	99.7837
1944.56	99.8495
1946.49	99.8497
1948.41	99.7417
1950.34	99.6206
1952.27	99.6561
1954.2	99.8943
1956.13	100.177
1958.06	100.364
1959.99	100.442
1961.92	100.415
1963.85	100.328
1965.78	100.307
1967.71	100.433
1969.64	100.64
1971.56	100.734
1973.49	100.552
1975.42	100.205
1977.35	100.08
1979.28	100.348
1981.21	100.686
1983.14	100.735
1985.07	100.562
1987	100.422
1988.93	100.314
1990.86	100.112
1992.78	99.9203
1994.71	99.9404
1996.64	100.11
1998.57	100.237
2000.5	100.259
2002.43	100.191
2004.36	100.057
2006.29	99.9966
2008.22	100.137
2010.15	100.336
2012.08	100.392
2014.01	100.344
2015.93	100.317
2017.86	100.345
2019.79	100.435
2021.72	100.512
2023.65	100.428
2025.58	100.204
2027.51	100.049
2029.44	100.08
2031.37	100.192
2033.3	100.245
2035.23	100.266
2037.15	100.333
2039.08	100.41
2041.01	100.46
2042.94	100.481
2044.87	100.372
2046.8	100.136
2048.73	100.017
2050.66	100.041
2052.59	99.9118
2054.52	99.617
2056.45	99.4988
2058.37	99.6643
2060.3	99.841
2062.23	99.8141
2064.16	99.6675
2066.09	99.5997
2068.02	99.6818
2069.95	99.8092
2071.88	99.7879
2073.81	99.5301
2075.74	99.2507
2077.67	99.2379
2079.6	99.4262
2081.52	99.5592
2083.45	99.5937
2085.38	99.5614
2087.31	99.4136
2089.24	99.2706
2091.17	99.3293
2093.1	99.5081
2095.03	99.636
2096.96	99.7086
2098.89	99.654
2100.82	99.3996
2102.74	99.2346
2104.67	99.4091
2106.6	99.601
2108.53	99.474
2110.46	99.311
2112.39	99.4644
2114.32	99.7494
2116.25	99.8018
2118.18	99.5751
2120.11	99.3143
2122.04	99.2675
2123.97	99.4056
2125.89	99.5044
2127.82	99.5563
2129.75	99.7534
2131.68	100.084
2133.61	100.358
2135.54	100.462
2137.47	100.373
2139.4	100.215
2141.33	100.22
2143.26	100.365
2145.19	100.389
2147.11	100.222
2149.04	99.9965
2150.97	99.8249
2152.9	99.8692
2154.83	100.189
2156.76	100.481
2158.69	100.504
2160.62	100.467
2162.55	100.486
2164.48	100.308
2166.41	99.9093
2168.33	99.5896
2170.26	99.4744
2172.19	99.5117
2174.12	99.6663
2176.05	99.8418
2177.98	100.019
2179.91	100.297
2181.84	100.472
2183.77	100.206
2185.7	99.754
2187.63	99.6218
2189.56	99.6938
2191.48	99.5619
2193.41	99.3451
2195.34	99.4015
2197.27	99.643
2199.2	99.7854
2201.13	99.8753
2203.06	100.021
2204.99	100.075
2206.92	100.022
2208.85	100.057
2210.78	100.108
2212.7	99.9701
2214.63	99.7989
2216.56	99.8071
2218.49	99.9028
2220.42	99.9823
2222.35	100.016
2224.28	99.8587
2226.21	99.5265
2228.14	99.3384
2230.07	99.3994
2232	99.4709
2233.93	99.4962
2235.85	99.6283
2237.78	99.767
2239.71	99.7189
2241.64	99.5979
2243.57	99.5172
2245.5	99.3492
2247.43	99.1358
2249.36	99.0924
2251.29	99.1691
2253.22	99.2234
2255.15	99.2946
2257.07	99.3314
2259	99.2332
2260.93	99.1534
2262.86	99.2011
2264.79	99.2259
2266.72	99.2017
2268.65	99.2461
2270.58	99.2909
2272.51	99.2456
2274.44	99.2108
2276.37	99.2515
2278.29	99.2771
2280.22	99.2174
2282.15	99.1153
2284.08	99.0315
2286.01	98.9189
2287.94	98.698
2289.87	98.4647
2291.8	98.3868
2293.73	98.4152
2295.66	98.4022
2297.59	98.3637
2299.52	98.3311
2301.44	98.218
2303.37	98.0409
2305.3	97.9355
2307.23	97.9033
2309.16	97.833
2311.09	97.7186
2313.02	97.6443
2314.95	97.6282
2316.88	97.5769
2318.81	97.3866
2320.74	97.0903
2322.66	96.8224
2324.59	96.6407
2326.52	96.5642
2328.45	96.59
2330.38	96.5756
2332.31	96.4575
2334.24	96.4018
2336.17	96.4422
2338.1	96.5264
2340.03	96.7372
2341.96	96.9318
2343.89	96.8286
2345.81	96.6709
2347.74	96.7011
2349.67	96.6906
2351.6	96.4986
2353.53	96.2862
2355.46	96.3353
2357.39	96.7328
2359.32	97.3113
2361.25	97.534
2363.18	97.2023
2365.11	96.8183
2367.03	96.6405
2368.96	96.6665
2370.89	96.9722
2372.82	97.292
2374.75	97.3006
2376.68	97.2119
2378.61	97.3304
2380.54	97.5781
2382.47	97.7799
2384.4	97.9188
2386.33	98.0268
2388.26	98.1031
2390.18	98.125
2392.11	98.0801
2394.04	98.0317
2395.97	98.0586
2397.9	98.1227
2399.83	98.1527
2401.76	98.155
2403.69	98.1293
2405.62	98.0683
2407.55	98.034
2409.48	98.0613
2411.4	98.1239
2413.33	98.2207
2415.26	98.296
2417.19	98.2392
2419.12	98.1174
2421.05	98.104
2422.98	98.1583
2424.91	98.1279
2426.84	98.0669
2428.77	98.1192
2430.7	98.2286
2432.62	98.2481
2434.55	98.2153
2436.48	98.2596
2438.41	98.3263
2440.34	98.2681
2442.27	98.1385
2444.2	98.0993
2446.13	98.1338
2448.06	98.1239
2449.99	98.0755
2451.92	98.0523
2453.85	98.0636
2455.77	98.1213
2457.7	98.1925
2459.63	98.1467
2461.56	97.9969
2463.49	97.9757
2465.42	98.13
2467.35	98.2119
2469.28	98.1415
2471.21	98.0956
2473.14	98.1015
2475.07	98.0419
2476.99	97.9633
2478.92	97.9789
2480.85	98.047
2482.78	98.087
2484.71	98.1196
2486.64	98.1774
2488.57	98.2263
2490.5	98.2346
2492.43	98.2282
2494.36	98.2472
2496.29	98.3134
2498.22	98.4081
2500.14	98.4243
2502.07	98.3067
2504	98.2366
2505.93	98.3615
2507.86	98.4853
2509.79	98.4175
2511.72	98.3128
2513.65	98.3087
2515.58	98.2951
2517.51	98.2539
2519.44	98.3248
2521.36	98.4713
2523.29	98.5053
2525.22	98.4121
2527.15	98.3394
2529.08	98.3274
2531.01	98.2793
2532.94	98.154
2534.87	98.0396
2536.8	98.0539
2538.73	98.2052
2540.66	98.3283
2542.58	98.2518
2544.51	98.0573
2546.44	97.9933
2548.37	98.1374
2550.3	98.3327
2552.23	98.3998
2554.16	98.2927
2556.09	98.1073
2558.02	97.9934
2559.95	98.0178
2561.88	98.0987
2563.81	98.1178
2565.73	98.1058
2567.66	98.1648
2569.59	98.2013
2571.52	98.0715
2573.45	97.9325
2575.38	97.9773
2577.31	98.0549
2579.24	98.0109
2581.17	97.9689
2583.1	97.9815
2585.03	97.9528
2586.95	97.9233
2588.88	97.947
2590.81	97.9411
2592.74	97.9281
2594.67	98.0034
2596.6	98.0423
2598.53	97.8994
2600.46	97.7256
2602.39	97.696
2604.32	97.7062
2606.25	97.6225
2608.18	97.5282
2610.1	97.5152
2612.03	97.5004
2613.96	97.3972
2615.89	97.2725
2617.82	97.2326
2619.75	97.2597
2621.68	97.2357
2623.61	97.1201
2625.54	97.0224
2627.47	97.0259
2629.4	97.061
2631.32	97.0667
2633.25	97.086
2635.18	97.0965
2637.11	97.0098
2639.04	96.8904
2640.97	96.8694
2642.9	96.8838
2644.83	96.8134
2646.76	96.7298
2648.69	96.7321
2650.62	96.7558
2652.54	96.7387
2654.47	96.7318
2656.4	96.7544
2658.33	96.7498
2660.26	96.7003
2662.19	96.6567
2664.12	96.6672
2666.05	96.7097
2667.98	96.7149
2669.91	96.6791
2671.84	96.6634
2673.77	96.6578
2675.69	96.6199
2677.62	96.6064
2679.55	96.6585
2681.48	96.6865
2683.41	96.6402
2685.34	96.5963
2687.27	96.5836
2689.2	96.546
2691.13	96.4915
2693.06	96.4889
2694.99	96.5388
2696.91	96.5697
2698.84	96.5434
2700.77	96.4907
2702.7	96.4485
2704.63	96.4239
2706.56	96.4164
2708.49	96.4152
2710.42	96.4037
2712.35	96.3955
2714.28	96.3877
2716.21	96.334
2718.14	96.2633
2720.06	96.2713
2721.99	96.3324
2723.92	96.3371
2725.85	96.2809
2727.78	96.2204
2729.71	96.1746
2731.64	96.1573
2733.57	96.1498
2735.5	96.1047
2737.43	96.0752
2739.36	96.1451
2741.28	96.2291
2743.21	96.186
2745.14	96.0534
2747.07	95.9652
2749	95.956
2750.93	95.9914
2752.86	96.0655
2754.79	96.1542
2756.72	96.1845
2758.65	96.1397
2760.58	96.0712
2762.51	95.9892
2764.43	95.9067
2766.36	95.885
2768.29	95.873
2770.22	95.7691
2772.15	95.6872
2774.08	95.7725
2776.01	95.8887
2777.94	95.88
2779.87	95.8435
2781.8	95.8582
2783.73	95.8153
2785.65	95.6613
2787.58	95.5139
2789.51	95.4757
2791.44	95.4983
2793.37	95.4997
2795.3	95.4997
2797.23	95.4864
2799.16	95.3608
2801.09	95.2223
2803.02	95.3013
2804.95	95.4738
2806.87	95.4217
2808.8	95.223
2810.73	95.1594
2812.66	95.1996
2814.59	95.1673
2816.52	95.0645
2818.45	94.9617
2820.38	94.8578
2822.31	94.7172
2824.24	94.5275
2826.17	94.3429
2828.1	94.2226
2830.02	94.1348
2831.95	94.0266
2833.88	93.8921
2835.81	93.7111
2837.74	93.4797
2839.67	93.2615
2841.6	93.0657
2843.53	92.8109
2845.46	92.4962
2847.39	92.2201
2849.32	91.9862
2851.24	91.6689
2853.17	91.1998
2855.1	90.6233
2857.03	89.983
2858.96	89.3266
2860.89	88.7587
2862.82	88.3226
2864.75	87.9513
2866.68	87.6161
2868.61	87.3057
2870.54	86.9435
2872.47	86.606
2874.39	86.5495
2876.32	86.8094
2878.25	87.1691
2880.18	87.5351
2882.11	87.911
2884.04	88.2104
2885.97	88.4167
2887.9	88.585
2889.83	88.6375
2891.76	88.5223
2893.69	88.3802
2895.61	88.2845
2897.54	88.1296
2899.47	87.9103
2901.4	87.7992
2903.33	87.8591
2905.26	87.8998
2907.19	87.7554
2909.12	87.5609
2911.05	87.5106
2912.98	87.4736
2914.91	87.2093
2916.83	86.8157
2918.76	86.5269
2920.69	86.25
2922.62	85.774
2924.55	85.1933
2926.48	84.6861
2928.41	84.2292
2930.34	83.8626
2932.27	83.7568
2934.2	83.8501
2936.13	83.9719
2938.06	84.236
2939.98	84.7294
2941.91	85.1602
2943.84	85.3065
2945.77	85.3032
2947.7	85.2126
2949.63	84.8926
2951.56	84.3746
2953.49	83.8821
2955.42	83.5118
2957.35	83.2379
2959.28	83.1482
2961.2	83.404
2963.13	84.0013
2965.06	84.8135
2966.99	85.8108
2968.92	86.9745
2970.85	88.1195
2972.78	89.0813
2974.71	89.8988
2976.64	90.6556
2978.57	91.3684
2980.5	92.0085
2982.43	92.4753
2984.35	92.745
2986.28	93.042
2988.21	93.5276
2990.14	93.9822
2992.07	94.1707
2994	94.2602
2995.93	94.5504
2997.86	95.0256
2999.79	95.3924
3001.72	95.4627
3003.65	95.4043
3005.57	95.5128
3007.5	95.7511
3009.43	95.8408
3011.36	95.7945
3013.29	95.8625
3015.22	96.0368
3017.15	96.1322
3019.08	96.1678
3021.01	96.2418
3022.94	96.3336
3024.87	96.445
3026.79	96.5762
3028.72	96.6014
3030.65	96.4743
3032.58	96.3402
3034.51	96.2778
3036.44	96.236
3038.37	96.2481
3040.3	96.3668
3042.23	96.4371
3044.16	96.2648
3046.09	95.9661
3048.02	95.8811
3049.94	96.1337
3051.87	96.4666
3053.8	96.5864
3055.73	96.5306
3057.66	96.5238
3059.59	96.5521
3061.52	96.3819
3063.45	96.0387
3065.38	95.8991
3067.31	96.1665
3069.24	96.5466
3071.16	96.6397
3073.09	96.4552
3075.02	96.3167
3076.95	96.3607
3078.88	96.4352
3080.81	96.4544
3082.74	96.4998
3084.67	96.5604
3086.6	96.4877
3088.53	96.2501
3090.46	96.0432
3092.39	96.0527
3094.31	96.1769
3096.24	96.186
3098.17	96.1387
3100.1	96.2189
3102.03	96.2685
3103.96	96.0894
3105.89	95.9068
3107.82	95.9009
3109.75	95.8485
3111.68	95.6854
3113.61	95.6678
3115.53	95.7753
3117.46	95.7665
3119.39	95.7474
3121.32	95.9348
3123.25	96.1491
3125.18	96.1364
3127.11	96.031
3129.04	96.0798
3130.97	96.2674
3132.9	96.4343
3134.83	96.4636
3136.75	96.3186
3138.68	96.1059
3140.61	96.0128
3142.54	96.0736
3144.47	96.1392
3146.4	96.0925
3148.33	95.9547
3150.26	95.8581
3152.19	95.9145
3154.12	95.9999
3156.05	95.9006
3157.98	95.7288
3159.9	95.7525
3161.83	95.8915
3163.76	95.9019
3165.69	95.7975
3167.62	95.6985
3169.55	95.6495
3171.48	95.7266
3173.41	95.9021
3175.34	95.9236
3177.27	95.6813
3179.2	95.4376
3181.12	95.4263
3183.05	95.4933
3184.98	95.3816
3186.91	95.1879
3188.84	95.2022
3190.77	95.3701
3192.7	95.3807
3194.63	95.2319
3196.56	95.1392
3198.49	95.0683
3200.42	94.9528
3202.35	94.981
3204.27	95.186
3206.2	95.2796
3208.13	95.1362
3210.06	94.9168
3211.99	94.7487
3213.92	94.6951
3215.85	94.7997
3217.78	94.9518
3219.71	94.99
3221.64	94.915
3223.57	94.8124
3225.49	94.7435
3227.42	94.7232
3229.35	94.6501
3231.28	94.4543
3233.21	94.3119
3235.14	94.3612
3237.07	94.4177
3239	94.3105
3240.93	94.1543
3242.86	94.0613
3244.79	94.0041
3246.72	93.9983
3248.64	94.0563
3250.57	94.079
3252.5	94.0377
3254.43	94.0284
3256.36	94.0195
3258.29	93.8743
3260.22	93.6742
3262.15	93.6339
3264.08	93.7025
3266.01	93.6656
3267.94	93.5621
3269.86	93.572
3271.79	93.6389
3273.72	93.5935
3275.65	93.4694
3277.58	93.3978
3279.51	93.3682
3281.44	93.3165
3283.37	93.2878
3285.3	93.3237
3287.23	93.3023
3289.16	93.0896
3291.08	92.7938
3293.01	92.6438
3294.94	92.6505
3296.87	92.6422
3298.8	92.5851
3300.73	92.6026
3302.66	92.6981
3304.59	92.7071
3306.52	92.5579
3308.45	92.3827
3310.38	92.2934
3312.31	92.2272
3314.23	92.1549
3316.16	92.1957
3318.09	92.3235
3320.02	92.3085
3321.95	92.1423
3323.88	92.0629
3325.81	92.084
3327.74	92.018
3329.67	91.863
3331.6	91.7283
3333.53	91.6315
3335.45	91.5974
3337.38	91.6287
3339.31	91.6324
3341.24	91.6116
3343.17	91.6505
3345.1	91.6812
3347.03	91.6452
3348.96	91.6644
3350.89	91.7544
3352.82	91.7714
3354.75	91.7011
3356.68	91.6372
3358.6	91.6047
3360.53	91.559
3362.46	91.4283
3364.39	91.2086
3366.32	91.0291
3368.25	90.9851
3370.18	91.0531
3372.11	91.2336
3374.04	91.5005
3375.97	91.6651
3377.9	91.5949
3379.82	91.4282
3381.75	91.3478
3383.68	91.3466
3385.61	91.3457
3387.54	91.3329
3389.47	91.3221
3391.4	91.3384
3393.33	91.4018
3395.26	91.4325
3397.19	91.3406
3399.12	91.2087
3401.04	91.1769
3402.97	91.2568
3404.9	91.3915
3406.83	91.5172
3408.76	91.5614
3410.69	91.5366
3412.62	91.5082
3414.55	91.4375
3416.48	91.2841
3418.41	91.1659
3420.34	91.1944
3422.27	91.3115
3424.19	91.4243
3426.12	91.5017
3428.05	91.5258
3429.98	91.5204
3431.91	91.5086
3433.84	91.4057
3435.77	91.2046
3437.7	91.1597
3439.63	91.4046
3441.56	91.6053
3443.49	91.4614
3445.41	91.2479
3447.34	91.342
3449.27	91.6181
3451.2	91.7798
3453.13	91.8136
3455.06	91.7934
3456.99	91.7408
3458.92	91.7458
3460.85	91.8753
3462.78	92.0148
3464.71	91.9783
3466.64	91.7424
3468.56	91.5191
3470.49	91.5233
3472.42	91.6716
3474.35	91.7258
3476.28	91.6564
3478.21	91.5611
3480.14	91.4351
3482.07	91.331
3484	91.3935
3485.93	91.5814
3487.86	91.7599
3489.78	91.9004
3491.71	91.9364
3493.64	91.8204
3495.57	91.7375
3497.5	91.7925
3499.43	91.7647
3501.36	91.5973
3503.29	91.5676
3505.22	91.737
3507.15	91.8677
3509.08	91.8685
3511	91.7574
3512.93	91.5217
3514.86	91.2841
3516.79	91.2631
3518.72	91.471
3520.65	91.7014
3522.58	91.8501
3524.51	91.9694
3526.44	92.0591
3528.37	92.0991
3530.3	92.1546
3532.23	92.2003
3534.15	92.1335
3536.08	92.0214
3538.01	91.9946
3539.94	92.0226
3541.87	92.0688
3543.8	92.1532
3545.73	92.2259
3547.66	92.2845
3549.59	92.3667
3551.52	92.3696
3553.45	92.2954
3555.37	92.3818
3557.3	92.6809
3559.23	93.0078
3561.16	93.2087
3563.09	93.2356
3565.02	93.1939
3566.95	93.2935
3568.88	93.4774
3570.81	93.5471
3572.74	93.677
3574.67	94.0325
3576.6	94.4276
3578.52	94.6998
3580.45	94.9146
3582.38	94.9887
3584.31	94.7894
3586.24	94.5343
3588.17	94.6442
3590.1	95.0403
3592.03	95.3455
3593.96	95.5505
3595.89	95.7763
3597.82	95.9904
3599.74	96.0764
3601.67	95.9892
3603.6	95.8621
3605.53	95.9099
3607.46	96.1748
3609.39	96.4571
3611.32	96.6125
3613.25	96.6885
3615.18	96.68
3617.11	96.6309
3619.04	96.7079
3620.97	96.8393
3622.89	96.7331
3624.82	96.3823
3626.75	96.0222
3628.68	96.0781
3630.61	96.6269
3632.54	97.0048
3634.47	97.0571
3636.4	97.0797
3638.33	97.1024
3640.26	96.9094
3642.19	96.575
3644.11	96.3265
3646.04	96.165
3647.97	96.2488
3649.9	96.8757
3651.83	97.3927
3653.76	97.5496
3655.69	97.7815
3657.62	97.8976
3659.55	97.4738
3661.48	96.9269
3663.41	96.7664
3665.33	96.8875
3667.26	97.1098
3669.19	97.536
3671.12	97.8909
3673.05	97.8187
3674.98	97.5831
3676.91	97.3432
3678.84	97.0511
3680.77	96.9065
3682.7	97.0115
3684.63	97.1249
3686.56	97.104
3688.48	97.2953
3690.41	97.8637
3692.34	98.1047
3694.27	97.7916
3696.2	97.3682
3698.13	97.1348
3700.06	97.0191
3701.99	96.8967
3703.92	96.8644
3705.85	97.0158
3707.78	97.2364
3709.7	97.3442
3711.63	97.3445
3713.56	97.4297
3715.49	97.4734
3717.42	97.2691
3719.35	96.9834
3721.28	96.9987
3723.21	97.3124
3725.14	97.549
3727.07	97.5732
3729	97.5699
3730.93	97.6075
3732.85	97.523
3734.78	97.2823
3736.71	97.2858
3738.64	97.5966
3740.57	97.8263
3742.5	97.9154
3744.43	98.0238
3746.36	98.0716
3748.29	97.9388
3750.22	97.8225
3752.15	97.7944
3754.07	97.5937
3756	97.3047
3757.93	97.2889
3759.86	97.5941
3761.79	97.7497
3763.72	97.6047
3765.65	97.4408
3767.58	97.396
3769.51	97.3838
3771.44	97.3854
3773.37	97.4078
3775.29	97.4293
3777.22	97.4995
3779.15	97.6002
3781.08	97.6027
3783.01	97.5474
3784.94	97.5096
3786.87	97.3954
3788.8	97.2456
3790.73	97.2725
3792.66	97.4438
3794.59	97.5169
3796.52	97.448
3798.44	97.441
3800.37	97.5513
3802.3	97.5505
3804.23	97.3608
3806.16	97.2814
3808.09	97.4771
3810.02	97.6503
3811.95	97.5934
3813.88	97.5074
3815.81	97.5252
3817.74	97.4431
3819.66	97.2425
3821.59	97.2731
3823.52	97.5103
3825.45	97.5296
3827.38	97.3062
3829.31	97.1389
3831.24	97.1867
3833.17	97.3129
3835.1	97.4118
3837.03	97.5684
3838.96	97.7758
3840.89	97.8321
3842.81	97.7108
3844.74	97.5057
3846.67	97.2431
3848.6	96.9959
3850.53	96.9219
3852.46	97.1764
3854.39	97.5275
3856.32	97.497
3858.25	97.3078
3860.18	97.2379
3862.11	97.3202
3864.03	97.4333
3865.96	97.4767
3867.89	97.4643
3869.82	97.4344
3871.75	97.4592
3873.68	97.5473
3875.61	97.5841
3877.54	97.538
3879.47	97.4575
3881.4	97.3226
3883.33	97.155
3885.25	97.1253
3887.18	97.2399
3889.11	97.2638
3891.04	97.168
3892.97	97.1525
3894.9	97.2286
3896.83	97.2449
3898.76	97.2179
3900.69	97.2633
3902.62	97.3638
3904.55	97.4107
3906.48	97.3642
3908.4	97.2432
3910.33	97.1199
3912.26	97.0968
3914.19	97.2033
3916.12	97.3773
3918.05	97.5433
3919.98	97.6175
3921.91	97.5515
3923.84	97.3835
3925.77	97.2518
3927.7	97.2842
3929.62	97.4192
3931.55	97.4906
3933.48	97.4663
3935.41	97.4283
3937.34	97.3372
3939.27	97.1998
3941.2	97.2359
3943.13	97.4995
3945.06	97.6709
3946.99	97.6024
3948.92	97.4639
3950.85	97.3326
3952.77	97.1981
3954.7	97.1374
3956.63	97.147
3958.56	97.1483
3960.49	97.2171
3962.42	97.4069
3964.35	97.5184
3966.28	97.4465
3968.21	97.3735
3970.14	97.3771
3972.07	97.3315
3973.99	97.2627
3975.92	97.2823
3977.85	97.2794
3979.78	97.1717
3981.71	97.1367
3983.64	97.2439
3985.57	97.3208
3987.5	97.3175
3989.43	97.3007
3991.36	97.2275
3993.29	97.1443
3995.22	97.2312
3997.14	97.4127
