499.643	79.8615
501.572	78.4285
503.501	77.954
505.43	78.6391
507.36	79.8451
509.289	80.6435
511.218	80.322
513.147	79.6795
515.076	79.8993
517.005	80.3904
518.934	79.9589
520.863	79.3329
522.792	79.5548
524.722	80.1438
526.651	80.4637
528.58	80.7232
530.509	80.9421
532.438	80.8175
534.367	80.4756
536.296	80.2027
538.225	80.1566
540.155	80.5546
542.084	81.2199
544.013	81.4773
545.942	81.1678
547.871	80.8449
549.8	80.7848
551.729	80.7909
553.658	80.7953
555.588	80.908
557.517	81.0821
559.446	81.1442
561.375	81.0783
563.304	81.0324
565.233	81.0142
567.162	80.8942
569.091	80.7808
571.021	80.9309
572.95	81.2637
574.879	81.5029
576.808	81.6553
578.737	81.8612
580.666	81.9793
582.595	81.7983
584.524	81.4337
586.454	81.1698
588.383	81.1202
590.312	81.207
592.241	81.2875
594.17	81.3147
596.099	81.3727
598.028	81.425
599.957	81.2755
601.887	80.9365
603.816	80.6604
605.745	80.5462
607.674	80.5199
609.603	80.5697
611.532	80.6868
613.461	80.7801
615.39	80.7976
617.32	80.774
619.249	80.7888
621.178	80.8932
623.107	81.0263
625.036	81.1041
626.965	81.1589
628.894	81.243
630.823	81.3203
632.753	81.3828
634.682	81.5043
636.611	81.7136
638.54	81.9548
640.469	82.1942
642.398	82.4452
644.327	82.6927
646.256	82.8966
648.186	83.0488
650.115	83.1812
652.044	83.332
653.973	83.4455
655.902	83.3867
657.831	83.1809
659.76	82.9773
661.689	82.7999
663.619	82.6145
665.548	82.5245
667.477	82.7791
669.406	83.2856
671.335	83.498
673.264	83.6052
675.193	83.8341
677.122	84.1194
679.052	84.386
680.981	84.6916
682.91	84.9655
684.839	85.0891
686.768	85.1883
688.697	85.4437
690.626	85.7795
692.555	86.0253
694.485	86.1917
696.414	86.3426
698.343	86.4374
700.272	86.466
702.201	86.5158
704.13	86.6209
706.059	86.7255
707.988	86.7989
709.917	86.8663
711.847	86.9192
713.776	86.8861
715.705	86.7727
717.634	86.7173
719.563	86.7582
721.492	86.7046
723.421	86.44
725.35	86.1007
727.28	85.7993
729.209	85.4613
731.138	84.9874
733.067	84.4077
734.996	83.8372
736.925	83.3867
738.854	83.1419
740.783	83.136
742.713	83.2812
744.642	83.4114
746.571	83.4426
748.5	83.4343
750.429	83.4871
752.358	83.6338
754.287	83.8343
756.216	84.0358
758.146	84.2197
760.075	84.4025
762.004	84.6078
763.933	84.8286
765.862	85.0242
767.791	85.1648
769.72	85.2506
771.649	85.2958
773.579	85.3311
775.508	85.38
777.437	85.4122
779.366	85.3832
781.295	85.2955
783.224	85.1534
785.153	84.9241
787.082	84.5732
789.012	84.0759
790.941	83.434
792.87	82.6753
794.799	81.7057
796.728	80.1898
798.657	77.6375
800.586	73.5735
802.515	67.9739
804.445	61.979
806.374	57.7405
808.303	56.9058
810.232	59.4659
812.161	64.2582
814.09	69.9731
816.019	75.4145
817.948	79.5987
819.878	82.1893
821.807	83.5319
823.736	84.1456
825.665	84.3728
827.594	84.3712
829.523	84.2113
831.452	83.9534
833.381	83.6068
835.311	83.094
837.24	82.3875
839.169	81.5844
841.098	80.7746
843.027	80.0235
844.956	79.508
846.885	79.4229
848.814	79.7418
850.744	80.2752
852.673	80.9013
854.602	81.548
856.531	82.0755
858.46	82.387
860.389	82.5448
862.318	82.6436
864.247	82.6935
866.177	82.6916
868.106	82.6692
870.035	82.6302
871.964	82.5597
873.893	82.4833
875.822	82.4215
877.751	82.3378
879.68	82.2209
881.609	82.1236
883.539	82.045
885.468	81.897
887.397	81.6454
889.326	81.3519
891.255	81.0539
893.184	80.7358
895.113	80.4108
897.042	80.1275
898.972	79.9275
900.901	79.8566
902.83	79.9428
904.759	80.1141
906.688	80.2242
908.617	80.2028
910.546	80.1013
912.475	79.9573
914.405	79.7281
916.334	79.4071
918.263	79.0719
920.192	78.7561
922.121	78.4189
924.05	78.0789
925.979	77.8105
927.908	77.5853
929.838	77.2933
931.767	76.9072
933.696	76.4763
935.625	76.0099
937.554	75.488
939.483	74.9139
941.412	74.2787
943.341	73.5147
945.271	72.5208
947.2	71.2724
949.129	69.9256
951.058	68.71
952.987	67.6581
954.916	66.529
956.845	65.0358
958.774	63.1013
960.704	60.9232
962.633	58.848
964.562	57.1632
966.491	55.956
968.42	55.129
970.349	54.5059
972.278	53.9123
974.207	53.2071
976.137	52.3101
978.066	51.2751
979.995	50.3435
981.924	49.8353
983.853	49.9322
985.782	50.5968
987.711	51.6787
989.64	53.026
991.57	54.5067
993.499	55.9827
995.428	57.2916
997.357	58.2866
999.286	58.9085
1001.22	59.1859
1003.14	59.1862
1005.07	59.0197
1007	58.8466
1008.93	58.8084
1010.86	58.9513
1012.79	59.2022
1014.72	59.3944
1016.65	59.3677
1018.58	59.0778
1020.51	58.5636
1022.44	57.8432
1024.36	56.9713
1026.29	56.1826
1028.22	55.7784
1030.15	55.7788
1032.08	55.8301
1034.01	55.5544
1035.94	54.8761
1037.87	53.9491
1039.8	52.914
1041.73	51.8316
1043.66	50.7454
1045.58	49.6884
1047.51	48.629
1049.44	47.4742
1051.37	46.1866
1053.3	44.9058
1055.23	43.9124
1057.16	43.4678
1059.09	43.69
1061.02	44.5306
1062.95	45.8349
1064.88	47.444
1066.81	49.2749
1068.73	51.3488
1070.66	53.7483
1072.59	56.4931
1074.52	59.4418
1076.45	62.3547
1078.38	65.0413
1080.31	67.4109
1082.24	69.4191
1084.17	71.0105
1086.1	72.1204
1088.03	72.7279
1089.95	72.8737
1091.88	72.6083
1093.81	71.9769
1095.74	71.0725
1097.67	70.0283
1099.6	68.9406
1101.53	67.8557
1103.46	66.8094
1105.39	65.8216
1107.32	64.9015
1109.25	64.0988
1111.18	63.5003
1113.1	63.1602
1115.03	63.0734
1116.96	63.2014
1118.89	63.4913
1120.82	63.8608
1122.75	64.1693
1124.68	64.2549
1126.61	64.0186
1128.54	63.3982
1130.47	62.2684
1132.4	60.4815
1134.32	58.0151
1136.25	55.0151
1138.18	51.7318
1140.11	48.4474
1142.04	45.4128
1143.97	42.8004
1145.9	40.6893
1147.83	39.0688
1149.76	37.8706
1151.69	37.0193
1153.62	36.4487
1155.55	36.0911
1157.47	35.8993
1159.4	35.8633
1161.33	35.9737
1163.26	36.2051
1165.19	36.5414
1167.12	36.9598
1169.05	37.4141
1170.98	37.8864
1172.91	38.3991
1174.84	38.9577
1176.77	39.5584
1178.69	40.2292
1180.62	40.9979
1182.55	41.8514
1184.48	42.7639
1186.41	43.7278
1188.34	44.7449
1190.27	45.8164
1192.2	46.9504
1194.13	48.1532
1196.06	49.4144
1197.99	50.7386
1199.91	52.1573
1201.84	53.6538
1203.77	55.1572
1205.7	56.6462
1207.63	58.152
1209.56	59.677
1211.49	61.218
1213.42	62.7847
1215.35	64.3115
1217.28	65.6442
1219.21	66.694
1221.14	67.5458
1223.06	68.3321
1224.99	69.0439
1226.92	69.5554
1228.85	69.789
1230.78	69.7425
1232.71	69.4259
1234.64	68.8805
1236.57	68.1759
1238.5	67.3404
1240.43	66.3686
1242.36	65.2871
1244.28	64.1547
1246.21	63.0257
1248.14	61.948
1250.07	60.976
1252	60.1598
1253.93	59.5191
1255.86	59.0566
1257.79	58.7891
1259.72	58.7199
1261.65	58.8245
1263.58	59.102
1265.51	59.5742
1267.43	60.2372
1269.36	61.0691
1271.29	62.0447
1273.22	63.1281
1275.15	64.2847
1277.08	65.4666
1279.01	66.604
1280.94	67.6553
1282.87	68.6071
1284.8	69.4062
1286.73	69.9456
1288.65	70.1101
1290.58	69.8885
1292.51	69.5127
1294.44	69.42
1296.37	70.0038
1298.3	71.3733
1300.23	73.3312
1302.16	75.5359
1304.09	77.6797
1306.02	79.5676
1307.95	81.1224
1309.87	82.375
1311.8	83.3917
1313.73	84.1858
1315.66	84.7536
1317.59	85.1333
1319.52	85.3626
1321.45	85.4673
1323.38	85.5017
1325.31	85.5239
1327.24	85.5574
1329.17	85.6113
1331.1	85.6983
1333.02	85.8118
1334.95	85.9435
1336.88	86.126
1338.81	86.3589
1340.74	86.5497
1342.67	86.6748
1344.6	86.8068
1346.53	86.9441
1348.46	87.0324
1350.39	87.0792
1352.32	87.1051
1354.24	87.075
1356.17	86.9741
1358.1	86.8722
1360.03	86.8395
1361.96	86.8356
1363.89	86.7417
1365.82	86.5377
1367.75	86.2663
1369.68	85.9451
1371.61	85.5822
1373.54	85.0965
1375.47	84.437
1377.39	83.8002
1379.32	83.3147
1381.25	82.9203
1383.18	82.5835
1385.11	82.192
1387.04	81.5116
1388.97	80.6175
1390.9	79.7496
1392.83	78.797
1394.76	77.6694
1396.69	76.2881
1398.61	74.2557
1400.54	71.5674
1402.47	68.6037
1404.4	65.6358
1406.33	63.6582
1408.26	63.7206
1410.19	65.7097
1412.12	69.0403
1414.05	72.5796
1415.98	75.7827
1417.91	79.1999
1419.83	82.3997
1421.76	84.4114
1423.69	85.7474
1425.62	86.7852
1427.55	87.3999
1429.48	87.647
1431.41	87.6558
1433.34	87.5201
1435.27	87.336
1437.2	87.106
1439.13	86.7633
1441.06	86.2711
1442.98	85.6146
1444.91	84.8565
1446.84	84.0737
1448.77	83.2962
1450.7	82.6724
1452.63	82.3079
1454.56	82.15
1456.49	82.1167
1458.42	81.8847
1460.35	81.4055
1462.28	80.9434
1464.2	80.54
1466.13	80.3005
1468.06	80.3968
1469.99	80.8848
1471.92	81.8201
1473.85	82.9888
1475.78	84.1023
1477.71	85.3231
1479.64	86.7045
1481.57	88.1353
1483.5	89.4799
1485.43	90.6309
1487.35	91.6668
1489.28	92.6535
1491.21	93.3076
1493.14	93.62
1495.07	93.8927
1497	94.2376
1498.93	94.5437
1500.86	94.699
1502.79	94.7537
1504.72	94.8417
1506.65	95.1019
1508.57	95.2342
1510.5	95.0743
1512.43	94.9728
1514.36	95.1046
1516.29	95.3769
1518.22	95.5927
1520.15	95.7557
1522.08	95.8769
1524.01	95.8829
1525.94	95.8316
1527.87	95.8025
1529.8	95.7998
1531.72	95.8443
1533.65	95.9211
1535.58	95.9231
1537.51	95.9138
1539.44	96.1032
1541.37	96.3777
1543.3	96.3135
1545.23	96.1436
1547.16	96.083
1549.09	96.1068
1551.02	96.1411
1552.94	96.1266
1554.87	96.0802
1556.8	96.1178
1558.73	96.2857
1560.66	96.3018
1562.59	96.1619
1564.52	96.0383
1566.45	95.9723
1568.38	95.9566
1570.31	95.9357
1572.24	95.9008
1574.16	95.9101
1576.09	95.9463
1578.02	95.8969
1579.95	95.7813
1581.88	95.6747
1583.81	95.5818
1585.74	95.4932
1587.67	95.4137
1589.6	95.3623
1591.53	95.3355
1593.46	95.2873
1595.39	95.1879
1597.31	95.0338
1599.24	94.8323
1601.17	94.598
1603.1	94.2864
1605.03	93.8504
1606.96	93.3319
1608.89	92.648
1610.82	91.6809
1612.75	90.6339
1614.68	89.6664
1616.61	88.8262
1618.53	88.3958
1620.46	88.4608
1622.39	88.8386
1624.32	89.1899
1626.25	89.2003
1628.18	88.77
1630.11	87.8729
1632.04	86.846
1633.97	86.2289
1635.9	86.6073
1637.83	87.9229
1639.76	89.4721
1641.68	90.9273
1643.61	92.0543
1645.54	92.8766
1647.47	93.4606
1649.4	93.6585
1651.33	93.6895
1653.26	93.8209
1655.19	93.8707
1657.12	93.7544
1659.05	93.6184
1660.98	93.4639
1662.9	93.2711
1664.83	93.0612
1666.76	92.8909
1668.69	92.7506
1670.62	92.4759
1672.55	92.1059
1674.48	91.7315
1676.41	91.1305
1678.34	90.3671
1680.27	89.6817
1682.2	88.8932
1684.12	87.927
1686.05	87.0243
1687.98	85.8277
1689.91	84.2762
1691.84	82.6731
1693.77	80.8367
1695.7	78.5457
1697.63	76.0069
1699.56	72.8105
1701.49	68.9823
1703.42	65.534
1705.35	62.0189
1707.27	57.9548
1709.2	54.3498
1711.13	51.6322
1713.06	49.3141
1714.99	47.4357
1716.92	45.8109
1718.85	43.9443
1720.78	42.7156
1722.71	42.4421
1724.64	42.6963
1726.57	43.5707
1728.49	45.1304
1730.42	47.0412
1732.35	49.6038
1734.28	53.0336
1736.21	56.075
1738.14	58.6782
1740.07	61.7231
1742	65.1128
1743.93	68.3307
1745.86	71.5071
1747.79	74.8504
1749.72	78.3604
1751.64	81.7341
1753.57	84.5489
1755.5	86.9397
1757.43	89.2163
1759.36	91.1837
1761.29	92.6086
1763.22	93.6631
1765.15	94.3701
1767.08	94.7321
1769.01	95.0544
1770.94	95.4557
1772.86	95.7135
1774.79	95.8359
1776.72	95.9235
1778.65	95.9546
1780.58	95.9898
1782.51	96.0697
1784.44	96.1784
1786.37	96.3199
1788.3	96.4192
1790.23	96.4721
1792.16	96.5937
1794.08	96.6813
1796.01	96.6421
1797.94	96.6695
1799.87	96.8147
1801.8	96.9156
1803.73	96.9574
1805.66	97.0153
1807.59	97.079
1809.52	97.1235
1811.45	97.1042
1813.38	97.0465
1815.31	97.0636
1817.23	97.1495
1819.16	97.2244
1821.09	97.3155
1823.02	97.4407
1824.95	97.5402
1826.88	97.6131
1828.81	97.6923
1830.74	97.7464
1832.67	97.7295
1834.6	97.6679
1836.53	97.6551
1838.45	97.7218
1840.38	97.7663
1842.31	97.7774
1844.24	97.8296
1846.17	97.8645
1848.1	97.8877
1850.03	98.012
1851.96	98.1433
1853.89	98.1233
1855.82	98.0201
1857.75	97.9437
1859.68	97.905
1861.6	97.9283
1863.53	98.0153
1865.46	98.1201
1867.39	98.2384
1869.32	98.348
1871.25	98.3715
1873.18	98.3287
1875.11	98.322
1877.04	98.4041
1878.97	98.4871
1880.9	98.4759
1882.82	98.4568
1884.75	98.5489
1886.68	98.6895
1888.61	98.7612
1890.54	98.7539
1892.47	98.7407
1894.4	98.7863
1896.33	98.8696
1898.26	98.8921
1900.19	98.8316
1902.12	98.7714
1904.05	98.7477
1905.97	98.7115
1907.9	98.6819
1909.83	98.7838
1911.76	98.9885
1913.69	99.0752
1915.62	99.0122
1917.55	98.9793
1919.48	99.0406
1921.41	99.1599
1923.34	99.3304
1925.27	99.3882
1927.19	99.255
1929.12	99.2226
1931.05	99.4089
1932.98	99.493
1934.91	99.3532
1936.84	99.2472
1938.77	99.2894
1940.7	99.4009
1942.63	99.5494
1944.56	99.6833
1946.49	99.7599
1948.41	99.8757
1950.34	100.074
1952.27	100.152
1954.2	99.9679
1956.13	99.8037
1958.06	99.9617
1959.99	100.176
1961.92	100.152
1963.85	100.228
1965.78	100.655
1967.71	100.946
1969.64	100.731
1971.56	100.393
1973.49	100.253
1975.42	100.186
1977.35	100.178
1979.28	100.431
1981.21	100.796
1983.14	100.86
1985.07	100.623
1987	100.43
1988.93	100.33
1990.86	100.156
1992.78	100.03
1994.71	100.073
1996.64	100.087
1998.57	100.046
2000.5	100.158
2002.43	100.305
2004.36	100.254
2006.29	100.213
2008.22	100.36
2010.15	100.41
2012.08	100.229
2014.01	100.057
2015.93	99.9956
2017.86	100.025
2019.79	100.207
2021.72	100.427
2023.65	100.494
2025.58	100.46
2027.51	100.405
2029.44	100.29
2031.37	100.199
2033.3	100.247
2035.23	100.37
2037.15	100.473
2039.08	100.541
2041.01	100.568
2042.94	100.511
2044.87	100.31
2046.8	100.069
2048.73	100.075
2050.66	100.289
2052.59	100.244
2054.52	99.8429
2056.45	99.54
2058.37	99.5351
2060.3	99.5519
2062.23	99.4926
2064.16	99.5655
2066.09	99.7809
2068.02	99.9296
2069.95	99.9433
2071.88	99.8537
2073.81	99.6604
2075.74	99.4488
2077.67	99.3393
2079.6	99.3367
2081.52	99.4222
2083.45	99.562
2085.38	99.5953
2087.31	99.4517
2089.24	99.3288
2091.17	99.3568
2093.1	99.4111
2095.03	99.4375
2096.96	99.5196
2098.89	99.5689
2100.82	99.478
2102.74	99.4604
2104.67	99.6606
2106.6	99.7559
2108.53	99.5298
2110.46	99.3286
2112.39	99.4227
2114.32	99.5899
2116.25	99.6197
2118.18	99.5674
2120.11	99.4906
2122.04	99.4178
2123.97	99.4025
2125.89	99.4323
2127.82	99.5003
2129.75	99.6678
2131.68	99.9233
2133.61	100.162
2135.54	100.277
2137.47	100.21
2139.4	100.041
2141.33	99.9563
2143.26	100.043
2145.19	100.254
2147.11	100.452
2149.04	100.464
2150.97	100.285
2152.9	100.12
2154.83	100.079
2156.76	100.125
2158.69	100.308
2160.62	100.611
2162.55	100.721
2164.48	100.4
2166.41	99.9055
2168.33	99.6377
2170.26	99.6735
2172.19	99.8754
2174.12	100.089
2176.05	100.143
2177.98	100.057
2179.91	100.086
2181.84	100.234
2183.77	100.241
2185.7	100.151
2187.63	100.195
2189.56	100.239
2191.48	100.039
2193.41	99.7907
2195.34	99.8316
2197.27	100.074
2199.2	100.193
2201.13	100.153
2203.06	100.118
2204.99	100.098
2206.92	100.053
2208.85	99.9823
2210.78	99.7791
2212.7	99.4936
2214.63	99.4577
2216.56	99.6808
2218.49	99.7922
2220.42	99.7827
2222.35	99.9053
2224.28	100.009
2226.21	99.8489
2228.14	99.6179
2230.07	99.5696
2232	99.6298
2233.93	99.6302
2235.85	99.5473
2237.78	99.464
2239.71	99.4605
2241.64	99.5113
2243.57	99.4971
2245.5	99.3627
2247.43	99.1786
2249.36	99.0376
2251.29	99.0071
2253.22	99.14
2255.15	99.3649
2257.07	99.4738
2259	99.4012
2260.93	99.3141
2262.86	99.2995
2264.79	99.2591
2266.72	99.1846
2268.65	99.2014
2270.58	99.3146
2272.51	99.4083
2274.44	99.4536
2276.37	99.4818
2278.29	99.4462
2280.22	99.3206
2282.15	99.2141
2284.08	99.1919
2286.01	99.1381
2287.94	98.9661
2289.87	98.803
2291.8	98.8066
2293.73	98.9353
2295.66	99.0437
2297.59	99.1028
2299.52	99.1522
2301.44	99.1399
2303.37	99.0501
2305.3	99.0496
2307.23	99.2401
2309.16	99.455
2311.09	99.5522
2313.02	99.6389
2314.95	99.7957
2316.88	99.9145
2318.81	99.9022
2320.74	99.8074
2322.66	99.7568
2324.59	99.8219
2326.52	99.9627
2328.45	100.139
2330.38	100.369
2332.31	100.611
2334.24	100.725
2336.17	100.693
2338.1	100.709
2340.03	100.924
2341.96	101.121
2343.89	100.935
2345.81	100.44
2347.74	100.043
2349.67	99.8873
2351.6	100.082
2353.53	100.805
2355.46	101.792
2357.39	102.464
2359.32	102.669
2361.25	102.359
2363.18	101.693
2365.11	101.215
2367.03	101.136
2368.96	101.025
2370.89	100.568
2372.82	99.9911
2374.75	99.5564
2376.68	99.2305
2378.61	98.9426
2380.54	98.7229
2382.47	98.5341
2384.4	98.2988
2386.33	98.0956
2388.26	98.0537
2390.18	98.1066
2392.11	98.1097
2394.04	98.0926
2395.97	98.1433
2397.9	98.2078
2399.83	98.1845
2401.76	98.0833
2403.69	98.0301
2405.62	98.1155
2407.55	98.2351
2409.48	98.2337
2411.4	98.1782
2413.33	98.2052
2415.26	98.2395
2417.19	98.1681
2419.12	98.0606
2421.05	98.0053
2422.98	97.9965
2424.91	98.0455
2426.84	98.1604
2428.77	98.2795
2430.7	98.36
2432.62	98.4051
2434.55	98.4082
2436.48	98.3819
2438.41	98.3345
2440.34	98.2017
2442.27	97.9899
2444.2	97.872
2446.13	97.937
2448.06	98.0541
2449.99	98.107
2451.92	98.0986
2453.85	98.0484
2455.77	98.0275
2457.7	98.1093
2459.63	98.1808
2461.56	98.1183
2463.49	98.0595
2465.42	98.1377
2467.35	98.2155
2469.28	98.1856
2471.21	98.1573
2473.14	98.1641
2475.07	98.0974
2476.99	97.9924
2478.92	98.0096
2480.85	98.1439
2482.78	98.2406
2484.71	98.243
2486.64	98.2033
2488.57	98.1435
2490.5	98.0558
2492.43	97.9538
2494.36	97.9054
2496.29	98.0439
2498.22	98.3621
2500.14	98.5605
2502.07	98.4501
2504	98.2865
2505.93	98.3053
2507.86	98.3446
2509.79	98.2571
2511.72	98.1861
2513.65	98.218
2515.58	98.2318
2517.51	98.189
2519.44	98.222
2521.36	98.3546
2523.29	98.3843
2525.22	98.1967
2527.15	97.9804
2529.08	97.9321
2531.01	98.0062
2532.94	98.0841
2534.87	98.1182
2536.8	98.1261
2538.73	98.2042
2540.66	98.3622
2542.58	98.3911
2544.51	98.1878
2546.44	97.9613
2548.37	97.8726
2550.3	97.8491
2552.23	97.8508
2554.16	97.9267
2556.09	98.0327
2558.02	98.0979
2559.95	98.1382
2561.88	98.1268
2563.81	97.995
2565.73	97.8349
2567.66	97.7822
2569.59	97.7638
2571.52	97.7068
2573.45	97.744
2575.38	97.8927
2577.31	97.9497
2579.24	97.8842
2581.17	97.8543
2583.1	97.8626
2585.03	97.8271
2586.95	97.7938
2588.88	97.812
2590.81	97.8459
2592.74	97.877
2594.67	97.9028
2596.6	97.8852
2598.53	97.7994
2600.46	97.6835
2602.39	97.6108
2604.32	97.6094
2606.25	97.6213
2608.18	97.581
2610.1	97.4995
2612.03	97.4245
2613.96	97.3757
2615.89	97.3421
2617.82	97.3083
2619.75	97.2731
2621.68	97.2297
2623.61	97.1516
2625.54	97.0477
2627.47	96.9849
2629.4	96.998
2631.32	97.0461
2633.25	97.0733
2635.18	97.043
2637.11	96.9506
2639.04	96.8649
2640.97	96.8603
2642.9	96.8858
2644.83	96.8453
2646.76	96.7702
2648.69	96.7309
2650.62	96.6838
2652.54	96.5921
2654.47	96.5504
2656.4	96.6254
2658.33	96.7189
2660.26	96.7164
2662.19	96.6627
2664.12	96.6728
2666.05	96.7257
2667.98	96.6973
2669.91	96.5969
2671.84	96.5584
2673.77	96.5933
2675.69	96.6056
2677.62	96.5998
2679.55	96.6296
2681.48	96.6627
2683.41	96.6602
2685.34	96.6294
2687.27	96.5644
2689.2	96.4963
2691.13	96.5077
2693.06	96.5795
2694.99	96.5839
2696.91	96.4889
2698.84	96.4028
2700.77	96.3984
2702.7	96.4304
2704.63	96.434
2706.56	96.3985
2708.49	96.3509
2710.42	96.339
2712.35	96.3808
2714.28	96.3986
2716.21	96.3289
2718.14	96.2606
2720.06	96.279
2721.99	96.3121
2723.92	96.2927
2725.85	96.2393
2727.78	96.1343
2729.71	96.0035
2731.64	95.9752
2733.57	96.0308
2735.5	96.0059
2737.43	95.9345
2739.36	96.0039
2741.28	96.1954
2743.21	96.3044
2745.14	96.2329
2747.07	96.0595
2749	95.9096
2750.93	95.8665
2752.86	95.9502
2754.79	96.0821
2756.72	96.12
2758.65	96.0444
2760.58	95.9815
2762.51	95.9567
2764.43	95.8978
2766.36	95.8497
2768.29	95.8486
2770.22	95.8095
2772.15	95.7643
2774.08	95.8079
2776.01	95.8293
2777.94	95.7344
2779.87	95.6591
2781.8	95.6767
2783.73	95.6945
2785.65	95.6723
2787.58	95.6229
2789.51	95.5421
2791.44	95.4509
2793.37	95.3771
2795.3	95.3578
2797.23	95.3972
2799.16	95.3686
2801.09	95.2471
2803.02	95.2657
2804.95	95.4574
2806.87	95.5076
2808.8	95.3393
2810.73	95.203
2812.66	95.1688
2814.59	95.1212
2816.52	95.0358
2818.45	94.9228
2820.38	94.7784
2822.31	94.6349
2824.24	94.4882
2826.17	94.3309
2828.1	94.2329
2830.02	94.1882
2831.95	94.0543
2833.88	93.7735
2835.81	93.4523
2837.74	93.2024
2839.67	93.0424
2841.6	92.9072
2843.53	92.7044
2845.46	92.4144
2847.39	92.1107
2849.32	91.8362
2851.24	91.5224
2853.17	91.091
2855.1	90.5658
2857.03	90.0215
2858.96	89.4913
2860.89	88.9589
2862.82	88.4087
2864.75	87.8886
2866.68	87.472
2868.61	87.1099
2870.54	86.7015
2872.47	86.3583
2874.39	86.3145
2876.32	86.6
2878.25	87.0678
2880.18	87.5734
2882.11	87.9652
2884.04	88.1747
2885.97	88.3114
2887.9	88.4325
2889.83	88.456
2891.76	88.4087
2893.69	88.3801
2895.61	88.2935
2897.54	88.0611
2899.47	87.7872
2901.4	87.6336
2903.33	87.6343
2905.26	87.6723
2907.19	87.6378
2909.12	87.6025
2911.05	87.6338
2912.98	87.542
2914.91	87.16
2916.83	86.6581
2918.76	86.2549
2920.69	85.9259
2922.62	85.5683
2924.55	85.1407
2926.48	84.6347
2928.41	84.1088
2930.34	83.6807
2932.27	83.4502
2934.2	83.4758
2936.13	83.7472
2938.06	84.1743
2939.98	84.6401
2941.91	85.0263
2943.84	85.2557
2945.77	85.3375
2947.7	85.248
2949.63	84.868
2951.56	84.221
2953.49	83.5765
2955.42	83.1527
2957.35	82.9433
2959.28	82.9352
2961.2	83.2309
2963.13	83.868
2965.06	84.7493
2966.99	85.7908
2968.92	86.946
2970.85	88.1022
2972.78	89.1303
2974.71	89.9788
2976.64	90.6254
2978.57	91.1056
2980.5	91.598
2982.43	92.2393
2984.35	92.9028
2986.28	93.3681
2988.21	93.62
2990.14	93.8118
2992.07	94.03
2994	94.243
2995.93	94.4526
2997.86	94.7206
2999.79	94.9717
3001.72	95.041
3003.65	95.0606
3005.57	95.3672
3007.5	95.8719
3009.43	96.1052
3011.36	96.0005
3013.29	95.9512
3015.22	96.0868
3017.15	96.1788
3019.08	96.1825
3021.01	96.2677
3022.94	96.425
3024.87	96.4793
3026.79	96.3801
3028.72	96.2483
3030.65	96.2025
3032.58	96.2003
3034.51	96.1012
3036.44	95.9387
3038.37	95.9366
3040.3	96.1519
3042.23	96.351
3044.16	96.3329
3046.09	96.1751
3048.02	96.1233
3049.94	96.2783
3051.87	96.4431
3053.8	96.4431
3055.73	96.434
3057.66	96.5724
3059.59	96.6634
3061.52	96.4984
3063.45	96.2293
3065.38	96.1549
3067.31	96.3358
3069.24	96.54
3071.16	96.5749
3073.09	96.5287
3075.02	96.5093
3076.95	96.4573
3078.88	96.4013
3080.81	96.4123
3082.74	96.3731
3084.67	96.2821
3086.6	96.3133
3088.53	96.3424
3090.46	96.1885
3092.39	96.0941
3094.31	96.207
3096.24	96.259
3098.17	96.1718
3100.1	96.0967
3102.03	95.9654
3103.96	95.7845
3105.89	95.7886
3107.82	95.9021
3109.75	95.8447
3111.68	95.7256
3113.61	95.8036
3115.53	95.9613
3117.46	95.9798
3119.39	95.9482
3121.32	96.0146
3123.25	96.0731
3125.18	95.9984
3127.11	95.9296
3129.04	96.0306
3130.97	96.2146
3132.9	96.3358
3134.83	96.3717
3136.75	96.3078
3138.68	96.1639
3140.61	96.0764
3142.54	96.0998
3144.47	96.1429
3146.4	96.1585
3148.33	96.0897
3150.26	95.8691
3152.19	95.6707
3154.12	95.6585
3156.05	95.6213
3157.98	95.4389
3159.9	95.3962
3161.83	95.6039
3163.76	95.84
3165.69	95.9678
3167.62	95.8968
3169.55	95.6133
3171.48	95.4557
3173.41	95.6215
3175.34	95.7483
3177.27	95.621
3179.2	95.5234
3181.12	95.5501
3183.05	95.4447
3184.98	95.1519
3186.91	94.9178
3188.84	94.9566
3190.77	95.2175
3192.7	95.4301
3194.63	95.4478
3196.56	95.3768
3198.49	95.2856
3200.42	95.1691
3202.35	95.1123
3204.27	95.1385
3206.2	95.1366
3208.13	95.0475
3210.06	94.8641
3211.99	94.6284
3213.92	94.5135
3215.85	94.5833
3217.78	94.6584
3219.71	94.6805
3221.64	94.771
3223.57	94.8767
3225.49	94.8537
3227.42	94.7221
3229.35	94.52
3231.28	94.2773
3233.21	94.162
3235.14	94.2305
3237.07	94.2666
3239	94.1613
3240.93	94.0534
3242.86	93.9907
3244.79	93.912
3246.72	93.8649
3248.64	93.8696
3250.57	93.7979
3252.5	93.6096
3254.43	93.4462
3256.36	93.4067
3258.29	93.4624
3260.22	93.5666
3262.15	93.6629
3264.08	93.6692
3266.01	93.5938
3267.94	93.5381
3269.86	93.497
3271.79	93.3741
3273.72	93.2341
3275.65	93.2265
3277.58	93.2724
3279.51	93.1777
3281.44	92.9671
3283.37	92.8254
3285.3	92.844
3287.23	92.9526
3289.16	92.9946
3291.08	92.8776
3293.01	92.6694
3294.94	92.4846
3296.87	92.3854
3298.8	92.4254
3300.73	92.5938
3302.66	92.7379
3304.59	92.7097
3306.52	92.5413
3308.45	92.3885
3310.38	92.3184
3312.31	92.2256
3314.23	92.0837
3316.16	92.0954
3318.09	92.2992
3320.02	92.3708
3321.95	92.1516
3323.88	91.893
3325.81	91.7698
3327.74	91.7076
3329.67	91.6787
3331.6	91.7023
3333.53	91.7216
3335.45	91.7111
3337.38	91.6809
3339.31	91.6161
3341.24	91.5621
3343.17	91.5589
3345.1	91.5276
3347.03	91.4533
3348.96	91.4358
3350.89	91.4581
3352.82	91.4635
3354.75	91.5013
3356.68	91.5362
3358.6	91.4603
3360.53	91.3389
3362.46	91.2755
3364.39	91.2024
3366.32	91.0648
3368.25	90.9466
3370.18	90.9194
3372.11	91.0193
3374.04	91.267
3375.97	91.5273
3377.9	91.5876
3379.82	91.4629
3381.75	91.3378
3383.68	91.2744
3385.61	91.2416
3387.54	91.2556
3389.47	91.301
3391.4	91.3188
3393.33	91.3137
3395.26	91.2955
3397.19	91.2317
3399.12	91.1631
3401.04	91.1801
3402.97	91.2796
3404.9	91.3856
3406.83	91.4282
3408.76	91.378
3410.69	91.3095
3412.62	91.3431
3414.55	91.4481
3416.48	91.4747
3418.41	91.4062
3420.34	91.3723
3422.27	91.4171
3424.19	91.4654
3426.12	91.4958
3428.05	91.5015
3429.98	91.4042
3431.91	91.2366
3433.84	91.1644
3435.77	91.1672
3437.7	91.1098
3439.63	91.1233
3441.56	91.3598
3443.49	91.574
3445.41	91.508
3447.34	91.3658
3449.27	91.4678
3451.2	91.7386
3453.13	91.8717
3455.06	91.7825
3456.99	91.6901
3458.92	91.7343
3460.85	91.7759
3462.78	91.7356
3464.71	91.7324
3466.64	91.7785
3468.56	91.7881
3470.49	91.8119
3472.42	91.8835
3474.35	91.8794
3476.28	91.7481
3478.21	91.5923
3480.14	91.4899
3482.07	91.4493
3484	91.446
3485.93	91.4582
3487.86	91.5041
3489.78	91.5432
3491.71	91.4868
3493.64	91.4492
3495.57	91.6311
3497.5	91.8869
3499.43	91.9122
3501.36	91.7727
3503.29	91.7277
3505.22	91.7816
3507.15	91.7589
3509.08	91.5926
3511	91.3852
3512.93	91.2895
3514.86	91.2853
3516.79	91.3001
3518.72	91.453
3520.65	91.766
3522.58	91.9563
3524.51	91.944
3526.44	91.987
3528.37	92.1027
3530.3	92.1581
3532.23	92.2415
3534.15	92.2944
3536.08	92.1
3538.01	91.8479
3539.94	91.8848
3541.87	92.0878
3543.8	92.1741
3545.73	92.1299
3547.66	92.1145
3549.59	92.2736
3551.52	92.583
3553.45	92.7431
3555.37	92.5976
3557.3	92.4785
3559.23	92.6212
3561.16	92.8315
3563.09	92.9685
3565.02	93.1521
3566.95	93.3281
3568.88	93.3743
3570.81	93.5427
3572.74	93.94
3574.67	94.3402
3576.6	94.6227
3578.52	94.8907
3580.45	95.1141
3582.38	95.1599
3584.31	95.0489
3586.24	94.8735
3588.17	94.8269
3590.1	95.0729
3592.03	95.3963
3593.96	95.5937
3595.89	95.771
3597.82	96.0423
3599.74	96.23
3601.67	96.2283
3603.6	96.2055
3605.53	96.2267
3607.46	96.2238
3609.39	96.3642
3611.32	96.8035
3613.25	97.16
3615.18	96.9836
3617.11	96.4828
3619.04	96.2458
3620.97	96.4358
3622.89	96.6155
3624.82	96.5488
3626.75	96.495
3628.68	96.8488
3630.61	97.2812
3632.54	97.1966
3634.47	96.9519
3636.4	96.9699
3638.33	97.0001
3640.26	96.6778
3642.19	96.2579
3644.11	96.1576
3646.04	96.4642
3647.97	97.2711
3649.9	98.1051
3651.83	97.8879
3653.76	97.2844
3655.69	97.2273
3657.62	97.53
3659.55	97.4701
3661.48	97.2009
3663.41	97.0779
3665.33	96.9573
3667.26	96.9013
3669.19	97.3473
3671.12	97.977
3673.05	97.9822
3674.98	97.5658
3676.91	97.2222
3678.84	97.0286
3680.77	96.9459
3682.7	97.0066
3684.63	97.1595
3686.56	97.407
3688.48	97.816
3690.41	98.0609
3692.34	97.8082
3694.27	97.41
3696.2	97.1929
3698.13	97.1711
3700.06	97.254
3701.99	97.3762
3703.92	97.401
3705.85	97.2567
3707.78	97.1169
3709.7	97.2056
3711.63	97.4852
3713.56	97.6398
3715.49	97.5702
3717.42	97.3498
3719.35	97.1416
3721.28	97.2726
3723.21	97.784
3725.14	98.1791
3727.07	98.1277
3729	97.9452
3730.93	97.8997
3732.85	97.8166
3734.78	97.6178
3736.71	97.746
3738.64	98.1713
3740.57	98.3545
3742.5	98.16
3744.43	97.8287
3746.36	97.7197
3748.29	97.833
3750.22	98.0511
3752.15	98.143
3754.07	97.9167
3756	97.6488
3757.93	97.5625
3759.86	97.5924
3761.79	97.5805
3763.72	97.5906
3765.65	97.6671
3767.58	97.6897
3769.51	97.6634
3771.44	97.6606
3773.37	97.554
3775.29	97.3541
3777.22	97.3273
3779.15	97.5398
3781.08	97.6706
3783.01	97.6074
3784.94	97.5115
3786.87	97.3914
3788.8	97.2512
3790.73	97.2369
3792.66	97.3516
3794.59	97.3975
3796.52	97.2945
3798.44	97.2527
3800.37	97.4276
3802.3	97.552
3804.23	97.351
3806.16	97.1184
3808.09	97.1822
3810.02	97.3721
3811.95	97.4019
3813.88	97.3234
3815.81	97.2962
3817.74	97.3723
3819.66	97.4962
3821.59	97.6141
3823.52	97.6502
3825.45	97.5334
3827.38	97.2716
3829.31	97.0524
3831.24	97.0761
3833.17	97.2272
3835.1	97.3496
3837.03	97.5441
3838.96	97.7643
3840.89	97.7693
3842.81	97.7006
3844.74	97.6794
3846.67	97.5021
3848.6	97.1827
3850.53	97.0775
3852.46	97.4649
3854.39	97.8895
3856.32	97.7256
3858.25	97.4354
3860.18	97.3445
3862.11	97.3746
3864.03	97.3542
3865.96	97.2977
3867.89	97.3125
3869.82	97.4234
3871.75	97.6037
3873.68	97.7123
3875.61	97.6414
3877.54	97.5062
3879.47	97.4288
3881.4	97.366
3883.33	97.3374
3885.25	97.4641
3887.18	97.585
3889.11	97.4749
3891.04	97.3034
3892.97	97.3173
3894.9	97.3895
3896.83	97.3494
3898.76	97.3366
3900.69	97.5286
3902.62	97.7692
3904.55	97.803
3906.48	97.6561
3908.4	97.4734
3910.33	97.3275
3912.26	97.2538
3914.19	97.2525
3916.12	97.3084
3918.05	97.4171
3919.98	97.4756
3921.91	97.3705
3923.84	97.2159
3925.77	97.2499
3927.7	97.4532
3929.62	97.5621
3931.55	97.4793
3933.48	97.3917
3935.41	97.4054
3937.34	97.3739
3939.27	97.2743
3941.2	97.3166
3943.13	97.5388
3945.06	97.6518
3946.99	97.5109
3948.92	97.2778
3950.85	97.1399
3952.77	97.1557
3954.7	97.2475
3956.63	97.2638
3958.56	97.1709
3960.49	97.1325
3962.42	97.2392
3964.35	97.3531
3966.28	97.3604
3968.21	97.3224
3970.14	97.2791
3972.07	97.1892
3973.99	97.113
3975.92	97.1383
3977.85	97.1509
3979.78	97.0442
3981.71	96.976
3983.64	97.0646
3985.57	97.1522
3987.5	97.1394
3989.43	97.1468
3991.36	97.2237
3993.29	97.2821
3995.22	97.3135
3997.14	97.3662
