499.643	76.6897
501.572	76.4508
503.501	76.9109
505.43	77.5103
507.36	78.3284
509.289	79.1476
511.218	79.6994
513.147	80.2161
515.076	80.6223
517.005	80.5038
518.934	80.1425
520.863	80.1911
522.792	80.5649
524.722	80.8924
526.651	81.1672
528.58	81.3391
530.509	81.0401
532.438	80.3122
534.367	79.8289
536.296	80.0003
538.225	80.599
540.155	81.2756
542.084	81.6942
544.013	81.5585
545.942	81.0456
547.871	80.671
549.8	80.5832
551.729	80.5857
553.658	80.6663
555.588	80.9344
557.517	81.2189
559.446	81.2488
561.375	81.1173
563.304	81.0447
565.233	80.9444
567.162	80.773
569.091	80.8193
571.021	81.1589
572.95	81.4487
574.879	81.461
576.808	81.3345
578.737	81.3528
580.666	81.5654
582.595	81.6437
584.524	81.3578
586.454	81.0171
588.383	80.9662
590.312	81.0229
592.241	80.8732
594.17	80.7036
596.099	80.8869
598.028	81.2698
599.957	81.3534
601.887	81.0562
603.816	80.7321
605.745	80.5327
607.674	80.3919
609.603	80.3768
611.532	80.5502
613.461	80.7669
615.39	80.851
617.32	80.7743
619.249	80.6901
621.178	80.7687
623.107	80.9616
625.036	81.1367
626.965	81.311
628.894	81.4928
630.823	81.5738
632.753	81.5901
634.682	81.7143
636.611	81.937
638.54	82.1825
640.469	82.5827
642.398	83.1859
644.327	83.7231
646.256	84.0232
648.186	84.1819
650.115	84.2556
652.044	84.3035
653.973	84.4106
655.902	84.4291
657.831	84.2377
659.76	83.9823
661.689	83.7267
663.619	83.5301
665.548	83.8031
667.477	84.9904
669.406	85.8873
671.335	85.4582
673.264	85.0796
675.193	85.2691
677.122	85.6558
679.052	85.9334
680.981	86.2298
682.91	86.5069
684.839	86.5827
686.768	86.5643
688.697	86.6745
690.626	86.8847
692.555	86.9794
694.485	86.915
696.414	86.8743
698.343	86.934
700.272	86.9391
702.201	86.8164
704.13	86.7103
706.059	86.6914
707.988	86.6589
709.917	86.6166
711.847	86.6616
713.776	86.7229
715.705	86.725
717.634	86.7853
719.563	86.8716
721.492	86.7047
723.421	86.2816
725.35	85.8898
727.28	85.5957
729.209	85.2338
731.138	84.7207
733.067	84.1071
734.996	83.4928
736.925	83.0092
738.854	82.7621
740.783	82.7502
742.713	82.8634
744.642	82.9803
746.571	83.0477
748.5	83.0665
750.429	83.0764
752.358	83.1508
754.287	83.3233
756.216	83.5514
758.146	83.7897
760.075	84.0267
762.004	84.2563
763.933	84.4707
765.862	84.6566
767.791	84.8016
769.72	84.9112
771.649	84.9866
773.579	85.0228
775.508	85.042
777.437	85.0583
779.366	85.0492
781.295	85.0112
783.224	84.9406
785.153	84.7738
787.082	84.4566
789.012	84.0114
790.941	83.4742
792.87	82.8172
794.799	81.9012
796.728	80.452
798.657	78.0672
800.586	74.2694
802.515	68.9446
804.445	63.1257
806.374	58.9011
808.303	57.9372
810.232	60.3109
812.161	64.9204
814.09	70.4493
816.019	75.7029
817.948	79.7285
819.878	82.1832
821.807	83.4015
823.736	83.9443
825.665	84.1708
827.594	84.1852
829.523	84.0072
831.452	83.6749
833.381	83.226
835.311	82.6857
837.24	82.0599
839.169	81.319
841.098	80.4805
843.027	79.7079
844.956	79.2279
846.885	79.1618
848.814	79.478
850.744	80.0476
852.673	80.7188
854.602	81.3533
856.531	81.8346
858.46	82.1203
860.389	82.2687
862.318	82.3507
864.247	82.3871
866.177	82.4002
868.106	82.4319
870.035	82.472
871.964	82.4539
873.893	82.3647
875.822	82.2709
877.751	82.1953
879.68	82.0959
881.609	81.9826
883.539	81.8811
885.468	81.7233
887.397	81.4627
889.326	81.179
891.255	80.9211
893.184	80.6409
895.113	80.344
897.042	80.0902
898.972	79.8889
900.901	79.769
902.83	79.7997
904.759	79.9328
906.688	80.0145
908.617	79.9919
910.546	79.9229
912.475	79.806
914.405	79.5828
916.334	79.2721
918.263	78.9502
920.192	78.6332
922.121	78.2988
924.05	77.9737
925.979	77.6906
927.908	77.4183
929.838	77.1151
931.767	76.7759
933.696	76.3843
935.625	75.915
937.554	75.391
939.483	74.8415
941.412	74.2157
943.341	73.4099
945.271	72.3654
947.2	71.1312
949.129	69.8538
951.058	68.6798
952.987	67.6235
954.916	66.5147
956.845	65.0958
958.774	63.2498
960.704	61.168
962.633	59.2187
964.562	57.6448
966.491	56.4594
968.42	55.5766
970.349	54.9022
972.278	54.3071
974.207	53.6345
976.137	52.7838
978.066	51.7968
979.995	50.8899
981.924	50.3549
983.853	50.3675
985.782	50.9123
987.711	51.8809
989.64	53.1482
991.57	54.5643
993.499	55.972
995.428	57.2195
997.357	58.1568
999.286	58.7141
1001.22	58.9498
1003.14	58.9436
1005.07	58.7565
1007	58.5391
1008.93	58.4826
1010.86	58.6216
1012.79	58.8283
1014.72	58.9633
1016.65	58.9235
1018.58	58.6336
1020.51	58.0768
1022.44	57.2929
1024.36	56.3914
1026.29	55.6149
1028.22	55.226
1030.15	55.2082
1032.08	55.218
1034.01	54.927
1035.94	54.2816
1037.87	53.4023
1039.8	52.4028
1041.73	51.3622
1043.66	50.3464
1045.58	49.3878
1047.51	48.4472
1049.44	47.4156
1051.37	46.2298
1053.3	45.0168
1055.23	44.0652
1057.16	43.6387
1059.09	43.8458
1061.02	44.6396
1062.95	45.8829
1064.88	47.4342
1066.81	49.2221
1068.73	51.2595
1070.66	53.5859
1072.59	56.1949
1074.52	59.0047
1076.45	61.8522
1078.38	64.5206
1080.31	66.8432
1082.24	68.7691
1084.17	70.2762
1086.1	71.3013
1088.03	71.8257
1089.95	71.9171
1091.88	71.6311
1093.81	70.9824
1095.74	70.0463
1097.67	68.976
1099.6	67.8897
1101.53	66.8261
1103.46	65.8023
1105.39	64.8325
1107.32	63.9238
1109.25	63.1309
1111.18	62.5533
1113.1	62.2432
1115.03	62.191
1116.96	62.3655
1118.89	62.6866
1120.82	63.0234
1122.75	63.2626
1124.68	63.3085
1126.61	63.0447
1128.54	62.3616
1130.47	61.1562
1132.4	59.3058
1134.32	56.7692
1136.25	53.7109
1138.18	50.4254
1140.11	47.193
1142.04	44.2631
1143.97	41.826
1145.9	39.9095
1147.83	38.4256
1149.76	37.3241
1151.69	36.5913
1153.62	36.157
1155.55	35.9188
1157.47	35.828
1159.4	35.8969
1161.33	36.1259
1163.26	36.4591
1165.19	36.8513
1167.12	37.3214
1169.05	37.8724
1170.98	38.4428
1172.91	38.9948
1174.84	39.5556
1176.77	40.1657
1178.69	40.853
1180.62	41.6284
1182.55	42.4691
1184.48	43.3405
1186.41	44.2436
1188.34	45.2183
1190.27	46.2891
1192.2	47.422
1194.13	48.5833
1196.06	49.8101
1197.99	51.1419
1199.91	52.5385
1201.84	53.9459
1203.77	55.3583
1205.7	56.7798
1207.63	58.2225
1209.56	59.7124
1211.49	61.2324
1213.42	62.7323
1215.35	64.168
1217.28	65.4327
1219.21	66.4046
1221.14	67.1533
1223.06	67.8551
1224.99	68.5059
1226.92	68.9674
1228.85	69.1835
1230.78	69.1447
1232.71	68.8234
1234.64	68.2607
1236.57	67.5459
1238.5	66.7142
1240.43	65.7739
1242.36	64.7572
1244.28	63.7055
1246.21	62.6629
1248.14	61.6713
1250.07	60.7679
1252	60.0105
1253.93	59.4563
1255.86	59.1083
1257.79	58.935
1259.72	58.9148
1261.65	59.0423
1263.58	59.3337
1265.51	59.8129
1267.43	60.484
1269.36	61.3352
1271.29	62.3339
1273.22	63.4192
1275.15	64.5419
1277.08	65.6817
1279.01	66.8142
1280.94	67.9018
1282.87	68.8974
1284.8	69.7273
1286.73	70.2831
1288.65	70.4562
1290.58	70.2584
1292.51	69.9343
1294.44	69.8925
1296.37	70.4855
1298.3	71.8092
1300.23	73.6809
1302.16	75.7915
1304.09	77.8634
1306.02	79.7053
1307.95	81.2161
1309.87	82.4001
1311.8	83.3211
1313.73	84.0211
1315.66	84.5225
1317.59	84.8614
1319.52	85.0764
1321.45	85.1998
1323.38	85.2629
1325.31	85.2965
1327.24	85.3273
1329.17	85.3655
1331.1	85.4167
1333.02	85.5034
1334.95	85.6548
1336.88	85.8842
1338.81	86.1469
1340.74	86.3392
1342.67	86.4475
1344.6	86.5569
1346.53	86.6942
1348.46	86.8184
1350.39	86.9058
1352.32	86.952
1354.24	86.9188
1356.17	86.7896
1358.1	86.6726
1360.03	86.6859
1361.96	86.7465
1363.89	86.653
1365.82	86.4211
1367.75	86.1538
1369.68	85.8589
1371.61	85.5412
1373.54	85.1135
1375.47	84.4657
1377.39	83.7993
1379.32	83.3081
1381.25	82.9142
1383.18	82.5556
1385.11	82.1608
1387.04	81.4975
1388.97	80.5956
1390.9	79.7329
1392.83	78.8406
1394.76	77.7989
1396.69	76.5218
1398.61	74.6467
1400.54	72.1436
1402.47	69.379
1404.4	66.6363
1406.33	64.8056
1408.26	64.837
1410.19	66.6862
1412.12	69.8675
1414.05	73.3043
1415.98	76.4429
1417.91	79.7727
1419.83	82.8549
1421.76	84.7703
1423.69	86.0008
1425.62	86.9255
1427.55	87.4888
1429.48	87.7247
1431.41	87.6828
1433.34	87.4951
1435.27	87.3186
1437.2	87.0754
1439.13	86.6161
1441.06	85.9902
1442.98	85.2562
1444.91	84.4871
1446.84	83.7342
1448.77	82.9893
1450.7	82.39
1452.63	82.0817
1454.56	82.0621
1456.49	82.2039
1458.42	81.9568
1460.35	81.371
1462.28	80.9155
1464.2	80.5741
1466.13	80.3177
1468.06	80.3791
1469.99	80.9505
1471.92	82.0772
1473.85	83.3412
1475.78	84.3628
1477.71	85.4722
1479.64	86.8062
1481.57	88.2405
1483.5	89.6118
1485.43	90.8379
1487.35	92.0177
1489.28	93.0881
1491.21	93.6385
1493.14	93.8395
1495.07	94.1226
1497	94.5402
1498.93	94.8562
1500.86	94.983
1502.79	95.0855
1504.72	95.371
1506.65	95.886
1508.57	95.93
1510.5	95.516
1512.43	95.2954
1514.36	95.4486
1516.29	95.8167
1518.22	96.1225
1520.15	96.3315
1522.08	96.4764
1524.01	96.4924
1525.94	96.3562
1527.87	96.1669
1529.8	96.1032
1531.72	96.224
1533.65	96.3525
1535.58	96.3263
1537.51	96.3893
1539.44	96.8071
1541.37	97.1686
1543.3	96.9237
1545.23	96.5834
1547.16	96.4097
1549.09	96.3737
1551.02	96.4097
1552.94	96.4487
1554.87	96.5229
1556.8	96.7674
1558.73	97.0438
1560.66	96.8579
1562.59	96.516
1564.52	96.2881
1566.45	96.206
1568.38	96.2512
1570.31	96.2244
1572.24	96.0928
1574.16	96.0981
1576.09	96.2446
1578.02	96.1697
1579.95	95.9018
1581.88	95.7181
1583.81	95.6333
1585.74	95.5534
1587.67	95.4805
1589.6	95.4558
1591.53	95.4385
1593.46	95.3797
1595.39	95.2913
1597.31	95.1566
1599.24	94.9452
1601.17	94.693
1603.1	94.3994
1605.03	94.0203
1606.96	93.5637
1608.89	92.9116
1610.82	91.9594
1612.75	90.9801
1614.68	90.1484
1616.61	89.3894
1618.53	88.9119
1620.46	88.9648
1622.39	89.4005
1624.32	89.7462
1626.25	89.6748
1628.18	89.2129
1630.11	88.3607
1632.04	87.4203
1633.97	86.9392
1635.9	87.431
1637.83	88.659
1639.76	90.0081
1641.68	91.3188
1643.61	92.4309
1645.54	93.3427
1647.47	93.9383
1649.4	94.0647
1651.33	94.1729
1653.26	94.5182
1655.19	94.4478
1657.12	94.0537
1659.05	93.8058
1660.98	93.6853
1662.9	93.4937
1664.83	93.2066
1666.76	93.0507
1668.69	93.0564
1670.62	92.8472
1672.55	92.3635
1674.48	91.8668
1676.41	91.2227
1678.34	90.4866
1680.27	89.9004
1682.2	89.2798
1684.12	88.3819
1686.05	87.3391
1687.98	86.0343
1689.91	84.4584
1691.84	82.8524
1693.77	81.0504
1695.7	78.8756
1697.63	76.479
1699.56	73.3233
1701.49	69.3977
1703.42	65.8097
1705.35	62.2297
1707.27	58.2086
1709.2	54.6559
1711.13	51.9388
1713.06	49.6356
1714.99	47.8172
1716.92	46.1877
1718.85	44.1788
1720.78	42.788
1722.71	42.4104
1724.64	42.6358
1726.57	43.5268
1728.49	45.0786
1730.42	46.9559
1732.35	49.4788
1734.28	52.8062
1736.21	55.7091
1738.14	58.2407
1740.07	61.27
1742	64.649
1743.93	67.8753
1745.86	71.1276
1747.79	74.5933
1749.72	78.1374
1751.64	81.4073
1753.57	84.1678
1755.5	86.6582
1757.43	89.0955
1759.36	91.1695
1761.29	92.6484
1763.22	93.7291
1765.15	94.4355
1767.08	94.818
1769.01	95.2367
1770.94	95.7801
1772.86	96.0977
1774.79	96.1438
1776.72	96.1132
1778.65	96.0723
1780.58	96.1119
1782.51	96.2228
1784.44	96.3108
1786.37	96.4071
1788.3	96.5407
1790.23	96.7053
1792.16	96.8778
1794.08	96.9071
1796.01	96.8437
1797.94	96.898
1799.87	97.021
1801.8	97.0381
1803.73	97.0138
1805.66	97.0492
1807.59	97.1306
1809.52	97.2171
1811.45	97.207
1813.38	97.1055
1815.31	97.0748
1817.23	97.142
1819.16	97.23
1821.09	97.3523
1823.02	97.4907
1824.95	97.589
1826.88	97.727
1828.81	97.9172
1830.74	97.9474
1832.67	97.7638
1834.6	97.601
1836.53	97.61
1838.45	97.7319
1840.38	97.8397
1842.31	97.932
1844.24	97.9808
1846.17	97.8851
1848.1	97.7973
1850.03	97.8879
1851.96	98.0559
1853.89	98.1599
1855.82	98.1926
1857.75	98.1395
1859.68	98.0377
1861.6	98.015
1863.53	98.0852
1865.46	98.206
1867.39	98.3877
1869.32	98.5033
1871.25	98.4181
1873.18	98.2896
1875.11	98.2751
1877.04	98.3736
1878.97	98.5057
1880.9	98.5871
1882.82	98.5987
1884.75	98.5971
1886.68	98.6251
1888.61	98.6881
1890.54	98.7686
1892.47	98.8195
1894.4	98.8475
1896.33	98.9056
1898.26	98.9468
1900.19	98.8758
1902.12	98.7437
1904.05	98.6896
1905.97	98.7415
1907.9	98.8396
1909.83	98.9583
1911.76	99.053
1913.69	99.0847
1915.62	99.1282
1917.55	99.2272
1919.48	99.2913
1921.41	99.3524
1923.34	99.498
1925.27	99.521
1927.19	99.2736
1929.12	99.0708
1931.05	99.1549
1932.98	99.2742
1934.91	99.1907
1936.84	99.1055
1938.77	99.2631
1940.7	99.5748
1942.63	99.8144
1944.56	99.9094
1946.49	99.8733
1948.41	99.7003
1950.34	99.5677
1952.27	99.6805
1954.2	99.8604
1956.13	99.8965
1958.06	99.976
1959.99	100.199
1961.92	100.352
1963.85	100.43
1965.78	100.542
1967.71	100.5
1969.64	100.268
1971.56	100.178
1973.49	100.259
1975.42	100.204
1977.35	100.069
1979.28	100.208
1981.21	100.538
1983.14	100.675
1985.07	100.59
1987	100.509
1988.93	100.449
1990.86	100.35
1992.78	100.278
1994.71	100.217
1996.64	100.121
1998.57	100.134
2000.5	100.304
2002.43	100.37
2004.36	100.231
2006.29	100.192
2008.22	100.422
2010.15	100.627
2012.08	100.569
2014.01	100.448
2015.93	100.488
2017.86	100.584
2019.79	100.587
2021.72	100.556
2023.65	100.544
2025.58	100.482
2027.51	100.374
2029.44	100.342
2031.37	100.42
2033.3	100.421
2035.23	100.202
2037.15	100.018
2039.08	100.228
2041.01	100.648
2042.94	100.731
2044.87	100.418
2046.8	100.177
2048.73	100.241
2050.66	100.354
2052.59	100.21
2054.52	99.8134
2056.45	99.4273
2058.37	99.2939
2060.3	99.3913
2062.23	99.5262
2064.16	99.5882
2066.09	99.617
2068.02	99.711
2069.95	99.8678
2071.88	99.9107
2073.81	99.7435
2075.74	99.5529
2077.67	99.5061
2079.6	99.5377
2081.52	99.5921
2083.45	99.6768
2085.38	99.6755
2087.31	99.49
2089.24	99.2717
2091.17	99.2629
2093.1	99.4761
2095.03	99.6557
2096.96	99.6229
2098.89	99.5353
2100.82	99.5912
2102.74	99.7259
2104.67	99.8211
2106.6	99.8623
2108.53	99.8352
2110.46	99.7845
2112.39	99.8065
2114.32	99.8328
2116.25	99.7167
2118.18	99.4996
2120.11	99.3506
2122.04	99.3677
2123.97	99.4934
2125.89	99.5696
2127.82	99.5824
2129.75	99.7124
2131.68	100.013
2133.61	100.335
2135.54	100.513
2137.47	100.39
2139.4	100.019
2141.33	99.8542
2143.26	100.105
2145.19	100.322
2147.11	100.218
2149.04	100.099
2150.97	100.169
2152.9	100.319
2154.83	100.486
2156.76	100.551
2158.69	100.45
2160.62	100.425
2162.55	100.488
2164.48	100.305
2166.41	100
2168.33	99.9526
2170.26	100.013
2172.19	99.9452
2174.12	99.9191
2176.05	99.9934
2177.98	100.053
2179.91	100.179
2181.84	100.325
2183.77	100.247
2185.7	100.089
2187.63	100.146
2189.56	100.214
2191.48	99.9824
2193.41	99.6441
2195.34	99.5534
2197.27	99.6854
2199.2	99.8414
2201.13	100.012
2203.06	100.188
2204.99	100.233
2206.92	100.233
2208.85	100.374
2210.78	100.446
2212.7	100.246
2214.63	100.072
2216.56	100.07
2218.49	99.9333
2220.42	99.7128
2222.35	99.7752
2224.28	99.9444
2226.21	99.7976
2228.14	99.492
2230.07	99.4364
2232	99.6221
2233.93	99.7717
2235.85	99.7396
2237.78	99.5724
2239.71	99.4448
2241.64	99.5024
2243.57	99.6304
2245.5	99.5903
2247.43	99.4253
2249.36	99.3902
2251.29	99.5163
2253.22	99.6327
2255.15	99.6835
2257.07	99.707
2259	99.7331
2260.93	99.8612
2262.86	100.11
2264.79	100.226
2266.72	100.031
2268.65	99.7897
2270.58	99.8154
2272.51	99.9867
2274.44	100.039
2276.37	99.9955
2278.29	99.9501
2280.22	99.8291
2282.15	99.6501
2284.08	99.6116
2286.01	99.7621
2287.94	99.9453
2289.87	100.087
2291.8	100.238
2293.73	100.417
2295.66	100.628
2297.59	100.919
2299.52	101.259
2301.44	101.533
2303.37	101.782
2305.3	102.196
2307.23	102.812
2309.16	103.45
2311.09	103.994
2313.02	104.505
2314.95	105.068
2316.88	105.722
2318.81	106.469
2320.74	107.276
2322.66	108.089
2324.59	108.85
2326.52	109.568
2328.45	110.338
2330.38	111.031
2332.31	111.278
2334.24	111.223
2336.17	111.394
2338.1	111.801
2340.03	112.227
2341.96	112.67
2343.89	112.372
2345.81	110.688
2347.74	109.104
2349.67	108.893
2351.6	110.173
2353.53	112.475
2355.46	114.843
2357.39	116.917
2359.32	118.544
2361.25	118.718
2363.18	117.446
2365.11	115.829
2367.03	114.227
2368.96	112.327
2370.89	110.107
2372.82	107.844
2374.75	105.718
2376.68	103.921
2378.61	102.625
2380.54	101.666
2382.47	100.709
2384.4	99.7116
2386.33	98.913
2388.26	98.4663
2390.18	98.2694
2392.11	98.1652
2394.04	98.1562
2395.97	98.2795
2397.9	98.403
2399.83	98.3563
2401.76	98.1766
2403.69	98.0475
2405.62	98.0517
2407.55	98.1063
2409.48	98.1412
2411.4	98.2162
2413.33	98.3517
2415.26	98.4097
2417.19	98.3319
2419.12	98.2662
2421.05	98.2903
2422.98	98.3028
2424.91	98.2586
2426.84	98.2263
2428.77	98.2534
2430.7	98.3397
2432.62	98.426
2434.55	98.4183
2436.48	98.3384
2438.41	98.2888
2440.34	98.2535
2442.27	98.1769
2444.2	98.1349
2446.13	98.1911
2448.06	98.2522
2449.99	98.229
2451.92	98.1635
2453.85	98.1213
2455.77	98.0993
2457.7	98.0765
2459.63	98.0752
2461.56	98.1316
2463.49	98.2167
2465.42	98.2465
2467.35	98.2096
2469.28	98.1939
2471.21	98.2263
2473.14	98.2202
2475.07	98.1589
2476.99	98.1544
2478.92	98.2342
2480.85	98.2641
2482.78	98.1821
2484.71	98.1021
2486.64	98.1091
2488.57	98.1686
2490.5	98.2485
2492.43	98.3185
2494.36	98.3164
2496.29	98.2873
2498.22	98.3346
2500.14	98.3703
2502.07	98.2763
2504	98.2176
2505.93	98.3499
2507.86	98.4878
2509.79	98.4617
2511.72	98.3924
2513.65	98.3581
2515.58	98.2829
2517.51	98.2196
2519.44	98.2707
2521.36	98.3212
2523.29	98.237
2525.22	98.1381
2527.15	98.1635
2529.08	98.2017
2531.01	98.1205
2532.94	98.0089
2534.87	97.982
2536.8	98.0236
2538.73	98.1247
2540.66	98.2769
2542.58	98.3479
2544.51	98.2466
2546.44	98.0938
2548.37	98.0354
2550.3	98.0488
2552.23	98.0388
2554.16	98.0021
2556.09	98.0157
2558.02	98.0918
2559.95	98.1355
2561.88	98.08
2563.81	97.9761
2565.73	97.9279
2567.66	97.9651
2569.59	97.971
2571.52	97.8644
2573.45	97.8085
2575.38	97.9091
2577.31	97.9179
2579.24	97.7089
2581.17	97.6063
2583.1	97.7814
2585.03	97.9601
2586.95	97.9795
2588.88	97.9544
2590.81	97.9228
2592.74	97.8913
2594.67	97.9416
2596.6	97.9958
2598.53	97.8981
2600.46	97.7323
2602.39	97.6425
2604.32	97.5734
2606.25	97.4839
2608.18	97.4723
2610.1	97.5299
2612.03	97.5063
2613.96	97.362
2615.89	97.2193
2617.82	97.1841
2619.75	97.2382
2621.68	97.2759
2623.61	97.2243
2625.54	97.1325
2627.47	97.09
2629.4	97.0929
2631.32	97.0809
2633.25	97.0316
2635.18	96.9428
2637.11	96.8377
2639.04	96.802
2640.97	96.8602
2642.9	96.9004
2644.83	96.8751
2646.76	96.8699
2648.69	96.8799
2650.62	96.8178
2652.54	96.7307
2654.47	96.7114
2656.4	96.7238
2658.33	96.7131
2660.26	96.6874
2662.19	96.6467
2664.12	96.6167
2666.05	96.6482
2667.98	96.6932
2669.91	96.6715
2671.84	96.6186
2673.77	96.582
2675.69	96.528
2677.62	96.4738
2679.55	96.5029
2681.48	96.6028
2683.41	96.6672
2685.34	96.6466
2687.27	96.5834
2689.2	96.5355
2691.13	96.5258
2693.06	96.5329
2694.99	96.5079
2696.91	96.44
2698.84	96.3965
2700.77	96.434
2702.7	96.4976
2704.63	96.4912
2706.56	96.4101
2708.49	96.3411
2710.42	96.3553
2712.35	96.4233
2714.28	96.4495
2716.21	96.4028
2718.14	96.3343
2720.06	96.273
2721.99	96.2298
2723.92	96.2229
2725.85	96.1822
2727.78	96.0373
2729.71	95.9273
2731.64	95.995
2733.57	96.0823
2735.5	96.0203
2737.43	95.9678
2739.36	96.0903
2741.28	96.2473
2743.21	96.2662
2745.14	96.1846
2747.07	96.0879
2749	95.9921
2750.93	95.9191
2752.86	95.9012
2754.79	95.925
2756.72	95.9523
2758.65	95.9699
2760.58	95.9743
2762.51	95.9419
2764.43	95.8724
2766.36	95.8112
2768.29	95.7715
2770.22	95.7248
2772.15	95.6896
2774.08	95.7084
2776.01	95.7719
2777.94	95.8289
2779.87	95.7977
2781.8	95.6446
2783.73	95.5067
2785.65	95.5196
2787.58	95.5802
2789.51	95.5555
2791.44	95.5019
2793.37	95.4697
2795.3	95.4178
2797.23	95.3566
2799.16	95.3065
2801.09	95.2722
2803.02	95.3207
2804.95	95.4248
2806.87	95.4148
2808.8	95.2894
2810.73	95.2181
2812.66	95.2042
2814.59	95.1294
2816.52	95.0086
2818.45	94.9256
2820.38	94.8769
2822.31	94.7888
2824.24	94.6081
2826.17	94.3938
2828.1	94.2605
2830.02	94.1685
2831.95	93.9437
2833.88	93.567
2835.81	93.2399
2837.74	93.1163
2839.67	93.1067
2841.6	92.9947
2843.53	92.6995
2845.46	92.3554
2847.39	92.0906
2849.32	91.8354
2851.24	91.4558
2853.17	90.9663
2855.1	90.4548
2857.03	89.9192
2858.96	89.3397
2860.89	88.7808
2862.82	88.2898
2864.75	87.8424
2866.68	87.4319
2868.61	87.0332
2870.54	86.5894
2872.47	86.2229
2874.39	86.1908
2876.32	86.5211
2878.25	87.0076
2880.18	87.4938
2882.11	87.8795
2884.04	88.0903
2885.97	88.1936
2887.9	88.2727
2889.83	88.3061
2891.76	88.3224
2893.69	88.3402
2895.61	88.2175
2897.54	87.9219
2899.47	87.6623
2901.4	87.5561
2903.33	87.531
2905.26	87.5234
2907.19	87.4939
2909.12	87.4181
2911.05	87.3122
2912.98	87.1178
2914.91	86.765
2916.83	86.3909
2918.76	86.1648
2920.69	85.9784
2922.62	85.6196
2924.55	85.0894
2926.48	84.5382
2928.41	84.0709
2930.34	83.7526
2932.27	83.6281
2934.2	83.6337
2936.13	83.6915
2938.06	83.9041
2939.98	84.3403
2941.91	84.7543
2943.84	84.9172
2945.77	84.9286
2947.7	84.8419
2949.63	84.4932
2951.56	83.9543
2953.49	83.5468
2955.42	83.3016
2957.35	83.0276
2959.28	82.8816
2961.2	83.2149
2963.13	83.9542
2965.06	84.7814
2966.99	85.7081
2968.92	86.8468
2970.85	87.97
2972.78	88.8733
2974.71	89.7003
2976.64	90.553
2978.57	91.3172
2980.5	91.932
2982.43	92.4074
2984.35	92.7669
2986.28	93.1326
2988.21	93.5638
2990.14	93.9384
2992.07	94.2085
2994	94.4792
2995.93	94.7925
2997.86	95.0746
2999.79	95.2099
3001.72	95.1599
3003.65	95.1365
3005.57	95.3843
3007.5	95.7336
3009.43	95.8373
3011.36	95.7961
3013.29	95.9463
3015.22	96.188
3017.15	96.1862
3019.08	96.0514
3021.01	96.1268
3022.94	96.3411
3024.87	96.4157
3026.79	96.3907
3028.72	96.4168
3030.65	96.4171
3032.58	96.2939
3034.51	96.1276
3036.44	96.0446
3038.37	96.0995
3040.3	96.2276
3042.23	96.2529
3044.16	96.0902
3046.09	95.8976
3048.02	95.9064
3049.94	96.1368
3051.87	96.3555
3053.8	96.3933
3055.73	96.4076
3057.66	96.581
3059.59	96.726
3061.52	96.5927
3063.45	96.3245
3065.38	96.2198
3067.31	96.3166
3069.24	96.4527
3071.16	96.5064
3073.09	96.4709
3075.02	96.4207
3076.95	96.424
3078.88	96.4666
3080.81	96.4768
3082.74	96.4478
3084.67	96.4871
3086.6	96.6084
3088.53	96.6015
3090.46	96.3756
3092.39	96.1696
3094.31	96.1336
3096.24	96.1098
3098.17	96.0102
3100.1	95.9304
3102.03	95.8769
3103.96	95.8271
3105.89	95.8558
3107.82	95.901
3109.75	95.7895
3111.68	95.6394
3113.61	95.725
3115.53	95.9297
3117.46	95.9513
3119.39	95.8971
3121.32	95.9787
3123.25	96.002
3125.18	95.8412
3127.11	95.8192
3129.04	96.0949
3130.97	96.4061
3132.9	96.5656
3134.83	96.5572
3136.75	96.3651
3138.68	96.088
3140.61	95.8426
3142.54	95.6197
3144.47	95.5061
3146.4	95.5866
3148.33	95.6432
3150.26	95.5743
3152.19	95.6686
3154.12	95.928
3156.05	95.9133
3157.98	95.5794
3159.9	95.3947
3161.83	95.5598
3163.76	95.8309
3165.69	95.9533
3167.62	95.864
3169.55	95.6661
3171.48	95.506
3173.41	95.4202
3175.34	95.4045
3177.27	95.4827
3179.2	95.5461
3181.12	95.4259
3183.05	95.1758
3184.98	94.983
3186.91	94.9569
3188.84	95.1416
3190.77	95.4295
3192.7	95.5377
3194.63	95.3748
3196.56	95.1436
3198.49	94.9852
3200.42	94.9243
3202.35	94.992
3204.27	95.0791
3206.2	94.9956
3208.13	94.7745
3210.06	94.5985
3211.99	94.571
3213.92	94.7044
3215.85	94.8639
3217.78	94.8438
3219.71	94.7267
3221.64	94.7836
3223.57	94.9574
3225.49	94.9668
3227.42	94.7836
3229.35	94.5453
3231.28	94.3169
3233.21	94.1771
3235.14	94.1531
3237.07	94.1182
3239	94.0405
3240.93	94.0183
3242.86	93.9947
3244.79	93.9019
3246.72	93.8824
3248.64	93.967
3250.57	93.9736
3252.5	93.8804
3254.43	93.8004
3256.36	93.6962
3258.29	93.5356
3260.22	93.4439
3262.15	93.4803
3264.08	93.5565
3266.01	93.6048
3267.94	93.6244
3269.86	93.6326
3271.79	93.6576
3273.72	93.6835
3275.65	93.6042
3277.58	93.375
3279.51	93.1604
3281.44	93.1116
3283.37	93.1235
3285.3	93.0725
3287.23	93.0286
3289.16	92.9862
3291.08	92.8119
3293.01	92.5865
3294.94	92.5087
3296.87	92.5453
3298.8	92.5668
3300.73	92.5644
3302.66	92.5341
3304.59	92.4532
3306.52	92.389
3308.45	92.412
3310.38	92.4579
3312.31	92.3874
3314.23	92.2158
3316.16	92.1647
3318.09	92.2888
3320.02	92.2964
3321.95	92.0565
3323.88	91.8491
3325.81	91.827
3327.74	91.8179
3329.67	91.7682
3331.6	91.7918
3333.53	91.8382
3335.45	91.7759
3337.38	91.6494
3339.31	91.5882
3341.24	91.5979
3343.17	91.57
3345.1	91.4739
3347.03	91.4326
3348.96	91.4952
3350.89	91.5437
3352.82	91.5392
3354.75	91.5562
3356.68	91.6011
3358.6	91.648
3360.53	91.6576
3362.46	91.5084
3364.39	91.2014
3366.32	90.9609
3368.25	90.9175
3370.18	91.0134
3372.11	91.2244
3374.04	91.5024
3375.97	91.6509
3377.9	91.563
3379.82	91.3993
3381.75	91.3498
3383.68	91.3857
3385.61	91.3796
3387.54	91.3273
3389.47	91.2938
3391.4	91.2863
3393.33	91.2875
3395.26	91.2636
3397.19	91.1742
3399.12	91.0836
3401.04	91.1078
3402.97	91.2549
3404.9	91.4521
3406.83	91.5975
3408.76	91.5948
3410.69	91.5075
3412.62	91.4852
3414.55	91.4981
3416.48	91.4729
3418.41	91.5011
3420.34	91.5789
3422.27	91.5394
3424.19	91.4187
3426.12	91.3643
3428.05	91.3361
3429.98	91.306
3431.91	91.3379
3433.84	91.3483
3435.77	91.2263
3437.7	91.0937
3439.63	91.1389
3441.56	91.3588
3443.49	91.5716
3445.41	91.6119
3447.34	91.5002
3449.27	91.3917
3451.2	91.3655
3453.13	91.3912
3455.06	91.4573
3456.99	91.577
3458.92	91.7342
3460.85	91.9022
3462.78	92.02
3464.71	91.9611
3466.64	91.7327
3468.56	91.628
3470.49	91.8254
3472.42	92.0064
3474.35	91.8485
3476.28	91.5846
3478.21	91.5228
3480.14	91.515
3482.07	91.4046
3484	91.3966
3485.93	91.6146
3487.86	91.8323
3489.78	91.8261
3491.71	91.688
3493.64	91.6733
3495.57	91.7982
3497.5	91.7929
3499.43	91.6059
3501.36	91.5593
3503.29	91.7597
3505.22	91.9091
3507.15	91.9111
3509.08	91.9178
3511	91.8878
3512.93	91.7738
3514.86	91.7169
3516.79	91.6897
3518.72	91.5407
3520.65	91.3999
3522.58	91.4948
3524.51	91.7841
3526.44	92.0989
3528.37	92.3086
3530.3	92.3011
3532.23	92.1639
3534.15	92.1204
3536.08	92.1579
3538.01	92.124
3539.94	92.14
3541.87	92.3807
3543.8	92.6063
3545.73	92.4806
3547.66	92.2838
3549.59	92.4694
3551.52	92.7854
3553.45	92.7491
3555.37	92.5323
3557.3	92.5868
3559.23	92.8269
3561.16	92.9564
3563.09	93.1003
3565.02	93.5244
3566.95	94.0232
3568.88	94.1367
3570.81	94.0086
3572.74	93.9911
3574.67	94.1533
3576.6	94.4364
3578.52	94.7589
3580.45	95.0513
3582.38	95.2926
3584.31	95.477
3586.24	95.5503
3588.17	95.5355
3590.1	95.6493
3592.03	95.9638
3593.96	96.3384
3595.89	96.6393
3597.82	96.8895
3599.74	97.0784
3601.67	97.0341
3603.6	96.8227
3605.53	96.7486
3607.46	96.8702
3609.39	97.0382
3611.32	97.2583
3613.25	97.4802
3615.18	97.4402
3617.11	97.2054
3619.04	97.1778
3620.97	97.3964
3622.89	97.4944
3624.82	97.379
3626.75	97.2825
3628.68	97.588
3630.61	98.1084
3632.54	98.0833
3634.47	97.6429
3636.4	97.4172
3638.33	97.4791
3640.26	97.3794
3642.19	97.1352
3644.11	97.112
3646.04	97.32
3647.97	97.7266
3649.9	98.2524
3651.83	98.1996
3653.76	97.6964
3655.69	97.4678
3657.62	97.6083
3659.55	97.5079
3661.48	97.1691
3663.41	97.0554
3665.33	97.1522
3667.26	97.3
3669.19	97.6939
3671.12	98.1883
3673.05	98.3115
3674.98	98.1929
3676.91	97.9407
3678.84	97.5072
3680.77	97.1943
3682.7	97.192
3684.63	97.312
3686.56	97.4482
3688.48	97.9239
3690.41	98.6796
3692.34	98.9277
3694.27	98.7248
3696.2	98.6056
3698.13	98.6287
3700.06	98.4888
3701.99	98.1854
3703.92	98.0901
3705.85	98.2253
3707.78	98.3345
3709.7	98.4183
3711.63	98.5692
3713.56	98.5587
3715.49	98.2807
3717.42	97.996
3719.35	98.0048
3721.28	98.3791
3723.21	98.8386
3725.14	99.0786
3727.07	99.1175
3729	99.1805
3730.93	99.2983
3732.85	99.2411
3734.78	98.8872
3736.71	98.6022
3738.64	98.6203
3740.57	98.7268
3742.5	98.8267
3744.43	98.8271
3746.36	98.538
3748.29	98.2078
3750.22	98.1987
3752.15	98.3189
3754.07	98.0907
3756	97.758
3757.93	97.6652
3759.86	97.7619
3761.79	97.7979
3763.72	97.7709
3765.65	97.7343
3767.58	97.6753
3769.51	97.6867
3771.44	97.7708
3773.37	97.7552
3775.29	97.6983
3777.22	97.7631
3779.15	97.8045
3781.08	97.6315
3783.01	97.4455
3784.94	97.3598
3786.87	97.2544
3788.8	97.222
3790.73	97.4037
3792.66	97.6409
3794.59	97.7679
3796.52	97.8408
3798.44	97.9227
3800.37	97.9609
3802.3	97.8625
3804.23	97.6355
3806.16	97.4839
3808.09	97.5483
3810.02	97.6201
3811.95	97.5498
3813.88	97.5658
3815.81	97.8275
3817.74	98.0406
3819.66	98.0414
3821.59	98.0575
3823.52	98.089
3825.45	97.9169
3827.38	97.5784
3829.31	97.3463
3831.24	97.4
3833.17	97.5994
3835.1	97.79
3837.03	98.0261
3838.96	98.237
3840.89	98.1916
3842.81	97.9866
3844.74	97.7794
3846.67	97.5451
3848.6	97.3557
3850.53	97.4065
3852.46	97.7858
3854.39	98.0952
3856.32	97.9211
3858.25	97.6261
3860.18	97.5185
3862.11	97.6525
3864.03	97.8185
3865.96	97.8281
3867.89	97.8326
3869.82	97.9747
3871.75	98.1133
3873.68	98.0145
3875.61	97.7118
3877.54	97.4734
3879.47	97.4854
3881.4	97.5818
3883.33	97.548
3885.25	97.5445
3887.18	97.6337
3889.11	97.5668
3891.04	97.3546
3892.97	97.2862
3894.9	97.4088
3896.83	97.5533
3898.76	97.6736
3900.69	97.7468
3902.62	97.7438
3904.55	97.7015
3906.48	97.6024
3908.4	97.4299
3910.33	97.2592
3912.26	97.1871
3914.19	97.2868
3916.12	97.5508
3918.05	97.7714
3919.98	97.7174
3921.91	97.5323
3923.84	97.4688
3925.77	97.5311
3927.7	97.6171
3929.62	97.7188
3931.55	97.7685
3933.48	97.6299
3935.41	97.3815
3937.34	97.2174
3939.27	97.1971
3941.2	97.2965
3943.13	97.4709
3945.06	97.6057
3946.99	97.5938
3948.92	97.4698
3950.85	97.3593
3952.77	97.3006
3954.7	97.236
3956.63	97.1643
3958.56	97.1426
3960.49	97.1951
3962.42	97.3083
3964.35	97.4061
3966.28	97.3811
3968.21	97.2911
3970.14	97.3101
3972.07	97.4071
3973.99	97.423
3975.92	97.3897
3977.85	97.369
3979.78	97.276
3981.71	97.1462
3983.64	97.1327
3985.57	97.1906
3987.5	97.1951
3989.43	97.1875
3991.36	97.2185
3993.29	97.2512
3995.22	97.292
3997.14	97.3487
