499.643	78.5926
501.572	78.7669
503.501	78.5217
505.43	78.5837
507.36	79.1133
509.289	79.8953
511.218	80.3589
513.147	80.3272
515.076	80.2028
517.005	80.1863
518.934	80.22
520.863	80.4945
522.792	80.931
524.722	80.9419
526.651	80.5394
528.58	80.4594
530.509	80.657
532.438	80.5944
534.367	80.4342
536.296	80.5018
538.225	80.6783
540.155	81.0201
542.084	81.5529
544.013	81.6845
545.942	81.2271
547.871	80.974
549.8	81.2498
551.729	81.3929
553.658	81.1263
555.588	80.9179
557.517	80.9247
559.446	80.8207
561.375	80.5663
563.304	80.4503
565.233	80.5373
567.162	80.6308
569.091	80.6609
571.021	80.8263
572.95	81.2431
574.879	81.6141
576.808	81.6476
578.737	81.6127
580.666	81.7555
582.595	81.7034
584.524	81.2143
586.454	80.7605
588.383	80.7702
590.312	81.0404
592.241	81.1809
594.17	81.1535
596.099	81.1306
598.028	81.1125
599.957	81.0201
601.887	80.9183
603.816	80.8137
605.745	80.5841
607.674	80.3752
609.603	80.4903
611.532	80.797
613.461	80.933
615.39	80.8862
617.32	80.7706
619.249	80.5787
621.178	80.4615
623.107	80.6077
625.036	80.9092
626.965	81.17
628.894	81.3869
630.823	81.5861
632.753	81.7392
634.682	81.9036
636.611	82.1374
638.54	82.3795
640.469	82.6315
642.398	83.004
644.327	83.4881
646.256	83.9638
648.186	84.3585
650.115	84.648
652.044	84.8849
653.973	85.0681
655.902	85.0237
657.831	84.7662
659.76	84.4645
661.689	84.057
663.619	83.6811
665.548	83.9832
667.477	85.4792
669.406	86.471
671.335	85.7306
673.264	85.1208
675.193	85.275
677.122	85.6959
679.052	85.9981
680.981	86.3643
682.91	86.734
684.839	86.8548
686.768	86.8505
688.697	86.9359
690.626	87.0503
692.555	87.059
694.485	86.9984
696.414	86.965
698.343	86.9279
700.272	86.806
702.201	86.6647
704.13	86.639
706.059	86.6962
707.988	86.7134
709.917	86.7193
711.847	86.7594
713.776	86.7183
715.705	86.6122
717.634	86.6626
719.563	86.7958
721.492	86.628
723.421	86.1538
725.35	85.7189
727.28	85.4001
729.209	85.0368
731.138	84.5704
733.067	84.0154
734.996	83.408
736.925	82.9047
738.854	82.6611
740.783	82.6532
742.713	82.7576
744.642	82.8748
746.571	82.9287
748.5	82.9098
750.429	82.916
752.358	83.0296
754.287	83.217
756.216	83.422
758.146	83.6449
760.075	83.8797
762.004	84.0928
763.933	84.2897
765.862	84.5045
767.791	84.7232
769.72	84.8883
771.649	84.9743
773.579	85.015
775.508	85.0497
777.437	85.0746
779.366	85.0733
781.295	85.0444
783.224	84.9543
785.153	84.7438
787.082	84.4156
789.012	84.0171
790.941	83.543
792.87	82.9204
794.799	82.0114
796.728	80.5684
798.657	78.2113
800.586	74.4901
802.515	69.311
804.445	63.6693
806.374	59.5695
808.303	58.634
810.232	60.9546
812.161	65.4443
814.09	70.7868
816.019	75.8252
817.948	79.6954
819.878	82.1124
821.807	83.3568
823.736	83.884
825.665	84.0306
827.594	83.9744
829.523	83.8044
831.452	83.5598
833.381	83.2059
835.311	82.6843
837.24	82.0218
839.169	81.2831
841.098	80.4771
843.027	79.6747
844.956	79.1181
846.885	79.0224
848.814	79.3568
850.744	79.9396
852.673	80.6187
854.602	81.2658
856.531	81.7449
858.46	82.0089
860.389	82.1333
862.318	82.2007
864.247	82.2355
866.177	82.2544
868.106	82.2903
870.035	82.3444
871.964	82.3727
873.893	82.3418
875.822	82.2565
877.751	82.1314
879.68	81.9914
881.609	81.8745
883.539	81.776
885.468	81.6334
887.397	81.4105
889.326	81.1408
891.255	80.8658
893.184	80.5856
895.113	80.2878
897.042	79.9952
898.972	79.7756
900.901	79.6947
902.83	79.7453
904.759	79.8425
906.688	79.9076
908.617	79.9241
910.546	79.8805
912.475	79.7272
914.405	79.46
916.334	79.1587
918.263	78.8694
920.192	78.5511
922.121	78.1938
924.05	77.8714
925.979	77.6258
927.908	77.3986
929.838	77.115
931.767	76.7612
933.696	76.3506
935.625	75.8704
937.554	75.3065
939.483	74.6855
941.412	74.0278
943.341	73.2643
945.271	72.2748
947.2	71.055
949.129	69.7805
951.058	68.6394
952.987	67.6327
954.916	66.5624
956.845	65.1782
958.774	63.3815
960.704	61.3581
962.633	59.4551
964.562	57.9079
966.491	56.7448
968.42	55.8886
970.349	55.2172
972.278	54.5756
974.207	53.8426
976.137	52.9724
978.066	52.0018
979.995	51.1045
981.924	50.5613
983.853	50.5669
985.782	51.1095
987.711	52.0571
989.64	53.2672
991.57	54.6118
993.499	55.9677
995.428	57.186
997.357	58.1035
999.286	58.6428
1001.22	58.8489
1003.14	58.8043
1005.07	58.6018
1007	58.3918
1008.93	58.3256
1010.86	58.4339
1012.79	58.6208
1014.72	58.7482
1016.65	58.6908
1018.58	58.3627
1020.51	57.7562
1022.44	56.9472
1024.36	56.0679
1026.29	55.3181
1028.22	54.9161
1030.15	54.8772
1032.08	54.8948
1034.01	54.6192
1035.94	53.9853
1037.87	53.1383
1039.8	52.1889
1041.73	51.1897
1043.66	50.2052
1045.58	49.2717
1047.51	48.3541
1049.44	47.3751
1051.37	46.2789
1053.3	45.1341
1055.23	44.193
1057.16	43.7612
1059.09	43.9765
1061.02	44.7604
1062.95	45.9538
1064.88	47.4362
1066.81	49.1616
1068.73	51.1627
1070.66	53.4899
1072.59	56.1086
1074.52	58.8823
1076.45	61.6391
1078.38	64.2179
1080.31	66.4997
1082.24	68.4211
1084.17	69.9246
1086.1	70.9331
1088.03	71.4251
1089.95	71.4689
1091.88	71.1335
1093.81	70.4474
1095.74	69.4862
1097.67	68.4069
1099.6	67.3371
1101.53	66.2924
1103.46	65.2526
1105.39	64.2548
1107.32	63.3623
1109.25	62.6154
1111.18	62.0648
1113.1	61.778
1115.03	61.7639
1116.96	61.9482
1118.89	62.242
1120.82	62.5656
1122.75	62.8102
1124.68	62.8486
1126.61	62.5676
1128.54	61.8503
1130.47	60.5735
1132.4	58.6594
1134.32	56.1235
1136.25	53.1055
1138.18	49.8598
1140.11	46.6732
1142.04	43.7875
1143.97	41.3708
1145.9	39.4841
1147.83	38.0824
1149.76	37.0856
1151.69	36.4234
1153.62	36.0304
1155.55	35.8509
1157.47	35.8474
1159.4	35.9912
1161.33	36.2544
1163.26	36.6123
1165.19	37.051
1167.12	37.5589
1169.05	38.1113
1170.98	38.6855
1172.91	39.2723
1174.84	39.8678
1176.77	40.4924
1178.69	41.1862
1180.62	41.9505
1182.55	42.757
1184.48	43.6127
1186.41	44.5381
1188.34	45.523
1190.27	46.5606
1192.2	47.6627
1194.13	48.8236
1196.06	50.0281
1197.99	51.2877
1199.91	52.6208
1201.84	54.0115
1203.77	55.4267
1205.7	56.8575
1207.63	58.3054
1209.56	59.7542
1211.49	61.2012
1213.42	62.6656
1215.35	64.0928
1217.28	65.3139
1219.21	66.2197
1221.14	66.9162
1223.06	67.5659
1224.99	68.1695
1226.92	68.6182
1228.85	68.8347
1230.78	68.7733
1232.71	68.4261
1234.64	67.87
1236.57	67.188
1238.5	66.3837
1240.43	65.4531
1242.36	64.4506
1244.28	63.4387
1246.21	62.4468
1248.14	61.4981
1250.07	60.6412
1252	59.9406
1253.93	59.43
1255.86	59.0995
1257.79	58.9438
1259.72	58.9704
1261.65	59.1658
1263.58	59.5121
1265.51	60.0153
1267.43	60.6863
1269.36	61.5189
1271.29	62.4865
1273.22	63.5526
1275.15	64.6811
1277.08	65.8272
1279.01	66.9484
1280.94	68.024
1282.87	69.0187
1284.8	69.8525
1286.73	70.425
1288.65	70.6383
1290.58	70.4869
1292.51	70.1996
1294.44	70.1874
1296.37	70.7856
1298.3	72.0661
1300.23	73.8651
1302.16	75.9082
1304.09	77.9185
1306.02	79.6975
1307.95	81.1647
1309.87	82.336
1311.8	83.2531
1313.73	83.9428
1315.66	84.4418
1317.59	84.7865
1319.52	84.9822
1321.45	85.0482
1323.38	85.0473
1325.31	85.0438
1327.24	85.0818
1329.17	85.168
1331.1	85.2683
1333.02	85.3666
1334.95	85.5094
1336.88	85.7483
1338.81	86.0286
1340.74	86.2077
1342.67	86.2766
1344.6	86.3631
1346.53	86.5184
1348.46	86.6734
1350.39	86.7579
1352.32	86.7859
1354.24	86.7826
1356.17	86.7278
1358.1	86.6527
1360.03	86.6457
1361.96	86.668
1363.89	86.5619
1365.82	86.3336
1367.75	86.0784
1369.68	85.8149
1371.61	85.5345
1373.54	85.1178
1375.47	84.4501
1377.39	83.7533
1379.32	83.2272
1381.25	82.7972
1383.18	82.4212
1385.11	82.0397
1387.04	81.4024
1388.97	80.509
1390.9	79.6579
1392.83	78.8233
1394.76	77.8596
1396.69	76.6158
1398.61	74.7695
1400.54	72.3608
1402.47	69.7292
1404.4	67.1072
1406.33	65.3488
1408.26	65.3834
1410.19	67.1805
1412.12	70.2831
1414.05	73.6549
1415.98	76.7652
1417.91	80.0719
1419.83	83.0714
1421.76	84.8661
1423.69	86.0244
1425.62	86.9574
1427.55	87.5512
1429.48	87.7663
1431.41	87.6768
1433.34	87.4748
1435.27	87.2816
1437.2	86.9637
1439.13	86.4318
1441.06	85.7762
1442.98	85.0213
1444.91	84.2511
1446.84	83.5458
1448.77	82.8487
1450.7	82.235
1452.63	81.8876
1454.56	81.8715
1456.49	82.0745
1458.42	81.8632
1460.35	81.265
1462.28	80.8364
1464.2	80.5801
1466.13	80.389
1468.06	80.4514
1469.99	81.0149
1471.92	82.1375
1473.85	83.3698
1475.78	84.3595
1477.71	85.4717
1479.64	86.825
1481.57	88.2658
1483.5	89.622
1485.43	90.8338
1487.35	92.0226
1489.28	93.1078
1491.21	93.6541
1493.14	93.8643
1495.07	94.1824
1497	94.6207
1498.93	94.9178
1500.86	95.0293
1502.79	95.1429
1504.72	95.4811
1506.65	96.0949
1508.57	96.1325
1510.5	95.6073
1512.43	95.3278
1514.36	95.5148
1516.29	95.9435
1518.22	96.2715
1520.15	96.4904
1522.08	96.6224
1524.01	96.5695
1525.94	96.3788
1527.87	96.207
1529.8	96.1872
1531.72	96.3417
1533.65	96.51
1535.58	96.5276
1537.51	96.6203
1539.44	97.0486
1541.37	97.3704
1543.3	97.042
1545.23	96.6329
1547.16	96.4445
1549.09	96.4517
1551.02	96.5396
1552.94	96.5925
1554.87	96.6681
1556.8	96.9371
1558.73	97.181
1560.66	96.8632
1562.59	96.4728
1564.52	96.3032
1566.45	96.3121
1568.38	96.388
1570.31	96.3269
1572.24	96.1805
1574.16	96.1787
1576.09	96.2732
1578.02	96.1623
1579.95	95.9255
1581.88	95.7695
1583.81	95.6753
1585.74	95.586
1587.67	95.5192
1589.6	95.4916
1591.53	95.4627
1593.46	95.3813
1595.39	95.2423
1597.31	95.0743
1599.24	94.9068
1601.17	94.7285
1603.1	94.4516
1605.03	94.058
1606.96	93.6367
1608.89	93.0483
1610.82	92.1042
1612.75	91.0933
1614.68	90.2668
1616.61	89.5697
1618.53	89.1462
1620.46	89.2171
1622.39	89.6423
1624.32	89.9485
1626.25	89.8468
1628.18	89.3804
1630.11	88.5265
1632.04	87.6119
1633.97	87.2331
1635.9	87.826
1637.83	88.9738
1639.76	90.1747
1641.68	91.4161
1643.61	92.5318
1645.54	93.4665
1647.47	94.0684
1649.4	94.1822
1651.33	94.2525
1653.26	94.5379
1655.19	94.4506
1657.12	94.0588
1659.05	93.7928
1660.98	93.6555
1662.9	93.4758
1664.83	93.2097
1666.76	93.0623
1668.69	93.0609
1670.62	92.8516
1672.55	92.4163
1674.48	91.9807
1676.41	91.3225
1678.34	90.5298
1680.27	89.9543
1682.2	89.4042
1684.12	88.5164
1686.05	87.3929
1687.98	86.0319
1689.91	84.4251
1691.84	82.8
1693.77	81.0177
1695.7	78.906
1697.63	76.5499
1699.56	73.3635
1701.49	69.4368
1703.42	65.9487
1705.35	62.48
1707.27	58.4708
1709.2	54.8439
1711.13	52.0634
1713.06	49.7257
1714.99	47.861
1716.92	46.1787
1718.85	44.1625
1720.78	42.7884
1722.71	42.4141
1724.64	42.6307
1726.57	43.5027
1728.49	45.0126
1730.42	46.8208
1732.35	49.2843
1734.28	52.6178
1736.21	55.5449
1738.14	58.049
1740.07	61.0126
1742	64.3301
1743.93	67.5215
1745.86	70.7379
1747.79	74.1488
1749.72	77.6902
1751.64	81.0774
1753.57	83.9708
1755.5	86.4976
1757.43	88.8921
1759.36	90.9369
1761.29	92.4361
1763.22	93.5518
1765.15	94.2969
1767.08	94.7449
1769.01	95.2535
1770.94	95.8602
1772.86	96.1697
1774.79	96.1869
1776.72	96.1662
1778.65	96.1526
1780.58	96.1761
1782.51	96.2121
1784.44	96.2385
1786.37	96.3577
1788.3	96.5769
1790.23	96.8147
1792.16	96.9821
1794.08	96.9209
1796.01	96.7646
1797.94	96.787
1799.87	96.9587
1801.8	97.0679
1803.73	97.1024
1805.66	97.1381
1807.59	97.1814
1809.52	97.2023
1811.45	97.1137
1813.38	96.9834
1815.31	97.0082
1817.23	97.1564
1819.16	97.2943
1821.09	97.4626
1823.02	97.633
1824.95	97.6752
1826.88	97.7091
1828.81	97.8577
1830.74	97.911
1832.67	97.7689
1834.6	97.6552
1836.53	97.6814
1838.45	97.7581
1840.38	97.8326
1842.31	97.9737
1844.24	98.113
1846.17	98.0571
1848.1	97.9537
1850.03	97.9964
1851.96	98.0672
1853.89	98.0487
1855.82	98.027
1857.75	98.0355
1859.68	98.0346
1861.6	98.0554
1863.53	98.1063
1865.46	98.1866
1867.39	98.3554
1869.32	98.5278
1871.25	98.4908
1873.18	98.3034
1875.11	98.1941
1877.04	98.2886
1878.97	98.4819
1880.9	98.5829
1882.82	98.5833
1884.75	98.6035
1886.68	98.6666
1888.61	98.7154
1890.54	98.737
1892.47	98.7694
1894.4	98.8557
1896.33	98.9812
1898.26	99.0551
1900.19	99.0381
1902.12	98.9882
1904.05	98.9362
1905.97	98.8507
1907.9	98.7812
1909.83	98.8689
1911.76	99.0509
1913.69	99.0813
1915.62	98.9905
1917.55	99.0049
1919.48	99.0899
1921.41	99.1514
1923.34	99.3249
1925.27	99.5062
1927.19	99.4191
1929.12	99.244
1931.05	99.2808
1932.98	99.3992
1934.91	99.4169
1936.84	99.4362
1938.77	99.5341
1940.7	99.6742
1942.63	99.8258
1944.56	99.8902
1946.49	99.8025
1948.41	99.7094
1950.34	99.8063
1952.27	100.051
1954.2	100.219
1956.13	100.282
1958.06	100.382
1959.99	100.417
1961.92	100.237
1963.85	100.097
1965.78	100.209
1967.71	100.324
1969.64	100.295
1971.56	100.333
1973.49	100.402
1975.42	100.316
1977.35	100.297
1979.28	100.561
1981.21	100.753
1983.14	100.561
1985.07	100.294
1987	100.294
1988.93	100.403
1990.86	100.392
1992.78	100.315
1994.71	100.221
1996.64	100.103
1998.57	100.127
2000.5	100.345
2002.43	100.441
2004.36	100.272
2006.29	100.183
2008.22	100.306
2010.15	100.303
2012.08	100.128
2014.01	100.118
2015.93	100.303
2017.86	100.442
2019.79	100.507
2021.72	100.541
2023.65	100.518
2025.58	100.492
2027.51	100.439
2029.44	100.26
2031.37	100.098
2033.3	100.104
2035.23	100.111
2037.15	100.049
2039.08	100.159
2041.01	100.49
2042.94	100.699
2044.87	100.527
2046.8	100.207
2048.73	100.161
2050.66	100.315
2052.59	100.182
2054.52	99.7848
2056.45	99.6598
2058.37	99.8518
2060.3	99.8859
2062.23	99.6974
2064.16	99.5892
2066.09	99.5454
2068.02	99.4717
2069.95	99.5532
2071.88	99.76
2073.81	99.7681
2075.74	99.5852
2077.67	99.4849
2079.6	99.511
2081.52	99.6217
2083.45	99.8095
2085.38	99.8554
2087.31	99.6029
2089.24	99.3489
2091.17	99.3983
2093.1	99.5904
2095.03	99.6533
2096.96	99.585
2098.89	99.4573
2100.82	99.294
2102.74	99.233
2104.67	99.3632
2106.6	99.4643
2108.53	99.3673
2110.46	99.3222
2112.39	99.516
2114.32	99.6863
2116.25	99.6126
2118.18	99.4413
2120.11	99.3429
2122.04	99.3516
2123.97	99.4647
2125.89	99.5807
2127.82	99.5887
2129.75	99.5963
2131.68	99.7758
2133.61	100.074
2135.54	100.289
2137.47	100.329
2139.4	100.304
2141.33	100.38
2143.26	100.536
2145.19	100.569
2147.11	100.404
2149.04	100.179
2150.97	99.9802
2152.9	99.8073
2154.83	99.7783
2156.76	99.9849
2158.69	100.261
2160.62	100.451
2162.55	100.568
2164.48	100.526
2166.41	100.29
2168.33	100.108
2170.26	100.076
2172.19	99.9907
2174.12	99.8435
2176.05	99.8094
2177.98	99.9062
2179.91	100.126
2181.84	100.39
2183.77	100.352
2185.7	99.9549
2187.63	99.7176
2189.56	99.8698
2191.48	99.9851
2193.41	99.8248
2195.34	99.6735
2197.27	99.7277
2199.2	99.8799
2201.13	99.9824
2203.06	99.9397
2204.99	99.8404
2206.92	99.9526
2208.85	100.2
2210.78	100.164
2212.7	99.8907
2214.63	99.7971
2216.56	99.8176
2218.49	99.7006
2220.42	99.6477
2222.35	99.7578
2224.28	99.713
2226.21	99.5199
2228.14	99.543
2230.07	99.7542
2232	99.8354
2233.93	99.7725
2235.85	99.741
2237.78	99.7488
2239.71	99.7447
2241.64	99.7392
2243.57	99.6502
2245.5	99.3821
2247.43	99.1152
2249.36	99.12
2251.29	99.3361
2253.22	99.5237
2255.15	99.6233
2257.07	99.6735
2259	99.6987
2260.93	99.7953
2262.86	100
2264.79	100.148
2266.72	100.104
2268.65	99.9759
2270.58	99.9297
2272.51	99.9597
2274.44	99.9574
2276.37	99.9099
2278.29	99.8546
2280.22	99.7712
2282.15	99.7194
2284.08	99.8193
2286.01	99.9677
2287.94	99.9807
2289.87	99.9878
2291.8	100.216
2293.73	100.578
2295.66	100.893
2297.59	101.199
2299.52	101.559
2301.44	101.908
2303.37	102.26
2305.3	102.762
2307.23	103.477
2309.16	104.273
2311.09	104.949
2313.02	105.461
2314.95	106.005
2316.88	106.802
2318.81	107.802
2320.74	108.726
2322.66	109.463
2324.59	110.214
2326.52	111.127
2328.45	112.113
2330.38	112.916
2332.31	113.289
2334.24	113.386
2336.17	113.616
2338.1	114.041
2340.03	114.518
2341.96	114.961
2343.89	114.499
2345.81	112.511
2347.74	110.677
2349.67	110.44
2351.6	111.999
2353.53	114.801
2355.46	117.508
2357.39	119.509
2359.32	120.952
2361.25	121.258
2363.18	120.21
2365.11	118.386
2367.03	116.279
2368.96	113.985
2370.89	111.52
2372.82	109.12
2374.75	106.888
2376.68	104.832
2378.61	103.19
2380.54	102.013
2382.47	100.925
2384.4	99.7412
2386.33	98.7921
2388.26	98.3547
2390.18	98.2385
2392.11	98.1535
2394.04	98.0997
2395.97	98.151
2397.9	98.2123
2399.83	98.1659
2401.76	98.0226
2403.69	97.8924
2405.62	97.8971
2407.55	98.028
2409.48	98.1447
2411.4	98.2082
2413.33	98.2917
2415.26	98.3437
2417.19	98.2588
2419.12	98.1151
2421.05	98.0616
2422.98	98.105
2424.91	98.1632
2426.84	98.1976
2428.77	98.2412
2430.7	98.3161
2432.62	98.3593
2434.55	98.3307
2436.48	98.3044
2438.41	98.3077
2440.34	98.2532
2442.27	98.1281
2444.2	98.0393
2446.13	98.0539
2448.06	98.1143
2449.99	98.1087
2451.92	98.0519
2453.85	98.1076
2455.77	98.2762
2457.7	98.3014
2459.63	98.0979
2461.56	97.9369
2463.49	98.0158
2465.42	98.1809
2467.35	98.2106
2469.28	98.1187
2471.21	98.058
2473.14	98.0874
2475.07	98.1452
2476.99	98.1659
2478.92	98.1424
2480.85	98.1227
2482.78	98.1524
2484.71	98.2002
2486.64	98.2207
2488.57	98.241
2490.5	98.2638
2492.43	98.2279
2494.36	98.1776
2496.29	98.2435
2498.22	98.3797
2500.14	98.3836
2502.07	98.234
2504	98.1579
2505.93	98.2641
2507.86	98.3576
2509.79	98.2961
2511.72	98.2481
2513.65	98.3221
2515.58	98.2991
2517.51	98.0642
2519.44	97.8804
2521.36	97.927
2523.29	98.0283
2525.22	98.0307
2527.15	97.9997
2529.08	97.9813
2531.01	97.9591
2532.94	97.9723
2534.87	98.0307
2536.8	98.0935
2538.73	98.1714
2540.66	98.2237
2542.58	98.1194
2544.51	97.9077
2546.44	97.8352
2548.37	97.9669
2550.3	98.0794
2552.23	97.9904
2554.16	97.8097
2556.09	97.773
2558.02	97.8934
2559.95	97.9764
2561.88	97.9724
2563.81	97.9922
2565.73	98.0345
2567.66	98.0342
2569.59	97.9949
2571.52	97.8996
2573.45	97.7835
2575.38	97.786
2577.31	97.8676
2579.24	97.8392
2581.17	97.7475
2583.1	97.7477
2585.03	97.7919
2586.95	97.8285
2588.88	97.9103
2590.81	97.9694
2592.74	97.9267
2594.67	97.8729
2596.6	97.8407
2598.53	97.748
2600.46	97.6405
2602.39	97.6021
2604.32	97.5558
2606.25	97.4373
2608.18	97.3304
2610.1	97.2927
2612.03	97.2724
2613.96	97.2292
2615.89	97.1938
2617.82	97.2134
2619.75	97.2819
2621.68	97.3129
2623.61	97.2169
2625.54	97.0345
2627.47	96.923
2629.4	96.9566
2631.32	97.0346
2633.25	97.0457
2635.18	96.9963
2637.11	96.9353
2639.04	96.8918
2640.97	96.8728
2642.9	96.8375
2644.83	96.7614
2646.76	96.7153
2648.69	96.7376
2650.62	96.7483
2652.54	96.7067
2654.47	96.6677
2656.4	96.6516
2658.33	96.6366
2660.26	96.6213
2662.19	96.5969
2664.12	96.5689
2666.05	96.5764
2667.98	96.5889
2669.91	96.5378
2671.84	96.4774
2673.77	96.4954
2675.69	96.5455
2677.62	96.5729
2679.55	96.6046
2681.48	96.6016
2683.41	96.5065
2685.34	96.4283
2687.27	96.4741
2689.2	96.5398
2691.13	96.5242
2693.06	96.5028
2694.99	96.5074
2696.91	96.4411
2698.84	96.3189
2700.77	96.2892
2702.7	96.3675
2704.63	96.4044
2706.56	96.3337
2708.49	96.2652
2710.42	96.3058
2712.35	96.3952
2714.28	96.3888
2716.21	96.2748
2718.14	96.1915
2720.06	96.204
2721.99	96.2293
2723.92	96.2003
2725.85	96.1237
2727.78	96.0207
2729.71	95.9604
2731.64	96.0045
2733.57	96.0623
2735.5	96.0207
2737.43	95.9533
2739.36	95.9714
2741.28	96.0416
2743.21	96.0911
2745.14	96.0893
2747.07	96.0163
2749	95.9172
2750.93	95.8956
2752.86	95.962
2754.79	96.004
2756.72	95.9502
2758.65	95.8727
2760.58	95.8571
2762.51	95.8573
2764.43	95.8152
2766.36	95.7788
2768.29	95.7435
2770.22	95.6433
2772.15	95.5749
2774.08	95.6634
2776.01	95.7973
2777.94	95.8371
2779.87	95.8232
2781.8	95.779
2783.73	95.6603
2785.65	95.5251
2787.58	95.4702
2789.51	95.4792
2791.44	95.4654
2793.37	95.3988
2795.3	95.3451
2797.23	95.3356
2799.16	95.2826
2801.09	95.19
2803.02	95.2174
2804.95	95.3532
2806.87	95.3779
2808.8	95.2447
2810.73	95.1157
2812.66	95.0612
2814.59	95.0081
2816.52	94.8935
2818.45	94.7501
2820.38	94.6557
2822.31	94.5928
2824.24	94.4636
2826.17	94.2807
2828.1	94.141
2830.02	94.0326
2831.95	93.8746
2833.88	93.6532
2835.81	93.4021
2837.74	93.1796
2839.67	93.0477
2841.6	92.9418
2843.53	92.6925
2845.46	92.293
2847.39	91.9339
2849.32	91.6731
2851.24	91.3368
2853.17	90.8496
2855.1	90.3355
2857.03	89.827
2858.96	89.245
2860.89	88.6497
2862.82	88.1665
2864.75	87.7543
2866.68	87.301
2868.61	86.8122
2870.54	86.3949
2872.47	86.1898
2874.39	86.2809
2876.32	86.5954
2878.25	86.9789
2880.18	87.346
2882.11	87.6802
2884.04	87.9683
2885.97	88.1709
2887.9	88.2339
2889.83	88.177
2891.76	88.103
2893.69	88.0466
2895.61	87.9478
2897.54	87.7815
2899.47	87.6006
2901.4	87.4944
2903.33	87.4879
2905.26	87.4507
2907.19	87.2881
2909.12	87.1297
2911.05	87.0564
2912.98	86.9089
2914.91	86.6196
2916.83	86.3346
2918.76	86.0826
2920.69	85.7448
2922.62	85.3183
2924.55	84.8781
2926.48	84.4357
2928.41	84.0173
2930.34	83.6766
2932.27	83.3939
2934.2	83.1841
2936.13	83.2362
2938.06	83.669
2939.98	84.2469
2941.91	84.6397
2943.84	84.8246
2945.77	84.9308
2947.7	84.8979
2949.63	84.5848
2951.56	84.0384
2953.49	83.4706
2955.42	83.0491
2957.35	82.7818
2959.28	82.6785
2961.2	82.9354
2963.13	83.6678
2965.06	84.6462
2966.99	85.6508
2968.92	86.7225
2970.85	87.8189
2972.78	88.7692
2974.71	89.6078
2976.64	90.425
2978.57	91.1326
2980.5	91.7161
2982.43	92.2864
2984.35	92.804
2986.28	93.1779
2988.21	93.4794
2990.14	93.7709
2992.07	93.9997
2994	94.1892
2995.93	94.4705
2997.86	94.8618
2999.79	95.1726
3001.72	95.2598
3003.65	95.2955
3005.57	95.4871
3007.5	95.6733
3009.43	95.6625
3011.36	95.6719
3013.29	95.8917
3015.22	96.0742
3017.15	96.0266
3019.08	96.0002
3021.01	96.2144
3022.94	96.4538
3024.87	96.4221
3026.79	96.2108
3028.72	96.1305
3030.65	96.2084
3032.58	96.2033
3034.51	96.0692
3036.44	95.9857
3038.37	96.011
3040.3	96.1036
3042.23	96.2475
3044.16	96.3101
3046.09	96.1907
3048.02	96.1056
3049.94	96.2296
3051.87	96.3243
3053.8	96.2077
3055.73	96.1449
3057.66	96.3759
3059.59	96.6874
3061.52	96.7483
3063.45	96.5618
3065.38	96.3761
3067.31	96.3159
3069.24	96.2941
3071.16	96.2592
3073.09	96.2734
3075.02	96.3173
3076.95	96.3094
3078.88	96.2951
3080.81	96.3339
3082.74	96.3663
3084.67	96.3972
3086.6	96.4689
3088.53	96.3999
3090.46	96.0677
3092.39	95.7925
3094.31	95.8562
3096.24	96.0324
3098.17	96.1079
3100.1	96.2177
3102.03	96.2958
3103.96	96.1166
3105.89	95.9254
3107.82	96.0062
3109.75	96.0498
3111.68	95.858
3113.61	95.8218
3115.53	96.0358
3117.46	96.0707
3119.39	95.8797
3121.32	95.7741
3123.25	95.7397
3125.18	95.7026
3127.11	95.8667
3129.04	96.2325
3130.97	96.491
3132.9	96.4932
3134.83	96.3
3136.75	96.0333
3138.68	95.8862
3140.61	95.8777
3142.54	95.792
3144.47	95.6854
3146.4	95.822
3148.33	95.9829
3150.26	95.7933
3152.19	95.5165
3154.12	95.5107
3156.05	95.5268
3157.98	95.347
3159.9	95.2529
3161.83	95.4124
3163.76	95.6343
3165.69	95.7264
3167.62	95.6228
3169.55	95.4446
3171.48	95.4106
3173.41	95.4492
3175.34	95.3547
3177.27	95.2579
3179.2	95.32
3181.12	95.3481
3183.05	95.173
3184.98	94.9034
3186.91	94.7466
3188.84	94.8962
3190.77	95.2851
3192.7	95.4738
3194.63	95.2529
3196.56	94.9732
3198.49	94.9081
3200.42	94.9158
3202.35	94.901
3204.27	94.966
3206.2	95.0669
3208.13	95.0139
3210.06	94.8175
3211.99	94.6835
3213.92	94.6554
3215.85	94.6043
3217.78	94.5749
3219.71	94.7018
3221.64	94.8243
3223.57	94.7119
3225.49	94.5157
3227.42	94.4601
3229.35	94.4072
3231.28	94.2256
3233.21	94.1353
3235.14	94.2396
3237.07	94.2459
3239	93.9996
3240.93	93.7726
3242.86	93.7638
3244.79	93.8222
3246.72	93.7869
3248.64	93.7067
3250.57	93.6778
3252.5	93.7084
3254.43	93.7365
3256.36	93.6992
3258.29	93.6017
3260.22	93.5261
3262.15	93.5669
3264.08	93.6992
3266.01	93.742
3267.94	93.6077
3269.86	93.4682
3271.79	93.4427
3273.72	93.3838
3275.65	93.2068
3277.58	93.0795
3279.51	93.1012
3281.44	93.1353
3283.37	93.0469
3285.3	92.8715
3287.23	92.7281
3289.16	92.6666
3291.08	92.6451
3293.01	92.6245
3294.94	92.5909
3296.87	92.5249
3298.8	92.4639
3300.73	92.4698
3302.66	92.4599
3304.59	92.3035
3306.52	92.1006
3308.45	92.0706
3310.38	92.1905
3312.31	92.2292
3314.23	92.1321
3316.16	92.0673
3318.09	92.0656
3320.02	91.9708
3321.95	91.803
3323.88	91.7536
3325.81	91.81
3327.74	91.8085
3329.67	91.741
3331.6	91.6745
3333.53	91.6227
3335.45	91.6369
3337.38	91.7054
3339.31	91.672
3341.24	91.5231
3343.17	91.4372
3345.1	91.4353
3347.03	91.3891
3348.96	91.3276
3350.89	91.3457
3352.82	91.3935
3354.75	91.3976
3356.68	91.386
3358.6	91.3842
3360.53	91.3239
3362.46	91.163
3364.39	91.0155
3366.32	90.9975
3368.25	91.0386
3370.18	91.0336
3372.11	91.0297
3374.04	91.1278
3375.97	91.3347
3377.9	91.5291
3379.82	91.5493
3381.75	91.3838
3383.68	91.1928
3385.61	91.1
3387.54	91.1004
3389.47	91.1443
3391.4	91.1854
3393.33	91.197
3395.26	91.1926
3397.19	91.1888
3399.12	91.1657
3401.04	91.1096
3402.97	91.0938
3404.9	91.2132
3406.83	91.3773
3408.76	91.3783
3410.69	91.2491
3412.62	91.2192
3414.55	91.303
3416.48	91.3402
3418.41	91.3292
3420.34	91.335
3422.27	91.313
3424.19	91.2941
3426.12	91.3693
3428.05	91.4286
3429.98	91.3241
3431.91	91.1439
3433.84	91.0321
3435.77	91.018
3437.7	91.146
3439.63	91.4013
3441.56	91.5516
3443.49	91.4559
3445.41	91.3278
3447.34	91.36
3449.27	91.4598
3451.2	91.5891
3453.13	91.8308
3455.06	91.9995
3456.99	91.8219
3458.92	91.5293
3460.85	91.5817
3462.78	91.8797
3464.71	91.9064
3466.64	91.5952
3468.56	91.3853
3470.49	91.4789
3472.42	91.618
3474.35	91.5799
3476.28	91.4545
3478.21	91.405
3480.14	91.4333
3482.07	91.4258
3484	91.3293
3485.93	91.2557
3487.86	91.3557
3489.78	91.6157
3491.71	91.8562
3493.64	91.93
3495.57	91.8371
3497.5	91.7173
3499.43	91.7225
3501.36	91.8078
3503.29	91.7518
3505.22	91.4903
3507.15	91.2489
3509.08	91.2188
3511	91.3545
3512.93	91.4704
3514.86	91.4586
3516.79	91.3875
3518.72	91.3923
3520.65	91.4997
3522.58	91.6808
3524.51	91.9507
3526.44	92.2027
3528.37	92.2575
3530.3	92.2131
3532.23	92.2471
3534.15	92.1934
3536.08	91.9011
3538.01	91.6757
3539.94	91.7898
3541.87	91.9928
3543.8	91.987
3545.73	91.91
3547.66	92.0466
3549.59	92.2926
3551.52	92.382
3553.45	92.331
3555.37	92.3466
3557.3	92.4453
3559.23	92.5233
3561.16	92.6353
3563.09	92.9175
3565.02	93.3654
3566.95	93.7868
3568.88	93.9399
3570.81	93.9172
3572.74	93.9791
3574.67	94.2473
3576.6	94.6486
3578.52	94.9762
3580.45	95.0955
3582.38	95.0832
3584.31	95.1199
3586.24	95.2518
3588.17	95.3948
3590.1	95.5924
3592.03	96.0059
3593.96	96.6035
3595.89	97.0849
3597.82	97.2597
3599.74	97.2337
3601.67	97.0759
3603.6	96.8571
3605.53	96.6899
3607.46	96.5987
3609.39	96.6607
3611.32	96.9773
3613.25	97.2957
3615.18	97.2575
3617.11	97.0319
3619.04	97.0156
3620.97	97.1425
3622.89	97.1691
3624.82	97.222
3626.75	97.5709
3628.68	98.284
3630.61	98.6846
3632.54	98.2861
3634.47	97.633
3636.4	97.3341
3638.33	97.2953
3640.26	97.0507
3642.19	96.7142
3644.11	96.7151
3646.04	97.1347
3647.97	97.9489
3649.9	98.6188
3651.83	98.2315
3653.76	97.5031
3655.69	97.3232
3657.62	97.5746
3659.55	97.5488
3661.48	97.2878
3663.41	97.1819
3665.33	97.2473
3667.26	97.4617
3669.19	97.8827
3671.12	98.1518
3673.05	98.0786
3674.98	97.9601
3676.91	97.6646
3678.84	97.1919
3680.77	97.0904
3682.7	97.4273
3684.63	97.7172
3686.56	97.7938
3688.48	98.111
3690.41	98.6889
3692.34	98.8103
3694.27	98.5277
3696.2	98.2426
3698.13	98.0399
3700.06	97.9596
3701.99	98.1126
3703.92	98.3005
3705.85	98.2633
3707.78	98.2008
3709.7	98.3538
3711.63	98.4792
3713.56	98.3023
3715.49	98.0608
3717.42	97.9103
3719.35	97.9925
3721.28	98.5457
3723.21	99.2859
3725.14	99.5318
3727.07	99.322
3729	99.241
3730.93	99.289
3732.85	99.1414
3734.78	98.9163
3736.71	98.9008
3738.64	98.8813
3740.57	98.7431
3742.5	98.6183
3744.43	98.5664
3746.36	98.5573
3748.29	98.6147
3750.22	98.7091
3752.15	98.5669
3754.07	98.1608
3756	97.8486
3757.93	97.7705
3759.86	97.7869
3761.79	97.7552
3763.72	97.8114
3765.65	97.9678
3767.58	97.9456
3769.51	97.7083
3771.44	97.5292
3773.37	97.4381
3775.29	97.3682
3777.22	97.4456
3779.15	97.6635
3781.08	97.7515
3783.01	97.6796
3784.94	97.5853
3786.87	97.4288
3788.8	97.2527
3790.73	97.2681
3792.66	97.4655
3794.59	97.5859
3796.52	97.5266
3798.44	97.5276
3800.37	97.7419
3802.3	97.8888
3804.23	97.7685
3806.16	97.6832
3808.09	97.7732
3810.02	97.771
3811.95	97.6075
3813.88	97.4982
3815.81	97.5347
3817.74	97.5737
3819.66	97.5642
3821.59	97.6172
3823.52	97.733
3825.45	97.7918
3827.38	97.7295
3829.31	97.6025
3831.24	97.5418
3833.17	97.5662
3835.1	97.6424
3837.03	97.8219
3838.96	98.0099
3840.89	97.9864
3842.81	97.8127
3844.74	97.5592
3846.67	97.2037
3848.6	96.9656
3850.53	97.1831
3852.46	97.9069
3854.39	98.3203
3856.32	97.9342
3858.25	97.5363
3860.18	97.4686
3862.11	97.6442
3864.03	97.8319
3865.96	97.889
3867.89	97.8585
3869.82	97.8165
3871.75	97.8072
3873.68	97.7447
3875.61	97.5742
3877.54	97.4904
3879.47	97.6422
3881.4	97.7914
3883.33	97.7163
3885.25	97.6084
3887.18	97.5529
3889.11	97.4067
3891.04	97.2565
3892.97	97.2877
3894.9	97.41
3896.83	97.5039
3898.76	97.6148
3900.69	97.7348
3902.62	97.8131
3904.55	97.8337
3906.48	97.6965
3908.4	97.4337
3910.33	97.2502
3912.26	97.2177
3914.19	97.2501
3916.12	97.3581
3918.05	97.5539
3919.98	97.6202
3921.91	97.4955
3923.84	97.4057
3925.77	97.4595
3927.7	97.5691
3929.62	97.6745
3931.55	97.6912
3933.48	97.5255
3935.41	97.3101
3937.34	97.2128
3939.27	97.2347
3941.2	97.3494
3943.13	97.5136
3945.06	97.5929
3946.99	97.5292
3948.92	97.3932
3950.85	97.2291
3952.77	97.0523
3954.7	96.9231
3956.63	96.9006
3958.56	96.9908
3960.49	97.1424
3962.42	97.2488
3964.35	97.2176
3966.28	97.1059
3968.21	97.0679
3970.14	97.1221
3972.07	97.1364
3973.99	97.1008
3975.92	97.1403
3977.85	97.2204
3979.78	97.2107
3981.71	97.1526
3983.64	97.1161
3985.57	97.0458
3987.5	96.962
3989.43	96.9605
3991.36	97.0073
3993.29	97.0546
3995.22	97.1454
3997.14	97.2267
