499.643	79.2535
501.572	79.4979
503.501	79.187
505.43	79.3536
507.36	79.8313
509.289	80.0498
511.218	79.9147
513.147	79.9047
515.076	80.2593
517.005	80.504
518.934	80.3878
520.863	80.4084
522.792	80.6604
524.722	80.7226
526.651	80.6282
528.58	80.6806
530.509	80.6772
532.438	80.3972
534.367	80.1572
536.296	80.3322
538.225	80.8784
540.155	81.4629
542.084	81.6518
544.013	81.2279
545.942	80.6214
547.871	80.4675
549.8	80.6923
551.729	80.8169
553.658	80.8315
555.588	80.9524
557.517	81.0629
559.446	80.9942
561.375	80.81
563.304	80.6226
565.233	80.5253
567.162	80.5406
569.091	80.5575
571.021	80.5727
572.95	80.7302
574.879	80.9939
576.808	81.1986
578.737	81.3607
580.666	81.536
582.595	81.572
584.524	81.3375
586.454	81.0223
588.383	80.9184
590.312	81.0136
592.241	81.0775
594.17	81.0735
596.099	81.1036
598.028	81.0994
599.957	80.9848
601.887	80.8423
603.816	80.6805
605.745	80.4685
607.674	80.3824
609.603	80.5299
611.532	80.6955
613.461	80.7423
615.39	80.782
617.32	80.7907
619.249	80.6628
621.178	80.5607
623.107	80.6811
625.036	80.9715
626.965	81.2653
628.894	81.4481
630.823	81.5031
632.753	81.5462
634.682	81.7199
636.611	82.0334
638.54	82.4373
640.469	82.9192
642.398	83.3992
644.327	83.7601
646.256	84.0606
648.186	84.4128
650.115	84.7209
652.044	84.8815
653.973	84.9432
655.902	84.8974
657.831	84.7351
659.76	84.4998
661.689	84.1602
663.619	83.9102
665.548	84.3106
667.477	85.7598
669.406	86.6578
671.335	86.0008
673.264	85.518
675.193	85.6812
677.122	85.9996
679.052	86.2537
680.981	86.6324
682.91	86.9522
684.839	86.9971
686.768	86.9436
688.697	86.9105
690.626	86.8673
692.555	86.8479
694.485	86.8532
696.414	86.8403
698.343	86.8357
700.272	86.8295
702.201	86.758
704.13	86.6546
706.059	86.5791
707.988	86.5226
709.917	86.5229
711.847	86.5981
713.776	86.6161
715.705	86.5587
717.634	86.6027
719.563	86.6611
721.492	86.3956
723.421	85.8806
725.35	85.4962
727.28	85.2574
729.209	84.891
731.138	84.3242
733.067	83.6956
734.996	83.1178
736.925	82.6666
738.854	82.4213
740.783	82.3889
742.713	82.4593
744.642	82.5123
746.571	82.532
748.5	82.5641
750.429	82.6368
752.358	82.7566
754.287	82.9043
756.216	83.0684
758.146	83.3013
760.075	83.6147
762.004	83.895
763.933	84.073
765.862	84.217
767.791	84.3677
769.72	84.4903
771.649	84.5872
773.579	84.6892
775.508	84.7928
777.437	84.8769
779.366	84.9154
781.295	84.8812
783.224	84.7671
785.153	84.5851
787.082	84.3479
789.012	84.035
790.941	83.5913
792.87	82.9747
794.799	82.1072
796.728	80.7419
798.657	78.4616
800.586	74.8406
802.515	69.8423
804.445	64.4112
806.374	60.3988
808.303	59.355
810.232	61.4677
812.161	65.7827
814.09	71.017
816.019	75.9725
817.948	79.7496
819.878	82.0617
821.807	83.2101
823.736	83.6664
825.665	83.7781
827.594	83.7387
829.523	83.6159
831.452	83.38
833.381	82.9841
835.311	82.4435
837.24	81.8147
839.169	81.1131
841.098	80.3329
843.027	79.5629
844.956	79.009
846.885	78.8637
848.814	79.1656
850.744	79.7675
852.673	80.4408
854.602	81.0224
856.531	81.4675
858.46	81.7958
860.389	82.0204
862.318	82.1382
864.247	82.1741
866.177	82.1812
868.106	82.1842
870.035	82.1676
871.964	82.1237
873.893	82.0704
875.822	82.0165
877.751	81.9376
879.68	81.8184
881.609	81.6994
883.539	81.608
885.468	81.4836
887.397	81.2738
889.326	81.0177
891.255	80.751
893.184	80.4603
895.113	80.1637
897.042	79.897
898.972	79.6771
900.901	79.5614
902.83	79.6011
904.759	79.72
906.688	79.7913
908.617	79.7774
910.546	79.6955
912.475	79.5462
914.405	79.3318
916.334	79.0679
918.263	78.7699
920.192	78.4556
922.121	78.1425
924.05	77.846
925.979	77.5739
927.908	77.3112
929.838	77.0281
931.767	76.6978
933.696	76.2894
935.625	75.7904
937.554	75.2344
939.483	74.645
941.412	73.9795
943.341	73.1634
945.271	72.1462
947.2	70.9497
949.129	69.7103
951.058	68.5973
952.987	67.6209
954.916	66.5735
956.845	65.2063
958.774	63.4608
960.704	61.5293
962.633	59.7047
964.562	58.1913
966.491	57.0415
968.42	56.1912
970.349	55.5111
972.278	54.8636
974.207	54.1373
976.137	53.2592
978.066	52.2659
979.995	51.3669
981.924	50.8365
983.853	50.8344
985.782	51.3555
987.711	52.2791
989.64	53.4426
991.57	54.7238
993.499	56.0275
995.428	57.1957
997.357	58.0508
999.286	58.5337
1001.22	58.6985
1003.14	58.6175
1005.07	58.3902
1007	58.1803
1008.93	58.1279
1010.86	58.2347
1012.79	58.3865
1014.72	58.4609
1016.65	58.3638
1018.58	58.0194
1020.51	57.4103
1022.44	56.607
1024.36	55.7393
1026.29	54.9955
1028.22	54.583
1030.15	54.524
1032.08	54.5378
1034.01	54.284
1035.94	53.6751
1037.87	52.8415
1039.8	51.9069
1041.73	50.9372
1043.66	49.9979
1045.58	49.1226
1047.51	48.2668
1049.44	47.3459
1051.37	46.3042
1053.3	45.204
1055.23	44.2875
1057.16	43.8605
1059.09	44.073
1061.02	44.8541
1062.95	46.0336
1064.88	47.4754
1066.81	49.1453
1068.73	51.0964
1070.66	53.3757
1072.59	55.9411
1074.52	58.667
1076.45	61.3884
1078.38	63.9376
1080.31	66.1818
1082.24	68.0402
1084.17	69.4578
1086.1	70.3902
1088.03	70.8394
1089.95	70.8638
1091.88	70.5174
1093.81	69.8283
1095.74	68.8692
1097.67	67.7837
1099.6	66.6949
1101.53	65.6432
1103.46	64.6366
1105.39	63.692
1107.32	62.827
1109.25	62.0844
1111.18	61.5471
1113.1	61.2654
1115.03	61.2172
1116.96	61.3711
1118.89	61.6972
1120.82	62.0776
1122.75	62.3198
1124.68	62.2944
1126.61	61.9508
1128.54	61.196
1130.47	59.8874
1132.4	57.9407
1134.32	55.3787
1136.25	52.3446
1138.18	49.1114
1140.11	45.9886
1142.04	43.1982
1143.97	40.8645
1145.9	39.0431
1147.83	37.7171
1149.76	36.8137
1151.69	36.2424
1153.62	35.9227
1155.55	35.8023
1157.47	35.8511
1159.4	36.0415
1161.33	36.3458
1163.26	36.7405
1165.19	37.2174
1167.12	37.7775
1169.05	38.3912
1170.98	39.0003
1172.91	39.5851
1174.84	40.1809
1176.77	40.8229
1178.69	41.5228
1180.62	42.2837
1182.55	43.1011
1184.48	43.9654
1186.41	44.8733
1188.34	45.8289
1190.27	46.838
1192.2	47.9052
1194.13	49.0379
1196.06	50.2468
1197.99	51.5316
1199.91	52.8639
1201.84	54.2082
1203.77	55.56
1205.7	56.9386
1207.63	58.3387
1209.56	59.7284
1211.49	61.1106
1213.42	62.529
1215.35	63.9399
1217.28	65.1443
1219.21	65.9997
1221.14	66.6375
1223.06	67.2648
1224.99	67.8623
1226.92	68.2712
1228.85	68.4247
1230.78	68.3274
1232.71	67.9822
1234.64	67.4377
1236.57	66.7623
1238.5	65.9746
1240.43	65.0867
1242.36	64.1394
1244.28	63.1672
1246.21	62.2087
1248.14	61.323
1250.07	60.5512
1252	59.9166
1253.93	59.4516
1255.86	59.1701
1257.79	59.0558
1259.72	59.0967
1261.65	59.2909
1263.58	59.6338
1265.51	60.1337
1267.43	60.8114
1269.36	61.658
1271.29	62.6263
1273.22	63.6789
1275.15	64.7991
1277.08	65.9483
1279.01	67.0773
1280.94	68.1561
1282.87	69.1408
1284.8	69.9591
1286.73	70.5339
1288.65	70.778
1290.58	70.6764
1292.51	70.4413
1294.44	70.4664
1296.37	71.0737
1298.3	72.3272
1300.23	74.0603
1302.16	76.0145
1304.09	77.9508
1306.02	79.6911
1307.95	81.1308
1309.87	82.257
1311.8	83.1157
1313.73	83.758
1315.66	84.2375
1317.59	84.5829
1319.52	84.7716
1321.45	84.8173
1323.38	84.815
1325.31	84.8292
1327.24	84.854
1329.17	84.8946
1331.1	84.9836
1333.02	85.1141
1334.95	85.2647
1336.88	85.4709
1338.81	85.7376
1340.74	85.9454
1342.67	86.0451
1344.6	86.15
1346.53	86.317
1348.46	86.464
1350.39	86.5225
1352.32	86.5413
1354.24	86.5592
1356.17	86.5258
1358.1	86.4517
1360.03	86.4438
1361.96	86.4839
1363.89	86.405
1365.82	86.1906
1367.75	85.9245
1369.68	85.6377
1371.61	85.3569
1373.54	84.9685
1375.47	84.3084
1377.39	83.5866
1379.32	83.0541
1381.25	82.6497
1383.18	82.2943
1385.11	81.9158
1387.04	81.284
1388.97	80.4047
1390.9	79.5686
1392.83	78.755
1394.76	77.8323
1396.69	76.6556
1398.61	74.8999
1400.54	72.611
1402.47	70.1277
1404.4	67.6404
1406.33	65.9401
1408.26	65.9671
1410.19	67.727
1412.12	70.7458
1414.05	74.0163
1415.98	77.0614
1417.91	80.31
1419.83	83.2253
1421.76	84.955
1423.69	86.0556
1425.62	86.9031
1427.55	87.4255
1429.48	87.6318
1431.41	87.5644
1433.34	87.3666
1435.27	87.1649
1437.2	86.8333
1439.13	86.2683
1441.06	85.5723
1442.98	84.7857
1444.91	83.9821
1446.84	83.2297
1448.77	82.5
1450.7	81.9041
1452.63	81.6134
1454.56	81.6773
1456.49	81.975
1458.42	81.8
1460.35	81.1812
1462.28	80.7431
1464.2	80.4829
1466.13	80.2732
1468.06	80.3402
1469.99	80.9735
1471.92	82.2053
1473.85	83.4602
1475.78	84.3825
1477.71	85.4532
1479.64	86.791
1481.57	88.2191
1483.5	89.5875
1485.43	90.8358
1487.35	92.0497
1489.28	93.1392
1491.21	93.6824
1493.14	93.8891
1495.07	94.2247
1497	94.6989
1498.93	94.9739
1500.86	95.018
1502.79	95.1139
1504.72	95.512
1506.65	96.2089
1508.57	96.2437
1510.5	95.6919
1512.43	95.417
1514.36	95.6031
1516.29	95.989
1518.22	96.2736
1520.15	96.5147
1522.08	96.6985
1524.01	96.637
1525.94	96.385
1527.87	96.1613
1529.8	96.1368
1531.72	96.3232
1533.65	96.4966
1535.58	96.4623
1537.51	96.5414
1539.44	97.0853
1541.37	97.5375
1543.3	97.1621
1545.23	96.6777
1547.16	96.4587
1549.09	96.4388
1551.02	96.4885
1552.94	96.5288
1554.87	96.6446
1556.8	97.006
1558.73	97.341
1560.66	96.9876
1562.59	96.5011
1564.52	96.2437
1566.45	96.1988
1568.38	96.2909
1570.31	96.2893
1572.24	96.1815
1574.16	96.2073
1576.09	96.3164
1578.02	96.1609
1579.95	95.8609
1581.88	95.6699
1583.81	95.5586
1585.74	95.4576
1587.67	95.3881
1589.6	95.369
1591.53	95.3687
1593.46	95.3375
1595.39	95.2342
1597.31	95.0634
1599.24	94.8811
1601.17	94.6946
1603.1	94.4152
1605.03	94.0302
1606.96	93.6133
1608.89	93.0244
1610.82	92.1324
1612.75	91.2311
1614.68	90.5048
1616.61	89.842
1618.53	89.3956
1620.46	89.4355
1622.39	89.8467
1624.32	90.1652
1626.25	90.0589
1628.18	89.5559
1630.11	88.6968
1632.04	87.824
1633.97	87.4845
1635.9	88.0874
1637.83	89.2158
1639.76	90.3532
1641.68	91.5069
1643.61	92.5711
1645.54	93.5256
1647.47	94.1633
1649.4	94.2879
1651.33	94.4094
1653.26	94.7557
1655.19	94.5565
1657.12	94.0295
1659.05	93.7288
1660.98	93.6188
1662.9	93.4428
1664.83	93.152
1666.76	93.0095
1668.69	93.0451
1670.62	92.8698
1672.55	92.4422
1674.48	91.9954
1676.41	91.3254
1678.34	90.5303
1680.27	89.9594
1682.2	89.4416
1684.12	88.6074
1686.05	87.4692
1687.98	86.0681
1689.91	84.4746
1691.84	82.8926
1693.77	81.1362
1695.7	79.0538
1697.63	76.7588
1699.56	73.6017
1701.49	69.6336
1703.42	66.1
1705.35	62.6049
1707.27	58.5652
1709.2	54.9123
1711.13	52.1334
1713.06	49.8172
1714.99	47.9793
1716.92	46.3226
1718.85	44.3007
1720.78	42.8785
1722.71	42.441
1724.64	42.5846
1726.57	43.379
1728.49	44.8559
1730.42	46.7031
1732.35	49.1982
1734.28	52.4264
1736.21	55.2003
1738.14	57.6441
1740.07	60.6044
1742	63.9021
1743.93	67.0628
1745.86	70.3069
1747.79	73.8219
1749.72	77.4491
1751.64	80.8148
1753.57	83.6675
1755.5	86.2169
1757.43	88.6679
1759.36	90.7579
1761.29	92.3049
1763.22	93.4736
1765.15	94.2331
1767.08	94.656
1769.01	95.1522
1770.94	95.783
1772.86	96.1082
1774.79	96.1053
1776.72	96.056
1778.65	96.0227
1780.58	96.0582
1782.51	96.1523
1784.44	96.2214
1786.37	96.2972
1788.3	96.4372
1790.23	96.6559
1792.16	96.8592
1794.08	96.8122
1796.01	96.6656
1797.94	96.735
1799.87	96.9375
1801.8	96.9972
1803.73	96.9518
1805.66	96.9396
1807.59	96.976
1809.52	97.0541
1811.45	97.0776
1813.38	97.0063
1815.31	96.9901
1817.23	97.0825
1819.16	97.1969
1821.09	97.3158
1823.02	97.4264
1824.95	97.4916
1826.88	97.5913
1828.81	97.7335
1830.74	97.7361
1832.67	97.5944
1834.6	97.5273
1836.53	97.5981
1838.45	97.6769
1840.38	97.7019
1842.31	97.7925
1844.24	97.949
1846.17	97.9574
1848.1	97.8795
1850.03	97.9185
1851.96	98.0022
1853.89	97.9657
1855.82	97.8297
1857.75	97.7241
1859.68	97.748
1861.6	97.8606
1863.53	97.9434
1865.46	98.0671
1867.39	98.3639
1869.32	98.5894
1871.25	98.4485
1873.18	98.1959
1875.11	98.1159
1877.04	98.1822
1878.97	98.2504
1880.9	98.2916
1882.82	98.3721
1884.75	98.5038
1886.68	98.6309
1888.61	98.7241
1890.54	98.7836
1892.47	98.813
1894.4	98.8352
1896.33	98.8728
1898.26	98.9101
1900.19	98.8942
1902.12	98.7945
1904.05	98.6824
1905.97	98.6591
1907.9	98.7271
1909.83	98.8559
1911.76	98.9893
1913.69	99.0237
1915.62	99.0029
1917.55	99.0769
1919.48	99.1812
1921.41	99.1969
1923.34	99.2247
1925.27	99.263
1927.19	99.1995
1929.12	99.1734
1931.05	99.3221
1932.98	99.4763
1934.91	99.4997
1936.84	99.4895
1938.77	99.5258
1940.7	99.5961
1942.63	99.6697
1944.56	99.6778
1946.49	99.5544
1948.41	99.3729
1950.34	99.3823
1952.27	99.7059
1954.2	100.097
1956.13	100.347
1958.06	100.534
1959.99	100.57
1961.92	100.312
1963.85	100.127
1965.78	100.36
1967.71	100.666
1969.64	100.653
1971.56	100.494
1973.49	100.377
1975.42	100.259
1977.35	100.205
1979.28	100.353
1981.21	100.61
1983.14	100.713
1985.07	100.558
1987	100.362
1988.93	100.371
1990.86	100.473
1992.78	100.399
1994.71	100.231
1996.64	100.223
1998.57	100.353
2000.5	100.452
2002.43	100.447
2004.36	100.338
2006.29	100.217
2008.22	100.213
2010.15	100.244
2012.08	100.161
2014.01	100.079
2015.93	100.203
2017.86	100.508
2019.79	100.818
2021.72	100.977
2023.65	100.903
2025.58	100.649
2027.51	100.359
2029.44	100.166
2031.37	100.178
2033.3	100.35
2035.23	100.446
2037.15	100.366
2039.08	100.279
2041.01	100.29
2042.94	100.322
2044.87	100.364
2046.8	100.486
2048.73	100.595
2050.66	100.508
2052.59	100.231
2054.52	99.9188
2056.45	99.678
2058.37	99.5774
2060.3	99.6325
2062.23	99.726
2064.16	99.7225
2066.09	99.6324
2068.02	99.5672
2069.95	99.6006
2071.88	99.6641
2073.81	99.5932
2075.74	99.3967
2077.67	99.3098
2079.6	99.4374
2081.52	99.6145
2083.45	99.6848
2085.38	99.6234
2087.31	99.4528
2089.24	99.2882
2091.17	99.2936
2093.1	99.4408
2095.03	99.5448
2096.96	99.5399
2098.89	99.4523
2100.82	99.3052
2102.74	99.2936
2104.67	99.5922
2106.6	99.8833
2108.53	99.7468
2110.46	99.4148
2112.39	99.3621
2114.32	99.5043
2116.25	99.4857
2118.18	99.3157
2120.11	99.2435
2122.04	99.3434
2123.97	99.4736
2125.89	99.5167
2127.82	99.5352
2129.75	99.6363
2131.68	99.8229
2133.61	100.057
2135.54	100.234
2137.47	100.185
2139.4	99.9855
2141.33	99.9527
2143.26	100.13
2145.19	100.289
2147.11	100.401
2149.04	100.533
2150.97	100.52
2152.9	100.282
2154.83	100.102
2156.76	100.209
2158.69	100.485
2160.62	100.733
2162.55	100.804
2164.48	100.548
2166.41	100.092
2168.33	99.8274
2170.26	99.8236
2172.19	99.8487
2174.12	99.9462
2176.05	100.271
2177.98	100.595
2179.91	100.655
2181.84	100.522
2183.77	100.295
2185.7	100.015
2187.63	99.8623
2189.56	99.8533
2191.48	99.7388
2193.41	99.5534
2195.34	99.5858
2197.27	99.8054
2199.2	100.035
2201.13	100.272
2203.06	100.336
2204.99	100.024
2206.92	99.7389
2208.85	99.8813
2210.78	100.084
2212.7	99.9988
2214.63	99.9141
2216.56	99.9796
2218.49	99.9486
2220.42	99.8075
2222.35	99.7333
2224.28	99.695
2226.21	99.6235
2228.14	99.5718
2230.07	99.5697
2232	99.5861
2233.93	99.5806
2235.85	99.5484
2237.78	99.5291
2239.71	99.5183
2241.64	99.516
2243.57	99.602
2245.5	99.7044
2247.43	99.6039
2249.36	99.3935
2251.29	99.4087
2253.22	99.6501
2255.15	99.8517
2257.07	99.9387
2259	99.9515
2260.93	99.8783
2262.86	99.791
2264.79	99.7767
2266.72	99.8079
2268.65	99.9034
2270.58	100.094
2272.51	100.237
2274.44	100.242
2276.37	100.191
2278.29	100.035
2280.22	99.7112
2282.15	99.5168
2284.08	99.7156
2286.01	100.042
2287.94	100.161
2289.87	100.211
2291.8	100.465
2293.73	100.885
2295.66	101.307
2297.59	101.701
2299.52	102.044
2301.44	102.287
2303.37	102.559
2305.3	103.099
2307.23	103.886
2309.16	104.66
2311.09	105.321
2313.02	106.007
2314.95	106.805
2316.88	107.692
2318.81	108.666
2320.74	109.719
2322.66	110.759
2324.59	111.728
2326.52	112.704
2328.45	113.733
2330.38	114.587
2332.31	114.955
2334.24	115.054
2336.17	115.322
2338.1	115.753
2340.03	116.25
2341.96	116.776
2343.89	116.289
2345.81	114.115
2347.74	112.151
2349.67	111.906
2351.6	113.537
2353.53	116.484
2355.46	119.406
2357.39	121.631
2359.32	123.104
2361.25	123.066
2363.18	121.668
2365.11	119.952
2367.03	118.246
2368.96	116.189
2370.89	113.572
2372.82	110.638
2374.75	107.793
2376.68	105.399
2378.61	103.618
2380.54	102.231
2382.47	100.927
2384.4	99.7248
2386.33	98.8625
2388.26	98.4064
2390.18	98.2076
2392.11	98.1194
2394.04	98.0945
2395.97	98.1156
2397.9	98.1274
2399.83	98.0533
2401.76	97.9111
2403.69	97.8473
2405.62	97.9302
2407.55	98.0287
2409.48	98.0532
2411.4	98.1019
2413.33	98.2132
2415.26	98.2497
2417.19	98.1471
2419.12	98.0323
2421.05	98.0361
2422.98	98.1356
2424.91	98.1975
2426.84	98.1581
2428.77	98.111
2430.7	98.1286
2432.62	98.1427
2434.55	98.1254
2436.48	98.1432
2438.41	98.166
2440.34	98.1305
2442.27	98.1277
2444.2	98.231
2446.13	98.3258
2448.06	98.313
2449.99	98.2335
2451.92	98.1218
2453.85	98.013
2455.77	98.0181
2457.7	98.1281
2459.63	98.1378
2461.56	97.9931
2463.49	97.9013
2465.42	97.945
2467.35	97.9898
2469.28	98.0297
2471.21	98.1601
2473.14	98.2727
2475.07	98.2156
2476.99	98.08
2478.92	98.0018
2480.85	97.9665
2482.78	97.9763
2484.71	98.0718
2486.64	98.1753
2488.57	98.2154
2490.5	98.2717
2492.43	98.3651
2494.36	98.3673
2496.29	98.2759
2498.22	98.2428
2500.14	98.2629
2502.07	98.2139
2504	98.1769
2505.93	98.2937
2507.86	98.4128
2509.79	98.3243
2511.72	98.1695
2513.65	98.1503
2515.58	98.1128
2517.51	97.9183
2519.44	97.8393
2521.36	98.0671
2523.29	98.3017
2525.22	98.2739
2527.15	98.1318
2529.08	98.0442
2531.01	97.9905
2532.94	97.9669
2534.87	97.9656
2536.8	97.9463
2538.73	97.9883
2540.66	98.1306
2542.58	98.1909
2544.51	98.0813
2546.44	97.9913
2548.37	98.0388
2550.3	98.0945
2552.23	98.0507
2554.16	97.9915
2556.09	98.0134
2558.02	98.0484
2559.95	98.0074
2561.88	97.9519
2563.81	97.9364
2565.73	97.9104
2567.66	97.8914
2569.59	97.9219
2571.52	97.9277
2573.45	97.9066
2575.38	97.9413
2577.31	97.9277
2579.24	97.7619
2581.17	97.6217
2583.1	97.6405
2585.03	97.7144
2586.95	97.7976
2588.88	97.8852
2590.81	97.8497
2592.74	97.7188
2594.67	97.7237
2596.6	97.8646
2598.53	97.9159
2600.46	97.8393
2602.39	97.745
2604.32	97.6329
2606.25	97.4997
2608.18	97.4394
2610.1	97.4416
2612.03	97.3607
2613.96	97.178
2615.89	97.0357
2617.82	97.0096
2619.75	97.068
2621.68	97.1725
2623.61	97.2465
2625.54	97.2117
2627.47	97.1363
2629.4	97.1208
2631.32	97.0951
2633.25	96.9765
2635.18	96.8444
2637.11	96.7733
2639.04	96.7426
2640.97	96.7595
2642.9	96.8212
2644.83	96.8498
2646.76	96.8203
2648.69	96.7723
2650.62	96.7001
2652.54	96.6268
2654.47	96.6317
2656.4	96.6772
2658.33	96.642
2660.26	96.5405
2662.19	96.4783
2664.12	96.4788
2666.05	96.503
2667.98	96.5175
2669.91	96.5108
2671.84	96.5146
2673.77	96.5399
2675.69	96.5313
2677.62	96.4888
2679.55	96.4789
2681.48	96.4784
2683.41	96.4305
2685.34	96.3881
2687.27	96.3942
2689.2	96.3975
2691.13	96.3992
2693.06	96.4517
2694.99	96.515
2696.91	96.5119
2698.84	96.4443
2700.77	96.3584
2702.7	96.2991
2704.63	96.2854
2706.56	96.2657
2708.49	96.1908
2710.42	96.1295
2712.35	96.1646
2714.28	96.227
2716.21	96.2056
2718.14	96.1404
2720.06	96.128
2721.99	96.1501
2723.92	96.1428
2725.85	96.0936
2727.78	96.006
2729.71	95.9182
2731.64	95.8985
2733.57	95.9114
2735.5	95.8731
2737.43	95.846
2739.36	95.9213
2741.28	96.0215
2743.21	96.0333
2745.14	95.9552
2747.07	95.84
2749	95.7651
2750.93	95.7886
2752.86	95.8464
2754.79	95.8524
2756.72	95.8595
2758.65	95.9333
2760.58	95.9751
2762.51	95.8631
2764.43	95.6893
2766.36	95.6393
2768.29	95.676
2770.22	95.6363
2772.15	95.5819
2774.08	95.6501
2776.01	95.7209
2777.94	95.6664
2779.87	95.61
2781.8	95.6058
2783.73	95.5141
2785.65	95.3502
2787.58	95.2873
2789.51	95.3328
2791.44	95.3561
2793.37	95.3343
2795.3	95.3548
2797.23	95.4213
2799.16	95.4095
2801.09	95.2986
2803.02	95.2512
2804.95	95.2974
2806.87	95.2612
2808.8	95.1375
2810.73	95.098
2812.66	95.1127
2814.59	95.025
2816.52	94.8773
2818.45	94.7946
2820.38	94.7341
2822.31	94.584
2824.24	94.348
2826.17	94.1198
2828.1	93.9696
2830.02	93.8937
2831.95	93.811
2833.88	93.6066
2835.81	93.2716
2837.74	92.972
2839.67	92.8366
2841.6	92.7528
2843.53	92.541
2845.46	92.2077
2847.39	91.8671
2849.32	91.5418
2851.24	91.1678
2853.17	90.72
2855.1	90.2292
2857.03	89.7108
2858.96	89.188
2860.89	88.7143
2862.82	88.2472
2864.75	87.6848
2866.68	87.1098
2868.61	86.6766
2870.54	86.343
2872.47	86.0979
2874.39	86.1331
2876.32	86.4664
2878.25	86.8615
2880.18	87.2223
2882.11	87.5841
2884.04	87.8654
2885.97	88.0017
2887.9	88.0578
2889.83	88.0837
2891.76	88.0823
2893.69	88.0537
2895.61	87.9782
2897.54	87.8296
2899.47	87.5981
2901.4	87.3414
2903.33	87.2058
2905.26	87.2289
2907.19	87.254
2909.12	87.1882
2911.05	87.0727
2912.98	86.8889
2914.91	86.6128
2916.83	86.3188
2918.76	86.0332
2920.69	85.6951
2922.62	85.2669
2924.55	84.7308
2926.48	84.1171
2928.41	83.5713
2930.34	83.2359
2932.27	83.0998
2934.2	83.0661
2936.13	83.1558
2938.06	83.4991
2939.98	84.0256
2941.91	84.4336
2943.84	84.6234
2945.77	84.7345
2947.7	84.6866
2949.63	84.2688
2951.56	83.6322
2953.49	83.1395
2955.42	82.8716
2957.35	82.6834
2959.28	82.5987
2961.2	82.8547
2963.13	83.5597
2965.06	84.5464
2966.99	85.6391
2968.92	86.7886
2970.85	87.8996
2972.78	88.8723
2974.71	89.727
2976.64	90.4487
2978.57	91.0113
2980.5	91.5638
2982.43	92.1935
2984.35	92.7484
2986.28	93.1626
2988.21	93.5325
2990.14	93.8328
2992.07	93.9972
2994	94.12
2995.93	94.3267
2997.86	94.6564
2999.79	95.0191
3001.72	95.1974
3003.65	95.1818
3005.57	95.3016
3007.5	95.6399
3009.43	95.8374
3011.36	95.7963
3013.29	95.8357
3015.22	96.0127
3017.15	96.0766
3019.08	96.0261
3021.01	96.0559
3022.94	96.1795
3024.87	96.305
3026.79	96.3867
3028.72	96.3947
3030.65	96.3415
3032.58	96.263
3034.51	96.1599
3036.44	96.0871
3038.37	96.1505
3040.3	96.3176
3042.23	96.4001
3044.16	96.2572
3046.09	95.9904
3048.02	95.9209
3049.94	96.1937
3051.87	96.5187
3053.8	96.6243
3055.73	96.6277
3057.66	96.6473
3059.59	96.5712
3061.52	96.4088
3063.45	96.3231
3065.38	96.326
3067.31	96.3604
3069.24	96.4561
3071.16	96.5559
3073.09	96.5215
3075.02	96.405
3076.95	96.3781
3078.88	96.4158
3080.81	96.3699
3082.74	96.2817
3084.67	96.2999
3086.6	96.3455
3088.53	96.2301
3090.46	96.0676
3092.39	96.1358
3094.31	96.3729
3096.24	96.4653
3098.17	96.3533
3100.1	96.1864
3102.03	95.9795
3103.96	95.7692
3105.89	95.7456
3107.82	95.883
3109.75	95.9047
3111.68	95.7811
3113.61	95.7453
3115.53	95.8212
3117.46	95.871
3119.39	95.9278
3121.32	96.0248
3123.25	96.0194
3125.18	95.8875
3127.11	95.8103
3129.04	95.8758
3130.97	96.05
3132.9	96.2738
3134.83	96.3461
3136.75	96.1078
3138.68	95.8076
3140.61	95.7942
3142.54	95.9923
3144.47	96.0935
3146.4	96.015
3148.33	95.8626
3150.26	95.7387
3152.19	95.7001
3154.12	95.6857
3156.05	95.5708
3157.98	95.3767
3159.9	95.2644
3161.83	95.3286
3163.76	95.5061
3165.69	95.6243
3167.62	95.5758
3169.55	95.471
3171.48	95.4742
3173.41	95.5397
3175.34	95.5017
3177.27	95.3511
3179.2	95.2568
3181.12	95.2979
3183.05	95.2958
3184.98	95.0962
3186.91	94.9198
3188.84	95.0376
3190.77	95.2536
3192.7	95.2469
3194.63	95.142
3196.56	95.1524
3198.49	95.1364
3200.42	94.9957
3202.35	94.8968
3204.27	94.8694
3206.2	94.8186
3208.13	94.8074
3210.06	94.8433
3211.99	94.8027
3213.92	94.7656
3215.85	94.8469
3217.78	94.8529
3219.71	94.6571
3221.64	94.4743
3223.57	94.4341
3225.49	94.427
3227.42	94.366
3229.35	94.205
3231.28	94.012
3233.21	94.0355
3235.14	94.2357
3237.07	94.2088
3239	93.9475
3240.93	93.8647
3242.86	93.9749
3244.79	94.0062
3246.72	94.0066
3248.64	94.0663
3250.57	94.0333
3252.5	93.8954
3254.43	93.8042
3256.36	93.7443
3258.29	93.6747
3260.22	93.6819
3262.15	93.7587
3264.08	93.8008
3266.01	93.7983
3267.94	93.7729
3269.86	93.6963
3271.79	93.5737
3273.72	93.4439
3275.65	93.3135
3277.58	93.1949
3279.51	93.1418
3281.44	93.1623
3283.37	93.1615
3285.3	93.0745
3287.23	92.9856
3289.16	92.9689
3291.08	92.9239
3293.01	92.7349
3294.94	92.4544
3296.87	92.2321
3298.8	92.2006
3300.73	92.3927
3302.66	92.642
3304.59	92.6809
3306.52	92.4579
3308.45	92.2103
3310.38	92.1117
3312.31	92.063
3314.23	92.0162
3316.16	92.1255
3318.09	92.3076
3320.02	92.221
3321.95	91.9084
3323.88	91.74
3325.81	91.7312
3327.74	91.6761
3329.67	91.6217
3331.6	91.6179
3333.53	91.5592
3335.45	91.5181
3337.38	91.6075
3339.31	91.6706
3341.24	91.5993
3343.17	91.5191
3345.1	91.4584
3347.03	91.3646
3348.96	91.3678
3350.89	91.5604
3352.82	91.7595
3354.75	91.7401
3356.68	91.5083
3358.6	91.2839
3360.53	91.2537
3362.46	91.3591
3364.39	91.382
3366.32	91.21
3368.25	90.9477
3370.18	90.7912
3372.11	90.8406
3374.04	91.0361
3375.97	91.2306
3377.9	91.3118
3379.82	91.3213
3381.75	91.3755
3383.68	91.4229
3385.61	91.3319
3387.54	91.18
3389.47	91.1058
3391.4	91.0762
3393.33	91.0473
3395.26	91.0376
3397.19	91.025
3399.12	91.0418
3401.04	91.1635
3402.97	91.3275
3404.9	91.4333
3406.83	91.465
3408.76	91.3753
3410.69	91.1789
3412.62	91.0752
3414.55	91.1375
3416.48	91.198
3418.41	91.2157
3420.34	91.2806
3422.27	91.3155
3424.19	91.2656
3426.12	91.259
3428.05	91.2782
3429.98	91.2252
3431.91	91.2206
3433.84	91.2766
3435.77	91.158
3437.7	90.9947
3439.63	91.1911
3441.56	91.5864
3443.49	91.6797
3445.41	91.516
3447.34	91.4462
3449.27	91.4922
3451.2	91.5782
3453.13	91.7509
3455.06	91.9027
3456.99	91.862
3458.92	91.699
3460.85	91.5844
3462.78	91.571
3464.71	91.5925
3466.64	91.5686
3468.56	91.5754
3470.49	91.744
3472.42	91.9297
3474.35	91.8378
3476.28	91.4801
3478.21	91.1532
3480.14	91.0437
3482.07	91.0996
3484	91.1895
3485.93	91.3369
3487.86	91.6336
3489.78	91.9008
3491.71	91.8576
3493.64	91.6339
3495.57	91.5774
3497.5	91.7035
3499.43	91.7586
3501.36	91.644
3503.29	91.4913
3505.22	91.4747
3507.15	91.547
3509.08	91.4967
3511	91.3541
3512.93	91.3611
3514.86	91.449
3516.79	91.4096
3518.72	91.3759
3520.65	91.5049
3522.58	91.6671
3524.51	91.8456
3526.44	92.0926
3528.37	92.1534
3530.3	91.9622
3532.23	91.8753
3534.15	91.9424
3536.08	91.9277
3538.01	91.9076
3539.94	91.9999
3541.87	92.0221
3543.8	91.9151
3545.73	91.8533
3547.66	91.9263
3549.59	92.1432
3551.52	92.4462
3553.45	92.6049
3555.37	92.5715
3557.3	92.5851
3559.23	92.6743
3561.16	92.7184
3563.09	92.8219
3565.02	93.1169
3566.95	93.5195
3568.88	93.8543
3570.81	94.0331
3572.74	94.0957
3574.67	94.2242
3576.6	94.5524
3578.52	94.9403
3580.45	95.2401
3582.38	95.4348
3584.31	95.4475
3586.24	95.2729
3588.17	95.2376
3590.1	95.5668
3592.03	96.0417
3593.96	96.4825
3595.89	96.7474
3597.82	96.822
3599.74	96.89
3601.67	96.9235
3603.6	96.7952
3605.53	96.7131
3607.46	96.8672
3609.39	97.0105
3611.32	96.994
3613.25	97.0832
3615.18	97.2952
3617.11	97.4252
3619.04	97.5215
3620.97	97.6273
3622.89	97.5942
3624.82	97.4645
3626.75	97.4816
3628.68	97.864
3630.61	98.213
3632.54	98.0021
3634.47	97.6114
3636.4	97.5797
3638.33	97.705
3640.26	97.4087
3642.19	96.8114
3644.11	96.5154
3646.04	96.8178
3647.97	97.7978
3649.9	98.729
3651.83	98.3823
3653.76	97.6046
3655.69	97.3913
3657.62	97.5198
3659.55	97.2757
3661.48	96.8891
3663.41	96.8717
3665.33	97.151
3667.26	97.5667
3669.19	98.1523
3671.12	98.4568
3673.05	98.1804
3674.98	97.8696
3676.91	97.8459
3678.84	97.8089
3680.77	97.7242
3682.7	97.7566
3684.63	97.848
3686.56	98.0222
3688.48	98.5247
3690.41	98.9937
3692.34	98.757
3694.27	98.334
3696.2	98.2978
3698.13	98.4188
3700.06	98.3564
3701.99	98.3143
3703.92	98.4124
3705.85	98.3756
3707.78	98.2926
3709.7	98.4624
3711.63	98.6439
3713.56	98.4553
3715.49	98.2219
3717.42	98.2068
3719.35	98.4331
3721.28	98.9219
3723.21	99.436
3725.14	99.4879
3727.07	99.0876
3729	98.8418
3730.93	99.0178
3732.85	99.3075
3734.78	99.3009
3736.71	99.0726
3738.64	98.9646
3740.57	98.9779
3742.5	99.0047
3744.43	98.9306
3746.36	98.7387
3748.29	98.6936
3750.22	98.8684
3752.15	98.8049
3754.07	98.3501
3756	98.0606
3757.93	98.0999
3759.86	98.0961
3761.79	97.8404
3763.72	97.6765
3765.65	97.7519
3767.58	97.7934
3769.51	97.6701
3771.44	97.5477
3773.37	97.4691
3775.29	97.4399
3777.22	97.5669
3779.15	97.7586
3781.08	97.7357
3783.01	97.5492
3784.94	97.4003
3786.87	97.2816
3788.8	97.19
3790.73	97.2312
3792.66	97.3944
3794.59	97.5483
3796.52	97.6389
3798.44	97.778
3800.37	98.0447
3802.3	98.2098
3804.23	98.0497
3806.16	97.7828
3808.09	97.6219
3810.02	97.5272
3811.95	97.4742
3813.88	97.5714
3815.81	97.8254
3817.74	98.0521
3819.66	98.1915
3821.59	98.215
3823.52	98.047
3825.45	97.8156
3827.38	97.6191
3829.31	97.467
3831.24	97.4211
3833.17	97.5098
3835.1	97.6963
3837.03	97.9741
3838.96	98.2024
3840.89	98.1433
3842.81	97.9063
3844.74	97.6609
3846.67	97.3951
3848.6	97.226
3850.53	97.443
3852.46	98.1371
3854.39	98.5272
3856.32	98.1203
3858.25	97.7269
3860.18	97.6825
3862.11	97.8271
3864.03	97.8873
3865.96	97.8484
3867.89	97.8783
3869.82	97.9497
3871.75	97.921
3873.68	97.7891
3875.61	97.6571
3877.54	97.6185
3879.47	97.718
3881.4	97.8734
3883.33	97.9574
3885.25	97.9205
3887.18	97.7289
3889.11	97.4464
3891.04	97.2503
3892.97	97.2543
3894.9	97.3747
3896.83	97.5123
3898.76	97.6976
3900.69	97.9503
3902.62	98.127
3904.55	98.0086
3906.48	97.6316
3908.4	97.3076
3910.33	97.1901
3912.26	97.1832
3914.19	97.1783
3916.12	97.2035
3918.05	97.2874
3919.98	97.355
3921.91	97.3843
3923.84	97.4062
3925.77	97.4071
3927.7	97.4435
3929.62	97.6082
3931.55	97.7782
3933.48	97.7159
3935.41	97.4621
3937.34	97.1983
3939.27	97.031
3941.2	97.1037
3943.13	97.4134
3945.06	97.6193
3946.99	97.5158
3948.92	97.2773
3950.85	97.1025
3952.77	97.0419
3954.7	97.0696
3956.63	97.0902
3958.56	97.0502
3960.49	97.0329
3962.42	97.0683
3964.35	97.08
3966.28	97.0737
3968.21	97.088
3970.14	97.0784
3972.07	97.0396
3973.99	97.0533
3975.92	97.1287
3977.85	97.165
3979.78	97.118
3981.71	97.0763
3983.64	97.1028
3985.57	97.1181
3987.5	97.063
3989.43	97.0081
3991.36	97.0055
3993.29	97.0396
3995.22	97.116
3997.14	97.2053
