499.643	77.3802
501.572	77.5571
503.501	78.1842
505.43	78.6818
507.36	78.7837
509.289	79.1332
511.218	79.8755
513.147	80.2789
515.076	80.1304
517.005	79.9603
518.934	80.0692
520.863	80.2586
522.792	80.3655
524.722	80.448
526.651	80.6434
528.58	80.858
530.509	80.7659
532.438	80.3724
534.367	80.1378
536.296	80.3243
538.225	80.7245
540.155	81.0925
542.084	81.3
544.013	81.1906
545.942	80.7776
547.871	80.3812
549.8	80.2017
551.729	80.0746
553.658	79.9071
555.588	79.9236
557.517	80.2343
559.446	80.6054
561.375	80.8161
563.304	80.8219
565.233	80.6153
567.162	80.296
569.091	80.1255
571.021	80.2773
572.95	80.6755
574.879	81.1007
576.808	81.3291
578.737	81.325
580.666	81.2722
582.595	81.2766
584.524	81.1707
586.454	80.8441
588.383	80.5924
590.312	80.7141
592.241	80.963
594.17	80.9726
596.099	80.9039
598.028	80.9811
599.957	81.008
601.887	80.7768
603.816	80.388
605.745	80.0609
607.674	80.0147
609.603	80.2575
611.532	80.4493
613.461	80.4106
615.39	80.3889
617.32	80.4908
619.249	80.518
621.178	80.4655
623.107	80.4837
625.036	80.6133
626.965	80.8954
628.894	81.2856
630.823	81.5133
632.753	81.4826
634.682	81.5052
636.611	81.7499
638.54	82.0332
640.469	82.3817
642.398	82.9891
644.327	83.6294
646.256	83.9695
648.186	84.1348
650.115	84.3518
652.044	84.5826
653.973	84.7203
655.902	84.688
657.831	84.5054
659.76	84.2454
661.689	83.8774
663.619	83.5922
665.548	83.9734
667.477	85.455
669.406	86.4071
671.335	85.7407
673.264	85.2176
675.193	85.3816
677.122	85.7833
679.052	86.0978
680.981	86.3829
682.91	86.5271
684.839	86.5063
686.768	86.5536
688.697	86.7084
690.626	86.7915
692.555	86.7278
694.485	86.6056
696.414	86.5609
698.343	86.6015
700.272	86.5825
702.201	86.4821
704.13	86.4457
706.059	86.4592
707.988	86.3902
709.917	86.3271
711.847	86.3854
713.776	86.4019
715.705	86.2945
717.634	86.2783
719.563	86.3609
721.492	86.2138
723.421	85.7913
725.35	85.3842
727.28	85.0635
729.209	84.6584
731.138	84.1048
733.067	83.4767
734.996	82.8571
736.925	82.3639
738.854	82.1189
740.783	82.0985
742.713	82.1538
744.642	82.2013
746.571	82.2379
748.5	82.2407
750.429	82.2443
752.358	82.3635
754.287	82.5881
756.216	82.7864
758.146	82.9579
760.075	83.1993
762.004	83.4872
763.933	83.7442
765.862	83.977
767.791	84.1968
769.72	84.3603
771.649	84.4556
773.579	84.5315
775.508	84.6258
777.437	84.7219
779.366	84.7809
781.295	84.7755
783.224	84.6813
785.153	84.4954
787.082	84.2462
789.012	83.9115
790.941	83.425
792.87	82.796
794.799	81.9955
796.728	80.7339
798.657	78.5605
800.586	75.0998
802.515	70.31
804.445	65.0272
806.374	61.0624
808.303	60.0319
810.232	62.1388
812.161	66.3776
814.09	71.4681
816.019	76.2595
817.948	79.8815
819.878	82.0679
821.807	83.1243
823.736	83.5075
825.665	83.5714
827.594	83.515
829.523	83.3776
831.452	83.124
833.381	82.7384
835.311	82.2265
837.24	81.597
839.169	80.8569
841.098	80.0374
843.027	79.2708
844.956	78.7818
846.885	78.7222
848.814	79.0539
850.744	79.6186
852.673	80.2603
854.602	80.8527
856.531	81.2984
858.46	81.58
860.389	81.7561
862.318	81.8626
864.247	81.9017
866.177	81.9244
868.106	81.9871
870.035	82.0336
871.964	81.9771
873.893	81.8664
875.822	81.8115
877.751	81.7994
879.68	81.7496
881.609	81.6627
883.539	81.5603
885.468	81.3931
887.397	81.1424
889.326	80.8792
891.255	80.6366
893.184	80.3705
895.113	80.0731
897.042	79.7924
898.972	79.5701
900.901	79.4533
902.83	79.4817
904.759	79.5977
906.688	79.6669
908.617	79.626
910.546	79.5232
912.475	79.3916
914.405	79.1873
916.334	78.9003
918.263	78.6049
920.192	78.3346
922.121	78.0387
924.05	77.7069
925.979	77.3928
927.908	77.1078
929.838	76.8134
931.767	76.4832
933.696	76.093
935.625	75.6175
937.554	75.0664
939.483	74.4631
941.412	73.7968
943.341	73.0108
945.271	72.0323
947.2	70.8638
949.129	69.6453
951.058	68.5429
952.987	67.5682
954.916	66.5444
956.845	65.2378
958.774	63.5551
960.704	61.661
962.633	59.8699
964.562	58.4083
966.491	57.3054
968.42	56.4709
970.349	55.7935
972.278	55.1636
974.207	54.4662
976.137	53.6123
978.066	52.6205
979.995	51.6848
981.924	51.1051
983.853	51.0788
985.782	51.5714
987.711	52.4207
989.64	53.5068
991.57	54.755
993.499	56.0324
995.428	57.1396
997.357	57.9292
999.286	58.3898
1001.22	58.5744
1003.14	58.5033
1005.07	58.2293
1007	57.9366
1008.93	57.8292
1010.86	57.9337
1012.79	58.1073
1014.72	58.1903
1016.65	58.0788
1018.58	57.7178
1020.51	57.102
1022.44	56.2799
1024.36	55.3764
1026.29	54.6201
1028.22	54.2258
1030.15	54.1704
1032.08	54.1728
1034.01	53.9389
1035.94	53.3654
1037.87	52.5343
1039.8	51.6007
1041.73	50.6814
1043.66	49.8138
1045.58	48.9952
1047.51	48.1956
1049.44	47.3325
1051.37	46.3417
1053.3	45.3013
1055.23	44.4379
1057.16	44.0141
1059.09	44.1934
1061.02	44.9555
1062.95	46.1384
1064.88	47.5694
1066.81	49.1736
1068.73	51.0198
1070.66	53.2335
1072.59	55.7938
1074.52	58.4944
1076.45	61.1301
1078.38	63.5833
1080.31	65.7553
1082.24	67.568
1084.17	68.9731
1086.1	69.9008
1088.03	70.3101
1089.95	70.2685
1091.88	69.878
1093.81	69.1935
1095.74	68.2667
1097.67	67.1899
1099.6	66.0772
1101.53	65.0216
1103.46	64.0445
1105.39	63.1149
1107.32	62.2416
1109.25	61.4995
1111.18	60.9719
1113.1	60.7095
1115.03	60.7081
1116.96	60.9001
1118.89	61.1898
1120.82	61.4856
1122.75	61.6898
1124.68	61.693
1126.61	61.3759
1128.54	60.6053
1130.47	59.2522
1132.4	57.2372
1134.32	54.6024
1136.25	51.56
1138.18	48.4049
1140.11	45.3723
1142.04	42.6397
1143.97	40.3716
1145.9	38.6476
1147.83	37.4206
1149.76	36.5922
1151.69	36.0705
1153.62	35.79
1155.55	35.7216
1157.47	35.8359
1159.4	36.086
1161.33	36.444
1163.26	36.9012
1165.19	37.4386
1167.12	38.029
1169.05	38.6459
1170.98	39.2735
1172.91	39.9137
1174.84	40.5673
1176.77	41.2312
1178.69	41.9178
1180.62	42.6472
1182.55	43.4355
1184.48	44.2972
1186.41	45.2264
1188.34	46.1973
1190.27	47.2006
1192.2	48.2485
1194.13	49.3485
1196.06	50.5032
1197.99	51.7217
1199.91	53.0127
1201.84	54.3596
1203.77	55.7172
1205.7	57.0535
1207.63	58.3724
1209.56	59.6866
1211.49	61.0197
1213.42	62.4062
1215.35	63.7789
1217.28	64.9234
1219.21	65.7122
1221.14	66.3014
1223.06	66.9007
1224.99	67.4834
1226.92	67.8842
1228.85	68.0259
1230.78	67.9113
1232.71	67.5505
1234.64	66.9941
1236.57	66.3204
1238.5	65.5666
1240.43	64.7362
1242.36	63.84
1244.28	62.9021
1246.21	61.9712
1248.14	61.1263
1250.07	60.4295
1252	59.8786
1253.93	59.4444
1255.86	59.1482
1257.79	59.0447
1259.72	59.1333
1261.65	59.3715
1263.58	59.757
1265.51	60.3025
1267.43	60.9839
1269.36	61.7918
1271.29	62.7484
1273.22	63.8348
1275.15	64.9794
1277.08	66.122
1279.01	67.2368
1280.94	68.3037
1282.87	69.2843
1284.8	70.1254
1286.73	70.7475
1288.65	71.0311
1290.58	70.9475
1292.51	70.7219
1294.44	70.7425
1296.37	71.314
1298.3	72.5209
1300.23	74.2312
1302.16	76.17
1304.09	78.0551
1306.02	79.7038
1307.95	81.0418
1309.87	82.086
1311.8	82.9031
1313.73	83.5374
1315.66	84.0041
1317.59	84.319
1319.52	84.4951
1321.45	84.5598
1323.38	84.5707
1325.31	84.5724
1327.24	84.5862
1329.17	84.6353
1331.1	84.7306
1333.02	84.8503
1334.95	84.9966
1336.88	85.2242
1338.81	85.5146
1340.74	85.7184
1342.67	85.7992
1344.6	85.8929
1346.53	86.0613
1348.46	86.2297
1350.39	86.3264
1352.32	86.3605
1354.24	86.3426
1356.17	86.2657
1358.1	86.1988
1360.03	86.2244
1361.96	86.2625
1363.89	86.1628
1365.82	85.9663
1367.75	85.7365
1369.68	85.4685
1371.61	85.2165
1373.54	84.8863
1375.47	84.2532
1377.39	83.4955
1379.32	82.9244
1381.25	82.5158
1383.18	82.168
1385.11	81.7927
1387.04	81.1627
1388.97	80.2798
1390.9	79.4499
1392.83	78.6812
1394.76	77.8305
1396.69	76.7223
1398.61	75.0571
1400.54	72.8885
1402.47	70.5175
1404.4	68.1404
1406.33	66.5485
1408.26	66.6225
1410.19	68.3471
1412.12	71.2896
1414.05	74.4869
1415.98	77.4552
1417.91	80.587
1419.83	83.373
1421.76	85.0295
1423.69	86.095
1425.62	86.9099
1427.55	87.3942
1429.48	87.5456
1431.41	87.4079
1433.34	87.1685
1435.27	86.9789
1437.2	86.6581
1439.13	86.0505
1441.06	85.3137
1442.98	84.5242
1444.91	83.7302
1446.84	82.9748
1448.77	82.246
1450.7	81.6836
1452.63	81.4586
1454.56	81.5929
1456.49	81.9158
1458.42	81.7023
1460.35	81.0568
1462.28	80.6093
1464.2	80.3537
1466.13	80.1827
1468.06	80.2859
1469.99	80.9244
1471.92	82.1629
1473.85	83.4469
1475.78	84.3702
1477.71	85.4248
1479.64	86.7828
1481.57	88.2557
1483.5	89.6381
1485.43	90.873
1487.35	92.0858
1489.28	93.1663
1491.21	93.663
1493.14	93.8474
1495.07	94.2069
1497	94.6908
1498.93	94.925
1500.86	94.947
1502.79	95.0672
1504.72	95.5124
1506.65	96.2336
1508.57	96.23
1510.5	95.665
1512.43	95.4334
1514.36	95.671
1516.29	96.0759
1518.22	96.3766
1520.15	96.6367
1522.08	96.7992
1524.01	96.7253
1525.94	96.5019
1527.87	96.274
1529.8	96.1914
1531.72	96.3187
1533.65	96.495
1535.58	96.5555
1537.51	96.771
1539.44	97.3954
1541.37	97.758
1543.3	97.2543
1545.23	96.6989
1547.16	96.4387
1549.09	96.4119
1551.02	96.4602
1552.94	96.4874
1554.87	96.6436
1556.8	97.1286
1558.73	97.5246
1560.66	97.0582
1562.59	96.507
1564.52	96.2643
1566.45	96.2488
1568.38	96.3275
1570.31	96.2647
1572.24	96.1216
1574.16	96.1642
1576.09	96.2952
1578.02	96.1215
1579.95	95.7942
1581.88	95.5861
1583.81	95.4574
1585.74	95.3447
1587.67	95.2779
1589.6	95.2568
1591.53	95.238
1593.46	95.2011
1595.39	95.1168
1597.31	94.9521
1599.24	94.771
1601.17	94.629
1603.1	94.409
1605.03	94.0484
1606.96	93.6671
1608.89	93.1413
1610.82	92.2704
1612.75	91.3777
1614.68	90.7267
1616.61	90.1339
1618.53	89.6443
1620.46	89.6261
1622.39	90.0091
1624.32	90.3018
1626.25	90.2059
1628.18	89.7482
1630.11	88.9177
1632.04	88.0873
1633.97	87.8492
1635.9	88.5044
1637.83	89.5061
1639.76	90.495
1641.68	91.5937
1643.61	92.6856
1645.54	93.6752
1647.47	94.2708
1649.4	94.3545
1651.33	94.4937
1653.26	94.8065
1655.19	94.4907
1657.12	93.9357
1659.05	93.6779
1660.98	93.6232
1662.9	93.4532
1664.83	93.1267
1666.76	92.986
1668.69	93.0806
1670.62	92.9287
1672.55	92.4573
1674.48	91.9807
1676.41	91.2987
1678.34	90.4893
1680.27	89.9412
1682.2	89.4881
1684.12	88.658
1686.05	87.4204
1687.98	85.9459
1689.91	84.3394
1691.84	82.8008
1693.77	81.1441
1695.7	79.1708
1697.63	76.9017
1699.56	73.6941
1701.49	69.7208
1703.42	66.2254
1705.35	62.7429
1707.27	58.6975
1709.2	55.0501
1711.13	52.2716
1713.06	49.9396
1714.99	48.0858
1716.92	46.4102
1718.85	44.357
1720.78	42.9126
1722.71	42.4594
1724.64	42.5803
1726.57	43.3453
1728.49	44.7781
1730.42	46.5526
1732.35	48.9512
1734.28	52.0862
1736.21	54.7888
1738.14	57.1817
1740.07	60.1173
1742	63.4168
1743.93	66.5805
1745.86	69.814
1747.79	73.312
1749.72	76.9154
1751.64	80.259
1753.57	83.1379
1755.5	85.7856
1757.43	88.3605
1759.36	90.5297
1761.29	92.0974
1763.22	93.2632
1765.15	94.0386
1767.08	94.5141
1769.01	95.0706
1770.94	95.717
1772.86	96.0046
1774.79	95.9621
1776.72	95.9009
1778.65	95.8764
1780.58	95.914
1782.51	95.9901
1784.44	96.0565
1786.37	96.1653
1788.3	96.3375
1790.23	96.5686
1792.16	96.79
1794.08	96.771
1796.01	96.6285
1797.94	96.6654
1799.87	96.8139
1801.8	96.8391
1803.73	96.7994
1805.66	96.8137
1807.59	96.8737
1809.52	96.9376
1811.45	96.8963
1813.38	96.78
1815.31	96.778
1817.23	96.8645
1819.16	96.9294
1821.09	97.0793
1823.02	97.3112
1824.95	97.4198
1826.88	97.4663
1828.81	97.6171
1830.74	97.6688
1832.67	97.4894
1834.6	97.3488
1836.53	97.3899
1838.45	97.4768
1840.38	97.5403
1842.31	97.6825
1844.24	97.8281
1846.17	97.7728
1848.1	97.696
1850.03	97.7752
1851.96	97.8336
1853.89	97.7484
1855.82	97.6813
1857.75	97.7211
1859.68	97.759
1861.6	97.7371
1863.53	97.754
1865.46	97.9318
1867.39	98.2159
1869.32	98.3397
1871.25	98.2254
1873.18	98.0906
1875.11	98.0425
1877.04	98.0979
1878.97	98.2334
1880.9	98.343
1882.82	98.3857
1884.75	98.4319
1886.68	98.4883
1888.61	98.497
1890.54	98.4463
1892.47	98.3754
1894.4	98.372
1896.33	98.5098
1898.26	98.6911
1900.19	98.7598
1902.12	98.7453
1904.05	98.7509
1905.97	98.7587
1907.9	98.7412
1909.83	98.7637
1911.76	98.794
1913.69	98.7332
1915.62	98.7168
1917.55	98.93
1919.48	99.1784
1921.41	99.2211
1923.34	99.1984
1925.27	99.2286
1927.19	99.2366
1929.12	99.2528
1931.05	99.2908
1932.98	99.2037
1934.91	99.0305
1936.84	99.0158
1938.77	99.1839
1940.7	99.355
1942.63	99.4637
1944.56	99.5519
1946.49	99.6015
1948.41	99.5875
1950.34	99.5853
1952.27	99.6665
1954.2	99.7969
1956.13	99.9627
1958.06	100.168
1959.99	100.269
1961.92	100.202
1963.85	100.217
1965.78	100.443
1967.71	100.628
1969.64	100.62
1971.56	100.552
1973.49	100.433
1975.42	100.238
1977.35	100.216
1979.28	100.496
1981.21	100.757
1983.14	100.736
1985.07	100.561
1987	100.358
1988.93	100.065
1990.86	99.7947
1992.78	99.8069
1994.71	100.002
1996.64	100.068
1998.57	100.064
2000.5	100.23
2002.43	100.411
2004.36	100.333
2006.29	100.179
2008.22	100.186
2010.15	100.176
2012.08	100.091
2014.01	100.18
2015.93	100.421
2017.86	100.573
2019.79	100.62
2021.72	100.585
2023.65	100.45
2025.58	100.329
2027.51	100.253
2029.44	100.153
2031.37	100.124
2033.3	100.161
2035.23	100.125
2037.15	100.18
2039.08	100.437
2041.01	100.51
2042.94	100.224
2044.87	99.9992
2046.8	100.061
2048.73	100.196
2050.66	100.233
2052.59	100.104
2054.52	99.793
2056.45	99.5254
2058.37	99.5246
2060.3	99.6616
2062.23	99.7416
2064.16	99.7767
2066.09	99.759
2068.02	99.664
2069.95	99.6363
2071.88	99.7142
2073.81	99.6847
2075.74	99.4782
2077.67	99.2708
2079.6	99.1887
2081.52	99.2694
2083.45	99.471
2085.38	99.58
2087.31	99.4453
2089.24	99.2296
2091.17	99.167
2093.1	99.25
2095.03	99.3114
2096.96	99.2784
2098.89	99.2302
2100.82	99.2423
2102.74	99.3348
2104.67	99.5197
2106.6	99.6824
2108.53	99.6273
2110.46	99.4412
2112.39	99.4076
2114.32	99.5183
2116.25	99.5341
2118.18	99.4065
2120.11	99.2875
2122.04	99.312
2123.97	99.4817
2125.89	99.6344
2127.82	99.6328
2129.75	99.5868
2131.68	99.7002
2133.61	99.9737
2135.54	100.209
2137.47	100.27
2139.4	100.251
2141.33	100.326
2143.26	100.505
2145.19	100.631
2147.11	100.541
2149.04	100.239
2150.97	99.9873
2152.9	100.019
2154.83	100.217
2156.76	100.371
2158.69	100.513
2160.62	100.66
2162.55	100.602
2164.48	100.284
2166.41	99.9873
2168.33	99.9552
2170.26	100.083
2172.19	100.104
2174.12	99.9897
2176.05	100.001
2177.98	100.303
2179.91	100.647
2181.84	100.613
2183.77	100.157
2185.7	99.7364
2187.63	99.6916
2189.56	99.7853
2191.48	99.6842
2193.41	99.5929
2195.34	99.8376
2197.27	100.198
2199.2	100.335
2201.13	100.372
2203.06	100.388
2204.99	100.162
2206.92	99.8898
2208.85	99.9681
2210.78	100.083
2212.7	99.8248
2214.63	99.6254
2216.56	99.8274
2218.49	99.98
2220.42	99.8951
2222.35	99.9496
2224.28	100.074
2226.21	99.9209
2228.14	99.7248
2230.07	99.8035
2232	99.9189
2233.93	99.8765
2235.85	99.8823
2237.78	99.9736
2239.71	99.9642
2241.64	99.9175
2243.57	99.9465
2245.5	99.8751
2247.43	99.6198
2249.36	99.4155
2251.29	99.4033
2253.22	99.4783
2255.15	99.5346
2257.07	99.5322
2259	99.5276
2260.93	99.6795
2262.86	99.9438
2264.79	100.038
2266.72	99.9517
2268.65	100.002
2270.58	100.251
2272.51	100.427
2274.44	100.391
2276.37	100.253
2278.29	100.086
2280.22	99.8672
2282.15	99.6486
2284.08	99.5731
2286.01	99.6859
2287.94	99.8835
2289.87	100.107
2291.8	100.416
2293.73	100.801
2295.66	101.156
2297.59	101.468
2299.52	101.793
2301.44	102.112
2303.37	102.444
2305.3	102.967
2307.23	103.781
2309.16	104.654
2311.09	105.263
2313.02	105.674
2314.95	106.285
2316.88	107.219
2318.81	108.204
2320.74	109.097
2322.66	110.096
2324.59	111.259
2326.52	112.4
2328.45	113.408
2330.38	114.12
2332.31	114.342
2334.24	114.336
2336.17	114.476
2338.1	114.746
2340.03	115.239
2341.96	115.953
2343.89	115.521
2345.81	113.213
2347.74	111.268
2349.67	111.201
2351.6	112.934
2353.53	115.821
2355.46	118.815
2357.39	121.362
2359.32	122.997
2361.25	122.865
2363.18	121.416
2365.11	119.604
2367.03	117.564
2368.96	115.179
2370.89	112.543
2372.82	109.856
2374.75	107.286
2376.68	105.055
2378.61	103.351
2380.54	102.048
2382.47	100.86
2384.4	99.741
2386.33	98.8617
2388.26	98.3489
2390.18	98.1605
2392.11	98.1305
2394.04	98.1133
2395.97	98.102
2397.9	98.1297
2399.83	98.1194
2401.76	98.0046
2403.69	97.9078
2405.62	97.9759
2407.55	98.1245
2409.48	98.1671
2411.4	98.1088
2413.33	98.0703
2415.26	98.0317
2417.19	97.9239
2419.12	97.855
2421.05	97.9652
2422.98	98.1592
2424.91	98.2457
2426.84	98.2418
2428.77	98.2868
2430.7	98.3534
2432.62	98.3121
2434.55	98.2052
2436.48	98.1773
2438.41	98.2187
2440.34	98.2164
2442.27	98.1484
2444.2	98.0766
2446.13	98.0624
2448.06	98.1083
2449.99	98.1234
2451.92	98.0699
2453.85	98.087
2455.77	98.2581
2457.7	98.4095
2459.63	98.3521
2461.56	98.1461
2463.49	97.9768
2465.42	97.922
2467.35	97.926
2469.28	97.9269
2471.21	97.9403
2473.14	97.9899
2475.07	98.0324
2476.99	98.0385
2478.92	98.0558
2480.85	98.1012
2482.78	98.113
2484.71	98.069
2486.64	98.0362
2488.57	98.0782
2490.5	98.1756
2492.43	98.2128
2494.36	98.095
2496.29	97.9468
2498.22	97.9893
2500.14	98.146
2502.07	98.1516
2504	98.0642
2505.93	98.1199
2507.86	98.2044
2509.79	98.1116
2511.72	98.0296
2513.65	98.1393
2515.58	98.2063
2517.51	98.081
2519.44	98.0232
2521.36	98.1647
2523.29	98.258
2525.22	98.165
2527.15	98.0583
2529.08	98.0467
2531.01	98.0392
2532.94	97.9903
2534.87	97.9697
2536.8	98.011
2538.73	98.066
2540.66	98.0811
2542.58	98.0444
2544.51	97.9763
2546.44	97.916
2548.37	97.9076
2550.3	97.9506
2552.23	97.9805
2554.16	97.9643
2556.09	97.9533
2558.02	97.9886
2559.95	98.0369
2561.88	98.0235
2563.81	97.9057
2565.73	97.7896
2567.66	97.8432
2569.59	97.9763
2571.52	97.9454
2573.45	97.8333
2575.38	97.8774
2577.31	97.9405
2579.24	97.7992
2581.17	97.6377
2583.1	97.6578
2585.03	97.6997
2586.95	97.6499
2588.88	97.6424
2590.81	97.7028
2592.74	97.7308
2594.67	97.7393
2596.6	97.7351
2598.53	97.6497
2600.46	97.5406
2602.39	97.4937
2604.32	97.421
2606.25	97.2979
2608.18	97.2905
2610.1	97.3994
2612.03	97.4027
2613.96	97.2648
2615.89	97.1706
2617.82	97.1777
2619.75	97.1908
2621.68	97.177
2623.61	97.1598
2625.54	97.1244
2627.47	97.0742
2629.4	97.0649
2631.32	97.1027
2633.25	97.1046
2635.18	97.0219
2637.11	96.9219
2639.04	96.8857
2640.97	96.8864
2642.9	96.8411
2644.83	96.7451
2646.76	96.6774
2648.69	96.6725
2650.62	96.6757
2652.54	96.6485
2654.47	96.6237
2656.4	96.6183
2658.33	96.5919
2660.26	96.5289
2662.19	96.477
2664.12	96.4818
2666.05	96.5301
2667.98	96.5619
2669.91	96.5309
2671.84	96.4535
2673.77	96.3891
2675.69	96.3729
2677.62	96.3879
2679.55	96.3942
2681.48	96.3738
2683.41	96.3558
2685.34	96.3802
2687.27	96.419
2689.2	96.3917
2691.13	96.3019
2693.06	96.2628
2694.99	96.309
2696.91	96.3319
2698.84	96.2946
2700.77	96.2997
2702.7	96.3585
2704.63	96.3528
2706.56	96.2631
2708.49	96.1888
2710.42	96.1628
2712.35	96.1369
2714.28	96.0892
2716.21	96.0484
2718.14	96.0443
2720.06	96.0591
2721.99	96.0624
2723.92	96.0661
2725.85	96.0456
2727.78	95.9409
2729.71	95.8429
2731.64	95.9016
2733.57	96.015
2735.5	95.988
2737.43	95.8987
2739.36	95.9215
2741.28	96.0048
2743.21	96.017
2745.14	95.9707
2747.07	95.9362
2749	95.9132
2750.93	95.8761
2752.86	95.8452
2754.79	95.8375
2756.72	95.8154
2758.65	95.7771
2760.58	95.7745
2762.51	95.781
2764.43	95.7469
2766.36	95.7299
2768.29	95.7413
2770.22	95.6837
2772.15	95.5786
2774.08	95.5306
2776.01	95.5147
2777.94	95.4918
2779.87	95.5185
2781.8	95.585
2783.73	95.6007
2785.65	95.5354
2787.58	95.4305
2789.51	95.3592
2791.44	95.3602
2793.37	95.3786
2795.3	95.3718
2797.23	95.3534
2799.16	95.2827
2801.09	95.1734
2803.02	95.1832
2804.95	95.3094
2806.87	95.3077
2808.8	95.1109
2810.73	94.9295
2812.66	94.8913
2814.59	94.9273
2816.52	94.9354
2818.45	94.8584
2820.38	94.6871
2822.31	94.4564
2824.24	94.2277
2826.17	94.0844
2828.1	94.0478
2830.02	93.9789
2831.95	93.7413
2833.88	93.4214
2835.81	93.1862
2837.74	93.0404
2839.67	92.8994
2841.6	92.7243
2843.53	92.4781
2845.46	92.1412
2847.39	91.789
2849.32	91.487
2851.24	91.182
2853.17	90.7973
2855.1	90.3034
2857.03	89.7086
2858.96	89.1038
2860.89	88.5711
2862.82	88.0357
2864.75	87.4451
2866.68	86.9373
2868.61	86.5699
2870.54	86.2145
2872.47	85.9266
2874.39	85.9675
2876.32	86.3447
2878.25	86.7667
2880.18	87.0693
2882.11	87.3423
2884.04	87.6718
2885.97	87.9833
2887.9	88.134
2889.83	88.0855
2891.76	87.9353
2893.69	87.7809
2895.61	87.6511
2897.54	87.5459
2899.47	87.4557
2901.4	87.3859
2903.33	87.3423
2905.26	87.2533
2907.19	87.0731
2909.12	86.9183
2911.05	86.8601
2912.98	86.7553
2914.91	86.5044
2916.83	86.2125
2918.76	85.9645
2920.69	85.6946
2922.62	85.3034
2924.55	84.7675
2926.48	84.1694
2928.41	83.6276
2930.34	83.2019
2932.27	82.9241
2934.2	82.8364
2936.13	82.9603
2938.06	83.3137
2939.98	83.8644
2941.91	84.4298
2943.84	84.8034
2945.77	84.9104
2947.7	84.7107
2949.63	84.2129
2951.56	83.622
2953.49	83.1534
2955.42	82.8056
2957.35	82.5653
2959.28	82.593
2961.2	82.996
2963.13	83.6721
2965.06	84.5116
2966.99	85.522
2968.92	86.6728
2970.85	87.8229
2972.78	88.864
2974.71	89.7482
2976.64	90.4305
2978.57	91.0124
2980.5	91.7079
2982.43	92.4421
2984.35	92.8924
2986.28	93.0644
2988.21	93.3014
2990.14	93.705
2992.07	94.0622
2994	94.2505
2995.93	94.3798
2997.86	94.633
2999.79	95.0171
3001.72	95.3113
3003.65	95.4231
3005.57	95.5404
3007.5	95.7018
3009.43	95.7128
3011.36	95.6261
3013.29	95.6769
3015.22	95.8014
3017.15	95.8313
3019.08	95.9122
3021.01	96.1726
3022.94	96.3636
3024.87	96.2927
3026.79	96.1677
3028.72	96.1424
3030.65	96.0536
3032.58	95.8776
3034.51	95.8611
3036.44	96.0233
3038.37	96.1348
3040.3	96.1623
3042.23	96.1786
3044.16	96.1193
3046.09	96.0255
3048.02	96.0417
3049.94	96.0834
3051.87	96.0312
3053.8	96.0301
3055.73	96.1869
3057.66	96.3489
3059.59	96.3732
3061.52	96.2897
3063.45	96.2067
3065.38	96.2217
3067.31	96.3061
3069.24	96.307
3071.16	96.1951
3073.09	96.1377
3075.02	96.2128
3076.95	96.304
3078.88	96.3562
3080.81	96.3973
3082.74	96.3298
3084.67	96.1258
3086.6	96.0238
3088.53	96.1115
3090.46	96.1607
3092.39	96.1259
3094.31	96.1505
3096.24	96.1517
3098.17	96.0431
3100.1	95.9538
3102.03	95.8671
3103.96	95.7069
3105.89	95.6712
3107.82	95.8206
3109.75	95.8517
3111.68	95.7207
3113.61	95.7794
3115.53	96.0554
3117.46	96.1265
3119.39	95.8517
3121.32	95.6039
3123.25	95.6252
3125.18	95.7038
3127.11	95.6964
3129.04	95.811
3130.97	96.1234
3132.9	96.3399
3134.83	96.2207
3136.75	95.9071
3138.68	95.7069
3140.61	95.7057
3142.54	95.7596
3144.47	95.8479
3146.4	96.0337
3148.33	96.106
3150.26	95.9159
3152.19	95.754
3154.12	95.737
3156.05	95.5663
3157.98	95.2759
3159.9	95.2336
3161.83	95.4459
3163.76	95.7005
3165.69	95.8801
3167.62	95.7946
3169.55	95.448
3171.48	95.2583
3173.41	95.3872
3175.34	95.4696
3177.27	95.311
3179.2	95.1398
3181.12	95.1122
3183.05	95.1144
3184.98	95.0282
3186.91	94.9192
3188.84	94.922
3190.77	95.0235
3192.7	95.1041
3194.63	95.1372
3196.56	95.1581
3198.49	95.1446
3200.42	95.0693
3202.35	94.9356
3204.27	94.7529
3206.2	94.5803
3208.13	94.5151
3210.06	94.5845
3211.99	94.692
3213.92	94.6901
3215.85	94.5527
3217.78	94.4367
3219.71	94.4666
3221.64	94.5734
3223.57	94.6503
3225.49	94.6925
3227.42	94.6861
3229.35	94.5316
3231.28	94.2233
3233.21	93.9857
3235.14	93.9913
3237.07	94.0424
3239	93.8812
3240.93	93.6747
3242.86	93.7119
3244.79	93.8702
3246.72	93.8761
3248.64	93.799
3250.57	93.8388
3252.5	93.9152
3254.43	93.8348
3256.36	93.6612
3258.29	93.5868
3260.22	93.5827
3262.15	93.4926
3264.08	93.3576
3266.01	93.355
3267.94	93.4763
3269.86	93.5066
3271.79	93.3627
3273.72	93.2519
3275.65	93.3132
3277.58	93.3395
3279.51	93.1699
3281.44	92.9746
3283.37	92.8836
3285.3	92.8391
3287.23	92.84
3289.16	92.8413
3291.08	92.7134
3293.01	92.5636
3294.94	92.5418
3296.87	92.4844
3298.8	92.3354
3300.73	92.3517
3302.66	92.5186
3304.59	92.5338
3306.52	92.4023
3308.45	92.3256
3310.38	92.2688
3312.31	92.1287
3314.23	92.0145
3316.16	92.0805
3318.09	92.2378
3320.02	92.2241
3321.95	92.0056
3323.88	91.8357
3325.81	91.8083
3327.74	91.7665
3329.67	91.6722
3331.6	91.6216
3333.53	91.6105
3335.45	91.5953
3337.38	91.5859
3339.31	91.5957
3341.24	91.6487
3343.17	91.7306
3345.1	91.7416
3347.03	91.65
3348.96	91.533
3350.89	91.4336
3352.82	91.3759
3354.75	91.3554
3356.68	91.2921
3358.6	91.2166
3360.53	91.2495
3362.46	91.2865
3364.39	91.1244
3366.32	90.8401
3368.25	90.658
3370.18	90.647
3372.11	90.7858
3374.04	91.059
3375.97	91.3444
3377.9	91.4277
3379.82	91.2836
3381.75	91.1605
3383.68	91.2161
3385.61	91.318
3387.54	91.336
3389.47	91.2854
3391.4	91.1743
3393.33	91.0465
3395.26	91.0002
3397.19	91.0039
3399.12	90.9867
3401.04	91.036
3402.97	91.2286
3404.9	91.4492
3406.83	91.5208
3408.76	91.3956
3410.69	91.211
3412.62	91.1448
3414.55	91.182
3416.48	91.1939
3418.41	91.2083
3420.34	91.3214
3422.27	91.4564
3424.19	91.4857
3426.12	91.4164
3428.05	91.3316
3429.98	91.3379
3431.91	91.449
3433.84	91.4581
3435.77	91.2321
3437.7	91.0241
3439.63	91.0863
3441.56	91.2448
3443.49	91.2659
3445.41	91.2829
3447.34	91.4494
3449.27	91.5986
3451.2	91.61
3453.13	91.6076
3455.06	91.6108
3456.99	91.5126
3458.92	91.3952
3460.85	91.4206
3462.78	91.5488
3464.71	91.6582
3466.64	91.7437
3468.56	91.8254
3470.49	91.8593
3472.42	91.8174
3474.35	91.723
3476.28	91.5834
3478.21	91.4031
3480.14	91.2616
3482.07	91.2331
3484	91.2841
3485.93	91.4055
3487.86	91.6072
3489.78	91.6994
3491.71	91.5478
3493.64	91.4053
3495.57	91.4386
3497.5	91.4183
3499.43	91.3216
3501.36	91.4276
3503.29	91.6093
3505.22	91.5426
3507.15	91.4455
3509.08	91.5406
3511	91.543
3512.93	91.3577
3514.86	91.2956
3516.79	91.39
3518.72	91.46
3520.65	91.5498
3522.58	91.68
3524.51	91.7042
3526.44	91.6871
3528.37	91.7782
3530.3	91.8508
3532.23	91.8202
3534.15	91.8467
3536.08	91.9305
3538.01	91.8779
3539.94	91.8137
3541.87	92.0586
3543.8	92.415
3545.73	92.2868
3547.66	91.7993
3549.59	91.7499
3551.52	92.2105
3553.45	92.5393
3555.37	92.5169
3557.3	92.5271
3559.23	92.686
3561.16	92.7818
3563.09	92.8486
3565.02	93.1654
3566.95	93.7242
3568.88	94.0309
3570.81	93.9167
3572.74	93.7533
3574.67	93.8595
3576.6	94.2728
3578.52	94.7642
3580.45	95.0705
3582.38	95.0877
3584.31	94.954
3586.24	94.9525
3588.17	95.3184
3590.1	95.9084
3592.03	96.4192
3593.96	96.6965
3595.89	96.6819
3597.82	96.5634
3599.74	96.5226
3601.67	96.5132
3603.6	96.56
3605.53	96.767
3607.46	96.9856
3609.39	96.9987
3611.32	97.0154
3613.25	97.2248
3615.18	97.3565
3617.11	97.2646
3619.04	97.1895
3620.97	97.2878
3622.89	97.4762
3624.82	97.68
3626.75	97.8671
3628.68	98.074
3630.61	98.3278
3632.54	98.3609
3634.47	98.0277
3636.4	97.5474
3638.33	97.1464
3640.26	96.8144
3642.19	96.6104
3644.11	96.7008
3646.04	97.1863
3647.97	98.1775
3649.9	98.9899
3651.83	98.5802
3653.76	97.8198
3655.69	97.5182
3657.62	97.4694
3659.55	97.2456
3661.48	97.043
3663.41	97.0338
3665.33	97.064
3667.26	97.1931
3669.19	97.5936
3671.12	97.9888
3673.05	98.2266
3674.98	98.4839
3676.91	98.3086
3678.84	97.6306
3680.77	97.2549
3682.7	97.3989
3684.63	97.7129
3686.56	98.0204
3688.48	98.4708
3690.41	98.808
3692.34	98.6256
3694.27	98.301
3696.2	98.2226
3698.13	98.3149
3700.06	98.3278
3701.99	98.2274
3703.92	98.1723
3705.85	98.265
3707.78	98.5211
3709.7	98.8221
3711.63	98.8222
3713.56	98.4764
3715.49	98.1328
3717.42	97.8975
3719.35	97.9011
3721.28	98.4278
3723.21	99.308
3725.14	99.8255
3727.07	99.6699
3729	99.3438
3730.93	99.2447
3732.85	99.2437
3734.78	99.1168
3736.71	99.0027
3738.64	99.0439
3740.57	99.0595
3742.5	98.9176
3744.43	98.7089
3746.36	98.7429
3748.29	99.0323
3750.22	99.2213
3752.15	98.8784
3754.07	98.3109
3756	98.0404
3757.93	97.9947
3759.86	97.8879
3761.79	97.7084
3763.72	97.6729
3765.65	97.7511
3767.58	97.7669
3769.51	97.7379
3771.44	97.6568
3773.37	97.4064
3775.29	97.1959
3777.22	97.3321
3779.15	97.6474
3781.08	97.7103
3783.01	97.575
3784.94	97.372
3786.87	97.0018
3788.8	96.7053
3790.73	96.8809
3792.66	97.3903
3794.59	97.7637
3796.52	97.8356
3798.44	97.8937
3800.37	98.1122
3802.3	98.1673
3804.23	97.8815
3806.16	97.6655
3808.09	97.6927
3810.02	97.6265
3811.95	97.3945
3813.88	97.3335
3815.81	97.6152
3817.74	97.9213
3819.66	98.0175
3821.59	98.0541
3823.52	98.1252
3825.45	98.1084
3827.38	97.8995
3829.31	97.6321
3831.24	97.5462
3833.17	97.5917
3835.1	97.6697
3837.03	98.0134
3838.96	98.5862
3840.89	98.7298
3842.81	98.3289
3844.74	97.8395
3846.67	97.5047
3848.6	97.3824
3850.53	97.6261
3852.46	98.34
3854.39	98.7137
3856.32	98.1056
3858.25	97.5187
3860.18	97.5054
3862.11	97.8445
3864.03	98.0105
3865.96	97.9533
3867.89	97.9629
3869.82	98.002
3871.75	97.9481
3873.68	97.8052
3875.61	97.582
3877.54	97.4348
3879.47	97.5357
3881.4	97.6797
3883.33	97.6272
3885.25	97.5966
3887.18	97.6906
3889.11	97.6584
3891.04	97.4839
3892.97	97.4016
3894.9	97.4762
3896.83	97.6095
3898.76	97.7455
3900.69	97.8239
3902.62	97.8447
3904.55	97.8103
3906.48	97.5938
3908.4	97.2529
3910.33	97.0571
3912.26	97.1417
3914.19	97.3556
3916.12	97.4921
3918.05	97.5079
3919.98	97.4574
3921.91	97.3697
3923.84	97.2479
3925.77	97.179
3927.7	97.3037
3929.62	97.568
3931.55	97.6982
3933.48	97.5663
3935.41	97.3839
3937.34	97.2792
3939.27	97.2139
3941.2	97.257
3943.13	97.4584
3945.06	97.612
3946.99	97.5356
3948.92	97.3361
3950.85	97.2268
3952.77	97.2281
3954.7	97.1593
3956.63	96.9628
3958.56	96.8483
3960.49	96.9522
3962.42	97.1167
3964.35	97.1873
3966.28	97.1825
3968.21	97.1281
3970.14	97.0609
3972.07	97.0727
3973.99	97.1555
3975.92	97.1923
3977.85	97.1352
3979.78	97.0554
3981.71	97.0498
3983.64	97.1133
3985.57	97.1401
3987.5	97.113
3989.43	97.1058
3991.36	97.0924
3993.29	97.0426
3995.22	97.0697
3997.14	97.1937
