499.643	76.018
501.572	77.3241
503.501	78.0933
505.43	78.4097
507.36	78.9122
509.289	79.8384
511.218	80.6035
513.147	80.6695
515.076	80.3969
517.005	80.3604
518.934	80.5056
520.863	80.5202
522.792	80.4044
524.722	80.3422
526.651	80.5295
528.58	80.8491
530.509	80.8557
532.438	80.4711
534.367	80.1938
536.296	80.3381
538.225	80.652
540.155	80.8722
542.084	81.0145
544.013	81.0602
545.942	80.8933
547.871	80.553
549.8	80.228
551.729	80.0723
553.658	80.1433
555.588	80.3762
557.517	80.6051
559.446	80.7542
561.375	80.874
563.304	80.9061
565.233	80.7298
567.162	80.451
569.091	80.3208
571.021	80.4404
572.95	80.7414
574.879	81.1021
576.808	81.3982
578.737	81.5617
580.666	81.5379
582.595	81.2649
584.524	80.8443
586.454	80.5753
588.383	80.6747
590.312	80.9815
592.241	81.0768
594.17	80.9088
596.099	80.8763
598.028	81.0373
599.957	81.0011
601.887	80.6753
603.816	80.3325
605.745	80.0853
607.674	79.97
609.603	80.0722
611.532	80.2634
613.461	80.3639
615.39	80.4054
617.32	80.3836
619.249	80.2924
621.178	80.3538
623.107	80.6264
625.036	80.862
626.965	81.0222
628.894	81.2985
630.823	81.5959
632.753	81.6691
634.682	81.6289
636.611	81.7648
638.54	82.0915
640.469	82.5024
642.398	83.0322
644.327	83.651
646.256	84.1634
648.186	84.4253
650.115	84.4736
652.044	84.5136
653.973	84.6549
655.902	84.7188
657.831	84.5836
659.76	84.317
661.689	83.9083
663.619	83.575
665.548	83.9419
667.477	85.4584
669.406	86.432
671.335	85.7469
673.264	85.2278
675.193	85.4218
677.122	85.8441
679.052	86.1717
680.981	86.4948
682.91	86.6861
684.839	86.6698
686.768	86.6627
688.697	86.7374
690.626	86.7721
692.555	86.728
694.485	86.6713
696.414	86.6612
698.343	86.6579
700.272	86.5727
702.201	86.4659
704.13	86.4672
706.059	86.4927
707.988	86.4041
709.917	86.3324
711.847	86.4052
713.776	86.4411
715.705	86.3434
717.634	86.3195
719.563	86.3728
721.492	86.1884
723.421	85.7495
725.35	85.355
727.28	85.0466
729.209	84.6265
731.138	84.0508
733.067	83.4339
734.996	82.8585
736.925	82.395
738.854	82.1377
740.783	82.1002
742.713	82.1745
744.642	82.2454
746.571	82.2613
748.5	82.2197
750.429	82.1967
752.358	82.3055
754.287	82.5293
756.216	82.7443
758.146	82.9345
760.075	83.1858
762.004	83.5062
763.933	83.8296
765.862	84.1099
767.791	84.3099
769.72	84.4046
771.649	84.4399
773.579	84.4981
775.508	84.594
777.437	84.6711
779.366	84.7068
781.295	84.7287
783.224	84.7153
785.153	84.5936
787.082	84.3343
789.012	83.9431
790.941	83.4268
792.87	82.8094
794.799	82.0223
796.728	80.776
798.657	78.6325
800.586	75.1668
802.515	70.3204
804.445	65.0127
806.374	61.0969
808.303	60.1185
810.232	62.222
812.161	66.4191
814.09	71.4664
816.019	76.2423
817.948	79.878
819.878	82.072
821.807	83.1149
823.736	83.4933
825.665	83.577
827.594	83.5412
829.523	83.3982
831.452	83.1223
833.381	82.7325
835.311	82.235
837.24	81.6006
839.169	80.8366
841.098	80.016
843.027	79.2656
844.956	78.7615
846.885	78.6589
848.814	78.9778
850.744	79.5818
852.673	80.2757
854.602	80.8992
856.531	81.3548
858.46	81.626
860.389	81.7723
862.318	81.8534
864.247	81.8847
866.177	81.8966
868.106	81.9383
870.035	81.9812
871.964	81.9477
873.893	81.8632
875.822	81.8222
877.751	81.8127
879.68	81.7511
881.609	81.6397
883.539	81.5238
885.468	81.3729
887.397	81.1448
889.326	80.8761
891.255	80.612
893.184	80.3453
895.113	80.0705
897.042	79.8113
898.972	79.5977
900.901	79.4777
902.83	79.4935
904.759	79.5974
906.688	79.6693
908.617	79.6455
910.546	79.5505
912.475	79.4006
914.405	79.1721
916.334	78.8728
918.263	78.5595
920.192	78.2685
922.121	77.9896
924.05	77.7115
925.979	77.4387
927.908	77.1655
929.838	76.8699
931.767	76.5274
933.696	76.1157
935.625	75.6284
937.554	75.0816
939.483	74.485
941.412	73.8149
943.341	73.0166
945.271	72.031
947.2	70.8645
949.129	69.6457
951.058	68.5428
952.987	67.5828
954.916	66.5798
956.845	65.2797
958.774	63.5934
960.704	61.6946
962.633	59.8937
964.562	58.4224
966.491	57.3191
968.42	56.4827
970.349	55.8012
972.278	55.1832
974.207	54.5019
976.137	53.6353
978.066	52.6174
979.995	51.6851
981.924	51.1261
983.853	51.0939
985.782	51.5638
987.711	52.4173
989.64	53.5284
991.57	54.7815
993.499	56.0469
995.428	57.1579
997.357	57.9561
999.286	58.3984
1001.22	58.5532
1003.14	58.4764
1005.07	58.2206
1007	57.9503
1008.93	57.8535
1010.86	57.9498
1012.79	58.1152
1014.72	58.2093
1016.65	58.1046
1018.58	57.7262
1020.51	57.0952
1022.44	56.2722
1024.36	55.3578
1026.29	54.5829
1028.22	54.1947
1030.15	54.1749
1032.08	54.2083
1034.01	53.9674
1035.94	53.3578
1037.87	52.5049
1039.8	51.5834
1041.73	50.6862
1043.66	49.8268
1045.58	49.0001
1047.51	48.1827
1049.44	47.3053
1051.37	46.3172
1053.3	45.2995
1055.23	44.4655
1057.16	44.0489
1059.09	44.2028
1061.02	44.9368
1062.95	46.1109
1064.88	47.5429
1066.81	49.1574
1068.73	51.0257
1070.66	53.253
1072.59	55.8154
1074.52	58.5189
1076.45	61.1407
1078.38	63.5598
1080.31	65.7203
1082.24	67.5496
1084.17	68.9553
1086.1	69.8611
1088.03	70.2579
1089.95	70.224
1091.88	69.8495
1093.81	69.1698
1095.74	68.2294
1097.67	67.1459
1099.6	66.0458
1101.53	64.9893
1103.46	63.9949
1105.39	63.077
1107.32	62.2428
1109.25	61.5184
1111.18	60.9813
1113.1	60.7035
1115.03	60.6796
1116.96	60.8535
1118.89	61.1555
1120.82	61.4777
1122.75	61.6901
1124.68	61.6893
1126.61	61.3661
1128.54	60.5771
1130.47	59.204
1132.4	57.189
1134.32	54.564
1136.25	51.5285
1138.18	48.3903
1140.11	45.38
1142.04	42.6473
1143.97	40.3635
1145.9	38.6393
1147.83	37.4219
1149.76	36.5919
1151.69	36.0696
1153.62	35.802
1155.55	35.7432
1157.47	35.8566
1159.4	36.1028
1161.33	36.4478
1163.26	36.8903
1165.19	37.4415
1167.12	38.0644
1169.05	38.6865
1170.98	39.2907
1172.91	39.9135
1174.84	40.5577
1176.77	41.2102
1178.69	41.9048
1180.62	42.6655
1182.55	43.4659
1184.48	44.3053
1186.41	45.221
1188.34	46.2042
1190.27	47.2105
1192.2	48.2485
1194.13	49.3627
1196.06	50.5453
1197.99	51.7605
1199.91	53.0241
1201.84	54.355
1203.77	55.7068
1205.7	57.037
1207.63	58.356
1209.56	59.6725
1211.49	61.0062
1213.42	62.403
1215.35	63.7871
1217.28	64.9188
1219.21	65.6819
1221.14	66.2626
1223.06	66.8656
1224.99	67.4459
1226.92	67.8447
1228.85	67.993
1230.78	67.8897
1232.71	67.5511
1234.64	67.0226
1236.57	66.3482
1238.5	65.5606
1240.43	64.707
1242.36	63.8188
1244.28	62.9019
1246.21	61.9943
1248.14	61.1601
1250.07	60.4411
1252	59.8618
1253.93	59.434
1255.86	59.1584
1257.79	59.0522
1259.72	59.1276
1261.65	59.363
1263.58	59.7471
1265.51	60.2899
1267.43	60.9845
1269.36	61.822
1271.29	62.7957
1273.22	63.8686
1275.15	64.9943
1277.08	66.14
1279.01	67.2668
1280.94	68.3361
1282.87	69.3135
1284.8	70.1462
1286.73	70.7542
1288.65	71.0319
1290.58	70.9426
1292.51	70.6914
1294.44	70.6932
1296.37	71.2885
1298.3	72.5353
1300.23	74.2617
1302.16	76.2013
1304.09	78.0882
1306.02	79.7364
1307.95	81.073
1309.87	82.1138
1311.8	82.9141
1313.73	83.5256
1315.66	83.9815
1317.59	84.2983
1319.52	84.4863
1321.45	84.5671
1323.38	84.573
1325.31	84.5469
1327.24	84.548
1329.17	84.6143
1331.1	84.7308
1333.02	84.8637
1334.95	85.0177
1336.88	85.2388
1338.81	85.5109
1340.74	85.7011
1342.67	85.7719
1344.6	85.8606
1346.53	86.0389
1348.46	86.2114
1350.39	86.2854
1352.32	86.3041
1354.24	86.3069
1356.17	86.254
1358.1	86.1871
1360.03	86.2152
1361.96	86.2738
1363.89	86.1834
1365.82	85.9763
1367.75	85.7388
1369.68	85.4679
1371.61	85.2042
1373.54	84.8559
1375.47	84.2115
1377.39	83.4538
1379.32	82.8948
1381.25	82.5128
1383.18	82.1932
1385.11	81.8235
1387.04	81.168
1388.97	80.2567
1390.9	79.4242
1392.83	78.6711
1394.76	77.8408
1396.69	76.7537
1398.61	75.1051
1400.54	72.9416
1402.47	70.5678
1404.4	68.1867
1406.33	66.5872
1408.26	66.6422
1410.19	68.3379
1412.12	71.2606
1414.05	74.4641
1415.98	77.451
1417.91	80.5936
1419.83	83.3874
1421.76	85.0583
1423.69	86.1324
1425.62	86.9404
1427.55	87.4089
1429.48	87.5508
1431.41	87.4226
1433.34	87.1982
1435.27	87.0015
1437.2	86.6624
1439.13	86.059
1441.06	85.3173
1442.98	84.4861
1444.91	83.6597
1446.84	82.9247
1448.77	82.2213
1450.7	81.6496
1452.63	81.427
1454.56	81.5999
1456.49	81.9519
1458.42	81.7147
1460.35	81.0608
1462.28	80.6328
1464.2	80.377
1466.13	80.1663
1468.06	80.2422
1469.99	80.8884
1471.92	82.1376
1473.85	83.4072
1475.78	84.3313
1477.71	85.4178
1479.64	86.7939
1481.57	88.2452
1483.5	89.6051
1485.43	90.8572
1487.35	92.103
1489.28	93.1804
1491.21	93.6521
1493.14	93.8314
1495.07	94.1861
1497	94.652
1498.93	94.886
1500.86	94.9255
1502.79	95.05
1504.72	95.4873
1506.65	96.2145
1508.57	96.2373
1510.5	95.673
1512.43	95.4049
1514.36	95.595
1516.29	95.9989
1518.22	96.346
1520.15	96.6282
1522.08	96.775
1524.01	96.704
1525.94	96.4992
1527.87	96.2811
1529.8	96.2086
1531.72	96.3447
1533.65	96.5049
1535.58	96.5328
1537.51	96.7227
1539.44	97.32
1541.37	97.6613
1543.3	97.1782
1545.23	96.6715
1547.16	96.4601
1549.09	96.457
1551.02	96.4956
1552.94	96.4988
1554.87	96.6383
1556.8	97.1123
1558.73	97.5138
1560.66	97.0807
1562.59	96.5397
1564.52	96.2749
1566.45	96.2323
1568.38	96.2997
1570.31	96.2283
1572.24	96.0757
1574.16	96.1299
1576.09	96.2866
1578.02	96.1174
1579.95	95.7889
1581.88	95.6009
1583.81	95.5016
1585.74	95.4039
1587.67	95.3297
1589.6	95.2799
1591.53	95.2301
1593.46	95.1912
1595.39	95.1302
1597.31	94.9835
1599.24	94.804
1601.17	94.6543
1603.1	94.4178
1605.03	94.0321
1606.96	93.6263
1608.89	93.0966
1610.82	92.2525
1612.75	91.3897
1614.68	90.7421
1616.61	90.1351
1618.53	89.6454
1620.46	89.6276
1622.39	89.9957
1624.32	90.2824
1626.25	90.1993
1628.18	89.7475
1630.11	88.9192
1632.04	88.108
1633.97	87.8953
1635.9	88.5484
1637.83	89.5282
1639.76	90.5122
1641.68	91.6117
1643.61	92.6943
1645.54	93.6735
1647.47	94.2754
1649.4	94.366
1651.33	94.4937
1653.26	94.7875
1655.19	94.4798
1657.12	93.9443
1659.05	93.6941
1660.98	93.6231
1662.9	93.4248
1664.83	93.1006
1666.76	92.9815
1668.69	93.0587
1670.62	92.8499
1672.55	92.3777
1674.48	91.9618
1676.41	91.3221
1678.34	90.5055
1680.27	89.9405
1682.2	89.4667
1684.12	88.6157
1686.05	87.4119
1687.98	85.9984
1689.91	84.414
1691.84	82.8459
1693.77	81.1415
1695.7	79.139
1697.63	76.8783
1699.56	73.7014
1701.49	69.7315
1703.42	66.2075
1705.35	62.7119
1707.27	58.6902
1709.2	55.0664
1711.13	52.2866
1713.06	49.9596
1714.99	48.1344
1716.92	46.4563
1718.85	44.3538
1720.78	42.8955
1722.71	42.4609
1724.64	42.5912
1726.57	43.3651
1728.49	44.8324
1730.42	46.6482
1732.35	49.0569
1734.28	52.1522
1736.21	54.8074
1738.14	57.1871
1740.07	60.133
1742	63.4202
1743.93	66.5373
1745.86	69.7428
1747.79	73.2665
1749.72	76.9206
1751.64	80.2712
1753.57	83.103
1755.5	85.696
1757.43	88.2558
1759.36	90.4502
1761.29	92.0434
1763.22	93.2239
1765.15	94.017
1767.08	94.5033
1769.01	95.0542
1770.94	95.6993
1772.86	96.0097
1774.79	95.9951
1776.72	95.9417
1778.65	95.8934
1780.58	95.887
1782.51	95.9347
1784.44	95.9975
1786.37	96.1152
1788.3	96.3131
1790.23	96.5735
1792.16	96.7942
1794.08	96.7722
1796.01	96.6591
1797.94	96.7042
1799.87	96.8135
1801.8	96.8267
1803.73	96.8315
1805.66	96.8766
1807.59	96.9263
1809.52	96.9698
1811.45	96.9098
1813.38	96.7617
1815.31	96.7248
1817.23	96.8169
1819.16	96.9341
1821.09	97.108
1823.02	97.3056
1824.95	97.3974
1826.88	97.4697
1828.81	97.6148
1830.74	97.643
1832.67	97.4898
1834.6	97.3754
1836.53	97.3928
1838.45	97.4459
1840.38	97.4896
1842.31	97.6126
1844.24	97.7844
1846.17	97.8162
1848.1	97.7827
1850.03	97.8239
1851.96	97.8384
1853.89	97.765
1855.82	97.7203
1857.75	97.7317
1859.68	97.7271
1861.6	97.7086
1863.53	97.7538
1865.46	97.9678
1867.39	98.3299
1869.32	98.5195
1871.25	98.3651
1873.18	98.1605
1875.11	98.0872
1877.04	98.1104
1878.97	98.1923
1880.9	98.3095
1882.82	98.4208
1884.75	98.4979
1886.68	98.5147
1888.61	98.4551
1890.54	98.3762
1892.47	98.3747
1894.4	98.4747
1896.33	98.6171
1898.26	98.731
1900.19	98.7975
1902.12	98.8129
1904.05	98.7655
1905.97	98.6952
1907.9	98.6882
1909.83	98.7869
1911.76	98.8901
1913.69	98.8725
1915.62	98.8424
1917.55	99.008
1919.48	99.2596
1921.41	99.3199
1923.34	99.2166
1925.27	99.1112
1927.19	99.0474
1929.12	99.0489
1931.05	99.1042
1932.98	99.0947
1934.91	99.0043
1936.84	99.0088
1938.77	99.213
1940.7	99.4903
1942.63	99.6423
1944.56	99.6601
1946.49	99.6759
1948.41	99.6767
1950.34	99.613
1952.27	99.5807
1954.2	99.6518
1956.13	99.8344
1958.06	100.169
1959.99	100.51
1961.92	100.561
1963.85	100.391
1965.78	100.352
1967.71	100.518
1969.64	100.664
1971.56	100.624
1973.49	100.374
1975.42	100.077
1977.35	100.057
1979.28	100.372
1981.21	100.66
1983.14	100.671
1985.07	100.558
1987	100.467
1988.93	100.305
1990.86	100.068
1992.78	99.9387
1994.71	99.9529
1996.64	100.028
1998.57	100.209
2000.5	100.445
2002.43	100.46
2004.36	100.233
2006.29	100.114
2008.22	100.221
2010.15	100.314
2012.08	100.333
2014.01	100.413
2015.93	100.557
2017.86	100.701
2019.79	100.768
2021.72	100.632
2023.65	100.371
2025.58	100.236
2027.51	100.209
2029.44	100.151
2031.37	100.177
2033.3	100.333
2035.23	100.432
2037.15	100.452
2039.08	100.476
2041.01	100.416
2042.94	100.277
2044.87	100.242
2046.8	100.342
2048.73	100.457
2050.66	100.469
2052.59	100.25
2054.52	99.8366
2056.45	99.5192
2058.37	99.4592
2060.3	99.5459
2062.23	99.7134
2064.16	99.9186
2066.09	99.9661
2068.02	99.8479
2069.95	99.8393
2071.88	99.9423
2073.81	99.8495
2075.74	99.5361
2077.67	99.2835
2079.6	99.237
2081.52	99.3388
2083.45	99.4576
2085.38	99.4557
2087.31	99.3364
2089.24	99.2651
2091.17	99.3467
2093.1	99.4806
2095.03	99.4855
2096.96	99.3561
2098.89	99.2674
2100.82	99.2914
2102.74	99.3969
2104.67	99.6162
2106.6	99.8259
2108.53	99.7486
2110.46	99.4789
2112.39	99.3817
2114.32	99.4556
2116.25	99.4558
2118.18	99.3744
2120.11	99.3237
2122.04	99.3258
2123.97	99.3804
2125.89	99.4576
2127.82	99.5209
2129.75	99.6238
2131.68	99.7991
2133.61	99.9764
2135.54	100.099
2137.47	100.137
2139.4	100.087
2141.33	100.104
2143.26	100.348
2145.19	100.653
2147.11	100.669
2149.04	100.35
2150.97	100.006
2152.9	99.9141
2154.83	100.063
2156.76	100.298
2158.69	100.53
2160.62	100.726
2162.55	100.734
2164.48	100.426
2166.41	100.036
2168.33	99.9369
2170.26	100.071
2172.19	100.108
2174.12	100.03
2176.05	100.083
2177.98	100.353
2179.91	100.655
2181.84	100.658
2183.77	100.24
2185.7	99.7854
2187.63	99.6938
2189.56	99.7775
2191.48	99.6913
2193.41	99.5855
2195.34	99.7576
2197.27	100.072
2199.2	100.264
2201.13	100.391
2203.06	100.486
2204.99	100.333
2206.92	100.03
2208.85	99.957
2210.78	99.996
2212.7	99.8245
2214.63	99.7108
2216.56	99.9029
2218.49	100.007
2220.42	99.8405
2222.35	99.7749
2224.28	99.8572
2226.21	99.804
2228.14	99.7056
2230.07	99.7616
2232	99.8242
2233.93	99.7698
2235.85	99.743
2237.78	99.8189
2239.71	99.8952
2241.64	99.9013
2243.57	99.8219
2245.5	99.6428
2247.43	99.4373
2249.36	99.3467
2251.29	99.4103
2253.22	99.5498
2255.15	99.6802
2257.07	99.7399
2259	99.7438
2260.93	99.8143
2262.86	99.9717
2264.79	100.03
2266.72	99.9153
2268.65	99.8433
2270.58	99.9729
2272.51	100.158
2274.44	100.195
2276.37	100.104
2278.29	100.015
2280.22	99.9127
2282.15	99.7354
2284.08	99.614
2286.01	99.7131
2287.94	99.9308
2289.87	100.097
2291.8	100.299
2293.73	100.669
2295.66	101.115
2297.59	101.509
2299.52	101.853
2301.44	102.165
2303.37	102.493
2305.3	102.999
2307.23	103.763
2309.16	104.594
2311.09	105.244
2313.02	105.744
2314.95	106.349
2316.88	107.204
2318.81	108.199
2320.74	109.209
2322.66	110.285
2324.59	111.441
2326.52	112.509
2328.45	113.312
2330.38	113.735
2332.31	113.819
2334.24	113.927
2336.17	114.319
2338.1	114.843
2340.03	115.476
2341.96	116.142
2343.89	115.549
2345.81	113.172
2347.74	111.289
2349.67	111.267
2351.6	112.927
2353.53	115.674
2355.46	118.653
2357.39	121.33
2359.32	123.013
2361.25	122.712
2363.18	120.988
2365.11	119.063
2367.03	117.196
2368.96	115.079
2370.89	112.617
2372.82	109.981
2374.75	107.367
2376.68	105.075
2378.61	103.358
2380.54	102.034
2382.47	100.778
2384.4	99.6287
2386.33	98.8186
2388.26	98.3788
2390.18	98.1679
2392.11	98.0659
2394.04	98.0094
2395.97	97.9989
2397.9	98.0571
2399.83	98.092
2401.76	97.9847
2403.69	97.8445
2405.62	97.8916
2407.55	98.095
2409.48	98.2386
2411.4	98.2766
2413.33	98.2861
2415.26	98.2106
2417.19	97.9976
2419.12	97.824
2421.05	97.8674
2422.98	98.0328
2424.91	98.1423
2426.84	98.1955
2428.77	98.2537
2430.7	98.2782
2432.62	98.241
2434.55	98.2106
2436.48	98.2231
2438.41	98.2368
2440.34	98.2278
2442.27	98.1904
2444.2	98.1315
2446.13	98.1154
2448.06	98.1409
2449.99	98.0829
2451.92	97.9698
2453.85	98.0161
2455.77	98.2085
2457.7	98.2889
2459.63	98.2091
2461.56	98.161
2463.49	98.2051
2465.42	98.2302
2467.35	98.1803
2469.28	98.1092
2471.21	98.0786
2473.14	98.0677
2475.07	98.0054
2476.99	97.9176
2478.92	97.9322
2480.85	98.0718
2482.78	98.1904
2484.71	98.178
2486.64	98.0924
2488.57	98.0563
2490.5	98.0974
2492.43	98.1155
2494.36	98.0502
2496.29	98.0406
2498.22	98.2044
2500.14	98.3426
2502.07	98.2526
2504	98.1552
2505.93	98.281
2507.86	98.3775
2509.79	98.214
2511.72	98.0688
2513.65	98.1642
2515.58	98.2519
2517.51	98.1636
2519.44	98.108
2521.36	98.1894
2523.29	98.2297
2525.22	98.1377
2527.15	98.0148
2529.08	97.9531
2531.01	97.9772
2532.94	98.0443
2534.87	98.0526
2536.8	98.0073
2538.73	98.0395
2540.66	98.1384
2542.58	98.1419
2544.51	98.0387
2546.44	97.9662
2548.37	97.9631
2550.3	97.9752
2552.23	97.978
2554.16	97.9602
2556.09	97.9277
2558.02	97.943
2559.95	98.0312
2561.88	98.0804
2563.81	97.9833
2565.73	97.8503
2567.66	97.8585
2569.59	97.922
2571.52	97.8522
2573.45	97.755
2575.38	97.8145
2577.31	97.8957
2579.24	97.8222
2581.17	97.7111
2583.1	97.6844
2585.03	97.6759
2586.95	97.675
2588.88	97.7411
2590.81	97.8145
2592.74	97.8324
2594.67	97.8479
2596.6	97.8527
2598.53	97.7583
2600.46	97.5992
2602.39	97.4768
2604.32	97.3907
2606.25	97.3375
2608.18	97.3682
2610.1	97.4265
2612.03	97.389
2613.96	97.2805
2615.89	97.2192
2617.82	97.2338
2619.75	97.2738
2621.68	97.2706
2623.61	97.1734
2625.54	97.0314
2627.47	96.9663
2629.4	97.0147
2631.32	97.0985
2633.25	97.1292
2635.18	97.063
2637.11	96.9292
2639.04	96.8371
2640.97	96.8546
2642.9	96.8911
2644.83	96.8347
2646.76	96.7401
2648.69	96.7102
2650.62	96.7023
2652.54	96.6428
2654.47	96.581
2656.4	96.5656
2658.33	96.5518
2660.26	96.5228
2662.19	96.5181
2664.12	96.5355
2666.05	96.5444
2667.98	96.5402
2669.91	96.5147
2671.84	96.4553
2673.77	96.3919
2675.69	96.3733
2677.62	96.3983
2679.55	96.4157
2681.48	96.4017
2683.41	96.3988
2685.34	96.4302
2687.27	96.4306
2689.2	96.3511
2691.13	96.2681
2693.06	96.2785
2694.99	96.3521
2696.91	96.3972
2698.84	96.4088
2700.77	96.428
2702.7	96.4225
2704.63	96.3439
2706.56	96.2321
2708.49	96.1544
2710.42	96.1194
2712.35	96.1069
2714.28	96.1038
2716.21	96.1115
2718.14	96.1351
2720.06	96.1452
2721.99	96.121
2723.92	96.1098
2725.85	96.1016
2727.78	96.002
2729.71	95.8688
2731.64	95.8704
2733.57	95.9481
2735.5	95.9119
2737.43	95.8075
2739.36	95.8096
2741.28	95.9145
2743.21	95.9982
2745.14	96.0061
2747.07	95.958
2749	95.8871
2750.93	95.8367
2752.86	95.8553
2754.79	95.921
2756.72	95.924
2758.65	95.8281
2760.58	95.7331
2762.51	95.7021
2764.43	95.7121
2766.36	95.7309
2768.29	95.6911
2770.22	95.58
2772.15	95.5322
2774.08	95.5751
2776.01	95.5661
2777.94	95.5313
2779.87	95.5924
2781.8	95.6424
2783.73	95.5672
2785.65	95.4629
2787.58	95.385
2789.51	95.3062
2791.44	95.2754
2793.37	95.3149
2795.3	95.3756
2797.23	95.4106
2799.16	95.3346
2801.09	95.1671
2803.02	95.1258
2804.95	95.2414
2806.87	95.2645
2808.8	95.1421
2810.73	95.0357
2812.66	94.9521
2814.59	94.8455
2816.52	94.7771
2818.45	94.7278
2820.38	94.605
2822.31	94.4174
2824.24	94.2164
2826.17	94.053
2828.1	94.0053
2830.02	94.0226
2831.95	93.8975
2833.88	93.5648
2835.81	93.2057
2837.74	92.9861
2839.67	92.8838
2841.6	92.7646
2843.53	92.5187
2845.46	92.1616
2847.39	91.797
2849.32	91.4582
2851.24	91.0927
2853.17	90.6792
2855.1	90.1961
2857.03	89.6053
2858.96	89.0051
2860.89	88.538
2862.82	88.117
2864.75	87.6018
2866.68	87.0992
2868.61	86.7069
2870.54	86.3189
2872.47	85.9811
2874.39	85.9583
2876.32	86.294
2878.25	86.7428
2880.18	87.1214
2882.11	87.4258
2884.04	87.7025
2885.97	87.9638
2887.9	88.1625
2889.83	88.2388
2891.76	88.1703
2893.69	87.9643
2895.61	87.7042
2897.54	87.52
2899.47	87.4167
2901.4	87.3248
2903.33	87.2718
2905.26	87.2509
2907.19	87.1478
2909.12	86.9805
2911.05	86.8681
2912.98	86.7506
2914.91	86.5008
2916.83	86.1676
2918.76	85.8499
2920.69	85.5382
2922.62	85.1891
2924.55	84.7669
2926.48	84.2301
2928.41	83.6206
2930.34	83.1279
2932.27	82.9379
2934.2	83.026
2936.13	83.249
2938.06	83.5985
2939.98	84.0929
2941.91	84.5448
2943.84	84.7757
2945.77	84.8326
2947.7	84.7247
2949.63	84.3208
2951.56	83.6792
2953.49	83.0999
2955.42	82.7875
2957.35	82.7217
2959.28	82.8276
2961.2	83.125
2963.13	83.7031
2965.06	84.5822
2966.99	85.645
2968.92	86.739
2970.85	87.8066
2972.78	88.8478
2974.71	89.78
2976.64	90.491
2978.57	91.0563
2980.5	91.6421
2982.43	92.2069
2984.35	92.6408
2986.28	93.0326
2988.21	93.4554
2990.14	93.804
2992.07	94.0479
2994	94.2616
2995.93	94.4606
2997.86	94.6811
2999.79	94.9459
3001.72	95.1547
3003.65	95.3211
3005.57	95.576
3007.5	95.7832
3009.43	95.7287
3011.36	95.5849
3013.29	95.599
3015.22	95.6884
3017.15	95.7537
3019.08	95.906
3021.01	96.1658
3022.94	96.3561
3024.87	96.3644
3026.79	96.2739
3028.72	96.2166
3030.65	96.2035
3032.58	96.1647
3034.51	96.0956
3036.44	96.0458
3038.37	96.0415
3040.3	96.0786
3042.23	96.0816
3044.16	95.9662
3046.09	95.8439
3048.02	95.9157
3049.94	96.1412
3051.87	96.3047
3053.8	96.3416
3055.73	96.3556
3057.66	96.3995
3059.59	96.393
3061.52	96.279
3063.45	96.1829
3065.38	96.2528
3067.31	96.3928
3069.24	96.3965
3071.16	96.2799
3073.09	96.2187
3075.02	96.2397
3076.95	96.2513
3078.88	96.2907
3080.81	96.4154
3082.74	96.4779
3084.67	96.3606
3086.6	96.1876
3088.53	96.0585
3090.46	96.0038
3092.39	96.1678
3094.31	96.4811
3096.24	96.5208
3098.17	96.1958
3100.1	95.8895
3102.03	95.7405
3103.96	95.6172
3105.89	95.5878
3107.82	95.6957
3109.75	95.713
3111.68	95.581
3113.61	95.6006
3115.53	95.9034
3117.46	96.1714
3119.39	96.124
3121.32	95.9198
3123.25	95.81
3125.18	95.777
3127.11	95.7924
3129.04	95.9729
3130.97	96.2516
3132.9	96.3435
3134.83	96.1444
3136.75	95.8666
3138.68	95.7529
3140.61	95.7977
3142.54	95.8362
3144.47	95.8815
3146.4	96.0242
3148.33	96.0542
3150.26	95.8131
3152.19	95.6096
3154.12	95.6254
3156.05	95.6029
3157.98	95.5084
3159.9	95.5718
3161.83	95.7065
3163.76	95.7584
3165.69	95.7973
3167.62	95.7149
3169.55	95.4061
3171.48	95.2365
3173.41	95.4328
3175.34	95.6015
3177.27	95.4841
3179.2	95.3606
3181.12	95.3861
3183.05	95.3358
3184.98	95.1175
3186.91	94.9652
3188.84	95.0501
3190.77	95.2109
3192.7	95.2223
3194.63	95.1386
3196.56	95.1039
3198.49	95.06
3200.42	94.9634
3202.35	94.936
3204.27	94.9703
3206.2	94.9081
3208.13	94.7544
3210.06	94.6277
3211.99	94.5238
3213.92	94.4265
3215.85	94.4258
3217.78	94.5446
3219.71	94.671
3221.64	94.7292
3223.57	94.7343
3225.49	94.6987
3227.42	94.6095
3229.35	94.4599
3231.28	94.2846
3233.21	94.1862
3235.14	94.202
3237.07	94.1644
3239	93.9334
3240.93	93.6739
3242.86	93.6054
3244.79	93.6749
3246.72	93.735
3248.64	93.8146
3250.57	93.9713
3252.5	94.0675
3254.43	93.9492
3256.36	93.7422
3258.29	93.6706
3260.22	93.6848
3262.15	93.6092
3264.08	93.4895
3266.01	93.4728
3267.94	93.5384
3269.86	93.5425
3271.79	93.4079
3273.72	93.2467
3275.65	93.2232
3277.58	93.2605
3279.51	93.1793
3281.44	93.0409
3283.37	92.9725
3285.3	92.9434
3287.23	92.9341
3289.16	92.9195
3291.08	92.7833
3293.01	92.5762
3294.94	92.4698
3296.87	92.4305
3298.8	92.4079
3300.73	92.5047
3302.66	92.6386
3304.59	92.59
3306.52	92.4169
3308.45	92.2895
3310.38	92.1615
3312.31	91.9802
3314.23	91.9008
3316.16	92.0425
3318.09	92.236
3320.02	92.2164
3321.95	92.0165
3323.88	91.8854
3325.81	91.8547
3327.74	91.7857
3329.67	91.7113
3331.6	91.7138
3333.53	91.713
3335.45	91.6552
3337.38	91.6037
3339.31	91.5721
3341.24	91.5371
3343.17	91.528
3345.1	91.5611
3347.03	91.6066
3348.96	91.6253
3350.89	91.5863
3352.82	91.5066
3354.75	91.4259
3356.68	91.3564
3358.6	91.3216
3360.53	91.3255
3362.46	91.2883
3364.39	91.1562
3366.32	90.9806
3368.25	90.8366
3370.18	90.8097
3372.11	90.985
3374.04	91.3149
3375.97	91.5887
3377.9	91.6145
3379.82	91.4356
3381.75	91.298
3383.68	91.3216
3385.61	91.3692
3387.54	91.3308
3389.47	91.2576
3391.4	91.2021
3393.33	91.1812
3395.26	91.1713
3397.19	91.0888
3399.12	90.9719
3401.04	91.0082
3402.97	91.2326
3404.9	91.4636
3406.83	91.5541
3408.76	91.4904
3410.69	91.3443
3412.62	91.2273
3414.55	91.1785
3416.48	91.1537
3418.41	91.1611
3420.34	91.2401
3422.27	91.3383
3424.19	91.3734
3426.12	91.3404
3428.05	91.295
3429.98	91.3084
3431.91	91.3682
3433.84	91.3402
3435.77	91.1724
3437.7	91.0294
3439.63	91.0709
3441.56	91.2364
3443.49	91.3592
3445.41	91.3877
3447.34	91.3985
3449.27	91.4558
3451.2	91.5237
3453.13	91.5433
3455.06	91.5567
3456.99	91.6251
3458.92	91.6417
3460.85	91.5173
3462.78	91.4515
3464.71	91.5894
3466.64	91.6957
3468.56	91.6179
3470.49	91.5555
3472.42	91.5932
3474.35	91.5772
3476.28	91.4886
3478.21	91.4071
3480.14	91.3117
3482.07	91.2544
3484	91.3768
3485.93	91.6483
3487.86	91.8892
3489.78	91.9434
3491.71	91.7783
3493.64	91.5503
3495.57	91.453
3497.5	91.4739
3499.43	91.4929
3501.36	91.5232
3503.29	91.5903
3505.22	91.5984
3507.15	91.5064
3509.08	91.3734
3511	91.2557
3512.93	91.2255
3514.86	91.3166
3516.79	91.4497
3518.72	91.5477
3520.65	91.6231
3522.58	91.6801
3524.51	91.724
3526.44	91.8324
3528.37	91.9941
3530.3	92.0322
3532.23	91.8825
3534.15	91.7225
3536.08	91.6798
3538.01	91.6526
3539.94	91.6318
3541.87	91.8494
3543.8	92.2293
3545.73	92.2437
3547.66	91.9146
3549.59	91.9574
3551.52	92.4224
3553.45	92.6652
3555.37	92.5194
3557.3	92.3893
3559.23	92.4237
3561.16	92.5633
3563.09	92.8244
3565.02	93.2006
3566.95	93.6124
3568.88	93.8949
3570.81	93.9345
3572.74	93.883
3574.67	94.0214
3576.6	94.4064
3578.52	94.7991
3580.45	95.0579
3582.38	95.1951
3584.31	95.1839
3586.24	95.0448
3588.17	95.0488
3590.1	95.4517
3592.03	96.1201
3593.96	96.783
3595.89	97.1364
3597.82	97.122
3599.74	96.9211
3601.67	96.6545
3603.6	96.4925
3605.53	96.5208
3607.46	96.5839
3609.39	96.685
3611.32	97.1018
3613.25	97.6047
3615.18	97.5922
3617.11	97.1994
3619.04	97.1072
3620.97	97.401
3622.89	97.6239
3624.82	97.7082
3626.75	97.8533
3628.68	98.1716
3630.61	98.4186
3632.54	98.2304
3634.47	97.7156
3636.4	97.2625
3638.33	97.0491
3640.26	96.9003
3642.19	96.768
3644.11	96.8316
3646.04	97.2483
3647.97	98.1059
3649.9	98.7711
3651.83	98.4184
3653.76	97.8186
3655.69	97.5665
3657.62	97.4493
3659.55	97.2398
3661.48	97.1724
3663.41	97.279
3665.33	97.3754
3667.26	97.6483
3669.19	98.2281
3671.12	98.4786
3673.05	98.2501
3674.98	98.1768
3676.91	98.0616
3678.84	97.5606
3680.77	97.2757
3682.7	97.4803
3684.63	97.8004
3686.56	98.0282
3688.48	98.4159
3690.41	98.8352
3692.34	98.8298
3694.27	98.6697
3696.2	98.6565
3698.13	98.6569
3700.06	98.5063
3701.99	98.3161
3703.92	98.2402
3705.85	98.2733
3707.78	98.4546
3709.7	98.7948
3711.63	98.9276
3713.56	98.6022
3715.49	98.2465
3717.42	98.1431
3719.35	98.2984
3721.28	98.7069
3723.21	99.233
3725.14	99.4959
3727.07	99.3421
3729	99.169
3730.93	99.2538
3732.85	99.3541
3734.78	99.1542
3736.71	98.954
3738.64	99.0963
3740.57	99.2953
3742.5	99.2674
3744.43	99.0156
3746.36	98.9053
3748.29	99.0646
3750.22	99.1689
3752.15	98.8613
3754.07	98.3488
3756	97.999
3757.93	97.8721
3759.86	97.9149
3761.79	97.9588
3763.72	97.9323
3765.65	97.9057
3767.58	97.9061
3769.51	97.852
3771.44	97.6622
3773.37	97.4127
3775.29	97.3115
3777.22	97.4664
3779.15	97.6978
3781.08	97.7255
3783.01	97.6071
3784.94	97.4611
3786.87	97.2405
3788.8	97.0709
3790.73	97.1865
3792.66	97.4925
3794.59	97.6817
3796.52	97.7325
3798.44	97.9426
3800.37	98.2944
3802.3	98.2762
3804.23	97.8425
3806.16	97.5628
3808.09	97.6011
3810.02	97.637
3811.95	97.5542
3813.88	97.5482
3815.81	97.7476
3817.74	98.015
3819.66	98.1605
3821.59	98.1585
3823.52	98.1097
3825.45	98.0579
3827.38	97.9204
3829.31	97.7406
3831.24	97.6684
3833.17	97.6805
3835.1	97.754
3837.03	98.0527
3838.96	98.4447
3840.89	98.4537
3842.81	98.1215
3844.74	97.7729
3846.67	97.5009
3848.6	97.353
3850.53	97.5304
3852.46	98.2327
3854.39	98.7866
3856.32	98.3592
3858.25	97.751
3860.18	97.5755
3862.11	97.7388
3864.03	97.8424
3865.96	97.8702
3867.89	98.072
3869.82	98.3272
3871.75	98.3591
3873.68	98.1378
3875.61	97.8121
3877.54	97.5916
3879.47	97.6103
3881.4	97.7025
3883.33	97.7053
3885.25	97.7532
3887.18	97.7788
3889.11	97.5494
3891.04	97.2208
3892.97	97.1273
3894.9	97.2572
3896.83	97.4346
3898.76	97.6533
3900.69	97.8773
3902.62	97.9962
3904.55	97.9611
3906.48	97.7158
3908.4	97.3315
3910.33	97.0475
3912.26	97.0482
3914.19	97.273
3916.12	97.5061
3918.05	97.6026
3919.98	97.5707
3921.91	97.4897
3923.84	97.385
3925.77	97.3101
3927.7	97.3862
3929.62	97.5874
3931.55	97.6772
3933.48	97.5233
3935.41	97.3118
3937.34	97.1936
3939.27	97.155
3941.2	97.223
3943.13	97.4238
3945.06	97.6242
3946.99	97.6616
3948.92	97.5111
3950.85	97.2922
3952.77	97.147
3954.7	97.0516
3956.63	96.9151
3958.56	96.8236
3960.49	96.9356
3962.42	97.1913
3964.35	97.3725
3966.28	97.3751
3968.21	97.2599
3970.14	97.1266
3972.07	97.0327
3973.99	96.9991
3975.92	97.0314
3977.85	97.0811
3979.78	97.0831
3981.71	97.0604
3983.64	97.054
3985.57	97.0361
3987.5	97.0149
3989.43	97.0458
3991.36	97.1091
3993.29	97.1676
3995.22	97.2456
3997.14	97.3147
