499.643	76.1741
501.572	76.5891
503.501	77.2128
505.43	77.9222
507.36	78.6422
509.289	79.6415
511.218	80.4625
513.147	80.5103
515.076	80.2837
517.005	80.3371
518.934	80.3071
520.863	80.0084
522.792	79.8774
524.722	80.1023
526.651	80.5212
528.58	80.8738
530.509	80.8794
532.438	80.5608
534.367	80.3439
536.296	80.4193
538.225	80.5092
540.155	80.4944
542.084	80.5726
544.013	80.7339
545.942	80.7277
547.871	80.5119
549.8	80.288
551.729	80.2249
553.658	80.3622
555.588	80.5955
557.517	80.7229
559.446	80.6923
561.375	80.6533
563.304	80.6458
565.233	80.5458
567.162	80.3782
569.091	80.3526
571.021	80.559
572.95	80.8655
574.879	81.1185
576.808	81.301
578.737	81.4525
580.666	81.4615
582.595	81.158
584.524	80.6779
586.454	80.4483
588.383	80.6638
590.312	80.9816
592.241	80.9493
594.17	80.7128
596.099	80.7484
598.028	80.968
599.957	80.912
601.887	80.5974
603.816	80.3441
605.745	80.1508
607.674	79.9802
609.603	80.0003
611.532	80.1766
613.461	80.3206
615.39	80.4154
617.32	80.4166
619.249	80.3172
621.178	80.3903
623.107	80.6804
625.036	80.8616
626.965	80.9393
628.894	81.2187
630.823	81.5792
632.753	81.6809
634.682	81.6063
636.611	81.6624
638.54	81.9395
640.469	82.4019
642.398	83.0012
644.327	83.5977
646.256	84.0536
648.186	84.313
650.115	84.4015
652.044	84.4892
653.973	84.6443
655.902	84.6668
657.831	84.5009
659.76	84.248
661.689	83.8445
663.619	83.5117
665.548	83.921
667.477	85.4867
669.406	86.43
671.335	85.7076
673.264	85.18
675.193	85.3577
677.122	85.7763
679.052	86.1534
680.981	86.553
682.91	86.7702
684.839	86.6912
686.768	86.5986
688.697	86.6608
690.626	86.7477
692.555	86.7314
694.485	86.6564
696.414	86.6278
698.343	86.63
700.272	86.5695
702.201	86.4858
704.13	86.479
706.059	86.479
707.988	86.3956
709.917	86.3599
711.847	86.4553
713.776	86.477
715.705	86.3388
717.634	86.2799
719.563	86.3318
721.492	86.1633
723.421	85.7286
725.35	85.3394
727.28	85.0533
729.209	84.6603
731.138	84.1077
733.067	83.5079
734.996	82.9292
736.925	82.4329
738.854	82.1234
740.783	82.046
742.713	82.1244
744.642	82.2251
746.571	82.2498
748.5	82.1966
750.429	82.1709
752.358	82.2846
754.287	82.5094
756.216	82.7175
758.146	82.8887
760.075	83.1279
762.004	83.4687
763.933	83.8183
765.862	84.0972
767.791	84.2981
769.72	84.4176
771.649	84.4535
773.579	84.4682
775.508	84.5355
777.437	84.6295
779.366	84.6806
781.295	84.6894
783.224	84.6621
785.153	84.5455
787.082	84.3041
789.012	83.9393
790.941	83.45
792.87	82.8444
794.799	82.0521
796.728	80.7975
798.657	78.65
800.586	75.1808
802.515	70.331
804.445	65.0242
806.374	61.1016
808.303	60.0962
810.232	62.182
812.161	66.4038
814.09	71.4843
816.019	76.2501
817.948	79.8439
819.878	82.0069
821.807	83.05
823.736	83.4526
825.665	83.5491
827.594	83.4964
829.523	83.3532
831.452	83.125
833.381	82.7729
835.311	82.2594
837.24	81.6021
839.169	80.8495
841.098	80.0457
843.027	79.2836
844.956	78.747
846.885	78.6199
848.814	78.9409
850.744	79.5608
852.673	80.2589
854.602	80.8757
856.531	81.3292
858.46	81.6038
860.389	81.7579
862.318	81.8577
864.247	81.9085
866.177	81.9119
868.106	81.9125
870.035	81.9231
871.964	81.9069
873.893	81.871
875.822	81.8557
877.751	81.832
879.68	81.742
881.609	81.6143
883.539	81.5068
885.468	81.3832
887.397	81.1723
889.326	80.8942
891.255	80.6151
893.184	80.3467
895.113	80.0725
897.042	79.8036
898.972	79.5788
900.901	79.4602
902.83	79.4879
904.759	79.597
906.688	79.6629
908.617	79.6407
910.546	79.5603
912.475	79.414
914.405	79.1712
916.334	78.8643
918.263	78.557
920.192	78.2631
922.121	77.9655
924.05	77.6747
925.979	77.4135
927.908	77.1693
929.838	76.8959
931.767	76.556
933.696	76.1406
935.625	75.6509
937.554	75.0874
939.483	74.4661
941.412	73.7964
943.341	73.018
945.271	72.032
947.2	70.8484
949.129	69.6328
951.058	68.546
952.987	67.576
954.916	66.5443
956.845	65.2426
958.774	63.5892
960.704	61.7124
962.633	59.8947
964.562	58.398
966.491	57.2959
968.42	56.4761
970.349	55.8037
972.278	55.1926
974.207	54.5188
976.137	53.645
978.066	52.6126
979.995	51.6835
981.924	51.139
983.853	51.1076
985.782	51.5649
987.711	52.4066
989.64	53.5114
991.57	54.7693
993.499	56.0496
995.428	57.1693
997.357	57.964
999.286	58.399
1001.22	58.5437
1003.14	58.4566
1005.07	58.2038
1007	57.9486
1008.93	57.863
1010.86	57.9623
1012.79	58.1247
1014.72	58.2078
1016.65	58.0888
1018.58	57.7016
1020.51	57.07
1022.44	56.2571
1024.36	55.361
1026.29	54.5987
1028.22	54.2126
1030.15	54.1896
1032.08	54.2127
1034.01	53.9575
1035.94	53.3419
1037.87	52.4892
1039.8	51.5625
1041.73	50.6645
1043.66	49.8169
1045.58	48.9959
1047.51	48.1694
1049.44	47.2874
1051.37	46.3021
1053.3	45.2761
1055.23	44.4308
1057.16	44.0265
1059.09	44.2084
1061.02	44.9555
1062.95	46.1259
1064.88	47.557
1066.81	49.1719
1068.73	51.0274
1070.66	53.2354
1072.59	55.7913
1074.52	58.5052
1076.45	61.1425
1078.38	63.5711
1080.31	65.7329
1082.24	67.5603
1084.17	68.9606
1086.1	69.8536
1088.03	70.2437
1089.95	70.2248
1091.88	69.8655
1093.81	69.1714
1095.74	68.2049
1097.67	67.1169
1099.6	66.0255
1101.53	64.9685
1103.46	63.9698
1105.39	63.0562
1107.32	62.2311
1109.25	61.5138
1111.18	60.98
1113.1	60.6993
1115.03	60.6677
1116.96	60.8391
1118.89	61.1537
1120.82	61.4972
1122.75	61.7184
1124.68	61.7036
1126.61	61.355
1128.54	60.542
1130.47	59.1548
1132.4	57.151
1134.32	54.5568
1136.25	51.5337
1138.18	48.3822
1140.11	45.3718
1142.04	42.6587
1143.97	40.3779
1145.9	38.6362
1147.83	37.4095
1149.76	36.5844
1151.69	36.0713
1153.62	35.8141
1155.55	35.7613
1157.47	35.8715
1159.4	36.1132
1161.33	36.4582
1163.26	36.8977
1165.19	37.4365
1167.12	38.047
1169.05	38.6692
1170.98	39.2795
1172.91	39.9039
1174.84	40.5535
1176.77	41.2154
1178.69	41.9011
1180.62	42.64
1182.55	43.4404
1184.48	44.2974
1186.41	45.2148
1188.34	46.1877
1190.27	47.1942
1192.2	48.2396
1194.13	49.362
1196.06	50.5564
1197.99	51.7779
1199.91	53.0353
1201.84	54.3591
1203.77	55.7055
1205.7	57.0265
1207.63	58.3438
1209.56	59.6706
1211.49	61.0059
1213.42	62.3891
1215.35	63.7677
1217.28	64.9121
1219.21	65.6894
1221.14	66.2728
1223.06	66.8718
1224.99	67.4481
1226.92	67.842
1228.85	67.981
1230.78	67.8707
1232.71	67.5381
1234.64	67.0261
1236.57	66.3614
1238.5	65.5618
1240.43	64.6802
1242.36	63.7747
1244.28	62.8723
1246.21	61.9938
1248.14	61.1678
1250.07	60.4325
1252	59.8405
1253.93	59.4181
1255.86	59.155
1257.79	59.06
1259.72	59.1471
1261.65	59.3876
1263.58	59.7617
1265.51	60.2896
1267.43	60.9783
1269.36	61.8167
1271.29	62.7934
1273.22	63.8733
1275.15	65.0037
1277.08	66.1426
1279.01	67.2592
1280.94	68.3295
1282.87	69.3156
1284.8	70.1497
1286.73	70.7495
1288.65	71.0217
1290.58	70.9402
1292.51	70.7076
1294.44	70.7243
1296.37	71.3196
1298.3	72.5597
1300.23	74.286
1302.16	76.2286
1304.09	78.1111
1306.02	79.7486
1307.95	81.0752
1309.87	82.1136
1311.8	82.9237
1313.73	83.5456
1315.66	83.9998
1317.59	84.3148
1319.52	84.5068
1321.45	84.575
1323.38	84.5515
1325.31	84.514
1327.24	84.5335
1329.17	84.6214
1331.1	84.7429
1333.02	84.8717
1334.95	85.0282
1336.88	85.2573
1338.81	85.5223
1340.74	85.6925
1342.67	85.7638
1344.6	85.8714
1346.53	86.0543
1348.46	86.2142
1350.39	86.2812
1352.32	86.301
1354.24	86.3078
1356.17	86.2614
1358.1	86.192
1360.03	86.206
1361.96	86.2661
1363.89	86.1999
1365.82	86.0013
1367.75	85.7489
1369.68	85.4712
1371.61	85.2129
1373.54	84.8557
1375.47	84.1939
1377.39	83.4372
1379.32	82.8891
1381.25	82.5137
1383.18	82.2059
1385.11	81.8514
1387.04	81.1957
1388.97	80.2704
1390.9	79.4253
1392.83	78.6586
1394.76	77.8213
1396.69	76.7474
1398.61	75.1114
1400.54	72.9432
1402.47	70.5656
1404.4	68.1944
1406.33	66.6131
1408.26	66.6865
1410.19	68.3864
1412.12	71.2899
1414.05	74.4724
1415.98	77.4554
1417.91	80.596
1419.83	83.3774
1421.76	85.0423
1423.69	86.1179
1425.62	86.9265
1427.55	87.3987
1429.48	87.5488
1431.41	87.4241
1433.34	87.2013
1435.27	87.0137
1437.2	86.6791
1439.13	86.0606
1441.06	85.3046
1442.98	84.4798
1444.91	83.6731
1446.84	82.944
1448.77	82.2197
1450.7	81.6227
1452.63	81.3933
1454.56	81.5667
1456.49	81.9048
1458.42	81.6633
1460.35	81.0393
1462.28	80.6418
1464.2	80.397
1466.13	80.1829
1468.06	80.255
1469.99	80.8893
1471.92	82.1135
1473.85	83.3729
1475.78	84.3099
1477.71	85.4022
1479.64	86.7746
1481.57	88.2224
1483.5	89.5757
1485.43	90.8203
1487.35	92.0833
1489.28	93.2074
1491.21	93.6944
1493.14	93.8478
1495.07	94.186
1497	94.6605
1498.93	94.8972
1500.86	94.9241
1502.79	95.0413
1504.72	95.4791
1506.65	96.2082
1508.57	96.2345
1510.5	95.6757
1512.43	95.4075
1514.36	95.5843
1516.29	95.9721
1518.22	96.3238
1520.15	96.621
1522.08	96.7623
1524.01	96.6835
1525.94	96.4915
1527.87	96.2812
1529.8	96.2
1531.72	96.3293
1533.65	96.4883
1535.58	96.5094
1537.51	96.6857
1539.44	97.255
1541.37	97.5651
1543.3	97.1015
1545.23	96.6438
1547.16	96.4652
1549.09	96.4676
1551.02	96.5024
1552.94	96.5035
1554.87	96.6373
1556.8	97.0935
1558.73	97.4717
1560.66	97.0457
1562.59	96.5278
1564.52	96.273
1566.45	96.2203
1568.38	96.274
1570.31	96.2119
1572.24	96.0788
1574.16	96.138
1576.09	96.2902
1578.02	96.1233
1579.95	95.7922
1581.88	95.5893
1583.81	95.4822
1585.74	95.3968
1587.67	95.3374
1589.6	95.2928
1591.53	95.2475
1593.46	95.2175
1595.39	95.1631
1597.31	95.0083
1599.24	94.8004
1601.17	94.622
1603.1	94.3893
1605.03	94.0344
1606.96	93.6469
1608.89	93.1083
1610.82	92.246
1612.75	91.3654
1614.68	90.6982
1616.61	90.0875
1618.53	89.6234
1620.46	89.6289
1622.39	89.9963
1624.32	90.2615
1626.25	90.1604
1628.18	89.7098
1630.11	88.8927
1632.04	88.0844
1633.97	87.8645
1635.9	88.5152
1637.83	89.5031
1639.76	90.493
1641.68	91.5944
1643.61	92.6746
1645.54	93.6464
1647.47	94.2499
1649.4	94.3573
1651.33	94.5065
1653.26	94.8176
1655.19	94.5056
1657.12	93.9596
1659.05	93.7071
1660.98	93.6389
1662.9	93.437
1664.83	93.0995
1666.76	92.9644
1668.69	93.0291
1670.62	92.8199
1672.55	92.3524
1674.48	91.9349
1676.41	91.2991
1678.34	90.4996
1680.27	89.9392
1682.2	89.4356
1684.12	88.559
1686.05	87.3961
1687.98	86.0169
1689.91	84.4175
1691.84	82.8291
1693.77	81.1354
1695.7	79.1457
1697.63	76.8732
1699.56	73.7043
1701.49	69.7617
1703.42	66.2354
1705.35	62.728
1707.27	58.7107
1709.2	55.0856
1711.13	52.2861
1713.06	49.9363
1714.99	48.0911
1716.92	46.3984
1718.85	44.3095
1720.78	42.884
1722.71	42.4687
1724.64	42.5943
1726.57	43.3539
1728.49	44.8123
1730.42	46.6163
1732.35	49.0084
1734.28	52.1185
1736.21	54.814
1738.14	57.2044
1740.07	60.1282
1742	63.3981
1743.93	66.5168
1745.86	69.7192
1747.79	73.2388
1749.72	76.9168
1751.64	80.2984
1753.57	83.1272
1755.5	85.7026
1757.43	88.2649
1759.36	90.4699
1761.29	92.0451
1763.22	93.1853
1765.15	93.9532
1767.08	94.4412
1769.01	95.0117
1770.94	95.6836
1772.86	96.0097
1774.79	95.9926
1776.72	95.9408
1778.65	95.913
1780.58	95.9284
1782.51	95.9704
1784.44	96.0096
1786.37	96.1174
1788.3	96.3186
1790.23	96.5657
1792.16	96.7505
1794.08	96.7097
1796.01	96.6046
1797.94	96.6549
1799.87	96.7639
1801.8	96.7859
1803.73	96.7971
1805.66	96.8392
1807.59	96.8991
1809.52	96.9675
1811.45	96.9149
1813.38	96.756
1815.31	96.7184
1817.23	96.8187
1819.16	96.9354
1821.09	97.0982
1823.02	97.2777
1824.95	97.3567
1826.88	97.4389
1828.81	97.5982
1830.74	97.6148
1832.67	97.4522
1834.6	97.3683
1836.53	97.4234
1838.45	97.4617
1840.38	97.455
1842.31	97.564
1844.24	97.7793
1846.17	97.8411
1848.1	97.7853
1850.03	97.8086
1851.96	97.8494
1853.89	97.7981
1855.82	97.7203
1857.75	97.7041
1859.68	97.7447
1861.6	97.7708
1863.53	97.7795
1865.46	97.9346
1867.39	98.2695
1869.32	98.4238
1871.25	98.2412
1873.18	98.0723
1875.11	98.0547
1877.04	98.0906
1878.97	98.1591
1880.9	98.2657
1882.82	98.3763
1884.75	98.494
1886.68	98.5791
1888.61	98.5371
1890.54	98.4316
1892.47	98.445
1894.4	98.5629
1896.33	98.6394
1898.26	98.6751
1900.19	98.76
1902.12	98.842
1904.05	98.8323
1905.97	98.7958
1907.9	98.8404
1909.83	98.9607
1911.76	99.0338
1913.69	98.9638
1915.62	98.8664
1917.55	98.9458
1919.48	99.1259
1921.41	99.1793
1923.34	99.1494
1925.27	99.1585
1927.19	99.1738
1929.12	99.1633
1931.05	99.1283
1932.98	99.063
1934.91	99.0446
1936.84	99.1438
1938.77	99.3057
1940.7	99.4721
1942.63	99.6226
1944.56	99.7043
1946.49	99.6915
1948.41	99.6175
1950.34	99.5446
1952.27	99.5243
1954.2	99.5559
1956.13	99.7042
1958.06	100.056
1959.99	100.39
1961.92	100.376
1963.85	100.184
1965.78	100.238
1967.71	100.529
1969.64	100.71
1971.56	100.647
1973.49	100.429
1975.42	100.201
1977.35	100.158
1979.28	100.364
1981.21	100.597
1983.14	100.646
1985.07	100.595
1987	100.581
1988.93	100.501
1990.86	100.245
1992.78	99.9663
1994.71	99.8535
1996.64	99.9188
1998.57	100.122
2000.5	100.338
2002.43	100.347
2004.36	100.19
2006.29	100.175
2008.22	100.352
2010.15	100.455
2012.08	100.418
2014.01	100.414
2015.93	100.518
2017.86	100.672
2019.79	100.752
2021.72	100.626
2023.65	100.384
2025.58	100.249
2027.51	100.204
2029.44	100.153
2031.37	100.206
2033.3	100.382
2035.23	100.488
2037.15	100.504
2039.08	100.547
2041.01	100.572
2042.94	100.501
2044.87	100.382
2046.8	100.318
2048.73	100.374
2050.66	100.418
2052.59	100.168
2054.52	99.6663
2056.45	99.3175
2058.37	99.3118
2060.3	99.4787
2062.23	99.6712
2064.16	99.8088
2066.09	99.7877
2068.02	99.7119
2069.95	99.7959
2071.88	99.9307
2073.81	99.8324
2075.74	99.5152
2077.67	99.2389
2079.6	99.1849
2081.52	99.3278
2083.45	99.4605
2085.38	99.4267
2087.31	99.3282
2089.24	99.3292
2091.17	99.4169
2093.1	99.4749
2095.03	99.4309
2096.96	99.3436
2098.89	99.3385
2100.82	99.405
2102.74	99.4788
2104.67	99.5988
2106.6	99.6732
2108.53	99.5194
2110.46	99.3085
2112.39	99.3175
2114.32	99.4183
2116.25	99.4179
2118.18	99.3969
2120.11	99.3891
2122.04	99.3471
2123.97	99.3636
2125.89	99.467
2127.82	99.543
2129.75	99.6035
2131.68	99.7252
2133.61	99.874
2135.54	100.022
2137.47	100.131
2139.4	100.11
2141.33	100.083
2143.26	100.29
2145.19	100.584
2147.11	100.573
2149.04	100.236
2150.97	99.9218
2152.9	99.9001
2154.83	100.16
2156.76	100.46
2158.69	100.585
2160.62	100.612
2162.55	100.629
2164.48	100.455
2166.41	100.103
2168.33	99.9199
2170.26	99.964
2172.19	99.9585
2174.12	99.8876
2176.05	99.9955
2177.98	100.33
2179.91	100.645
2181.84	100.63
2183.77	100.281
2185.7	99.9751
2187.63	99.8948
2189.56	99.7608
2191.48	99.4641
2193.41	99.3682
2195.34	99.6465
2197.27	99.9599
2199.2	100.082
2201.13	100.224
2203.06	100.423
2204.99	100.376
2206.92	100.149
2208.85	100.097
2210.78	100.071
2212.7	99.8112
2214.63	99.6712
2216.56	99.8812
2218.49	100.03
2220.42	99.9641
2222.35	99.9984
2224.28	100.083
2226.21	99.9627
2228.14	99.808
2230.07	99.813
2232	99.807
2233.93	99.7096
2235.85	99.7012
2237.78	99.804
2239.71	99.8602
2241.64	99.8563
2243.57	99.8338
2245.5	99.7037
2247.43	99.4943
2249.36	99.4283
2251.29	99.5247
2253.22	99.5778
2255.15	99.576
2257.07	99.6556
2259	99.7909
2260.93	99.9178
2262.86	100.049
2264.79	100.099
2266.72	99.9896
2268.65	99.8973
2270.58	99.9927
2272.51	100.123
2274.44	100.096
2276.37	100.016
2278.29	100.01
2280.22	99.9513
2282.15	99.7735
2284.08	99.6812
2286.01	99.7841
2287.94	99.9363
2289.87	100.077
2291.8	100.334
2293.73	100.733
2295.66	101.158
2297.59	101.53
2299.52	101.833
2301.44	102.09
2303.37	102.426
2305.3	102.998
2307.23	103.802
2309.16	104.619
2311.09	105.231
2313.02	105.699
2314.95	106.324
2316.88	107.253
2318.81	108.322
2320.74	109.37
2322.66	110.429
2324.59	111.483
2326.52	112.402
2328.45	113.147
2330.38	113.664
2332.31	113.867
2334.24	114.011
2336.17	114.425
2338.1	114.978
2340.03	115.526
2341.96	116.005
2343.89	115.338
2345.81	113.06
2347.74	111.262
2349.67	111.275
2351.6	113.024
2353.53	115.921
2355.46	118.868
2357.39	121.263
2359.32	122.807
2361.25	122.695
2363.18	121.187
2365.11	119.296
2367.03	117.309
2368.96	115.038
2370.89	112.536
2372.82	109.977
2374.75	107.428
2376.68	105.143
2378.61	103.396
2380.54	102.031
2382.47	100.752
2384.4	99.6058
2386.33	98.7971
2388.26	98.3526
2390.18	98.1541
2392.11	98.0652
2394.04	97.9995
2395.97	97.974
2397.9	98.024
2399.83	98.0727
2401.76	98.0287
2403.69	97.9478
2405.62	97.9458
2407.55	98.023
2409.48	98.103
2411.4	98.1693
2413.33	98.2118
2415.26	98.148
2417.19	97.9745
2419.12	97.8557
2421.05	97.8991
2422.98	98.0184
2424.91	98.1111
2426.84	98.1768
2428.77	98.2259
2430.7	98.2382
2432.62	98.225
2434.55	98.2325
2436.48	98.2689
2438.41	98.2815
2440.34	98.2277
2442.27	98.1367
2444.2	98.0792
2446.13	98.0854
2448.06	98.0893
2449.99	97.9994
2451.92	97.8854
2453.85	97.9489
2455.77	98.1886
2457.7	98.3296
2459.63	98.2434
2461.56	98.1451
2463.49	98.1956
2465.42	98.2447
2467.35	98.1519
2469.28	98.0333
2471.21	98.0094
2473.14	98.0033
2475.07	97.9416
2476.99	97.9123
2478.92	97.9943
2480.85	98.1092
2482.78	98.1477
2484.71	98.1226
2486.64	98.0998
2488.57	98.0897
2490.5	98.0869
2492.43	98.0828
2494.36	98.0468
2496.29	98.0404
2498.22	98.1675
2500.14	98.3141
2502.07	98.3139
2504	98.3113
2505.93	98.4409
2507.86	98.4627
2509.79	98.2538
2511.72	98.1279
2513.65	98.2436
2515.58	98.338
2517.51	98.2609
2519.44	98.1774
2521.36	98.1838
2523.29	98.1826
2525.22	98.1044
2527.15	97.9779
2529.08	97.8644
2531.01	97.8529
2532.94	97.9643
2534.87	98.047
2536.8	98.0127
2538.73	98.0368
2540.66	98.1956
2542.58	98.229
2544.51	98.0202
2546.44	97.842
2548.37	97.8598
2550.3	97.9293
2552.23	97.9649
2554.16	98.0004
2556.09	97.9812
2558.02	97.9004
2559.95	97.8996
2561.88	97.976
2563.81	97.9556
2565.73	97.8729
2567.66	97.9061
2569.59	97.9668
2571.52	97.8771
2573.45	97.7637
2575.38	97.7928
2577.31	97.8519
2579.24	97.8253
2581.17	97.771
2583.1	97.7239
2585.03	97.6961
2586.95	97.7419
2588.88	97.8035
2590.81	97.7631
2592.74	97.6879
2594.67	97.7184
2596.6	97.7912
2598.53	97.7453
2600.46	97.6022
2602.39	97.5092
2604.32	97.4867
2606.25	97.4472
2608.18	97.3893
2610.1	97.3595
2612.03	97.3214
2613.96	97.2466
2615.89	97.1997
2617.82	97.2212
2619.75	97.2677
2621.68	97.2837
2623.61	97.2299
2625.54	97.102
2627.47	96.9716
2629.4	96.9318
2631.32	96.9933
2633.25	97.0687
2635.18	97.0513
2637.11	96.9318
2639.04	96.8308
2640.97	96.8412
2642.9	96.8891
2644.83	96.8639
2646.76	96.7851
2648.69	96.713
2650.62	96.6465
2652.54	96.6017
2654.47	96.6139
2656.4	96.6347
2658.33	96.6041
2660.26	96.5616
2662.19	96.5488
2664.12	96.5301
2666.05	96.4893
2667.98	96.4581
2669.91	96.4367
2671.84	96.4056
2673.77	96.3864
2675.69	96.4127
2677.62	96.4652
2679.55	96.4833
2681.48	96.45
2683.41	96.4161
2685.34	96.4084
2687.27	96.3862
2689.2	96.3276
2691.13	96.2774
2693.06	96.284
2694.99	96.3369
2696.91	96.3819
2698.84	96.3974
2700.77	96.4113
2702.7	96.4114
2704.63	96.3478
2706.56	96.244
2708.49	96.1684
2710.42	96.1272
2712.35	96.0973
2714.28	96.0833
2716.21	96.0918
2718.14	96.1141
2720.06	96.1215
2721.99	96.0979
2723.92	96.0896
2725.85	96.0999
2727.78	96.0295
2729.71	95.8977
2731.64	95.8715
2733.57	95.9357
2735.5	95.9041
2737.43	95.7934
2739.36	95.7901
2741.28	95.9101
2743.21	96.0002
2745.14	95.9862
2747.07	95.9229
2749	95.8592
2750.93	95.8041
2752.86	95.8086
2754.79	95.8962
2756.72	95.9385
2758.65	95.8317
2760.58	95.6874
2762.51	95.6427
2764.43	95.6848
2766.36	95.7296
2768.29	95.6877
2770.22	95.5736
2772.15	95.5497
2774.08	95.6265
2776.01	95.6088
2777.94	95.5065
2779.87	95.493
2781.8	95.5214
2783.73	95.4884
2785.65	95.4512
2787.58	95.4111
2789.51	95.325
2791.44	95.2718
2793.37	95.2999
2795.3	95.3607
2797.23	95.3896
2799.16	95.2804
2801.09	95.0821
2803.02	95.0743
2804.95	95.2623
2806.87	95.31
2808.8	95.1721
2810.73	95.0754
2812.66	95.0064
2814.59	94.8705
2816.52	94.7599
2818.45	94.6989
2820.38	94.5736
2822.31	94.3706
2824.24	94.1754
2826.17	94.0563
2828.1	94.0343
2830.02	94.0227
2831.95	93.8713
2833.88	93.5444
2835.81	93.1555
2837.74	92.8551
2839.67	92.7182
2841.6	92.66
2843.53	92.5067
2845.46	92.221
2847.39	91.917
2849.32	91.6241
2851.24	91.248
2853.17	90.7564
2855.1	90.1819
2857.03	89.5596
2858.96	88.9996
2860.89	88.5685
2862.82	88.1177
2864.75	87.5569
2866.68	87.0576
2868.61	86.6889
2870.54	86.3263
2872.47	86.0508
2874.39	86.0764
2876.32	86.371
2878.25	86.7685
2880.18	87.1648
2882.11	87.4618
2884.04	87.662
2885.97	87.8942
2887.9	88.1481
2889.83	88.2761
2891.76	88.2263
2893.69	88.0266
2895.61	87.7544
2897.54	87.5511
2899.47	87.4402
2901.4	87.3364
2903.33	87.2708
2905.26	87.2716
2907.19	87.2192
2909.12	87.0826
2911.05	86.9489
2912.98	86.78
2914.91	86.4976
2916.83	86.1512
2918.76	85.7999
2920.69	85.4524
2922.62	85.1087
2924.55	84.6992
2926.48	84.1493
2928.41	83.5429
2930.34	83.0716
2932.27	82.8734
2934.2	82.9549
2936.13	83.2269
2938.06	83.6274
2939.98	84.1066
2941.91	84.4985
2943.84	84.6649
2945.77	84.6659
2947.7	84.5356
2949.63	84.1731
2951.56	83.6386
2953.49	83.1832
2955.42	82.9229
2957.35	82.8124
2959.28	82.861
2961.2	83.1311
2963.13	83.6585
2965.06	84.4843
2966.99	85.5927
2968.92	86.7953
2970.85	87.8715
2972.78	88.8005
2974.71	89.6659
2976.64	90.4421
2978.57	91.0924
2980.5	91.6822
2982.43	92.2288
2984.35	92.682
2986.28	93.0722
2988.21	93.4491
2990.14	93.7968
2992.07	94.1155
2994	94.4025
2995.93	94.6298
2997.86	94.833
2999.79	95.0235
3001.72	95.1561
3003.65	95.3411
3005.57	95.6742
3007.5	95.8859
3009.43	95.7403
3011.36	95.5278
3013.29	95.5863
3015.22	95.7762
3017.15	95.8604
3019.08	95.9239
3021.01	96.0968
3022.94	96.266
3024.87	96.3033
3026.79	96.295
3028.72	96.3372
3030.65	96.3429
3032.58	96.2353
3034.51	96.0946
3036.44	96.0028
3038.37	95.993
3040.3	96.0939
3042.23	96.189
3044.16	96.0887
3046.09	95.8864
3048.02	95.8755
3049.94	96.103
3051.87	96.354
3053.8	96.4824
3055.73	96.4992
3057.66	96.444
3059.59	96.3272
3061.52	96.192
3063.45	96.1483
3065.38	96.2501
3067.31	96.3912
3069.24	96.4306
3071.16	96.3613
3073.09	96.277
3075.02	96.2312
3076.95	96.2154
3078.88	96.2559
3080.81	96.3796
3082.74	96.4862
3084.67	96.4602
3086.6	96.3312
3088.53	96.1732
3090.46	96.0735
3092.39	96.1699
3094.31	96.3851
3096.24	96.3878
3098.17	96.1248
3100.1	95.8894
3102.03	95.7614
3103.96	95.63
3105.89	95.6001
3107.82	95.7644
3109.75	95.8863
3111.68	95.7886
3113.61	95.7012
3115.53	95.8406
3117.46	96.0071
3119.39	95.9614
3121.32	95.834
3123.25	95.8101
3125.18	95.8255
3127.11	95.8519
3129.04	96.0239
3130.97	96.3052
3132.9	96.4288
3134.83	96.239
3136.75	95.8977
3138.68	95.6994
3140.61	95.7072
3142.54	95.7439
3144.47	95.7811
3146.4	95.9096
3148.33	95.9541
3150.26	95.779
3152.19	95.6578
3154.12	95.7095
3156.05	95.6689
3157.98	95.5487
3159.9	95.6089
3161.83	95.7548
3163.76	95.7946
3165.69	95.7855
3167.62	95.6957
3169.55	95.4691
3171.48	95.3539
3173.41	95.4687
3175.34	95.5267
3177.27	95.4216
3179.2	95.4085
3181.12	95.5159
3183.05	95.4498
3184.98	95.1623
3186.91	94.9928
3188.84	95.1178
3190.77	95.2699
3192.7	95.2165
3194.63	95.1078
3196.56	95.0842
3198.49	95.0375
3200.42	94.9498
3202.35	94.9322
3204.27	94.9345
3206.2	94.8557
3208.13	94.7377
3210.06	94.6229
3211.99	94.5029
3213.92	94.4315
3215.85	94.4647
3217.78	94.579
3219.71	94.7197
3221.64	94.8117
3223.57	94.7857
3225.49	94.6747
3227.42	94.5717
3229.35	94.4841
3231.28	94.3743
3233.21	94.2974
3235.14	94.3057
3237.07	94.2737
3239	94.0591
3240.93	93.7755
3242.86	93.635
3244.79	93.6444
3246.72	93.6983
3248.64	93.8048
3250.57	93.9755
3252.5	94.0455
3254.43	93.878
3256.36	93.6526
3258.29	93.6319
3260.22	93.7358
3262.15	93.6976
3264.08	93.5227
3266.01	93.4425
3267.94	93.5217
3269.86	93.5721
3271.79	93.4422
3273.72	93.261
3275.65	93.2325
3277.58	93.27
3279.51	93.1868
3281.44	93.0712
3283.37	93.0576
3285.3	93.0731
3287.23	93.0507
3289.16	92.9659
3291.08	92.7447
3293.01	92.4888
3294.94	92.3991
3296.87	92.4024
3298.8	92.3611
3300.73	92.3846
3302.66	92.5022
3304.59	92.5199
3306.52	92.4152
3308.45	92.3413
3310.38	92.267
3312.31	92.0829
3314.23	91.9325
3316.16	92.0181
3318.09	92.2027
3320.02	92.2065
3321.95	92.0737
3323.88	91.9893
3325.81	91.8798
3327.74	91.689
3329.67	91.6186
3331.6	91.7005
3333.53	91.6987
3335.45	91.5819
3337.38	91.5088
3339.31	91.4872
3341.24	91.4822
3343.17	91.5292
3345.1	91.5779
3347.03	91.5829
3348.96	91.6151
3350.89	91.6539
3352.82	91.5942
3354.75	91.4665
3356.68	91.3688
3358.6	91.3197
3360.53	91.2939
3362.46	91.2628
3364.39	91.2033
3366.32	91.1112
3368.25	91.003
3370.18	90.9639
3372.11	91.1022
3374.04	91.3508
3375.97	91.4875
3377.9	91.4407
3379.82	91.368
3381.75	91.3812
3383.68	91.414
3385.61	91.4034
3387.54	91.383
3389.47	91.3583
3391.4	91.3115
3393.33	91.269
3395.26	91.1939
3397.19	91.0325
3399.12	90.9217
3401.04	91.0205
3402.97	91.2397
3404.9	91.4109
3406.83	91.4886
3408.76	91.4719
3410.69	91.3898
3412.62	91.3179
3414.55	91.2584
3416.48	91.1752
3418.41	91.1276
3420.34	91.1709
3422.27	91.2504
3424.19	91.3071
3426.12	91.3372
3428.05	91.3514
3429.98	91.3626
3431.91	91.3391
3433.84	91.2139
3435.77	91.0116
3437.7	90.8852
3439.63	90.9742
3441.56	91.2269
3443.49	91.4157
3445.41	91.4296
3447.34	91.4089
3449.27	91.4779
3451.2	91.5458
3453.13	91.5042
3455.06	91.445
3456.99	91.5312
3458.92	91.6841
3460.85	91.6881
3462.78	91.604
3464.71	91.6165
3466.64	91.6007
3468.56	91.4274
3470.49	91.3016
3472.42	91.3304
3474.35	91.3586
3476.28	91.3769
3478.21	91.4566
3480.14	91.4879
3482.07	91.4511
3484	91.5021
3485.93	91.6351
3487.86	91.7419
3489.78	91.8084
3491.71	91.7849
3493.64	91.6354
3495.57	91.5064
3497.5	91.5027
3499.43	91.5156
3501.36	91.4943
3503.29	91.5108
3505.22	91.5329
3507.15	91.4856
3509.08	91.4038
3511	91.3439
3512.93	91.3434
3514.86	91.4265
3516.79	91.5281
3518.72	91.5534
3520.65	91.5286
3522.58	91.5302
3524.51	91.5897
3526.44	91.7553
3528.37	92.0178
3530.3	92.1799
3532.23	92.0789
3534.15	91.835
3536.08	91.6535
3538.01	91.5662
3539.94	91.5727
3541.87	91.7987
3543.8	92.1644
3545.73	92.2658
3547.66	92.1046
3549.59	92.2023
3551.52	92.552
3553.45	92.6336
3555.37	92.4084
3557.3	92.2858
3559.23	92.3666
3561.16	92.5811
3563.09	92.9504
3565.02	93.3929
3566.95	93.7143
3568.88	93.8646
3570.81	93.935
3572.74	93.9943
3574.67	94.1816
3576.6	94.5615
3578.52	94.9399
3580.45	95.1407
3582.38	95.187
3584.31	95.1305
3586.24	95.0225
3588.17	95.1023
3590.1	95.5452
3592.03	96.1537
3593.96	96.6715
3595.89	96.9118
3597.82	96.911
3599.74	96.7886
3601.67	96.5795
3603.6	96.4545
3605.53	96.5223
3607.46	96.5876
3609.39	96.6293
3611.32	97.0175
3613.25	97.5891
3615.18	97.6796
3617.11	97.3343
3619.04	97.1848
3620.97	97.3403
3622.89	97.4839
3624.82	97.5994
3626.75	97.7899
3628.68	98.1019
3630.61	98.3883
3632.54	98.2763
3634.47	97.7458
3636.4	97.2339
3638.33	97.0764
3640.26	97.0742
3642.19	96.9909
3644.11	96.9325
3646.04	97.1832
3647.97	97.9938
3649.9	98.7521
3651.83	98.4516
3653.76	97.8669
3655.69	97.6918
3657.62	97.6513
3659.55	97.407
3661.48	97.2566
3663.41	97.2979
3665.33	97.3013
3667.26	97.4496
3669.19	97.9864
3671.12	98.3086
3673.05	98.1118
3674.98	98.0182
3676.91	97.9639
3678.84	97.5701
3680.77	97.3065
3682.7	97.4508
3684.63	97.7428
3686.56	98.0384
3688.48	98.473
3690.41	98.8293
3692.34	98.8358
3694.27	98.7565
3696.2	98.6861
3698.13	98.5205
3700.06	98.3257
3701.99	98.2328
3703.92	98.1773
3705.85	98.1271
3707.78	98.2828
3709.7	98.7075
3711.63	98.9163
3713.56	98.5808
3715.49	98.2104
3717.42	98.1
3719.35	98.2083
3721.28	98.5552
3723.21	99.07
3725.14	99.3628
3727.07	99.2244
3729	99.0182
3730.93	99.0398
3732.85	99.1099
3734.78	98.9195
3736.71	98.702
3738.64	98.8623
3740.57	99.1728
3742.5	99.2927
3744.43	99.1421
3746.36	99.0385
3748.29	99.1435
3750.22	99.1906
3752.15	98.8627
3754.07	98.2916
3756	97.8088
3757.93	97.5994
3759.86	97.7486
3761.79	97.9651
3763.72	97.9784
3765.65	97.8897
3767.58	97.882
3769.51	97.8887
3771.44	97.7192
3773.37	97.4751
3775.29	97.4289
3777.22	97.6141
3779.15	97.7689
3781.08	97.689
3783.01	97.5321
3784.94	97.4374
3786.87	97.3423
3788.8	97.2665
3790.73	97.3731
3792.66	97.6576
3794.59	97.8602
3796.52	97.8479
3798.44	97.9042
3800.37	98.1597
3802.3	98.1522
3804.23	97.7605
3806.16	97.5464
3808.09	97.6604
3810.02	97.7266
3811.95	97.6591
3813.88	97.6727
3815.81	97.8368
3817.74	98.0606
3819.66	98.2676
3821.59	98.3026
3823.52	98.1182
3825.45	97.9655
3827.38	97.9103
3829.31	97.8418
3831.24	97.7659
3833.17	97.7806
3835.1	97.942
3837.03	98.2331
3838.96	98.4406
3840.89	98.3414
3842.81	98.0933
3844.74	97.8587
3846.67	97.5965
3848.6	97.3773
3850.53	97.5024
3852.46	98.2273
3854.39	98.7945
3856.32	98.3199
3858.25	97.7124
3860.18	97.6087
3862.11	97.8664
3864.03	97.9999
3865.96	97.9515
3867.89	98.0824
3869.82	98.3921
3871.75	98.4892
3873.68	98.1976
3875.61	97.8128
3877.54	97.6354
3879.47	97.6468
3881.4	97.6282
3883.33	97.6027
3885.25	97.7164
3887.18	97.7259
3889.11	97.4289
3891.04	97.127
3892.97	97.1407
3894.9	97.3359
3896.83	97.5091
3898.76	97.7091
3900.69	97.9642
3902.62	98.1366
3904.55	98.0677
3906.48	97.7329
3908.4	97.3221
3910.33	97.0642
3912.26	97.0718
3914.19	97.2909
3916.12	97.5546
3918.05	97.6961
3919.98	97.6597
3921.91	97.5307
3923.84	97.3923
3925.77	97.3184
3927.7	97.3802
3929.62	97.5245
3931.55	97.5724
3933.48	97.4263
3935.41	97.2303
3937.34	97.1453
3939.27	97.1742
3941.2	97.2607
3943.13	97.4008
3945.06	97.5795
3946.99	97.6487
3948.92	97.4772
3950.85	97.2197
3952.77	97.1246
3954.7	97.1143
3956.63	96.9904
3958.56	96.8416
3960.49	96.8969
3962.42	97.1478
3964.35	97.3729
3966.28	97.4182
3968.21	97.3133
3970.14	97.164
3972.07	97.0408
3973.99	96.9966
3975.92	97.0574
3977.85	97.1224
3979.78	97.0923
3981.71	97.0441
3983.64	97.0423
3985.57	97.0103
3987.5	96.9618
3989.43	97.0041
3991.36	97.1012
3993.29	97.1651
3995.22	97.2175
3997.14	97.2598
