499.643	78.5923
501.572	78.6305
503.501	79.4042
505.43	80.4747
507.36	80.9113
509.289	80.4267
511.218	80.0134
513.147	80.3975
515.076	80.8294
517.005	80.568
518.934	80.2775
520.863	80.5203
522.792	80.6151
524.722	80.1992
526.651	79.929
528.58	80.123
530.509	80.2247
532.438	80.016
534.367	79.9651
536.296	80.3266
538.225	80.7838
540.155	81.075
542.084	81.2129
544.013	81.1437
545.942	80.9111
547.871	80.7773
549.8	80.7074
551.729	80.4913
553.658	80.3676
555.588	80.5745
557.517	80.7744
559.446	80.7232
561.375	80.66
563.304	80.6373
565.233	80.4624
567.162	80.2385
569.091	80.2123
571.021	80.4144
572.95	80.7639
574.879	81.1505
576.808	81.4343
578.737	81.5764
580.666	81.5647
582.595	81.3373
584.524	81.0133
586.454	80.8707
588.383	80.9528
590.312	81.026
592.241	80.9772
594.17	80.9536
596.099	80.9952
598.028	80.9314
599.957	80.7484
601.887	80.6068
603.816	80.4559
605.745	80.1687
607.674	79.9523
609.603	80.0627
611.532	80.3479
613.461	80.5442
615.39	80.6578
617.32	80.7357
619.249	80.6978
621.178	80.5589
623.107	80.4625
625.036	80.5199
626.965	80.7647
628.894	81.1413
630.823	81.4876
632.753	81.6485
634.682	81.6905
636.611	81.8584
638.54	82.2517
640.469	82.7375
642.398	83.1758
644.327	83.5492
646.256	83.913
648.186	84.2481
650.115	84.4493
652.044	84.5737
653.973	84.7347
655.902	84.7715
657.831	84.5653
659.76	84.2467
661.689	83.85
663.619	83.5283
665.548	83.8714
667.477	85.428
669.406	86.5801
671.335	86.0081
673.264	85.5056
675.193	85.6725
677.122	86.0112
679.052	86.2171
680.981	86.4661
682.91	86.6846
684.839	86.7366
686.768	86.7607
688.697	86.829
690.626	86.853
692.555	86.798
694.485	86.7124
696.414	86.6642
698.343	86.6558
700.272	86.6035
702.201	86.5013
704.13	86.4598
706.059	86.4847
707.988	86.4577
709.917	86.3796
711.847	86.3369
713.776	86.2999
715.705	86.257
717.634	86.3066
719.563	86.3549
721.492	86.1355
723.421	85.7079
725.35	85.3495
727.28	85.0545
729.209	84.6508
731.138	84.1226
733.067	83.5168
734.996	82.8675
736.925	82.3234
738.854	82.0394
740.783	81.9876
742.713	82.0488
744.642	82.1491
746.571	82.2221
748.5	82.2247
750.429	82.2427
752.358	82.3945
754.287	82.628
756.216	82.8071
758.146	82.9625
760.075	83.23
762.004	83.5972
763.933	83.9247
765.862	84.1513
767.791	84.3087
769.72	84.4005
771.649	84.4175
773.579	84.4362
775.508	84.5485
777.437	84.6958
779.366	84.7396
781.295	84.6818
783.224	84.6188
785.153	84.5318
787.082	84.3215
789.012	83.9632
790.941	83.4916
792.87	82.904
794.799	82.0907
796.728	80.7914
798.657	78.6308
800.586	75.2181
802.515	70.461
804.445	65.1863
806.374	61.2162
808.303	60.1838
810.232	62.3
812.161	66.5371
814.09	71.5957
816.019	76.3246
817.948	79.8534
819.878	81.9455
821.807	82.9576
823.736	83.3444
825.665	83.4246
827.594	83.3977
829.523	83.3019
831.452	83.0691
833.381	82.6676
835.311	82.1227
837.24	81.4809
839.169	80.7803
841.098	80.0279
843.027	79.2915
844.956	78.7866
846.885	78.7177
848.814	79.062
850.744	79.6195
852.673	80.2202
854.602	80.7874
856.531	81.2566
858.46	81.5757
860.389	81.7702
862.318	81.8887
864.247	81.9314
866.177	81.9268
868.106	81.9448
870.035	81.9613
871.964	81.8906
873.893	81.7728
875.822	81.7184
877.751	81.7087
879.68	81.6493
881.609	81.5407
883.539	81.4365
885.468	81.3188
887.397	81.1326
889.326	80.8812
891.255	80.6074
893.184	80.3275
895.113	80.0366
897.042	79.7525
898.972	79.5303
900.901	79.4378
902.83	79.4888
904.759	79.5967
906.688	79.6453
908.617	79.6038
910.546	79.5153
912.475	79.3903
914.405	79.1875
916.334	78.8997
918.263	78.5839
920.192	78.2843
922.121	77.9878
924.05	77.6806
925.979	77.3834
927.908	77.1052
929.838	76.8187
931.767	76.4858
933.696	76.0752
935.625	75.5846
937.554	75.0479
939.483	74.476
941.412	73.816
943.341	73.0012
945.271	72.001
947.2	70.8375
949.129	69.6177
951.058	68.5012
952.987	67.5341
954.916	66.5389
956.845	65.2554
958.774	63.5999
960.704	61.7455
962.633	59.9678
964.562	58.4767
966.491	57.3546
968.42	56.5444
970.349	55.8917
972.278	55.2469
974.207	54.5171
976.137	53.6494
978.066	52.6728
979.995	51.77
981.924	51.2065
983.853	51.1521
985.782	51.6033
987.711	52.4457
989.64	53.5406
991.57	54.771
993.499	56.0286
995.428	57.1563
997.357	57.9686
999.286	58.3914
1001.22	58.5109
1003.14	58.4323
1005.07	58.208
1007	57.9509
1008.93	57.8353
1010.86	57.9136
1012.79	58.0666
1014.72	58.1365
1016.65	58.0083
1018.58	57.6256
1020.51	57.0039
1022.44	56.1971
1024.36	55.3014
1026.29	54.5362
1028.22	54.1468
1030.15	54.118
1032.08	54.1298
1034.01	53.8675
1035.94	53.265
1037.87	52.4443
1039.8	51.5419
1041.73	50.6355
1043.66	49.7691
1045.58	48.9698
1047.51	48.2013
1049.44	47.3486
1051.37	46.3382
1053.3	45.2728
1055.23	44.4069
1057.16	44.0095
1059.09	44.2278
1061.02	45.0081
1062.95	46.1648
1064.88	47.5588
1066.81	49.1689
1068.73	51.0387
1070.66	53.2329
1072.59	55.7568
1074.52	58.4537
1076.45	61.0829
1078.38	63.4998
1080.31	65.6557
1082.24	67.4801
1084.17	68.8697
1086.1	69.76
1088.03	70.1631
1089.95	70.1469
1091.88	69.7737
1093.81	69.0771
1095.74	68.1176
1097.67	67.0146
1099.6	65.891
1101.53	64.8212
1103.46	63.8374
1105.39	62.9432
1107.32	62.1331
1109.25	61.4319
1111.18	60.9017
1113.1	60.6008
1115.03	60.5553
1116.96	60.7352
1118.89	61.0391
1120.82	61.3379
1122.75	61.5234
1124.68	61.4924
1126.61	61.1418
1128.54	60.3745
1130.47	59.0591
1132.4	57.0667
1134.32	54.4317
1136.25	51.3902
1138.18	48.2316
1140.11	45.2022
1142.04	42.5094
1143.97	40.2922
1145.9	38.5877
1147.83	37.3623
1149.76	36.5449
1151.69	36.0443
1153.62	35.7851
1155.55	35.7253
1157.47	35.8413
1159.4	36.1129
1161.33	36.507
1163.26	36.978
1165.19	37.503
1167.12	38.0829
1169.05	38.7021
1170.98	39.3324
1172.91	39.9674
1174.84	40.6199
1176.77	41.3015
1178.69	42.0179
1180.62	42.7743
1182.55	43.5762
1184.48	44.4241
1186.41	45.3178
1188.34	46.2622
1190.27	47.2554
1192.2	48.296
1194.13	49.4023
1196.06	50.5791
1197.99	51.7991
1199.91	53.0575
1201.84	54.3723
1203.77	55.7199
1205.7	57.0593
1207.63	58.39
1209.56	59.7242
1211.49	61.0642
1213.42	62.4174
1215.35	63.7312
1217.28	64.8449
1219.21	65.6468
1221.14	66.2435
1223.06	66.8107
1224.99	67.3519
1226.92	67.7417
1228.85	67.905
1230.78	67.8229
1232.71	67.4824
1234.64	66.9282
1236.57	66.253
1238.5	65.4977
1240.43	64.6487
1242.36	63.7274
1244.28	62.8016
1246.21	61.9193
1248.14	61.0996
1250.07	60.3797
1252	59.8088
1253.93	59.4042
1255.86	59.1676
1257.79	59.1059
1259.72	59.1962
1261.65	59.4116
1263.58	59.7825
1265.51	60.3328
1267.43	61.0221
1269.36	61.8311
1271.29	62.7882
1273.22	63.8733
1275.15	65.0129
1277.08	66.154
1279.01	67.2699
1280.94	68.3358
1282.87	69.3177
1284.8	70.1559
1286.73	70.7535
1288.65	71.0106
1290.58	70.9386
1292.51	70.7532
1294.44	70.8047
1296.37	71.3981
1298.3	72.6307
1300.23	74.3473
1302.16	76.2585
1304.09	78.111
1306.02	79.746
1307.95	81.0759
1309.87	82.1047
1311.8	82.9065
1313.73	83.5306
1315.66	83.9853
1317.59	84.2885
1319.52	84.4676
1321.45	84.5425
1323.38	84.5354
1325.31	84.4921
1327.24	84.4829
1329.17	84.5502
1331.1	84.6685
1333.02	84.7952
1334.95	84.9462
1336.88	85.1771
1338.81	85.4561
1340.74	85.643
1342.67	85.7258
1344.6	85.8356
1346.53	85.9991
1348.46	86.125
1350.39	86.1841
1352.32	86.2325
1354.24	86.2589
1356.17	86.2048
1358.1	86.1336
1360.03	86.1589
1361.96	86.2145
1363.89	86.1311
1365.82	85.9312
1367.75	85.6923
1369.68	85.4269
1371.61	85.1731
1373.54	84.8181
1375.47	84.1731
1377.39	83.4468
1379.32	82.9043
1381.25	82.485
1383.18	82.1207
1385.11	81.7462
1387.04	81.1101
1388.97	80.2218
1390.9	79.4144
1392.83	78.6721
1394.76	77.8303
1396.69	76.7407
1398.61	75.1151
1400.54	72.9907
1402.47	70.6792
1404.4	68.3634
1406.33	66.7747
1408.26	66.7921
1410.19	68.4544
1412.12	71.352
1414.05	74.5236
1415.98	77.4787
1417.91	80.6032
1419.83	83.4007
1421.76	85.0712
1423.69	86.1207
1425.62	86.9164
1427.55	87.4151
1429.48	87.5795
1431.41	87.4157
1433.34	87.1412
1435.27	86.9266
1437.2	86.5883
1439.13	85.984
1441.06	85.2535
1442.98	84.457
1444.91	83.6718
1446.84	82.9502
1448.77	82.2265
1450.7	81.6271
1452.63	81.3777
1454.56	81.5178
1456.49	81.8597
1458.42	81.6616
1460.35	81.0281
1462.28	80.601
1464.2	80.3689
1466.13	80.1936
1468.06	80.2721
1469.99	80.9007
1471.92	82.1384
1473.85	83.4
1475.78	84.3009
1477.71	85.3553
1479.64	86.7111
1481.57	88.171
1483.5	89.5557
1485.43	90.8209
1487.35	92.0757
1489.28	93.1821
1491.21	93.67
1493.14	93.8337
1495.07	94.1826
1497	94.6524
1498.93	94.8508
1500.86	94.8617
1502.79	95.0307
1504.72	95.5599
1506.65	96.3239
1508.57	96.2834
1510.5	95.6779
1512.43	95.3926
1514.36	95.5685
1516.29	95.9737
1518.22	96.3366
1520.15	96.6474
1522.08	96.8289
1524.01	96.7503
1525.94	96.4973
1527.87	96.2573
1529.8	96.2036
1531.72	96.3533
1533.65	96.5057
1535.58	96.5354
1537.51	96.741
1539.44	97.339
1541.37	97.653
1543.3	97.1525
1545.23	96.641
1547.16	96.4224
1549.09	96.4181
1551.02	96.4791
1552.94	96.5195
1554.87	96.6788
1556.8	97.1385
1558.73	97.4796
1560.66	96.976
1562.59	96.4191
1564.52	96.2012
1566.45	96.2435
1568.38	96.3607
1570.31	96.2674
1572.24	96.0855
1574.16	96.12
1576.09	96.2521
1578.02	96.0982
1579.95	95.8085
1581.88	95.6097
1583.81	95.459
1585.74	95.3458
1587.67	95.3006
1589.6	95.2822
1591.53	95.264
1593.46	95.2467
1595.39	95.1611
1597.31	94.9619
1599.24	94.7529
1601.17	94.6003
1603.1	94.3776
1605.03	94.0199
1606.96	93.6312
1608.89	93.0913
1610.82	92.2339
1612.75	91.3645
1614.68	90.7008
1616.61	90.0826
1618.53	89.6161
1620.46	89.6331
1622.39	90.0244
1624.32	90.308
1626.25	90.2004
1628.18	89.7423
1630.11	88.9394
1632.04	88.1406
1633.97	87.8946
1635.9	88.5091
1637.83	89.5055
1639.76	90.5023
1641.68	91.5733
1643.61	92.6244
1645.54	93.6278
1647.47	94.2989
1649.4	94.4134
1651.33	94.5232
1653.26	94.7876
1655.19	94.442
1657.12	93.8838
1659.05	93.6449
1660.98	93.6201
1662.9	93.4663
1664.83	93.1536
1666.76	93.0233
1668.69	93.0713
1670.62	92.8435
1672.55	92.3783
1674.48	91.9424
1676.41	91.2464
1678.34	90.4118
1680.27	89.8772
1682.2	89.4402
1684.12	88.6183
1686.05	87.4257
1687.98	85.9935
1689.91	84.3919
1691.84	82.8362
1693.77	81.1384
1695.7	79.1061
1697.63	76.858
1699.56	73.776
1701.49	69.8517
1703.42	66.3224
1705.35	62.8463
1707.27	58.8175
1709.2	55.1433
1711.13	52.3668
1713.06	50.0966
1714.99	48.2708
1716.92	46.5226
1718.85	44.4036
1720.78	42.9492
1722.71	42.4734
1724.64	42.5435
1726.57	43.2744
1728.49	44.7254
1730.42	46.5356
1732.35	48.9257
1734.28	52.0098
1736.21	54.6924
1738.14	57.098
1740.07	60.0549
1742	63.3675
1743.93	66.5122
1745.86	69.7245
1747.79	73.2697
1749.72	76.9743
1751.64	80.3442
1753.57	83.1614
1755.5	85.7471
1757.43	88.2938
1759.36	90.4498
1761.29	92.0115
1763.22	93.1848
1765.15	93.963
1767.08	94.4197
1769.01	94.9489
1770.94	95.5843
1772.86	95.8976
1774.79	95.9195
1776.72	95.9305
1778.65	95.9461
1780.58	95.9744
1782.51	96.0105
1784.44	96.0314
1786.37	96.1129
1788.3	96.2909
1790.23	96.5292
1792.16	96.7213
1794.08	96.6793
1796.01	96.5524
1797.94	96.5918
1799.87	96.7218
1801.8	96.7721
1803.73	96.7932
1805.66	96.8335
1807.59	96.8875
1809.52	96.9534
1811.45	96.9048
1813.38	96.7471
1815.31	96.7191
1817.23	96.8539
1819.16	96.9997
1821.09	97.1519
1823.02	97.2923
1824.95	97.3273
1826.88	97.3883
1828.81	97.5781
1830.74	97.6631
1832.67	97.5494
1834.6	97.4731
1836.53	97.4977
1838.45	97.4747
1840.38	97.4147
1842.31	97.5191
1844.24	97.7655
1846.17	97.8052
1848.1	97.6595
1850.03	97.6436
1851.96	97.7779
1853.89	97.8733
1855.82	97.861
1857.75	97.7975
1859.68	97.7574
1861.6	97.7832
1863.53	97.8625
1865.46	98.0115
1867.39	98.245
1869.32	98.3747
1871.25	98.222
1873.18	97.9803
1875.11	97.8845
1877.04	97.957
1878.97	98.0815
1880.9	98.2033
1882.82	98.3269
1884.75	98.412
1886.68	98.4752
1888.61	98.5614
1890.54	98.5647
1892.47	98.4736
1894.4	98.5352
1896.33	98.7763
1898.26	98.8962
1900.19	98.8308
1902.12	98.763
1904.05	98.6931
1905.97	98.571
1907.9	98.545
1909.83	98.708
1911.76	98.8638
1913.69	98.8539
1915.62	98.8502
1917.55	99.0326
1919.48	99.2124
1921.41	99.1804
1923.34	99.0853
1925.27	99.0688
1927.19	99.0589
1929.12	99.0268
1931.05	99.0171
1932.98	99.0372
1934.91	99.0944
1936.84	99.1779
1938.77	99.2831
1940.7	99.4639
1942.63	99.6637
1944.56	99.7132
1946.49	99.634
1948.41	99.5833
1950.34	99.671
1952.27	99.9113
1954.2	100.113
1956.13	100.114
1958.06	100.103
1959.99	100.191
1961.92	100.145
1963.85	100.037
1965.78	100.232
1967.71	100.574
1969.64	100.603
1971.56	100.367
1973.49	100.11
1975.42	99.8714
1977.35	99.8341
1979.28	100.156
1981.21	100.503
1983.14	100.527
1985.07	100.414
1987	100.409
1988.93	100.377
1990.86	100.207
1992.78	100.078
1994.71	100.078
1996.64	100.05
1998.57	99.9699
2000.5	100.009
2002.43	100.137
2004.36	100.162
2006.29	100.157
2008.22	100.245
2010.15	100.21
2012.08	100.012
2014.01	100.044
2015.93	100.366
2017.86	100.576
2019.79	100.61
2021.72	100.636
2023.65	100.464
2025.58	100.021
2027.51	99.7211
2029.44	99.8195
2031.37	100.091
2033.3	100.235
2035.23	100.166
2037.15	100.069
2039.08	100.223
2041.01	100.538
2042.94	100.587
2044.87	100.311
2046.8	100.114
2048.73	100.157
2050.66	100.181
2052.59	100.028
2054.52	99.8024
2056.45	99.6272
2058.37	99.5653
2060.3	99.6011
2062.23	99.6322
2064.16	99.6163
2066.09	99.5923
2068.02	99.5434
2069.95	99.4706
2071.88	99.4544
2073.81	99.4828
2075.74	99.4601
2077.67	99.3993
2079.6	99.3767
2081.52	99.4154
2083.45	99.4952
2085.38	99.5166
2087.31	99.3691
2089.24	99.1712
2091.17	99.1707
2093.1	99.35
2095.03	99.4799
2096.96	99.499
2098.89	99.4682
2100.82	99.3915
2102.74	99.3875
2104.67	99.586
2106.6	99.7569
2108.53	99.643
2110.46	99.4856
2112.39	99.5639
2114.32	99.6696
2116.25	99.5548
2118.18	99.3439
2120.11	99.2247
2122.04	99.2086
2123.97	99.2496
2125.89	99.3281
2127.82	99.4497
2129.75	99.622
2131.68	99.8389
2133.61	100.096
2135.54	100.316
2137.47	100.342
2139.4	100.205
2141.33	100.127
2143.26	100.156
2145.19	100.138
2147.11	100.03
2149.04	99.9692
2150.97	100.072
2152.9	100.267
2154.83	100.329
2156.76	100.245
2158.69	100.381
2160.62	100.87
2162.55	101.171
2164.48	100.826
2166.41	100.176
2168.33	99.7719
2170.26	99.6437
2172.19	99.6234
2174.12	99.7825
2176.05	100.149
2177.98	100.504
2179.91	100.665
2181.84	100.592
2183.77	100.308
2185.7	99.9679
2187.63	99.7531
2189.56	99.6544
2191.48	99.5931
2193.41	99.6303
2195.34	99.8345
2197.27	100.103
2199.2	100.268
2201.13	100.253
2203.06	100.084
2204.99	99.9003
2206.92	99.8878
2208.85	100.009
2210.78	100.019
2212.7	99.9062
2214.63	99.8908
2216.56	99.9352
2218.49	99.8671
2220.42	99.8402
2222.35	100.009
2224.28	100.135
2226.21	100.036
2228.14	99.8911
2230.07	99.8343
2232	99.8232
2233.93	99.8493
2235.85	99.8682
2237.78	99.7815
2239.71	99.65
2241.64	99.5914
2243.57	99.5683
2245.5	99.5423
2247.43	99.5662
2249.36	99.6325
2251.29	99.7217
2253.22	99.856
2255.15	99.9326
2257.07	99.8437
2259	99.7389
2260.93	99.7887
2262.86	99.9236
2264.79	100.041
2266.72	100.118
2268.65	100.109
2270.58	100.046
2272.51	100.054
2274.44	100.107
2276.37	100.069
2278.29	99.9316
2280.22	99.7973
2282.15	99.7567
2284.08	99.8485
2286.01	100.01
2287.94	100.12
2289.87	100.181
2291.8	100.343
2293.73	100.701
2295.66	101.155
2297.59	101.536
2299.52	101.831
2301.44	102.155
2303.37	102.595
2305.3	103.188
2307.23	103.927
2309.16	104.665
2311.09	105.221
2313.02	105.669
2314.95	106.308
2316.88	107.29
2318.81	108.475
2320.74	109.617
2322.66	110.627
2324.59	111.611
2326.52	112.633
2328.45	113.631
2330.38	114.461
2332.31	114.909
2334.24	114.987
2336.17	115.042
2338.1	115.399
2340.03	116.183
2341.96	116.962
2343.89	116.223
2345.81	113.653
2347.74	111.769
2349.67	111.918
2351.6	113.767
2353.53	116.547
2355.46	119.503
2357.39	122.314
2359.32	124.07
2361.25	123.759
2363.18	122.182
2365.11	120.241
2367.03	118.067
2368.96	115.785
2370.89	113.269
2372.82	110.412
2374.75	107.589
2376.68	105.253
2378.61	103.492
2380.54	102.063
2382.47	100.734
2384.4	99.5411
2386.33	98.6973
2388.26	98.3139
2390.18	98.2539
2392.11	98.2558
2394.04	98.195
2395.97	98.1465
2397.9	98.1584
2399.83	98.1282
2401.76	98.0092
2403.69	97.9308
2405.62	97.9619
2407.55	97.9831
2409.48	97.9378
2411.4	97.9404
2413.33	98.0194
2415.26	98.0606
2417.19	98.0486
2419.12	98.0652
2421.05	98.1006
2422.98	98.1144
2424.91	98.1335
2426.84	98.1603
2428.77	98.1693
2430.7	98.1846
2432.62	98.2226
2434.55	98.2567
2436.48	98.2715
2438.41	98.2588
2440.34	98.2171
2442.27	98.1697
2444.2	98.1331
2446.13	98.1344
2448.06	98.1902
2449.99	98.198
2451.92	98.0758
2453.85	97.9715
2455.77	98.0142
2457.7	98.0818
2459.63	98.0955
2461.56	98.1594
2463.49	98.2526
2465.42	98.229
2467.35	98.1172
2469.28	98.0483
2471.21	98.0374
2473.14	98.0585
2475.07	98.1099
2476.99	98.1376
2478.92	98.1046
2480.85	98.0752
2482.78	98.0903
2484.71	98.1039
2486.64	98.1037
2488.57	98.1298
2490.5	98.1834
2492.43	98.222
2494.36	98.2061
2496.29	98.1374
2498.22	98.0758
2500.14	98.0591
2502.07	98.0621
2504	98.0952
2505.93	98.1617
2507.86	98.1483
2509.79	98.0391
2511.72	98.0277
2513.65	98.1298
2515.58	98.1101
2517.51	97.9862
2519.44	98.0286
2521.36	98.2157
2523.29	98.2804
2525.22	98.1979
2527.15	98.1488
2529.08	98.1759
2531.01	98.1743
2532.94	98.0555
2534.87	97.8439
2536.8	97.71
2538.73	97.8181
2540.66	98.0903
2542.58	98.2663
2544.51	98.2211
2546.44	98.0804
2548.37	98.0014
2550.3	97.9795
2552.23	97.9349
2554.16	97.8672
2556.09	97.8257
2558.02	97.8342
2559.95	97.8949
2561.88	97.9364
2563.81	97.8474
2565.73	97.706
2567.66	97.7148
2569.59	97.8175
2571.52	97.7981
2573.45	97.7254
2575.38	97.7728
2577.31	97.8158
2579.24	97.7257
2581.17	97.6763
2583.1	97.7532
2585.03	97.762
2586.95	97.654
2588.88	97.6295
2590.81	97.7422
2592.74	97.8362
2594.67	97.8241
2596.6	97.7264
2598.53	97.5759
2600.46	97.459
2602.39	97.4684
2604.32	97.5493
2606.25	97.5758
2608.18	97.5367
2610.1	97.4703
2612.03	97.3531
2613.96	97.2088
2615.89	97.1295
2617.82	97.1141
2619.75	97.0932
2621.68	97.0698
2623.61	97.0516
2625.54	96.9959
2627.47	96.9335
2629.4	96.9391
2631.32	96.9746
2633.25	96.9526
2635.18	96.8752
2637.11	96.8002
2639.04	96.7759
2640.97	96.7975
2642.9	96.7749
2644.83	96.6682
2646.76	96.5989
2648.69	96.6325
2650.62	96.6336
2652.54	96.5427
2654.47	96.5157
2656.4	96.605
2658.33	96.6312
2660.26	96.5114
2662.19	96.3966
2664.12	96.3932
2666.05	96.4272
2667.98	96.4265
2669.91	96.4134
2671.84	96.4078
2673.77	96.4056
2675.69	96.421
2677.62	96.4533
2679.55	96.4745
2681.48	96.4859
2683.41	96.5051
2685.34	96.5023
2687.27	96.4327
2689.2	96.3257
2691.13	96.2773
2693.06	96.3322
2694.99	96.4156
2696.91	96.4331
2698.84	96.3881
2700.77	96.3338
2702.7	96.2885
2704.63	96.2537
2706.56	96.2275
2708.49	96.1908
2710.42	96.1511
2712.35	96.1444
2714.28	96.1588
2716.21	96.1458
2718.14	96.1055
2720.06	96.0798
2721.99	96.0869
2723.92	96.0982
2725.85	96.0557
2727.78	95.9431
2729.71	95.8369
2731.64	95.8035
2733.57	95.7904
2735.5	95.742
2737.43	95.7293
2739.36	95.813
2741.28	95.9035
2743.21	95.9069
2745.14	95.8748
2747.07	95.8845
2749	95.9127
2750.93	95.9112
2752.86	95.8895
2754.79	95.8768
2756.72	95.8761
2758.65	95.8652
2760.58	95.8085
2762.51	95.6964
2764.43	95.5952
2766.36	95.5973
2768.29	95.684
2770.22	95.7321
2772.15	95.705
2774.08	95.6991
2776.01	95.7507
2777.94	95.7625
2779.87	95.6657
2781.8	95.5134
2783.73	95.3939
2785.65	95.3439
2787.58	95.3493
2789.51	95.3775
2791.44	95.3926
2793.37	95.3783
2795.3	95.3575
2797.23	95.3278
2799.16	95.2356
2801.09	95.1309
2803.02	95.16
2804.95	95.2739
2806.87	95.2618
2808.8	95.1274
2810.73	95.0324
2812.66	94.9722
2814.59	94.8835
2816.52	94.812
2818.45	94.748
2820.38	94.6204
2822.31	94.4758
2824.24	94.3665
2826.17	94.2152
2828.1	93.9951
2830.02	93.8166
2831.95	93.7076
2833.88	93.5213
2835.81	93.1887
2837.74	92.8913
2839.67	92.7827
2841.6	92.6933
2843.53	92.4078
2845.46	92.0475
2847.39	91.8253
2849.32	91.6481
2851.24	91.2877
2853.17	90.7212
2855.1	90.0863
2857.03	89.5037
2858.96	89.0141
2860.89	88.5518
2862.82	88.022
2864.75	87.4518
2866.68	86.9547
2868.61	86.5347
2870.54	86.1132
2872.47	85.785
2874.39	85.809
2876.32	86.2502
2878.25	86.8365
2880.18	87.2666
2882.11	87.4961
2884.04	87.6536
2885.97	87.818
2887.9	87.9532
2889.83	88.0187
2891.76	88.0229
2893.69	87.9496
2895.61	87.7823
2897.54	87.5659
2899.47	87.321
2901.4	87.0867
2903.33	87.0526
2905.26	87.2755
2907.19	87.4386
2909.12	87.3194
2911.05	87.1098
2912.98	86.9274
2914.91	86.5872
2916.83	86.0716
2918.76	85.6231
2920.69	85.3085
2922.62	84.981
2924.55	84.5759
2926.48	84.119
2928.41	83.6516
2930.34	83.3019
2932.27	83.1866
2934.2	83.2378
2936.13	83.3679
2938.06	83.6534
2939.98	84.0903
2941.91	84.4493
2943.84	84.611
2945.77	84.6717
2947.7	84.5937
2949.63	84.2188
2951.56	83.656
2953.49	83.1985
2955.42	82.9088
2957.35	82.6708
2959.28	82.558
2961.2	82.7955
2963.13	83.4176
2965.06	84.2866
2966.99	85.3587
2968.92	86.6057
2970.85	87.8193
2972.78	88.8134
2974.71	89.6163
2976.64	90.3047
2978.57	90.9326
2980.5	91.5683
2982.43	92.1543
2984.35	92.5815
2986.28	92.9729
2988.21	93.5039
2990.14	94.0326
2992.07	94.3026
2994	94.3425
2995.93	94.4108
2997.86	94.6589
2999.79	94.9509
3001.72	95.0759
3003.65	95.1115
3005.57	95.2977
3007.5	95.5624
3009.43	95.6406
3011.36	95.6158
3013.29	95.7639
3015.22	95.9868
3017.15	96.0105
3019.08	95.9546
3021.01	96.093
3022.94	96.3172
3024.87	96.3812
3026.79	96.3353
3028.72	96.3193
3030.65	96.3136
3032.58	96.2753
3034.51	96.181
3036.44	96.0155
3038.37	95.9313
3040.3	96.0924
3042.23	96.2939
3044.16	96.2252
3046.09	95.9939
3048.02	95.8956
3049.94	95.9536
3051.87	96.0602
3053.8	96.1984
3055.73	96.3383
3057.66	96.4478
3059.59	96.537
3061.52	96.4844
3063.45	96.1724
3065.38	95.8783
3067.31	95.9826
3069.24	96.3078
3071.16	96.3653
3073.09	96.1129
3075.02	95.9192
3076.95	95.9969
3078.88	96.2516
3080.81	96.4376
3082.74	96.3863
3084.67	96.2487
3086.6	96.2357
3088.53	96.1956
3090.46	96.0089
3092.39	95.9987
3094.31	96.2704
3096.24	96.3593
3098.17	96.083
3100.1	95.7999
3102.03	95.6293
3103.96	95.4577
3105.89	95.4487
3107.82	95.6789
3109.75	95.8213
3111.68	95.7171
3113.61	95.6158
3115.53	95.6596
3117.46	95.7224
3119.39	95.7223
3121.32	95.7058
3123.25	95.7347
3125.18	95.8306
3127.11	95.9455
3129.04	96.0349
3130.97	96.1402
3132.9	96.2518
3134.83	96.2363
3136.75	96.0839
3138.68	95.9615
3140.61	95.9042
3142.54	95.8202
3144.47	95.7863
3146.4	95.8808
3148.33	95.8825
3150.26	95.6675
3152.19	95.5388
3154.12	95.6448
3156.05	95.645
3157.98	95.3843
3159.9	95.2199
3161.83	95.3787
3163.76	95.6552
3165.69	95.803
3167.62	95.7438
3169.55	95.5383
3171.48	95.3741
3173.41	95.3449
3175.34	95.3188
3177.27	95.2416
3179.2	95.2521
3181.12	95.3245
3183.05	95.2085
3184.98	94.8673
3186.91	94.6309
3188.84	94.7475
3190.77	95.0337
3192.7	95.1793
3194.63	95.1626
3196.56	95.0901
3198.49	94.9586
3200.42	94.8174
3202.35	94.7384
3204.27	94.6322
3206.2	94.5054
3208.13	94.5299
3210.06	94.6082
3211.99	94.5212
3213.92	94.4371
3215.85	94.5615
3217.78	94.7053
3219.71	94.7195
3221.64	94.7108
3223.57	94.6575
3225.49	94.4643
3227.42	94.2498
3229.35	94.1538
3231.28	94.1677
3233.21	94.2465
3235.14	94.3097
3237.07	94.2659
3239	94.1452
3240.93	94.0058
3242.86	93.8313
3244.79	93.6667
3246.72	93.5915
3248.64	93.5676
3250.57	93.5704
3252.5	93.6727
3254.43	93.8106
3256.36	93.7837
3258.29	93.609
3260.22	93.5104
3262.15	93.5246
3264.08	93.5002
3266.01	93.4506
3267.94	93.5055
3269.86	93.597
3271.79	93.5697
3273.72	93.4438
3275.65	93.2891
3277.58	93.0889
3279.51	92.8939
3281.44	92.8116
3283.37	92.8239
3285.3	92.8588
3287.23	92.8911
3289.16	92.8342
3291.08	92.6169
3293.01	92.39
3294.94	92.3358
3296.87	92.3758
3298.8	92.3489
3300.73	92.3053
3302.66	92.3612
3304.59	92.4213
3306.52	92.3408
3308.45	92.2223
3310.38	92.1982
3312.31	92.1246
3314.23	91.9437
3316.16	91.9419
3318.09	92.1625
3320.02	92.2058
3321.95	91.9638
3323.88	91.7583
3325.81	91.6819
3327.74	91.6035
3329.67	91.5624
3331.6	91.5818
3333.53	91.5532
3335.45	91.5147
3337.38	91.5687
3339.31	91.6614
3341.24	91.7264
3343.17	91.7183
3345.1	91.5491
3347.03	91.3162
3348.96	91.2553
3350.89	91.345
3352.82	91.4089
3354.75	91.417
3356.68	91.3885
3358.6	91.3402
3360.53	91.3379
3362.46	91.3168
3364.39	91.1075
3366.32	90.7896
3368.25	90.6468
3370.18	90.7587
3372.11	90.9853
3374.04	91.2409
3375.97	91.4717
3377.9	91.5234
3379.82	91.34
3381.75	91.1267
3383.68	91.0763
3385.61	91.1337
3387.54	91.164
3389.47	91.1342
3391.4	91.0864
3393.33	91.0772
3395.26	91.092
3397.19	91.045
3399.12	90.9553
3401.04	90.9527
3402.97	91.0674
3404.9	91.2114
3406.83	91.3182
3408.76	91.3602
3410.69	91.3218
3412.62	91.2299
3414.55	91.1483
3416.48	91.1258
3418.41	91.1356
3420.34	91.099
3422.27	91.051
3424.19	91.1264
3426.12	91.2643
3428.05	91.2669
3429.98	91.1759
3431.91	91.1741
3433.84	91.1837
3435.77	91.051
3437.7	90.9754
3439.63	91.2172
3441.56	91.578
3443.49	91.6612
3445.41	91.4693
3447.34	91.3125
3449.27	91.3409
3451.2	91.4883
3453.13	91.6775
3455.06	91.8396
3456.99	91.9084
3458.92	91.8943
3460.85	91.8501
3462.78	91.7786
3464.71	91.632
3466.64	91.4297
3468.56	91.3206
3470.49	91.3799
3472.42	91.4514
3474.35	91.4065
3476.28	91.3677
3478.21	91.4589
3480.14	91.6077
3482.07	91.707
3484	91.7005
3485.93	91.5576
3487.86	91.3933
3489.78	91.4409
3491.71	91.6962
3493.64	91.8667
3495.57	91.7658
3497.5	91.4829
3499.43	91.2149
3501.36	91.1007
3503.29	91.1309
3505.22	91.1567
3507.15	91.1752
3509.08	91.3381
3511	91.5593
3512.93	91.5946
3514.86	91.4904
3516.79	91.4195
3518.72	91.3703
3520.65	91.3144
3522.58	91.3391
3524.51	91.4727
3526.44	91.6205
3528.37	91.6947
3530.3	91.7304
3532.23	91.8469
3534.15	92.0021
3536.08	91.9934
3538.01	91.8433
3539.94	91.8097
3541.87	91.9363
3543.8	92.0848
3545.73	92.2019
3547.66	92.246
3549.59	92.1875
3551.52	92.1094
3553.45	92.0561
3555.37	92.0408
3557.3	92.1891
3559.23	92.4956
3561.16	92.707
3563.09	92.8175
3565.02	93.1384
3566.95	93.5936
3568.88	93.6756
3570.81	93.483
3572.74	93.4687
3574.67	93.7765
3576.6	94.2877
3578.52	94.7632
3580.45	95.0336
3582.38	95.1225
3584.31	95.1412
3586.24	95.1202
3588.17	95.1329
3590.1	95.3597
3592.03	95.815
3593.96	96.3484
3595.89	96.7325
3597.82	96.8754
3599.74	96.8699
3601.67	96.7865
3603.6	96.7268
3605.53	96.7519
3607.46	96.7713
3609.39	96.7923
3611.32	96.9846
3613.25	97.2437
3615.18	97.3254
3617.11	97.3224
3619.04	97.4298
3620.97	97.6018
3622.89	97.7496
3624.82	97.8515
3626.75	97.9211
3628.68	98.1394
3630.61	98.4353
3632.54	98.324
3634.47	97.9017
3636.4	97.5988
3638.33	97.4189
3640.26	97.0653
3642.19	96.6529
3644.11	96.6059
3646.04	97.1642
3647.97	98.2662
3649.9	98.8765
3651.83	98.1893
3653.76	97.4255
3655.69	97.3178
3657.62	97.5489
3659.55	97.5643
3661.48	97.4296
3663.41	97.3054
3665.33	97.1924
3667.26	97.301
3669.19	97.8281
3671.12	98.3059
3673.05	98.3319
3674.98	98.2149
3676.91	97.956
3678.84	97.5393
3680.77	97.3932
3682.7	97.5772
3684.63	97.7132
3686.56	97.7794
3688.48	98.2972
3690.41	99.03
3692.34	98.963
3694.27	98.4616
3696.2	98.2595
3698.13	98.2624
3700.06	98.1062
3701.99	97.9852
3703.92	98.2022
3705.85	98.4991
3707.78	98.6586
3709.7	98.7263
3711.63	98.6207
3713.56	98.3577
3715.49	98.1841
3717.42	98.1232
3719.35	98.2202
3721.28	98.699
3723.21	99.3801
3725.14	99.64
3727.07	99.4284
3729	99.2791
3730.93	99.2471
3732.85	99.0416
3734.78	98.7876
3736.71	98.841
3738.64	99.0055
3740.57	99.0855
3742.5	99.1266
3744.43	99.0438
3746.36	98.8785
3748.29	98.9488
3750.22	99.1142
3752.15	98.7705
3754.07	98.0881
3756	97.711
3757.93	97.6928
3759.86	97.7839
3761.79	97.7848
3763.72	97.7627
3765.65	97.8294
3767.58	97.9939
3769.51	98.1298
3771.44	97.9969
3773.37	97.5783
3775.29	97.2384
3777.22	97.2744
3779.15	97.5464
3781.08	97.6355
3783.01	97.5168
3784.94	97.4448
3786.87	97.4507
3788.8	97.4229
3790.73	97.4084
3792.66	97.5528
3794.59	97.8162
3796.52	97.944
3798.44	97.9256
3800.37	98.0559
3802.3	98.2211
3804.23	97.9976
3806.16	97.5935
3808.09	97.4102
3810.02	97.3864
3811.95	97.3603
3813.88	97.5042
3815.81	97.9012
3817.74	98.1613
3819.66	98.0951
3821.59	97.9862
3823.52	97.9979
3825.45	97.96
3827.38	97.7864
3829.31	97.6594
3831.24	97.7446
3833.17	97.8911
3835.1	97.9736
3837.03	98.1686
3838.96	98.4111
3840.89	98.2726
3842.81	97.876
3844.74	97.6406
3846.67	97.5822
3848.6	97.5444
3850.53	97.6534
3852.46	98.1741
3854.39	98.5998
3856.32	98.1686
3858.25	97.5557
3860.18	97.3672
3862.11	97.6615
3864.03	98.0612
3865.96	98.186
3867.89	98.1189
3869.82	98.0627
3871.75	97.9999
3873.68	97.7984
3875.61	97.5561
3877.54	97.491
3879.47	97.6121
3881.4	97.7423
3883.33	97.8387
3885.25	97.9025
3887.18	97.7754
3889.11	97.5095
3891.04	97.3509
3892.97	97.337
3894.9	97.3524
3896.83	97.424
3898.76	97.6197
3900.69	97.8877
3902.62	98.1002
3904.55	98.0886
3906.48	97.758
3908.4	97.3191
3910.33	97.0344
3912.26	96.9797
3914.19	97.09
3916.12	97.2613
3918.05	97.3807
3919.98	97.4015
3921.91	97.4054
3923.84	97.4012
3925.77	97.3068
3927.7	97.2294
3929.62	97.3654
3931.55	97.6027
3933.48	97.6121
3935.41	97.3934
3937.34	97.2129
3939.27	97.1887
3941.2	97.2917
3943.13	97.4287
3945.06	97.4866
3946.99	97.4351
3948.92	97.3011
3950.85	97.1359
3952.77	97.0557
3954.7	97.0901
3956.63	97.0973
3958.56	97.0117
3960.49	96.9622
3962.42	97.0136
3964.35	97.0848
3966.28	97.1322
3968.21	97.1498
3970.14	97.103
3972.07	97.0244
3973.99	97.0141
3975.92	97.081
3977.85	97.1263
3979.78	97.0959
3981.71	97.0272
3983.64	96.9523
3985.57	96.8908
3987.5	96.912
3989.43	97.0237
3991.36	97.0818
3993.29	97.0195
3995.22	96.9947
3997.14	97.1049
