499.643	79.9681
501.572	79.4887
503.501	78.5304
505.43	78.9311
507.36	79.9193
509.289	80.03
511.218	79.3751
513.147	79.255
515.076	80.1175
517.005	80.9079
518.934	80.7083
520.863	80.1684
522.792	79.9762
524.722	79.8547
526.651	79.6964
528.58	79.8462
530.509	80.1902
532.438	80.4072
534.367	80.4983
536.296	80.4283
538.225	80.1812
540.155	80.161
542.084	80.5376
544.013	80.7812
545.942	80.5819
547.871	80.3097
549.8	80.2632
551.729	80.3798
553.658	80.5569
555.588	80.6635
557.517	80.6287
559.446	80.6663
561.375	80.8743
563.304	80.8839
565.233	80.5093
567.162	80.2098
569.091	80.3732
571.021	80.7567
572.95	81.0477
574.879	81.2691
576.808	81.4587
578.737	81.5578
580.666	81.5366
582.595	81.3093
584.524	80.8495
586.454	80.4356
588.383	80.378
590.312	80.6249
592.241	80.8948
594.17	81.0285
596.099	81.0215
598.028	80.8912
599.957	80.7092
601.887	80.5634
603.816	80.3913
605.745	80.1174
607.674	79.9059
609.603	79.9517
611.532	80.1723
613.461	80.4022
615.39	80.6024
617.32	80.6865
619.249	80.5789
621.178	80.4563
623.107	80.5006
625.036	80.6618
626.965	80.8608
628.894	81.1124
630.823	81.3753
632.753	81.5658
634.682	81.7084
636.611	81.888
638.54	82.1625
640.469	82.5798
642.398	83.0945
644.327	83.5584
646.256	83.9643
648.186	84.3821
650.115	84.6776
652.044	84.7691
653.973	84.7972
655.902	84.7616
657.831	84.5716
659.76	84.2689
661.689	83.911
663.619	83.7295
665.548	84.2382
667.477	85.7481
669.406	86.6066
671.335	85.9664
673.264	85.5634
675.193	85.7458
677.122	85.974
679.052	86.1068
680.981	86.3966
682.91	86.6736
684.839	86.7126
686.768	86.6893
688.697	86.7367
690.626	86.7663
692.555	86.7449
694.485	86.7365
696.414	86.747
698.343	86.7107
700.272	86.6012
702.201	86.4835
704.13	86.4181
706.059	86.3708
707.988	86.3072
709.917	86.2921
711.847	86.3488
713.776	86.3622
715.705	86.3117
717.634	86.3448
719.563	86.4181
721.492	86.2417
723.421	85.7835
725.35	85.3144
727.28	84.9356
729.209	84.524
731.138	84.0003
733.067	83.398
734.996	82.8034
736.925	82.3322
738.854	82.0593
740.783	81.975
742.713	82.022
744.642	82.1197
746.571	82.181
748.5	82.181
750.429	82.1912
752.358	82.3019
754.287	82.5257
756.216	82.8025
758.146	83.0705
760.075	83.3012
762.004	83.4981
763.933	83.692
765.862	83.9075
767.791	84.1229
769.72	84.2865
771.649	84.3768
773.579	84.4404
775.508	84.5378
777.437	84.6424
779.366	84.6813
781.295	84.6655
783.224	84.6334
785.153	84.5232
787.082	84.2633
789.012	83.8798
790.941	83.4021
792.87	82.7923
794.799	81.9732
796.728	80.7536
798.657	78.7146
800.586	75.3386
802.515	70.5388
804.445	65.2776
806.374	61.3897
808.303	60.375
810.232	62.4147
812.161	66.5798
814.09	71.6019
816.019	76.3071
817.948	79.8509
819.878	81.9909
821.807	83.0219
823.736	83.3934
825.665	83.46
827.594	83.4128
829.523	83.2788
831.452	83.0157
833.381	82.6168
835.311	82.1174
837.24	81.5382
839.169	80.8494
841.098	80.0397
843.027	79.2523
844.956	78.7498
846.885	78.6866
848.814	79.0085
850.744	79.5638
852.673	80.2055
854.602	80.8025
856.531	81.2533
858.46	81.5313
860.389	81.6905
862.318	81.7902
864.247	81.8424
866.177	81.8618
868.106	81.8872
870.035	81.9042
871.964	81.8651
873.893	81.7962
875.822	81.7414
877.751	81.6611
879.68	81.5385
881.609	81.4474
883.539	81.397
885.468	81.2908
887.397	81.0939
889.326	80.8611
891.255	80.6074
893.184	80.3117
895.113	80.0047
897.042	79.7378
898.972	79.5276
900.901	79.3998
902.83	79.4046
904.759	79.52
906.688	79.6232
908.617	79.6236
910.546	79.5395
912.475	79.3947
914.405	79.1605
916.334	78.8509
918.263	78.5415
920.192	78.2519
922.121	77.9383
924.05	77.6155
925.979	77.3445
927.908	77.1054
929.838	76.815
931.767	76.4491
933.696	76.0347
935.625	75.5683
937.554	75.0331
939.483	74.4377
941.412	73.77
943.341	72.9642
945.271	71.9594
947.2	70.7813
949.129	69.561
951.058	68.4571
952.987	67.5113
954.916	66.554
956.845	65.3076
958.774	63.6555
960.704	61.7784
962.633	59.988
964.562	58.5016
966.491	57.3834
968.42	56.5666
970.349	55.8991
972.278	55.245
974.207	54.5244
976.137	53.6683
978.066	52.6821
979.995	51.7708
981.924	51.2351
983.853	51.2201
985.782	51.6703
987.711	52.4813
989.64	53.5666
991.57	54.812
993.499	56.0655
995.428	57.1626
997.357	57.9564
999.286	58.3871
1001.22	58.5131
1003.14	58.4259
1005.07	58.195
1007	57.9334
1008.93	57.8002
1010.86	57.8603
1012.79	58.0138
1014.72	58.0942
1016.65	57.977
1018.58	57.6027
1020.51	56.9648
1022.44	56.1191
1024.36	55.2129
1026.29	54.4749
1028.22	54.0921
1030.15	54.0376
1032.08	54.0456
1034.01	53.8134
1035.94	53.2395
1037.87	52.4381
1039.8	51.5532
1041.73	50.654
1043.66	49.7839
1045.58	48.9728
1047.51	48.1769
1049.44	47.2971
1051.37	46.2904
1053.3	45.2577
1055.23	44.4329
1057.16	44.0612
1059.09	44.2567
1061.02	44.9794
1062.95	46.1143
1064.88	47.5363
1066.81	49.1668
1068.73	51.0352
1070.66	53.2263
1072.59	55.7311
1074.52	58.4017
1076.45	61.0396
1078.38	63.4769
1080.31	65.6091
1082.24	67.3893
1084.17	68.7742
1086.1	69.6979
1088.03	70.129
1089.95	70.1068
1091.88	69.7011
1093.81	68.9809
1095.74	68.0324
1097.67	66.9623
1099.6	65.8633
1101.53	64.7957
1103.46	63.7965
1105.39	62.8725
1107.32	62.0183
1109.25	61.2882
1111.18	60.7889
1113.1	60.5572
1115.03	60.5389
1116.96	60.6939
1118.89	60.9927
1120.82	61.3248
1122.75	61.5294
1124.68	61.4892
1126.61	61.1231
1128.54	60.3254
1130.47	58.9596
1132.4	56.9329
1134.32	54.3042
1136.25	51.2958
1138.18	48.1701
1140.11	45.1493
1142.04	42.4425
1143.97	40.2162
1145.9	38.5172
1147.83	37.3036
1149.76	36.5098
1151.69	36.0395
1153.62	35.7899
1155.55	35.7189
1157.47	35.833
1159.4	36.12
1161.33	36.5265
1163.26	37.0013
1165.19	37.5377
1167.12	38.1353
1169.05	38.7528
1170.98	39.3645
1172.91	39.9971
1174.84	40.6605
1176.77	41.3341
1178.69	42.0299
1180.62	42.7786
1182.55	43.585
1184.48	44.4422
1186.41	45.3441
1188.34	46.2873
1190.27	47.2779
1192.2	48.3187
1194.13	49.4108
1196.06	50.5703
1197.99	51.7992
1199.91	53.0694
1201.84	54.3698
1203.77	55.7109
1205.7	57.0742
1207.63	58.4144
1209.56	59.7183
1211.49	61.0278
1213.42	62.3835
1215.35	63.7167
1217.28	64.8348
1219.21	65.6212
1221.14	66.2084
1223.06	66.787
1224.99	67.332
1226.92	67.6918
1228.85	67.8174
1230.78	67.7224
1232.71	67.3846
1234.64	66.8367
1236.57	66.1821
1238.5	65.4506
1240.43	64.6004
1242.36	63.6602
1244.28	62.7282
1246.21	61.8595
1248.14	61.06
1250.07	60.3604
1252	59.8132
1253.93	59.4259
1255.86	59.1773
1257.79	59.0897
1259.72	59.1903
1261.65	59.4396
1263.58	59.8006
1265.51	60.31
1267.43	61.0024
1269.36	61.852
1271.29	62.8259
1273.22	63.9025
1275.15	65.0277
1277.08	66.1376
1279.01	67.221
1280.94	68.2905
1282.87	69.2993
1284.8	70.154
1286.73	70.7657
1288.65	71.0445
1290.58	70.9762
1292.51	70.7715
1294.44	70.8156
1296.37	71.4219
1298.3	72.6547
1300.23	74.3547
1302.16	76.2589
1304.09	78.1066
1306.02	79.7172
1307.95	81.0301
1309.87	82.0756
1311.8	82.8914
1313.73	83.4925
1315.66	83.9192
1317.59	84.2239
1319.52	84.4124
1321.45	84.4816
1323.38	84.4778
1325.31	84.4678
1327.24	84.494
1329.17	84.5553
1331.1	84.629
1333.02	84.7206
1334.95	84.8738
1336.88	85.1225
1338.81	85.4119
1340.74	85.6092
1342.67	85.6994
1344.6	85.7953
1346.53	85.9416
1348.46	86.0828
1350.39	86.1731
1352.32	86.2242
1354.24	86.2347
1356.17	86.182
1358.1	86.1195
1360.03	86.1343
1361.96	86.1743
1363.89	86.0923
1365.82	85.8934
1367.75	85.642
1369.68	85.3674
1371.61	85.1178
1373.54	84.7706
1375.47	84.1243
1377.39	83.3872
1379.32	82.8416
1381.25	82.4404
1383.18	82.0941
1385.11	81.713
1387.04	81.0666
1388.97	80.1912
1390.9	79.4018
1392.83	78.6714
1394.76	77.8454
1396.69	76.7691
1398.61	75.1441
1400.54	73.0108
1402.47	70.6821
1404.4	68.3555
1406.33	66.7885
1408.26	66.8443
1410.19	68.5234
1412.12	71.4078
1414.05	74.5503
1415.98	77.476
1417.91	80.5876
1419.83	83.3892
1421.76	85.0583
1423.69	86.1067
1425.62	86.9047
1427.55	87.3807
1429.48	87.5032
1431.41	87.3411
1433.34	87.1285
1435.27	86.979
1437.2	86.645
1439.13	85.9972
1441.06	85.2403
1442.98	84.4446
1444.91	83.6603
1446.84	82.9266
1448.77	82.1928
1450.7	81.5919
1452.63	81.3493
1454.56	81.518
1456.49	81.8926
1458.42	81.6654
1460.35	80.9997
1462.28	80.5857
1464.2	80.3615
1466.13	80.1537
1468.06	80.2167
1469.99	80.8753
1471.92	82.1548
1473.85	83.4346
1475.78	84.3488
1477.71	85.4226
1479.64	86.7775
1481.57	88.2052
1483.5	89.5602
1485.43	90.8365
1487.35	92.1274
1489.28	93.2317
1491.21	93.6732
1493.14	93.8183
1495.07	94.1902
1497	94.7008
1498.93	94.9289
1500.86	94.9438
1502.79	95.0972
1504.72	95.6074
1506.65	96.366
1508.57	96.305
1510.5	95.6614
1512.43	95.372
1514.36	95.5892
1516.29	96.0321
1518.22	96.3898
1520.15	96.6766
1522.08	96.84
1524.01	96.7595
1525.94	96.5175
1527.87	96.2788
1529.8	96.2209
1531.72	96.3834
1533.65	96.5424
1535.58	96.5514
1537.51	96.7615
1539.44	97.4186
1541.37	97.7571
1543.3	97.2073
1545.23	96.6683
1547.16	96.4433
1549.09	96.4288
1551.02	96.4793
1552.94	96.5184
1554.87	96.6854
1556.8	97.1572
1558.73	97.5155
1560.66	97.045
1562.59	96.5079
1564.52	96.259
1566.45	96.2278
1568.38	96.2987
1570.31	96.2223
1572.24	96.0624
1574.16	96.1185
1576.09	96.2906
1578.02	96.1332
1579.95	95.8071
1581.88	95.6231
1583.81	95.5173
1585.74	95.3826
1587.67	95.2697
1589.6	95.232
1591.53	95.2308
1593.46	95.2065
1595.39	95.125
1597.31	94.9805
1599.24	94.8136
1601.17	94.6372
1603.1	94.3687
1605.03	94.0078
1606.96	93.6485
1608.89	93.1197
1610.82	92.2461
1612.75	91.3827
1614.68	90.7739
1616.61	90.2104
1618.53	89.7317
1620.46	89.7127
1622.39	90.0814
1624.32	90.3502
1626.25	90.2322
1628.18	89.7613
1630.11	88.9467
1632.04	88.1722
1633.97	87.9981
1635.9	88.6495
1637.83	89.5768
1639.76	90.5194
1641.68	91.6011
1643.61	92.6729
1645.54	93.6484
1647.47	94.2748
1649.4	94.4125
1651.33	94.5788
1653.26	94.8482
1655.19	94.4684
1657.12	93.9258
1659.05	93.7062
1660.98	93.6572
1662.9	93.4604
1664.83	93.1411
1666.76	93.031
1668.69	93.111
1670.62	92.9086
1672.55	92.4395
1674.48	91.9919
1676.41	91.2927
1678.34	90.4479
1680.27	89.8941
1682.2	89.4353
1684.12	88.5973
1686.05	87.4321
1687.98	86.0463
1689.91	84.4393
1691.84	82.8361
1693.77	81.1471
1695.7	79.1997
1697.63	76.9595
1699.56	73.7553
1701.49	69.7682
1703.42	66.2581
1705.35	62.7897
1707.27	58.7806
1709.2	55.1561
1711.13	52.3929
1713.06	50.0822
1714.99	48.2165
1716.92	46.4508
1718.85	44.306
1720.78	42.8601
1722.71	42.4577
1724.64	42.6097
1726.57	43.3534
1728.49	44.7576
1730.42	46.5283
1732.35	48.9092
1734.28	52.0026
1736.21	54.6992
1738.14	57.1063
1740.07	60.0404
1742	63.3291
1743.93	66.4889
1745.86	69.7278
1747.79	73.2351
1749.72	76.835
1751.64	80.1627
1753.57	83.0212
1755.5	85.6382
1757.43	88.2127
1759.36	90.463
1761.29	92.1174
1763.22	93.2592
1765.15	93.9516
1767.08	94.4017
1769.01	95.0009
1770.94	95.6978
1772.86	95.9977
1774.79	95.9459
1776.72	95.8962
1778.65	95.9065
1780.58	95.9618
1782.51	96.0071
1784.44	96.0084
1786.37	96.0573
1788.3	96.2276
1790.23	96.5382
1792.16	96.8535
1794.08	96.8305
1796.01	96.6253
1797.94	96.6176
1799.87	96.7348
1801.8	96.7435
1803.73	96.7325
1805.66	96.8016
1807.59	96.8957
1809.52	96.9719
1811.45	96.9464
1813.38	96.8328
1815.31	96.7876
1817.23	96.8043
1819.16	96.8277
1821.09	96.97
1823.02	97.1967
1824.95	97.3151
1826.88	97.4072
1828.81	97.6106
1830.74	97.6987
1832.67	97.5471
1834.6	97.4211
1836.53	97.4602
1838.45	97.5365
1840.38	97.5556
1842.31	97.6116
1844.24	97.7242
1846.17	97.7295
1848.1	97.6636
1850.03	97.7014
1851.96	97.8222
1853.89	97.8897
1855.82	97.8597
1857.75	97.7783
1859.68	97.7181
1861.6	97.7261
1863.53	97.825
1865.46	98.0585
1867.39	98.3605
1869.32	98.451
1871.25	98.2698
1873.18	98.093
1875.11	98.0263
1877.04	98.0332
1878.97	98.1075
1880.9	98.2371
1882.82	98.3763
1884.75	98.4704
1886.68	98.4943
1888.61	98.487
1890.54	98.4902
1892.47	98.4977
1894.4	98.5303
1896.33	98.5995
1898.26	98.6391
1900.19	98.6417
1902.12	98.6804
1904.05	98.7476
1905.97	98.7944
1907.9	98.8691
1909.83	98.9987
1911.76	99.0506
1913.69	98.962
1915.62	98.9109
1917.55	99.033
1919.48	99.1731
1921.41	99.2003
1923.34	99.1944
1925.27	99.1242
1927.19	98.9368
1929.12	98.843
1931.05	99.0051
1932.98	99.2179
1934.91	99.2355
1936.84	99.1499
1938.77	99.2268
1940.7	99.521
1942.63	99.7912
1944.56	99.8596
1946.49	99.8169
1948.41	99.6898
1950.34	99.5015
1952.27	99.5078
1954.2	99.7899
1956.13	100.094
1958.06	100.321
1959.99	100.479
1961.92	100.417
1963.85	100.261
1965.78	100.383
1967.71	100.636
1969.64	100.597
1971.56	100.407
1973.49	100.369
1975.42	100.393
1977.35	100.396
1979.28	100.499
1981.21	100.673
1983.14	100.796
1985.07	100.848
1987	100.779
1988.93	100.561
1990.86	100.312
1992.78	100.134
1994.71	100.028
1996.64	100.029
1998.57	100.149
2000.5	100.271
2002.43	100.247
2004.36	100.139
2006.29	100.223
2008.22	100.54
2010.15	100.704
2012.08	100.543
2014.01	100.403
2015.93	100.459
2017.86	100.49
2019.79	100.438
2021.72	100.431
2023.65	100.436
2025.58	100.379
2027.51	100.281
2029.44	100.219
2031.37	100.284
2033.3	100.408
2035.23	100.393
2037.15	100.307
2039.08	100.395
2041.01	100.601
2042.94	100.651
2044.87	100.518
2046.8	100.419
2048.73	100.437
2050.66	100.368
2052.59	100.044
2054.52	99.6624
2056.45	99.5347
2058.37	99.6287
2060.3	99.6782
2062.23	99.6206
2064.16	99.5865
2066.09	99.5879
2068.02	99.5575
2069.95	99.5556
2071.88	99.6188
2073.81	99.6
2075.74	99.4375
2077.67	99.3372
2079.6	99.4517
2081.52	99.6237
2083.45	99.6332
2085.38	99.5152
2087.31	99.4522
2089.24	99.4803
2091.17	99.4974
2093.1	99.477
2095.03	99.4838
2096.96	99.5203
2098.89	99.4874
2100.82	99.3375
2102.74	99.2309
2104.67	99.3429
2106.6	99.5182
2108.53	99.5021
2110.46	99.4181
2112.39	99.4943
2114.32	99.6155
2116.25	99.6039
2118.18	99.5027
2120.11	99.3795
2122.04	99.2808
2123.97	99.304
2125.89	99.435
2127.82	99.5546
2129.75	99.6733
2131.68	99.9007
2133.61	100.21
2135.54	100.385
2137.47	100.28
2139.4	100.105
2141.33	100.175
2143.26	100.398
2145.19	100.453
2147.11	100.369
2149.04	100.369
2150.97	100.367
2152.9	100.182
2154.83	99.9862
2156.76	100.048
2158.69	100.326
2160.62	100.627
2162.55	100.802
2164.48	100.683
2166.41	100.314
2168.33	100.042
2170.26	99.983
2172.19	99.9314
2174.12	99.9119
2176.05	100.106
2177.98	100.354
2179.91	100.404
2181.84	100.3
2183.77	100.166
2185.7	100.073
2187.63	100.098
2189.56	100.117
2191.48	99.8945
2193.41	99.5844
2195.34	99.5682
2197.27	99.8276
2199.2	100.067
2201.13	100.202
2203.06	100.218
2204.99	100.041
2206.92	99.87
2208.85	99.9241
2210.78	99.96
2212.7	99.7954
2214.63	99.768
2216.56	99.9882
2218.49	100.057
2220.42	99.9106
2222.35	99.8731
2224.28	99.882
2226.21	99.7067
2228.14	99.5538
2230.07	99.623
2232	99.6808
2233.93	99.606
2235.85	99.6193
2237.78	99.7323
2239.71	99.7469
2241.64	99.7152
2243.57	99.7066
2245.5	99.5462
2247.43	99.2762
2249.36	99.21
2251.29	99.366
2253.22	99.5371
2255.15	99.6884
2257.07	99.7976
2259	99.8107
2260.93	99.8791
2262.86	100.081
2264.79	100.186
2266.72	100.1
2268.65	100.019
2270.58	100.016
2272.51	100.003
2274.44	100.004
2276.37	100.046
2278.29	100.01
2280.22	99.8296
2282.15	99.6377
2284.08	99.6053
2286.01	99.7327
2287.94	99.9035
2289.87	100.13
2291.8	100.527
2293.73	100.997
2295.66	101.301
2297.59	101.502
2299.52	101.841
2301.44	102.272
2303.37	102.667
2305.3	103.195
2307.23	103.999
2309.16	104.848
2311.09	105.475
2313.02	105.959
2314.95	106.621
2316.88	107.661
2318.81	108.913
2320.74	110.039
2322.66	110.999
2324.59	111.948
2326.52	112.849
2328.45	113.703
2330.38	114.506
2332.31	114.954
2334.24	115.032
2336.17	115.223
2338.1	115.703
2340.03	116.407
2341.96	117.137
2343.89	116.529
2345.81	113.982
2347.74	111.945
2349.67	111.978
2351.6	113.904
2353.53	116.977
2355.46	120.142
2357.39	122.814
2359.32	124.304
2361.25	123.767
2363.18	122.017
2365.11	120.182
2367.03	118.337
2368.96	116.241
2370.89	113.761
2372.82	110.92
2374.75	108.013
2376.68	105.515
2378.61	103.673
2380.54	102.242
2382.47	100.881
2384.4	99.6319
2386.33	98.772
2388.26	98.3846
2390.18	98.2631
2392.11	98.1882
2394.04	98.1498
2395.97	98.2062
2397.9	98.2609
2399.83	98.1703
2401.76	97.9869
2403.69	97.8857
2405.62	97.9035
2407.55	97.9393
2409.48	97.9622
2411.4	98.0309
2413.33	98.1168
2415.26	98.1087
2417.19	98.0233
2419.12	98.0108
2421.05	98.0919
2422.98	98.1123
2424.91	98.0371
2426.84	98.0319
2428.77	98.1439
2430.7	98.2019
2432.62	98.1422
2434.55	98.1101
2436.48	98.1613
2438.41	98.1826
2440.34	98.1081
2442.27	97.9843
2444.2	97.9057
2446.13	97.9625
2448.06	98.1106
2449.99	98.1802
2451.92	98.1189
2453.85	98.0373
2455.77	98.0148
2457.7	98.0488
2459.63	98.0903
2461.56	98.0472
2463.49	97.9006
2465.42	97.7814
2467.35	97.8131
2469.28	97.9634
2471.21	98.093
2473.14	98.098
2475.07	98.0229
2476.99	97.9837
2478.92	97.9777
2480.85	97.9277
2482.78	97.8688
2484.71	97.8788
2486.64	97.9296
2488.57	97.9826
2490.5	98.0701
2492.43	98.1608
2494.36	98.1528
2496.29	98.0674
2498.22	98.0214
2500.14	98.0143
2502.07	97.997
2504	98.042
2505.93	98.1602
2507.86	98.1715
2509.79	98.0432
2511.72	98.0156
2513.65	98.1342
2515.58	98.1225
2517.51	97.9315
2519.44	97.8868
2521.36	98.1028
2523.29	98.2861
2525.22	98.2516
2527.15	98.1464
2529.08	98.0935
2531.01	98.0404
2532.94	97.9531
2534.87	97.871
2536.8	97.8448
2538.73	97.9269
2540.66	98.0817
2542.58	98.1446
2544.51	98.0522
2546.44	97.9746
2548.37	98.0334
2550.3	98.105
2552.23	98.089
2554.16	98.0763
2556.09	98.0805
2558.02	97.9942
2559.95	97.8981
2561.88	97.9285
2563.81	97.9555
2565.73	97.8813
2567.66	97.8594
2569.59	97.8821
2571.52	97.7848
2573.45	97.6959
2575.38	97.7703
2577.31	97.7987
2579.24	97.6503
2581.17	97.5397
2583.1	97.571
2585.03	97.6318
2586.95	97.7024
2588.88	97.8014
2590.81	97.8505
2592.74	97.8278
2594.67	97.8006
2596.6	97.7901
2598.53	97.7812
2600.46	97.7599
2602.39	97.6883
2604.32	97.5699
2606.25	97.4807
2608.18	97.4445
2610.1	97.4028
2612.03	97.3375
2613.96	97.2812
2615.89	97.2297
2617.82	97.1622
2619.75	97.0914
2621.68	97.0378
2623.61	97.0151
2625.54	97.0274
2627.47	97.0416
2629.4	97.0196
2631.32	96.9782
2633.25	96.9499
2635.18	96.918
2637.11	96.8594
2639.04	96.8042
2640.97	96.7767
2642.9	96.7279
2644.83	96.6348
2646.76	96.5974
2648.69	96.6781
2650.62	96.759
2652.54	96.7419
2654.47	96.7071
2656.4	96.7144
2658.33	96.6901
2660.26	96.6059
2662.19	96.5274
2664.12	96.4776
2666.05	96.4416
2667.98	96.4354
2669.91	96.4509
2671.84	96.434
2673.77	96.3813
2675.69	96.3549
2677.62	96.3818
2679.55	96.42
2681.48	96.4361
2683.41	96.4398
2685.34	96.4211
2687.27	96.3393
2689.2	96.2187
2691.13	96.1641
2693.06	96.217
2694.99	96.277
2696.91	96.2459
2698.84	96.1706
2700.77	96.1504
2702.7	96.192
2704.63	96.2402
2706.56	96.2569
2708.49	96.2297
2710.42	96.1934
2712.35	96.1933
2714.28	96.1746
2716.21	96.0718
2718.14	95.9797
2720.06	96.0051
2721.99	96.0786
2723.92	96.105
2725.85	96.0686
2727.78	95.9371
2729.71	95.7551
2731.64	95.6983
2733.57	95.7818
2735.5	95.8129
2737.43	95.764
2739.36	95.8005
2741.28	95.9206
2743.21	95.9467
2745.14	95.8359
2747.07	95.7345
2749	95.7501
2750.93	95.8225
2752.86	95.8429
2754.79	95.8137
2756.72	95.8115
2758.65	95.8516
2760.58	95.8703
2762.51	95.8104
2764.43	95.6964
2766.36	95.6095
2768.29	95.5745
2770.22	95.5673
2772.15	95.6048
2774.08	95.6613
2776.01	95.6244
2777.94	95.506
2779.87	95.4516
2781.8	95.4657
2783.73	95.4267
2785.65	95.3331
2787.58	95.2937
2789.51	95.3654
2791.44	95.4769
2793.37	95.4731
2795.3	95.3209
2797.23	95.1757
2799.16	95.1245
2801.09	95.1251
2803.02	95.2084
2804.95	95.3756
2806.87	95.4353
2808.8	95.2736
2810.73	95.0425
2812.66	94.9132
2814.59	94.8848
2816.52	94.8437
2818.45	94.702
2820.38	94.5182
2822.31	94.4041
2824.24	94.3269
2826.17	94.2084
2828.1	94.0821
2830.02	93.949
2831.95	93.7433
2833.88	93.5169
2835.81	93.3363
2837.74	93.1125
2839.67	92.8205
2841.6	92.5901
2843.53	92.4052
2845.46	92.1153
2847.39	91.7663
2849.32	91.4843
2851.24	91.1652
2853.17	90.6759
2855.1	90.112
2857.03	89.5852
2858.96	89.0657
2860.89	88.5297
2862.82	88.0081
2864.75	87.5166
2866.68	87.0601
2868.61	86.6244
2870.54	86.2023
2872.47	85.9066
2874.39	85.908
2876.32	86.2369
2878.25	86.7586
2880.18	87.2716
2882.11	87.6136
2884.04	87.7915
2885.97	87.9278
2887.9	88.0451
2889.83	88.0874
2891.76	88.0622
2893.69	87.9713
2895.61	87.7883
2897.54	87.5503
2899.47	87.3064
2901.4	87.1238
2903.33	87.1452
2905.26	87.3302
2907.19	87.3701
2909.12	87.1653
2911.05	86.9391
2912.98	86.7364
2914.91	86.4055
2916.83	86.0214
2918.76	85.7535
2920.69	85.5164
2922.62	85.1546
2924.55	84.6733
2926.48	84.1148
2928.41	83.5405
2930.34	83.121
2932.27	82.9577
2934.2	82.9479
2936.13	83.0222
2938.06	83.289
2939.98	83.7692
2941.91	84.2288
2943.84	84.4489
2945.77	84.4682
2947.7	84.3925
2949.63	84.1506
2951.56	83.6804
2953.49	83.2104
2955.42	82.9833
2957.35	82.8609
2959.28	82.6844
2961.2	82.7413
2963.13	83.3367
2965.06	84.3437
2966.99	85.5188
2968.92	86.7221
2970.85	87.7869
2972.78	88.6729
2974.71	89.5034
2976.64	90.26
2978.57	90.8887
2980.5	91.5204
2982.43	92.1817
2984.35	92.726
2986.28	93.1612
2988.21	93.5677
2990.14	93.8966
2992.07	94.1383
2994	94.3222
2995.93	94.408
2997.86	94.4918
2999.79	94.7503
3001.72	95.0826
3003.65	95.2974
3005.57	95.4922
3007.5	95.7664
3009.43	95.9149
3011.36	95.834
3013.29	95.7898
3015.22	95.9523
3017.15	96.1439
3019.08	96.2577
3021.01	96.3724
3022.94	96.4064
3024.87	96.2698
3026.79	96.1746
3028.72	96.2622
3030.65	96.338
3032.58	96.2581
3034.51	96.1146
3036.44	96.0348
3038.37	96.0817
3040.3	96.1543
3042.23	96.0564
3044.16	95.8716
3046.09	95.8366
3048.02	95.8738
3049.94	95.8369
3051.87	95.8618
3053.8	96.0383
3055.73	96.2886
3057.66	96.5788
3059.59	96.7549
3061.52	96.6007
3063.45	96.2929
3065.38	96.1937
3067.31	96.2991
3069.24	96.3689
3071.16	96.2929
3073.09	96.1305
3075.02	96.0516
3076.95	96.1585
3078.88	96.3164
3080.81	96.3394
3082.74	96.2355
3084.67	96.1637
3086.6	96.2233
3088.53	96.2746
3090.46	96.1387
3092.39	96.0054
3094.31	96.1357
3096.24	96.3115
3098.17	96.269
3100.1	96.1828
3102.03	96.1028
3103.96	95.8392
3105.89	95.6175
3107.82	95.7204
3109.75	95.8223
3111.68	95.6929
3113.61	95.7201
3115.53	96.0003
3117.46	96.0498
3119.39	95.8018
3121.32	95.7436
3123.25	95.993
3125.18	96.1441
3127.11	95.9965
3129.04	95.8279
3130.97	95.8968
3132.9	96.0634
3134.83	96.0919
3136.75	96.0669
3138.68	96.1419
3140.61	96.1694
3142.54	95.9989
3144.47	95.814
3146.4	95.7808
3148.33	95.7348
3150.26	95.5522
3152.19	95.423
3154.12	95.4745
3156.05	95.5253
3157.98	95.4462
3159.9	95.399
3161.83	95.5075
3163.76	95.6318
3165.69	95.6295
3167.62	95.5622
3169.55	95.5289
3171.48	95.5233
3173.41	95.5211
3175.34	95.5083
3177.27	95.4233
3179.2	95.2838
3181.12	95.2447
3183.05	95.2812
3184.98	95.1463
3186.91	94.9069
3188.84	94.9516
3190.77	95.2539
3192.7	95.3546
3194.63	95.1477
3196.56	94.9305
3198.49	94.8106
3200.42	94.7179
3202.35	94.6984
3204.27	94.7693
3206.2	94.8082
3208.13	94.7381
3210.06	94.59
3211.99	94.4465
3213.92	94.4189
3215.85	94.5268
3217.78	94.6461
3219.71	94.6996
3221.64	94.7151
3223.57	94.6624
3225.49	94.5081
3227.42	94.3587
3229.35	94.2894
3231.28	94.2386
3233.21	94.2014
3235.14	94.1877
3237.07	94.0727
3239	93.8766
3240.93	93.8467
3242.86	93.9491
3244.79	93.8681
3246.72	93.6484
3248.64	93.6316
3250.57	93.7907
3252.5	93.8082
3254.43	93.6598
3256.36	93.589
3258.29	93.6541
3260.22	93.6937
3262.15	93.6225
3264.08	93.5048
3266.01	93.4122
3267.94	93.3789
3269.86	93.4158
3271.79	93.4786
3273.72	93.505
3275.65	93.4801
3277.58	93.3923
3279.51	93.2267
3281.44	93.0324
3283.37	92.8841
3285.3	92.8192
3287.23	92.8484
3289.16	92.9124
3291.08	92.878
3293.01	92.708
3294.94	92.5153
3296.87	92.3888
3298.8	92.3216
3300.73	92.284
3302.66	92.2486
3304.59	92.2136
3306.52	92.2405
3308.45	92.3471
3310.38	92.3932
3312.31	92.2555
3314.23	92.072
3316.16	92.0529
3318.09	92.1381
3320.02	92.137
3321.95	92.0478
3323.88	91.9375
3325.81	91.7832
3327.74	91.6483
3329.67	91.6381
3331.6	91.6487
3333.53	91.5608
3335.45	91.4841
3337.38	91.4876
3339.31	91.4651
3341.24	91.4183
3343.17	91.4457
3345.1	91.4917
3347.03	91.466
3348.96	91.449
3350.89	91.5341
3352.82	91.6379
3354.75	91.5993
3356.68	91.4407
3358.6	91.3686
3360.53	91.4027
3362.46	91.3352
3364.39	91.1726
3366.32	91.1162
3368.25	91.1191
3370.18	91.0445
3372.11	91.0443
3374.04	91.2551
3375.97	91.4632
3377.9	91.4518
3379.82	91.3217
3381.75	91.2155
3383.68	91.0764
3385.61	90.8953
3387.54	90.8584
3389.47	91.0288
3391.4	91.226
3393.33	91.3093
3395.26	91.2536
3397.19	91.0605
3399.12	90.8734
3401.04	90.8983
3402.97	91.096
3404.9	91.263
3406.83	91.3215
3408.76	91.3053
3410.69	91.2701
3412.62	91.2775
3414.55	91.2922
3416.48	91.2445
3418.41	91.217
3420.34	91.2897
3422.27	91.3513
3424.19	91.3381
3426.12	91.3255
3428.05	91.2918
3429.98	91.2162
3431.91	91.2058
3433.84	91.2157
3435.77	91.0911
3437.7	90.9933
3439.63	91.168
3441.56	91.4459
3443.49	91.5623
3445.41	91.5886
3447.34	91.5969
3449.27	91.4898
3451.2	91.3842
3453.13	91.4846
3455.06	91.6624
3456.99	91.6898
3458.92	91.6173
3460.85	91.5974
3462.78	91.654
3464.71	91.6729
3466.64	91.5117
3468.56	91.2872
3470.49	91.3268
3472.42	91.6313
3474.35	91.8507
3476.28	91.8284
3478.21	91.6545
3480.14	91.3995
3482.07	91.2164
3484	91.2707
3485.93	91.4611
3487.86	91.6406
3489.78	91.788
3491.71	91.7868
3493.64	91.5681
3495.57	91.3824
3497.5	91.4395
3499.43	91.5543
3501.36	91.5517
3503.29	91.5733
3505.22	91.7243
3507.15	91.8177
3509.08	91.6994
3511	91.4941
3512.93	91.3559
3514.86	91.2313
3516.79	91.1529
3518.72	91.337
3520.65	91.7282
3522.58	91.9998
3524.51	92.0952
3526.44	92.1533
3528.37	92.0767
3530.3	91.8337
3532.23	91.6973
3534.15	91.7617
3536.08	91.8454
3538.01	91.876
3539.94	91.915
3541.87	91.9575
3543.8	91.9629
3545.73	91.9151
3547.66	91.8875
3549.59	92.0447
3551.52	92.3797
3553.45	92.6397
3555.37	92.7239
3557.3	92.8191
3559.23	92.9457
3561.16	92.9561
3563.09	92.9376
3565.02	93.1029
3566.95	93.4712
3568.88	93.8507
3570.81	94.032
3572.74	93.9827
3574.67	93.955
3576.6	94.2622
3578.52	94.6895
3580.45	94.7945
3582.38	94.7019
3584.31	94.8089
3586.24	95.0871
3588.17	95.2736
3590.1	95.4584
3592.03	95.8964
3593.96	96.5323
3595.89	97.0468
3597.82	97.2569
3599.74	97.2406
3601.67	97.0367
3603.6	96.7828
3605.53	96.6842
3607.46	96.7142
3609.39	96.7616
3611.32	96.9054
3613.25	97.1633
3615.18	97.3924
3617.11	97.557
3619.04	97.6338
3620.97	97.5907
3622.89	97.6143
3624.82	97.7315
3626.75	97.7687
3628.68	97.8554
3630.61	98.1187
3632.54	98.0346
3634.47	97.592
3636.4	97.3498
3638.33	97.3305
3640.26	97.0609
3642.19	96.6449
3644.11	96.5978
3646.04	97.0759
3647.97	98.022
3649.9	98.801
3651.83	98.5493
3653.76	98.0036
3655.69	97.828
3657.62	97.7486
3659.55	97.3653
3661.48	96.9953
3663.41	96.9625
3665.33	97.1734
3667.26	97.5794
3669.19	98.1583
3671.12	98.402
3673.05	98.2311
3674.98	98.1711
3676.91	98.0333
3678.84	97.5249
3680.77	97.1917
3682.7	97.3308
3684.63	97.6992
3686.56	98.153
3688.48	98.7818
3690.41	99.0768
3692.34	98.6671
3694.27	98.3044
3696.2	98.358
3698.13	98.4374
3700.06	98.2621
3701.99	98.0965
3703.92	98.1546
3705.85	98.3317
3707.78	98.63
3709.7	98.9627
3711.63	98.8806
3713.56	98.4112
3715.49	98.0741
3717.42	97.9176
3719.35	97.9461
3721.28	98.3373
3723.21	98.9078
3725.14	99.2305
3727.07	99.3374
3729	99.489
3730.93	99.6153
3732.85	99.5568
3734.78	99.3871
3736.71	99.233
3738.64	99.0479
3740.57	98.8377
3742.5	98.673
3744.43	98.6112
3746.36	98.6972
3748.29	98.9629
3750.22	99.2637
3752.15	99.0368
3754.07	98.347
3756	97.8986
3757.93	97.8143
3759.86	97.8281
3761.79	97.7936
3763.72	97.8091
3765.65	97.8438
3767.58	97.8053
3769.51	97.739
3771.44	97.6055
3773.37	97.3454
3775.29	97.1719
3777.22	97.2884
3779.15	97.5524
3781.08	97.6684
3783.01	97.6671
3784.94	97.6403
3786.87	97.4529
3788.8	97.1047
3790.73	96.9116
3792.66	97.0742
3794.59	97.4059
3796.52	97.6131
3798.44	97.7664
3800.37	98.0616
3802.3	98.2283
3804.23	98.0137
3806.16	97.7422
3808.09	97.6195
3810.02	97.5329
3811.95	97.5114
3813.88	97.7258
3815.81	98.0719
3817.74	98.1488
3819.66	97.9781
3821.59	97.9007
3823.52	97.9386
3825.45	97.8297
3827.38	97.564
3829.31	97.4479
3831.24	97.6753
3833.17	97.99
3835.1	98.1373
3837.03	98.2473
3838.96	98.3828
3840.89	98.2992
3842.81	98.0275
3844.74	97.7745
3846.67	97.577
3848.6	97.4745
3850.53	97.6206
3852.46	98.0551
3854.39	98.2271
3856.32	97.8455
3858.25	97.5222
3860.18	97.5051
3862.11	97.6944
3864.03	97.8448
3865.96	97.8243
3867.89	97.7801
3869.82	97.8812
3871.75	98.0098
3873.68	97.8986
3875.61	97.6699
3877.54	97.6063
3879.47	97.6446
3881.4	97.5436
3883.33	97.4349
3885.25	97.555
3887.18	97.6795
3889.11	97.5603
3891.04	97.3635
3892.97	97.3171
3894.9	97.4111
3896.83	97.5557
3898.76	97.7345
3900.69	97.8899
3902.62	97.9163
3904.55	97.7777
3906.48	97.5261
3908.4	97.2646
3910.33	97.065
3912.26	96.9707
3914.19	97.0145
3916.12	97.1782
3918.05	97.3284
3919.98	97.3134
3921.91	97.2152
3923.84	97.222
3925.77	97.372
3927.7	97.5663
3929.62	97.6951
3931.55	97.6351
3933.48	97.398
3935.41	97.1865
3937.34	97.0661
3939.27	97.026
3941.2	97.1804
3943.13	97.4774
3945.06	97.6052
3946.99	97.5079
3948.92	97.3627
3950.85	97.1975
3952.77	97.04
3954.7	97.0066
3956.63	97.047
3958.56	97.0582
3960.49	97.1171
3962.42	97.2438
3964.35	97.2779
3966.28	97.174
3968.21	97.0433
3970.14	96.9555
3972.07	96.9436
3973.99	97.0248
3975.92	97.1181
3977.85	97.1074
3979.78	97.0077
3981.71	96.9315
3983.64	96.9081
3985.57	96.8599
3987.5	96.7713
3989.43	96.7435
3991.36	96.8512
3993.29	97.0369
3995.22	97.1569
3997.14	97.1193
