499.643	80.4197
501.572	79.7019
503.501	78.3529
505.43	78.5934
507.36	79.7514
509.289	80.1716
511.218	79.6044
513.147	79.2331
515.076	79.8149
517.005	80.5819
518.934	80.5592
520.863	80.2213
522.792	80.2711
524.722	80.4713
526.651	80.4296
528.58	80.1954
530.509	79.9881
532.438	80.042
534.367	80.3364
536.296	80.4241
538.225	80.207
540.155	80.2642
542.084	80.7402
544.013	80.9633
545.942	80.659
547.871	80.3259
549.8	80.2613
551.729	80.3533
553.658	80.5376
555.588	80.6809
557.517	80.6368
559.446	80.6535
561.375	80.8848
563.304	80.8678
565.233	80.3783
567.162	79.9921
569.091	80.1298
571.021	80.4928
572.95	80.8167
574.879	81.189
576.808	81.548
578.737	81.6783
580.666	81.5556
582.595	81.2396
584.524	80.8056
586.454	80.5028
588.383	80.536
590.312	80.7702
592.241	80.9592
594.17	81.0411
596.099	81.0102
598.028	80.8544
599.957	80.7095
601.887	80.6695
603.816	80.5443
605.745	80.2113
607.674	79.933
609.603	79.9657
611.532	80.1881
613.461	80.4051
615.39	80.6074
617.32	80.7347
619.249	80.6854
621.178	80.6015
623.107	80.6482
625.036	80.7469
626.965	80.8153
628.894	80.9337
630.823	81.1437
632.753	81.4001
634.682	81.682
636.611	81.9748
638.54	82.2802
640.469	82.6615
642.398	83.1177
644.327	83.5606
646.256	83.9873
648.186	84.3839
650.115	84.6115
652.044	84.6985
653.973	84.7927
655.902	84.8056
657.831	84.6392
659.76	84.3444
661.689	83.935
663.619	83.676
665.548	84.1619
667.477	85.7477
669.406	86.7172
671.335	86.0775
673.264	85.5852
675.193	85.6616
677.122	85.8632
679.052	86.0482
680.981	86.373
682.91	86.6452
684.839	86.6877
686.768	86.6794
688.697	86.7375
690.626	86.7908
692.555	86.7951
694.485	86.7738
696.414	86.7516
698.343	86.7115
700.272	86.6133
702.201	86.4848
704.13	86.3987
706.059	86.3486
707.988	86.2973
709.917	86.2949
711.847	86.3577
713.776	86.3656
715.705	86.3083
717.634	86.3524
719.563	86.4359
721.492	86.2316
723.421	85.7376
725.35	85.2845
727.28	84.9544
729.209	84.5615
731.138	84.0243
733.067	83.4068
734.996	82.7886
736.925	82.2795
738.854	81.9935
740.783	81.9499
742.713	82.0466
744.642	82.1319
746.571	82.1239
748.5	82.0763
750.429	82.1056
752.358	82.2629
754.287	82.5006
756.216	82.765
758.146	83.0582
760.075	83.3569
762.004	83.5811
763.933	83.7296
765.862	83.8997
767.791	84.1159
769.72	84.2933
771.649	84.3845
773.579	84.4416
775.508	84.5233
777.437	84.6079
779.366	84.6469
781.295	84.659
783.224	84.654
785.153	84.5427
787.082	84.2704
789.012	83.8942
790.941	83.4297
792.87	82.8111
794.799	81.9715
796.728	80.7324
798.657	78.6684
800.586	75.2867
802.515	70.53
804.445	65.317
806.374	61.4251
808.303	60.39
810.232	62.4461
812.161	66.623
814.09	71.6014
816.019	76.2485
817.948	79.7702
819.878	81.9144
821.807	82.9626
823.736	83.3645
825.665	83.4585
827.594	83.4297
829.523	83.3151
831.452	83.061
833.381	82.6455
835.311	82.1132
837.24	81.5
839.169	80.7926
841.098	79.9926
843.027	79.2202
844.956	78.713
846.885	78.6542
848.814	79.0102
850.744	79.5892
852.673	80.2209
854.602	80.8028
856.531	81.2464
858.46	81.5239
860.389	81.6999
862.318	81.8151
864.247	81.8514
866.177	81.8455
868.106	81.8661
870.035	81.8914
871.964	81.8731
873.893	81.8374
875.822	81.7923
877.751	81.6858
879.68	81.5403
881.609	81.4503
883.539	81.4095
885.468	81.3082
887.397	81.1055
889.326	80.8608
891.255	80.6052
893.184	80.3183
895.113	80.0158
897.042	79.7461
898.972	79.5334
900.901	79.4091
902.83	79.422
904.759	79.5403
906.688	79.6354
908.617	79.6253
910.546	79.5372
912.475	79.3952
914.405	79.1639
916.334	78.8521
918.263	78.5434
920.192	78.2621
922.121	77.9483
924.05	77.6119
925.979	77.3389
927.908	77.1177
929.838	76.8416
931.767	76.4713
933.696	76.0389
935.625	75.5495
937.554	74.9974
939.483	74.4025
941.412	73.7532
943.341	72.9704
945.271	71.9794
947.2	70.8066
949.129	69.5925
951.058	68.4899
952.987	67.5297
954.916	66.555
956.845	65.3064
958.774	63.6591
960.704	61.7823
962.633	59.9965
964.562	58.5178
966.491	57.3902
968.42	56.5503
970.349	55.8709
972.278	55.2179
974.207	54.5001
976.137	53.6576
978.066	52.6991
979.995	51.7985
981.924	51.2399
983.853	51.2039
985.782	51.6673
987.711	52.5004
989.64	53.5808
991.57	54.8066
993.499	56.0524
995.428	57.1531
997.357	57.9559
999.286	58.4002
1001.22	58.5293
1003.14	58.4287
1005.07	58.19
1007	57.9353
1008.93	57.8041
1010.86	57.8567
1012.79	58.0064
1014.72	58.0858
1016.65	57.9662
1018.58	57.5941
1020.51	56.9592
1022.44	56.1048
1024.36	55.1847
1026.29	54.4439
1028.22	54.0678
1030.15	54.0184
1032.08	54.0276
1034.01	53.7947
1035.94	53.2174
1037.87	52.41
1039.8	51.5223
1041.73	50.6302
1043.66	49.773
1045.58	48.9694
1047.51	48.1757
1049.44	47.299
1051.37	46.2892
1053.3	45.2413
1055.23	44.4055
1057.16	44.0398
1059.09	44.2485
1061.02	44.9829
1062.95	46.129
1064.88	47.5563
1066.81	49.1822
1068.73	51.0456
1070.66	53.2385
1072.59	55.7432
1074.52	58.4042
1076.45	61.0321
1078.38	63.4699
1080.31	65.6031
1082.24	67.3728
1084.17	68.7468
1086.1	69.6709
1088.03	70.1038
1089.95	70.0826
1091.88	69.6914
1093.81	68.9922
1095.74	68.0464
1097.67	66.9656
1099.6	65.8695
1101.53	64.8161
1103.46	63.8144
1105.39	62.8704
1107.32	62.0083
1109.25	61.292
1111.18	60.8014
1113.1	60.5553
1115.03	60.5226
1116.96	60.6907
1118.89	61.0146
1120.82	61.3474
1122.75	61.529
1124.68	61.4751
1126.61	61.1144
1128.54	60.3187
1130.47	58.9432
1132.4	56.9147
1134.32	54.298
1136.25	51.2894
1138.18	48.142
1140.11	45.1084
1142.04	42.416
1143.97	40.2113
1145.9	38.524
1147.83	37.3118
1149.76	36.5081
1151.69	36.0267
1153.62	35.7852
1155.55	35.7344
1157.47	35.854
1159.4	36.1328
1161.33	36.5383
1163.26	37.0186
1165.19	37.5521
1167.12	38.1445
1169.05	38.7706
1170.98	39.398
1172.91	40.034
1174.84	40.6877
1176.77	41.353
1178.69	42.0498
1180.62	42.805
1182.55	43.6092
1184.48	44.4464
1186.41	45.3288
1188.34	46.2753
1190.27	47.2822
1192.2	48.3338
1194.13	49.4346
1196.06	50.6021
1197.99	51.8275
1199.91	53.085
1201.84	54.3765
1203.77	55.7177
1205.7	57.0859
1207.63	58.4247
1209.56	59.715
1211.49	61.0143
1213.42	62.3758
1215.35	63.7138
1217.28	64.8212
1219.21	65.594
1221.14	66.1747
1223.06	66.7545
1224.99	67.3173
1226.92	67.707
1228.85	67.8448
1230.78	67.7346
1232.71	67.3761
1234.64	66.8184
1236.57	66.1649
1238.5	65.4411
1240.43	64.596
1242.36	63.6557
1244.28	62.726
1246.21	61.8583
1248.14	61.0472
1250.07	60.3278
1252	59.7667
1253.93	59.3848
1255.86	59.1633
1257.79	59.0972
1259.72	59.1881
1261.65	59.4209
1263.58	59.7882
1265.51	60.305
1267.43	60.9892
1269.36	61.842
1271.29	62.8343
1273.22	63.9141
1275.15	65.0354
1277.08	66.1611
1279.01	67.2604
1280.94	68.3141
1282.87	69.2908
1284.8	70.1297
1286.73	70.7454
1288.65	71.0308
1290.58	70.9646
1292.51	70.7671
1294.44	70.8236
1296.37	71.4281
1298.3	72.6443
1300.23	74.337
1302.16	76.2457
1304.09	78.0909
1306.02	79.698
1307.95	81.023
1309.87	82.0862
1311.8	82.9082
1313.73	83.5032
1315.66	83.9168
1317.59	84.21
1319.52	84.3995
1321.45	84.474
1323.38	84.4621
1325.31	84.4407
1327.24	84.4742
1329.17	84.5561
1331.1	84.6449
1333.02	84.745
1334.95	84.9042
1336.88	85.151
1338.81	85.4301
1340.74	85.6144
1342.67	85.69
1344.6	85.7774
1346.53	85.9311
1348.46	86.0842
1350.39	86.175
1352.32	86.2212
1354.24	86.2264
1356.17	86.1648
1358.1	86.1053
1360.03	86.145
1361.96	86.2013
1363.89	86.1026
1365.82	85.8894
1367.75	85.6483
1369.68	85.3806
1371.61	85.1168
1373.54	84.7588
1375.47	84.1232
1377.39	83.3983
1379.32	82.8519
1381.25	82.4453
1383.18	82.0954
1385.11	81.7159
1387.04	81.0843
1388.97	80.2334
1390.9	79.4561
1392.83	78.7116
1394.76	77.852
1396.69	76.7553
1398.61	75.141
1400.54	73.0281
1402.47	70.7069
1404.4	68.3733
1406.33	66.7968
1408.26	66.8543
1410.19	68.5446
1412.12	71.4357
1414.05	74.5783
1415.98	77.5106
1417.91	80.6363
1419.83	83.4384
1421.76	85.0884
1423.69	86.1165
1425.62	86.905
1427.55	87.378
1429.48	87.492
1431.41	87.3194
1433.34	87.1055
1435.27	86.9539
1437.2	86.6066
1439.13	85.9553
1441.06	85.2166
1442.98	84.4427
1444.91	83.6614
1446.84	82.9071
1448.77	82.154
1450.7	81.56
1452.63	81.3413
1454.56	81.5369
1456.49	81.9376
1458.42	81.7121
1460.35	81.0283
1462.28	80.603
1464.2	80.3659
1466.13	80.1348
1468.06	80.1917
1469.99	80.8671
1471.92	82.151
1473.85	83.4075
1475.78	84.3203
1477.71	85.4151
1479.64	86.7862
1481.57	88.2247
1483.5	89.5837
1485.43	90.85
1487.35	92.1256
1489.28	93.2172
1491.21	93.6497
1493.14	93.8039
1495.07	94.2002
1497	94.717
1498.93	94.9251
1500.86	94.9364
1502.79	95.102
1504.72	95.6107
1506.65	96.3406
1508.57	96.2716
1510.5	95.66
1512.43	95.4007
1514.36	95.6248
1516.29	96.0586
1518.22	96.4118
1520.15	96.6882
1522.08	96.831
1524.01	96.75
1525.94	96.5245
1527.87	96.2916
1529.8	96.2263
1531.72	96.3816
1533.65	96.5521
1535.58	96.5943
1537.51	96.8308
1539.44	97.4748
1541.37	97.7646
1543.3	97.1958
1545.23	96.6624
1547.16	96.4454
1549.09	96.4372
1551.02	96.4914
1552.94	96.5385
1554.87	96.7189
1556.8	97.1941
1558.73	97.5413
1560.66	97.074
1562.59	96.5411
1564.52	96.2826
1566.45	96.2397
1568.38	96.3047
1570.31	96.2257
1572.24	96.076
1574.16	96.1575
1576.09	96.3378
1578.02	96.1459
1579.95	95.7846
1581.88	95.5875
1583.81	95.4847
1585.74	95.3637
1587.67	95.2686
1589.6	95.242
1591.53	95.2395
1593.46	95.2101
1595.39	95.1284
1597.31	94.9813
1599.24	94.8025
1601.17	94.6192
1603.1	94.3622
1605.03	94.018
1606.96	93.6653
1608.89	93.1345
1610.82	92.2556
1612.75	91.3866
1614.68	90.773
1616.61	90.2042
1618.53	89.724
1620.46	89.7118
1622.39	90.0925
1624.32	90.37
1626.25	90.2512
1628.18	89.7724
1630.11	88.9516
1632.04	88.1746
1633.97	87.988
1635.9	88.6154
1637.83	89.5466
1639.76	90.518
1641.68	91.6181
1643.61	92.6851
1645.54	93.6385
1647.47	94.2558
1649.4	94.4166
1651.33	94.6118
1653.26	94.8798
1655.19	94.4764
1657.12	93.9308
1659.05	93.7106
1660.98	93.6524
1662.9	93.4537
1664.83	93.142
1666.76	93.0317
1668.69	93.103
1670.62	92.886
1672.55	92.3947
1674.48	91.9399
1676.41	91.2724
1678.34	90.467
1680.27	89.932
1682.2	89.4838
1684.12	88.6403
1686.05	87.4487
1687.98	86.0546
1689.91	84.4577
1691.84	82.8636
1693.77	81.1838
1695.7	79.2427
1697.63	76.9756
1699.56	73.726
1701.49	69.7416
1703.42	66.2675
1705.35	62.8195
1707.27	58.8041
1709.2	55.1597
1711.13	52.3803
1713.06	50.059
1714.99	48.1795
1716.92	46.4151
1718.85	44.3122
1720.78	42.8952
1722.71	42.4755
1724.64	42.5973
1726.57	43.3381
1728.49	44.7574
1730.42	46.5265
1732.35	48.878
1734.28	51.939
1736.21	54.6384
1738.14	57.0751
1740.07	60.0397
1742	63.3414
1743.93	66.4967
1745.86	69.7273
1747.79	73.2288
1749.72	76.832
1751.64	80.1789
1753.57	83.0605
1755.5	85.6848
1757.43	88.2498
1759.36	90.4966
1761.29	92.1595
1763.22	93.2929
1765.15	93.954
1767.08	94.3798
1769.01	94.9772
1770.94	95.6731
1772.86	95.9505
1774.79	95.8869
1776.72	95.8657
1778.65	95.9172
1780.58	95.9813
1782.51	96.002
1784.44	95.9773
1786.37	96.0101
1788.3	96.181
1790.23	96.5206
1792.16	96.8767
1794.08	96.8718
1796.01	96.6662
1797.94	96.6514
1799.87	96.7522
1801.8	96.7474
1803.73	96.7338
1805.66	96.8037
1807.59	96.9024
1809.52	96.9824
1811.45	96.9508
1813.38	96.8311
1815.31	96.7881
1817.23	96.8122
1819.16	96.8552
1821.09	97.0242
1823.02	97.2589
1824.95	97.3589
1826.88	97.4242
1828.81	97.5985
1830.74	97.6631
1832.67	97.5069
1834.6	97.381
1836.53	97.4143
1838.45	97.4904
1840.38	97.5139
1842.31	97.5683
1844.24	97.6895
1846.17	97.73
1848.1	97.6907
1850.03	97.7115
1851.96	97.7856
1853.89	97.8297
1855.82	97.8237
1857.75	97.7847
1859.68	97.7568
1861.6	97.7765
1863.53	97.8485
1865.46	98.0326
1867.39	98.3292
1869.32	98.4606
1871.25	98.2673
1873.18	98.0397
1875.11	97.9873
1877.04	98.0677
1878.97	98.1756
1880.9	98.2933
1882.82	98.4463
1884.75	98.5736
1886.68	98.5761
1888.61	98.4751
1890.54	98.3963
1892.47	98.414
1894.4	98.5073
1896.33	98.6075
1898.26	98.653
1900.19	98.6796
1902.12	98.7426
1904.05	98.7974
1905.97	98.8108
1907.9	98.8688
1909.83	99.0053
1911.76	99.0609
1913.69	98.9578
1915.62	98.8935
1917.55	99.0079
1919.48	99.1246
1921.41	99.1381
1923.34	99.171
1925.27	99.1561
1927.19	98.9809
1929.12	98.867
1931.05	99.006
1932.98	99.2067
1934.91	99.2409
1936.84	99.1733
1938.77	99.2109
1940.7	99.4428
1942.63	99.7187
1944.56	99.8198
1946.49	99.7362
1948.41	99.5659
1950.34	99.4525
1952.27	99.5816
1954.2	99.886
1956.13	100.135
1958.06	100.338
1959.99	100.485
1961.92	100.355
1963.85	100.125
1965.78	100.233
1967.71	100.535
1969.64	100.6
1971.56	100.51
1973.49	100.446
1975.42	100.353
1977.35	100.342
1979.28	100.534
1981.21	100.721
1983.14	100.773
1985.07	100.773
1987	100.681
1988.93	100.453
1990.86	100.221
1992.78	100.044
1994.71	99.9126
1996.64	99.9101
1998.57	100.049
2000.5	100.183
2002.43	100.194
2004.36	100.153
2006.29	100.252
2008.22	100.472
2010.15	100.506
2012.08	100.321
2014.01	100.253
2015.93	100.349
2017.86	100.385
2019.79	100.375
2021.72	100.395
2023.65	100.375
2025.58	100.342
2027.51	100.349
2029.44	100.354
2031.37	100.413
2033.3	100.521
2035.23	100.488
2037.15	100.358
2039.08	100.414
2041.01	100.614
2042.94	100.629
2044.87	100.424
2046.8	100.314
2048.73	100.448
2050.66	100.551
2052.59	100.32
2054.52	99.8899
2056.45	99.6269
2058.37	99.6153
2060.3	99.6401
2062.23	99.5848
2064.16	99.5495
2066.09	99.5951
2068.02	99.6641
2069.95	99.7439
2071.88	99.8122
2073.81	99.7474
2075.74	99.5578
2077.67	99.4504
2079.6	99.5108
2081.52	99.6038
2083.45	99.6074
2085.38	99.5235
2087.31	99.4331
2089.24	99.4284
2091.17	99.5111
2093.1	99.6
2095.03	99.6529
2096.96	99.6487
2098.89	99.5113
2100.82	99.2517
2102.74	99.097
2104.67	99.2153
2106.6	99.4247
2108.53	99.4764
2110.46	99.4488
2112.39	99.514
2114.32	99.6119
2116.25	99.6183
2118.18	99.5206
2120.11	99.379
2122.04	99.3315
2123.97	99.4584
2125.89	99.6263
2127.82	99.7324
2129.75	99.8682
2131.68	100.06
2133.61	100.228
2135.54	100.345
2137.47	100.334
2139.4	100.17
2141.33	100.13
2143.26	100.356
2145.19	100.527
2147.11	100.472
2149.04	100.433
2150.97	100.434
2152.9	100.273
2154.83	100.108
2156.76	100.215
2158.69	100.493
2160.62	100.74
2162.55	100.846
2164.48	100.639
2166.41	100.184
2168.33	99.8865
2170.26	99.8503
2172.19	99.8231
2174.12	99.8339
2176.05	100.079
2177.98	100.384
2179.91	100.456
2181.84	100.329
2183.77	100.177
2185.7	100.092
2187.63	100.106
2189.56	100.13
2191.48	99.9978
2193.41	99.7705
2195.34	99.7038
2197.27	99.8331
2199.2	99.9947
2201.13	100.147
2203.06	100.219
2204.99	100.026
2206.92	99.7322
2208.85	99.717
2210.78	99.8543
2212.7	99.8143
2214.63	99.786
2216.56	99.962
2218.49	100.037
2220.42	99.907
2222.35	99.8596
2224.28	99.8498
2226.21	99.6828
2228.14	99.5939
2230.07	99.7252
2232	99.7644
2233.93	99.6634
2235.85	99.733
2237.78	99.8748
2239.71	99.7757
2241.64	99.6076
2243.57	99.6088
2245.5	99.5668
2247.43	99.3745
2249.36	99.3151
2251.29	99.4791
2253.22	99.6491
2255.15	99.7357
2257.07	99.7855
2259	99.8201
2260.93	99.9138
2262.86	100.092
2264.79	100.202
2266.72	100.157
2268.65	100.062
2270.58	99.9936
2272.51	99.9444
2274.44	99.9463
2276.37	100.002
2278.29	100.009
2280.22	99.8992
2282.15	99.7478
2284.08	99.6827
2286.01	99.7368
2287.94	99.8634
2289.87	100.086
2291.8	100.467
2293.73	100.902
2295.66	101.224
2297.59	101.497
2299.52	101.864
2301.44	102.273
2303.37	102.694
2305.3	103.297
2307.23	104.122
2309.16	104.919
2311.09	105.474
2313.02	105.883
2314.95	106.494
2316.88	107.555
2318.81	108.85
2320.74	109.981
2322.66	110.962
2324.59	111.986
2326.52	112.939
2328.45	113.744
2330.38	114.453
2332.31	114.912
2334.24	115.132
2336.17	115.435
2338.1	115.91
2340.03	116.603
2341.96	117.343
2343.89	116.645
2345.81	113.993
2347.74	111.969
2349.67	112.038
2351.6	113.941
2353.53	116.998
2355.46	120.263
2357.39	123.028
2359.32	124.452
2361.25	123.76
2363.18	121.918
2365.11	120.097
2367.03	118.302
2368.96	116.208
2370.89	113.695
2372.82	110.848
2374.75	107.98
2376.68	105.537
2378.61	103.713
2380.54	102.251
2382.47	100.854
2384.4	99.5917
2386.33	98.7245
2388.26	98.3475
2390.18	98.2861
2392.11	98.2693
2394.04	98.2015
2395.97	98.1852
2397.9	98.2359
2399.83	98.1951
2401.76	98.0204
2403.69	97.8863
2405.62	97.8933
2407.55	97.942
2409.48	97.9614
2411.4	98.0081
2413.33	98.093
2415.26	98.1172
2417.19	98.043
2419.12	97.9828
2421.05	98.022
2422.98	98.0664
2424.91	98.0248
2426.84	98.0115
2428.77	98.129
2430.7	98.2446
2432.62	98.2415
2434.55	98.2147
2436.48	98.2334
2438.41	98.2256
2440.34	98.1498
2442.27	98.0324
2444.2	97.9363
2446.13	97.9644
2448.06	98.1064
2449.99	98.1915
2451.92	98.1506
2453.85	98.0932
2455.77	98.0737
2457.7	98.0418
2459.63	97.9961
2461.56	97.9904
2463.49	98.0053
2465.42	97.9566
2467.35	97.8741
2469.28	97.9049
2471.21	98.0336
2473.14	98.073
2475.07	98.0208
2476.99	98.0378
2478.92	98.0861
2480.85	98.0308
2482.78	97.9467
2484.71	97.9445
2486.64	97.9663
2488.57	97.9826
2490.5	98.0608
2492.43	98.1557
2494.36	98.1495
2496.29	98.0826
2498.22	98.0765
2500.14	98.1015
2502.07	98.0669
2504	98.0413
2505.93	98.1224
2507.86	98.1983
2509.79	98.1367
2511.72	98.0609
2513.65	98.1013
2515.58	98.1089
2517.51	97.983
2519.44	97.948
2521.36	98.1377
2523.29	98.3118
2525.22	98.266
2527.15	98.1045
2529.08	97.9753
2531.01	97.9131
2532.94	97.9019
2534.87	97.8908
2536.8	97.9025
2538.73	98.057
2540.66	98.2829
2542.58	98.3004
2544.51	98.0795
2546.44	97.9172
2548.37	97.964
2550.3	98.0701
2552.23	98.1041
2554.16	98.0923
2556.09	98.0527
2558.02	97.9671
2559.95	97.9008
2561.88	97.9162
2563.81	97.9453
2565.73	97.9393
2567.66	97.938
2569.59	97.896
2571.52	97.7723
2573.45	97.717
2575.38	97.8034
2577.31	97.8448
2579.24	97.7463
2581.17	97.6498
2583.1	97.6404
2585.03	97.6832
2586.95	97.7644
2588.88	97.8606
2590.81	97.9208
2592.74	97.9279
2594.67	97.8803
2596.6	97.8016
2598.53	97.7574
2600.46	97.7463
2602.39	97.6896
2604.32	97.5857
2606.25	97.507
2608.18	97.4576
2610.1	97.3863
2612.03	97.2862
2613.96	97.1906
2615.89	97.1204
2617.82	97.0723
2619.75	97.0385
2621.68	97.0312
2623.61	97.0595
2625.54	97.0863
2627.47	97.0745
2629.4	97.0473
2631.32	97.0269
2633.25	96.9799
2635.18	96.888
2637.11	96.7958
2639.04	96.7533
2640.97	96.7552
2642.9	96.7371
2644.83	96.6633
2646.76	96.6145
2648.69	96.6661
2650.62	96.7309
2652.54	96.7083
2654.47	96.6603
2656.4	96.6534
2658.33	96.6301
2660.26	96.5653
2662.19	96.5207
2664.12	96.5019
2666.05	96.4682
2667.98	96.4413
2669.91	96.4476
2671.84	96.4381
2673.77	96.3812
2675.69	96.3429
2677.62	96.3822
2679.55	96.4513
2681.48	96.4785
2683.41	96.4615
2685.34	96.4144
2687.27	96.3283
2689.2	96.2353
2691.13	96.2024
2693.06	96.2371
2694.99	96.2752
2696.91	96.2581
2698.84	96.1965
2700.77	96.166
2702.7	96.2206
2704.63	96.3171
2706.56	96.3647
2708.49	96.3281
2710.42	96.2571
2712.35	96.211
2714.28	96.168
2716.21	96.0803
2718.14	96.0028
2720.06	96.0242
2721.99	96.1113
2723.92	96.163
2725.85	96.1156
2727.78	95.9439
2729.71	95.7309
2731.64	95.653
2733.57	95.721
2735.5	95.7585
2737.43	95.7399
2739.36	95.8123
2741.28	95.9518
2743.21	95.9653
2745.14	95.8291
2747.07	95.7199
2749	95.7328
2750.93	95.7968
2752.86	95.8412
2754.79	95.8725
2756.72	95.8989
2758.65	95.9076
2760.58	95.8839
2762.51	95.8019
2764.43	95.6774
2766.36	95.5924
2768.29	95.5745
2770.22	95.5842
2772.15	95.6292
2774.08	95.6882
2776.01	95.6504
2777.94	95.5229
2779.87	95.4508
2781.8	95.4496
2783.73	95.4148
2785.65	95.3417
2787.58	95.3106
2789.51	95.3673
2791.44	95.4651
2793.37	95.4641
2795.3	95.3144
2797.23	95.1647
2799.16	95.1235
2801.09	95.1504
2803.02	95.2407
2804.95	95.3776
2806.87	95.3985
2808.8	95.2215
2810.73	94.9984
2812.66	94.8821
2814.59	94.8543
2816.52	94.7995
2818.45	94.6614
2820.38	94.527
2822.31	94.4715
2824.24	94.4008
2826.17	94.2392
2828.1	94.0666
2830.02	93.9069
2831.95	93.7045
2833.88	93.5137
2835.81	93.364
2837.74	93.137
2839.67	92.8365
2841.6	92.6082
2843.53	92.3996
2845.46	92.0642
2847.39	91.7125
2849.32	91.4784
2851.24	91.19
2853.17	90.6881
2855.1	90.1022
2857.03	89.5587
2858.96	89.0206
2860.89	88.4806
2862.82	87.9978
2864.75	87.5771
2866.68	87.171
2868.61	86.7326
2870.54	86.2868
2872.47	85.9881
2874.39	85.977
2876.32	86.2343
2878.25	86.6663
2880.18	87.1527
2882.11	87.5201
2884.04	87.7072
2885.97	87.8382
2887.9	87.98
2889.83	88.0707
2891.76	88.0946
2893.69	88.052
2895.61	87.8869
2897.54	87.6176
2899.47	87.3515
2901.4	87.1835
2903.33	87.1824
2905.26	87.2903
2907.19	87.2905
2909.12	87.123
2911.05	86.9617
2912.98	86.7983
2914.91	86.4349
2916.83	85.9551
2918.76	85.6321
2920.69	85.4354
2922.62	85.145
2924.55	84.7222
2926.48	84.2178
2928.41	83.6661
2930.34	83.2087
2932.27	82.9717
2934.2	82.9046
2936.13	82.9829
2938.06	83.2963
2939.98	83.7898
2941.91	84.2245
2943.84	84.4461
2945.77	84.4824
2947.7	84.3992
2949.63	84.1713
2951.56	83.7594
2953.49	83.3139
2955.42	83.0514
2957.35	82.9162
2959.28	82.7891
2961.2	82.8882
2963.13	83.4426
2965.06	84.3352
2966.99	85.4152
2968.92	86.624
2970.85	87.7726
2972.78	88.7379
2974.71	89.6198
2976.64	90.4215
2978.57	91.0441
2980.5	91.5622
2982.43	92.0865
2984.35	92.6097
2986.28	93.1293
2988.21	93.617
2990.14	93.9836
2992.07	94.2221
2994	94.37
2995.93	94.4533
2997.86	94.5985
2999.79	94.8739
3001.72	95.1027
3003.65	95.2057
3005.57	95.4066
3007.5	95.7572
3009.43	95.943
3011.36	95.8526
3013.29	95.7982
3015.22	95.9474
3017.15	96.0902
3019.08	96.1344
3021.01	96.242
3022.94	96.3795
3024.87	96.3502
3026.79	96.2448
3028.72	96.276
3030.65	96.3501
3032.58	96.268
3034.51	96.1014
3036.44	96.0641
3038.37	96.2016
3040.3	96.3503
3042.23	96.3258
3044.16	96.1286
3046.09	95.923
3048.02	95.8224
3049.94	95.816
3051.87	95.8803
3053.8	96.0377
3055.73	96.3028
3057.66	96.577
3059.59	96.6549
3061.52	96.4817
3063.45	96.2775
3065.38	96.2423
3067.31	96.3269
3069.24	96.3804
3071.16	96.315
3073.09	96.1597
3075.02	96.0745
3076.95	96.173
3078.88	96.3556
3080.81	96.4432
3082.74	96.3852
3084.67	96.3153
3086.6	96.3832
3088.53	96.4306
3090.46	96.1707
3092.39	95.8162
3094.31	95.8206
3096.24	96.0589
3098.17	96.1537
3100.1	96.1716
3102.03	96.1551
3103.96	95.9071
3105.89	95.649
3107.82	95.7128
3109.75	95.828
3111.68	95.7569
3113.61	95.8178
3115.53	96.0744
3117.46	96.1159
3119.39	95.9107
3121.32	95.8394
3123.25	95.9746
3125.18	96.0501
3127.11	95.9452
3129.04	95.8301
3130.97	95.8979
3132.9	96.0647
3134.83	96.0858
3136.75	95.9929
3138.68	96.0257
3140.61	96.1387
3142.54	96.0823
3144.47	95.882
3146.4	95.7359
3148.33	95.6147
3150.26	95.4377
3152.19	95.3481
3154.12	95.4267
3156.05	95.4896
3157.98	95.4343
3159.9	95.4204
3161.83	95.5354
3163.76	95.6219
3165.69	95.5552
3167.62	95.4521
3169.55	95.4763
3171.48	95.592
3173.41	95.6596
3175.34	95.6243
3177.27	95.4799
3179.2	95.2699
3181.12	95.1385
3183.05	95.0932
3184.98	94.9609
3186.91	94.8373
3188.84	95.0104
3190.77	95.3027
3192.7	95.2878
3194.63	95.062
3196.56	94.9565
3198.49	94.887
3200.42	94.7189
3202.35	94.6447
3204.27	94.7268
3206.2	94.7411
3208.13	94.6297
3210.06	94.5396
3211.99	94.5018
3213.92	94.4908
3215.85	94.567
3217.78	94.7016
3219.71	94.7491
3221.64	94.6842
3223.57	94.5918
3225.49	94.4951
3227.42	94.3888
3229.35	94.2723
3231.28	94.1199
3233.21	93.9833
3235.14	93.9428
3237.07	93.9248
3239	93.8885
3240.93	93.962
3242.86	94.0589
3244.79	93.8944
3246.72	93.5985
3248.64	93.5834
3250.57	93.7889
3252.5	93.8049
3254.43	93.6002
3256.36	93.501
3258.29	93.5996
3260.22	93.6883
3262.15	93.6526
3264.08	93.5535
3266.01	93.4356
3267.94	93.3317
3269.86	93.3015
3271.79	93.3173
3273.72	93.3282
3275.65	93.3749
3277.58	93.4112
3279.51	93.2846
3281.44	93.0438
3283.37	92.8898
3285.3	92.8563
3287.23	92.8625
3289.16	92.8878
3291.08	92.8826
3293.01	92.7612
3294.94	92.5608
3296.87	92.4127
3298.8	92.37
3300.73	92.3747
3302.66	92.365
3304.59	92.3379
3306.52	92.3243
3308.45	92.3497
3310.38	92.3645
3312.31	92.2538
3314.23	92.0686
3316.16	92.0447
3318.09	92.1892
3320.02	92.2308
3321.95	92.0958
3323.88	91.9318
3325.81	91.7629
3327.74	91.6133
3329.67	91.6132
3331.6	91.692
3333.53	91.6608
3335.45	91.575
3337.38	91.5444
3339.31	91.4938
3341.24	91.4226
3343.17	91.454
3345.1	91.5399
3347.03	91.5392
3348.96	91.5015
3350.89	91.5525
3352.82	91.6542
3354.75	91.6656
3356.68	91.5649
3358.6	91.4789
3360.53	91.4515
3362.46	91.3842
3364.39	91.2623
3366.32	91.1594
3368.25	91.0555
3370.18	90.9526
3372.11	90.9839
3374.04	91.1664
3375.97	91.3085
3377.9	91.3093
3379.82	91.2807
3381.75	91.2869
3383.68	91.2121
3385.61	91.0242
3387.54	90.9339
3389.47	91.0728
3391.4	91.2759
3393.33	91.3483
3395.26	91.2779
3397.19	91.1326
3399.12	91.0026
3401.04	90.9948
3402.97	91.1157
3404.9	91.2454
3406.83	91.2746
3408.76	91.2278
3410.69	91.2341
3412.62	91.3297
3414.55	91.3712
3416.48	91.2967
3418.41	91.2631
3420.34	91.3411
3422.27	91.3943
3424.19	91.3888
3426.12	91.3959
3428.05	91.3519
3429.98	91.2379
3431.91	91.1977
3433.84	91.2069
3435.77	91.0943
3437.7	90.9903
3439.63	91.1631
3441.56	91.4737
3443.49	91.5795
3445.41	91.4944
3447.34	91.4234
3449.27	91.3764
3451.2	91.3485
3453.13	91.4543
3455.06	91.6586
3456.99	91.802
3458.92	91.8959
3460.85	91.9979
3462.78	91.9768
3464.71	91.7302
3466.64	91.4331
3468.56	91.3542
3470.49	91.5304
3472.42	91.7394
3474.35	91.7925
3476.28	91.7137
3478.21	91.5828
3480.14	91.4331
3482.07	91.3614
3484	91.4388
3485.93	91.5604
3487.86	91.6371
3489.78	91.701
3491.71	91.7084
3493.64	91.5747
3495.57	91.4249
3497.5	91.4579
3499.43	91.5928
3501.36	91.6294
3503.29	91.6438
3505.22	91.8235
3507.15	91.9993
3509.08	91.875
3511	91.5592
3512.93	91.3584
3514.86	91.2509
3516.79	91.1887
3518.72	91.3741
3520.65	91.7573
3522.58	91.9881
3524.51	92.0508
3526.44	92.1479
3528.37	92.1385
3530.3	91.9154
3532.23	91.7606
3534.15	91.8032
3536.08	91.858
3538.01	91.852
3539.94	91.8943
3541.87	92.016
3543.8	92.0887
3545.73	91.9521
3547.66	91.7636
3549.59	91.9121
3551.52	92.3561
3553.45	92.6535
3555.37	92.7079
3557.3	92.8147
3559.23	92.9617
3561.16	92.9553
3563.09	92.9412
3565.02	93.1549
3566.95	93.5674
3568.88	93.9638
3570.81	94.1249
3572.74	94.0212
3574.67	93.9768
3576.6	94.3336
3578.52	94.7721
3580.45	94.8263
3582.38	94.7394
3584.31	94.8922
3586.24	95.1202
3588.17	95.235
3590.1	95.5259
3592.03	96.1356
3593.96	96.7877
3595.89	97.121
3597.82	97.1492
3599.74	97.1095
3601.67	96.9752
3603.6	96.7607
3605.53	96.7087
3607.46	96.8537
3609.39	96.988
3611.32	97.1151
3613.25	97.3031
3615.18	97.4288
3617.11	97.5239
3619.04	97.6461
3620.97	97.6323
3622.89	97.5698
3624.82	97.6215
3626.75	97.6479
3628.68	97.7156
3630.61	98.0806
3632.54	98.2309
3634.47	97.8919
3636.4	97.5239
3638.33	97.3356
3640.26	97.0249
3642.19	96.6482
3644.11	96.6081
3646.04	97.0631
3647.97	98.0248
3649.9	98.7888
3651.83	98.4264
3653.76	97.855
3655.69	97.8074
3657.62	97.8424
3659.55	97.4071
3661.48	96.9082
3663.41	96.7764
3665.33	96.9518
3667.26	97.4066
3669.19	98.1345
3671.12	98.5168
3673.05	98.3107
3674.98	98.0888
3676.91	97.9052
3678.84	97.5451
3680.77	97.3412
3682.7	97.5072
3684.63	97.8613
3686.56	98.2937
3688.48	98.8605
3690.41	99.0994
3692.34	98.7158
3694.27	98.3727
3696.2	98.3578
3698.13	98.3408
3700.06	98.1902
3701.99	98.2144
3703.92	98.4228
3705.85	98.559
3707.78	98.7894
3709.7	99.2094
3711.63	99.1961
3713.56	98.5417
3715.49	98.0147
3717.42	97.8351
3719.35	97.896
3721.28	98.3025
3723.21	98.9457
3725.14	99.352
3727.07	99.4173
3729	99.4487
3730.93	99.4905
3732.85	99.4572
3734.78	99.4485
3736.71	99.3979
3738.64	99.1562
3740.57	98.958
3742.5	98.9664
3744.43	99.0025
3746.36	98.896
3748.29	98.9133
3750.22	99.0551
3752.15	98.8152
3754.07	98.2623
3756	97.9671
3757.93	97.995
3759.86	98.0622
3761.79	97.9753
3763.72	97.8426
3765.65	97.7402
3767.58	97.6845
3769.51	97.7
3771.44	97.643
3773.37	97.4124
3775.29	97.268
3777.22	97.4172
3779.15	97.6205
3781.08	97.5928
3783.01	97.5477
3784.94	97.6007
3786.87	97.4769
3788.8	97.1556
3790.73	97.0239
3792.66	97.2512
3794.59	97.589
3796.52	97.7499
3798.44	97.8335
3800.37	98.0853
3802.3	98.2884
3804.23	98.0917
3806.16	97.7289
3808.09	97.5291
3810.02	97.4947
3811.95	97.5322
3813.88	97.715
3815.81	98.0216
3817.74	98.135
3819.66	97.9734
3821.59	97.8417
3823.52	97.8775
3825.45	97.8012
3827.38	97.5298
3829.31	97.4184
3831.24	97.684
3833.17	97.9874
3835.1	98.1024
3837.03	98.278
3838.96	98.4773
3840.89	98.3098
3842.81	97.9577
3844.74	97.7141
3846.67	97.5135
3848.6	97.3905
3850.53	97.5746
3852.46	98.0443
3854.39	98.1405
3856.32	97.7333
3858.25	97.4448
3860.18	97.4011
3862.11	97.5642
3864.03	97.8345
3865.96	97.9715
3867.89	97.9322
3869.82	97.9544
3871.75	98.0745
3873.68	97.9793
3875.61	97.6975
3877.54	97.5636
3879.47	97.591
3881.4	97.5255
3883.33	97.4419
3885.25	97.5681
3887.18	97.6854
3889.11	97.5502
3891.04	97.3447
3892.97	97.2758
3894.9	97.3163
3896.83	97.4579
3898.76	97.7636
3900.69	98.0777
3902.62	98.1204
3904.55	97.9253
3906.48	97.6503
3908.4	97.3308
3910.33	97.0347
3912.26	96.9276
3914.19	97.0614
3916.12	97.2652
3918.05	97.3441
3919.98	97.2783
3921.91	97.1903
3923.84	97.1705
3925.77	97.2568
3927.7	97.449
3929.62	97.6529
3931.55	97.6691
3933.48	97.4234
3935.41	97.1222
3937.34	96.9468
3939.27	96.9797
3941.2	97.2662
3943.13	97.5919
3945.06	97.6365
3946.99	97.4758
3948.92	97.3293
3950.85	97.1727
3952.77	97.0098
3954.7	96.9631
3956.63	96.9953
3958.56	97.0345
3960.49	97.1547
3962.42	97.3131
3964.35	97.2986
3966.28	97.0882
3968.21	96.8878
3970.14	96.8632
3972.07	96.9903
3973.99	97.1191
3975.92	97.1555
3977.85	97.1168
3979.78	97.0441
3981.71	96.9775
3983.64	96.9337
3985.57	96.8748
3987.5	96.8239
3989.43	96.869
3991.36	96.9858
3993.29	97.0854
3995.22	97.1514
3997.14	97.1456
