499.643	78.2373
501.572	78.2394
503.501	78.5932
505.43	79.5018
507.36	80.6349
509.289	81.1134
511.218	80.4296
513.147	79.5599
515.076	79.6556
517.005	80.1957
518.934	80.0973
520.863	79.8215
522.792	79.9822
524.722	80.1454
526.651	80.3118
528.58	80.9087
530.509	81.2649
532.438	80.7552
534.367	80.1488
536.296	80.1217
538.225	80.3001
540.155	80.485
542.084	80.7714
544.013	80.8171
545.942	80.5267
547.871	80.3766
549.8	80.4846
551.729	80.5719
553.658	80.5501
555.588	80.4076
557.517	80.1985
559.446	80.1857
561.375	80.4088
563.304	80.5792
565.233	80.5866
567.162	80.5163
569.091	80.4269
571.021	80.4735
572.95	80.7742
574.879	81.1756
576.808	81.5031
578.737	81.7475
580.666	81.8154
582.595	81.523
584.524	80.9631
586.454	80.5423
588.383	80.5183
590.312	80.6852
592.241	80.7112
594.17	80.6824
596.099	80.8427
598.028	81.0262
599.957	80.9549
601.887	80.7246
603.816	80.5265
605.745	80.3704
607.674	80.2934
609.603	80.3148
611.532	80.3246
613.461	80.3499
615.39	80.4961
617.32	80.6179
619.249	80.5886
621.178	80.5712
623.107	80.647
625.036	80.7591
626.965	80.9801
628.894	81.3183
630.823	81.5443
632.753	81.5661
634.682	81.6229
636.611	81.8876
638.54	82.2509
640.469	82.6273
642.398	83.0808
644.327	83.6015
646.256	84.0821
648.186	84.4404
650.115	84.6517
652.044	84.8067
653.973	84.9216
655.902	84.8156
657.831	84.5374
659.76	84.3061
661.689	84.0347
663.619	83.7819
665.548	84.1833
667.477	85.7575
669.406	86.7875
671.335	86.1158
673.264	85.5798
675.193	85.6976
677.122	85.9908
679.052	86.1937
680.981	86.4344
682.91	86.6411
684.839	86.7355
686.768	86.7962
688.697	86.8044
690.626	86.756
692.555	86.724
694.485	86.6754
696.414	86.6015
698.343	86.5967
700.272	86.5894
702.201	86.4452
704.13	86.3117
706.059	86.3409
707.988	86.3567
709.917	86.257
711.847	86.2246
713.776	86.2805
715.705	86.2887
717.634	86.3259
719.563	86.3916
721.492	86.1764
723.421	85.6595
725.35	85.2192
727.28	84.9549
729.209	84.5989
731.138	84.0276
733.067	83.3856
734.996	82.8126
736.925	82.3619
738.854	82.0852
740.783	82.0091
742.713	82.0541
744.642	82.0986
746.571	82.1026
748.5	82.1036
750.429	82.155
752.358	82.2912
754.287	82.4802
756.216	82.6645
758.146	82.8789
760.075	83.1843
762.004	83.5152
763.933	83.7727
765.862	83.9846
767.791	84.2027
769.72	84.3637
771.649	84.4058
773.579	84.4062
775.508	84.4609
777.437	84.5357
779.366	84.5701
781.295	84.5965
783.224	84.6197
785.153	84.5409
787.082	84.3019
789.012	83.9415
790.941	83.4866
792.87	82.9122
794.799	82.1171
796.728	80.8452
798.657	78.7028
800.586	75.2905
802.515	70.5401
804.445	65.306
806.374	61.3946
808.303	60.3917
810.232	62.4759
812.161	66.6151
814.09	71.5536
816.019	76.2403
817.948	79.843
819.878	82.024
821.807	83.0489
823.736	83.4059
825.665	83.4586
827.594	83.3922
829.523	83.2479
831.452	82.988
833.381	82.5914
835.311	82.0783
837.24	81.4721
839.169	80.7729
841.098	79.9868
843.027	79.2206
844.956	78.707
846.885	78.629
848.814	78.9528
850.744	79.5114
852.673	80.1717
854.602	80.8239
856.531	81.3283
858.46	81.6125
860.389	81.7406
862.318	81.8056
864.247	81.8433
866.177	81.8757
868.106	81.9221
870.035	81.9475
871.964	81.9042
873.893	81.8206
875.822	81.7578
877.751	81.7099
879.68	81.6361
881.609	81.5401
883.539	81.4372
885.468	81.2945
887.397	81.0792
889.326	80.8218
891.255	80.5671
893.184	80.3082
895.113	80.029
897.042	79.7566
898.972	79.5312
900.901	79.3998
902.83	79.4235
904.759	79.5667
906.688	79.6579
908.617	79.6009
910.546	79.4786
912.475	79.3425
914.405	79.1288
916.334	78.8436
918.263	78.5724
920.192	78.3053
922.121	77.983
924.05	77.6525
925.979	77.3843
927.908	77.1289
929.838	76.8055
931.767	76.4335
933.696	76.0491
935.625	75.6002
937.554	75.0433
939.483	74.4301
941.412	73.7879
943.341	73.0155
945.271	71.9978
947.2	70.7738
949.129	69.5387
951.058	68.4707
952.987	67.5479
954.916	66.5513
956.845	65.256
958.774	63.6124
960.704	61.7761
962.633	60.0066
964.562	58.5263
966.491	57.4208
968.42	56.6214
970.349	55.9724
972.278	55.3252
974.207	54.5841
976.137	53.7021
978.066	52.7169
979.995	51.8103
981.924	51.2472
983.853	51.2065
985.782	51.6834
987.711	52.5437
989.64	53.6386
991.57	54.8634
993.499	56.1127
995.428	57.2178
997.357	57.9972
999.286	58.3922
1001.22	58.494
1003.14	58.4118
1005.07	58.1984
1007	57.9438
1008.93	57.8079
1010.86	57.8645
1012.79	58.0086
1014.72	58.0776
1016.65	57.9655
1018.58	57.6068
1020.51	56.9698
1022.44	56.1136
1024.36	55.2091
1026.29	54.4841
1028.22	54.1071
1030.15	54.0465
1032.08	54.0453
1034.01	53.8046
1035.94	53.2206
1037.87	52.4033
1039.8	51.4996
1041.73	50.592
1043.66	49.7271
1045.58	48.917
1047.51	48.1174
1049.44	47.2628
1051.37	46.3115
1053.3	45.3053
1055.23	44.447
1057.16	44.0317
1059.09	44.2237
1061.02	44.9656
1062.95	46.1041
1064.88	47.5127
1066.81	49.1356
1068.73	51.0114
1070.66	53.2144
1072.59	55.7241
1074.52	58.3904
1076.45	61.0199
1078.38	63.454
1080.31	65.5916
1082.24	67.3785
1084.17	68.7622
1086.1	69.6751
1088.03	70.0933
1089.95	70.0705
1091.88	69.673
1093.81	68.9404
1095.74	67.9533
1097.67	66.8635
1099.6	65.79
1101.53	64.7547
1103.46	63.7603
1105.39	62.8383
1107.32	62.0039
1109.25	61.2781
1111.18	60.7428
1113.1	60.4768
1115.03	60.4734
1116.96	60.6695
1118.89	60.9758
1120.82	61.2712
1122.75	61.4491
1124.68	61.433
1126.61	61.1021
1128.54	60.2953
1130.47	58.9114
1132.4	56.921
1134.32	54.34
1136.25	51.3087
1138.18	48.1189
1140.11	45.081
1142.04	42.4087
1143.97	40.2111
1145.9	38.5128
1147.83	37.2891
1149.76	36.4836
1151.69	36.0013
1153.62	35.7574
1155.55	35.72
1157.47	35.8566
1159.4	36.1154
1161.33	36.4816
1163.26	36.9603
1165.19	37.5218
1167.12	38.1265
1169.05	38.7582
1170.98	39.4032
1172.91	40.0412
1174.84	40.675
1176.77	41.3439
1178.69	42.0759
1180.62	42.8527
1182.55	43.6573
1184.48	44.5073
1186.41	45.4108
1188.34	46.3559
1190.27	47.341
1192.2	48.3674
1194.13	49.4382
1196.06	50.5779
1197.99	51.8065
1199.91	53.1075
1201.84	54.439
1203.77	55.7612
1205.7	57.0671
1207.63	58.378
1209.56	59.6927
1211.49	61.0067
1213.42	62.3516
1215.35	63.6845
1217.28	64.8113
1219.21	65.6049
1221.14	66.201
1223.06	66.7819
1224.99	67.3184
1226.92	67.6798
1228.85	67.8162
1230.78	67.7143
1232.71	67.357
1234.64	66.8008
1236.57	66.1435
1238.5	65.4121
1240.43	64.5854
1242.36	63.6859
1244.28	62.7791
1246.21	61.9094
1248.14	61.0864
1250.07	60.337
1252	59.7329
1253.93	59.3338
1255.86	59.1401
1257.79	59.1184
1259.72	59.2279
1261.65	59.4454
1263.58	59.7983
1265.51	60.3252
1267.43	61.0251
1269.36	61.8825
1271.29	62.8741
1273.22	63.947
1275.15	65.0557
1277.08	66.1797
1279.01	67.2876
1280.94	68.3438
1282.87	69.3246
1284.8	70.1796
1286.73	70.8015
1288.65	71.0706
1290.58	70.991
1292.51	70.7904
1294.44	70.8276
1296.37	71.4019
1298.3	72.6149
1300.23	74.3245
1302.16	76.2286
1304.09	78.0544
1306.02	79.6664
1307.95	81.0127
1309.87	82.0791
1311.8	82.8922
1313.73	83.4986
1315.66	83.9447
1317.59	84.2551
1319.52	84.4227
1321.45	84.4649
1323.38	84.4465
1325.31	84.4198
1327.24	84.4169
1329.17	84.4736
1331.1	84.5973
1333.02	84.748
1334.95	84.9054
1336.88	85.1125
1338.81	85.3759
1340.74	85.5873
1342.67	85.6983
1344.6	85.8097
1346.53	85.9836
1348.46	86.1452
1350.39	86.2086
1352.32	86.208
1354.24	86.1879
1356.17	86.1124
1358.1	86.024
1360.03	86.0576
1361.96	86.1683
1363.89	86.1301
1365.82	85.9318
1367.75	85.6876
1369.68	85.4197
1371.61	85.1541
1373.54	84.7916
1375.47	84.1475
1377.39	83.4136
1379.32	82.8625
1381.25	82.4384
1383.18	82.0601
1385.11	81.679
1387.04	81.0725
1388.97	80.2189
1390.9	79.4184
1392.83	78.6827
1394.76	77.853
1396.69	76.75
1398.61	75.1109
1400.54	73.0147
1402.47	70.7398
1404.4	68.4341
1406.33	66.8553
1408.26	66.9
1410.19	68.5696
1412.12	71.4362
1414.05	74.583
1415.98	77.5523
1417.91	80.7073
1419.83	83.5057
1421.76	85.1363
1423.69	86.1212
1425.62	86.8554
1427.55	87.328
1429.48	87.5017
1431.41	87.3615
1433.34	87.116
1435.27	86.9202
1437.2	86.5529
1439.13	85.8885
1441.06	85.1228
1442.98	84.3264
1444.91	83.5687
1446.84	82.8854
1448.77	82.1829
1450.7	81.5772
1452.63	81.325
1454.56	81.4929
1456.49	81.8733
1458.42	81.6637
1460.35	80.9991
1462.28	80.5551
1464.2	80.3018
1466.13	80.1107
1468.06	80.2054
1469.99	80.8722
1471.92	82.1625
1473.85	83.4778
1475.78	84.398
1477.71	85.4417
1479.64	86.7694
1481.57	88.1739
1483.5	89.4945
1485.43	90.7425
1487.35	92.0375
1489.28	93.1875
1491.21	93.6933
1493.14	93.879
1495.07	94.248
1497	94.7141
1498.93	94.8934
1500.86	94.8868
1502.79	95.0444
1504.72	95.5887
1506.65	96.4082
1508.57	96.3882
1510.5	95.7486
1512.43	95.4312
1514.36	95.5974
1516.29	96.028
1518.22	96.4327
1520.15	96.7425
1522.08	96.8648
1524.01	96.7506
1525.94	96.5064
1527.87	96.2616
1529.8	96.1847
1531.72	96.3342
1533.65	96.505
1535.58	96.5293
1537.51	96.725
1539.44	97.3511
1541.37	97.6972
1543.3	97.1721
1545.23	96.6328
1547.16	96.4108
1549.09	96.4158
1551.02	96.4878
1552.94	96.5448
1554.87	96.7415
1556.8	97.2576
1558.73	97.6119
1560.66	97.0682
1562.59	96.5112
1564.52	96.2936
1566.45	96.2865
1568.38	96.345
1570.31	96.257
1572.24	96.105
1574.16	96.1493
1576.09	96.2753
1578.02	96.0767
1579.95	95.7256
1581.88	95.5182
1583.81	95.4172
1585.74	95.3332
1587.67	95.2744
1589.6	95.2566
1591.53	95.2567
1593.46	95.2418
1595.39	95.1632
1597.31	94.9935
1599.24	94.7945
1601.17	94.6066
1603.1	94.3439
1605.03	93.9947
1606.96	93.6561
1608.89	93.1552
1610.82	92.296
1612.75	91.4166
1614.68	90.7611
1616.61	90.155
1618.53	89.6919
1620.46	89.7182
1622.39	90.1211
1624.32	90.4079
1626.25	90.3007
1628.18	89.8313
1630.11	88.999
1632.04	88.1914
1633.97	87.9957
1635.9	88.6794
1637.83	89.66
1639.76	90.6061
1641.68	91.6705
1643.61	92.7475
1645.54	93.7319
1647.47	94.2928
1649.4	94.3169
1651.33	94.4138
1653.26	94.7255
1655.19	94.4298
1657.12	93.8885
1659.05	93.6602
1660.98	93.636
1662.9	93.4535
1664.83	93.1165
1666.76	93.0142
1668.69	93.1321
1670.62	92.9346
1672.55	92.4442
1674.48	91.9995
1676.41	91.3176
1678.34	90.484
1680.27	89.9429
1682.2	89.4966
1684.12	88.6337
1686.05	87.3993
1687.98	85.977
1689.91	84.4009
1691.84	82.8466
1693.77	81.1587
1695.7	79.2069
1697.63	77.0483
1699.56	73.9201
1701.49	69.8904
1703.42	66.3323
1705.35	62.8652
1707.27	58.8461
1709.2	55.1869
1711.13	52.4033
1713.06	50.0978
1714.99	48.2599
1716.92	46.5391
1718.85	44.4151
1720.78	42.9359
1722.71	42.4753
1724.64	42.5954
1726.57	43.359
1728.49	44.7949
1730.42	46.5756
1732.35	48.9518
1734.28	52.0116
1736.21	54.664
1738.14	57.0764
1740.07	60.0521
1742	63.3502
1743.93	66.4624
1745.86	69.643
1747.79	73.1445
1749.72	76.8284
1751.64	80.2259
1753.57	83.0543
1755.5	85.6252
1757.43	88.2028
1759.36	90.4552
1761.29	92.0909
1763.22	93.2478
1765.15	93.9664
1767.08	94.3957
1769.01	94.9582
1770.94	95.6742
1772.86	96.042
1774.79	96.0264
1776.72	95.9559
1778.65	95.9096
1780.58	95.9025
1782.51	95.9187
1784.44	95.954
1786.37	96.0806
1788.3	96.2908
1790.23	96.5494
1792.16	96.7869
1794.08	96.7813
1796.01	96.631
1797.94	96.6111
1799.87	96.6739
1801.8	96.6695
1803.73	96.6887
1805.66	96.7944
1807.59	96.9163
1809.52	96.9661
1811.45	96.8463
1813.38	96.6845
1815.31	96.7303
1817.23	96.9079
1819.16	97.0066
1821.09	97.0905
1823.02	97.211
1824.95	97.2662
1826.88	97.3535
1828.81	97.5676
1830.74	97.6507
1832.67	97.4807
1834.6	97.3456
1836.53	97.3967
1838.45	97.4937
1840.38	97.551
1842.31	97.693
1844.24	97.8827
1846.17	97.8488
1848.1	97.6939
1850.03	97.6798
1851.96	97.7571
1853.89	97.7718
1855.82	97.7179
1857.75	97.6548
1859.68	97.6378
1861.6	97.6736
1863.53	97.7347
1865.46	97.9232
1867.39	98.3114
1869.32	98.5653
1871.25	98.3811
1873.18	98.0535
1875.11	97.8873
1877.04	97.9185
1878.97	98.0347
1880.9	98.1276
1882.82	98.2432
1884.75	98.47
1886.68	98.6938
1888.61	98.7231
1890.54	98.5869
1892.47	98.4869
1894.4	98.5164
1896.33	98.645
1898.26	98.7947
1900.19	98.855
1902.12	98.762
1904.05	98.6233
1905.97	98.6325
1907.9	98.7857
1909.83	98.8983
1911.76	98.8974
1913.69	98.8996
1915.62	99.0213
1917.55	99.2395
1919.48	99.3733
1921.41	99.3231
1923.34	99.1828
1925.27	99.0442
1927.19	98.9582
1929.12	98.971
1931.05	99.029
1932.98	99.0672
1934.91	99.1617
1936.84	99.3196
1938.77	99.4224
1940.7	99.4981
1942.63	99.6066
1944.56	99.6196
1946.49	99.513
1948.41	99.4619
1950.34	99.5322
1952.27	99.6548
1954.2	99.8203
1956.13	100.087
1958.06	100.393
1959.99	100.503
1961.92	100.366
1963.85	100.344
1965.78	100.63
1967.71	100.868
1969.64	100.822
1971.56	100.754
1973.49	100.729
1975.42	100.539
1977.35	100.343
1979.28	100.429
1981.21	100.627
1983.14	100.694
1985.07	100.733
1987	100.777
1988.93	100.634
1990.86	100.336
1992.78	100.169
1994.71	100.232
1996.64	100.39
1998.57	100.516
2000.5	100.519
2002.43	100.358
2004.36	100.139
2006.29	100.075
2008.22	100.225
2010.15	100.401
2012.08	100.48
2014.01	100.566
2015.93	100.669
2017.86	100.645
2019.79	100.548
2021.72	100.535
2023.65	100.525
2025.58	100.347
2027.51	100.045
2029.44	99.8881
2031.37	100.097
2033.3	100.483
2035.23	100.628
2037.15	100.523
2039.08	100.48
2041.01	100.455
2042.94	100.224
2044.87	99.9941
2046.8	100.101
2048.73	100.385
2050.66	100.418
2052.59	100.136
2054.52	99.8316
2056.45	99.6699
2058.37	99.5722
2060.3	99.5062
2062.23	99.5675
2064.16	99.74
2066.09	99.8438
2068.02	99.7818
2069.95	99.6555
2071.88	99.598
2073.81	99.6116
2075.74	99.6003
2077.67	99.5228
2079.6	99.4568
2081.52	99.4953
2083.45	99.6044
2085.38	99.6216
2087.31	99.4595
2089.24	99.2812
2091.17	99.3061
2093.1	99.4718
2095.03	99.5708
2096.96	99.607
2098.89	99.6179
2100.82	99.4464
2102.74	99.149
2104.67	99.0982
2106.6	99.3233
2108.53	99.4237
2110.46	99.2894
2112.39	99.1965
2114.32	99.2485
2116.25	99.3022
2118.18	99.2837
2120.11	99.2702
2122.04	99.3514
2123.97	99.483
2125.89	99.5303
2127.82	99.5089
2129.75	99.5991
2131.68	99.8661
2133.61	100.157
2135.54	100.281
2137.47	100.22
2139.4	100.147
2141.33	100.174
2143.26	100.168
2145.19	100.025
2147.11	99.9314
2149.04	100.082
2150.97	100.322
2152.9	100.398
2154.83	100.339
2156.76	100.309
2158.69	100.354
2160.62	100.492
2162.55	100.655
2164.48	100.573
2166.41	100.226
2168.33	99.9585
2170.26	99.8496
2172.19	99.7078
2174.12	99.6529
2176.05	99.892
2177.98	100.281
2179.91	100.578
2181.84	100.616
2183.77	100.342
2185.7	100.077
2187.63	100.14
2189.56	100.281
2191.48	100.163
2193.41	99.9198
2195.34	99.7765
2197.27	99.7551
2199.2	99.8909
2201.13	100.159
2203.06	100.325
2204.99	100.245
2206.92	100.104
2208.85	100.113
2210.78	100.162
2212.7	100.071
2214.63	99.959
2216.56	99.9861
2218.49	100.03
2220.42	99.9817
2222.35	99.9406
2224.28	99.9094
2226.21	99.7811
2228.14	99.6423
2230.07	99.6437
2232	99.7094
2233.93	99.7035
2235.85	99.7066
2237.78	99.8497
2239.71	100.017
2241.64	100.006
2243.57	99.8488
2245.5	99.6871
2247.43	99.5254
2249.36	99.3986
2251.29	99.4397
2253.22	99.565
2255.15	99.5394
2257.07	99.4342
2259	99.5114
2260.93	99.7367
2262.86	99.8721
2264.79	99.875
2266.72	99.8842
2268.65	99.9867
2270.58	100.141
2272.51	100.217
2274.44	100.162
2276.37	100.088
2278.29	100.017
2280.22	99.8032
2282.15	99.5447
2284.08	99.5876
2286.01	99.9366
2287.94	100.234
2289.87	100.39
2291.8	100.625
2293.73	100.968
2295.66	101.277
2297.59	101.588
2299.52	101.977
2301.44	102.35
2303.37	102.714
2305.3	103.277
2307.23	104.094
2309.16	104.919
2311.09	105.531
2313.02	106.026
2314.95	106.7
2316.88	107.717
2318.81	108.924
2320.74	110.077
2322.66	111.133
2324.59	112.153
2326.52	113.094
2328.45	113.902
2330.38	114.501
2332.31	114.822
2334.24	115.128
2336.17	115.667
2338.1	116.146
2340.03	116.478
2341.96	116.979
2343.89	116.597
2345.81	114.301
2347.74	112.168
2349.67	112.023
2351.6	113.963
2353.53	117.15
2355.46	120.174
2357.39	122.672
2359.32	124.587
2361.25	124.825
2363.18	123.32
2365.11	121.025
2367.03	118.575
2368.96	116.142
2370.89	113.532
2372.82	110.729
2374.75	108.052
2376.68	105.748
2378.61	103.865
2380.54	102.321
2382.47	100.969
2384.4	99.7607
2386.33	98.8511
2388.26	98.3819
2390.18	98.228
2392.11	98.1427
2394.04	98.0621
2395.97	98.0409
2397.9	98.0489
2399.83	98.0171
2401.76	97.9358
2403.69	97.8622
2405.62	97.8825
2407.55	97.9664
2409.48	97.9666
2411.4	97.906
2413.33	97.9638
2415.26	98.1052
2417.19	98.1223
2419.12	98.002
2421.05	97.9003
2422.98	97.8899
2424.91	97.9447
2426.84	98.0246
2428.77	98.099
2430.7	98.1481
2432.62	98.1691
2434.55	98.2132
2436.48	98.3198
2438.41	98.3735
2440.34	98.2498
2442.27	98.0697
2444.2	98.0256
2446.13	98.1004
2448.06	98.1623
2449.99	98.1316
2451.92	98.0196
2453.85	97.9528
2455.77	98.0235
2457.7	98.1214
2459.63	98.1254
2461.56	98.0881
2463.49	98.0523
2465.42	97.9701
2467.35	97.8676
2469.28	97.828
2471.21	97.8729
2473.14	97.9917
2475.07	98.1254
2476.99	98.1514
2478.92	98.0718
2480.85	98.0491
2482.78	98.1173
2484.71	98.1205
2486.64	98.0201
2488.57	97.9725
2490.5	98.0508
2492.43	98.1347
2494.36	98.1339
2496.29	98.1192
2498.22	98.128
2500.14	98.0429
2502.07	97.8602
2504	97.8224
2505.93	98.0239
2507.86	98.2143
2509.79	98.2214
2511.72	98.1606
2513.65	98.0899
2515.58	97.9491
2517.51	97.8595
2519.44	97.9974
2521.36	98.2342
2523.29	98.2936
2525.22	98.1514
2527.15	97.9809
2529.08	97.8626
2531.01	97.8026
2532.94	97.8322
2534.87	97.8988
2536.8	97.8976
2538.73	97.8775
2540.66	97.9241
2542.58	97.9368
2544.51	97.8394
2546.44	97.7724
2548.37	97.8336
2550.3	97.929
2552.23	97.9619
2554.16	97.91
2556.09	97.8035
2558.02	97.7717
2559.95	97.8893
2561.88	97.9766
2563.81	97.8574
2565.73	97.6991
2567.66	97.736
2569.59	97.8459
2571.52	97.8157
2573.45	97.7676
2575.38	97.8592
2577.31	97.9094
2579.24	97.777
2581.17	97.6633
2583.1	97.6952
2585.03	97.732
2586.95	97.7074
2588.88	97.674
2590.81	97.64
2592.74	97.674
2594.67	97.8164
2596.6	97.8552
2598.53	97.658
2600.46	97.4792
2602.39	97.4993
2604.32	97.5215
2606.25	97.4163
2608.18	97.3366
2610.1	97.3609
2612.03	97.3756
2613.96	97.32
2615.89	97.2555
2617.82	97.2349
2619.75	97.2294
2621.68	97.16
2623.61	97.003
2625.54	96.8526
2627.47	96.81
2629.4	96.8551
2631.32	96.9037
2633.25	96.9184
2635.18	96.9019
2637.11	96.8704
2639.04	96.8625
2640.97	96.8697
2642.9	96.808
2644.83	96.6824
2646.76	96.6319
2648.69	96.6863
2650.62	96.7056
2652.54	96.6428
2654.47	96.6041
2656.4	96.6217
2658.33	96.6053
2660.26	96.5057
2662.19	96.3866
2664.12	96.3525
2666.05	96.4149
2667.98	96.4523
2669.91	96.3983
2671.84	96.3638
2673.77	96.4204
2675.69	96.4623
2677.62	96.4254
2679.55	96.3901
2681.48	96.392
2683.41	96.3848
2685.34	96.3694
2687.27	96.3577
2689.2	96.3219
2691.13	96.2908
2693.06	96.3178
2694.99	96.3446
2696.91	96.2947
2698.84	96.2253
2700.77	96.219
2702.7	96.2551
2704.63	96.2798
2706.56	96.2702
2708.49	96.2315
2710.42	96.2193
2712.35	96.2671
2714.28	96.2867
2716.21	96.2024
2718.14	96.0969
2720.06	96.0606
2721.99	96.0628
2723.92	96.0529
2725.85	95.9915
2727.78	95.8433
2729.71	95.7153
2731.64	95.7699
2733.57	95.9072
2735.5	95.8931
2737.43	95.7815
2739.36	95.7888
2741.28	95.8782
2743.21	95.8574
2745.14	95.7294
2747.07	95.6457
2749	95.6571
2750.93	95.7153
2752.86	95.8034
2754.79	95.9046
2756.72	95.943
2758.65	95.8997
2760.58	95.851
2762.51	95.803
2764.43	95.7088
2766.36	95.6198
2768.29	95.5698
2770.22	95.496
2772.15	95.4498
2774.08	95.5466
2776.01	95.6908
2777.94	95.7122
2779.87	95.6268
2781.8	95.5141
2783.73	95.3926
2785.65	95.3019
2787.58	95.2873
2789.51	95.3316
2791.44	95.3797
2793.37	95.3827
2795.3	95.3435
2797.23	95.2921
2799.16	95.2169
2801.09	95.1545
2803.02	95.207
2804.95	95.3086
2806.87	95.263
2808.8	95.0874
2810.73	94.9634
2812.66	94.9202
2814.59	94.8792
2816.52	94.8384
2818.45	94.8185
2820.38	94.7714
2822.31	94.6286
2824.24	94.4093
2826.17	94.226
2828.1	94.1033
2830.02	93.9081
2831.95	93.5931
2833.88	93.2934
2835.81	93.0886
2837.74	92.9413
2839.67	92.8445
2841.6	92.7573
2843.53	92.5529
2845.46	92.2305
2847.39	91.9207
2849.32	91.607
2851.24	91.1723
2853.17	90.6618
2855.1	90.1571
2857.03	89.5989
2858.96	88.9908
2860.89	88.458
2862.82	87.9802
2864.75	87.4479
2866.68	86.9541
2868.61	86.6211
2870.54	86.3454
2872.47	86.0837
2874.39	86.0468
2876.32	86.334
2878.25	86.7578
2880.18	87.1474
2882.11	87.475
2884.04	87.7258
2885.97	87.9081
2887.9	88.0439
2889.83	88.0781
2891.76	87.9745
2893.69	87.8168
2895.61	87.6849
2897.54	87.5782
2899.47	87.4975
2901.4	87.4654
2903.33	87.4673
2905.26	87.4369
2907.19	87.3185
2909.12	87.1381
2911.05	86.946
2912.98	86.7107
2914.91	86.3918
2916.83	86.0576
2918.76	85.7933
2920.69	85.5378
2922.62	85.1269
2924.55	84.5255
2926.48	83.9249
2928.41	83.5101
2930.34	83.2554
2932.27	83.078
2934.2	83.0021
2936.13	83.0994
2938.06	83.4177
2939.98	83.8812
2941.91	84.2373
2943.84	84.3737
2945.77	84.4954
2947.7	84.64
2949.63	84.4593
2951.56	83.8425
2953.49	83.1912
2955.42	82.8154
2957.35	82.6336
2959.28	82.5921
2961.2	82.8582
2963.13	83.521
2965.06	84.4811
2966.99	85.5971
2968.92	86.7188
2970.85	87.7322
2972.78	88.6859
2974.71	89.6541
2976.64	90.5318
2978.57	91.21
2980.5	91.7526
2982.43	92.2308
2984.35	92.6363
2986.28	92.9948
2988.21	93.3734
2990.14	93.8019
2992.07	94.2042
2994	94.4369
2995.93	94.5461
2997.86	94.7661
2999.79	95.0755
3001.72	95.2233
3003.65	95.2623
3005.57	95.4288
3007.5	95.6234
3009.43	95.6498
3011.36	95.6518
3013.29	95.7797
3015.22	95.86
3017.15	95.7816
3019.08	95.766
3021.01	95.9665
3022.94	96.197
3024.87	96.2624
3026.79	96.2392
3028.72	96.2733
3030.65	96.3248
3032.58	96.2532
3034.51	96.0688
3036.44	95.9655
3038.37	96.0619
3040.3	96.2376
3042.23	96.3109
3044.16	96.2074
3046.09	95.953
3048.02	95.7418
3049.94	95.846
3051.87	96.2111
3053.8	96.4885
3055.73	96.5726
3057.66	96.6014
3059.59	96.5401
3061.52	96.319
3063.45	96.1216
3065.38	96.1283
3067.31	96.2927
3069.24	96.4769
3071.16	96.5331
3073.09	96.3906
3075.02	96.1923
3076.95	96.1141
3078.88	96.1532
3080.81	96.2432
3082.74	96.3153
3084.67	96.2673
3086.6	96.116
3088.53	96.0091
3090.46	96.0102
3092.39	96.0802
3094.31	96.1518
3096.24	96.1419
3098.17	96.1015
3100.1	96.1437
3102.03	96.1018
3103.96	95.7977
3105.89	95.5394
3107.82	95.6258
3109.75	95.7889
3111.68	95.7871
3113.61	95.8276
3115.53	95.9265
3117.46	95.7946
3119.39	95.5645
3121.32	95.6235
3123.25	95.8481
3125.18	95.8981
3127.11	95.8646
3129.04	95.9421
3130.97	96.0678
3132.9	96.1938
3134.83	96.2645
3136.75	96.0956
3138.68	95.7929
3140.61	95.7
3142.54	95.77
3144.47	95.7475
3146.4	95.7097
3148.33	95.7192
3150.26	95.6142
3152.19	95.4969
3154.12	95.5732
3156.05	95.6512
3157.98	95.525
3159.9	95.3777
3161.83	95.4184
3163.76	95.6284
3165.69	95.8363
3167.62	95.8254
3169.55	95.6296
3171.48	95.5272
3173.41	95.5324
3175.34	95.4139
3177.27	95.2195
3179.2	95.1918
3181.12	95.3109
3183.05	95.3413
3184.98	95.1805
3186.91	95.0002
3188.84	95.015
3190.77	95.1313
3192.7	95.1116
3194.63	95.0301
3196.56	95.0791
3198.49	95.1269
3200.42	94.9946
3202.35	94.8379
3204.27	94.8525
3206.2	94.9514
3208.13	94.9348
3210.06	94.7588
3211.99	94.5713
3213.92	94.5335
3215.85	94.6154
3217.78	94.6703
3219.71	94.6852
3221.64	94.7437
3223.57	94.7989
3225.49	94.7581
3227.42	94.6634
3229.35	94.5235
3231.28	94.2549
3233.21	93.9982
3235.14	93.9999
3237.07	94.1006
3239	93.9786
3240.93	93.7809
3242.86	93.7944
3244.79	93.8801
3246.72	93.8538
3248.64	93.8637
3250.57	93.9653
3252.5	93.9417
3254.43	93.7426
3256.36	93.5713
3258.29	93.5181
3260.22	93.5163
3262.15	93.5541
3264.08	93.6274
3266.01	93.6434
3267.94	93.569
3269.86	93.4804
3271.79	93.4014
3273.72	93.3156
3275.65	93.2598
3277.58	93.2099
3279.51	93.0808
3281.44	92.9312
3283.37	92.9007
3285.3	92.9771
3287.23	93.0268
3289.16	92.9485
3291.08	92.7414
3293.01	92.5233
3294.94	92.4045
3296.87	92.3699
3298.8	92.4044
3300.73	92.5355
3302.66	92.6471
3304.59	92.5684
3306.52	92.3767
3308.45	92.2727
3310.38	92.2262
3312.31	92.0836
3314.23	91.9326
3316.16	91.9893
3318.09	92.1775
3320.02	92.1938
3321.95	91.9864
3323.88	91.8027
3325.81	91.7809
3327.74	91.8261
3329.67	91.8192
3331.6	91.7279
3333.53	91.6026
3335.45	91.5318
3337.38	91.5354
3339.31	91.5692
3341.24	91.6173
3343.17	91.639
3345.1	91.5525
3347.03	91.4124
3348.96	91.387
3350.89	91.5022
3352.82	91.6319
3354.75	91.6799
3356.68	91.6364
3358.6	91.5483
3360.53	91.4593
3362.46	91.3528
3364.39	91.2032
3366.32	91.0446
3368.25	90.9427
3370.18	90.979
3372.11	91.2214
3374.04	91.5549
3375.97	91.6701
3377.9	91.455
3379.82	91.1748
3381.75	91.0275
3383.68	90.9196
3385.61	90.8532
3387.54	90.9728
3389.47	91.169
3391.4	91.2318
3393.33	91.2158
3395.26	91.1994
3397.19	91.0992
3399.12	90.9737
3401.04	91.0012
3402.97	91.1524
3404.9	91.2716
3406.83	91.3024
3408.76	91.2595
3410.69	91.1866
3412.62	91.1502
3414.55	91.1666
3416.48	91.2169
3418.41	91.2915
3420.34	91.3667
3422.27	91.4404
3424.19	91.5184
3426.12	91.5258
3428.05	91.4461
3429.98	91.4245
3431.91	91.4952
3433.84	91.4765
3435.77	91.3174
3437.7	91.2212
3439.63	91.317
3441.56	91.469
3443.49	91.479
3445.41	91.3509
3447.34	91.2539
3449.27	91.3134
3451.2	91.5267
3453.13	91.7614
3455.06	91.797
3456.99	91.6142
3458.92	91.5231
3460.85	91.6962
3462.78	91.8973
3464.71	91.8953
3466.64	91.7405
3468.56	91.5482
3470.49	91.4228
3472.42	91.498
3474.35	91.7396
3476.28	91.8847
3478.21	91.7728
3480.14	91.511
3482.07	91.267
3484	91.1148
3485.93	91.0759
3487.86	91.1513
3489.78	91.2649
3491.71	91.332
3493.64	91.4259
3495.57	91.6374
3497.5	91.7976
3499.43	91.7188
3501.36	91.5947
3503.29	91.6772
3505.22	91.7625
3507.15	91.5919
3509.08	91.4027
3511	91.4708
3512.93	91.5641
3514.86	91.4343
3516.79	91.3041
3518.72	91.3759
3520.65	91.4736
3522.58	91.5427
3524.51	91.8063
3526.44	92.1483
3528.37	92.1534
3530.3	91.8659
3532.23	91.7222
3534.15	91.8243
3536.08	91.8931
3538.01	91.7878
3539.94	91.7444
3541.87	91.9394
3543.8	92.1155
3545.73	91.9906
3547.66	91.8534
3549.59	92.0761
3551.52	92.4563
3553.45	92.5875
3555.37	92.4163
3557.3	92.2753
3559.23	92.4793
3561.16	92.9763
3563.09	93.4245
3565.02	93.7413
3566.95	94.0527
3568.88	94.2189
3570.81	94.1073
3572.74	93.8933
3574.67	93.8268
3576.6	94.0907
3578.52	94.5519
3580.45	94.8347
3582.38	94.8512
3584.31	94.8843
3586.24	95.0841
3588.17	95.4006
3590.1	95.8622
3592.03	96.453
3593.96	96.9303
3595.89	97.0884
3597.82	97.1158
3599.74	97.1492
3601.67	97.0117
3603.6	96.8092
3605.53	96.8474
3607.46	97.0048
3609.39	97.0296
3611.32	97.1713
3613.25	97.5132
3615.18	97.5794
3617.11	97.325
3619.04	97.2416
3620.97	97.3985
3622.89	97.5039
3624.82	97.5727
3626.75	97.7254
3628.68	98.0574
3630.61	98.4335
3632.54	98.3814
3634.47	97.906
3636.4	97.537
3638.33	97.4877
3640.26	97.3504
3642.19	97.0438
3644.11	97.0501
3646.04	97.6397
3647.97	98.6278
3649.9	99.1105
3651.83	98.5138
3653.76	97.8485
3655.69	97.6978
3657.62	97.7472
3659.55	97.5323
3661.48	97.2459
3663.41	97.1408
3665.33	97.1964
3667.26	97.5246
3669.19	98.2176
3671.12	98.7039
3673.05	98.6516
3674.98	98.4555
3676.91	98.1008
3678.84	97.6138
3680.77	97.4277
3682.7	97.5954
3684.63	97.8196
3686.56	98.029
3688.48	98.4753
3690.41	98.9528
3692.34	98.8764
3694.27	98.4797
3696.2	98.2435
3698.13	98.2481
3700.06	98.2787
3701.99	98.2063
3703.92	98.086
3705.85	98.0458
3707.78	98.2452
3709.7	98.6344
3711.63	98.663
3713.56	98.195
3715.49	97.9058
3717.42	97.9656
3719.35	98.2009
3721.28	98.667
3723.21	99.3575
3725.14	99.7994
3727.07	99.7119
3729	99.5191
3730.93	99.5562
3732.85	99.639
3734.78	99.4618
3736.71	99.1584
3738.64	99.0705
3740.57	99.1395
3742.5	99.1876
3744.43	99.1392
3746.36	99.111
3748.29	99.2483
3750.22	99.3976
3752.15	99.0897
3754.07	98.4074
3756	97.9378
3757.93	97.8653
3759.86	97.9847
3761.79	97.9735
3763.72	97.8846
3765.65	97.8982
3767.58	97.9814
3769.51	97.9694
3771.44	97.7655
3773.37	97.4699
3775.29	97.3109
3777.22	97.3642
3779.15	97.4567
3781.08	97.4674
3783.01	97.5434
3784.94	97.6861
3786.87	97.6738
3788.8	97.4977
3790.73	97.4124
3792.66	97.5433
3794.59	97.7525
3796.52	97.8461
3798.44	97.898
3800.37	98.0913
3802.3	98.222
3804.23	98.0578
3806.16	97.8828
3808.09	97.8542
3810.02	97.7507
3811.95	97.565
3813.88	97.5306
3815.81	97.7085
3817.74	97.9054
3819.66	98.0366
3821.59	98.0803
3823.52	97.9859
3825.45	97.8907
3827.38	97.8461
3829.31	97.7357
3831.24	97.5815
3833.17	97.5829
3835.1	97.8419
3837.03	98.2912
3838.96	98.6806
3840.89	98.6965
3842.81	98.4156
3844.74	98.0803
3846.67	97.7425
3848.6	97.4867
3850.53	97.6414
3852.46	98.4103
3854.39	98.7825
3856.32	98.0792
3858.25	97.497
3860.18	97.4415
3862.11	97.5883
3864.03	97.724
3865.96	97.9768
3867.89	98.2673
3869.82	98.3044
3871.75	98.0943
3873.68	97.8594
3875.61	97.6685
3877.54	97.5583
3879.47	97.5793
3881.4	97.6612
3883.33	97.7056
3885.25	97.6769
3887.18	97.5319
3889.11	97.3376
3891.04	97.2372
3892.97	97.2486
3894.9	97.2927
3896.83	97.3865
3898.76	97.6009
3900.69	97.921
3902.62	98.187
3904.55	98.1441
3906.48	97.7398
3908.4	97.3054
3910.33	97.1003
3912.26	97.0983
3914.19	97.1877
3916.12	97.3018
3918.05	97.3421
3919.98	97.273
3921.91	97.2252
3923.84	97.244
3925.77	97.2805
3927.7	97.3979
3929.62	97.609
3931.55	97.6777
3933.48	97.4444
3935.41	97.1389
3937.34	97.0111
3939.27	97.1099
3941.2	97.3889
3943.13	97.6792
3945.06	97.7666
3946.99	97.636
3948.92	97.4369
3950.85	97.2961
3952.77	97.2261
3954.7	97.1631
3956.63	97.0875
3958.56	97.0539
3960.49	97.0978
3962.42	97.1878
3964.35	97.2506
3966.28	97.2199
3968.21	97.1141
3970.14	97.0232
3972.07	96.9801
3973.99	96.9467
3975.92	96.9117
3977.85	96.8963
3979.78	96.9392
3981.71	97.0713
3983.64	97.2028
3985.57	97.1897
3987.5	97.0765
3989.43	97.0248
3991.36	97.0426
3993.29	97.0464
3995.22	97.0691
3997.14	97.1585
