499.643	79.1623
501.572	78.6431
503.501	78.9513
505.43	79.5595
507.36	79.6464
509.289	79.826
511.218	80.3022
513.147	80.2855
515.076	79.8617
517.005	79.8364
518.934	80.1491
520.863	80.2544
522.792	80.1832
524.722	80.1141
526.651	80.1402
528.58	80.3303
530.509	80.4708
532.438	80.3931
534.367	80.3304
536.296	80.3795
538.225	80.3659
540.155	80.4572
542.084	80.8055
544.013	80.9375
545.942	80.5973
547.871	80.322
549.8	80.4184
551.729	80.5215
553.658	80.4567
555.588	80.4683
557.517	80.6284
559.446	80.7457
561.375	80.7268
563.304	80.6413
565.233	80.5437
567.162	80.4312
569.091	80.3801
571.021	80.5357
572.95	80.8587
574.879	81.1184
576.808	81.2329
578.737	81.3583
580.666	81.5217
582.595	81.4961
584.524	81.1586
586.454	80.7184
588.383	80.4808
590.312	80.5413
592.241	80.7331
594.17	80.8315
596.099	80.7983
598.028	80.7164
599.957	80.604
601.887	80.4371
603.816	80.239
605.745	80.0819
607.674	80.0726
609.603	80.2396
611.532	80.422
613.461	80.4782
615.39	80.4478
617.32	80.3415
619.249	80.1869
621.178	80.2206
623.107	80.5042
625.036	80.7502
626.965	80.8664
628.894	81.0734
630.823	81.3599
632.753	81.5223
634.682	81.6067
636.611	81.7914
638.54	82.1168
640.469	82.5708
642.398	83.0923
644.327	83.5488
646.256	83.9412
648.186	84.3355
650.115	84.6442
652.044	84.8165
653.973	84.8788
655.902	84.7695
657.831	84.5711
659.76	84.3903
661.689	84.0588
663.619	83.7287
665.548	84.1338
667.477	85.7931
669.406	86.8756
671.335	86.1478
673.264	85.5351
675.193	85.6346
677.122	85.9982
679.052	86.2901
680.981	86.5614
682.91	86.71
684.839	86.6946
686.768	86.723
688.697	86.85
690.626	86.9256
692.555	86.8817
694.485	86.7814
696.414	86.7084
698.343	86.681
700.272	86.635
702.201	86.5395
704.13	86.4655
706.059	86.4497
707.988	86.4213
709.917	86.3471
711.847	86.2661
713.776	86.182
715.705	86.1398
717.634	86.2431
719.563	86.3724
721.492	86.2131
723.421	85.774
725.35	85.3623
727.28	85.0622
729.209	84.6961
731.138	84.1357
733.067	83.4178
734.996	82.7
736.925	82.1827
738.854	81.9589
740.783	81.9523
742.713	82.0177
744.642	82.0579
746.571	82.0558
748.5	82.053
750.429	82.1138
752.358	82.2725
754.287	82.5024
756.216	82.7562
758.146	83.0076
760.075	83.2362
762.004	83.4517
763.933	83.7105
765.862	84.0093
767.791	84.2438
769.72	84.3472
771.649	84.3673
773.579	84.3939
775.508	84.4785
777.437	84.5873
779.366	84.6389
781.295	84.618
783.224	84.5631
785.153	84.4655
787.082	84.2775
789.012	83.9603
790.941	83.4926
792.87	82.8751
794.799	82.0454
796.728	80.7742
798.657	78.6921
800.586	75.3671
802.515	70.6445
804.445	65.364
806.374	61.3993
808.303	60.3566
810.232	62.3977
812.161	66.5328
814.09	71.5325
816.019	76.276
817.948	79.8769
819.878	82.0349
821.807	83.0613
823.736	83.4341
825.665	83.4788
827.594	83.3701
829.523	83.1951
831.452	82.9611
833.381	82.6132
835.311	82.1111
837.24	81.4896
839.169	80.7948
841.098	80.0283
843.027	79.263
844.956	78.7208
846.885	78.6026
848.814	78.9053
850.744	79.4767
852.673	80.1569
854.602	80.8057
856.531	81.2949
858.46	81.5738
860.389	81.7027
862.318	81.7753
864.247	81.8435
866.177	81.9157
868.106	81.9723
870.035	81.9789
871.964	81.9228
873.893	81.8343
875.822	81.7497
877.751	81.6687
879.68	81.5816
881.609	81.5067
883.539	81.4405
885.468	81.3183
887.397	81.1026
889.326	80.8461
891.255	80.5916
893.184	80.3105
895.113	80.0038
897.042	79.7408
898.972	79.5556
900.901	79.4341
902.83	79.4019
904.759	79.4797
906.688	79.572
908.617	79.5604
910.546	79.4659
912.475	79.3542
914.405	79.1762
916.334	78.8814
918.263	78.5474
920.192	78.2411
922.121	77.9306
924.05	77.619
925.979	77.3565
927.908	77.1123
929.838	76.8185
931.767	76.4736
933.696	76.0777
935.625	75.5943
937.554	75.0318
939.483	74.4286
941.412	73.7658
943.341	72.9755
945.271	71.9952
947.2	70.8253
949.129	69.5937
951.058	68.483
952.987	67.5231
954.916	66.5288
956.845	65.2629
958.774	63.6344
960.704	61.7941
962.633	60.0433
964.562	58.601
966.491	57.4843
968.42	56.6121
970.349	55.9089
972.278	55.275
974.207	54.5684
976.137	53.6931
978.066	52.7088
979.995	51.8319
981.924	51.2987
983.853	51.2344
985.782	51.6423
987.711	52.4477
989.64	53.5365
991.57	54.794
993.499	56.0897
995.428	57.2277
997.357	58.0159
999.286	58.4102
1001.22	58.5083
1003.14	58.408
1005.07	58.1726
1007	57.9178
1008.93	57.7929
1010.86	57.8394
1012.79	57.9567
1014.72	58.0107
1016.65	57.8952
1018.58	57.5346
1020.51	56.9183
1022.44	56.1031
1024.36	55.2041
1026.29	54.4449
1028.22	54.071
1030.15	54.0605
1032.08	54.0665
1034.01	53.7756
1035.94	53.169
1037.87	52.3788
1039.8	51.4989
1041.73	50.603
1043.66	49.7575
1045.58	48.954
1047.51	48.1356
1049.44	47.2675
1051.37	46.3209
1053.3	45.3117
1055.23	44.4406
1057.16	44.0421
1059.09	44.2927
1061.02	45.0813
1062.95	46.2089
1064.88	47.5835
1066.81	49.1936
1068.73	51.048
1070.66	53.1882
1072.59	55.6368
1074.52	58.2939
1076.45	60.9556
1078.38	63.4324
1080.31	65.6042
1082.24	67.3961
1084.17	68.753
1086.1	69.6372
1088.03	70.0435
1089.95	70.0086
1091.88	69.5968
1093.81	68.8824
1095.74	67.951
1097.67	66.8959
1099.6	65.7983
1101.53	64.7189
1103.46	63.7068
1105.39	62.7906
1107.32	61.9709
1109.25	61.2686
1111.18	60.7575
1113.1	60.4979
1115.03	60.4759
1116.96	60.6434
1118.89	60.9446
1120.82	61.2728
1122.75	61.4825
1124.68	61.4583
1126.61	61.1008
1128.54	60.2775
1130.47	58.8664
1132.4	56.8294
1134.32	54.2241
1136.25	51.2108
1138.18	48.0569
1140.11	45.0539
1142.04	42.4073
1143.97	40.2177
1145.9	38.5195
1147.83	37.2995
1149.76	36.4969
1151.69	36.02
1153.62	35.7817
1155.55	35.7345
1157.47	35.8656
1159.4	36.1534
1161.33	36.5506
1163.26	37.0221
1165.19	37.5599
1167.12	38.1453
1169.05	38.7573
1170.98	39.4079
1172.91	40.0935
1174.84	40.7645
1176.77	41.4122
1178.69	42.0932
1180.62	42.8413
1182.55	43.651
1184.48	44.5108
1186.41	45.4007
1188.34	46.3238
1190.27	47.3213
1192.2	48.3947
1194.13	49.5006
1196.06	50.6408
1197.99	51.8543
1199.91	53.1368
1201.84	54.4395
1203.77	55.7271
1205.7	57.0105
1207.63	58.3205
1209.56	59.658
1211.49	61.0176
1213.42	62.4111
1215.35	63.7568
1217.28	64.8418
1219.21	65.5703
1221.14	66.1273
1223.06	66.7107
1224.99	67.2703
1226.92	67.652
1228.85	67.8061
1230.78	67.7302
1232.71	67.3971
1234.64	66.8375
1236.57	66.1498
1238.5	65.3932
1240.43	64.5639
1242.36	63.6704
1244.28	62.7649
1246.21	61.9002
1248.14	61.0981
1250.07	60.3823
1252	59.8021
1253.93	59.3925
1255.86	59.1565
1257.79	59.0987
1259.72	59.2095
1261.65	59.457
1263.58	59.8455
1265.51	60.4021
1267.43	61.1057
1269.36	61.9236
1271.29	62.868
1273.22	63.9362
1275.15	65.0667
1277.08	66.1934
1279.01	67.2899
1280.94	68.3459
1282.87	69.3263
1284.8	70.1668
1286.73	70.7842
1288.65	71.0781
1290.58	71.0273
1292.51	70.8302
1294.44	70.8598
1296.37	71.4385
1298.3	72.6505
1300.23	74.3343
1302.16	76.2167
1304.09	78.0513
1306.02	79.6718
1307.95	80.9988
1309.87	82.0508
1311.8	82.8834
1313.73	83.5153
1315.66	83.9601
1317.59	84.2586
1319.52	84.4349
1321.45	84.499
1323.38	84.4813
1325.31	84.4356
1327.24	84.4274
1329.17	84.4865
1331.1	84.5868
1333.02	84.7117
1334.95	84.8868
1336.88	85.1277
1338.81	85.3795
1340.74	85.5411
1342.67	85.6186
1344.6	85.7295
1346.53	85.9229
1348.46	86.1125
1350.39	86.2121
1352.32	86.2503
1354.24	86.2484
1356.17	86.1667
1358.1	86.071
1360.03	86.0847
1361.96	86.1411
1363.89	86.067
1365.82	85.8906
1367.75	85.673
1369.68	85.402
1371.61	85.133
1373.54	84.7832
1375.47	84.1447
1377.39	83.3998
1379.32	82.8377
1381.25	82.4224
1383.18	82.0707
1385.11	81.7032
1387.04	81.0781
1388.97	80.2028
1390.9	79.4041
1392.83	78.6822
1394.76	77.8707
1396.69	76.7932
1398.61	75.1758
1400.54	73.0758
1402.47	70.7671
1404.4	68.4215
1406.33	66.8342
1408.26	66.9044
1410.19	68.6011
1412.12	71.4778
1414.05	74.6169
1415.98	77.5635
1417.91	80.684
1419.83	83.4592
1421.76	85.1052
1423.69	86.1421
1425.62	86.931
1427.55	87.4129
1429.48	87.5432
1431.41	87.3536
1433.34	87.0884
1435.27	86.8947
1437.2	86.5431
1439.13	85.9114
1441.06	85.1845
1442.98	84.3991
1444.91	83.5975
1446.84	82.8554
1448.77	82.1438
1450.7	81.5684
1452.63	81.3385
1454.56	81.5148
1456.49	81.8842
1458.42	81.6423
1460.35	80.979
1462.28	80.5712
1464.2	80.3451
1466.13	80.1384
1468.06	80.2113
1469.99	80.8731
1471.92	82.1409
1473.85	83.413
1475.78	84.3403
1477.71	85.4242
1479.64	86.769
1481.57	88.1785
1483.5	89.5253
1485.43	90.7896
1487.35	92.0482
1489.28	93.1467
1491.21	93.653
1493.14	93.8551
1495.07	94.2235
1497	94.6995
1498.93	94.9213
1500.86	94.9565
1502.79	95.1337
1504.72	95.6578
1506.65	96.3649
1508.57	96.2255
1510.5	95.6055
1512.43	95.3767
1514.36	95.6146
1516.29	96.0487
1518.22	96.4269
1520.15	96.7326
1522.08	96.8565
1524.01	96.7302
1525.94	96.4695
1527.87	96.2059
1529.8	96.1228
1531.72	96.2957
1533.65	96.5021
1535.58	96.5444
1537.51	96.7607
1539.44	97.4191
1541.37	97.7421
1543.3	97.1528
1545.23	96.595
1547.16	96.3887
1549.09	96.4065
1551.02	96.4788
1552.94	96.5374
1554.87	96.7394
1556.8	97.2451
1558.73	97.5643
1560.66	97.0084
1562.59	96.4618
1564.52	96.2467
1566.45	96.2302
1568.38	96.2699
1570.31	96.1757
1572.24	96.0543
1574.16	96.147
1576.09	96.298
1578.02	96.1006
1579.95	95.7683
1581.88	95.5811
1583.81	95.4712
1585.74	95.3698
1587.67	95.3153
1589.6	95.3029
1591.53	95.2798
1593.46	95.2251
1595.39	95.1237
1597.31	94.9576
1599.24	94.7679
1601.17	94.5873
1603.1	94.345
1605.03	94.0199
1606.96	93.6737
1608.89	93.1289
1610.82	92.2342
1612.75	91.3621
1614.68	90.7472
1616.61	90.1789
1618.53	89.7181
1620.46	89.7382
1622.39	90.1479
1624.32	90.4365
1626.25	90.311
1628.18	89.8228
1630.11	88.9937
1632.04	88.2062
1633.97	88.0159
1635.9	88.6615
1637.83	89.6042
1639.76	90.5517
1641.68	91.6191
1643.61	92.6749
1645.54	93.6439
1647.47	94.2645
1649.4	94.3882
1651.33	94.5395
1653.26	94.7999
1655.19	94.4087
1657.12	93.8486
1659.05	93.6266
1660.98	93.6028
1662.9	93.4212
1664.83	93.0779
1666.76	92.9453
1668.69	93.0286
1670.62	92.8384
1672.55	92.3802
1674.48	91.9487
1676.41	91.2649
1678.34	90.4417
1680.27	89.9342
1682.2	89.5313
1684.12	88.6714
1686.05	87.3887
1687.98	85.922
1689.91	84.3038
1691.84	82.723
1693.77	81.0635
1695.7	79.1751
1697.63	77.0345
1699.56	73.8869
1701.49	69.8654
1703.42	66.3102
1705.35	62.8332
1707.27	58.8342
1709.2	55.2061
1711.13	52.42
1713.06	50.096
1714.99	48.2541
1716.92	46.5273
1718.85	44.3781
1720.78	42.8874
1722.71	42.4324
1724.64	42.5561
1726.57	43.3162
1728.49	44.7501
1730.42	46.5368
1732.35	48.9293
1734.28	52.0091
1736.21	54.6604
1738.14	57.041
1740.07	59.9625
1742	63.2167
1743.93	66.3398
1745.86	69.5722
1747.79	73.1042
1749.72	76.7671
1751.64	80.1674
1753.57	83.0605
1755.5	85.6854
1757.43	88.2574
1759.36	90.4695
1761.29	92.0449
1763.22	93.1203
1765.15	93.7965
1767.08	94.2676
1769.01	94.9007
1770.94	95.629
1772.86	95.9689
1774.79	95.9728
1776.72	95.9495
1778.65	95.9223
1780.58	95.9085
1782.51	95.9198
1784.44	95.9419
1786.37	96.0391
1788.3	96.2294
1790.23	96.4841
1792.16	96.7296
1794.08	96.7566
1796.01	96.6356
1797.94	96.611
1799.87	96.6656
1801.8	96.6719
1803.73	96.6703
1805.66	96.728
1807.59	96.8503
1809.52	96.9564
1811.45	96.8657
1813.38	96.6614
1815.31	96.6386
1817.23	96.7965
1819.16	96.9507
1821.09	97.0952
1823.02	97.2309
1824.95	97.2767
1826.88	97.3182
1828.81	97.4327
1830.74	97.4703
1832.67	97.3797
1834.6	97.334
1836.53	97.4077
1838.45	97.4907
1840.38	97.5072
1842.31	97.5595
1844.24	97.6728
1846.17	97.6826
1848.1	97.6288
1850.03	97.6496
1851.96	97.6737
1853.89	97.6408
1855.82	97.6373
1857.75	97.6792
1859.68	97.7044
1861.6	97.7051
1863.53	97.7306
1865.46	97.8831
1867.39	98.167
1869.32	98.294
1871.25	98.1097
1873.18	97.9131
1875.11	97.9027
1877.04	98.0165
1878.97	98.1052
1880.9	98.0958
1882.82	98.0748
1884.75	98.1817
1886.68	98.3952
1888.61	98.5619
1890.54	98.5917
1892.47	98.5642
1894.4	98.5855
1896.33	98.6166
1898.26	98.5772
1900.19	98.5281
1902.12	98.5427
1904.05	98.5771
1905.97	98.6154
1907.9	98.6997
1909.83	98.7745
1911.76	98.7707
1913.69	98.774
1915.62	98.869
1917.55	98.9937
1919.48	99.0932
1921.41	99.2358
1923.34	99.3763
1925.27	99.3381
1927.19	99.1763
1929.12	99.0789
1931.05	99.0023
1932.98	98.884
1934.91	98.8808
1936.84	99.0612
1938.77	99.3027
1940.7	99.5311
1942.63	99.6931
1944.56	99.7503
1946.49	99.7783
1948.41	99.7484
1950.34	99.5914
1952.27	99.5169
1954.2	99.7259
1956.13	100.041
1958.06	100.216
1959.99	100.205
1961.92	100.061
1963.85	99.9686
1965.78	100.127
1967.71	100.387
1969.64	100.427
1971.56	100.287
1973.49	100.211
1975.42	100.212
1977.35	100.239
1979.28	100.39
1981.21	100.639
1983.14	100.744
1985.07	100.641
1987	100.52
1988.93	100.461
1990.86	100.356
1992.78	100.191
1994.71	100.094
1996.64	100.147
1998.57	100.317
2000.5	100.461
2002.43	100.438
2004.36	100.31
2006.29	100.299
2008.22	100.425
2010.15	100.422
2012.08	100.219
2014.01	100.105
2015.93	100.225
2017.86	100.374
2019.79	100.421
2021.72	100.493
2023.65	100.614
2025.58	100.615
2027.51	100.446
2029.44	100.31
2031.37	100.35
2033.3	100.428
2035.23	100.424
2037.15	100.464
2039.08	100.633
2041.01	100.783
2042.94	100.741
2044.87	100.491
2046.8	100.222
2048.73	100.191
2050.66	100.31
2052.59	100.191
2054.52	99.817
2056.45	99.6013
2058.37	99.6677
2060.3	99.7221
2062.23	99.6595
2064.16	99.6627
2066.09	99.7377
2068.02	99.7191
2069.95	99.6264
2071.88	99.5731
2073.81	99.5455
2075.74	99.5193
2077.67	99.5296
2079.6	99.5817
2081.52	99.677
2083.45	99.7603
2085.38	99.6511
2087.31	99.3329
2089.24	99.1012
2091.17	99.1601
2093.1	99.4061
2095.03	99.657
2096.96	99.7304
2098.89	99.5133
2100.82	99.2351
2102.74	99.265
2104.67	99.552
2106.6	99.7264
2108.53	99.6707
2110.46	99.5588
2112.39	99.4966
2114.32	99.4675
2116.25	99.4453
2118.18	99.3993
2120.11	99.3429
2122.04	99.3344
2123.97	99.3489
2125.89	99.3438
2127.82	99.4069
2129.75	99.5926
2131.68	99.8186
2133.61	100.054
2135.54	100.259
2137.47	100.279
2139.4	100.185
2141.33	100.244
2143.26	100.368
2145.19	100.317
2147.11	100.255
2149.04	100.344
2150.97	100.356
2152.9	100.249
2154.83	100.298
2156.76	100.468
2158.69	100.513
2160.62	100.552
2162.55	100.69
2164.48	100.62
2166.41	100.244
2168.33	99.9367
2170.26	99.8822
2172.19	99.904
2174.12	99.9822
2176.05	100.236
2177.98	100.545
2179.91	100.7
2181.84	100.665
2183.77	100.479
2185.7	100.242
2187.63	100.096
2189.56	99.9808
2191.48	99.7598
2193.41	99.6346
2195.34	99.8322
2197.27	100.086
2199.2	100.094
2201.13	100.043
2203.06	100.1
2204.99	100.061
2206.92	99.9217
2208.85	99.9002
2210.78	99.9245
2212.7	99.8657
2214.63	99.8629
2216.56	99.9226
2218.49	99.909
2220.42	99.9488
2222.35	100.083
2224.28	99.9951
2226.21	99.6627
2228.14	99.504
2230.07	99.6319
2232	99.7602
2233.93	99.7529
2235.85	99.6845
2237.78	99.6089
2239.71	99.567
2241.64	99.5647
2243.57	99.5186
2245.5	99.4159
2247.43	99.3706
2249.36	99.4043
2251.29	99.4277
2253.22	99.4772
2255.15	99.6292
2257.07	99.7465
2259	99.7188
2260.93	99.7253
2262.86	99.8694
2264.79	99.9539
2266.72	99.9136
2268.65	99.9558
2270.58	100.133
2272.51	100.275
2274.44	100.294
2276.37	100.212
2278.29	100.016
2280.22	99.735
2282.15	99.5541
2284.08	99.6597
2286.01	99.9608
2287.94	100.187
2289.87	100.312
2291.8	100.562
2293.73	100.966
2295.66	101.333
2297.59	101.617
2299.52	101.944
2301.44	102.363
2303.37	102.836
2305.3	103.383
2307.23	104.088
2309.16	104.9
2311.09	105.55
2313.02	105.96
2314.95	106.537
2316.88	107.581
2318.81	108.818
2320.74	109.926
2322.66	111.015
2324.59	112.187
2326.52	113.253
2328.45	114.083
2330.38	114.656
2332.31	114.984
2334.24	115.308
2336.17	115.858
2338.1	116.489
2340.03	117.048
2341.96	117.416
2343.89	116.578
2345.81	114.173
2347.74	112.277
2349.67	112.28
2351.6	114.226
2353.53	117.436
2355.46	120.439
2357.39	122.687
2359.32	124.303
2361.25	124.336
2363.18	122.661
2365.11	120.457
2367.03	118.412
2368.96	116.286
2370.89	113.731
2372.82	110.872
2374.75	108.043
2376.68	105.568
2378.61	103.673
2380.54	102.243
2382.47	100.965
2384.4	99.7758
2386.33	98.8814
2388.26	98.4098
2390.18	98.2496
2392.11	98.1788
2394.04	98.0826
2395.97	98.0115
2397.9	98.0071
2399.83	97.988
2401.76	97.9033
2403.69	97.8472
2405.62	97.9034
2407.55	98.007
2409.48	98.0488
2411.4	98.0294
2413.33	98.029
2415.26	98.0651
2417.19	98.0794
2419.12	98.0546
2421.05	98.037
2422.98	98.0537
2424.91	98.0832
2426.84	98.0838
2428.77	98.0554
2430.7	98.0762
2432.62	98.1841
2434.55	98.2706
2436.48	98.2398
2438.41	98.152
2440.34	98.0941
2442.27	98.0786
2444.2	98.1174
2446.13	98.2075
2448.06	98.2446
2449.99	98.1291
2451.92	97.9724
2453.85	97.9995
2455.77	98.1861
2457.7	98.2614
2459.63	98.1616
2461.56	98.099
2463.49	98.1127
2465.42	98.0428
2467.35	97.9308
2469.28	97.9438
2471.21	98.0301
2473.14	98.0566
2475.07	98.0563
2476.99	98.0836
2478.92	98.0844
2480.85	98.0367
2482.78	98.0036
2484.71	98.0143
2486.64	98.0527
2488.57	98.1358
2490.5	98.2492
2492.43	98.2781
2494.36	98.1871
2496.29	98.1286
2498.22	98.1575
2500.14	98.1033
2502.07	97.9523
2504	97.9552
2505.93	98.1404
2507.86	98.216
2509.79	98.1067
2511.72	98.0705
2513.65	98.1904
2515.58	98.2452
2517.51	98.1314
2519.44	98.0036
2521.36	97.983
2523.29	98.0261
2525.22	98.0499
2527.15	98.0205
2529.08	97.9635
2531.01	97.9256
2532.94	97.8929
2534.87	97.8416
2536.8	97.8377
2538.73	97.9189
2540.66	98.0022
2542.58	98.0532
2544.51	98.1199
2546.44	98.1575
2548.37	98.088
2550.3	97.9588
2552.23	97.8506
2554.16	97.7798
2556.09	97.7696
2558.02	97.8554
2559.95	97.9911
2561.88	98.0403
2563.81	97.9341
2565.73	97.8047
2567.66	97.7858
2569.59	97.7826
2571.52	97.72
2573.45	97.7366
2575.38	97.8345
2577.31	97.8107
2579.24	97.6932
2581.17	97.6793
2583.1	97.7133
2585.03	97.6547
2586.95	97.5909
2588.88	97.6195
2590.81	97.6692
2592.74	97.7028
2594.67	97.7654
2596.6	97.8138
2598.53	97.7617
2600.46	97.6483
2602.39	97.562
2604.32	97.4909
2606.25	97.4086
2608.18	97.3612
2610.1	97.348
2612.03	97.3058
2613.96	97.2325
2615.89	97.1373
2617.82	97.0005
2619.75	96.9146
2621.68	96.9907
2623.61	97.1117
2625.54	97.0959
2627.47	96.9875
2629.4	96.9177
2631.32	96.8882
2633.25	96.8396
2635.18	96.7541
2637.11	96.6659
2639.04	96.6462
2640.97	96.7108
2642.9	96.7686
2644.83	96.7497
2646.76	96.6891
2648.69	96.6332
2650.62	96.5868
2652.54	96.5631
2654.47	96.576
2656.4	96.5931
2658.33	96.5627
2660.26	96.4906
2662.19	96.4527
2664.12	96.4951
2666.05	96.5454
2667.98	96.5062
2669.91	96.4126
2671.84	96.3768
2673.77	96.4136
2675.69	96.4517
2677.62	96.4593
2679.55	96.4479
2681.48	96.4266
2683.41	96.4148
2685.34	96.4169
2687.27	96.3854
2689.2	96.3026
2691.13	96.2485
2693.06	96.2837
2694.99	96.3407
2696.91	96.3302
2698.84	96.2817
2700.77	96.2783
2702.7	96.32
2704.63	96.3358
2706.56	96.2854
2708.49	96.2041
2710.42	96.1713
2712.35	96.2094
2714.28	96.2236
2716.21	96.1465
2718.14	96.074
2720.06	96.0941
2721.99	96.1145
2723.92	96.0387
2725.85	95.921
2727.78	95.8351
2729.71	95.795
2731.64	95.8062
2733.57	95.8258
2735.5	95.7804
2737.43	95.7055
2739.36	95.7119
2741.28	95.8116
2743.21	95.9034
2745.14	95.8975
2747.07	95.8081
2749	95.7293
2750.93	95.72
2752.86	95.7709
2754.79	95.8574
2756.72	95.9219
2758.65	95.9015
2760.58	95.836
2762.51	95.7857
2764.43	95.7154
2766.36	95.6134
2768.29	95.5382
2770.22	95.5048
2772.15	95.5072
2774.08	95.5318
2776.01	95.4979
2777.94	95.408
2779.87	95.4016
2781.8	95.4708
2783.73	95.4532
2785.65	95.3521
2787.58	95.3006
2789.51	95.3097
2791.44	95.3181
2793.37	95.3211
2795.3	95.3219
2797.23	95.2724
2799.16	95.139
2801.09	95.0307
2803.02	95.1097
2804.95	95.2956
2806.87	95.3426
2808.8	95.244
2810.73	95.163
2812.66	95.0835
2814.59	94.9343
2816.52	94.7994
2818.45	94.7179
2820.38	94.5848
2822.31	94.3722
2824.24	94.1803
2826.17	94.0667
2828.1	93.9977
2830.02	93.918
2831.95	93.7674
2833.88	93.4988
2835.81	93.1642
2837.74	92.9115
2839.67	92.795
2841.6	92.6736
2843.53	92.4051
2845.46	92.0422
2847.39	91.7245
2849.32	91.4654
2851.24	91.1473
2853.17	90.6877
2855.1	90.1166
2857.03	89.5074
2858.96	88.924
2860.89	88.398
2862.82	87.8984
2864.75	87.3981
2866.68	86.9434
2868.61	86.5397
2870.54	86.1334
2872.47	85.8375
2874.39	85.8925
2876.32	86.3156
2878.25	86.8609
2880.18	87.3163
2882.11	87.6368
2884.04	87.8541
2885.97	87.989
2887.9	88.0404
2889.83	88.0343
2891.76	87.9827
2893.69	87.8315
2895.61	87.6238
2897.54	87.5111
2899.47	87.457
2901.4	87.3297
2903.33	87.2387
2905.26	87.2728
2907.19	87.2268
2909.12	87.0196
2911.05	86.8364
2912.98	86.681
2914.91	86.411
2916.83	86.0856
2918.76	85.774
2920.69	85.3662
2922.62	84.8454
2924.55	84.3369
2926.48	83.8687
2928.41	83.4236
2930.34	83.0953
2932.27	82.963
2934.2	82.9771
2936.13	83.117
2938.06	83.4622
2939.98	83.955
2941.91	84.3451
2943.84	84.5239
2945.77	84.5864
2947.7	84.4983
2949.63	84.1453
2951.56	83.6643
2953.49	83.28
2955.42	82.9736
2957.35	82.6766
2959.28	82.5734
2961.2	82.8892
2963.13	83.5563
2965.06	84.3785
2966.99	85.3761
2968.92	86.6222
2970.85	87.8823
2972.78	88.8538
2974.71	89.5836
2976.64	90.2586
2978.57	90.8872
2980.5	91.4504
2982.43	92.0209
2984.35	92.6123
2986.28	93.1461
2988.21	93.5431
2990.14	93.7686
2992.07	93.8769
2994	93.9971
2995.93	94.2278
2997.86	94.5525
2999.79	94.8249
3001.72	94.9304
3003.65	95.0236
3005.57	95.3307
3007.5	95.6998
3009.43	95.8078
3011.36	95.7538
3013.29	95.8646
3015.22	96.0614
3017.15	96.0397
3019.08	95.8878
3021.01	95.9224
3022.94	96.1286
3024.87	96.2741
3026.79	96.3176
3028.72	96.3342
3030.65	96.3147
3032.58	96.2334
3034.51	96.0926
3036.44	95.9188
3038.37	95.8436
3040.3	95.9566
3042.23	96.0611
3044.16	95.9463
3046.09	95.7747
3048.02	95.7911
3049.94	95.91
3051.87	95.977
3053.8	96.0994
3055.73	96.3571
3057.66	96.5246
3059.59	96.4164
3061.52	96.2126
3063.45	96.142
3065.38	96.1538
3067.31	96.1438
3069.24	96.151
3071.16	96.1695
3073.09	96.1339
3075.02	96.1051
3076.95	96.1593
3078.88	96.2348
3080.81	96.2638
3082.74	96.2588
3084.67	96.2639
3086.6	96.3082
3088.53	96.3008
3090.46	96.1151
3092.39	95.8782
3094.31	95.8184
3096.24	95.856
3098.17	95.7842
3100.1	95.679
3102.03	95.7349
3103.96	95.9569
3105.89	96.1795
3107.82	96.1965
3109.75	95.958
3111.68	95.7171
3113.61	95.7194
3115.53	95.8418
3117.46	95.8608
3119.39	95.838
3121.32	95.9133
3123.25	96.0024
3125.18	95.9789
3127.11	95.9255
3129.04	96.0075
3130.97	96.2341
3132.9	96.3972
3134.83	96.2581
3136.75	95.9023
3138.68	95.6851
3140.61	95.6856
3142.54	95.6633
3144.47	95.6164
3146.4	95.721
3148.33	95.8041
3150.26	95.6711
3152.19	95.564
3154.12	95.5992
3156.05	95.4966
3157.98	95.2703
3159.9	95.251
3161.83	95.4136
3163.76	95.56
3165.69	95.7197
3167.62	95.8278
3169.55	95.7393
3171.48	95.6269
3173.41	95.6295
3175.34	95.5352
3177.27	95.3098
3179.2	95.2209
3181.12	95.2646
3183.05	95.1946
3184.98	95.0104
3186.91	94.915
3188.84	94.9961
3190.77	95.1651
3192.7	95.2698
3194.63	95.2332
3196.56	95.0819
3198.49	94.8858
3200.42	94.7647
3202.35	94.7721
3204.27	94.7572
3206.2	94.6207
3208.13	94.5247
3210.06	94.5687
3211.99	94.6316
3213.92	94.6662
3215.85	94.7141
3217.78	94.7241
3219.71	94.687
3221.64	94.6792
3223.57	94.6782
3225.49	94.6376
3227.42	94.5683
3229.35	94.3854
3231.28	94.0728
3233.21	93.8995
3235.14	93.9782
3237.07	94.002
3239	93.8415
3240.93	93.7714
3242.86	93.8313
3244.79	93.7649
3246.72	93.6349
3248.64	93.6939
3250.57	93.8315
3252.5	93.8013
3254.43	93.6455
3256.36	93.4985
3258.29	93.3909
3260.22	93.4031
3262.15	93.5619
3264.08	93.6414
3266.01	93.4781
3267.94	93.2758
3269.86	93.2537
3271.79	93.3234
3273.72	93.3607
3275.65	93.3809
3277.58	93.3374
3279.51	93.1778
3281.44	93.0317
3283.37	92.9933
3285.3	92.9576
3287.23	92.8601
3289.16	92.7606
3291.08	92.6721
3293.01	92.568
3294.94	92.4488
3296.87	92.3136
3298.8	92.2251
3300.73	92.2956
3302.66	92.4624
3304.59	92.4956
3306.52	92.3349
3308.45	92.169
3310.38	92.1057
3312.31	92.0448
3314.23	91.9933
3316.16	92.1143
3318.09	92.2945
3320.02	92.1991
3321.95	91.8892
3323.88	91.7248
3325.81	91.7083
3327.74	91.6181
3329.67	91.5003
3331.6	91.4673
3333.53	91.4566
3335.45	91.4683
3337.38	91.5606
3339.31	91.6503
3341.24	91.6684
3343.17	91.6504
3345.1	91.5849
3347.03	91.4919
3348.96	91.4701
3350.89	91.48
3352.82	91.4369
3354.75	91.4202
3356.68	91.4563
3358.6	91.4114
3360.53	91.2896
3362.46	91.25
3364.39	91.2759
3366.32	91.1716
3368.25	90.9314
3370.18	90.8213
3372.11	90.9931
3374.04	91.2701
3375.97	91.4221
3377.9	91.3985
3379.82	91.2647
3381.75	91.1592
3383.68	91.198
3385.61	91.2787
3387.54	91.2163
3389.47	91.0524
3391.4	90.9752
3393.33	91.0502
3395.26	91.1768
3397.19	91.2308
3399.12	91.2006
3401.04	91.1721
3402.97	91.1943
3404.9	91.2524
3406.83	91.3173
3408.76	91.3375
3410.69	91.2902
3412.62	91.2399
3414.55	91.2225
3416.48	91.1938
3418.41	91.1667
3420.34	91.1981
3422.27	91.2459
3424.19	91.2509
3426.12	91.2477
3428.05	91.2652
3429.98	91.2884
3431.91	91.296
3433.84	91.2272
3435.77	91.0774
3437.7	91.0248
3439.63	91.2053
3441.56	91.4673
3443.49	91.6062
3445.41	91.6579
3447.34	91.7106
3449.27	91.7123
3451.2	91.6698
3453.13	91.6692
3455.06	91.6052
3456.99	91.328
3458.92	91.0645
3460.85	91.1887
3462.78	91.6066
3464.71	91.8177
3466.64	91.6014
3468.56	91.284
3470.49	91.2816
3472.42	91.554
3474.35	91.688
3476.28	91.5353
3478.21	91.389
3480.14	91.364
3482.07	91.227
3484	91.0204
3485.93	91.1151
3487.86	91.5028
3489.78	91.764
3491.71	91.7333
3493.64	91.6218
3495.57	91.5661
3497.5	91.5405
3499.43	91.5389
3501.36	91.5564
3503.29	91.5218
3505.22	91.4136
3507.15	91.3211
3509.08	91.3078
3511	91.333
3512.93	91.3076
3514.86	91.2068
3516.79	91.1219
3518.72	91.1695
3520.65	91.3393
3522.58	91.5449
3524.51	91.7521
3526.44	91.9229
3528.37	91.9854
3530.3	91.9466
3532.23	91.8703
3534.15	91.7671
3536.08	91.6163
3538.01	91.4425
3539.94	91.4059
3541.87	91.6891
3543.8	92.1116
3545.73	92.1788
3547.66	91.9432
3549.59	92.0387
3551.52	92.5279
3553.45	92.8662
3555.37	92.8573
3557.3	92.804
3559.23	92.7893
3561.16	92.7357
3563.09	92.8695
3565.02	93.3713
3566.95	93.7546
3568.88	93.5056
3570.81	93.2513
3572.74	93.5271
3574.67	94.0877
3576.6	94.587
3578.52	94.9587
3580.45	95.1346
3582.38	95.1185
3584.31	95.1432
3586.24	95.2167
3588.17	95.16
3590.1	95.2644
3592.03	95.8054
3593.96	96.4819
3595.89	96.8687
3597.82	96.9853
3599.74	96.9794
3601.67	96.7687
3603.6	96.5774
3605.53	96.8092
3607.46	97.2548
3609.39	97.2831
3611.32	97.0696
3613.25	97.2532
3615.18	97.613
3617.11	97.6572
3619.04	97.6039
3620.97	97.7565
3622.89	97.8862
3624.82	97.9168
3626.75	98.111
3628.68	98.5903
3630.61	98.8168
3632.54	98.3656
3634.47	97.6382
3636.4	97.2228
3638.33	97.2027
3640.26	97.1719
3642.19	97.0947
3644.11	97.2657
3646.04	97.7078
3647.97	98.3209
3649.9	98.6658
3651.83	98.1778
3653.76	97.5232
3655.69	97.4114
3657.62	97.6477
3659.55	97.5686
3661.48	97.3208
3663.41	97.2887
3665.33	97.395
3667.26	97.639
3669.19	98.1713
3671.12	98.5492
3673.05	98.4896
3674.98	98.4511
3676.91	98.3543
3678.84	97.9181
3680.77	97.6118
3682.7	97.749
3684.63	98.1561
3686.56	98.6276
3688.48	99.0728
3690.41	99.0914
3692.34	98.636
3694.27	98.356
3696.2	98.5051
3698.13	98.7428
3700.06	98.7034
3701.99	98.4739
3703.92	98.3005
3705.85	98.2298
3707.78	98.3434
3709.7	98.634
3711.63	98.6097
3713.56	98.1789
3715.49	98.0191
3717.42	98.2341
3719.35	98.5399
3721.28	98.9041
3723.21	99.3682
3725.14	99.642
3727.07	99.5656
3729	99.4532
3730.93	99.5195
3732.85	99.6109
3734.78	99.4431
3736.71	99.0963
3738.64	98.98
3740.57	99.085
3742.5	99.1698
3744.43	99.128
3746.36	99.0998
3748.29	99.1525
3750.22	99.0688
3752.15	98.6264
3754.07	98.1172
3756	97.8571
3757.93	97.8199
3759.86	97.8649
3761.79	97.8988
3763.72	97.9535
3765.65	97.9861
3767.58	97.9251
3769.51	97.8481
3771.44	97.7723
3773.37	97.608
3775.29	97.4588
3777.22	97.5019
3779.15	97.6852
3781.08	97.7567
3783.01	97.6387
3784.94	97.4471
3786.87	97.3089
3788.8	97.3024
3790.73	97.4196
3792.66	97.5841
3794.59	97.6867
3796.52	97.7252
3798.44	97.9068
3800.37	98.2559
3802.3	98.3488
3804.23	98.1049
3806.16	97.9529
3808.09	97.9155
3810.02	97.7798
3811.95	97.6519
3813.88	97.6566
3815.81	97.7366
3817.74	97.8598
3819.66	98.0595
3821.59	98.2162
3823.52	98.176
3825.45	97.9844
3827.38	97.769
3829.31	97.7079
3831.24	97.8336
3833.17	97.9329
3835.1	98.0192
3837.03	98.3257
3838.96	98.5953
3840.89	98.4072
3842.81	98.0853
3844.74	97.9223
3846.67	97.7576
3848.6	97.6025
3850.53	97.7665
3852.46	98.3051
3854.39	98.3879
3856.32	97.7798
3858.25	97.4235
3860.18	97.5248
3862.11	97.7752
3864.03	97.8722
3865.96	97.911
3867.89	98.0719
3869.82	98.2311
3871.75	98.2105
3873.68	98.0429
3875.61	97.8384
3877.54	97.67
3879.47	97.5968
3881.4	97.6042
3883.33	97.6301
3885.25	97.6799
3887.18	97.735
3889.11	97.7231
3891.04	97.6356
3892.97	97.5143
3894.9	97.4231
3896.83	97.4217
3898.76	97.5168
3900.69	97.6596
3902.62	97.8309
3904.55	97.9504
3906.48	97.7964
3908.4	97.4142
3910.33	97.0912
3912.26	96.9609
3914.19	96.9674
3916.12	97.0887
3918.05	97.2969
3919.98	97.4224
3921.91	97.4282
3923.84	97.4223
3925.77	97.427
3927.7	97.4702
3929.62	97.5914
3931.55	97.6445
3933.48	97.4828
3935.41	97.2495
3937.34	97.1116
3939.27	97.1303
3941.2	97.3536
3943.13	97.6213
3945.06	97.6403
3946.99	97.4483
3948.92	97.2644
3950.85	97.1245
3952.77	97.0318
3954.7	97.0492
3956.63	97.1021
3958.56	97.0784
3960.49	97.0444
3962.42	97.076
3964.35	97.1111
3966.28	97.1152
3968.21	97.1158
3970.14	97.0754
3972.07	96.9717
3973.99	96.914
3975.92	96.9863
3977.85	97.0976
3979.78	97.1365
3981.71	97.1099
3983.64	97.0545
3985.57	96.9896
3987.5	96.9681
3989.43	97.0222
3991.36	97.0931
3993.29	97.1027
3995.22	97.0563
3997.14	97.0274
