499.643	78.5858
501.572	78.4271
503.501	78.3021
505.43	78.6923
507.36	79.0073
509.289	79.06
511.218	79.184
513.147	79.5006
515.076	79.9626
517.005	80.3919
518.934	80.4063
520.863	80.0014
522.792	79.6375
524.722	79.6341
526.651	80.0063
528.58	80.4627
530.509	80.5316
532.438	80.0945
534.367	79.687
536.296	79.8121
538.225	80.2594
540.155	80.5569
542.084	80.6383
544.013	80.7089
545.942	80.8221
547.871	80.833
549.8	80.6076
551.729	80.2157
553.658	79.9547
555.588	80.0354
557.517	80.2377
559.446	80.2334
561.375	80.1698
563.304	80.3677
565.233	80.715
567.162	80.908
569.091	80.862
571.021	80.6708
572.95	80.5322
574.879	80.5699
576.808	80.6987
578.737	80.9578
580.666	81.4436
582.595	81.7498
584.524	81.4363
586.454	80.8635
588.383	80.6148
590.312	80.6712
592.241	80.7271
594.17	80.7193
596.099	80.7209
598.028	80.725
599.957	80.7104
601.887	80.6621
603.816	80.4723
605.745	80.0995
607.674	79.8397
609.603	80.0065
611.532	80.3992
613.461	80.6209
615.39	80.6344
617.32	80.54
619.249	80.39
621.178	80.3693
623.107	80.5346
625.036	80.6751
626.965	80.7866
628.894	81.0659
630.823	81.37
632.753	81.4382
634.682	81.4503
636.611	81.7025
638.54	82.1219
640.469	82.5698
642.398	83.084
644.327	83.638
646.256	84.1468
648.186	84.5712
650.115	84.8209
652.044	84.89
653.973	84.8721
655.902	84.7502
657.831	84.5489
659.76	84.2996
661.689	83.8704
663.619	83.5108
665.548	83.9765
667.477	85.7318
669.406	86.8035
671.335	86.0092
673.264	85.4019
675.193	85.5409
677.122	85.8976
679.052	86.1665
680.981	86.4798
682.91	86.6911
684.839	86.667
686.768	86.6337
688.697	86.6824
690.626	86.6567
692.555	86.552
694.485	86.5202
696.414	86.5876
698.343	86.6413
700.272	86.5906
702.201	86.4561
704.13	86.3555
706.059	86.3458
707.988	86.3439
709.917	86.317
711.847	86.3201
713.776	86.3018
715.705	86.2374
717.634	86.2622
719.563	86.3113
721.492	86.0907
723.421	85.6658
725.35	85.3455
727.28	85.0699
729.209	84.5964
731.138	83.9623
733.067	83.3155
734.996	82.6936
736.925	82.1906
738.854	81.9461
740.783	81.9303
742.713	81.9909
744.642	82.0333
746.571	82.0299
748.5	82.0119
750.429	82.0882
752.358	82.3043
754.287	82.5419
756.216	82.7116
758.146	82.8899
760.075	83.1452
762.004	83.4249
763.933	83.6726
765.862	83.8954
767.791	84.1052
769.72	84.2695
771.649	84.3393
773.579	84.3505
775.508	84.4205
777.437	84.5579
779.366	84.6359
781.295	84.6139
783.224	84.5528
785.153	84.4313
787.082	84.1866
789.012	83.8402
790.941	83.4142
792.87	82.8494
794.799	82.0299
796.728	80.7465
798.657	78.6323
800.586	75.257
802.515	70.5414
804.445	65.3559
806.374	61.4632
808.303	60.3922
810.232	62.3931
812.161	66.5607
814.09	71.5968
816.019	76.2864
817.948	79.7781
819.878	81.8725
821.807	82.9155
823.736	83.3503
825.665	83.465
827.594	83.4064
829.523	83.2349
831.452	82.963
833.381	82.5816
835.311	82.0784
837.24	81.4632
839.169	80.758
841.098	79.9783
843.027	79.2103
844.956	78.685
846.885	78.6215
848.814	78.9814
850.744	79.5276
852.673	80.1139
854.602	80.7053
856.531	81.1919
858.46	81.4689
860.389	81.6082
862.318	81.721
864.247	81.8011
866.177	81.8387
868.106	81.881
870.035	81.9153
871.964	81.8839
873.893	81.8052
875.822	81.7278
877.751	81.638
879.68	81.5259
881.609	81.4409
883.539	81.3974
885.468	81.3161
887.397	81.1284
889.326	80.8606
891.255	80.5707
893.184	80.2777
895.113	79.9913
897.042	79.7383
898.972	79.5364
900.901	79.4021
902.83	79.3725
904.759	79.4486
906.688	79.5475
908.617	79.5729
910.546	79.495
912.475	79.3255
914.405	79.0777
916.334	78.7876
918.263	78.506
920.192	78.2362
922.121	77.9398
924.05	77.6237
925.979	77.3399
927.908	77.0838
929.838	76.7933
931.767	76.4457
933.696	76.0506
935.625	75.5843
937.554	75.026
939.483	74.3976
941.412	73.7094
943.341	72.9093
945.271	71.9122
947.2	70.7148
949.129	69.4872
951.058	68.4313
952.987	67.5249
954.916	66.5335
956.845	65.2492
958.774	63.6275
960.704	61.8014
962.633	60.0359
964.562	58.5689
966.491	57.4615
968.42	56.6302
970.349	55.9573
972.278	55.3261
974.207	54.6189
976.137	53.7494
978.066	52.7509
979.995	51.8336
981.924	51.2772
983.853	51.2367
985.782	51.6838
987.711	52.5018
989.64	53.5776
991.57	54.8138
993.499	56.0816
995.428	57.1962
997.357	57.9846
999.286	58.3897
1001.22	58.4831
1003.14	58.3753
1005.07	58.1467
1007	57.8906
1008.93	57.7489
1010.86	57.8015
1012.79	57.9559
1014.72	58.0333
1016.65	57.9097
1018.58	57.5318
1020.51	56.8951
1022.44	56.0584
1024.36	55.153
1026.29	54.3953
1028.22	54.0066
1030.15	53.9777
1032.08	53.9916
1034.01	53.7266
1035.94	53.1408
1037.87	52.3674
1039.8	51.5002
1041.73	50.5937
1043.66	49.7252
1045.58	48.9336
1047.51	48.1617
1049.44	47.3117
1051.37	46.3392
1053.3	45.3209
1055.23	44.4781
1057.16	44.0842
1059.09	44.2871
1061.02	45.0342
1062.95	46.1699
1064.88	47.5624
1066.81	49.1674
1068.73	51.0324
1070.66	53.219
1072.59	55.6952
1074.52	58.3253
1076.45	60.9418
1078.38	63.3898
1080.31	65.5437
1082.24	67.3264
1084.17	68.6898
1086.1	69.5807
1088.03	69.9744
1089.95	69.9305
1091.88	69.5461
1093.81	68.8669
1095.74	67.9216
1097.67	66.8179
1099.6	65.7044
1101.53	64.6563
1103.46	63.673
1105.39	62.7535
1107.32	61.9262
1109.25	61.2353
1111.18	60.7293
1113.1	60.4553
1115.03	60.4404
1116.96	60.6439
1118.89	60.9466
1120.82	61.2241
1122.75	61.3925
1124.68	61.362
1126.61	61.0048
1128.54	60.1906
1130.47	58.8141
1132.4	56.8079
1134.32	54.2027
1136.25	51.1843
1138.18	48.0405
1140.11	45.0381
1142.04	42.3661
1143.97	40.1479
1145.9	38.4393
1147.83	37.2279
1149.76	36.4495
1151.69	36.0025
1153.62	35.786
1155.55	35.7468
1157.47	35.872
1159.4	36.1456
1161.33	36.5368
1163.26	37.0222
1165.19	37.5908
1167.12	38.2098
1169.05	38.8309
1170.98	39.4519
1172.91	40.0965
1174.84	40.7525
1176.77	41.4192
1178.69	42.1395
1180.62	42.9134
1182.55	43.7038
1184.48	44.5297
1186.41	45.4254
1188.34	46.3709
1190.27	47.3514
1192.2	48.3917
1194.13	49.4997
1196.06	50.6611
1197.99	51.8765
1199.91	53.1438
1201.84	54.4334
1203.77	55.722
1205.7	57.0241
1207.63	58.3511
1209.56	59.6811
1211.49	61.0139
1213.42	62.3784
1215.35	63.7031
1217.28	64.782
1219.21	65.5149
1221.14	66.0747
1223.06	66.6605
1224.99	67.2277
1226.92	67.6195
1228.85	67.7819
1230.78	67.7034
1232.71	67.3579
1234.64	66.8017
1236.57	66.1316
1238.5	65.364
1240.43	64.4963
1242.36	63.5803
1244.28	62.6661
1246.21	61.7902
1248.14	61.0088
1250.07	60.3544
1252	59.8176
1253.93	59.4062
1255.86	59.1602
1257.79	59.1026
1259.72	59.2106
1261.65	59.4502
1263.58	59.8295
1265.51	60.3752
1267.43	61.0766
1269.36	61.9091
1271.29	62.8699
1273.22	63.943
1275.15	65.072
1277.08	66.196
1279.01	67.2898
1280.94	68.3472
1282.87	69.3282
1284.8	70.1598
1286.73	70.7647
1288.65	71.0518
1290.58	70.9956
1292.51	70.7986
1294.44	70.8475
1296.37	71.4529
1298.3	72.6687
1300.23	74.3356
1302.16	76.2133
1304.09	78.0635
1306.02	79.6944
1307.95	81.014
1309.87	82.0511
1311.8	82.8662
1313.73	83.4781
1315.66	83.9163
1317.59	84.2291
1319.52	84.4128
1321.45	84.4572
1323.38	84.427
1325.31	84.4009
1327.24	84.41
1329.17	84.4647
1331.1	84.5685
1333.02	84.7004
1334.95	84.8533
1336.88	85.0687
1338.81	85.3392
1340.74	85.5487
1342.67	85.6688
1344.6	85.8028
1346.53	85.9764
1348.46	86.113
1350.39	86.1783
1352.32	86.2079
1354.24	86.1999
1356.17	86.1261
1358.1	86.0541
1360.03	86.0812
1361.96	86.1365
1363.89	86.0499
1365.82	85.8446
1367.75	85.6105
1369.68	85.3663
1371.61	85.1354
1373.54	84.7898
1375.47	84.1377
1377.39	83.3927
1379.32	82.8332
1381.25	82.415
1383.18	82.0711
1385.11	81.7175
1387.04	81.0823
1388.97	80.1808
1390.9	79.3865
1392.83	78.6927
1394.76	77.8796
1396.69	76.7592
1398.61	75.1127
1400.54	73.0222
1402.47	70.7511
1404.4	68.4623
1406.33	66.9137
1408.26	66.9717
1410.19	68.6386
1412.12	71.507
1414.05	74.6511
1415.98	77.6029
1417.91	80.7313
1419.83	83.4936
1421.76	85.092
1423.69	86.0812
1425.62	86.8496
1427.55	87.3379
1429.48	87.494
1431.41	87.3347
1433.34	87.0826
1435.27	86.8867
1437.2	86.5364
1439.13	85.9016
1441.06	85.149
1442.98	84.3375
1444.91	83.5482
1446.84	82.843
1448.77	82.1388
1450.7	81.5446
1452.63	81.3158
1454.56	81.521
1456.49	81.9298
1458.42	81.6983
1460.35	81.0046
1462.28	80.5586
1464.2	80.314
1466.13	80.1188
1468.06	80.2053
1469.99	80.8797
1471.92	82.1826
1473.85	83.4809
1475.78	84.3684
1477.71	85.4013
1479.64	86.7503
1481.57	88.1991
1483.5	89.5456
1485.43	90.7763
1487.35	92.0442
1489.28	93.1852
1491.21	93.6703
1493.14	93.8321
1495.07	94.2153
1497	94.723
1498.93	94.9246
1500.86	94.9291
1502.79	95.1047
1504.72	95.6528
1506.65	96.4185
1508.57	96.3134
1510.5	95.6602
1512.43	95.397
1514.36	95.6359
1516.29	96.0893
1518.22	96.4647
1520.15	96.7421
1522.08	96.8461
1524.01	96.7381
1525.94	96.519
1527.87	96.2791
1529.8	96.1889
1531.72	96.3459
1533.65	96.5426
1535.58	96.5731
1537.51	96.763
1539.44	97.3959
1541.37	97.7516
1543.3	97.2113
1545.23	96.6449
1547.16	96.4061
1549.09	96.4125
1551.02	96.4854
1552.94	96.5296
1554.87	96.7135
1556.8	97.2218
1558.73	97.5754
1560.66	97.0466
1562.59	96.4813
1564.52	96.2245
1566.45	96.1904
1568.38	96.2737
1570.31	96.2265
1572.24	96.0933
1574.16	96.1711
1576.09	96.3524
1578.02	96.1651
1579.95	95.7859
1581.88	95.5632
1583.81	95.4564
1585.74	95.3541
1587.67	95.2738
1589.6	95.2432
1591.53	95.2172
1593.46	95.1563
1595.39	95.055
1597.31	94.9087
1599.24	94.7441
1601.17	94.577
1603.1	94.3254
1605.03	93.98
1606.96	93.644
1608.89	93.1429
1610.82	92.2668
1612.75	91.3751
1614.68	90.7499
1616.61	90.2002
1618.53	89.7554
1620.46	89.778
1622.39	90.1892
1624.32	90.4807
1626.25	90.3454
1628.18	89.8117
1630.11	88.923
1632.04	88.1174
1633.97	87.9601
1635.9	88.6502
1637.83	89.6172
1639.76	90.5861
1641.68	91.6725
1643.61	92.7347
1645.54	93.6894
1647.47	94.2834
1649.4	94.4212
1651.33	94.6499
1653.26	94.9784
1655.19	94.5203
1657.12	93.8878
1659.05	93.6384
1660.98	93.586
1662.9	93.3823
1664.83	93.0803
1666.76	93.0367
1668.69	93.1859
1670.62	92.9762
1672.55	92.4577
1674.48	91.9788
1676.41	91.2647
1678.34	90.4322
1680.27	89.9209
1682.2	89.5078
1684.12	88.6572
1686.05	87.4066
1687.98	85.9526
1689.91	84.3426
1691.84	82.7867
1693.77	81.1517
1695.7	79.2604
1697.63	77.0892
1699.56	73.9119
1701.49	69.8902
1703.42	66.3409
1705.35	62.843
1707.27	58.8283
1709.2	55.2288
1711.13	52.4668
1713.06	50.1154
1714.99	48.2347
1716.92	46.5207
1718.85	44.4112
1720.78	42.9499
1722.71	42.5093
1724.64	42.6048
1726.57	43.3066
1728.49	44.7143
1730.42	46.5097
1732.35	48.9128
1734.28	52.0175
1736.21	54.6982
1738.14	57.0627
1740.07	59.936
1742	63.1734
1743.93	66.3237
1745.86	69.5741
1747.79	73.0943
1749.72	76.7337
1751.64	80.1147
1753.57	83.0052
1755.5	85.6567
1757.43	88.2516
1759.36	90.4448
1761.29	92.0251
1763.22	93.1878
1765.15	93.9228
1767.08	94.3426
1769.01	94.9204
1770.94	95.6886
1772.86	96.0424
1774.79	95.9527
1776.72	95.8735
1778.65	95.8911
1780.58	95.9498
1782.51	96.0062
1784.44	96.0544
1786.37	96.1395
1788.3	96.2735
1790.23	96.4912
1792.16	96.7436
1794.08	96.7567
1796.01	96.6238
1797.94	96.6635
1799.87	96.7955
1801.8	96.7747
1803.73	96.7082
1805.66	96.7628
1807.59	96.9074
1809.52	97.0144
1811.45	96.9242
1813.38	96.7436
1815.31	96.7465
1817.23	96.8698
1819.16	96.9173
1821.09	97.0035
1823.02	97.2
1824.95	97.3308
1826.88	97.4195
1828.81	97.5911
1830.74	97.649
1832.67	97.4983
1834.6	97.41
1836.53	97.4797
1838.45	97.5268
1840.38	97.4897
1842.31	97.5096
1844.24	97.5892
1846.17	97.589
1848.1	97.5888
1850.03	97.6771
1851.96	97.733
1853.89	97.6961
1855.82	97.6689
1857.75	97.6968
1859.68	97.7304
1861.6	97.7218
1863.53	97.7265
1865.46	97.9237
1867.39	98.3019
1869.32	98.4436
1871.25	98.1985
1873.18	97.9633
1875.11	97.9018
1877.04	97.9276
1878.97	98.0119
1880.9	98.1571
1882.82	98.3318
1884.75	98.4934
1886.68	98.5784
1888.61	98.5809
1890.54	98.5762
1892.47	98.548
1894.4	98.4338
1896.33	98.3459
1898.26	98.4284
1900.19	98.5835
1902.12	98.658
1904.05	98.6937
1905.97	98.77
1907.9	98.8178
1909.83	98.7704
1911.76	98.6832
1913.69	98.6245
1915.62	98.6603
1917.55	98.8388
1919.48	99.0478
1921.41	99.1671
1923.34	99.2116
1925.27	99.1496
1927.19	99.0178
1929.12	99.0287
1931.05	99.2017
1932.98	99.2985
1934.91	99.2758
1936.84	99.3015
1938.77	99.4062
1940.7	99.4922
1942.63	99.4824
1944.56	99.3994
1946.49	99.3634
1948.41	99.4119
1950.34	99.4971
1952.27	99.6245
1954.2	99.7899
1956.13	99.9534
1958.06	100.122
1959.99	100.227
1961.92	100.197
1963.85	100.254
1965.78	100.547
1967.71	100.758
1969.64	100.663
1971.56	100.505
1973.49	100.424
1975.42	100.36
1977.35	100.418
1979.28	100.625
1981.21	100.74
1983.14	100.7
1985.07	100.663
1987	100.591
1988.93	100.378
1990.86	100.16
1992.78	100.101
1994.71	100.173
1996.64	100.337
1998.57	100.545
2000.5	100.612
2002.43	100.432
2004.36	100.221
2006.29	100.271
2008.22	100.492
2010.15	100.494
2012.08	100.258
2014.01	100.167
2015.93	100.324
2017.86	100.49
2019.79	100.59
2021.72	100.656
2023.65	100.619
2025.58	100.491
2027.51	100.305
2029.44	100.07
2031.37	100.01
2033.3	100.256
2035.23	100.49
2037.15	100.537
2039.08	100.606
2041.01	100.652
2042.94	100.456
2044.87	100.174
2046.8	100.083
2048.73	100.198
2050.66	100.347
2052.59	100.268
2054.52	99.8913
2056.45	99.5302
2058.37	99.4135
2060.3	99.4071
2062.23	99.451
2064.16	99.6294
2066.09	99.8139
2068.02	99.8728
2069.95	99.8992
2071.88	99.8627
2073.81	99.6301
2075.74	99.3669
2077.67	99.3258
2079.6	99.4553
2081.52	99.5876
2083.45	99.6619
2085.38	99.6318
2087.31	99.4839
2089.24	99.3368
2091.17	99.3146
2093.1	99.3925
2095.03	99.4653
2096.96	99.4805
2098.89	99.424
2100.82	99.3024
2102.74	99.241
2104.67	99.3601
2106.6	99.5044
2108.53	99.4632
2110.46	99.3682
2112.39	99.4271
2114.32	99.5413
2116.25	99.5401
2118.18	99.4338
2120.11	99.2916
2122.04	99.1738
2123.97	99.1483
2125.89	99.2411
2127.82	99.4518
2129.75	99.7596
2131.68	100.103
2133.61	100.425
2135.54	100.61
2137.47	100.479
2139.4	100.143
2141.33	100.002
2143.26	100.144
2145.19	100.227
2147.11	100.074
2149.04	99.9164
2150.97	100.013
2152.9	100.293
2154.83	100.467
2156.76	100.457
2158.69	100.51
2160.62	100.713
2162.55	100.718
2164.48	100.318
2166.41	99.8615
2168.33	99.7511
2170.26	99.8662
2172.19	99.8915
2174.12	99.8719
2176.05	100.02
2177.98	100.294
2179.91	100.539
2181.84	100.67
2183.77	100.559
2185.7	100.196
2187.63	99.8766
2189.56	99.8182
2191.48	99.8626
2193.41	99.8468
2195.34	99.8185
2197.27	99.7979
2199.2	99.8211
2201.13	99.9908
2203.06	100.143
2204.99	100.058
2206.92	99.9993
2208.85	100.183
2210.78	100.216
2212.7	99.9336
2214.63	99.7965
2216.56	99.9215
2218.49	99.9657
2220.42	99.9676
2222.35	100.081
2224.28	100.001
2226.21	99.6002
2228.14	99.327
2230.07	99.4358
2232	99.6345
2233.93	99.6905
2235.85	99.7278
2237.78	99.8384
2239.71	99.9035
2241.64	99.8545
2243.57	99.7394
2245.5	99.559
2247.43	99.3382
2249.36	99.2309
2251.29	99.3335
2253.22	99.5419
2255.15	99.667
2257.07	99.6369
2259	99.6074
2260.93	99.761
2262.86	99.9961
2264.79	100.086
2266.72	100.036
2268.65	99.9799
2270.58	99.9662
2272.51	100.01
2274.44	100.089
2276.37	100.088
2278.29	99.9164
2280.22	99.6351
2282.15	99.4608
2284.08	99.5846
2286.01	99.913
2287.94	100.187
2289.87	100.371
2291.8	100.607
2293.73	100.893
2295.66	101.182
2297.59	101.542
2299.52	101.976
2301.44	102.374
2303.37	102.765
2305.3	103.332
2307.23	104.149
2309.16	105.029
2311.09	105.681
2313.02	106.11
2314.95	106.688
2316.88	107.645
2318.81	108.816
2320.74	110.025
2322.66	111.282
2324.59	112.497
2326.52	113.546
2328.45	114.474
2330.38	115.242
2332.31	115.661
2334.24	115.838
2336.17	116.035
2338.1	116.334
2340.03	116.976
2341.96	117.824
2343.89	117.237
2345.81	114.589
2347.74	112.442
2349.67	112.35
2351.6	114.223
2353.53	117.437
2355.46	120.763
2357.39	123.49
2359.32	125.291
2361.25	125.165
2363.18	123.335
2365.11	121.182
2367.03	119.213
2368.96	116.907
2370.89	113.986
2372.82	110.886
2374.75	108.06
2376.68	105.67
2378.61	103.762
2380.54	102.229
2382.47	100.882
2384.4	99.6953
2386.33	98.8037
2388.26	98.3148
2390.18	98.1744
2392.11	98.172
2394.04	98.1376
2395.97	98.086
2397.9	98.0627
2399.83	98.0117
2401.76	97.9231
2403.69	97.882
2405.62	97.8806
2407.55	97.8411
2409.48	97.8178
2411.4	97.9033
2413.33	98.0236
2415.26	98.0687
2417.19	98.0626
2419.12	98.0429
2421.05	97.9955
2422.98	97.9579
2424.91	97.9592
2426.84	97.9496
2428.77	97.9489
2430.7	98.0434
2432.62	98.1903
2434.55	98.2765
2436.48	98.2849
2438.41	98.2269
2440.34	98.0902
2442.27	97.9324
2444.2	97.8741
2446.13	97.9705
2448.06	98.1105
2449.99	98.1107
2451.92	98.0069
2453.85	98.0429
2455.77	98.2404
2457.7	98.347
2459.63	98.2839
2461.56	98.21
2463.49	98.1664
2465.42	98.065
2467.35	97.933
2469.28	97.8737
2471.21	97.8935
2473.14	97.9258
2475.07	97.9398
2476.99	97.9434
2478.92	97.937
2480.85	97.9202
2482.78	97.903
2484.71	97.885
2486.64	97.8788
2488.57	97.9369
2490.5	98.0635
2492.43	98.1477
2494.36	98.1188
2496.29	98.1157
2498.22	98.2787
2500.14	98.4326
2502.07	98.3355
2504	98.158
2505.93	98.1865
2507.86	98.2584
2509.79	98.1293
2511.72	98.0063
2513.65	98.0806
2515.58	98.1228
2517.51	98.0128
2519.44	97.9699
2521.36	98.0375
2523.29	98.0208
2525.22	97.9225
2527.15	97.9055
2529.08	97.9657
2531.01	97.9799
2532.94	97.9208
2534.87	97.8681
2536.8	97.9067
2538.73	98.0363
2540.66	98.1376
2542.58	98.0844
2544.51	97.9293
2546.44	97.8616
2548.37	97.9334
2550.3	97.9985
2552.23	97.969
2554.16	97.9122
2556.09	97.8765
2558.02	97.862
2559.95	97.8973
2561.88	97.9389
2563.81	97.883
2565.73	97.7995
2567.66	97.8389
2569.59	97.9048
2571.52	97.8188
2573.45	97.6945
2575.38	97.7173
2577.31	97.7736
2579.24	97.7023
2581.17	97.625
2583.1	97.6834
2585.03	97.7654
2586.95	97.7439
2588.88	97.6862
2590.81	97.6868
2592.74	97.7444
2594.67	97.8068
2596.6	97.7734
2598.53	97.6022
2600.46	97.4531
2602.39	97.4594
2604.32	97.4848
2606.25	97.4099
2608.18	97.3609
2610.1	97.3949
2612.03	97.3707
2613.96	97.2643
2615.89	97.1949
2617.82	97.1721
2619.75	97.1486
2621.68	97.1441
2623.61	97.1398
2625.54	97.0795
2627.47	96.9908
2629.4	96.92
2631.32	96.8656
2633.25	96.8544
2635.18	96.893
2637.11	96.9012
2639.04	96.8588
2640.97	96.8353
2642.9	96.8043
2644.83	96.6945
2646.76	96.5835
2648.69	96.5709
2650.62	96.6083
2652.54	96.636
2654.47	96.6631
2656.4	96.6571
2658.33	96.5838
2660.26	96.5031
2662.19	96.464
2664.12	96.4405
2666.05	96.4225
2667.98	96.4141
2669.91	96.3868
2671.84	96.3467
2673.77	96.3425
2675.69	96.3678
2677.62	96.3831
2679.55	96.3932
2681.48	96.4048
2683.41	96.3999
2685.34	96.393
2687.27	96.3979
2689.2	96.3707
2691.13	96.3079
2693.06	96.2907
2694.99	96.3326
2696.91	96.3401
2698.84	96.2864
2700.77	96.2455
2702.7	96.2503
2704.63	96.2581
2706.56	96.2164
2708.49	96.12
2710.42	96.0561
2712.35	96.1061
2714.28	96.1747
2716.21	96.1243
2718.14	96.0187
2720.06	95.9811
2721.99	95.9794
2723.92	95.954
2725.85	95.9073
2727.78	95.8193
2729.71	95.7282
2731.64	95.7477
2733.57	95.831
2735.5	95.8183
2737.43	95.7579
2739.36	95.808
2741.28	95.9154
2743.21	95.9232
2745.14	95.8378
2747.07	95.7653
2749	95.7482
2750.93	95.7842
2752.86	95.8656
2754.79	95.9374
2756.72	95.9305
2758.65	95.8653
2760.58	95.8065
2762.51	95.7484
2764.43	95.6905
2766.36	95.6834
2768.29	95.6712
2770.22	95.5583
2772.15	95.4546
2774.08	95.5018
2776.01	95.5988
2777.94	95.6116
2779.87	95.5809
2781.8	95.552
2783.73	95.4976
2785.65	95.4115
2787.58	95.3089
2789.51	95.2257
2791.44	95.1943
2793.37	95.174
2795.3	95.1587
2797.23	95.2148
2799.16	95.274
2801.09	95.2209
2803.02	95.171
2804.95	95.2474
2806.87	95.3001
2808.8	95.1921
2810.73	95.0327
2812.66	94.9531
2814.59	94.9475
2816.52	94.9316
2818.45	94.8282
2820.38	94.6598
2822.31	94.5003
2824.24	94.3396
2826.17	94.1615
2828.1	94.0221
2830.02	93.8919
2831.95	93.6576
2833.88	93.3324
2835.81	93.0224
2837.74	92.7801
2839.67	92.641
2841.6	92.5942
2843.53	92.4944
2845.46	92.235
2847.39	91.8942
2849.32	91.5331
2851.24	91.0825
2853.17	90.5392
2855.1	90.0044
2857.03	89.5023
2858.96	88.9766
2860.89	88.4229
2862.82	87.8947
2864.75	87.4326
2866.68	87.0242
2868.61	86.6147
2870.54	86.2058
2872.47	85.9289
2874.39	85.9337
2876.32	86.2347
2878.25	86.6853
2880.18	87.0759
2882.11	87.3385
2884.04	87.6124
2885.97	87.9474
2887.9	88.1391
2889.83	88.0863
2891.76	87.9565
2893.69	87.8284
2895.61	87.6313
2897.54	87.4235
2899.47	87.2948
2901.4	87.2088
2903.33	87.1646
2905.26	87.1707
2907.19	87.1332
2909.12	87.0586
2911.05	87.0279
2912.98	86.8972
2914.91	86.5101
2916.83	86.0467
2918.76	85.7293
2920.69	85.4834
2922.62	85.1218
2924.55	84.5677
2926.48	83.8964
2928.41	83.3321
2930.34	83.0581
2932.27	83.005
2934.2	83.0056
2936.13	83.0951
2938.06	83.4351
2939.98	83.9626
2941.91	84.3762
2943.84	84.5428
2945.77	84.609
2947.7	84.601
2949.63	84.3132
2951.56	83.7263
2953.49	83.1192
2955.42	82.6783
2957.35	82.4148
2959.28	82.4482
2961.2	82.9049
2963.13	83.6184
2965.06	84.389
2966.99	85.3131
2968.92	86.449
2970.85	87.5771
2972.78	88.5968
2974.71	89.5953
2976.64	90.4607
2978.57	91.0496
2980.5	91.5392
2982.43	92.1133
2984.35	92.6871
2986.28	93.1626
2988.21	93.5418
2990.14	93.8296
2992.07	94.0799
2994	94.3426
2995.93	94.593
2997.86	94.8561
2999.79	95.1157
3001.72	95.198
3003.65	95.1383
3005.57	95.255
3007.5	95.565
3009.43	95.7702
3011.36	95.8587
3013.29	95.9696
3015.22	95.9525
3017.15	95.7649
3019.08	95.7696
3021.01	96.0944
3022.94	96.367
3024.87	96.3642
3026.79	96.2581
3028.72	96.1964
3030.65	96.1907
3032.58	96.2428
3034.51	96.2653
3036.44	96.177
3038.37	96.1346
3040.3	96.2849
3042.23	96.4312
3044.16	96.3457
3046.09	96.1273
3048.02	95.9742
3049.94	95.9513
3051.87	96.0639
3053.8	96.2472
3055.73	96.378
3057.66	96.4324
3059.59	96.4313
3061.52	96.3217
3063.45	96.1434
3065.38	96.0748
3067.31	96.168
3069.24	96.2656
3071.16	96.2
3073.09	95.9854
3075.02	95.8519
3076.95	95.9916
3078.88	96.2821
3080.81	96.47
3082.74	96.5134
3084.67	96.4946
3086.6	96.3713
3088.53	96.0878
3090.46	95.8158
3092.39	95.8106
3094.31	96.0181
3096.24	96.1237
3098.17	96.0916
3100.1	96.1759
3102.03	96.309
3103.96	96.1823
3105.89	95.9111
3107.82	95.815
3109.75	95.7824
3111.68	95.6223
3113.61	95.5781
3115.53	95.8134
3117.46	96.0043
3119.39	95.95
3121.32	95.8869
3123.25	95.9094
3125.18	95.8125
3127.11	95.6257
3129.04	95.6369
3130.97	95.8783
3132.9	96.0734
3134.83	96.0366
3136.75	95.8619
3138.68	95.7319
3140.61	95.6948
3142.54	95.7005
3144.47	95.7493
3146.4	95.8019
3148.33	95.6881
3150.26	95.4164
3152.19	95.2967
3154.12	95.4359
3156.05	95.5272
3157.98	95.3578
3159.9	95.1175
3161.83	95.097
3163.76	95.3469
3165.69	95.6065
3167.62	95.5987
3169.55	95.429
3171.48	95.376
3173.41	95.3964
3175.34	95.3112
3177.27	95.2
3179.2	95.1924
3181.12	95.2138
3183.05	95.1358
3184.98	94.9462
3186.91	94.822
3188.84	94.9673
3190.77	95.2257
3192.7	95.2466
3194.63	95.0838
3196.56	95.008
3198.49	94.9562
3200.42	94.8041
3202.35	94.7055
3204.27	94.7389
3206.2	94.7618
3208.13	94.715
3210.06	94.6726
3211.99	94.6967
3213.92	94.7863
3215.85	94.8518
3217.78	94.8289
3219.71	94.7845
3221.64	94.7132
3223.57	94.5238
3225.49	94.3863
3227.42	94.5301
3229.35	94.6787
3231.28	94.4351
3233.21	94.052
3235.14	93.9515
3237.07	93.9348
3239	93.6989
3240.93	93.5138
3242.86	93.654
3244.79	93.8725
3246.72	93.9112
3248.64	93.8782
3250.57	93.913
3252.5	93.9656
3254.43	93.9226
3256.36	93.741
3258.29	93.5202
3260.22	93.4203
3262.15	93.4639
3264.08	93.5387
3266.01	93.573
3267.94	93.5653
3269.86	93.5052
3271.79	93.4049
3273.72	93.3399
3275.65	93.3324
3277.58	93.2854
3279.51	93.1621
3281.44	93.0629
3283.37	93.0182
3285.3	92.9398
3287.23	92.8197
3289.16	92.7313
3291.08	92.6719
3293.01	92.5898
3294.94	92.4901
3296.87	92.4329
3298.8	92.4688
3300.73	92.5543
3302.66	92.5529
3304.59	92.3973
3306.52	92.2015
3308.45	92.1216
3310.38	92.1277
3312.31	92.0558
3314.23	91.9236
3316.16	91.9173
3318.09	92.0096
3320.02	91.9963
3321.95	91.8846
3323.88	91.7943
3325.81	91.6856
3327.74	91.5596
3329.67	91.5474
3331.6	91.6273
3333.53	91.6663
3335.45	91.6498
3337.38	91.5857
3339.31	91.4835
3341.24	91.479
3343.17	91.6097
3345.1	91.6769
3347.03	91.62
3348.96	91.5909
3350.89	91.5721
3352.82	91.4708
3354.75	91.3923
3356.68	91.408
3358.6	91.4333
3360.53	91.4788
3362.46	91.5519
3364.39	91.4419
3366.32	91.0751
3368.25	90.7605
3370.18	90.7126
3372.11	90.8274
3374.04	91.0539
3375.97	91.3511
3377.9	91.4374
3379.82	91.246
3381.75	91.1503
3383.68	91.2657
3385.61	91.276
3387.54	91.1454
3389.47	91.1417
3391.4	91.2361
3393.33	91.2282
3395.26	91.1582
3397.19	91.1239
3399.12	91.0938
3401.04	91.0867
3402.97	91.1558
3404.9	91.2261
3406.83	91.214
3408.76	91.1745
3410.69	91.1829
3412.62	91.2246
3414.55	91.2536
3416.48	91.2573
3418.41	91.2595
3420.34	91.2801
3422.27	91.2893
3424.19	91.2804
3426.12	91.3264
3428.05	91.4154
3429.98	91.4057
3431.91	91.279
3433.84	91.1768
3435.77	91.1455
3437.7	91.1657
3439.63	91.3009
3441.56	91.5178
3443.49	91.6205
3445.41	91.5462
3447.34	91.4498
3449.27	91.4645
3451.2	91.5572
3453.13	91.6047
3455.06	91.5591
3456.99	91.523
3458.92	91.5805
3460.85	91.6588
3462.78	91.6622
3464.71	91.5805
3466.64	91.4461
3468.56	91.3422
3470.49	91.3754
3472.42	91.5395
3474.35	91.7088
3476.28	91.7927
3478.21	91.7889
3480.14	91.6696
3482.07	91.4078
3484	91.1696
3485.93	91.1663
3487.86	91.3021
3489.78	91.3282
3491.71	91.2613
3493.64	91.2635
3495.57	91.3078
3497.5	91.3262
3499.43	91.3997
3501.36	91.5552
3503.29	91.6536
3505.22	91.6013
3507.15	91.4677
3509.08	91.3291
3511	91.1926
3512.93	91.0621
3514.86	91.0045
3516.79	91.1142
3518.72	91.3761
3520.65	91.6349
3522.58	91.7842
3524.51	91.868
3526.44	91.9199
3528.37	91.859
3530.3	91.7195
3532.23	91.7483
3534.15	92.0019
3536.08	92.1414
3538.01	91.9257
3539.94	91.6374
3541.87	91.5929
3543.8	91.7118
3545.73	91.8285
3547.66	91.9354
3549.59	92.0579
3551.52	92.2584
3553.45	92.5549
3555.37	92.7275
3557.3	92.6878
3559.23	92.6853
3561.16	92.8236
3563.09	92.9495
3565.02	93.1239
3566.95	93.4686
3568.88	93.6969
3570.81	93.6769
3572.74	93.6586
3574.67	93.7731
3576.6	94.0548
3578.52	94.4735
3580.45	94.8221
3582.38	94.9807
3584.31	95.117
3586.24	95.2713
3588.17	95.2655
3590.1	95.3184
3592.03	95.7943
3593.96	96.5299
3595.89	97.0195
3597.82	97.1118
3599.74	97.0384
3601.67	96.8504
3603.6	96.6518
3605.53	96.6947
3607.46	96.9404
3609.39	97.1072
3611.32	97.1921
3613.25	97.2511
3615.18	97.1047
3617.11	96.9164
3619.04	97.1083
3620.97	97.4981
3622.89	97.6269
3624.82	97.6882
3626.75	97.9941
3628.68	98.4061
3630.61	98.4851
3632.54	98.2501
3634.47	97.8945
3636.4	97.5119
3638.33	97.193
3640.26	96.9499
3642.19	96.8092
3644.11	96.8935
3646.04	97.3568
3647.97	98.2507
3649.9	98.7537
3651.83	98.115
3653.76	97.4119
3655.69	97.3409
3657.62	97.485
3659.55	97.2208
3661.48	96.8393
3663.41	96.7528
3665.33	96.9091
3667.26	97.3592
3669.19	98.2812
3671.12	98.9909
3673.05	98.8496
3674.98	98.3911
3676.91	98.0289
3678.84	97.719
3680.77	97.5272
3682.7	97.5216
3684.63	97.6307
3686.56	97.9482
3688.48	98.7096
3690.41	99.3993
3692.34	99.2185
3694.27	98.6746
3696.2	98.414
3698.13	98.4176
3700.06	98.4185
3701.99	98.4153
3703.92	98.476
3705.85	98.5514
3707.78	98.7376
3709.7	99.0585
3711.63	99.0948
3713.56	98.6865
3715.49	98.2726
3717.42	98.0116
3719.35	98.043
3721.28	98.6246
3723.21	99.4525
3725.14	99.8185
3727.07	99.637
3729	99.4247
3730.93	99.4676
3732.85	99.7215
3734.78	99.9007
3736.71	99.6766
3738.64	99.2747
3740.57	99.0581
3742.5	99.0876
3744.43	99.2487
3746.36	99.2946
3748.29	99.2759
3750.22	99.2673
3752.15	98.8971
3754.07	98.2258
3756	97.807
3757.93	97.7657
3759.86	97.9324
3761.79	98.0952
3763.72	98.1265
3765.65	97.9818
3767.58	97.8653
3769.51	97.8897
3771.44	97.6837
3773.37	97.2047
3775.29	96.9923
3777.22	97.269
3779.15	97.6819
3781.08	97.8103
3783.01	97.6815
3784.94	97.4768
3786.87	97.2678
3788.8	97.0964
3790.73	97.0805
3792.66	97.3321
3794.59	97.6986
3796.52	97.8837
3798.44	98.0031
3800.37	98.2729
3802.3	98.2647
3804.23	97.7667
3806.16	97.4039
3808.09	97.4557
3810.02	97.5729
3811.95	97.6036
3813.88	97.6911
3815.81	97.8113
3817.74	97.9146
3819.66	98.1384
3821.59	98.3634
3823.52	98.2668
3825.45	97.9264
3827.38	97.5634
3829.31	97.3648
3831.24	97.4845
3833.17	97.8049
3835.1	98.1165
3837.03	98.4318
3838.96	98.687
3840.89	98.6161
3842.81	98.2751
3844.74	97.8594
3846.67	97.4966
3848.6	97.4095
3850.53	97.7784
3852.46	98.4162
3854.39	98.4687
3856.32	97.8744
3858.25	97.494
3860.18	97.5351
3862.11	97.8719
3864.03	98.1939
3865.96	98.2792
3867.89	98.2508
3869.82	98.2393
3871.75	98.1734
3873.68	97.969
3875.61	97.742
3877.54	97.6517
3879.47	97.6977
3881.4	97.7367
3883.33	97.7064
3885.25	97.6444
3887.18	97.5344
3889.11	97.3946
3891.04	97.2836
3892.97	97.2175
3894.9	97.24
3896.83	97.4157
3898.76	97.7177
3900.69	98.0067
3902.62	98.1487
3904.55	98.0348
3906.48	97.6331
3908.4	97.1914
3910.33	96.9722
3912.26	97.014
3914.19	97.2084
3916.12	97.4585
3918.05	97.6414
3919.98	97.6174
3921.91	97.468
3923.84	97.3588
3925.77	97.3279
3927.7	97.387
3929.62	97.5557
3931.55	97.692
3933.48	97.6127
3935.41	97.3923
3937.34	97.1771
3939.27	97.0585
3941.2	97.1588
3943.13	97.3936
3945.06	97.4673
3946.99	97.374
3948.92	97.2965
3950.85	97.2183
3952.77	97.1426
3954.7	97.1797
3956.63	97.2292
3958.56	97.1512
3960.49	97.1026
3962.42	97.2193
3964.35	97.3343
3966.28	97.2987
3968.21	97.1789
3970.14	97.0725
3972.07	97.0128
3973.99	97.0066
3975.92	97.0363
3977.85	97.0493
3979.78	97.0222
3981.71	97.0085
3983.64	97.0375
3985.57	97.0401
3987.5	96.9911
3989.43	96.957
3991.36	96.9416
3993.29	96.92
3995.22	96.9632
3997.14	97.0714
