499.643	76.7995
501.572	78.909
503.501	79.3324
505.43	78.4912
507.36	78.3131
509.289	79.1072
511.218	79.6571
513.147	79.6788
515.076	79.9436
517.005	80.4816
518.934	80.5108
520.863	80.054
522.792	79.7453
524.722	79.6782
526.651	79.7963
528.58	80.2068
530.509	80.5586
532.438	80.4158
534.367	80.1109
536.296	80.1624
538.225	80.4964
540.155	80.9092
542.084	81.2681
544.013	81.1889
545.942	80.5818
547.871	80.0718
549.8	80.0743
551.729	80.2136
553.658	80.1422
555.588	80.1173
557.517	80.3745
559.446	80.6198
561.375	80.5369
563.304	80.2736
565.233	80.1504
567.162	80.2645
569.091	80.4925
571.021	80.704
572.95	80.905
574.879	81.084
576.808	81.1423
578.737	81.1365
580.666	81.1453
582.595	80.9797
584.524	80.5854
586.454	80.3478
588.383	80.5287
590.312	80.8619
592.241	80.9355
594.17	80.7625
596.099	80.7073
598.028	80.8463
599.957	80.8573
601.887	80.6236
603.816	80.3966
605.745	80.2904
607.674	80.2393
609.603	80.2751
611.532	80.3913
613.461	80.4486
615.39	80.3891
617.32	80.2912
619.249	80.2837
621.178	80.421
623.107	80.5895
625.036	80.6923
626.965	80.8097
628.894	80.9953
630.823	81.1742
632.753	81.343
634.682	81.5883
636.611	81.9167
638.54	82.2608
640.469	82.6088
642.398	83.0001
644.327	83.431
646.256	83.84
648.186	84.1315
650.115	84.2723
652.044	84.4236
653.973	84.674
655.902	84.8016
657.831	84.6956
659.76	84.4497
661.689	84.0192
663.619	83.6429
665.548	84.0342
667.477	85.6708
669.406	86.7215
671.335	85.9997
673.264	85.4313
675.193	85.593
677.122	86.0219
679.052	86.3916
680.981	86.7466
682.91	86.9166
684.839	86.8067
686.768	86.6825
688.697	86.7379
690.626	86.8715
692.555	86.8804
694.485	86.7104
696.414	86.5127
698.343	86.4238
700.272	86.3946
702.201	86.3525
704.13	86.3202
706.059	86.2924
707.988	86.2379
709.917	86.214
711.847	86.2452
713.776	86.2475
715.705	86.2518
717.634	86.3686
719.563	86.4328
721.492	86.1412
723.421	85.5958
725.35	85.147
727.28	84.8514
729.209	84.4882
731.138	83.9338
733.067	83.2956
734.996	82.7322
736.925	82.3107
738.854	82.0491
740.783	81.9537
742.713	81.9742
744.642	82.034
746.571	82.079
748.5	82.073
750.429	82.0635
752.358	82.1768
754.287	82.4281
756.216	82.6974
758.146	82.9394
760.075	83.2097
762.004	83.5049
763.933	83.7538
765.862	83.9317
767.791	84.0856
769.72	84.2468
771.649	84.3731
773.579	84.4326
775.508	84.4788
777.437	84.55
779.366	84.6062
781.295	84.6273
783.224	84.6133
785.153	84.5018
787.082	84.251
789.012	83.9034
790.941	83.4583
792.87	82.8442
794.799	82.0008
796.728	80.7677
798.657	78.7319
800.586	75.3938
802.515	70.6746
804.445	65.4796
806.374	61.6016
808.303	60.5823
810.232	62.6217
812.161	66.7432
814.09	71.6747
816.019	76.2943
817.948	79.7762
819.878	81.8719
821.807	82.8982
823.736	83.3201
825.665	83.4412
827.594	83.3852
829.523	83.2084
831.452	82.9509
833.381	82.5868
835.311	82.0637
837.24	81.4141
839.169	80.698
841.098	79.927
843.027	79.1914
844.956	78.7159
846.885	78.6598
848.814	78.9818
850.744	79.5322
852.673	80.1717
854.602	80.7745
856.531	81.2196
858.46	81.4723
860.389	81.6223
862.318	81.7563
864.247	81.8567
866.177	81.8893
868.106	81.8891
870.035	81.8872
871.964	81.8527
873.893	81.776
875.822	81.7054
877.751	81.6531
879.68	81.5857
881.609	81.5161
883.539	81.4638
885.468	81.3637
887.397	81.1504
889.326	80.86
891.255	80.5612
893.184	80.2737
895.113	79.9855
897.042	79.7023
898.972	79.4846
900.901	79.4098
902.83	79.4685
904.759	79.5641
906.688	79.613
908.617	79.5778
910.546	79.4565
912.475	79.2786
914.405	79.0651
916.334	78.8173
918.263	78.5499
920.192	78.2669
922.121	77.9512
924.05	77.6345
925.979	77.369
927.908	77.125
929.838	76.8378
931.767	76.4917
933.696	76.0742
935.625	75.5689
937.554	75.0073
939.483	74.4115
941.412	73.7433
943.341	72.9519
945.271	71.9754
947.2	70.7849
949.129	69.5296
951.058	68.4469
952.987	67.5503
954.916	66.5858
956.845	65.2966
958.774	63.633
960.704	61.7842
962.633	60.0455
964.562	58.6106
966.491	57.5097
968.42	56.6916
970.349	56.0477
972.278	55.4174
974.207	54.6752
976.137	53.7853
978.066	52.8047
979.995	51.9121
981.924	51.3579
983.853	51.2994
985.782	51.7236
987.711	52.5274
989.64	53.5998
991.57	54.8262
993.499	56.0726
995.428	57.177
997.357	57.9795
999.286	58.4095
1001.22	58.5173
1003.14	58.3908
1005.07	58.1171
1007	57.8462
1008.93	57.741
1010.86	57.8174
1012.79	57.9491
1014.72	58.0058
1016.65	57.8837
1018.58	57.4999
1020.51	56.8557
1022.44	56.028
1024.36	55.1311
1026.29	54.376
1028.22	53.9946
1030.15	53.9563
1032.08	53.9368
1034.01	53.6578
1035.94	53.0834
1037.87	52.299
1039.8	51.4027
1041.73	50.5056
1043.66	49.6867
1045.58	48.9365
1047.51	48.1799
1049.44	47.3317
1051.37	46.3576
1053.3	45.3446
1055.23	44.5125
1057.16	44.113
1059.09	44.2915
1061.02	45.0296
1062.95	46.1895
1064.88	47.6056
1066.81	49.2007
1068.73	51.0419
1070.66	53.2206
1072.59	55.6966
1074.52	58.3239
1076.45	60.9432
1078.38	63.3855
1080.31	65.5086
1082.24	67.2646
1084.17	68.6309
1086.1	69.5282
1088.03	69.9118
1089.95	69.8529
1091.88	69.4466
1093.81	68.7355
1095.74	67.7771
1097.67	66.6968
1099.6	65.6178
1101.53	64.5915
1103.46	63.6162
1105.39	62.6832
1107.32	61.8134
1109.25	61.0812
1111.18	60.5792
1113.1	60.3473
1115.03	60.3608
1116.96	60.5622
1118.89	60.8698
1120.82	61.1757
1122.75	61.3574
1124.68	61.2995
1126.61	60.9072
1128.54	60.0835
1130.47	58.7092
1132.4	56.6967
1134.32	54.0813
1136.25	51.0557
1138.18	47.909
1140.11	44.9118
1142.04	42.2542
1143.97	40.0593
1145.9	38.3851
1147.83	37.2068
1149.76	36.4377
1151.69	35.9769
1153.62	35.7485
1155.55	35.7105
1157.47	35.843
1159.4	36.1359
1161.33	36.5677
1163.26	37.0886
1165.19	37.6555
1167.12	38.2578
1169.05	38.8858
1170.98	39.5221
1172.91	40.1657
1174.84	40.8204
1176.77	41.494
1178.69	42.2103
1180.62	42.9778
1182.55	43.7813
1184.48	44.6224
1186.41	45.5141
1188.34	46.4543
1190.27	47.4425
1192.2	48.4831
1194.13	49.5707
1196.06	50.7045
1197.99	51.901
1199.91	53.1656
1201.84	54.4681
1203.77	55.7736
1205.7	57.083
1207.63	58.4004
1209.56	59.7003
1211.49	60.9967
1213.42	62.3529
1215.35	63.705
1217.28	64.8108
1219.21	65.542
1221.14	66.0827
1223.06	66.6539
1224.99	67.2136
1226.92	67.5812
1228.85	67.6845
1230.78	67.5461
1232.71	67.1892
1234.64	66.655
1236.57	66.0036
1238.5	65.2698
1240.43	64.4665
1242.36	63.6053
1244.28	62.7104
1246.21	61.8342
1248.14	61.0371
1250.07	60.357
1252	59.8174
1253.93	59.4279
1255.86	59.1831
1257.79	59.0961
1259.72	59.1921
1261.65	59.4641
1263.58	59.8846
1265.51	60.4415
1267.43	61.1407
1269.36	61.9876
1271.29	62.9565
1273.22	63.9968
1275.15	65.0794
1277.08	66.1878
1279.01	67.2959
1280.94	68.3813
1282.87	69.3971
1284.8	70.25
1286.73	70.8485
1288.65	71.1266
1290.58	71.086
1292.51	70.9122
1294.44	70.9566
1296.37	71.5259
1298.3	72.7116
1300.23	74.3869
1302.16	76.2875
1304.09	78.1338
1306.02	79.7503
1307.95	81.0812
1309.87	82.131
1311.8	82.9208
1313.73	83.4926
1315.66	83.9105
1317.59	84.202
1319.52	84.3444
1321.45	84.3651
1323.38	84.3606
1325.31	84.3834
1327.24	84.4243
1329.17	84.4868
1331.1	84.5878
1333.02	84.7083
1334.95	84.8417
1336.88	85.0443
1338.81	85.3158
1340.74	85.5226
1342.67	85.6276
1344.6	85.7553
1346.53	85.9474
1348.46	86.1122
1350.39	86.1923
1352.32	86.2283
1354.24	86.2296
1356.17	86.1548
1358.1	86.0639
1360.03	86.0771
1361.96	86.1406
1363.89	86.0658
1365.82	85.8586
1367.75	85.614
1369.68	85.356
1371.61	85.1178
1373.54	84.7807
1375.47	84.1381
1377.39	83.3921
1379.32	82.8395
1381.25	82.4378
1383.18	82.0947
1385.11	81.7301
1387.04	81.1022
1388.97	80.2143
1390.9	79.4061
1392.83	78.6964
1394.76	77.9088
1396.69	76.8325
1398.61	75.2031
1400.54	73.1262
1402.47	70.8861
1404.4	68.6216
1406.33	67.0801
1408.26	67.1411
1410.19	68.7984
1412.12	71.6358
1414.05	74.7483
1415.98	77.6705
1417.91	80.7593
1419.83	83.5026
1421.76	85.1139
1423.69	86.1092
1425.62	86.8719
1427.55	87.3533
1429.48	87.488
1431.41	87.3015
1433.34	87.0537
1435.27	86.884
1437.2	86.529
1439.13	85.8679
1441.06	85.1257
1442.98	84.3517
1444.91	83.5718
1446.84	82.8297
1448.77	82.0909
1450.7	81.5047
1452.63	81.3065
1454.56	81.5266
1456.49	81.8936
1458.42	81.5992
1460.35	80.9304
1462.28	80.5642
1464.2	80.3868
1466.13	80.2016
1468.06	80.2722
1469.99	80.9314
1471.92	82.2005
1473.85	83.4651
1475.78	84.3723
1477.71	85.4504
1479.64	86.817
1481.57	88.2425
1483.5	89.5721
1485.43	90.824
1487.35	92.1065
1489.28	93.2153
1491.21	93.6798
1493.14	93.8509
1495.07	94.2271
1497	94.7304
1498.93	94.9679
1500.86	94.9989
1502.79	95.1773
1504.72	95.7385
1506.65	96.5166
1508.57	96.3816
1510.5	95.7087
1512.43	95.4497
1514.36	95.6936
1516.29	96.1411
1518.22	96.4946
1520.15	96.7526
1522.08	96.886
1524.01	96.8298
1525.94	96.6156
1527.87	96.3426
1529.8	96.2255
1531.72	96.3547
1533.65	96.5157
1535.58	96.5484
1537.51	96.7872
1539.44	97.4601
1541.37	97.7795
1543.3	97.2042
1545.23	96.6584
1547.16	96.439
1549.09	96.4286
1551.02	96.4722
1552.94	96.5206
1554.87	96.7554
1556.8	97.3426
1558.73	97.73
1560.66	97.1176
1562.59	96.4863
1564.52	96.2422
1566.45	96.2684
1568.38	96.3826
1570.31	96.3052
1572.24	96.1462
1574.16	96.2015
1576.09	96.3172
1578.02	96.0909
1579.95	95.7514
1581.88	95.5631
1583.81	95.4473
1585.74	95.3412
1587.67	95.2817
1589.6	95.263
1591.53	95.2549
1593.46	95.2419
1595.39	95.162
1597.31	94.9725
1599.24	94.7726
1601.17	94.6338
1603.1	94.4223
1605.03	94.0709
1606.96	93.7047
1608.89	93.1905
1610.82	92.3272
1612.75	91.4632
1614.68	90.8692
1616.61	90.3232
1618.53	89.84
1620.46	89.8298
1622.39	90.229
1624.32	90.5053
1626.25	90.3685
1628.18	89.895
1630.11	89.0845
1632.04	88.294
1633.97	88.1075
1635.9	88.787
1637.83	89.7302
1639.76	90.6367
1641.68	91.6915
1643.61	92.7836
1645.54	93.7941
1647.47	94.4015
1649.4	94.4904
1651.33	94.6282
1653.26	94.8857
1655.19	94.49
1657.12	93.9211
1659.05	93.6815
1660.98	93.6386
1662.9	93.4637
1664.83	93.1528
1666.76	93.0549
1668.69	93.152
1670.62	92.9264
1672.55	92.4105
1674.48	91.9402
1676.41	91.2452
1678.34	90.4359
1680.27	89.952
1682.2	89.5594
1684.12	88.6863
1686.05	87.4214
1687.98	86.0143
1689.91	84.4498
1691.84	82.8898
1693.77	81.2179
1695.7	79.2875
1697.63	77.0882
1699.56	73.913
1701.49	69.9276
1703.42	66.4205
1705.35	62.9447
1707.27	58.91
1709.2	55.2706
1711.13	52.5071
1713.06	50.1917
1714.99	48.3206
1716.92	46.5601
1718.85	44.4161
1720.78	42.9447
1722.71	42.4905
1724.64	42.5988
1726.57	43.3528
1728.49	44.7925
1730.42	46.5638
1732.35	48.9216
1734.28	52.0088
1736.21	54.6957
1738.14	57.0695
1740.07	59.9465
1742	63.155
1743.93	66.2485
1745.86	69.4666
1747.79	73.0023
1749.72	76.6789
1751.64	80.0826
1753.57	82.9752
1755.5	85.6007
1757.43	88.1448
1759.36	90.298
1761.29	91.8757
1763.22	93.0844
1765.15	93.9221
1767.08	94.4496
1769.01	95.0397
1770.94	95.7184
1772.86	96.0276
1774.79	95.9674
1776.72	95.8744
1778.65	95.847
1780.58	95.9146
1782.51	96.001
1784.44	96.0152
1786.37	96.0544
1788.3	96.2219
1790.23	96.5051
1792.16	96.7383
1794.08	96.6625
1796.01	96.4969
1797.94	96.5668
1799.87	96.7384
1801.8	96.7529
1803.73	96.7214
1805.66	96.7733
1807.59	96.8545
1809.52	96.9005
1811.45	96.8165
1813.38	96.6576
1815.31	96.6532
1817.23	96.8108
1819.16	96.9608
1821.09	97.1102
1823.02	97.2778
1824.95	97.3534
1826.88	97.3981
1828.81	97.5215
1830.74	97.5633
1832.67	97.44
1834.6	97.3652
1836.53	97.447
1838.45	97.5464
1840.38	97.5538
1842.31	97.5892
1844.24	97.7263
1846.17	97.7778
1848.1	97.7101
1850.03	97.7073
1851.96	97.7646
1853.89	97.7372
1855.82	97.6417
1857.75	97.6254
1859.68	97.7104
1861.6	97.7623
1863.53	97.7734
1865.46	97.9487
1867.39	98.2912
1869.32	98.3806
1871.25	98.0929
1873.18	97.8517
1875.11	97.8266
1877.04	97.9236
1878.97	98.0909
1880.9	98.273
1882.82	98.3715
1884.75	98.4084
1886.68	98.4696
1888.61	98.5151
1890.54	98.4739
1892.47	98.4188
1894.4	98.4453
1896.33	98.5389
1898.26	98.6505
1900.19	98.7374
1902.12	98.7315
1904.05	98.6501
1905.97	98.6578
1907.9	98.8114
1909.83	98.9256
1911.76	98.8524
1913.69	98.7341
1915.62	98.7924
1917.55	99.0214
1919.48	99.211
1921.41	99.3372
1923.34	99.5029
1925.27	99.5334
1927.19	99.2967
1929.12	99.0856
1931.05	99.0973
1932.98	99.0999
1934.91	98.9866
1936.84	99.0128
1938.77	99.2426
1940.7	99.4423
1942.63	99.5648
1944.56	99.7757
1946.49	99.9767
1948.41	99.9179
1950.34	99.7251
1952.27	99.7443
1954.2	99.963
1956.13	100.151
1958.06	100.29
1959.99	100.376
1961.92	100.308
1963.85	100.262
1965.78	100.504
1967.71	100.851
1969.64	100.916
1971.56	100.702
1973.49	100.43
1975.42	100.217
1977.35	100.189
1979.28	100.416
1981.21	100.664
1983.14	100.662
1985.07	100.511
1987	100.422
1988.93	100.355
1990.86	100.285
1992.78	100.355
1994.71	100.484
1996.64	100.442
1998.57	100.325
2000.5	100.384
2002.43	100.552
2004.36	100.597
2006.29	100.539
2008.22	100.507
2010.15	100.462
2012.08	100.347
2014.01	100.249
2015.93	100.273
2017.86	100.441
2019.79	100.662
2021.72	100.772
2023.65	100.712
2025.58	100.575
2027.51	100.443
2029.44	100.381
2031.37	100.427
2033.3	100.429
2035.23	100.301
2037.15	100.293
2039.08	100.507
2041.01	100.619
2042.94	100.45
2044.87	100.225
2046.8	100.149
2048.73	100.22
2050.66	100.282
2052.59	100.143
2054.52	99.8465
2056.45	99.6524
2058.37	99.6358
2060.3	99.6682
2062.23	99.6932
2064.16	99.7122
2066.09	99.7275
2068.02	99.7972
2069.95	99.8759
2071.88	99.7842
2073.81	99.5449
2075.74	99.3781
2077.67	99.3185
2079.6	99.3049
2081.52	99.4517
2083.45	99.7487
2085.38	99.8682
2087.31	99.6706
2089.24	99.4406
2091.17	99.3919
2093.1	99.4352
2095.03	99.5074
2096.96	99.6301
2098.89	99.6556
2100.82	99.4674
2102.74	99.3409
2104.67	99.5656
2106.6	99.8672
2108.53	99.7922
2110.46	99.4737
2112.39	99.3739
2114.32	99.5244
2116.25	99.5893
2118.18	99.4419
2120.11	99.2718
2122.04	99.2552
2123.97	99.3614
2125.89	99.4849
2127.82	99.6125
2129.75	99.7684
2131.68	99.955
2133.61	100.205
2135.54	100.471
2137.47	100.566
2139.4	100.461
2141.33	100.374
2143.26	100.405
2145.19	100.445
2147.11	100.432
2149.04	100.406
2150.97	100.388
2152.9	100.354
2154.83	100.315
2156.76	100.347
2158.69	100.528
2160.62	100.806
2162.55	100.944
2164.48	100.705
2166.41	100.192
2168.33	99.8168
2170.26	99.7624
2172.19	99.8197
2174.12	99.8616
2176.05	100.027
2177.98	100.359
2179.91	100.658
2181.84	100.704
2183.77	100.46
2185.7	100.147
2187.63	100.009
2189.56	99.9796
2191.48	99.8544
2193.41	99.7515
2195.34	99.9232
2197.27	100.209
2199.2	100.276
2201.13	100.192
2203.06	100.146
2204.99	100.057
2206.92	99.9773
2208.85	100.092
2210.78	100.168
2212.7	99.9558
2214.63	99.7628
2216.56	99.8092
2218.49	99.8907
2220.42	99.9963
2222.35	100.193
2224.28	100.194
2226.21	99.9258
2228.14	99.7739
2230.07	99.8358
2232	99.8303
2233.93	99.7242
2235.85	99.7036
2237.78	99.7449
2239.71	99.704
2241.64	99.6046
2243.57	99.545
2245.5	99.4993
2247.43	99.4517
2249.36	99.5352
2251.29	99.7703
2253.22	99.9086
2255.15	99.7896
2257.07	99.5935
2259	99.5661
2260.93	99.712
2262.86	99.8399
2264.79	99.8213
2266.72	99.7676
2268.65	99.8717
2270.58	100.102
2272.51	100.245
2274.44	100.232
2276.37	100.178
2278.29	100.095
2280.22	99.9069
2282.15	99.7331
2284.08	99.7687
2286.01	99.9463
2287.94	100.104
2289.87	100.29
2291.8	100.587
2293.73	100.928
2295.66	101.273
2297.59	101.681
2299.52	102.117
2301.44	102.481
2303.37	102.836
2305.3	103.39
2307.23	104.219
2309.16	105.126
2311.09	105.864
2313.02	106.445
2314.95	107.092
2316.88	107.957
2318.81	109.004
2320.74	110.156
2322.66	111.399
2324.59	112.657
2326.52	113.77
2328.45	114.68
2330.38	115.324
2332.31	115.558
2334.24	115.618
2336.17	115.964
2338.1	116.557
2340.03	117.218
2341.96	117.857
2343.89	117.231
2345.81	114.669
2347.74	112.543
2349.67	112.489
2351.6	114.457
2353.53	117.805
2355.46	121.293
2357.39	124.008
2359.32	125.515
2361.25	125.383
2363.18	123.92
2365.11	121.619
2367.03	118.933
2368.96	116.229
2370.89	113.463
2372.82	110.682
2374.75	108.118
2376.68	105.86
2378.61	103.932
2380.54	102.317
2382.47	100.901
2384.4	99.6699
2386.33	98.805
2388.26	98.4046
2390.18	98.2566
2392.11	98.1144
2394.04	98.0167
2395.97	98.0644
2397.9	98.1311
2399.83	98.0725
2401.76	97.9675
2403.69	97.9627
2405.62	98.0571
2407.55	98.1206
2409.48	98.0815
2411.4	98.0398
2413.33	98.0807
2415.26	98.1051
2417.19	98.0429
2419.12	98.0028
2421.05	98.0511
2422.98	98.1325
2424.91	98.2073
2426.84	98.2354
2428.77	98.1903
2430.7	98.1695
2432.62	98.2522
2434.55	98.3415
2436.48	98.3343
2438.41	98.262
2440.34	98.1815
2442.27	98.0951
2444.2	98.0159
2446.13	98.0249
2448.06	98.1537
2449.99	98.2405
2451.92	98.1428
2453.85	98.0239
2455.77	98.0926
2457.7	98.2287
2459.63	98.2152
2461.56	98.1009
2463.49	98.051
2465.42	98.0638
2467.35	98.0333
2469.28	97.9639
2471.21	97.9769
2473.14	98.1207
2475.07	98.2793
2476.99	98.2963
2478.92	98.1419
2480.85	97.9614
2482.78	97.9219
2484.71	97.9847
2486.64	98.0151
2488.57	98.0803
2490.5	98.2746
2492.43	98.3972
2494.36	98.2823
2496.29	98.1689
2498.22	98.2584
2500.14	98.321
2502.07	98.1749
2504	98.0672
2505.93	98.1932
2507.86	98.3275
2509.79	98.2527
2511.72	98.1094
2513.65	98.0601
2515.58	98.036
2517.51	98.0143
2519.44	98.1262
2521.36	98.3269
2523.29	98.3557
2525.22	98.1486
2527.15	97.9329
2529.08	97.8535
2531.01	97.839
2532.94	97.8308
2534.87	97.8662
2536.8	97.9599
2538.73	98.0754
2540.66	98.1784
2542.58	98.2372
2544.51	98.2025
2546.44	98.0661
2548.37	97.9504
2550.3	97.9978
2552.23	98.1236
2554.16	98.1045
2556.09	97.9358
2558.02	97.8172
2559.95	97.8295
2561.88	97.8856
2563.81	97.937
2565.73	98.0333
2567.66	98.1713
2569.59	98.202
2571.52	98.0384
2573.45	97.8568
2575.38	97.8357
2577.31	97.8787
2579.24	97.8614
2581.17	97.8625
2583.1	97.9287
2585.03	97.9397
2586.95	97.8355
2588.88	97.7146
2590.81	97.6697
2592.74	97.7013
2594.67	97.7786
2596.6	97.8453
2598.53	97.8087
2600.46	97.6687
2602.39	97.5651
2604.32	97.5606
2606.25	97.5577
2608.18	97.5156
2610.1	97.4886
2612.03	97.4567
2613.96	97.3788
2615.89	97.2963
2617.82	97.2213
2619.75	97.1256
2621.68	97.0581
2623.61	97.0623
2625.54	97.0707
2627.47	97.0352
2629.4	97.0024
2631.32	96.9921
2633.25	96.9578
2635.18	96.8699
2637.11	96.7505
2639.04	96.6666
2640.97	96.6848
2642.9	96.7725
2644.83	96.83
2646.76	96.8383
2648.69	96.8283
2650.62	96.7683
2652.54	96.6543
2654.47	96.5769
2656.4	96.5729
2658.33	96.573
2660.26	96.5394
2662.19	96.5052
2664.12	96.4969
2666.05	96.5076
2667.98	96.5121
2669.91	96.4943
2671.84	96.4758
2673.77	96.4786
2675.69	96.4864
2677.62	96.4843
2679.55	96.4762
2681.48	96.4509
2683.41	96.4039
2685.34	96.375
2687.27	96.4
2689.2	96.4516
2691.13	96.4764
2693.06	96.454
2694.99	96.3925
2696.91	96.3249
2698.84	96.3046
2700.77	96.3254
2702.7	96.3077
2704.63	96.2444
2706.56	96.2171
2708.49	96.2287
2710.42	96.2265
2712.35	96.2308
2714.28	96.2449
2716.21	96.211
2718.14	96.1552
2720.06	96.1444
2721.99	96.142
2723.92	96.1015
2725.85	96.0317
2727.78	95.9252
2729.71	95.8301
2731.64	95.8426
2733.57	95.8957
2735.5	95.8597
2737.43	95.8188
2739.36	95.8935
2741.28	95.9881
2743.21	95.9936
2745.14	95.944
2747.07	95.8658
2749	95.7774
2750.93	95.7767
2752.86	95.8828
2754.79	95.9596
2756.72	95.9369
2758.65	95.8978
2760.58	95.8784
2762.51	95.8062
2764.43	95.6904
2766.36	95.6397
2768.29	95.6444
2770.22	95.6033
2772.15	95.5645
2774.08	95.6322
2776.01	95.7109
2777.94	95.6534
2779.87	95.5256
2781.8	95.478
2783.73	95.5094
2785.65	95.5093
2787.58	95.4395
2789.51	95.3754
2791.44	95.3757
2793.37	95.4108
2795.3	95.4409
2797.23	95.4169
2799.16	95.2828
2801.09	95.15
2803.02	95.2041
2804.95	95.3351
2806.87	95.293
2808.8	95.1453
2810.73	95.077
2812.66	95.0199
2814.59	94.9016
2816.52	94.8329
2818.45	94.8099
2820.38	94.6731
2822.31	94.4236
2824.24	94.2238
2826.17	94.1421
2828.1	94.1141
2830.02	94.0535
2831.95	93.8774
2833.88	93.5396
2835.81	93.1377
2837.74	92.8649
2839.67	92.7632
2841.6	92.6779
2843.53	92.5121
2845.46	92.3032
2847.39	92.0351
2849.32	91.6496
2851.24	91.2102
2853.17	90.7812
2855.1	90.2683
2857.03	89.6235
2858.96	89.0107
2860.89	88.5496
2862.82	88.1147
2864.75	87.6006
2866.68	87.1295
2868.61	86.7725
2870.54	86.4099
2872.47	86.0824
2874.39	86.0511
2876.32	86.3547
2878.25	86.7528
2880.18	87.1118
2882.11	87.4431
2884.04	87.712
2885.97	87.9044
2887.9	88.0571
2889.83	88.1367
2891.76	88.0945
2893.69	87.9526
2895.61	87.7463
2897.54	87.5162
2899.47	87.3274
2901.4	87.2193
2903.33	87.1898
2905.26	87.2008
2907.19	87.1849
2909.12	87.1093
2911.05	86.9721
2912.98	86.7506
2914.91	86.4494
2916.83	86.1176
2918.76	85.7897
2920.69	85.4839
2922.62	85.1447
2924.55	84.6407
2926.48	84.0092
2928.41	83.4876
2930.34	83.179
2932.27	83.0059
2934.2	82.9622
2936.13	83.1283
2938.06	83.5384
2939.98	84.1105
2941.91	84.6064
2943.84	84.7997
2945.77	84.7191
2947.7	84.5169
2949.63	84.2161
2951.56	83.7826
2953.49	83.2901
2955.42	82.8688
2957.35	82.6073
2959.28	82.5924
2961.2	82.938
2963.13	83.6425
2965.06	84.5211
2966.99	85.4408
2968.92	86.4652
2970.85	87.6156
2972.78	88.7323
2974.71	89.6862
2976.64	90.4808
2978.57	91.1252
2980.5	91.6415
2982.43	92.1523
2984.35	92.7445
2986.28	93.3043
2988.21	93.689
2990.14	93.9406
2992.07	94.1344
2994	94.2665
2995.93	94.4451
2997.86	94.8039
2999.79	95.1668
3001.72	95.2806
3003.65	95.2994
3005.57	95.5224
3007.5	95.8365
3009.43	95.9401
3011.36	95.8914
3013.29	95.9263
3015.22	95.9936
3017.15	95.9458
3019.08	95.9196
3021.01	96.08
3022.94	96.286
3024.87	96.3702
3026.79	96.41
3028.72	96.4735
3030.65	96.4517
3032.58	96.3131
3034.51	96.2025
3036.44	96.1705
3038.37	96.1071
3040.3	96.024
3042.23	96.046
3044.16	96.1006
3046.09	96.0431
3048.02	95.9877
3049.94	96.0784
3051.87	96.1953
3053.8	96.2547
3055.73	96.3946
3057.66	96.619
3059.59	96.6758
3061.52	96.4434
3063.45	96.142
3065.38	96.053
3067.31	96.1512
3069.24	96.1782
3071.16	96.0528
3073.09	95.9183
3075.02	95.8455
3076.95	95.8504
3078.88	96.0157
3080.81	96.2793
3082.74	96.4397
3084.67	96.4778
3086.6	96.4438
3088.53	96.2479
3090.46	95.9677
3092.39	95.8846
3094.31	96.016
3096.24	96.1532
3098.17	96.2538
3100.1	96.3129
3102.03	96.2171
3103.96	96.0463
3105.89	96.0091
3107.82	96.0258
3109.75	95.8893
3111.68	95.6915
3113.61	95.6597
3115.53	95.7605
3117.46	95.8126
3119.39	95.8284
3121.32	95.9187
3123.25	95.9851
3125.18	95.8724
3127.11	95.7189
3129.04	95.7654
3130.97	95.9684
3132.9	96.1172
3134.83	96.1297
3136.75	96.0516
3138.68	95.9458
3140.61	95.8494
3142.54	95.7654
3144.47	95.7252
3146.4	95.7562
3148.33	95.7449
3150.26	95.5953
3152.19	95.4615
3154.12	95.4705
3156.05	95.4722
3157.98	95.3964
3159.9	95.4413
3161.83	95.6774
3163.76	95.9239
3165.69	96.0298
3167.62	95.9459
3169.55	95.7215
3171.48	95.5449
3173.41	95.5022
3175.34	95.4492
3177.27	95.3476
3179.2	95.3615
3181.12	95.48
3183.05	95.4579
3184.98	95.2206
3186.91	95.0254
3188.84	95.1101
3190.77	95.334
3192.7	95.3574
3194.63	95.1325
3196.56	94.9255
3198.49	94.8897
3200.42	94.9506
3202.35	95.0339
3204.27	95.1094
3206.2	95.1177
3208.13	95.0493
3210.06	94.9727
3211.99	94.9119
3213.92	94.8505
3215.85	94.8294
3217.78	94.8549
3219.71	94.8236
3221.64	94.7177
3223.57	94.6619
3225.49	94.6694
3227.42	94.6063
3229.35	94.4292
3231.28	94.245
3233.21	94.1741
3235.14	94.1926
3237.07	94.1264
3239	93.9645
3240.93	93.941
3242.86	94.0655
3244.79	94.0895
3246.72	94.0181
3248.64	94.0013
3250.57	93.9533
3252.5	93.8289
3254.43	93.7682
3256.36	93.7612
3258.29	93.7275
3260.22	93.7293
3262.15	93.7367
3264.08	93.6328
3266.01	93.5182
3267.94	93.5474
3269.86	93.6164
3271.79	93.5483
3273.72	93.3778
3275.65	93.2617
3277.58	93.2247
3279.51	93.1578
3281.44	93.0562
3283.37	93.0482
3285.3	93.1491
3287.23	93.2127
3289.16	93.1349
3291.08	92.9384
3293.01	92.7207
3294.94	92.5755
3296.87	92.4976
3298.8	92.4511
3300.73	92.5145
3302.66	92.6909
3304.59	92.7129
3306.52	92.4596
3308.45	92.2621
3310.38	92.3185
3312.31	92.331
3314.23	92.1857
3316.16	92.2041
3318.09	92.3905
3320.02	92.3863
3321.95	92.2139
3323.88	92.1287
3325.81	92.0525
3327.74	91.8928
3329.67	91.801
3331.6	91.7558
3333.53	91.6209
3335.45	91.5244
3337.38	91.5592
3339.31	91.5752
3341.24	91.5817
3343.17	91.7009
3345.1	91.7949
3347.03	91.7382
3348.96	91.6598
3350.89	91.5847
3352.82	91.4392
3354.75	91.3577
3356.68	91.4641
3358.6	91.6276
3360.53	91.6811
3362.46	91.5719
3364.39	91.3152
3366.32	91.0248
3368.25	90.8696
3370.18	90.9101
3372.11	91.0854
3374.04	91.317
3375.97	91.4899
3377.9	91.4546
3379.82	91.2501
3381.75	91.1215
3383.68	91.1301
3385.61	91.0964
3387.54	91.0072
3389.47	91.0058
3391.4	91.0764
3393.33	91.1414
3395.26	91.2049
3397.19	91.2412
3399.12	91.2455
3401.04	91.2904
3402.97	91.3614
3404.9	91.3862
3406.83	91.374
3408.76	91.321
3410.69	91.2017
3412.62	91.0996
3414.55	91.0854
3416.48	91.1117
3418.41	91.1774
3420.34	91.3496
3422.27	91.5852
3424.19	91.7198
3426.12	91.6255
3428.05	91.3879
3429.98	91.2995
3431.91	91.4369
3433.84	91.4611
3435.77	91.1971
3437.7	90.9929
3439.63	91.1751
3441.56	91.5909
3443.49	91.8459
3445.41	91.751
3447.34	91.5069
3449.27	91.4734
3451.2	91.67
3453.13	91.765
3455.06	91.6299
3456.99	91.5208
3458.92	91.6129
3460.85	91.7705
3462.78	91.8602
3464.71	91.881
3466.64	91.794
3468.56	91.5882
3470.49	91.4393
3472.42	91.4877
3474.35	91.5918
3476.28	91.5554
3478.21	91.4472
3480.14	91.4254
3482.07	91.4439
3484	91.4002
3485.93	91.3886
3487.86	91.5091
3489.78	91.634
3491.71	91.6302
3493.64	91.6045
3495.57	91.6799
3497.5	91.7831
3499.43	91.8539
3501.36	91.9639
3503.29	92.0639
3505.22	92.0013
3507.15	91.853
3509.08	91.782
3511	91.73
3512.93	91.5947
3514.86	91.4637
3516.79	91.4506
3518.72	91.5296
3520.65	91.5856
3522.58	91.5925
3524.51	91.7159
3526.44	92.0273
3528.37	92.2374
3530.3	92.1373
3532.23	91.9626
3534.15	91.9128
3536.08	91.8711
3538.01	91.789
3539.94	91.8111
3541.87	91.9573
3543.8	92.0755
3545.73	92.0579
3547.66	92.0063
3549.59	92.1235
3551.52	92.3986
3553.45	92.5546
3555.37	92.4551
3557.3	92.3879
3559.23	92.6086
3561.16	92.9632
3563.09	93.2156
3565.02	93.4429
3566.95	93.6614
3568.88	93.6156
3570.81	93.45
3572.74	93.5422
3574.67	93.9175
3576.6	94.3173
3578.52	94.5465
3580.45	94.6245
3582.38	94.7473
3584.31	95.0725
3586.24	95.4183
3588.17	95.5352
3590.1	95.7614
3592.03	96.3333
3593.96	96.7899
3595.89	96.8059
3597.82	96.8211
3599.74	97.0146
3601.67	96.9687
3603.6	96.776
3605.53	96.8669
3607.46	97.0783
3609.39	97.1344
3611.32	97.3396
3613.25	97.7049
3615.18	97.7391
3617.11	97.541
3619.04	97.5871
3620.97	97.7577
3622.89	97.7855
3624.82	97.867
3626.75	98.1659
3628.68	98.5693
3630.61	98.6741
3632.54	98.3051
3634.47	97.7889
3636.4	97.5237
3638.33	97.4389
3640.26	97.1936
3642.19	96.9383
3644.11	97.0239
3646.04	97.4525
3647.97	98.1904
3649.9	98.7399
3651.83	98.2784
3653.76	97.575
3655.69	97.5051
3657.62	97.8346
3659.55	97.7695
3661.48	97.4523
3663.41	97.3714
3665.33	97.5241
3667.26	97.8166
3669.19	98.2524
3671.12	98.5139
3673.05	98.5121
3674.98	98.4783
3676.91	98.1678
3678.84	97.6602
3680.77	97.5202
3682.7	97.7641
3684.63	98.0552
3686.56	98.3764
3688.48	98.9957
3690.41	99.5245
3692.34	99.276
3694.27	98.6808
3696.2	98.3695
3698.13	98.3829
3700.06	98.3841
3701.99	98.3095
3703.92	98.386
3705.85	98.5972
3707.78	98.816
3709.7	98.9534
3711.63	98.7563
3713.56	98.33
3715.49	98.1612
3717.42	98.2652
3719.35	98.4917
3721.28	98.9344
3723.21	99.5713
3725.14	99.9682
3727.07	99.9182
3729	99.7566
3730.93	99.7424
3732.85	99.8833
3734.78	99.99
3736.71	99.7077
3738.64	99.2275
3740.57	99.0321
3742.5	99.1678
3744.43	99.3104
3746.36	99.1849
3748.29	99.102
3750.22	99.2628
3752.15	99.2038
3754.07	98.5892
3756	97.9841
3757.93	97.8613
3759.86	98.0647
3761.79	98.0116
3763.72	97.7659
3765.65	97.7704
3767.58	98.0153
3769.51	98.1352
3771.44	97.9963
3773.37	97.7523
3775.29	97.6243
3777.22	97.7266
3779.15	97.9148
3781.08	97.9249
3783.01	97.7666
3784.94	97.5532
3786.87	97.3334
3788.8	97.2266
3790.73	97.3369
3792.66	97.6229
3794.59	97.9301
3796.52	98.0883
3798.44	98.1393
3800.37	98.263
3802.3	98.3799
3804.23	98.2896
3806.16	98.0414
3808.09	97.7336
3810.02	97.5547
3811.95	97.6539
3813.88	97.9128
3815.81	98.1065
3817.74	98.241
3819.66	98.4251
3821.59	98.4521
3823.52	98.2432
3825.45	98.0274
3827.38	97.848
3829.31	97.7526
3831.24	97.84
3833.17	97.9531
3835.1	97.9827
3837.03	98.1679
3838.96	98.5079
3840.89	98.5671
3842.81	98.3288
3844.74	98.0345
3846.67	97.7605
3848.6	97.6402
3850.53	97.8903
3852.46	98.4718
3854.39	98.6056
3856.32	98.1042
3858.25	97.8161
3860.18	97.8873
3862.11	98.0041
3864.03	97.9579
3865.96	97.966
3867.89	98.2245
3869.82	98.5669
3871.75	98.6446
3873.68	98.3318
3875.61	97.9581
3877.54	97.8579
3879.47	97.9892
3881.4	98.0945
3883.33	98.1058
3885.25	98.0198
3887.18	97.7608
3889.11	97.505
3891.04	97.4549
3892.97	97.5226
3894.9	97.5895
3896.83	97.6937
3898.76	97.806
3900.69	97.8937
3902.62	98.0817
3904.55	98.2483
3906.48	98.0558
3908.4	97.6309
3910.33	97.3512
3912.26	97.3383
3914.19	97.4384
3916.12	97.5133
3918.05	97.5746
3919.98	97.6291
3921.91	97.6523
3923.84	97.6453
3925.77	97.5819
3927.7	97.5178
3929.62	97.6155
3931.55	97.7981
3933.48	97.7308
3935.41	97.4511
3937.34	97.3085
3939.27	97.3561
3941.2	97.4617
3943.13	97.6182
3945.06	97.7656
3946.99	97.7134
3948.92	97.4659
3950.85	97.2491
3952.77	97.1801
3954.7	97.191
3956.63	97.2251
3958.56	97.2699
3960.49	97.319
3962.42	97.3842
3964.35	97.429
3966.28	97.368
3968.21	97.247
3970.14	97.2046
3972.07	97.2062
3973.99	97.1481
3975.92	97.1272
3977.85	97.2214
3979.78	97.2892
3981.71	97.2425
3983.64	97.159
3985.57	97.1059
3987.5	97.1128
3989.43	97.162
3991.36	97.1573
3993.29	97.1042
3995.22	97.1405
3997.14	97.2621
