499.643	78.3911
501.572	78.777
503.501	78.351
505.43	78.3454
507.36	78.7341
509.289	79.0565
511.218	79.3009
513.147	79.6496
515.076	79.9953
517.005	79.9626
518.934	79.6713
520.863	79.8566
522.792	80.5034
524.722	80.744
526.651	80.3807
528.58	80.1638
530.509	80.2148
532.438	80.0602
534.367	79.7427
536.296	79.6274
538.225	79.85
540.155	80.3545
542.084	80.7546
544.013	80.5582
545.942	79.9939
547.871	79.7789
549.8	80.0089
551.729	80.1553
553.658	79.9826
555.588	79.8523
557.517	80.115
559.446	80.5021
561.375	80.5342
563.304	80.3082
565.233	80.166
567.162	80.0483
569.091	79.9469
571.021	80.1911
572.95	80.6963
574.879	80.931
576.808	80.857
578.737	80.9426
580.666	81.1855
582.595	81.1169
584.524	80.7101
586.454	80.4636
588.383	80.5962
590.312	80.7926
592.241	80.7527
594.17	80.6048
596.099	80.6025
598.028	80.7172
599.957	80.7446
601.887	80.5721
603.816	80.2404
605.745	79.9224
607.674	79.8373
609.603	80.0061
611.532	80.2436
613.461	80.4148
615.39	80.4185
617.32	80.1979
619.249	80.056
621.178	80.2952
623.107	80.6305
625.036	80.7411
626.965	80.8674
628.894	81.1932
630.823	81.4182
632.753	81.4438
634.682	81.5942
636.611	81.9328
638.54	82.2373
640.469	82.5867
642.398	83.1353
644.327	83.6507
646.256	83.9475
648.186	84.1997
650.115	84.4837
652.044	84.6816
653.973	84.7622
655.902	84.7105
657.831	84.5427
659.76	84.2946
661.689	83.8975
663.619	83.5821
665.548	84.0083
667.477	85.6207
669.406	86.6621
671.335	86.029
673.264	85.5769
675.193	85.7617
677.122	86.0248
679.052	86.1734
680.981	86.4651
682.91	86.7474
684.839	86.7801
686.768	86.7232
688.697	86.7465
690.626	86.8155
692.555	86.8413
694.485	86.7561
696.414	86.6043
698.343	86.5312
700.272	86.5451
702.201	86.5123
704.13	86.4093
706.059	86.3106
707.988	86.2319
709.917	86.1922
711.847	86.2198
713.776	86.2426
715.705	86.2457
717.634	86.35
719.563	86.4532
721.492	86.213
723.421	85.6494
725.35	85.1425
727.28	84.812
729.209	84.448
731.138	83.9153
733.067	83.2892
734.996	82.6952
736.925	82.2312
738.854	81.9584
740.783	81.8675
742.713	81.8926
744.642	81.9659
746.571	82.0288
748.5	82.058
750.429	82.1159
752.358	82.2733
754.287	82.4881
756.216	82.6783
758.146	82.855
760.075	83.0784
762.004	83.3499
763.933	83.6133
765.862	83.8349
767.791	84.0358
769.72	84.2141
771.649	84.3163
773.579	84.3609
775.508	84.4466
777.437	84.5721
779.366	84.6426
781.295	84.6426
783.224	84.5984
785.153	84.472
787.082	84.2342
789.012	83.895
790.941	83.4407
792.87	82.8494
794.799	82.0461
796.728	80.7775
798.657	78.6592
800.586	75.3311
802.515	70.7188
804.445	65.586
806.374	61.664
808.303	60.5724
810.232	62.5868
812.161	66.7271
814.09	71.6887
816.019	76.33
817.948	79.813
819.878	81.8933
821.807	82.9023
823.736	83.2974
825.665	83.3698
827.594	83.2676
829.523	83.0743
831.452	82.8291
833.381	82.5066
835.311	82.0479
837.24	81.4494
839.169	80.7427
841.098	79.9358
843.027	79.1303
844.956	78.596
846.885	78.5359
848.814	78.8793
850.744	79.4306
852.673	80.0718
854.602	80.7085
856.531	81.2024
858.46	81.4912
860.389	81.6414
862.318	81.7266
864.247	81.775
866.177	81.8158
868.106	81.8554
870.035	81.8532
871.964	81.7899
873.893	81.7058
875.822	81.6363
877.751	81.5762
879.68	81.5219
881.609	81.4801
883.539	81.4167
885.468	81.2735
887.397	81.0551
889.326	80.8117
891.255	80.5487
893.184	80.2546
895.113	79.9625
897.042	79.7029
898.972	79.4866
900.901	79.3594
902.83	79.3588
904.759	79.4377
906.688	79.5087
908.617	79.5129
910.546	79.4237
912.475	79.2502
914.405	79.0332
916.334	78.7995
918.263	78.5424
920.192	78.2465
922.121	77.921
924.05	77.607
925.979	77.3303
927.908	77.0634
929.838	76.7752
931.767	76.4603
933.696	76.0787
935.625	75.5759
937.554	74.9852
939.483	74.3789
941.412	73.7293
943.341	72.9296
945.271	71.921
947.2	70.7459
949.129	69.534
951.058	68.4378
952.987	67.4979
954.916	66.5489
956.845	65.3183
958.774	63.6846
960.704	61.8303
962.633	60.0823
964.562	58.6371
966.491	57.5094
968.42	56.652
970.349	55.9874
972.278	55.3755
974.207	54.666
976.137	53.7887
978.066	52.8054
979.995	51.9148
981.924	51.3645
983.853	51.3046
985.782	51.7282
987.711	52.5372
989.64	53.615
991.57	54.8424
993.499	56.0801
995.428	57.1572
997.357	57.9181
999.286	58.3183
1001.22	58.4316
1003.14	58.3385
1005.07	58.0963
1007	57.8354
1008.93	57.7293
1010.86	57.8072
1012.79	57.9294
1014.72	57.9579
1016.65	57.825
1018.58	57.4756
1020.51	56.8714
1022.44	56.0433
1024.36	55.1217
1026.29	54.3495
1028.22	53.9586
1030.15	53.9242
1032.08	53.9337
1034.01	53.6778
1035.94	53.0886
1037.87	52.2836
1039.8	51.402
1041.73	50.5329
1043.66	49.7146
1045.58	48.9416
1047.51	48.1679
1049.44	47.3221
1051.37	46.3594
1053.3	45.347
1055.23	44.5036
1057.16	44.1027
1059.09	44.2961
1061.02	45.0372
1062.95	46.1691
1064.88	47.5547
1066.81	49.1498
1068.73	51.0113
1070.66	53.2059
1072.59	55.6866
1074.52	58.2988
1076.45	60.8886
1078.38	63.3317
1080.31	65.5023
1082.24	67.2962
1084.17	68.6499
1086.1	69.5153
1088.03	69.8832
1089.95	69.8207
1091.88	69.4134
1093.81	68.707
1095.74	67.7619
1097.67	66.6907
1099.6	65.5924
1101.53	64.5275
1103.46	63.545
1105.39	62.6509
1107.32	61.8131
1109.25	61.0753
1111.18	60.5633
1113.1	60.3381
1115.03	60.3532
1116.96	60.5407
1118.89	60.8336
1120.82	61.1269
1122.75	61.2981
1124.68	61.2489
1126.61	60.8827
1128.54	60.0639
1130.47	58.6554
1132.4	56.6075
1134.32	53.9948
1136.25	51.0035
1138.18	47.894
1140.11	44.9236
1142.04	42.2847
1143.97	40.1025
1145.9	38.422
1147.83	37.2083
1149.76	36.4013
1151.69	35.9372
1153.62	35.7298
1155.55	35.709
1157.47	35.8559
1159.4	36.1588
1161.33	36.5833
1163.26	37.0941
1165.19	37.6629
1167.12	38.2636
1169.05	38.8825
1170.98	39.5159
1172.91	40.1577
1174.84	40.8105
1176.77	41.4936
1178.69	42.2188
1180.62	42.9796
1182.55	43.7784
1184.48	44.6272
1186.41	45.5201
1188.34	46.4481
1190.27	47.4253
1192.2	48.4637
1194.13	49.5545
1196.06	50.6948
1197.99	51.8976
1199.91	53.1622
1201.84	54.4635
1203.77	55.7817
1205.7	57.113
1207.63	58.4339
1209.56	59.7109
1211.49	60.9777
1213.42	62.3039
1215.35	63.6263
1217.28	64.7338
1219.21	65.5143
1221.14	66.1018
1223.06	66.6679
1224.99	67.1975
1226.92	67.5581
1228.85	67.6702
1230.78	67.5354
1232.71	67.1851
1234.64	66.6593
1236.57	66.0018
1238.5	65.2567
1240.43	64.4469
1242.36	63.5743
1244.28	62.6748
1246.21	61.8176
1248.14	61.0375
1250.07	60.3502
1252	59.8
1253.93	59.4093
1255.86	59.1675
1257.79	59.0965
1259.72	59.2142
1261.65	59.4806
1263.58	59.8739
1265.51	60.4222
1267.43	61.1339
1269.36	61.9938
1271.29	62.9799
1273.22	64.0389
1275.15	65.1147
1277.08	66.1956
1279.01	67.2927
1280.94	68.3871
1282.87	69.4022
1284.8	70.239
1286.73	70.8231
1288.65	71.096
1290.58	71.0603
1292.51	70.8975
1294.44	70.9467
1296.37	71.5164
1298.3	72.7133
1300.23	74.4048
1302.16	76.3066
1304.09	78.1318
1306.02	79.7064
1307.95	80.9979
1309.87	82.0496
1311.8	82.8745
1313.73	83.462
1315.66	83.8743
1317.59	84.1839
1319.52	84.3659
1321.45	84.4089
1323.38	84.4064
1325.31	84.4249
1327.24	84.4494
1329.17	84.478
1331.1	84.5489
1333.02	84.6763
1334.95	84.8493
1336.88	85.076
1338.81	85.3359
1340.74	85.5292
1342.67	85.626
1344.6	85.7258
1346.53	85.8854
1348.46	86.0474
1350.39	86.1546
1352.32	86.2245
1354.24	86.2408
1356.17	86.1484
1358.1	86.0333
1360.03	86.0411
1361.96	86.1029
1363.89	86.0233
1365.82	85.8244
1367.75	85.5926
1369.68	85.346
1371.61	85.1338
1373.54	84.8219
1375.47	84.1686
1377.39	83.3946
1379.32	82.8231
1381.25	82.4063
1383.18	82.0612
1385.11	81.7168
1387.04	81.1035
1388.97	80.211
1390.9	79.4051
1392.83	78.6957
1394.76	77.8875
1396.69	76.8103
1398.61	75.2161
1400.54	73.1493
1402.47	70.8842
1404.4	68.6106
1406.33	67.0821
1408.26	67.1404
1410.19	68.7798
1412.12	71.6138
1414.05	74.7517
1415.98	77.7176
1417.91	80.837
1419.83	83.5663
1421.76	85.1511
1423.69	86.1326
1425.62	86.8832
1427.55	87.3665
1429.48	87.5282
1431.41	87.3544
1433.34	87.0803
1435.27	86.8829
1437.2	86.5337
1439.13	85.8816
1441.06	85.117
1442.98	84.3017
1444.91	83.4941
1446.84	82.7632
1448.77	82.0622
1450.7	81.4976
1452.63	81.2909
1454.56	81.5104
1456.49	81.9387
1458.42	81.7121
1460.35	81.0116
1462.28	80.5735
1464.2	80.3453
1466.13	80.1564
1468.06	80.2471
1469.99	80.9293
1471.92	82.2085
1473.85	83.4464
1475.78	84.3294
1477.71	85.4132
1479.64	86.7875
1481.57	88.2186
1483.5	89.5707
1485.43	90.8449
1487.35	92.1234
1489.28	93.227
1491.21	93.7143
1493.14	93.901
1495.07	94.2675
1497	94.7473
1498.93	94.9583
1500.86	94.9654
1502.79	95.1278
1504.72	95.6903
1506.65	96.5014
1508.57	96.3999
1510.5	95.7199
1512.43	95.4313
1514.36	95.6446
1516.29	96.0898
1518.22	96.4749
1520.15	96.7683
1522.08	96.9138
1524.01	96.8385
1525.94	96.5822
1527.87	96.2892
1529.8	96.2115
1531.72	96.4082
1533.65	96.5929
1535.58	96.5958
1537.51	96.8106
1539.44	97.4864
1541.37	97.8257
1543.3	97.2474
1545.23	96.6606
1547.16	96.4059
1549.09	96.4235
1551.02	96.5425
1552.94	96.625
1554.87	96.8098
1556.8	97.2883
1558.73	97.5784
1560.66	97.0085
1562.59	96.4589
1564.52	96.236
1566.45	96.2266
1568.38	96.3131
1570.31	96.2664
1572.24	96.1419
1574.16	96.1938
1576.09	96.2947
1578.02	96.075
1579.95	95.7486
1581.88	95.5759
1583.81	95.4874
1585.74	95.392
1587.67	95.3037
1589.6	95.2598
1591.53	95.2699
1593.46	95.2839
1595.39	95.209
1597.31	95.0177
1599.24	94.7992
1601.17	94.6215
1603.1	94.4046
1605.03	94.0785
1606.96	93.6914
1608.89	93.1243
1610.82	92.2604
1612.75	91.4226
1614.68	90.823
1616.61	90.2673
1618.53	89.7948
1620.46	89.7794
1622.39	90.1904
1624.32	90.5374
1626.25	90.4419
1628.18	89.9234
1630.11	89.0752
1632.04	88.3097
1633.97	88.1457
1635.9	88.8012
1637.83	89.7453
1639.76	90.6759
1641.68	91.7199
1643.61	92.782
1645.54	93.7691
1647.47	94.3411
1649.4	94.405
1651.33	94.5787
1653.26	94.9089
1655.19	94.5024
1657.12	93.8964
1659.05	93.6593
1660.98	93.6365
1662.9	93.4656
1664.83	93.1514
1666.76	93.0617
1668.69	93.1752
1670.62	92.9651
1672.55	92.4587
1674.48	91.9947
1676.41	91.3034
1678.34	90.4853
1680.27	89.9751
1682.2	89.5513
1684.12	88.6786
1686.05	87.4478
1687.98	86.0658
1689.91	84.5035
1691.84	82.9111
1693.77	81.1871
1695.7	79.247
1697.63	77.1117
1699.56	73.9914
1701.49	69.9902
1703.42	66.4466
1705.35	62.9431
1707.27	58.8913
1709.2	55.2492
1711.13	52.4896
1713.06	50.1847
1714.99	48.3479
1716.92	46.6246
1718.85	44.4622
1720.78	42.9476
1722.71	42.4715
1724.64	42.5749
1726.57	43.3248
1728.49	44.7529
1730.42	46.5095
1732.35	48.8678
1734.28	51.9618
1736.21	54.6184
1738.14	56.9709
1740.07	59.919
1742	63.2578
1743.93	66.3923
1745.86	69.5441
1747.79	72.9974
1749.72	76.62
1751.64	79.9836
1753.57	82.8482
1755.5	85.4897
1757.43	88.1198
1759.36	90.3855
1761.29	92.0047
1763.22	93.1625
1765.15	93.9311
1767.08	94.4062
1769.01	94.9469
1770.94	95.59
1772.86	95.903
1774.79	95.8842
1776.72	95.862
1778.65	95.8965
1780.58	95.9435
1782.51	95.9442
1784.44	95.9203
1786.37	95.9943
1788.3	96.1918
1790.23	96.4762
1792.16	96.7362
1794.08	96.7125
1796.01	96.5471
1797.94	96.5692
1799.87	96.7206
1801.8	96.7633
1803.73	96.7378
1805.66	96.7707
1807.59	96.8664
1809.52	96.9428
1811.45	96.8462
1813.38	96.6596
1815.31	96.6614
1817.23	96.849
1819.16	97.0309
1821.09	97.1708
1823.02	97.2357
1824.95	97.1985
1826.88	97.2809
1828.81	97.5273
1830.74	97.5864
1832.67	97.411
1834.6	97.3427
1836.53	97.4405
1838.45	97.51
1840.38	97.5183
1842.31	97.6113
1844.24	97.7704
1846.17	97.7896
1848.1	97.713
1850.03	97.7047
1851.96	97.729
1853.89	97.705
1855.82	97.6797
1857.75	97.6911
1859.68	97.6758
1861.6	97.6146
1863.53	97.6562
1865.46	97.9553
1867.39	98.3802
1869.32	98.5157
1871.25	98.2855
1873.18	98.0428
1875.11	97.9253
1877.04	97.9064
1878.97	97.9856
1880.9	98.1199
1882.82	98.2304
1884.75	98.3088
1886.68	98.4115
1888.61	98.549
1890.54	98.6215
1892.47	98.556
1894.4	98.4656
1896.33	98.5119
1898.26	98.6763
1900.19	98.7785
1902.12	98.7138
1904.05	98.5643
1905.97	98.4908
1907.9	98.5627
1909.83	98.719
1911.76	98.7945
1913.69	98.714
1915.62	98.6782
1917.55	98.9103
1919.48	99.2489
1921.41	99.4015
1923.34	99.3652
1925.27	99.236
1927.19	99.1094
1929.12	99.0881
1931.05	99.1091
1932.98	99.056
1934.91	99.0163
1936.84	99.0877
1938.77	99.2254
1940.7	99.4092
1942.63	99.5824
1944.56	99.6089
1946.49	99.515
1948.41	99.4148
1950.34	99.3746
1952.27	99.4889
1954.2	99.7555
1956.13	100.022
1958.06	100.205
1959.99	100.275
1961.92	100.199
1963.85	100.176
1965.78	100.421
1967.71	100.718
1969.64	100.753
1971.56	100.638
1973.49	100.541
1975.42	100.393
1977.35	100.262
1979.28	100.338
1981.21	100.482
1983.14	100.458
1985.07	100.412
1987	100.521
1988.93	100.526
1990.86	100.206
1992.78	99.8549
1994.71	99.8216
1996.64	100.028
1998.57	100.252
2000.5	100.402
2002.43	100.472
2004.36	100.482
2006.29	100.42
2008.22	100.262
2010.15	100.112
2012.08	100.13
2014.01	100.256
2015.93	100.344
2017.86	100.438
2019.79	100.561
2021.72	100.558
2023.65	100.464
2025.58	100.485
2027.51	100.559
2029.44	100.529
2031.37	100.477
2033.3	100.419
2035.23	100.267
2037.15	100.205
2039.08	100.37
2041.01	100.485
2042.94	100.371
2044.87	100.26
2046.8	100.312
2048.73	100.387
2050.66	100.312
2052.59	100.06
2054.52	99.7748
2056.45	99.6331
2058.37	99.6012
2060.3	99.5558
2062.23	99.5612
2064.16	99.6958
2066.09	99.8201
2068.02	99.8362
2069.95	99.8533
2071.88	99.8943
2073.81	99.8148
2075.74	99.5767
2077.67	99.3198
2079.6	99.2236
2081.52	99.384
2083.45	99.6509
2085.38	99.696
2087.31	99.4432
2089.24	99.1973
2091.17	99.2044
2093.1	99.3749
2095.03	99.5152
2096.96	99.564
2098.89	99.5368
2100.82	99.4725
2102.74	99.4945
2104.67	99.6946
2106.6	99.9106
2108.53	99.883
2110.46	99.6531
2112.39	99.5083
2114.32	99.5477
2116.25	99.5708
2118.18	99.4278
2120.11	99.2698
2122.04	99.281
2123.97	99.3629
2125.89	99.3953
2127.82	99.5122
2129.75	99.7532
2131.68	99.9285
2133.61	100.063
2135.54	100.305
2137.47	100.452
2139.4	100.298
2141.33	100.099
2143.26	100.132
2145.19	100.278
2147.11	100.338
2149.04	100.318
2150.97	100.305
2152.9	100.295
2154.83	100.238
2156.76	100.23
2158.69	100.447
2160.62	100.804
2162.55	100.964
2164.48	100.78
2166.41	100.453
2168.33	100.238
2170.26	100.174
2172.19	100.133
2174.12	100.056
2176.05	100.062
2177.98	100.302
2179.91	100.664
2181.84	100.772
2183.77	100.501
2185.7	100.232
2187.63	100.251
2189.56	100.287
2191.48	100.032
2193.41	99.6865
2195.34	99.6381
2197.27	99.9402
2199.2	100.345
2201.13	100.587
2203.06	100.517
2204.99	100.224
2206.92	100.043
2208.85	100.1
2210.78	100.076
2212.7	99.8223
2214.63	99.6557
2216.56	99.7272
2218.49	99.8553
2220.42	100.008
2222.35	100.19
2224.28	100.193
2226.21	99.9968
2228.14	99.863
2230.07	99.8726
2232	99.9106
2233.93	99.9409
2235.85	99.9359
2237.78	99.8346
2239.71	99.7026
2241.64	99.6745
2243.57	99.7372
2245.5	99.7595
2247.43	99.7183
2249.36	99.7115
2251.29	99.7368
2253.22	99.7028
2255.15	99.6602
2257.07	99.7317
2259	99.886
2260.93	100.021
2262.86	100.094
2264.79	100.074
2266.72	100.001
2268.65	100.009
2270.58	100.128
2272.51	100.251
2274.44	100.317
2276.37	100.322
2278.29	100.218
2280.22	100.022
2282.15	99.8739
2284.08	99.8675
2286.01	99.9414
2287.94	100.022
2289.87	100.169
2291.8	100.495
2293.73	100.97
2295.66	101.423
2297.59	101.794
2299.52	102.161
2301.44	102.54
2303.37	102.921
2305.3	103.447
2307.23	104.232
2309.16	105.104
2311.09	105.826
2313.02	106.441
2314.95	107.158
2316.88	108.082
2318.81	109.175
2320.74	110.353
2322.66	111.561
2324.59	112.727
2326.52	113.778
2328.45	114.714
2330.38	115.464
2332.31	115.847
2334.24	116.039
2336.17	116.414
2338.1	116.952
2340.03	117.579
2341.96	118.14
2343.89	117.276
2345.81	114.573
2347.74	112.603
2349.67	112.783
2351.6	114.797
2353.53	117.885
2355.46	121.108
2357.39	123.883
2359.32	125.46
2361.25	125.209
2363.18	123.892
2365.11	122.025
2367.03	119.502
2368.96	116.649
2370.89	113.774
2372.82	110.911
2374.75	108.197
2376.68	105.847
2378.61	103.935
2380.54	102.354
2382.47	100.946
2384.4	99.7005
2386.33	98.7865
2388.26	98.3355
2390.18	98.1896
2392.11	98.069
2394.04	97.9607
2395.97	98.0173
2397.9	98.1649
2399.83	98.1862
2401.76	98.0763
2403.69	98.0117
2405.62	98.0517
2407.55	98.0834
2409.48	98.0537
2411.4	98.0608
2413.33	98.1379
2415.26	98.1826
2417.19	98.1617
2419.12	98.1177
2421.05	98.053
2422.98	98.0196
2424.91	98.0836
2426.84	98.1665
2428.77	98.2078
2430.7	98.265
2432.62	98.3018
2434.55	98.2588
2436.48	98.2391
2438.41	98.274
2440.34	98.2291
2442.27	98.1076
2444.2	98.068
2446.13	98.1607
2448.06	98.255
2449.99	98.1644
2451.92	97.9171
2453.85	97.8276
2455.77	98.0335
2457.7	98.2446
2459.63	98.2288
2461.56	98.1132
2463.49	98.0376
2465.42	97.9674
2467.35	97.8977
2469.28	97.9099
2471.21	98.0143
2473.14	98.0997
2475.07	98.0882
2476.99	98.0529
2478.92	98.0579
2480.85	98.0302
2482.78	97.9592
2484.71	97.9678
2486.64	98.0617
2488.57	98.1401
2490.5	98.2091
2492.43	98.2568
2494.36	98.1823
2496.29	98.0959
2498.22	98.2181
2500.14	98.4025
2502.07	98.3632
2504	98.2377
2505.93	98.2682
2507.86	98.2924
2509.79	98.1495
2511.72	98.0704
2513.65	98.1999
2515.58	98.319
2517.51	98.3134
2519.44	98.3566
2521.36	98.4843
2523.29	98.461
2525.22	98.1882
2527.15	97.922
2529.08	97.9193
2531.01	98.069
2532.94	98.0961
2534.87	98.0032
2536.8	98.0066
2538.73	98.1236
2540.66	98.1701
2542.58	98.0966
2544.51	98.0146
2546.44	97.9858
2548.37	98.0063
2550.3	98.0464
2552.23	98.0283
2554.16	97.9357
2556.09	97.8673
2558.02	97.8736
2559.95	97.922
2561.88	97.9868
2563.81	98.0107
2565.73	97.9732
2567.66	97.9819
2569.59	98.0277
2571.52	97.9379
2573.45	97.7772
2575.38	97.7844
2577.31	97.8948
2579.24	97.8859
2581.17	97.7986
2583.1	97.7667
2585.03	97.7604
2586.95	97.7255
2588.88	97.6842
2590.81	97.6782
2592.74	97.7442
2594.67	97.8358
2596.6	97.8196
2598.53	97.6865
2600.46	97.5913
2602.39	97.5902
2604.32	97.581
2606.25	97.5299
2608.18	97.4963
2610.1	97.4521
2612.03	97.3228
2613.96	97.1641
2615.89	97.0946
2617.82	97.1245
2619.75	97.1817
2621.68	97.2094
2623.61	97.1713
2625.54	97.0643
2627.47	96.9522
2629.4	96.91
2631.32	96.9441
2633.25	96.9945
2635.18	96.9844
2637.11	96.8924
2639.04	96.7967
2640.97	96.7754
2642.9	96.7888
2644.83	96.78
2646.76	96.7924
2648.69	96.8349
2650.62	96.802
2652.54	96.6749
2654.47	96.584
2656.4	96.5834
2658.33	96.5827
2660.26	96.5242
2662.19	96.4528
2664.12	96.4314
2666.05	96.4692
2667.98	96.5023
2669.91	96.4659
2671.84	96.4003
2673.77	96.3973
2675.69	96.4604
2677.62	96.5199
2679.55	96.5431
2681.48	96.5358
2683.41	96.4969
2685.34	96.4427
2687.27	96.411
2689.2	96.4041
2691.13	96.3936
2693.06	96.374
2694.99	96.3454
2696.91	96.3025
2698.84	96.2778
2700.77	96.2944
2702.7	96.3036
2704.63	96.2779
2706.56	96.2524
2708.49	96.2286
2710.42	96.2067
2712.35	96.2357
2714.28	96.275
2716.21	96.2168
2718.14	96.1062
2720.06	96.0554
2721.99	96.0374
2723.92	96.005
2725.85	95.9861
2727.78	95.9602
2729.71	95.9117
2731.64	95.9074
2733.57	95.9298
2735.5	95.8847
2737.43	95.8175
2739.36	95.8363
2741.28	95.9175
2743.21	95.9737
2745.14	95.9627
2747.07	95.9013
2749	95.8699
2750.93	95.9126
2752.86	95.9609
2754.79	95.9663
2756.72	95.9634
2758.65	95.953
2760.58	95.8958
2762.51	95.799
2764.43	95.7187
2766.36	95.7018
2768.29	95.7043
2770.22	95.6408
2772.15	95.5725
2774.08	95.6154
2776.01	95.6739
2777.94	95.6052
2779.87	95.4994
2781.8	95.471
2783.73	95.449
2785.65	95.379
2787.58	95.3275
2789.51	95.3243
2791.44	95.3402
2793.37	95.3827
2795.3	95.464
2797.23	95.5036
2799.16	95.404
2801.09	95.2473
2803.02	95.2156
2804.95	95.2727
2806.87	95.2273
2808.8	95.099
2810.73	95.0584
2812.66	95.1042
2814.59	95.1041
2816.52	95.0013
2818.45	94.8309
2820.38	94.6627
2822.31	94.5293
2824.24	94.3738
2826.17	94.1716
2828.1	94.021
2830.02	93.9596
2831.95	93.8443
2833.88	93.5658
2835.81	93.2317
2837.74	93.0133
2839.67	92.9136
2841.6	92.7702
2843.53	92.4589
2845.46	92.0584
2847.39	91.7371
2849.32	91.4772
2851.24	91.1016
2853.17	90.5953
2855.1	90.099
2857.03	89.6207
2858.96	89.0895
2860.89	88.5465
2862.82	88.0281
2864.75	87.4982
2866.68	86.9984
2868.61	86.587
2870.54	86.2349
2872.47	86.0007
2874.39	86.0435
2876.32	86.3518
2878.25	86.7416
2880.18	87.0921
2882.11	87.3805
2884.04	87.6122
2885.97	87.8079
2887.9	87.9545
2889.83	88.0168
2891.76	88.0017
2893.69	87.8995
2895.61	87.683
2897.54	87.4392
2899.47	87.2985
2901.4	87.2465
2903.33	87.1936
2905.26	87.1322
2907.19	87.1018
2909.12	87.094
2911.05	87.031
2912.98	86.8222
2914.91	86.4908
2916.83	86.1696
2918.76	85.895
2920.69	85.5374
2922.62	85.0171
2924.55	84.4473
2926.48	83.973
2928.41	83.5896
2930.34	83.2494
2932.27	83.0287
2934.2	83.0262
2936.13	83.2192
2938.06	83.5447
2939.98	83.9567
2941.91	84.3669
2943.84	84.6803
2945.77	84.7955
2947.7	84.5663
2949.63	84.0309
2951.56	83.5211
2953.49	83.2152
2955.42	82.939
2957.35	82.6489
2959.28	82.6158
2961.2	82.9636
2963.13	83.5562
2965.06	84.355
2966.99	85.4074
2968.92	86.5786
2970.85	87.6723
2972.78	88.6593
2974.71	89.5547
2976.64	90.3111
2978.57	90.9529
2980.5	91.5498
2982.43	92.0868
2984.35	92.5877
2986.28	93.1498
2988.21	93.6996
2990.14	94.0464
2992.07	94.1967
2994	94.2945
2995.93	94.4237
2997.86	94.6695
2999.79	95.0351
3001.72	95.2986
3003.65	95.3573
3005.57	95.4485
3007.5	95.6464
3009.43	95.6908
3011.36	95.5889
3013.29	95.6437
3015.22	95.8219
3017.15	95.8886
3019.08	95.9543
3021.01	96.1492
3022.94	96.2556
3024.87	96.2034
3026.79	96.2355
3028.72	96.3609
3030.65	96.3726
3032.58	96.3032
3034.51	96.2902
3036.44	96.2828
3038.37	96.2229
3040.3	96.1688
3042.23	96.1106
3044.16	95.9755
3046.09	95.8148
3048.02	95.7858
3049.94	95.9639
3051.87	96.2304
3053.8	96.3847
3055.73	96.39
3057.66	96.3776
3059.59	96.3658
3061.52	96.2394
3063.45	96.0745
3065.38	96.1236
3067.31	96.4
3069.24	96.6037
3071.16	96.5333
3073.09	96.3194
3075.02	96.2034
3076.95	96.2457
3078.88	96.3327
3080.81	96.3733
3082.74	96.3697
3084.67	96.3461
3086.6	96.3197
3088.53	96.2798
3090.46	96.172
3092.39	96.0284
3094.31	96.0266
3096.24	96.2345
3098.17	96.4422
3100.1	96.4205
3102.03	96.1664
3103.96	95.8757
3105.89	95.7758
3107.82	95.8745
3109.75	95.9406
3111.68	95.8888
3113.61	95.8887
3115.53	95.9368
3117.46	95.8661
3119.39	95.8003
3121.32	95.891
3123.25	95.8618
3125.18	95.5677
3127.11	95.4401
3129.04	95.7093
3130.97	96.0153
3132.9	96.127
3134.83	96.15
3136.75	96.0686
3138.68	95.8649
3140.61	95.731
3142.54	95.7365
3144.47	95.7624
3146.4	95.759
3148.33	95.6818
3150.26	95.5074
3152.19	95.4061
3154.12	95.4554
3156.05	95.4458
3157.98	95.294
3159.9	95.2131
3161.83	95.3646
3163.76	95.6684
3165.69	95.8481
3167.62	95.6882
3169.55	95.3991
3171.48	95.3464
3173.41	95.4437
3175.34	95.3975
3177.27	95.2865
3179.2	95.3314
3181.12	95.4559
3183.05	95.4328
3184.98	95.1959
3186.91	94.94
3188.84	94.9328
3190.77	95.1277
3192.7	95.211
3194.63	95.1172
3196.56	95.0437
3198.49	95.0094
3200.42	94.9324
3202.35	94.9249
3204.27	95.0436
3206.2	95.0694
3208.13	94.878
3210.06	94.6877
3211.99	94.6961
3213.92	94.7951
3215.85	94.8209
3217.78	94.7945
3219.71	94.7952
3221.64	94.8032
3223.57	94.748
3225.49	94.6259
3227.42	94.513
3229.35	94.4386
3231.28	94.3634
3233.21	94.3341
3235.14	94.3941
3237.07	94.3729
3239	94.1533
3240.93	93.9414
3242.86	93.8887
3244.79	93.8719
3246.72	93.8382
3248.64	93.8722
3250.57	93.9515
3252.5	94.0046
3254.43	94.0009
3256.36	93.8941
3258.29	93.7264
3260.22	93.6352
3262.15	93.6079
3264.08	93.5137
3266.01	93.3812
3267.94	93.3608
3269.86	93.4537
3271.79	93.4871
3273.72	93.3615
3275.65	93.1844
3277.58	93.0819
3279.51	93.0247
3281.44	92.9649
3283.37	92.941
3285.3	92.9474
3287.23	92.9114
3289.16	92.8275
3291.08	92.752
3293.01	92.6975
3294.94	92.6207
3296.87	92.4967
3298.8	92.3979
3300.73	92.428
3302.66	92.5134
3304.59	92.4495
3306.52	92.2434
3308.45	92.1236
3310.38	92.1451
3312.31	92.1396
3314.23	92.0813
3316.16	92.0949
3318.09	92.1378
3320.02	92.0776
3321.95	91.9627
3323.88	91.8852
3325.81	91.8082
3327.74	91.7472
3329.67	91.7807
3331.6	91.8169
3333.53	91.7318
3335.45	91.6303
3337.38	91.6196
3339.31	91.5928
3341.24	91.5056
3343.17	91.4989
3345.1	91.5992
3347.03	91.6639
3348.96	91.6645
3350.89	91.681
3352.82	91.6868
3354.75	91.6149
3356.68	91.5365
3358.6	91.5537
3360.53	91.6046
3362.46	91.5496
3364.39	91.3481
3366.32	91.0589
3368.25	90.8162
3370.18	90.7983
3372.11	91.05
3374.04	91.4192
3375.97	91.692
3377.9	91.6816
3379.82	91.388
3381.75	91.0973
3383.68	91.0282
3385.61	91.0767
3387.54	91.1108
3389.47	91.1248
3391.4	91.1099
3393.33	91.1252
3395.26	91.2323
3397.19	91.2855
3399.12	91.1883
3401.04	91.1164
3402.97	91.1886
3404.9	91.3163
3406.83	91.4294
3408.76	91.4916
3410.69	91.4358
3412.62	91.2814
3414.55	91.1296
3416.48	91.0642
3418.41	91.138
3420.34	91.3122
3422.27	91.4661
3424.19	91.5535
3426.12	91.5511
3428.05	91.4156
3429.98	91.2829
3431.91	91.2912
3433.84	91.2323
3435.77	90.9644
3437.7	90.8653
3439.63	91.2308
3441.56	91.708
3443.49	91.8457
3445.41	91.7012
3447.34	91.5298
3449.27	91.4173
3451.2	91.4093
3453.13	91.5221
3455.06	91.6121
3456.99	91.5971
3458.92	91.6471
3460.85	91.8816
3462.78	92.1192
3464.71	92.0864
3466.64	91.7616
3468.56	91.4441
3470.49	91.4091
3472.42	91.5575
3474.35	91.6538
3476.28	91.6993
3478.21	91.7538
3480.14	91.7402
3482.07	91.6369
3484	91.4955
3485.93	91.3378
3487.86	91.3013
3489.78	91.5111
3491.71	91.7442
3493.64	91.7349
3495.57	91.5769
3497.5	91.4718
3499.43	91.4724
3501.36	91.5734
3503.29	91.6729
3505.22	91.6269
3507.15	91.5239
3509.08	91.4829
3511	91.4073
3512.93	91.2885
3514.86	91.2903
3516.79	91.4014
3518.72	91.4892
3520.65	91.5826
3522.58	91.7838
3524.51	92.0684
3526.44	92.2689
3528.37	92.2266
3530.3	92.0585
3532.23	92.0384
3534.15	92.1091
3536.08	92.0136
3538.01	91.8353
3539.94	91.8287
3541.87	91.8905
3543.8	91.7814
3545.73	91.6319
3547.66	91.8304
3549.59	92.386
3551.52	92.8617
3553.45	92.8739
3555.37	92.5847
3557.3	92.4708
3559.23	92.6476
3561.16	92.8928
3563.09	93.1375
3565.02	93.5066
3566.95	93.8126
3568.88	93.7357
3570.81	93.6453
3572.74	93.9226
3574.67	94.3638
3576.6	94.6366
3578.52	94.7747
3580.45	94.9346
3582.38	95.1182
3584.31	95.3049
3586.24	95.4091
3588.17	95.3176
3590.1	95.3197
3592.03	95.721
3593.96	96.3386
3595.89	96.79
3597.82	97.0019
3599.74	97.0829
3601.67	96.9725
3603.6	96.8151
3605.53	96.8965
3607.46	97.0782
3609.39	97.0184
3611.32	96.9184
3613.25	97.0843
3615.18	97.2491
3617.11	97.2179
3619.04	97.3151
3620.97	97.6513
3622.89	97.8173
3624.82	97.7304
3626.75	97.7445
3628.68	98.1638
3630.61	98.4839
3632.54	98.125
3634.47	97.537
3636.4	97.2833
3638.33	97.2714
3640.26	97.1119
3642.19	96.8944
3644.11	96.9336
3646.04	97.3765
3647.97	98.3391
3649.9	99.0731
3651.83	98.5369
3653.76	97.758
3655.69	97.5563
3657.62	97.5514
3659.55	97.2525
3661.48	97.0355
3663.41	97.1706
3665.33	97.4183
3667.26	97.7564
3669.19	98.3205
3671.12	98.6901
3673.05	98.6266
3674.98	98.4606
3676.91	98.15
3678.84	97.7013
3680.77	97.4777
3682.7	97.5828
3684.63	97.8503
3686.56	98.1815
3688.48	98.6993
3690.41	99.2036
3692.34	99.1499
3694.27	98.7529
3696.2	98.5465
3698.13	98.5749
3700.06	98.4823
3701.99	98.253
3703.92	98.243
3705.85	98.4949
3707.78	98.8627
3709.7	99.1669
3711.63	98.9604
3713.56	98.3506
3715.49	98.0215
3717.42	98.0371
3719.35	98.2559
3721.28	98.7592
3723.21	99.4278
3725.14	99.7993
3727.07	99.726
3729	99.5465
3730.93	99.5185
3732.85	99.6361
3734.78	99.6557
3736.71	99.3906
3738.64	99.1344
3740.57	99.0505
3742.5	99.0051
3744.43	98.9737
3746.36	99.054
3748.29	99.1477
3750.22	99.0883
3752.15	98.718
3754.07	98.1432
3756	97.6813
3757.93	97.5593
3759.86	97.7366
3761.79	97.8417
3763.72	97.8485
3765.65	98.0018
3767.58	98.231
3769.51	98.2364
3771.44	97.9613
3773.37	97.6143
3775.29	97.4317
3777.22	97.5264
3779.15	97.7224
3781.08	97.6699
3783.01	97.429
3784.94	97.2896
3786.87	97.2805
3788.8	97.3088
3790.73	97.4231
3792.66	97.6558
3794.59	97.8824
3796.52	98.0207
3798.44	98.1861
3800.37	98.3755
3802.3	98.3152
3804.23	98.0547
3806.16	97.899
3808.09	97.7727
3810.02	97.5564
3811.95	97.4569
3813.88	97.5978
3815.81	97.8484
3817.74	98.076
3819.66	98.3357
3821.59	98.4867
3823.52	98.2902
3825.45	97.9082
3827.38	97.5986
3829.31	97.536
3831.24	97.7305
3833.17	97.9495
3835.1	98.0589
3837.03	98.1758
3838.96	98.309
3840.89	98.3205
3842.81	98.232
3844.74	98.0301
3846.67	97.712
3848.6	97.543
3850.53	97.8172
3852.46	98.4849
3854.39	98.7285
3856.32	98.2572
3858.25	97.8938
3860.18	97.889
3862.11	98.0644
3864.03	98.1578
3865.96	98.1276
3867.89	98.1143
3869.82	98.1396
3871.75	98.0916
3873.68	97.9438
3875.61	97.8666
3877.54	97.9748
3879.47	98.1203
3881.4	98.0734
3883.33	97.929
3885.25	97.89
3887.18	97.8589
3889.11	97.7111
3891.04	97.5481
3892.97	97.5091
3894.9	97.6019
3896.83	97.7587
3898.76	97.9434
3900.69	98.1174
3902.62	98.1883
3904.55	98.0268
3906.48	97.6691
3908.4	97.3677
3910.33	97.282
3912.26	97.3939
3914.19	97.5894
3916.12	97.7267
3918.05	97.7012
3919.98	97.5741
3921.91	97.4965
3923.84	97.4798
3925.77	97.4985
3927.7	97.6187
3929.62	97.802
3931.55	97.8218
3933.48	97.6001
3935.41	97.3668
3937.34	97.269
3939.27	97.2996
3941.2	97.4624
3943.13	97.6794
3945.06	97.7711
3946.99	97.675
3948.92	97.4785
3950.85	97.3222
3952.77	97.2881
3954.7	97.3053
3956.63	97.2886
3958.56	97.273
3960.49	97.2884
3962.42	97.2939
3964.35	97.2966
3966.28	97.3207
3968.21	97.3338
3970.14	97.3114
3972.07	97.2465
3973.99	97.1537
3975.92	97.111
3977.85	97.1391
3979.78	97.1415
3981.71	97.0871
3983.64	97.0389
3985.57	97.0256
3987.5	97.0517
3989.43	97.1036
3991.36	97.1247
3993.29	97.1132
3995.22	97.118
3997.14	97.1302
