499.643	77.8511
501.572	78.313
503.501	78.4449
505.43	78.9031
507.36	79.4166
509.289	79.79
511.218	80.0277
513.147	80.1894
515.076	80.5045
517.005	80.7914
518.934	80.552
520.863	80.0907
522.792	79.9631
524.722	80.0879
526.651	80.332
528.58	80.6211
530.509	80.5492
532.438	80.1251
534.367	80.0192
536.296	80.3514
538.225	80.5604
540.155	80.5724
542.084	80.7166
544.013	80.8984
545.942	80.8505
547.871	80.6081
549.8	80.3293
551.729	80.1298
553.658	80.107
555.588	80.2743
557.517	80.5063
559.446	80.6154
561.375	80.5567
563.304	80.4844
565.233	80.4782
567.162	80.4424
569.091	80.3829
571.021	80.4436
572.95	80.6325
574.879	80.7926
576.808	80.807
578.737	80.7632
580.666	80.8443
582.595	80.9897
584.524	80.9221
586.454	80.6671
588.383	80.6029
590.312	80.8344
592.241	80.9912
594.17	80.8412
596.099	80.6242
598.028	80.5521
599.957	80.5228
601.887	80.4075
603.816	80.236
605.745	80.0894
607.674	80.0553
609.603	80.1626
611.532	80.2951
613.461	80.3706
615.39	80.4239
617.32	80.3849
619.249	80.2368
621.178	80.2645
623.107	80.5577
625.036	80.7927
626.965	80.8833
628.894	81.0947
630.823	81.3667
632.753	81.4444
634.682	81.495
636.611	81.7777
638.54	82.1614
640.469	82.5413
642.398	83.0396
644.327	83.5909
646.256	84.0107
648.186	84.3065
650.115	84.5409
652.044	84.7267
653.973	84.83
655.902	84.7698
657.831	84.628
659.76	84.4671
661.689	84.1021
663.619	83.7601
665.548	84.2281
667.477	85.9523
669.406	86.9439
671.335	86.1301
673.264	85.5797
675.193	85.8067
677.122	86.2255
679.052	86.4791
680.981	86.6905
682.91	86.7848
684.839	86.7318
686.768	86.7463
688.697	86.8487
690.626	86.8708
692.555	86.7828
694.485	86.6656
696.414	86.5888
698.343	86.5655
700.272	86.5112
702.201	86.3907
704.13	86.3243
706.059	86.3463
707.988	86.3341
709.917	86.306
711.847	86.3445
713.776	86.3222
715.705	86.2085
717.634	86.2345
719.563	86.3409
721.492	86.1303
723.421	85.6225
725.35	85.1901
727.28	84.8733
729.209	84.4679
731.138	83.9258
733.067	83.311
734.996	82.7024
736.925	82.229
738.854	81.9574
740.783	81.8492
742.713	81.8729
744.642	81.9698
746.571	82.0008
748.5	81.9346
750.429	81.9365
752.358	82.1104
754.287	82.3449
756.216	82.5365
758.146	82.7486
760.075	83.0429
762.004	83.3556
763.933	83.6087
765.862	83.8032
767.791	83.9772
769.72	84.1403
771.649	84.2592
773.579	84.3203
775.508	84.3787
777.437	84.4781
779.366	84.5728
781.295	84.5892
783.224	84.5057
785.153	84.3434
787.082	84.1176
789.012	83.8046
790.941	83.3801
792.87	82.8425
794.799	82.0925
796.728	80.8478
798.657	78.7382
800.586	75.4043
802.515	70.7609
804.445	65.6103
806.374	61.7148
808.303	60.6519
810.232	62.6561
812.161	66.7608
814.09	71.6885
816.019	76.3176
817.948	79.816
819.878	81.9085
821.807	82.8963
823.736	83.2575
825.665	83.3336
827.594	83.2909
829.523	83.1631
831.452	82.9209
833.381	82.5382
835.311	82.0091
837.24	81.3661
839.169	80.6671
841.098	79.9293
843.027	79.1937
844.956	78.664
846.885	78.5748
848.814	78.9182
850.744	79.4833
852.673	80.0998
854.602	80.6825
856.531	81.1523
858.46	81.4679
860.389	81.6581
862.318	81.761
864.247	81.7949
866.177	81.7946
868.106	81.8038
870.035	81.8101
871.964	81.7613
873.893	81.6762
875.822	81.6258
877.751	81.5856
879.68	81.4814
881.609	81.36
883.539	81.3015
885.468	81.2351
887.397	81.0572
889.326	80.8056
891.255	80.5519
893.184	80.2836
895.113	79.9875
897.042	79.7025
898.972	79.4758
900.901	79.3566
902.83	79.371
904.759	79.4623
906.688	79.5352
908.617	79.5451
910.546	79.4826
912.475	79.329
914.405	79.0864
916.334	78.7975
918.263	78.4994
920.192	78.1873
922.121	77.8548
924.05	77.5382
925.979	77.2679
927.908	77.0072
929.838	76.7123
931.767	76.3833
933.696	75.9992
935.625	75.5221
937.554	74.9814
939.483	74.4082
941.412	73.7376
943.341	72.8954
945.271	71.8733
947.2	70.6989
949.129	69.482
951.058	68.4048
952.987	67.4962
954.916	66.5285
956.845	65.2449
958.774	63.6053
960.704	61.7996
962.633	60.098
964.562	58.6868
966.491	57.6019
968.42	56.7726
970.349	56.0827
972.278	55.4122
974.207	54.6706
976.137	53.8067
978.066	52.8458
979.995	51.9546
981.924	51.3903
983.853	51.328
985.782	51.7654
987.711	52.585
989.64	53.6545
991.57	54.8605
993.499	56.0754
995.428	57.1381
997.357	57.9043
999.286	58.3234
1001.22	58.4463
1003.14	58.354
1005.07	58.117
1007	57.8539
1008.93	57.7291
1010.86	57.7912
1012.79	57.9075
1014.72	57.9245
1016.65	57.7692
1018.58	57.3855
1020.51	56.7382
1022.44	55.886
1024.36	54.9818
1026.29	54.2463
1028.22	53.8792
1030.15	53.8532
1032.08	53.8686
1034.01	53.6244
1035.94	53.0505
1037.87	52.2518
1039.8	51.3647
1041.73	50.4936
1043.66	49.6807
1045.58	48.9081
1047.51	48.1424
1049.44	47.3294
1051.37	46.3931
1053.3	45.3692
1055.23	44.5076
1057.16	44.1084
1059.09	44.2977
1061.02	45.0253
1062.95	46.1632
1064.88	47.5668
1066.81	49.1768
1068.73	51.0561
1070.66	53.2467
1072.59	55.6792
1074.52	58.2499
1076.45	60.8388
1078.38	63.272
1080.31	65.4067
1082.24	67.1862
1084.17	68.5465
1086.1	69.4078
1088.03	69.7796
1089.95	69.7382
1091.88	69.3323
1093.81	68.6071
1095.74	67.6497
1097.67	66.5662
1099.6	65.4625
1101.53	64.42
1103.46	63.4544
1105.39	62.5481
1107.32	61.7234
1109.25	61.0375
1111.18	60.5403
1113.1	60.2653
1115.03	60.2186
1116.96	60.3674
1118.89	60.6552
1120.82	60.9914
1122.75	61.2284
1124.68	61.2074
1126.61	60.8172
1128.54	59.9711
1130.47	58.569
1132.4	56.5381
1134.32	53.9226
1136.25	50.9193
1138.18	47.8007
1140.11	44.8102
1142.04	42.1463
1143.97	39.964
1145.9	38.3139
1147.83	37.1393
1149.76	36.3602
1151.69	35.909
1153.62	35.7175
1155.55	35.7266
1157.47	35.8927
1159.4	36.1812
1161.33	36.5734
1163.26	37.067
1165.19	37.6522
1167.12	38.2881
1169.05	38.919
1170.98	39.5371
1172.91	40.1813
1174.84	40.8597
1176.77	41.549
1178.69	42.2639
1180.62	43.0324
1182.55	43.8411
1184.48	44.6768
1186.41	45.5563
1188.34	46.4809
1190.27	47.4412
1192.2	48.4647
1194.13	49.5813
1196.06	50.7631
1197.99	51.9688
1199.91	53.2044
1201.84	54.4794
1203.77	55.7637
1205.7	57.0447
1207.63	58.3489
1209.56	59.6789
1211.49	61.0125
1213.42	62.3485
1215.35	63.6355
1217.28	64.7045
1219.21	65.4483
1221.14	66.0068
1223.06	66.5691
1224.99	67.1031
1226.92	67.4569
1228.85	67.5753
1230.78	67.4678
1232.71	67.1323
1234.64	66.6029
1236.57	65.9459
1238.5	65.2011
1240.43	64.3852
1242.36	63.5161
1244.28	62.6272
1246.21	61.7752
1248.14	61.0028
1250.07	60.3209
1252	59.7523
1253.93	59.34
1255.86	59.1117
1257.79	59.0718
1259.72	59.1994
1261.65	59.4635
1263.58	59.8646
1265.51	60.4171
1267.43	61.1113
1269.36	61.9394
1271.29	62.9011
1273.22	63.969
1275.15	65.0934
1277.08	66.2251
1279.01	67.3308
1280.94	68.3973
1282.87	69.3813
1284.8	70.2023
1286.73	70.7955
1288.65	71.0953
1290.58	71.0701
1292.51	70.8988
1294.44	70.9579
1296.37	71.5451
1298.3	72.7189
1300.23	74.3665
1302.16	76.259
1304.09	78.1002
1306.02	79.6796
1307.95	80.9649
1309.87	82.0101
1311.8	82.8341
1313.73	83.4316
1315.66	83.8434
1317.59	84.1216
1319.52	84.2742
1321.45	84.3238
1323.38	84.3321
1325.31	84.3371
1327.24	84.3568
1329.17	84.4159
1331.1	84.51
1333.02	84.61
1334.95	84.7347
1336.88	84.9404
1338.81	85.2004
1340.74	85.3932
1342.67	85.5057
1344.6	85.6381
1346.53	85.8136
1348.46	85.9732
1350.39	86.0851
1352.32	86.1489
1354.24	86.1308
1356.17	86.0238
1358.1	85.9395
1360.03	85.9785
1361.96	86.0544
1363.89	85.9963
1365.82	85.8065
1367.75	85.5476
1369.68	85.2717
1371.61	85.0576
1373.54	84.7494
1375.47	84.0835
1377.39	83.2949
1379.32	82.7312
1381.25	82.3437
1383.18	82.0131
1385.11	81.6505
1387.04	81.0255
1388.97	80.1552
1390.9	79.3675
1392.83	78.6557
1394.76	77.8437
1396.69	76.764
1398.61	75.1753
1400.54	73.1522
1402.47	70.9587
1404.4	68.7321
1406.33	67.1999
1408.26	67.2388
1410.19	68.8672
1412.12	71.6739
1414.05	74.7647
1415.98	77.7038
1417.91	80.8305
1419.83	83.5599
1421.76	85.1276
1423.69	86.1126
1425.62	86.875
1427.55	87.3378
1429.48	87.4644
1431.41	87.295
1433.34	87.0497
1435.27	86.8427
1437.2	86.4384
1439.13	85.7578
1441.06	85.0095
1442.98	84.2259
1444.91	83.4513
1446.84	82.7394
1448.77	82.026
1450.7	81.4363
1452.63	81.2268
1454.56	81.4525
1456.49	81.8539
1458.42	81.6006
1460.35	80.9372
1462.28	80.5456
1464.2	80.3129
1466.13	80.0664
1468.06	80.1284
1469.99	80.8455
1471.92	82.195
1473.85	83.4608
1475.78	84.3195
1477.71	85.3953
1479.64	86.7779
1481.57	88.1988
1483.5	89.5245
1485.43	90.7886
1487.35	92.0808
1489.28	93.1889
1491.21	93.6513
1493.14	93.8238
1495.07	94.2017
1497	94.6872
1498.93	94.8908
1500.86	94.9189
1502.79	95.1177
1504.72	95.6904
1506.65	96.4791
1508.57	96.3684
1510.5	95.6908
1512.43	95.4125
1514.36	95.658
1516.29	96.125
1518.22	96.4926
1520.15	96.7664
1522.08	96.904
1524.01	96.8096
1525.94	96.5507
1527.87	96.2802
1529.8	96.1984
1531.72	96.3557
1533.65	96.5263
1535.58	96.5602
1537.51	96.7981
1539.44	97.4858
1541.37	97.8517
1543.3	97.2802
1545.23	96.6845
1547.16	96.4392
1549.09	96.4604
1551.02	96.5394
1552.94	96.5809
1554.87	96.8013
1556.8	97.3892
1558.73	97.7379
1560.66	97.07
1562.59	96.4447
1564.52	96.2336
1566.45	96.2863
1568.38	96.3946
1570.31	96.2732
1572.24	96.0903
1574.16	96.1791
1576.09	96.3358
1578.02	96.0813
1579.95	95.7115
1581.88	95.5507
1583.81	95.463
1585.74	95.3216
1587.67	95.2126
1589.6	95.1968
1591.53	95.2143
1593.46	95.2022
1595.39	95.1336
1597.31	94.996
1599.24	94.822
1601.17	94.6375
1603.1	94.3809
1605.03	94.0379
1606.96	93.6639
1608.89	93.1032
1610.82	92.2529
1612.75	91.4548
1614.68	90.8578
1616.61	90.242
1618.53	89.7909
1620.46	89.8808
1622.39	90.308
1624.32	90.5391
1626.25	90.3715
1628.18	89.8894
1630.11	89.0894
1632.04	88.3455
1633.97	88.2012
1635.9	88.8483
1637.83	89.7216
1639.76	90.5966
1641.68	91.66
1643.61	92.812
1645.54	93.8985
1647.47	94.4841
1649.4	94.5057
1651.33	94.6438
1653.26	94.9253
1655.19	94.4952
1657.12	93.9112
1659.05	93.6868
1660.98	93.6463
1662.9	93.4462
1664.83	93.1135
1666.76	93.0105
1668.69	93.1266
1670.62	92.9489
1672.55	92.4803
1674.48	92.0463
1676.41	91.3611
1678.34	90.5
1680.27	89.9323
1682.2	89.5003
1684.12	88.6876
1686.05	87.4606
1687.98	86.0155
1689.91	84.4226
1691.84	82.8491
1693.77	81.1361
1695.7	79.1735
1697.63	77.0519
1699.56	74.0231
1701.49	70.0727
1703.42	66.4888
1705.35	62.9415
1707.27	58.8817
1709.2	55.235
1711.13	52.4747
1713.06	50.2069
1714.99	48.4197
1716.92	46.6731
1718.85	44.44
1720.78	42.9066
1722.71	42.443
1724.64	42.5475
1726.57	43.2793
1728.49	44.6834
1730.42	46.4345
1732.35	48.8305
1734.28	51.9779
1736.21	54.6369
1738.14	56.9501
1740.07	59.8294
1742	63.0871
1743.93	66.211
1745.86	69.4486
1747.79	72.9879
1749.72	76.605
1751.64	79.9462
1753.57	82.8385
1755.5	85.4807
1757.43	88.0588
1759.36	90.302
1761.29	91.9392
1763.22	93.0707
1765.15	93.7905
1767.08	94.297
1769.01	94.9488
1770.94	95.6685
1772.86	95.9557
1774.79	95.8882
1776.72	95.8445
1778.65	95.8636
1780.58	95.9139
1782.51	95.9605
1784.44	95.985
1786.37	96.0598
1788.3	96.2401
1790.23	96.5285
1792.16	96.7728
1794.08	96.6984
1796.01	96.5393
1797.94	96.6263
1799.87	96.7872
1801.8	96.7472
1803.73	96.6692
1805.66	96.7264
1807.59	96.8528
1809.52	96.9266
1811.45	96.821
1813.38	96.6396
1815.31	96.6373
1817.23	96.779
1819.16	96.8993
1821.09	97.0597
1823.02	97.2642
1824.95	97.3526
1826.88	97.39
1828.81	97.4933
1830.74	97.4897
1832.67	97.3324
1834.6	97.2579
1836.53	97.337
1838.45	97.4246
1840.38	97.4684
1842.31	97.6028
1844.24	97.813
1846.17	97.8405
1848.1	97.7434
1850.03	97.7688
1851.96	97.8672
1853.89	97.8641
1855.82	97.7763
1857.75	97.6953
1859.68	97.6359
1861.6	97.6161
1863.53	97.7059
1865.46	97.9534
1867.39	98.2718
1869.32	98.4176
1871.25	98.3085
1873.18	98.1303
1875.11	98.023
1877.04	98.0627
1878.97	98.2064
1880.9	98.2983
1882.82	98.3293
1884.75	98.4201
1886.68	98.5453
1888.61	98.5805
1890.54	98.5119
1892.47	98.4452
1894.4	98.4916
1896.33	98.6572
1898.26	98.7883
1900.19	98.7623
1902.12	98.6517
1904.05	98.5979
1905.97	98.6525
1907.9	98.7565
1909.83	98.8022
1911.76	98.7472
1913.69	98.7017
1915.62	98.7847
1917.55	98.9388
1919.48	99.0413
1921.41	99.1625
1923.34	99.3352
1925.27	99.347
1927.19	99.1707
1929.12	99.0714
1931.05	99.107
1932.98	99.1178
1934.91	99.1128
1936.84	99.206
1938.77	99.3842
1940.7	99.5582
1942.63	99.6464
1944.56	99.6433
1946.49	99.6186
1948.41	99.6017
1950.34	99.6425
1952.27	99.7757
1954.2	99.8936
1956.13	99.9979
1958.06	100.236
1959.99	100.442
1961.92	100.388
1963.85	100.38
1965.78	100.702
1967.71	100.992
1969.64	100.899
1971.56	100.627
1973.49	100.355
1975.42	100.042
1977.35	99.8625
1979.28	100.096
1981.21	100.549
1983.14	100.736
1985.07	100.591
1987	100.42
1988.93	100.299
1990.86	100.142
1992.78	100.084
1994.71	100.212
1996.64	100.338
1998.57	100.368
2000.5	100.337
2002.43	100.172
2004.36	99.9186
2006.29	99.9123
2008.22	100.234
2010.15	100.475
2012.08	100.437
2014.01	100.394
2015.93	100.476
2017.86	100.499
2019.79	100.435
2021.72	100.382
2023.65	100.303
2025.58	100.248
2027.51	100.358
2029.44	100.504
2031.37	100.475
2033.3	100.38
2035.23	100.402
2037.15	100.496
2039.08	100.595
2041.01	100.687
2042.94	100.636
2044.87	100.369
2046.8	100.142
2048.73	100.193
2050.66	100.288
2052.59	100.078
2054.52	99.7125
2056.45	99.6045
2058.37	99.7554
2060.3	99.8265
2062.23	99.7614
2064.16	99.7781
2066.09	99.8689
2068.02	99.8646
2069.95	99.8117
2071.88	99.8078
2073.81	99.7566
2075.74	99.611
2077.67	99.5289
2079.6	99.6067
2081.52	99.7176
2083.45	99.6841
2085.38	99.4789
2087.31	99.2358
2089.24	99.1144
2091.17	99.1575
2093.1	99.2792
2095.03	99.395
2096.96	99.4935
2098.89	99.5253
2100.82	99.4335
2102.74	99.3683
2104.67	99.4892
2106.6	99.6035
2108.53	99.5209
2110.46	99.4721
2112.39	99.6287
2114.32	99.7427
2116.25	99.6132
2118.18	99.3506
2120.11	99.1285
2122.04	99.0601
2123.97	99.1408
2125.89	99.2368
2127.82	99.3229
2129.75	99.5196
2131.68	99.8396
2133.61	100.174
2135.54	100.396
2137.47	100.394
2139.4	100.275
2141.33	100.332
2143.26	100.569
2145.19	100.661
2147.11	100.541
2149.04	100.492
2150.97	100.583
2152.9	100.555
2154.83	100.325
2156.76	100.132
2158.69	100.171
2160.62	100.432
2162.55	100.715
2164.48	100.684
2166.41	100.292
2168.33	99.9687
2170.26	99.9736
2172.19	100.071
2174.12	100.052
2176.05	100.016
2177.98	100.142
2179.91	100.465
2181.84	100.723
2183.77	100.585
2185.7	100.217
2187.63	100.073
2189.56	100.158
2191.48	100.124
2193.41	99.9307
2195.34	99.8321
2197.27	99.9428
2199.2	100.166
2201.13	100.375
2203.06	100.43
2204.99	100.274
2206.92	100.135
2208.85	100.246
2210.78	100.381
2212.7	100.273
2214.63	100.139
2216.56	100.151
2218.49	100.07
2220.42	99.8808
2222.35	99.8587
2224.28	99.9158
2226.21	99.8087
2228.14	99.6939
2230.07	99.7591
2232	99.8228
2233.93	99.7248
2235.85	99.6015
2237.78	99.5933
2239.71	99.6802
2241.64	99.8048
2243.57	99.8725
2245.5	99.7537
2247.43	99.5041
2249.36	99.3819
2251.29	99.5012
2253.22	99.7071
2255.15	99.8357
2257.07	99.8708
2259	99.8805
2260.93	99.9314
2262.86	99.9877
2264.79	99.9548
2266.72	99.892
2268.65	99.9485
2270.58	100.092
2272.51	100.183
2274.44	100.201
2276.37	100.156
2278.29	100.007
2280.22	99.8041
2282.15	99.7127
2284.08	99.8197
2286.01	100.031
2287.94	100.21
2289.87	100.385
2291.8	100.696
2293.73	101.127
2295.66	101.507
2297.59	101.813
2299.52	102.152
2301.44	102.545
2303.37	103.033
2305.3	103.77
2307.23	104.742
2309.16	105.637
2311.09	106.216
2313.02	106.626
2314.95	107.251
2316.88	108.301
2318.81	109.646
2320.74	111.036
2322.66	112.32
2324.59	113.417
2326.52	114.363
2328.45	115.33
2330.38	116.241
2332.31	116.714
2334.24	116.871
2336.17	117.234
2338.1	117.828
2340.03	118.472
2341.96	119.012
2343.89	118.259
2345.81	115.695
2347.74	113.632
2349.67	113.613
2351.6	115.608
2353.53	118.903
2355.46	122.195
2357.39	124.964
2359.32	127.012
2361.25	127.202
2363.18	125.562
2365.11	123.23
2367.03	120.701
2368.96	117.929
2370.89	114.939
2372.82	111.915
2374.75	109.019
2376.68	106.429
2378.61	104.3
2380.54	102.566
2382.47	101.054
2384.4	99.7504
2386.33	98.7939
2388.26	98.2966
2390.18	98.1612
2392.11	98.1033
2394.04	97.9939
2395.97	97.9848
2397.9	98.1205
2399.83	98.1842
2401.76	98.0752
2403.69	97.9463
2405.62	97.9091
2407.55	97.9238
2409.48	97.9444
2411.4	97.9741
2413.33	98.0223
2415.26	98.0775
2417.19	98.0996
2419.12	98.0514
2421.05	97.9629
2422.98	97.9338
2424.91	98.0156
2426.84	98.1189
2428.77	98.1384
2430.7	98.12
2432.62	98.1649
2434.55	98.2498
2436.48	98.2808
2438.41	98.2325
2440.34	98.1317
2442.27	98.0073
2444.2	97.9314
2446.13	97.9823
2448.06	98.087
2449.99	98.0719
2451.92	97.9656
2453.85	98.0012
2455.77	98.2093
2457.7	98.329
2459.63	98.2296
2461.56	98.0885
2463.49	98.0518
2465.42	98.0394
2467.35	97.9829
2469.28	97.9608
2471.21	97.9947
2473.14	97.9844
2475.07	97.912
2476.99	97.856
2478.92	97.838
2480.85	97.8704
2482.78	97.9828
2484.71	98.0874
2486.64	98.0829
2488.57	98.0466
2490.5	98.05
2492.43	98.0146
2494.36	97.963
2496.29	98.0696
2498.22	98.3146
2500.14	98.433
2502.07	98.3084
2504	98.1406
2505.93	98.1111
2507.86	98.1407
2509.79	98.1301
2511.72	98.1511
2513.65	98.2125
2515.58	98.1917
2517.51	98.121
2519.44	98.1363
2521.36	98.1688
2523.29	98.0798
2525.22	97.9357
2527.15	97.8638
2529.08	97.8574
2531.01	97.8629
2532.94	97.8679
2534.87	97.8887
2536.8	97.9453
2538.73	98.0191
2540.66	98.0559
2542.58	98.0165
2544.51	97.9129
2546.44	97.8538
2548.37	97.9592
2550.3	98.1305
2552.23	98.1397
2554.16	98.0071
2556.09	97.9534
2558.02	98.0174
2559.95	98.0516
2561.88	97.9766
2563.81	97.8439
2565.73	97.7756
2567.66	97.8275
2569.59	97.8583
2571.52	97.7458
2573.45	97.6554
2575.38	97.7539
2577.31	97.8728
2579.24	97.817
2581.17	97.6915
2583.1	97.6361
2585.03	97.6296
2586.95	97.6825
2588.88	97.8044
2590.81	97.8464
2592.74	97.7554
2594.67	97.7187
2596.6	97.7909
2598.53	97.793
2600.46	97.6784
2602.39	97.5743
2604.32	97.5287
2606.25	97.5154
2608.18	97.5027
2610.1	97.4274
2612.03	97.2905
2613.96	97.1944
2615.89	97.1791
2617.82	97.1811
2619.75	97.1493
2621.68	97.0953
2623.61	97.0681
2625.54	97.0793
2627.47	97.0585
2629.4	96.9759
2631.32	96.9134
2633.25	96.9045
2635.18	96.8738
2637.11	96.8104
2639.04	96.7942
2640.97	96.8263
2642.9	96.8208
2644.83	96.7626
2646.76	96.7209
2648.69	96.7182
2650.62	96.7102
2652.54	96.6749
2654.47	96.6325
2656.4	96.6022
2658.33	96.5792
2660.26	96.5308
2662.19	96.4491
2664.12	96.4015
2666.05	96.4272
2667.98	96.4374
2669.91	96.3646
2671.84	96.2893
2673.77	96.2878
2675.69	96.3268
2677.62	96.3739
2679.55	96.4266
2681.48	96.4438
2683.41	96.4008
2685.34	96.3386
2687.27	96.29
2689.2	96.2623
2691.13	96.2746
2693.06	96.3132
2694.99	96.3219
2696.91	96.2939
2698.84	96.2676
2700.77	96.2333
2702.7	96.1791
2704.63	96.1617
2706.56	96.1897
2708.49	96.1726
2710.42	96.1143
2712.35	96.13
2714.28	96.1851
2716.21	96.1328
2718.14	96.0256
2720.06	96.0219
2721.99	96.0827
2723.92	96.0845
2725.85	96.0209
2727.78	95.9095
2729.71	95.7858
2731.64	95.7633
2733.57	95.8378
2735.5	95.8514
2737.43	95.8013
2739.36	95.8401
2741.28	95.9617
2743.21	96.0155
2745.14	95.945
2747.07	95.8114
2749	95.7008
2750.93	95.6764
2752.86	95.734
2754.79	95.811
2756.72	95.8635
2758.65	95.8997
2760.58	95.9164
2762.51	95.8641
2764.43	95.7461
2766.36	95.6518
2768.29	95.5959
2770.22	95.5153
2772.15	95.4653
2774.08	95.5333
2776.01	95.6354
2777.94	95.6593
2779.87	95.6182
2781.8	95.5401
2783.73	95.4478
2785.65	95.3985
2787.58	95.3917
2789.51	95.3871
2791.44	95.3906
2793.37	95.408
2795.3	95.438
2797.23	95.4602
2799.16	95.3775
2801.09	95.2087
2803.02	95.1682
2804.95	95.2526
2806.87	95.1937
2808.8	95.0088
2810.73	94.9676
2812.66	95.0494
2814.59	95.0364
2816.52	94.9083
2818.45	94.7522
2820.38	94.5969
2822.31	94.4674
2824.24	94.3566
2826.17	94.2143
2828.1	94.0464
2830.02	93.8695
2831.95	93.6446
2833.88	93.3917
2835.81	93.2053
2837.74	93.0922
2839.67	92.9659
2841.6	92.7892
2843.53	92.5702
2845.46	92.2772
2847.39	91.892
2849.32	91.4849
2851.24	91.1182
2853.17	90.7328
2855.1	90.2379
2857.03	89.6497
2858.96	89.0566
2860.89	88.4947
2862.82	87.9429
2864.75	87.4174
2866.68	86.9535
2868.61	86.5098
2870.54	86.0665
2872.47	85.785
2874.39	85.8518
2876.32	86.2305
2878.25	86.718
2880.18	87.1337
2882.11	87.4135
2884.04	87.6391
2885.97	87.8964
2887.9	88.081
2889.83	88.0592
2891.76	87.913
2893.69	87.7855
2895.61	87.689
2897.54	87.5798
2899.47	87.4271
2901.4	87.2769
2903.33	87.268
2905.26	87.3815
2907.19	87.3924
2909.12	87.2553
2911.05	87.1093
2912.98	86.8916
2914.91	86.4767
2916.83	86.0203
2918.76	85.7208
2920.69	85.4975
2922.62	85.1543
2924.55	84.6293
2926.48	84.0169
2928.41	83.4647
2930.34	83.0702
2932.27	82.8775
2934.2	82.8924
2936.13	83.0774
2938.06	83.4248
2939.98	83.9194
2941.91	84.3804
2943.84	84.6148
2945.77	84.6608
2947.7	84.57
2949.63	84.2223
2951.56	83.6283
2953.49	83.0528
2955.42	82.6869
2957.35	82.5226
2959.28	82.576
2961.2	82.9561
2963.13	83.6688
2965.06	84.5594
2966.99	85.5217
2968.92	86.5777
2970.85	87.6917
2972.78	88.7446
2974.71	89.6676
2976.64	90.4024
2978.57	90.9571
2980.5	91.5424
2982.43	92.2583
2984.35	92.8556
2986.28	93.2086
2988.21	93.5547
2990.14	93.9836
2992.07	94.3002
2994	94.4447
2995.93	94.5447
2997.86	94.7023
2999.79	94.9318
3001.72	95.1264
3003.65	95.223
3005.57	95.4046
3007.5	95.7512
3009.43	95.9771
3011.36	95.9478
3013.29	95.9054
3015.22	95.9313
3017.15	95.8951
3019.08	95.9198
3021.01	96.1753
3022.94	96.4591
3024.87	96.5355
3026.79	96.4886
3028.72	96.434
3030.65	96.339
3032.58	96.209
3034.51	96.0939
3036.44	95.9855
3038.37	95.9224
3040.3	96.0102
3042.23	96.1736
3044.16	96.1427
3046.09	95.8884
3048.02	95.7964
3049.94	96.0881
3051.87	96.3846
3053.8	96.3172
3055.73	96.1696
3057.66	96.3411
3059.59	96.62
3061.52	96.5873
3063.45	96.2924
3065.38	96.0657
3067.31	96.0583
3069.24	96.1824
3071.16	96.2558
3073.09	96.2019
3075.02	96.1653
3076.95	96.2671
3078.88	96.381
3080.81	96.3823
3082.74	96.3685
3084.67	96.4162
3086.6	96.383
3088.53	96.1356
3090.46	95.8272
3092.39	95.7716
3094.31	95.9945
3096.24	96.128
3098.17	95.9965
3100.1	95.8962
3102.03	95.9331
3103.96	95.8312
3105.89	95.6745
3107.82	95.8129
3109.75	96.0179
3111.68	95.8885
3113.61	95.7158
3115.53	95.8481
3117.46	95.9714
3119.39	95.8335
3121.32	95.6891
3123.25	95.6647
3125.18	95.6323
3127.11	95.6303
3129.04	95.7484
3130.97	95.9306
3132.9	96.1142
3134.83	96.1843
3136.75	96.0086
3138.68	95.7698
3140.61	95.7866
3142.54	95.9698
3144.47	95.9778
3146.4	95.7887
3148.33	95.6237
3150.26	95.5622
3152.19	95.5768
3154.12	95.6273
3156.05	95.5911
3157.98	95.4161
3159.9	95.2776
3161.83	95.3396
3163.76	95.5391
3165.69	95.6951
3167.62	95.6922
3169.55	95.5929
3171.48	95.542
3173.41	95.4959
3175.34	95.3108
3177.27	95.1021
3179.2	95.0943
3181.12	95.2035
3183.05	95.1701
3184.98	94.9591
3186.91	94.8079
3188.84	94.9299
3190.77	95.1965
3192.7	95.2628
3194.63	95.0837
3196.56	94.9316
3198.49	94.9155
3200.42	94.9558
3202.35	95.0264
3204.27	95.0656
3206.2	94.9869
3208.13	94.8516
3210.06	94.7341
3211.99	94.6269
3213.92	94.5812
3215.85	94.6175
3217.78	94.6367
3219.71	94.6294
3221.64	94.6534
3223.57	94.6266
3225.49	94.4928
3227.42	94.3662
3229.35	94.2962
3231.28	94.2084
3233.21	94.1037
3235.14	94.0148
3237.07	93.9067
3239	93.8146
3240.93	93.8357
3242.86	93.8969
3244.79	93.843
3246.72	93.7372
3248.64	93.7372
3250.57	93.8033
3252.5	93.8417
3254.43	93.8637
3256.36	93.8121
3258.29	93.6318
3260.22	93.5064
3262.15	93.5709
3264.08	93.6398
3266.01	93.586
3267.94	93.5313
3269.86	93.4928
3271.79	93.3956
3273.72	93.3369
3275.65	93.3433
3277.58	93.223
3279.51	92.9895
3281.44	92.8931
3283.37	92.9419
3285.3	92.951
3287.23	92.9089
3289.16	92.851
3291.08	92.7133
3293.01	92.5575
3294.94	92.5113
3296.87	92.5001
3298.8	92.433
3300.73	92.4182
3302.66	92.4902
3304.59	92.4676
3306.52	92.293
3308.45	92.1727
3310.38	92.2064
3312.31	92.1891
3314.23	92.0193
3316.16	91.9616
3318.09	92.1534
3320.02	92.2749
3321.95	92.0996
3323.88	91.8757
3325.81	91.8412
3327.74	91.8787
3329.67	91.8056
3331.6	91.637
3333.53	91.5347
3335.45	91.6048
3337.38	91.7132
3339.31	91.6692
3341.24	91.562
3343.17	91.5665
3345.1	91.5682
3347.03	91.4052
3348.96	91.2506
3350.89	91.341
3352.82	91.5844
3354.75	91.7106
3356.68	91.6386
3358.6	91.517
3360.53	91.4475
3362.46	91.3554
3364.39	91.1535
3366.32	90.8892
3368.25	90.7169
3370.18	90.7681
3372.11	91.0208
3374.04	91.3282
3375.97	91.5465
3377.9	91.5677
3379.82	91.3861
3381.75	91.1798
3383.68	91.1191
3385.61	91.1576
3387.54	91.1636
3389.47	91.1194
3391.4	91.1197
3393.33	91.2345
3395.26	91.3478
3397.19	91.2842
3399.12	91.1391
3401.04	91.1521
3402.97	91.2928
3404.9	91.3519
3406.83	91.2981
3408.76	91.2414
3410.69	91.2348
3412.62	91.261
3414.55	91.2564
3416.48	91.1988
3418.41	91.2173
3420.34	91.4062
3422.27	91.5915
3424.19	91.5736
3426.12	91.4226
3428.05	91.2942
3429.98	91.2367
3431.91	91.2127
3433.84	91.1144
3435.77	90.9169
3437.7	90.8626
3439.63	91.1574
3441.56	91.5577
3443.49	91.6718
3445.41	91.5354
3447.34	91.4755
3449.27	91.5809
3451.2	91.6258
3453.13	91.4257
3455.06	91.1066
3456.99	91.0239
3458.92	91.3023
3460.85	91.6432
3462.78	91.7667
3464.71	91.7123
3466.64	91.5797
3468.56	91.4187
3470.49	91.3512
3472.42	91.4078
3474.35	91.4727
3476.28	91.5235
3478.21	91.5576
3480.14	91.4625
3482.07	91.3159
3484	91.3489
3485.93	91.4644
3487.86	91.4547
3489.78	91.4679
3491.71	91.6577
3493.64	91.8179
3495.57	91.785
3497.5	91.6831
3499.43	91.6008
3501.36	91.4865
3503.29	91.4179
3505.22	91.536
3507.15	91.6975
3509.08	91.6398
3511	91.4163
3512.93	91.3071
3514.86	91.3656
3516.79	91.4897
3518.72	91.6595
3520.65	91.8153
3522.58	91.8557
3524.51	91.8412
3526.44	91.8638
3528.37	91.8615
3530.3	91.8336
3532.23	91.9035
3534.15	92.0549
3536.08	92.1057
3538.01	91.962
3539.94	91.7885
3541.87	91.7968
3543.8	91.9377
3545.73	92.0259
3547.66	92.1445
3549.59	92.46
3551.52	92.7375
3553.45	92.662
3555.37	92.4645
3557.3	92.5462
3559.23	92.7723
3561.16	92.8221
3563.09	92.8659
3565.02	93.2487
3566.95	93.7762
3568.88	93.9436
3570.81	93.8505
3572.74	93.8088
3574.67	93.9424
3576.6	94.3229
3578.52	94.7625
3580.45	94.9365
3582.38	94.9274
3584.31	95.0697
3586.24	95.3655
3588.17	95.5799
3590.1	95.7423
3592.03	96.0589
3593.96	96.5412
3595.89	97.0168
3597.82	97.3458
3599.74	97.5008
3601.67	97.3777
3603.6	97.0289
3605.53	96.7571
3607.46	96.701
3609.39	96.8064
3611.32	97.1572
3613.25	97.7169
3615.18	98.026
3617.11	97.8751
3619.04	97.6128
3620.97	97.5262
3622.89	97.6171
3624.82	97.8334
3626.75	98.0902
3628.68	98.3151
3630.61	98.4726
3632.54	98.3562
3634.47	97.9617
3636.4	97.669
3638.33	97.5628
3640.26	97.2741
3642.19	96.9082
3644.11	97.0266
3646.04	97.7567
3647.97	98.7252
3649.9	98.98
3651.83	98.198
3653.76	97.5135
3655.69	97.4141
3657.62	97.4872
3659.55	97.2966
3661.48	97.1159
3663.41	97.1584
3665.33	97.3095
3667.26	97.6672
3669.19	98.3635
3671.12	98.8772
3673.05	98.8572
3674.98	98.6247
3676.91	98.2313
3678.84	97.7654
3680.77	97.5143
3682.7	97.5554
3684.63	97.8082
3686.56	98.1758
3688.48	98.6383
3690.41	99.0548
3692.34	99.1457
3694.27	98.9392
3696.2	98.6822
3698.13	98.5643
3700.06	98.5282
3701.99	98.4149
3703.92	98.2714
3705.85	98.2926
3707.78	98.5714
3709.7	98.9885
3711.63	99.1177
3713.56	98.7889
3715.49	98.3979
3717.42	98.186
3719.35	98.3177
3721.28	98.8939
3723.21	99.4848
3725.14	99.5168
3727.07	99.2472
3729	99.3429
3730.93	99.7581
3732.85	99.9449
3734.78	99.6518
3736.71	99.276
3738.64	99.1258
3740.57	99.1048
3742.5	99.2017
3744.43	99.4139
3746.36	99.5518
3748.29	99.6364
3750.22	99.6826
3752.15	99.2428
3754.07	98.4238
3756	97.884
3757.93	97.7899
3759.86	97.9147
3761.79	97.9449
3763.72	97.87
3765.65	97.8013
3767.58	97.8157
3769.51	97.9003
3771.44	97.8483
3773.37	97.5659
3775.29	97.307
3777.22	97.2868
3779.15	97.4276
3781.08	97.5256
3783.01	97.5557
3784.94	97.5477
3786.87	97.4519
3788.8	97.3095
3790.73	97.3088
3792.66	97.5369
3794.59	97.7839
3796.52	97.7884
3798.44	97.732
3800.37	97.9355
3802.3	98.1596
3804.23	98.0331
3806.16	97.7664
3808.09	97.5997
3810.02	97.5621
3811.95	97.6519
3813.88	97.8242
3815.81	97.9327
3817.74	97.9727
3819.66	98.1215
3821.59	98.3009
3823.52	98.2697
3825.45	98.0233
3827.38	97.6855
3829.31	97.4843
3831.24	97.618
3833.17	97.9018
3835.1	98.0812
3837.03	98.2731
3838.96	98.5688
3840.89	98.6526
3842.81	98.3938
3844.74	97.9781
3846.67	97.6187
3848.6	97.5092
3850.53	97.7511
3852.46	98.2443
3854.39	98.4092
3856.32	98.0629
3858.25	97.8021
3860.18	97.8055
3862.11	97.9129
3864.03	97.9719
3865.96	98.1079
3867.89	98.3659
3869.82	98.4462
3871.75	98.1863
3873.68	97.8272
3875.61	97.5477
3877.54	97.3872
3879.47	97.4168
3881.4	97.5724
3883.33	97.7048
3885.25	97.8182
3887.18	97.869
3889.11	97.7524
3891.04	97.5447
3892.97	97.4101
3894.9	97.3995
3896.83	97.4647
3898.76	97.587
3900.69	97.7803
3902.62	97.9749
3904.55	97.9301
3906.48	97.6045
3908.4	97.3223
3910.33	97.2111
3912.26	97.1384
3914.19	97.1407
3916.12	97.3542
3918.05	97.5722
3919.98	97.5648
3921.91	97.5673
3923.84	97.6812
3925.77	97.6619
3927.7	97.5673
3929.62	97.6696
3931.55	97.7857
3933.48	97.5601
3935.41	97.2107
3937.34	97.1261
3939.27	97.2805
3941.2	97.465
3943.13	97.5767
3945.06	97.5723
3946.99	97.4197
3948.92	97.2133
3950.85	97.1471
3952.77	97.2336
3954.7	97.2594
3956.63	97.1366
3958.56	97.0528
3960.49	97.1527
3962.42	97.2923
3964.35	97.2793
3966.28	97.1486
3968.21	97.0492
3970.14	97.0357
3972.07	97.0668
3973.99	97.1072
3975.92	97.1227
3977.85	97.0582
3979.78	96.9581
3981.71	96.953
3983.64	97.0244
3985.57	97.0463
3987.5	97.0511
3989.43	97.0907
3991.36	97.0461
3993.29	96.9334
3995.22	96.9698
3997.14	97.1159
