499.643	76.8982
501.572	77.7064
503.501	78.4912
505.43	79.3144
507.36	80.0949
509.289	80.1869
511.218	79.4509
513.147	78.9679
515.076	79.4528
517.005	80.0501
518.934	79.7682
520.863	79.2045
522.792	79.1961
524.722	79.5779
526.651	80.029
528.58	80.4274
530.509	80.3273
532.438	79.6198
534.367	79.1653
536.296	79.4762
538.225	79.9592
540.155	80.23
542.084	80.5042
544.013	80.6409
545.942	80.4516
547.871	80.3152
549.8	80.3993
551.729	80.379
553.658	80.2599
555.588	80.35
557.517	80.6045
559.446	80.7501
561.375	80.7082
563.304	80.6078
565.233	80.6151
567.162	80.7053
569.091	80.7168
571.021	80.7291
572.95	80.8837
574.879	80.9772
576.808	80.8945
578.737	80.9232
580.666	81.0838
582.595	81.0184
584.524	80.7149
586.454	80.4885
588.383	80.4478
590.312	80.5367
592.241	80.6874
594.17	80.7645
596.099	80.7155
598.028	80.6408
599.957	80.579
601.887	80.4372
603.816	80.1741
605.745	79.937
607.674	79.9096
609.603	80.0214
611.532	80.0723
613.461	80.1169
615.39	80.2596
617.32	80.3046
619.249	80.1573
621.178	80.0941
623.107	80.2653
625.036	80.5511
626.965	80.8406
628.894	81.073
630.823	81.2272
632.753	81.386
634.682	81.6012
636.611	81.8249
638.54	82.1014
640.469	82.5409
642.398	83.0715
644.327	83.5077
646.256	83.8269
648.186	84.116
650.115	84.3873
652.044	84.6175
653.973	84.7144
655.902	84.5721
657.831	84.3634
659.76	84.2212
661.689	83.9148
663.619	83.5639
665.548	83.8835
667.477	85.3683
669.406	86.3882
671.335	85.8109
673.264	85.3358
675.193	85.4835
677.122	85.8459
679.052	86.1338
680.981	86.3932
682.91	86.5339
684.839	86.5357
686.768	86.574
688.697	86.6762
690.626	86.7207
692.555	86.6601
694.485	86.5574
696.414	86.5285
698.343	86.5754
700.272	86.521
702.201	86.3285
704.13	86.2336
706.059	86.3095
707.988	86.3202
709.917	86.1877
711.847	86.0818
713.776	86.05
715.705	86.0722
717.634	86.2153
719.563	86.3328
721.492	86.0978
723.421	85.5855
725.35	85.1523
727.28	84.8309
729.209	84.4086
731.138	83.8431
733.067	83.2423
734.996	82.6606
736.925	82.1625
738.854	81.8855
740.783	81.8691
742.713	81.972
744.642	82.0531
746.571	82.0701
748.5	82.0182
750.429	81.977
752.358	82.0878
754.287	82.3366
756.216	82.5794
758.146	82.7951
760.075	83.0434
762.004	83.2975
763.933	83.5351
765.862	83.7999
767.791	84.0664
769.72	84.238
771.649	84.2992
773.579	84.3369
775.508	84.4181
777.437	84.5167
779.366	84.573
781.295	84.577
783.224	84.5303
785.153	84.397
787.082	84.1585
789.012	83.8252
790.941	83.3813
792.87	82.799
794.799	82.0149
796.728	80.8079
798.657	78.7749
800.586	75.4748
802.515	70.8138
804.445	65.644
806.374	61.7506
808.303	60.6905
810.232	62.6838
812.161	66.7877
814.09	71.7334
816.019	76.3568
817.948	79.8096
819.878	81.8588
821.807	82.8248
823.736	83.1731
825.665	83.2624
827.594	83.27
829.523	83.1871
831.452	82.9404
833.381	82.5101
835.311	81.9338
837.24	81.2808
839.169	80.5994
841.098	79.8748
843.027	79.1447
844.956	78.6183
846.885	78.5178
848.814	78.8417
850.744	79.4069
852.673	80.0488
854.602	80.6658
856.531	81.1625
858.46	81.4826
860.389	81.651
862.318	81.7303
864.247	81.7744
866.177	81.8181
868.106	81.859
870.035	81.8626
871.964	81.8094
873.893	81.7214
875.822	81.6297
877.751	81.5391
879.68	81.4476
881.609	81.3687
883.539	81.2962
885.468	81.1848
887.397	81.0087
889.326	80.7877
891.255	80.5314
893.184	80.2333
895.113	79.9161
897.042	79.6243
898.972	79.4046
900.901	79.309
902.83	79.3434
904.759	79.4266
906.688	79.4719
908.617	79.4672
910.546	79.419
912.475	79.2889
914.405	79.0489
916.334	78.7464
918.263	78.4485
920.192	78.1543
922.121	77.8326
924.05	77.5151
925.979	77.2494
927.908	76.9992
929.838	76.7026
931.767	76.3568
933.696	75.9534
935.625	75.4524
937.554	74.8738
939.483	74.2726
941.412	73.6237
943.341	72.8367
945.271	71.8453
947.2	70.671
949.129	69.4661
951.058	68.4152
952.987	67.5119
954.916	66.5303
956.845	65.2489
958.774	63.6331
960.704	61.8421
962.633	60.1272
964.562	58.6926
966.491	57.5971
968.42	56.7679
970.349	56.0865
972.278	55.4436
974.207	54.7336
976.137	53.8703
978.066	52.881
979.995	51.961
981.924	51.3704
983.853	51.2809
985.782	51.7085
987.711	52.5361
989.64	53.6109
991.57	54.8285
993.499	56.0801
995.428	57.1765
997.357	57.9415
999.286	58.3408
1001.22	58.4367
1003.14	58.2935
1005.07	58.0076
1007	57.7432
1008.93	57.6399
1010.86	57.7062
1012.79	57.8368
1014.72	57.8957
1016.65	57.7675
1018.58	57.3864
1020.51	56.7528
1022.44	55.9116
1024.36	54.98
1026.29	54.2046
1028.22	53.8224
1030.15	53.7907
1032.08	53.7995
1034.01	53.5689
1035.94	53.0266
1037.87	52.2559
1039.8	51.3917
1041.73	50.532
1043.66	49.7011
1045.58	48.8933
1047.51	48.0945
1049.44	47.2559
1051.37	46.3284
1053.3	45.3612
1055.23	44.5515
1057.16	44.1637
1059.09	44.3538
1061.02	45.0862
1062.95	46.2194
1064.88	47.6102
1066.81	49.1772
1068.73	50.9722
1070.66	53.1159
1072.59	55.5961
1074.52	58.2343
1076.45	60.8378
1078.38	63.2558
1080.31	65.3653
1082.24	67.1061
1084.17	68.4495
1086.1	69.331
1088.03	69.7161
1089.95	69.6691
1091.88	69.2743
1093.81	68.5743
1095.74	67.628
1097.67	66.5461
1099.6	65.4429
1101.53	64.3888
1103.46	63.4037
1105.39	62.4836
1107.32	61.6448
1109.25	60.9474
1111.18	60.4663
1113.1	60.2375
1115.03	60.2371
1116.96	60.4106
1118.89	60.6966
1120.82	60.9999
1122.75	61.1823
1124.68	61.1184
1126.61	60.7224
1128.54	59.8927
1130.47	58.5
1132.4	56.4698
1134.32	53.8566
1136.25	50.8518
1138.18	47.7244
1140.11	44.7364
1142.04	42.1044
1143.97	39.9715
1145.9	38.3532
1147.83	37.1732
1149.76	36.3736
1151.69	35.9121
1153.62	35.7069
1155.55	35.6883
1157.47	35.8426
1159.4	36.1594
1161.33	36.5998
1163.26	37.1194
1165.19	37.6813
1167.12	38.2692
1169.05	38.8908
1170.98	39.5437
1172.91	40.2033
1174.84	40.8639
1176.77	41.5496
1178.69	42.2746
1180.62	43.0392
1182.55	43.8527
1184.48	44.7136
1186.41	45.602
1188.34	46.524
1190.27	47.5087
1192.2	48.5545
1194.13	49.6412
1196.06	50.7717
1197.99	51.9579
1199.91	53.1961
1201.84	54.4704
1203.77	55.7599
1205.7	57.0498
1207.63	58.3394
1209.56	59.6374
1211.49	60.9627
1213.42	62.3203
1215.35	63.6235
1217.28	64.6906
1219.21	65.435
1221.14	66.0019
1223.06	66.5617
1224.99	67.0776
1226.92	67.4203
1228.85	67.5552
1230.78	67.479
1232.71	67.1555
1234.64	66.6073
1236.57	65.9237
1238.5	65.1644
1240.43	64.3431
1242.36	63.4753
1244.28	62.6005
1246.21	61.7623
1248.14	60.9797
1250.07	60.2861
1252	59.7524
1253.93	59.3995
1255.86	59.1833
1257.79	59.1068
1259.72	59.2058
1261.65	59.4616
1263.58	59.8552
1265.51	60.4096
1267.43	61.1261
1269.36	61.9806
1271.29	62.9504
1273.22	63.9927
1275.15	65.0742
1277.08	66.1925
1279.01	67.3204
1280.94	68.401
1282.87	69.3953
1284.8	70.2561
1286.73	70.8764
1288.65	71.1402
1290.58	71.0662
1292.51	70.8837
1294.44	70.9409
1296.37	71.5287
1298.3	72.7315
1300.23	74.4024
1302.16	76.2781
1304.09	78.1083
1306.02	79.7116
1307.95	81.0033
1309.87	82.0029
1311.8	82.7697
1313.73	83.3467
1315.66	83.7738
1317.59	84.0754
1319.52	84.2503
1321.45	84.322
1323.38	84.3356
1325.31	84.322
1327.24	84.3203
1329.17	84.3643
1331.1	84.4509
1333.02	84.5741
1334.95	84.7429
1336.88	84.9561
1338.81	85.1832
1340.74	85.3685
1342.67	85.507
1344.6	85.6575
1346.53	85.8383
1348.46	85.9848
1350.39	86.0449
1352.32	86.0503
1354.24	86.0298
1356.17	85.9756
1358.1	85.9408
1360.03	85.9909
1361.96	86.041
1363.89	85.9518
1365.82	85.7654
1367.75	85.5403
1369.68	85.2835
1371.61	85.0409
1373.54	84.6819
1375.47	84.0058
1377.39	83.2662
1379.32	82.761
1381.25	82.3923
1383.18	82.0322
1385.11	81.6197
1387.04	80.9631
1388.97	80.0994
1390.9	79.3274
1392.83	78.6184
1394.76	77.809
1396.69	76.7435
1398.61	75.1687
1400.54	73.1438
1402.47	70.9288
1404.4	68.6865
1406.33	67.1823
1408.26	67.2662
1410.19	68.904
1412.12	71.6973
1414.05	74.7756
1415.98	77.6753
1417.91	80.747
1419.83	83.4911
1421.76	85.1065
1423.69	86.0851
1425.62	86.8226
1427.55	87.288
1429.48	87.414
1431.41	87.2247
1433.34	86.975
1435.27	86.7875
1437.2	86.4085
1439.13	85.747
1441.06	85.0058
1442.98	84.2091
1444.91	83.4041
1446.84	82.6668
1448.77	81.951
1450.7	81.377
1452.63	81.1844
1454.56	81.4137
1456.49	81.7863
1458.42	81.5018
1460.35	80.8583
1462.28	80.501
1464.2	80.2881
1466.13	80.0604
1468.06	80.1417
1469.99	80.8444
1471.92	82.1475
1473.85	83.407
1475.78	84.2858
1477.71	85.3371
1479.64	86.6881
1481.57	88.123
1483.5	89.4796
1485.43	90.7421
1487.35	92.0083
1489.28	93.1103
1491.21	93.5981
1493.14	93.7851
1495.07	94.1471
1497	94.6004
1498.93	94.7944
1500.86	94.8407
1502.79	95.0528
1504.72	95.6081
1506.65	96.3484
1508.57	96.2335
1510.5	95.5932
1512.43	95.3316
1514.36	95.5677
1516.29	96.0249
1518.22	96.3922
1520.15	96.6448
1522.08	96.7424
1524.01	96.6494
1525.94	96.4431
1527.87	96.2292
1529.8	96.1818
1531.72	96.3503
1533.65	96.4958
1535.58	96.4925
1537.51	96.7157
1539.44	97.3687
1541.37	97.641
1543.3	97.0359
1545.23	96.4774
1547.16	96.271
1549.09	96.33
1551.02	96.4626
1552.94	96.5288
1554.87	96.7007
1556.8	97.2031
1558.73	97.5338
1560.66	96.9532
1562.59	96.3943
1564.52	96.2042
1566.45	96.2372
1568.38	96.3064
1570.31	96.1797
1572.24	96.012
1574.16	96.0897
1576.09	96.2346
1578.02	96.0142
1579.95	95.6677
1581.88	95.4889
1583.81	95.3955
1585.74	95.2961
1587.67	95.2238
1589.6	95.1947
1591.53	95.1835
1593.46	95.1623
1595.39	95.0721
1597.31	94.8847
1599.24	94.6915
1601.17	94.5438
1603.1	94.3143
1605.03	93.9597
1606.96	93.6029
1608.89	93.0969
1610.82	92.2517
1612.75	91.4191
1614.68	90.8432
1616.61	90.292
1618.53	89.8162
1620.46	89.8214
1622.39	90.216
1624.32	90.4905
1626.25	90.3668
1628.18	89.8836
1630.11	89.0668
1632.04	88.3182
1633.97	88.1547
1635.9	88.7361
1637.83	89.5859
1639.76	90.5193
1641.68	91.6153
1643.61	92.7046
1645.54	93.6801
1647.47	94.247
1649.4	94.3275
1651.33	94.5038
1653.26	94.8133
1655.19	94.4109
1657.12	93.827
1659.05	93.5836
1660.98	93.5191
1662.9	93.3199
1664.83	93.01
1666.76	92.9065
1668.69	93.0026
1670.62	92.8449
1672.55	92.4047
1674.48	91.9335
1676.41	91.2128
1678.34	90.4196
1680.27	89.9508
1682.2	89.5338
1684.12	88.6244
1686.05	87.3438
1687.98	85.9133
1689.91	84.328
1691.84	82.7794
1693.77	81.1361
1695.7	79.2049
1697.63	76.9805
1699.56	73.8298
1701.49	69.904
1703.42	66.4212
1705.35	62.9538
1707.27	58.9256
1709.2	55.2643
1711.13	52.4788
1713.06	50.1906
1714.99	48.3749
1716.92	46.6319
1718.85	44.4701
1720.78	42.9761
1722.71	42.4871
1724.64	42.5564
1726.57	43.2769
1728.49	44.6803
1730.42	46.4185
1732.35	48.766
1734.28	51.8521
1736.21	54.5202
1738.14	56.8803
1740.07	59.7591
1742	62.9647
1743.93	66.0593
1745.86	69.3078
1747.79	72.8724
1749.72	76.5271
1751.64	79.8941
1753.57	82.7679
1755.5	85.3734
1757.43	87.9405
1759.36	90.1955
1761.29	91.8456
1763.22	93.0063
1765.15	93.7655
1767.08	94.2674
1769.01	94.8493
1770.94	95.5002
1772.86	95.8113
1774.79	95.8211
1776.72	95.8049
1778.65	95.7852
1780.58	95.7796
1782.51	95.8031
1784.44	95.8472
1786.37	95.9702
1788.3	96.1806
1790.23	96.448
1792.16	96.6816
1794.08	96.6479
1796.01	96.4682
1797.94	96.4621
1799.87	96.6057
1801.8	96.6622
1803.73	96.6369
1805.66	96.6604
1807.59	96.7394
1809.52	96.7951
1811.45	96.736
1813.38	96.6601
1815.31	96.7383
1817.23	96.8822
1819.16	96.9433
1821.09	97.0185
1823.02	97.1642
1824.95	97.2741
1826.88	97.3691
1828.81	97.4806
1830.74	97.4309
1832.67	97.2287
1834.6	97.1633
1836.53	97.3103
1838.45	97.452
1840.38	97.4903
1842.31	97.5994
1844.24	97.7528
1846.17	97.6677
1848.1	97.4827
1850.03	97.4696
1851.96	97.5565
1853.89	97.6179
1855.82	97.6648
1857.75	97.6506
1859.68	97.5466
1861.6	97.4691
1863.53	97.5268
1865.46	97.7764
1867.39	98.1656
1869.32	98.3472
1871.25	98.153
1873.18	97.9456
1875.11	97.9312
1877.04	98.0072
1878.97	98.0767
1880.9	98.1472
1882.82	98.2277
1884.75	98.3203
1886.68	98.4177
1888.61	98.4649
1890.54	98.4313
1892.47	98.4133
1894.4	98.4952
1896.33	98.5995
1898.26	98.6312
1900.19	98.6287
1902.12	98.6251
1904.05	98.5942
1905.97	98.5663
1907.9	98.5869
1909.83	98.6473
1911.76	98.7126
1913.69	98.7513
1915.62	98.8161
1917.55	98.9885
1919.48	99.145
1921.41	99.1464
1923.34	99.1276
1925.27	99.1582
1927.19	99.1138
1929.12	99.0753
1931.05	99.202
1932.98	99.3135
1934.91	99.2107
1936.84	99.1033
1938.77	99.2135
1940.7	99.3962
1942.63	99.4901
1944.56	99.6161
1946.49	99.7887
1948.41	99.7811
1950.34	99.65
1952.27	99.7121
1954.2	99.9381
1956.13	100.09
1958.06	100.2
1959.99	100.283
1961.92	100.219
1963.85	100.182
1965.78	100.357
1967.71	100.504
1969.64	100.468
1971.56	100.462
1973.49	100.49
1975.42	100.362
1977.35	100.252
1979.28	100.44
1981.21	100.755
1983.14	100.87
1985.07	100.789
1987	100.666
1988.93	100.532
1990.86	100.394
1992.78	100.291
1994.71	100.209
1996.64	100.197
1998.57	100.36
2000.5	100.561
2002.43	100.524
2004.36	100.338
2006.29	100.354
2008.22	100.541
2010.15	100.552
2012.08	100.373
2014.01	100.264
2015.93	100.236
2017.86	100.169
2019.79	100.142
2021.72	100.219
2023.65	100.32
2025.58	100.403
2027.51	100.415
2029.44	100.335
2031.37	100.372
2033.3	100.588
2035.23	100.631
2037.15	100.406
2039.08	100.314
2041.01	100.454
2042.94	100.452
2044.87	100.199
2046.8	99.9935
2048.73	100.036
2050.66	100.207
2052.59	100.195
2054.52	99.8657
2056.45	99.5234
2058.37	99.5232
2060.3	99.7316
2062.23	99.823
2064.16	99.7919
2066.09	99.7612
2068.02	99.7514
2069.95	99.7989
2071.88	99.8375
2073.81	99.6883
2075.74	99.4575
2077.67	99.3978
2079.6	99.4291
2081.52	99.4011
2083.45	99.3984
2085.38	99.3937
2087.31	99.2687
2089.24	99.1844
2091.17	99.2723
2093.1	99.3489
2095.03	99.3622
2096.96	99.4648
2098.89	99.5448
2100.82	99.4253
2102.74	99.309
2104.67	99.4022
2106.6	99.5184
2108.53	99.4523
2110.46	99.3373
2112.39	99.3895
2114.32	99.563
2116.25	99.5912
2118.18	99.3624
2120.11	99.1398
2122.04	99.1898
2123.97	99.3824
2125.89	99.5009
2127.82	99.6118
2129.75	99.7868
2131.68	99.9199
2133.61	100.007
2135.54	100.134
2137.47	100.257
2139.4	100.364
2141.33	100.517
2143.26	100.62
2145.19	100.53
2147.11	100.332
2149.04	100.169
2150.97	100.057
2152.9	99.9927
2154.83	100.016
2156.76	100.112
2158.69	100.281
2160.62	100.562
2162.55	100.78
2164.48	100.639
2166.41	100.242
2168.33	99.9895
2170.26	99.9229
2172.19	99.8309
2174.12	99.7766
2176.05	99.9067
2177.98	100.144
2179.91	100.404
2181.84	100.584
2183.77	100.451
2185.7	100.075
2187.63	99.9128
2189.56	100.065
2191.48	100.11
2193.41	99.9215
2195.34	99.882
2197.27	100.133
2199.2	100.346
2201.13	100.306
2203.06	100.103
2204.99	99.8903
2206.92	99.8722
2208.85	100.128
2210.78	100.343
2212.7	100.245
2214.63	100.032
2216.56	99.9037
2218.49	99.8227
2220.42	99.8454
2222.35	100.018
2224.28	100.12
2226.21	100.004
2228.14	99.8276
2230.07	99.7148
2232	99.6162
2233.93	99.5209
2235.85	99.5244
2237.78	99.6425
2239.71	99.7455
2241.64	99.7525
2243.57	99.7013
2245.5	99.5951
2247.43	99.4487
2249.36	99.4081
2251.29	99.5278
2253.22	99.6205
2255.15	99.5628
2257.07	99.5047
2259	99.615
2260.93	99.8397
2262.86	100.013
2264.79	100.065
2266.72	100.038
2268.65	99.9923
2270.58	99.9899
2272.51	100.048
2274.44	100.092
2276.37	100.066
2278.29	99.9845
2280.22	99.8661
2282.15	99.7812
2284.08	99.834
2286.01	99.9498
2287.94	99.9773
2289.87	100.021
2291.8	100.29
2293.73	100.712
2295.66	101.075
2297.59	101.384
2299.52	101.751
2301.44	102.136
2303.37	102.5
2305.3	103.033
2307.23	103.884
2309.16	104.773
2311.09	105.322
2313.02	105.678
2314.95	106.287
2316.88	107.199
2318.81	108.168
2320.74	109.194
2322.66	110.398
2324.59	111.585
2326.52	112.52
2328.45	113.297
2330.38	114.028
2332.31	114.517
2334.24	114.701
2336.17	114.868
2338.1	115.212
2340.03	115.817
2341.96	116.445
2343.89	115.792
2345.81	113.418
2347.74	111.557
2349.67	111.589
2351.6	113.418
2353.53	116.384
2355.46	119.375
2357.39	121.924
2359.32	123.712
2361.25	123.623
2363.18	121.804
2365.11	119.564
2367.03	117.488
2368.96	115.293
2370.89	112.775
2372.82	110.143
2374.75	107.589
2376.68	105.276
2378.61	103.414
2380.54	101.957
2382.47	100.681
2384.4	99.5522
2386.33	98.6992
2388.26	98.2014
2390.18	98.0274
2392.11	98.02
2394.04	98.0009
2395.97	97.9777
2397.9	98.0443
2399.83	98.1078
2401.76	98.0241
2403.69	97.8898
2405.62	97.8811
2407.55	97.9444
2409.48	97.9387
2411.4	97.925
2413.33	98.0119
2415.26	98.0894
2417.19	98.0281
2419.12	97.9412
2421.05	97.9653
2422.98	98.0301
2424.91	98.0356
2426.84	98.0118
2428.77	98.0195
2430.7	98.0685
2432.62	98.1441
2434.55	98.2279
2436.48	98.2709
2438.41	98.1936
2440.34	98.0087
2442.27	97.8737
2444.2	97.8917
2446.13	97.9917
2448.06	98.0634
2449.99	98.0547
2451.92	97.9968
2453.85	98.0127
2455.77	98.1337
2457.7	98.1843
2459.63	98.0655
2461.56	97.9439
2463.49	97.9733
2465.42	98.0712
2467.35	98.0938
2469.28	98.0471
2471.21	98.0374
2473.14	98.0902
2475.07	98.1168
2476.99	98.0713
2478.92	98.0125
2480.85	97.9754
2482.78	97.9376
2484.71	97.924
2486.64	97.9839
2488.57	98.0876
2490.5	98.1669
2492.43	98.1984
2494.36	98.1902
2496.29	98.1693
2498.22	98.1652
2500.14	98.152
2502.07	98.1185
2504	98.1591
2505.93	98.292
2507.86	98.3441
2509.79	98.2403
2511.72	98.1247
2513.65	98.0566
2515.58	97.9676
2517.51	97.9124
2519.44	97.9739
2521.36	98.0426
2523.29	97.9987
2525.22	97.9286
2527.15	97.9416
2529.08	97.9628
2531.01	97.8878
2532.94	97.7828
2534.87	97.763
2536.8	97.8292
2538.73	97.9552
2540.66	98.11
2542.58	98.1487
2544.51	97.9988
2546.44	97.8672
2548.37	97.9122
2550.3	97.9673
2552.23	97.9012
2554.16	97.8734
2556.09	97.9918
2558.02	98.1116
2559.95	98.0876
2561.88	97.9316
2563.81	97.7629
2565.73	97.7432
2567.66	97.8823
2569.59	97.9449
2571.52	97.8126
2573.45	97.7094
2575.38	97.7737
2577.31	97.7989
2579.24	97.6575
2581.17	97.5276
2583.1	97.5387
2585.03	97.6186
2586.95	97.6937
2588.88	97.7337
2590.81	97.7196
2592.74	97.7261
2594.67	97.8211
2596.6	97.8772
2598.53	97.7417
2600.46	97.5181
2602.39	97.4084
2604.32	97.405
2606.25	97.3887
2608.18	97.3651
2610.1	97.3653
2612.03	97.313
2613.96	97.1959
2615.89	97.1333
2617.82	97.1511
2619.75	97.1492
2621.68	97.106
2623.61	97.0739
2625.54	97.0563
2627.47	97.0446
2629.4	97.0285
2631.32	96.9586
2633.25	96.8456
2635.18	96.7799
2637.11	96.7732
2639.04	96.7637
2640.97	96.7487
2642.9	96.7492
2644.83	96.7418
2646.76	96.7096
2648.69	96.6632
2650.62	96.6206
2652.54	96.6047
2654.47	96.6086
2656.4	96.5989
2658.33	96.5737
2660.26	96.5358
2662.19	96.4618
2664.12	96.3735
2666.05	96.3345
2667.98	96.3471
2669.91	96.3648
2671.84	96.3768
2673.77	96.3913
2675.69	96.4014
2677.62	96.4044
2679.55	96.4027
2681.48	96.3974
2683.41	96.3973
2685.34	96.3975
2687.27	96.362
2689.2	96.2844
2691.13	96.2347
2693.06	96.2693
2694.99	96.3329
2696.91	96.3462
2698.84	96.3237
2700.77	96.2959
2702.7	96.2384
2704.63	96.1693
2706.56	96.1463
2708.49	96.1459
2710.42	96.1295
2712.35	96.1349
2714.28	96.1515
2716.21	96.1143
2718.14	96.0706
2720.06	96.0833
2721.99	96.079
2723.92	96.0295
2725.85	96.0138
2727.78	95.9962
2729.71	95.9163
2731.64	95.8876
2733.57	95.9392
2735.5	95.896
2737.43	95.7627
2739.36	95.7465
2741.28	95.8419
2743.21	95.8722
2745.14	95.8254
2747.07	95.7921
2749	95.7809
2750.93	95.7835
2752.86	95.8278
2754.79	95.9075
2756.72	95.9643
2758.65	95.9526
2760.58	95.8875
2762.51	95.809
2764.43	95.7301
2766.36	95.6551
2768.29	95.5772
2770.22	95.4761
2772.15	95.4002
2774.08	95.4275
2776.01	95.5004
2777.94	95.5004
2779.87	95.4499
2781.8	95.4307
2783.73	95.4189
2785.65	95.3618
2787.58	95.2962
2789.51	95.2881
2791.44	95.3239
2793.37	95.3434
2795.3	95.3479
2797.23	95.338
2799.16	95.238
2801.09	95.0978
2803.02	95.1284
2804.95	95.3038
2806.87	95.3268
2808.8	95.1348
2810.73	94.9498
2812.66	94.8564
2814.59	94.7815
2816.52	94.7136
2818.45	94.652
2820.38	94.5544
2822.31	94.43
2824.24	94.3103
2826.17	94.1826
2828.1	94.0357
2830.02	93.8728
2831.95	93.6702
2833.88	93.4062
2835.81	93.133
2837.74	92.9581
2839.67	92.8946
2841.6	92.7803
2843.53	92.4758
2845.46	92.0687
2847.39	91.6958
2849.32	91.3104
2851.24	90.8451
2853.17	90.3808
2855.1	89.9546
2857.03	89.486
2858.96	88.9865
2860.89	88.5271
2862.82	88.0572
2864.75	87.5579
2866.68	87.1349
2868.61	86.7416
2870.54	86.2481
2872.47	85.8525
2874.39	85.8687
2876.32	86.2249
2878.25	86.6463
2880.18	87.0342
2882.11	87.3733
2884.04	87.643
2885.97	87.8793
2887.9	88.0597
2889.83	88.102
2891.76	88.0249
2893.69	87.866
2895.61	87.6245
2897.54	87.3949
2899.47	87.2709
2901.4	87.2196
2903.33	87.2148
2905.26	87.2236
2907.19	87.1462
2909.12	87.0131
2911.05	86.9092
2912.98	86.6998
2914.91	86.3008
2916.83	85.9353
2918.76	85.7174
2920.69	85.4598
2922.62	85.0596
2924.55	84.5623
2926.48	83.974
2928.41	83.401
2930.34	83.0478
2932.27	82.9141
2934.2	82.8918
2936.13	83.0844
2938.06	83.5749
2939.98	84.0934
2941.91	84.3543
2943.84	84.431
2945.77	84.4456
2947.7	84.2904
2949.63	83.9108
2951.56	83.4571
2953.49	83.0598
2955.42	82.7738
2957.35	82.6618
2959.28	82.7567
2961.2	83.0735
2963.13	83.6604
2965.06	84.5354
2966.99	85.6241
2968.92	86.745
2970.85	87.714
2972.78	88.5794
2974.71	89.4986
2976.64	90.3414
2978.57	90.9046
2980.5	91.3871
2982.43	92.0429
2984.35	92.6855
2986.28	93.0798
2988.21	93.3852
2990.14	93.7907
2992.07	94.1615
2994	94.3475
2995.93	94.4893
2997.86	94.7693
2999.79	95.0793
3001.72	95.2145
3003.65	95.244
3005.57	95.3688
3007.5	95.5694
3009.43	95.7114
3011.36	95.8068
3013.29	95.9129
3015.22	95.9777
3017.15	95.9507
3019.08	95.9176
3021.01	96.022
3022.94	96.2581
3024.87	96.4323
3026.79	96.4437
3028.72	96.4293
3030.65	96.4674
3032.58	96.4399
3034.51	96.3162
3036.44	96.2162
3038.37	96.1671
3040.3	96.1349
3042.23	96.1363
3044.16	96.0862
3046.09	95.8901
3048.02	95.7487
3049.94	95.8707
3051.87	96.0521
3053.8	96.0918
3055.73	96.1868
3057.66	96.4169
3059.59	96.4791
3061.52	96.2794
3063.45	96.0893
3065.38	96.0719
3067.31	96.2069
3069.24	96.4073
3071.16	96.4419
3073.09	96.2026
3075.02	95.9792
3076.95	96.0277
3078.88	96.2026
3080.81	96.2727
3082.74	96.2274
3084.67	96.1989
3086.6	96.2495
3088.53	96.2562
3090.46	96.1365
3092.39	96.0713
3094.31	96.1821
3096.24	96.292
3098.17	96.2892
3100.1	96.2558
3102.03	96.1769
3103.96	96.0436
3105.89	96.0094
3107.82	96.0747
3109.75	96.0496
3111.68	95.9553
3113.61	95.9713
3115.53	96.0377
3117.46	95.9722
3119.39	95.8243
3121.32	95.7466
3123.25	95.7358
3125.18	95.7519
3127.11	95.834
3129.04	95.9658
3130.97	96.0858
3132.9	96.195
3134.83	96.2314
3136.75	96.0743
3138.68	95.8289
3140.61	95.7542
3142.54	95.8585
3144.47	95.8932
3146.4	95.747
3148.33	95.58
3150.26	95.5664
3152.19	95.6405
3154.12	95.579
3156.05	95.3452
3157.98	95.1904
3159.9	95.2989
3161.83	95.5552
3163.76	95.7576
3165.69	95.7997
3167.62	95.6515
3169.55	95.4346
3171.48	95.3934
3173.41	95.5475
3175.34	95.6214
3177.27	95.4922
3179.2	95.3467
3181.12	95.2767
3183.05	95.1466
3184.98	94.9415
3186.91	94.843
3188.84	94.8965
3190.77	94.9305
3192.7	94.859
3194.63	94.8114
3196.56	94.8757
3198.49	94.9378
3200.42	94.9007
3202.35	94.836
3204.27	94.782
3206.2	94.6624
3208.13	94.512
3210.06	94.4969
3211.99	94.6433
3213.92	94.7923
3215.85	94.816
3217.78	94.7271
3219.71	94.6419
3221.64	94.6516
3223.57	94.6824
3225.49	94.6296
3227.42	94.5666
3229.35	94.5364
3231.28	94.375
3233.21	94.0775
3235.14	93.9111
3237.07	93.932
3239	93.9302
3240.93	93.8914
3242.86	93.9325
3244.79	93.9666
3246.72	93.9106
3248.64	93.8636
3250.57	93.8411
3252.5	93.7884
3254.43	93.8045
3256.36	93.9048
3258.29	93.8681
3260.22	93.6571
3262.15	93.5097
3264.08	93.4775
3266.01	93.4314
3267.94	93.4192
3269.86	93.4893
3271.79	93.4797
3273.72	93.3333
3275.65	93.1766
3277.58	93.0278
3279.51	92.8887
3281.44	92.8668
3283.37	92.9015
3285.3	92.8459
3287.23	92.8146
3289.16	92.9037
3291.08	92.8999
3293.01	92.7042
3294.94	92.501
3296.87	92.3603
3298.8	92.258
3300.73	92.2924
3302.66	92.4234
3304.59	92.4267
3306.52	92.3254
3308.45	92.322
3310.38	92.3339
3312.31	92.152
3314.23	91.9122
3316.16	91.8976
3318.09	92.0439
3320.02	92.075
3321.95	91.9689
3323.88	91.8857
3325.81	91.8278
3327.74	91.7421
3329.67	91.6808
3331.6	91.6229
3333.53	91.5098
3335.45	91.4649
3337.38	91.5561
3339.31	91.5931
3341.24	91.5109
3343.17	91.4904
3345.1	91.5417
3347.03	91.4961
3348.96	91.3626
3350.89	91.2522
3352.82	91.2095
3354.75	91.2881
3356.68	91.4753
3358.6	91.6297
3360.53	91.6624
3362.46	91.5425
3364.39	91.2072
3366.32	90.7543
3368.25	90.4891
3370.18	90.5497
3372.11	90.7925
3374.04	91.0903
3375.97	91.3695
3377.9	91.4616
3379.82	91.3051
3381.75	91.0881
3383.68	90.9665
3385.61	90.9451
3387.54	91.0276
3389.47	91.1655
3391.4	91.2219
3393.33	91.1785
3395.26	91.1423
3397.19	91.1458
3399.12	91.1568
3401.04	91.167
3402.97	91.1759
3404.9	91.1913
3406.83	91.1973
3408.76	91.1354
3410.69	91.0386
3412.62	91.0364
3414.55	91.1241
3416.48	91.1582
3418.41	91.1328
3420.34	91.2151
3422.27	91.4367
3424.19	91.5623
3426.12	91.4373
3428.05	91.2408
3429.98	91.1908
3431.91	91.2086
3433.84	91.115
3435.77	90.9709
3437.7	90.9944
3439.63	91.2464
3441.56	91.5146
3443.49	91.5597
3445.41	91.4586
3447.34	91.4586
3449.27	91.5474
3451.2	91.5363
3453.13	91.4534
3455.06	91.4799
3456.99	91.6276
3458.92	91.7134
3460.85	91.6312
3462.78	91.4731
3464.71	91.335
3466.64	91.2259
3468.56	91.2418
3470.49	91.452
3472.42	91.6656
3474.35	91.7129
3476.28	91.6787
3478.21	91.5946
3480.14	91.4124
3482.07	91.2919
3484	91.347
3485.93	91.42
3487.86	91.4819
3489.78	91.6442
3491.71	91.7658
3493.64	91.6642
3495.57	91.4721
3497.5	91.4153
3499.43	91.5163
3501.36	91.6215
3503.29	91.5602
3505.22	91.381
3507.15	91.2765
3509.08	91.2038
3511	91.0572
3512.93	91.0186
3514.86	91.1925
3516.79	91.35
3518.72	91.3709
3520.65	91.4118
3522.58	91.5534
3524.51	91.748
3526.44	91.948
3528.37	92.0364
3530.3	91.9605
3532.23	91.8933
3534.15	91.9276
3536.08	91.9055
3538.01	91.7608
3539.94	91.7026
3541.87	91.8293
3543.8	91.917
3545.73	91.8291
3547.66	91.8703
3549.59	92.2245
3551.52	92.5392
3553.45	92.5285
3555.37	92.4672
3557.3	92.6353
3559.23	92.8289
3561.16	92.8525
3563.09	92.9834
3565.02	93.4768
3566.95	93.9141
3568.88	93.7513
3570.81	93.5083
3572.74	93.7556
3574.67	94.2986
3576.6	94.7133
3578.52	94.9274
3580.45	95.0064
3582.38	94.937
3584.31	94.882
3586.24	95.0461
3588.17	95.3429
3590.1	95.6295
3592.03	96.0336
3593.96	96.5037
3595.89	96.7163
3597.82	96.6767
3599.74	96.6423
3601.67	96.5913
3603.6	96.5213
3605.53	96.582
3607.46	96.702
3609.39	96.7832
3611.32	97.0728
3613.25	97.5471
3615.18	97.7018
3617.11	97.4601
3619.04	97.2522
3620.97	97.2549
3622.89	97.4003
3624.82	97.697
3626.75	98.0459
3628.68	98.2136
3630.61	98.188
3632.54	98.0194
3634.47	97.6207
3636.4	97.2338
3638.33	97.1439
3640.26	97.151
3642.19	97.0471
3644.11	97.0399
3646.04	97.4178
3647.97	98.2579
3649.9	98.836
3651.83	98.3324
3653.76	97.5752
3655.69	97.2516
3657.62	97.2351
3659.55	97.144
3661.48	97.0406
3663.41	97.0205
3665.33	97.0369
3667.26	97.3252
3669.19	98.0709
3671.12	98.5956
3673.05	98.4041
3674.98	98.0264
3676.91	97.8315
3678.84	97.7398
3680.77	97.6788
3682.7	97.6717
3684.63	97.7797
3686.56	98.0944
3688.48	98.5882
3690.41	98.8801
3692.34	98.707
3694.27	98.3796
3696.2	98.1763
3698.13	98.1109
3700.06	98.0887
3701.99	98.1281
3703.92	98.2132
3705.85	98.2627
3707.78	98.4336
3709.7	98.8047
3711.63	98.8814
3713.56	98.4889
3715.49	98.2107
3717.42	98.1171
3719.35	98.1207
3721.28	98.5566
3723.21	99.4029
3725.14	99.8872
3727.07	99.7569
3729	99.5787
3730.93	99.5453
3732.85	99.451
3734.78	99.267
3736.71	99.0745
3738.64	98.9513
3740.57	99.0115
3742.5	99.1846
3744.43	99.2512
3746.36	99.3033
3748.29	99.5056
3750.22	99.3823
3752.15	98.5685
3754.07	97.9081
3756	97.7894
3757.93	97.8537
3759.86	97.8796
3761.79	97.8659
3763.72	97.848
3765.65	97.8612
3767.58	97.9328
3769.51	97.986
3771.44	97.8809
3773.37	97.6148
3775.29	97.3844
3777.22	97.3829
3779.15	97.5463
3781.08	97.5907
3783.01	97.5381
3784.94	97.5625
3786.87	97.5071
3788.8	97.2551
3790.73	97.125
3792.66	97.3412
3794.59	97.6656
3796.52	97.8224
3798.44	97.9597
3800.37	98.26
3802.3	98.4112
3804.23	98.1177
3806.16	97.6511
3808.09	97.352
3810.02	97.3338
3811.95	97.4629
3813.88	97.6074
3815.81	97.7155
3817.74	97.8417
3819.66	98.0461
3821.59	98.1709
3823.52	98.0623
3825.45	97.8595
3827.38	97.6691
3829.31	97.5364
3831.24	97.5676
3833.17	97.7629
3835.1	98.0036
3837.03	98.2333
3838.96	98.358
3840.89	98.2419
3842.81	98.024
3844.74	97.8689
3846.67	97.7318
3848.6	97.6246
3850.53	97.7649
3852.46	98.2638
3854.39	98.427
3856.32	97.8465
3858.25	97.3781
3860.18	97.3853
3862.11	97.6896
3864.03	97.9339
3865.96	98.0194
3867.89	98.0916
3869.82	98.1339
3871.75	98.0188
3873.68	97.7933
3875.61	97.6624
3877.54	97.7138
3879.47	97.7921
3881.4	97.6958
3883.33	97.5707
3885.25	97.6134
3887.18	97.5848
3889.11	97.3096
3891.04	97.1006
3892.97	97.2099
3894.9	97.3841
3896.83	97.4556
3898.76	97.6568
3900.69	98.0674
3902.62	98.3006
3904.55	98.1491
3906.48	97.8348
3908.4	97.5131
3910.33	97.2066
3912.26	97.0334
3914.19	97.1099
3916.12	97.3224
3918.05	97.403
3919.98	97.2874
3921.91	97.2117
3923.84	97.2899
3925.77	97.3958
3927.7	97.4763
3929.62	97.5985
3931.55	97.6498
3933.48	97.4726
3935.41	97.2159
3937.34	97.0722
3939.27	97.0443
3941.2	97.1262
3943.13	97.3457
3945.06	97.6091
3946.99	97.7087
3948.92	97.5302
3950.85	97.2473
3952.77	97.1268
3954.7	97.1113
3956.63	97.0199
3958.56	96.9385
3960.49	97.0061
3962.42	97.1279
3964.35	97.1954
3966.28	97.2199
3968.21	97.1849
3970.14	97.0872
3972.07	97.029
3973.99	97.0803
3975.92	97.1655
3977.85	97.1664
3979.78	97.0944
3981.71	97.0444
3983.64	96.9982
3985.57	96.9225
3987.5	96.9517
3989.43	97.1166
3991.36	97.1955
3993.29	97.14
3995.22	97.1434
3997.14	97.1945
