499.643	77.3657
501.572	78.8393
503.501	79.1553
505.43	79.3012
507.36	79.9822
509.289	80.0849
511.218	79.2858
513.147	79.053
515.076	79.7742
517.005	80.1851
518.934	79.9041
520.863	79.7856
522.792	79.933
524.722	79.9492
526.651	79.8748
528.58	79.8065
530.509	79.6684
532.438	79.5555
534.367	79.6457
536.296	80.0203
538.225	80.5813
540.155	80.9162
542.084	80.7229
544.013	80.3591
545.942	80.3157
547.871	80.4535
549.8	80.4235
551.729	80.3372
553.658	80.4528
555.588	80.6926
557.517	80.8535
559.446	80.8784
561.375	80.7378
563.304	80.4463
565.233	80.2066
567.162	80.1747
569.091	80.2649
571.021	80.3906
572.95	80.5542
574.879	80.693
576.808	80.8317
578.737	81.1109
580.666	81.3841
582.595	81.3179
584.524	80.9579
586.454	80.6454
588.383	80.5262
590.312	80.5315
592.241	80.5498
594.17	80.5071
596.099	80.4554
598.028	80.4583
599.957	80.4423
601.887	80.3438
603.816	80.1987
605.745	80.0279
607.674	79.9092
609.603	79.9829
611.532	80.1773
613.461	80.2915
615.39	80.3301
617.32	80.3643
619.249	80.3402
621.178	80.29
623.107	80.3412
625.036	80.5266
626.965	80.8234
628.894	81.1627
630.823	81.3678
632.753	81.3817
634.682	81.4471
636.611	81.744
638.54	82.112
640.469	82.4142
642.398	82.7847
644.327	83.2985
646.256	83.7985
648.186	84.1439
650.115	84.3453
652.044	84.4807
653.973	84.5333
655.902	84.4281
657.831	84.2453
659.76	84.0335
661.689	83.6823
663.619	83.4258
665.548	83.8674
667.477	85.321
669.406	86.1707
671.335	85.5636
673.264	85.1691
675.193	85.4008
677.122	85.7873
679.052	86.041
680.981	86.2684
682.91	86.4178
684.839	86.4369
686.768	86.4563
688.697	86.5241
690.626	86.5755
692.555	86.565
694.485	86.4887
696.414	86.4039
698.343	86.3608
700.272	86.306
702.201	86.2128
704.13	86.1732
706.059	86.2073
707.988	86.2016
709.917	86.1433
711.847	86.1325
713.776	86.1584
715.705	86.1622
717.634	86.1891
719.563	86.1997
721.492	86.004
723.421	85.596
725.35	85.1715
727.28	84.7934
729.209	84.3633
731.138	83.8153
733.067	83.1743
734.996	82.5293
736.925	82.0254
738.854	81.7944
740.783	81.8271
742.713	81.9375
744.642	81.9358
746.571	81.8293
748.5	81.7781
750.429	81.888
752.358	82.1095
754.287	82.334
756.216	82.5414
758.146	82.7807
760.075	83.0421
762.004	83.2905
763.933	83.559
765.862	83.8492
767.791	84.0652
769.72	84.1587
771.649	84.1943
773.579	84.2472
775.508	84.3484
777.437	84.4785
779.366	84.574
781.295	84.5928
783.224	84.5294
785.153	84.3658
787.082	84.094
789.012	83.743
790.941	83.3292
792.87	82.8116
794.799	82.0485
796.728	80.7807
798.657	78.6789
800.586	75.3871
802.515	70.7991
804.445	65.7011
806.374	61.8431
808.303	60.7839
810.232	62.7564
812.161	66.8292
814.09	71.746
816.019	76.3597
817.948	79.8216
819.878	81.8748
821.807	82.8305
823.736	83.1625
825.665	83.2184
827.594	83.1705
829.523	83.0515
831.452	82.8336
833.381	82.4856
835.311	81.9861
837.24	81.3479
839.169	80.611
841.098	79.8115
843.027	79.0505
844.956	78.5457
846.885	78.4758
848.814	78.8144
850.744	79.3949
852.673	80.0525
854.602	80.6549
856.531	81.1079
858.46	81.3916
860.389	81.5434
862.318	81.6139
864.247	81.6544
866.177	81.6908
868.106	81.7098
870.035	81.699
871.964	81.6708
873.893	81.6418
875.822	81.6106
877.751	81.5467
879.68	81.4292
881.609	81.3104
883.539	81.2461
885.468	81.1729
887.397	80.9898
889.326	80.7162
891.255	80.4366
893.184	80.1677
895.113	79.8833
897.042	79.6009
898.972	79.3886
900.901	79.3053
902.83	79.338
904.759	79.4124
906.688	79.4572
908.617	79.4318
910.546	79.3327
912.475	79.1938
914.405	79.0246
916.334	78.7874
918.263	78.4841
920.192	78.1678
922.121	77.8585
924.05	77.5463
925.979	77.2382
927.908	76.9369
929.838	76.6396
931.767	76.339
933.696	75.9723
935.625	75.4717
937.554	74.876
939.483	74.2653
941.412	73.6185
943.341	72.8311
945.271	71.8268
947.2	70.6446
949.129	69.4464
951.058	68.3833
952.987	67.4452
954.916	66.4671
956.845	65.2348
958.774	63.6375
960.704	61.8142
962.633	60.0768
964.562	58.6486
966.491	57.5612
968.42	56.7458
970.349	56.0896
972.278	55.4547
974.207	54.7291
976.137	53.8587
978.066	52.8851
979.995	51.9891
981.924	51.416
983.853	51.3261
985.782	51.736
987.711	52.5547
989.64	53.6408
991.57	54.8613
993.499	56.0905
995.428	57.1579
997.357	57.9003
999.286	58.2873
1001.22	58.399
1003.14	58.2977
1005.07	58.036
1007	57.7544
1008.93	57.6207
1010.86	57.6699
1012.79	57.7906
1014.72	57.8422
1016.65	57.7184
1018.58	57.3439
1020.51	56.6972
1022.44	55.8442
1024.36	54.9418
1026.29	54.2184
1028.22	53.8694
1030.15	53.8584
1032.08	53.8709
1034.01	53.5873
1035.94	52.9671
1037.87	52.1759
1039.8	51.3393
1041.73	50.49
1043.66	49.6573
1045.58	48.8706
1047.51	48.1027
1049.44	47.2715
1051.37	46.3207
1053.3	45.3257
1055.23	44.5133
1057.16	44.1372
1059.09	44.3298
1061.02	45.0594
1062.95	46.1836
1064.88	47.5515
1066.81	49.1135
1068.73	50.9435
1070.66	53.1212
1072.59	55.6038
1074.52	58.2381
1076.45	60.8484
1078.38	63.2722
1080.31	65.3819
1082.24	67.1198
1084.17	68.455
1086.1	69.3238
1088.03	69.6984
1089.95	69.6476
1091.88	69.2433
1093.81	68.5095
1095.74	67.5235
1097.67	66.4382
1099.6	65.3617
1101.53	64.3184
1103.46	63.3219
1105.39	62.4
1107.32	61.5796
1109.25	60.9067
1111.18	60.4391
1113.1	60.2036
1115.03	60.1878
1116.96	60.3532
1118.89	60.6312
1120.82	60.9262
1122.75	61.1243
1124.68	61.094
1126.61	60.7038
1128.54	59.8469
1130.47	58.4399
1132.4	56.4243
1134.32	53.8232
1136.25	50.8086
1138.18	47.6664
1140.11	44.6758
1142.04	42.0439
1143.97	39.9033
1145.9	38.2825
1147.83	37.1204
1149.76	36.3505
1151.69	35.9118
1153.62	35.7131
1155.55	35.6867
1157.47	35.8322
1159.4	36.1456
1161.33	36.5778
1163.26	37.0912
1165.19	37.676
1167.12	38.3017
1169.05	38.9276
1170.98	39.555
1172.91	40.2062
1174.84	40.8777
1176.77	41.5609
1178.69	42.2719
1180.62	43.0285
1182.55	43.8381
1184.48	44.7029
1186.41	45.61
1188.34	46.5418
1190.27	47.5073
1192.2	48.5334
1194.13	49.6265
1196.06	50.7675
1197.99	51.944
1199.91	53.1678
1201.84	54.4446
1203.77	55.7521
1205.7	57.0701
1207.63	58.3965
1209.56	59.7203
1211.49	61.03
1213.42	62.3354
1215.35	63.595
1217.28	64.6547
1219.21	65.4028
1221.14	65.9548
1223.06	66.5034
1224.99	67.0476
1226.92	67.4302
1228.85	67.5525
1230.78	67.4162
1232.71	67.0598
1234.64	66.5408
1236.57	65.8991
1238.5	65.1467
1240.43	64.3152
1242.36	63.446
1244.28	62.5585
1246.21	61.6915
1248.14	60.9108
1250.07	60.254
1252	59.7331
1253.93	59.3642
1255.86	59.1597
1257.79	59.1247
1259.72	59.25
1261.65	59.5008
1263.58	59.8647
1265.51	60.3837
1267.43	61.0896
1269.36	61.9553
1271.29	62.9336
1273.22	63.9935
1275.15	65.1008
1277.08	66.2107
1279.01	67.3065
1280.94	68.3852
1282.87	69.3893
1284.8	70.2266
1286.73	70.8275
1288.65	71.1211
1290.58	71.0917
1292.51	70.9278
1294.44	70.9843
1296.37	71.5668
1298.3	72.7682
1300.23	74.4407
1302.16	76.2985
1304.09	78.0879
1306.02	79.6609
1307.95	80.945
1309.87	81.9442
1311.8	82.7197
1313.73	83.3178
1315.66	83.7638
1317.59	84.0776
1319.52	84.25
1321.45	84.285
1323.38	84.2518
1325.31	84.2351
1327.24	84.275
1329.17	84.3614
1331.1	84.4669
1333.02	84.5787
1334.95	84.7086
1336.88	84.8901
1338.81	85.1269
1340.74	85.3387
1342.67	85.4791
1344.6	85.6168
1346.53	85.7913
1348.46	85.9353
1350.39	85.9936
1352.32	86.0052
1354.24	85.9915
1356.17	85.9267
1358.1	85.8692
1360.03	85.9101
1361.96	85.9772
1363.89	85.913
1365.82	85.7414
1367.75	85.5258
1369.68	85.2691
1371.61	85.005
1373.54	84.6231
1375.47	83.9593
1377.39	83.2436
1379.32	82.7246
1381.25	82.3172
1383.18	81.9474
1385.11	81.5589
1387.04	80.9175
1388.97	80.0513
1390.9	79.2951
1392.83	78.6161
1394.76	77.8131
1396.69	76.7391
1398.61	75.1815
1400.54	73.1829
1402.47	70.978
1404.4	68.7393
1406.33	67.2294
1408.26	67.2936
1410.19	68.9266
1412.12	71.7427
1414.05	74.8414
1415.98	77.7409
1417.91	80.7834
1419.83	83.4591
1421.76	85.0189
1423.69	86.004
1425.62	86.7855
1427.55	87.2907
1429.48	87.4575
1431.41	87.3052
1433.34	87.042
1435.27	86.7855
1437.2	86.3446
1439.13	85.6691
1441.06	84.9309
1442.98	84.1493
1444.91	83.3696
1446.84	82.6378
1448.77	81.9198
1450.7	81.3697
1452.63	81.1883
1454.56	81.3781
1456.49	81.6989
1458.42	81.4097
1460.35	80.7566
1462.28	80.3764
1464.2	80.1817
1466.13	80.017
1468.06	80.145
1469.99	80.8639
1471.92	82.143
1473.85	83.3351
1475.78	84.1891
1477.71	85.2764
1479.64	86.6582
1481.57	88.0854
1483.5	89.4261
1485.43	90.6872
1487.35	91.9433
1489.28	93.0196
1491.21	93.5126
1493.14	93.7378
1495.07	94.1397
1497	94.6269
1498.93	94.8238
1500.86	94.8238
1502.79	94.9779
1504.72	95.5028
1506.65	96.2533
1508.57	96.1628
1510.5	95.5418
1512.43	95.2825
1514.36	95.4828
1516.29	95.8941
1518.22	96.2645
1520.15	96.5674
1522.08	96.709
1524.01	96.6129
1525.94	96.3687
1527.87	96.1231
1529.8	96.0675
1531.72	96.2403
1533.65	96.4057
1535.58	96.4274
1537.51	96.6491
1539.44	97.2799
1541.37	97.5626
1543.3	96.9953
1545.23	96.4693
1547.16	96.2927
1549.09	96.3499
1551.02	96.4317
1552.94	96.4447
1554.87	96.6048
1556.8	97.1262
1558.73	97.4937
1560.66	96.9252
1562.59	96.341
1564.52	96.1286
1566.45	96.1625
1568.38	96.2529
1570.31	96.156
1572.24	96.0062
1574.16	96.0633
1576.09	96.1582
1578.02	95.931
1579.95	95.6152
1581.88	95.4453
1583.81	95.3494
1585.74	95.284
1587.67	95.2691
1589.6	95.256
1591.53	95.2007
1593.46	95.1408
1595.39	95.0697
1597.31	94.9177
1599.24	94.7175
1601.17	94.5359
1603.1	94.2881
1605.03	93.9333
1606.96	93.5798
1608.89	93.0866
1610.82	92.2659
1612.75	91.4429
1614.68	90.8285
1616.61	90.198
1618.53	89.6925
1620.46	89.7323
1622.39	90.1628
1624.32	90.4395
1626.25	90.2998
1628.18	89.8099
1630.11	89.0024
1632.04	88.2684
1633.97	88.1248
1635.9	88.7493
1637.83	89.6318
1639.76	90.5487
1641.68	91.6172
1643.61	92.6969
1645.54	93.6619
1647.47	94.2135
1649.4	94.3083
1651.33	94.4867
1653.26	94.7213
1655.19	94.2793
1657.12	93.7473
1659.05	93.5508
1660.98	93.5001
1662.9	93.2919
1664.83	92.9723
1666.76	92.8634
1668.69	92.9477
1670.62	92.7709
1672.55	92.3364
1674.48	91.9058
1676.41	91.2168
1678.34	90.408
1680.27	89.9078
1682.2	89.4827
1684.12	88.6003
1686.05	87.3298
1687.98	85.8867
1689.91	84.315
1691.84	82.8004
1693.77	81.1569
1695.7	79.1829
1697.63	76.9349
1699.56	73.7928
1701.49	69.8573
1703.42	66.3629
1705.35	62.9043
1707.27	58.892
1709.2	55.246
1711.13	52.478
1713.06	50.2034
1714.99	48.3778
1716.92	46.5943
1718.85	44.4186
1720.78	42.9656
1722.71	42.5206
1724.64	42.5957
1726.57	43.2813
1728.49	44.6439
1730.42	46.3713
1732.35	48.7413
1734.28	51.8358
1736.21	54.485
1738.14	56.848
1740.07	59.7526
1742	62.9729
1743.93	66.0467
1745.86	69.2435
1747.79	72.7674
1749.72	76.4458
1751.64	79.8531
1753.57	82.7364
1755.5	85.369
1757.43	87.9658
1759.36	90.1868
1761.29	91.7972
1763.22	92.9895
1765.15	93.7753
1767.08	94.2521
1769.01	94.8413
1770.94	95.5677
1772.86	95.9077
1774.79	95.858
1776.72	95.8031
1778.65	95.8075
1780.58	95.8326
1782.51	95.8395
1784.44	95.8424
1786.37	95.9366
1788.3	96.1379
1790.23	96.4167
1792.16	96.6602
1794.08	96.6176
1796.01	96.4622
1797.94	96.506
1799.87	96.6221
1801.8	96.589
1803.73	96.5664
1805.66	96.6609
1807.59	96.7538
1809.52	96.7826
1811.45	96.7236
1813.38	96.625
1815.31	96.6276
1817.23	96.7277
1819.16	96.8371
1821.09	96.9983
1823.02	97.1899
1824.95	97.2719
1826.88	97.2924
1828.81	97.3515
1830.74	97.3372
1832.67	97.234
1834.6	97.2143
1836.53	97.3115
1838.45	97.4083
1840.38	97.4621
1842.31	97.5399
1844.24	97.6071
1846.17	97.5782
1848.1	97.5673
1850.03	97.6395
1851.96	97.6832
1853.89	97.6653
1855.82	97.6602
1857.75	97.653
1859.68	97.6048
1861.6	97.5561
1863.53	97.5958
1865.46	97.8402
1867.39	98.2521
1869.32	98.4482
1871.25	98.2357
1873.18	97.9718
1875.11	97.8907
1877.04	97.9413
1878.97	98.0249
1880.9	98.1239
1882.82	98.2481
1884.75	98.3438
1886.68	98.3606
1888.61	98.3552
1890.54	98.3922
1892.47	98.4521
1894.4	98.5357
1896.33	98.6349
1898.26	98.6708
1900.19	98.6474
1902.12	98.6307
1904.05	98.5846
1905.97	98.4966
1907.9	98.5062
1909.83	98.677
1911.76	98.8232
1913.69	98.7981
1915.62	98.7228
1917.55	98.7761
1919.48	98.9677
1921.41	99.1872
1923.34	99.2837
1925.27	99.1232
1927.19	98.8707
1929.12	98.845
1931.05	99.0122
1932.98	99.1034
1934.91	99.1002
1936.84	99.1405
1938.77	99.2396
1940.7	99.3717
1942.63	99.5058
1944.56	99.598
1946.49	99.6801
1948.41	99.7403
1950.34	99.6962
1952.27	99.5919
1954.2	99.5642
1956.13	99.6911
1958.06	99.9356
1959.99	100.087
1961.92	100.043
1963.85	100.147
1965.78	100.617
1967.71	100.979
1969.64	100.825
1971.56	100.527
1973.49	100.423
1975.42	100.347
1977.35	100.263
1979.28	100.394
1981.21	100.631
1983.14	100.659
1985.07	100.533
1987	100.484
1988.93	100.408
1990.86	100.149
1992.78	99.9538
1994.71	100.046
1996.64	100.209
1998.57	100.308
2000.5	100.526
2002.43	100.753
2004.36	100.602
2006.29	100.241
2008.22	100.204
2010.15	100.443
2012.08	100.505
2014.01	100.316
2015.93	100.103
2017.86	100.062
2019.79	100.279
2021.72	100.622
2023.65	100.816
2025.58	100.733
2027.51	100.488
2029.44	100.318
2031.37	100.348
2033.3	100.449
2035.23	100.477
2037.15	100.478
2039.08	100.496
2041.01	100.524
2042.94	100.567
2044.87	100.522
2046.8	100.352
2048.73	100.28
2050.66	100.343
2052.59	100.211
2054.52	99.8727
2056.45	99.7329
2058.37	99.8498
2060.3	99.8462
2062.23	99.6525
2064.16	99.5817
2066.09	99.6836
2068.02	99.7332
2069.95	99.748
2071.88	99.8334
2073.81	99.7994
2075.74	99.5098
2077.67	99.2241
2079.6	99.2198
2081.52	99.4429
2083.45	99.645
2085.38	99.6358
2087.31	99.4357
2089.24	99.2168
2091.17	99.0938
2093.1	99.1247
2095.03	99.3592
2096.96	99.6197
2098.89	99.5819
2100.82	99.3202
2102.74	99.2572
2104.67	99.4615
2106.6	99.6074
2108.53	99.6098
2110.46	99.6389
2112.39	99.6418
2114.32	99.506
2116.25	99.3765
2118.18	99.3309
2120.11	99.2513
2122.04	99.2127
2123.97	99.3864
2125.89	99.646
2127.82	99.7809
2129.75	99.8203
2131.68	99.8933
2133.61	100.056
2135.54	100.232
2137.47	100.25
2139.4	100.141
2141.33	100.128
2143.26	100.207
2145.19	100.21
2147.11	100.186
2149.04	100.26
2150.97	100.341
2152.9	100.304
2154.83	100.228
2156.76	100.267
2158.69	100.434
2160.62	100.591
2162.55	100.569
2164.48	100.307
2166.41	100.003
2168.33	99.9594
2170.26	100.108
2172.19	100.101
2174.12	99.9872
2176.05	100.154
2177.98	100.598
2179.91	100.934
2181.84	100.942
2183.77	100.673
2185.7	100.326
2187.63	100.144
2189.56	100.129
2191.48	100.07
2193.41	99.9308
2195.34	99.8488
2197.27	99.8502
2199.2	99.9377
2201.13	100.138
2203.06	100.249
2204.99	100.085
2206.92	99.9141
2208.85	99.9717
2210.78	99.9852
2212.7	99.8555
2214.63	99.9511
2216.56	100.218
2218.49	100.171
2220.42	99.9233
2222.35	99.9284
2224.28	99.9977
2226.21	99.7432
2228.14	99.4195
2230.07	99.4271
2232	99.6441
2233.93	99.7601
2235.85	99.714
2237.78	99.5836
2239.71	99.4616
2241.64	99.4607
2243.57	99.5701
2245.5	99.6297
2247.43	99.5871
2249.36	99.5539
2251.29	99.5687
2253.22	99.5664
2255.15	99.5325
2257.07	99.5165
2259	99.5975
2260.93	99.8231
2262.86	100.065
2264.79	100.118
2266.72	100.002
2268.65	99.9098
2270.58	99.9386
2272.51	100.045
2274.44	100.115
2276.37	100.037
2278.29	99.8257
2280.22	99.5894
2282.15	99.4382
2284.08	99.4878
2286.01	99.741
2287.94	99.981
2289.87	100.093
2291.8	100.275
2293.73	100.634
2295.66	100.991
2297.59	101.286
2299.52	101.638
2301.44	102.018
2303.37	102.37
2305.3	102.855
2307.23	103.573
2309.16	104.339
2311.09	104.953
2313.02	105.46
2314.95	106.094
2316.88	107.01
2318.81	108.057
2320.74	109.032
2322.66	110.038
2324.59	111.112
2326.52	111.977
2328.45	112.613
2330.38	113.24
2332.31	113.732
2334.24	113.975
2336.17	114.239
2338.1	114.664
2340.03	115.334
2341.96	116.073
2343.89	115.405
2345.81	112.826
2347.74	110.893
2349.67	111.026
2351.6	112.893
2353.53	115.715
2355.46	118.57
2357.39	120.997
2359.32	122.428
2361.25	122.098
2363.18	120.573
2365.11	118.71
2367.03	116.607
2368.96	114.278
2370.89	111.896
2372.82	109.497
2374.75	107.072
2376.68	104.891
2378.61	103.22
2380.54	101.869
2382.47	100.54
2384.4	99.3319
2386.33	98.5318
2388.26	98.1916
2390.18	98.1023
2392.11	98.0494
2394.04	97.9884
2395.97	97.9772
2397.9	98.001
2399.83	97.9665
2401.76	97.8592
2403.69	97.7756
2405.62	97.7748
2407.55	97.8185
2409.48	97.8876
2411.4	98.0065
2413.33	98.1043
2415.26	98.0651
2417.19	97.9456
2419.12	97.8918
2421.05	97.9017
2422.98	97.9181
2424.91	97.9913
2426.84	98.1499
2428.77	98.2893
2430.7	98.3041
2432.62	98.2336
2434.55	98.2047
2436.48	98.2338
2438.41	98.2174
2440.34	98.1401
2442.27	98.0543
2444.2	97.9434
2446.13	97.8731
2448.06	97.9586
2449.99	98.0391
2451.92	97.9229
2453.85	97.8378
2455.77	98.0123
2457.7	98.2051
2459.63	98.1767
2461.56	98.087
2463.49	98.0859
2465.42	98.0556
2467.35	97.9281
2469.28	97.8436
2471.21	97.9017
2473.14	98.0103
2475.07	98.0539
2476.99	98.0433
2478.92	98.0229
2480.85	97.9967
2482.78	97.9807
2484.71	97.9591
2486.64	97.8919
2488.57	97.8829
2490.5	98.0395
2492.43	98.1647
2494.36	98.0604
2496.29	97.9623
2498.22	98.1
2500.14	98.2234
2502.07	98.1401
2504	98.1293
2505.93	98.3319
2507.86	98.4432
2509.79	98.3138
2511.72	98.1563
2513.65	98.0697
2515.58	97.9628
2517.51	97.8583
2519.44	97.871
2521.36	98.016
2523.29	98.178
2525.22	98.1894
2527.15	97.9931
2529.08	97.7336
2531.01	97.5826
2532.94	97.5601
2534.87	97.6102
2536.8	97.721
2538.73	97.8925
2540.66	98.0567
2542.58	98.0936
2544.51	97.9589
2546.44	97.7726
2548.37	97.7094
2550.3	97.7913
2552.23	97.8645
2554.16	97.8242
2556.09	97.7554
2558.02	97.7655
2559.95	97.8153
2561.88	97.8255
2563.81	97.8164
2565.73	97.8578
2567.66	97.9388
2569.59	97.9326
2571.52	97.7803
2573.45	97.6541
2575.38	97.686
2577.31	97.6965
2579.24	97.5521
2581.17	97.4702
2583.1	97.6055
2585.03	97.7695
2586.95	97.7988
2588.88	97.7654
2590.81	97.7437
2592.74	97.7074
2594.67	97.6239
2596.6	97.4987
2598.53	97.3922
2600.46	97.3755
2602.39	97.4264
2604.32	97.4626
2606.25	97.4658
2608.18	97.4659
2610.1	97.4365
2612.03	97.3238
2613.96	97.1764
2615.89	97.1113
2617.82	97.1319
2619.75	97.135
2621.68	97.0899
2623.61	97.0339
2625.54	96.9763
2627.47	96.9431
2629.4	96.9578
2631.32	96.9568
2633.25	96.9012
2635.18	96.8535
2637.11	96.8312
2639.04	96.7956
2640.97	96.7622
2642.9	96.7327
2644.83	96.6742
2646.76	96.6293
2648.69	96.6258
2650.62	96.5897
2652.54	96.5222
2654.47	96.5123
2656.4	96.5267
2658.33	96.4712
2660.26	96.3751
2662.19	96.3081
2664.12	96.2849
2666.05	96.3079
2667.98	96.3363
2669.91	96.297
2671.84	96.2274
2673.77	96.2307
2675.69	96.2933
2677.62	96.3423
2679.55	96.3859
2681.48	96.4354
2683.41	96.4361
2685.34	96.3776
2687.27	96.3241
2689.2	96.2931
2691.13	96.2492
2693.06	96.2101
2694.99	96.218
2696.91	96.2427
2698.84	96.2394
2700.77	96.2287
2702.7	96.2266
2704.63	96.2016
2706.56	96.1473
2708.49	96.0993
2710.42	96.0829
2712.35	96.0963
2714.28	96.1089
2716.21	96.0872
2718.14	96.0409
2720.06	95.9899
2721.99	95.9312
2723.92	95.8902
2725.85	95.88
2727.78	95.8325
2729.71	95.7415
2731.64	95.7304
2733.57	95.8026
2735.5	95.7915
2737.43	95.6914
2739.36	95.6944
2741.28	95.8246
2743.21	95.8982
2745.14	95.858
2747.07	95.809
2749	95.7773
2750.93	95.7326
2752.86	95.7308
2754.79	95.7932
2756.72	95.8286
2758.65	95.8134
2760.58	95.7953
2762.51	95.7374
2764.43	95.6347
2766.36	95.5768
2768.29	95.5156
2770.22	95.3623
2772.15	95.2913
2774.08	95.4513
2776.01	95.6152
2777.94	95.5625
2779.87	95.4151
2781.8	95.3321
2783.73	95.3054
2785.65	95.3064
2787.58	95.3253
2789.51	95.3377
2791.44	95.3348
2793.37	95.3135
2795.3	95.2884
2797.23	95.2833
2799.16	95.2609
2801.09	95.2228
2803.02	95.2652
2804.95	95.3274
2806.87	95.2086
2808.8	94.9593
2810.73	94.8067
2812.66	94.7711
2814.59	94.7558
2816.52	94.7324
2818.45	94.6412
2820.38	94.4642
2822.31	94.3193
2824.24	94.2128
2826.17	94.0299
2828.1	93.8398
2830.02	93.7608
2831.95	93.6556
2833.88	93.3726
2835.81	93.0329
2837.74	92.8119
2839.67	92.694
2841.6	92.5512
2843.53	92.3099
2845.46	92.0222
2847.39	91.7649
2849.32	91.494
2851.24	91.1311
2853.17	90.6885
2855.1	90.1554
2857.03	89.4962
2858.96	88.8292
2860.89	88.3069
2862.82	87.8759
2864.75	87.4236
2866.68	86.9742
2868.61	86.5508
2870.54	86.1261
2872.47	85.8257
2874.39	85.8786
2876.32	86.2858
2878.25	86.7658
2880.18	87.087
2882.11	87.2825
2884.04	87.4856
2885.97	87.7151
2887.9	87.8864
2889.83	87.9444
2891.76	87.9161
2893.69	87.8417
2895.61	87.7065
2897.54	87.493
2899.47	87.2705
2901.4	87.1602
2903.33	87.1876
2905.26	87.2297
2907.19	87.167
2909.12	87.0464
2911.05	86.9608
2912.98	86.8264
2914.91	86.5114
2916.83	86.122
2918.76	85.8409
2920.69	85.5603
2922.62	85.0437
2924.55	84.3417
2926.48	83.7052
2928.41	83.2569
2930.34	82.9989
2932.27	82.9086
2934.2	82.9081
2936.13	82.9981
2938.06	83.3277
2939.98	83.8619
2941.91	84.29
2943.84	84.4857
2945.77	84.5969
2947.7	84.587
2949.63	84.2362
2951.56	83.5915
2953.49	82.9708
2955.42	82.5987
2957.35	82.4861
2959.28	82.5789
2961.2	82.8931
2963.13	83.4539
2965.06	84.2114
2966.99	85.1551
2968.92	86.3069
2970.85	87.5127
2972.78	88.582
2974.71	89.553
2976.64	90.4594
2978.57	91.1606
2980.5	91.6499
2982.43	92.0955
2984.35	92.5467
2986.28	92.9555
2988.21	93.3433
2990.14	93.7436
2992.07	94.1113
2994	94.3545
2995.93	94.4787
2997.86	94.639
2999.79	94.8715
3001.72	95.0076
3003.65	95.0671
3005.57	95.2774
3007.5	95.5892
3009.43	95.7441
3011.36	95.7601
3013.29	95.817
3015.22	95.8865
3017.15	95.8854
3019.08	95.9178
3021.01	96.0638
3022.94	96.1702
3024.87	96.1016
3026.79	96.0014
3028.72	96.048
3030.65	96.1635
3032.58	96.2046
3034.51	96.189
3036.44	96.1646
3038.37	96.1593
3040.3	96.2703
3042.23	96.4453
3044.16	96.3795
3046.09	96.0144
3048.02	95.7735
3049.94	95.9412
3051.87	96.2301
3053.8	96.2748
3055.73	96.1386
3057.66	96.0771
3059.59	96.1286
3061.52	96.156
3063.45	96.1149
3065.38	96.0978
3067.31	96.1565
3069.24	96.2051
3071.16	96.1593
3073.09	96.0766
3075.02	96.0671
3076.95	96.147
3078.88	96.2373
3080.81	96.2487
3082.74	96.1987
3084.67	96.2143
3086.6	96.2921
3088.53	96.2318
3090.46	95.9997
3092.39	95.8437
3094.31	95.8787
3096.24	95.9466
3098.17	95.9521
3100.1	95.9483
3102.03	95.9321
3103.96	95.8885
3105.89	95.8815
3107.82	95.903
3109.75	95.8684
3111.68	95.8283
3113.61	95.9011
3115.53	96.0187
3117.46	96.0317
3119.39	95.9655
3121.32	95.8975
3123.25	95.7629
3125.18	95.56
3127.11	95.5204
3129.04	95.7969
3130.97	96.1862
3132.9	96.3592
3134.83	96.223
3136.75	95.9515
3138.68	95.742
3140.61	95.6311
3142.54	95.5626
3144.47	95.5697
3146.4	95.6933
3148.33	95.7524
3150.26	95.5832
3152.19	95.4055
3154.12	95.4493
3156.05	95.5313
3157.98	95.4787
3159.9	95.4575
3161.83	95.5509
3163.76	95.6373
3165.69	95.6995
3167.62	95.7476
3169.55	95.7123
3171.48	95.6253
3173.41	95.5189
3175.34	95.3224
3177.27	95.1334
3179.2	95.156
3181.12	95.307
3183.05	95.3235
3184.98	95.1284
3186.91	94.8757
3188.84	94.7953
3190.77	94.9384
3192.7	95.0684
3194.63	95.0174
3196.56	94.9186
3198.49	94.8834
3200.42	94.8606
3202.35	94.8391
3204.27	94.8076
3206.2	94.7045
3208.13	94.5954
3210.06	94.5898
3211.99	94.6362
3213.92	94.6656
3215.85	94.6937
3217.78	94.6827
3219.71	94.5999
3221.64	94.5065
3223.57	94.392
3225.49	94.2231
3227.42	94.1546
3229.35	94.2716
3231.28	94.3422
3233.21	94.2309
3235.14	94.129
3237.07	94.1368
3239	94.1436
3240.93	94.1232
3242.86	94.0899
3244.79	93.9909
3246.72	93.8919
3248.64	93.9003
3250.57	93.9448
3252.5	93.9495
3254.43	93.951
3256.36	93.8837
3258.29	93.6474
3260.22	93.3898
3262.15	93.3362
3264.08	93.4222
3266.01	93.4231
3267.94	93.3509
3269.86	93.3877
3271.79	93.5005
3273.72	93.4845
3275.65	93.3128
3277.58	93.1301
3279.51	93.0426
3281.44	93.0949
3283.37	93.2162
3285.3	93.2148
3287.23	93.0352
3289.16	92.8139
3291.08	92.6259
3293.01	92.4679
3294.94	92.3817
3296.87	92.3683
3298.8	92.377
3300.73	92.415
3302.66	92.458
3304.59	92.3939
3306.52	92.2371
3308.45	92.1662
3310.38	92.2146
3312.31	92.1919
3314.23	92.0568
3316.16	92.0089
3318.09	92.0591
3320.02	91.9906
3321.95	91.8406
3323.88	91.8217
3325.81	91.8467
3327.74	91.7511
3329.67	91.6697
3331.6	91.7006
3333.53	91.6991
3335.45	91.6294
3337.38	91.5858
3339.31	91.5445
3341.24	91.5022
3343.17	91.539
3345.1	91.5671
3347.03	91.4474
3348.96	91.3192
3350.89	91.3678
3352.82	91.4673
3354.75	91.4096
3356.68	91.2834
3358.6	91.307
3360.53	91.404
3362.46	91.3354
3364.39	91.1634
3366.32	91.0966
3368.25	91.0399
3370.18	90.8917
3372.11	90.9363
3374.04	91.3191
3375.97	91.615
3377.9	91.4964
3379.82	91.257
3381.75	91.2155
3383.68	91.2301
3385.61	91.1266
3387.54	91.0229
3389.47	91.0285
3391.4	91.0956
3393.33	91.1593
3395.26	91.1362
3397.19	91.006
3399.12	90.9501
3401.04	91.0812
3402.97	91.2306
3404.9	91.2715
3406.83	91.2753
3408.76	91.2484
3410.69	91.1639
3412.62	91.1455
3414.55	91.2494
3416.48	91.3519
3418.41	91.4006
3420.34	91.4073
3422.27	91.3014
3424.19	91.14
3426.12	91.1176
3428.05	91.2205
3429.98	91.2917
3431.91	91.2844
3433.84	91.1512
3435.77	90.9017
3437.7	90.8414
3439.63	91.1457
3441.56	91.4331
3443.49	91.3941
3445.41	91.3217
3447.34	91.4681
3449.27	91.6168
3451.2	91.6285
3453.13	91.5972
3455.06	91.5012
3456.99	91.3535
3458.92	91.3076
3460.85	91.3314
3462.78	91.3306
3464.71	91.3978
3466.64	91.4606
3468.56	91.322
3470.49	91.2051
3472.42	91.3871
3474.35	91.5713
3476.28	91.4611
3478.21	91.3235
3480.14	91.3541
3482.07	91.3554
3484	91.2808
3485.93	91.317
3487.86	91.4876
3489.78	91.6456
3491.71	91.6384
3493.64	91.4734
3495.57	91.4099
3497.5	91.579
3499.43	91.6852
3501.36	91.5522
3503.29	91.4304
3505.22	91.456
3507.15	91.4777
3509.08	91.4884
3511	91.5325
3512.93	91.4846
3514.86	91.3522
3516.79	91.3413
3518.72	91.4698
3520.65	91.5275
3522.58	91.4796
3524.51	91.5344
3526.44	91.7192
3528.37	91.7802
3530.3	91.669
3532.23	91.6395
3534.15	91.7337
3536.08	91.7128
3538.01	91.5503
3539.94	91.555
3541.87	91.8557
3543.8	92.1152
3545.73	91.9667
3547.66	91.7292
3549.59	91.9761
3551.52	92.4962
3553.45	92.647
3555.37	92.4133
3557.3	92.2715
3559.23	92.3231
3561.16	92.466
3563.09	92.7811
3565.02	93.2696
3566.95	93.652
3568.88	93.7546
3570.81	93.7765
3572.74	93.8527
3574.67	94.0784
3576.6	94.532
3578.52	94.9446
3580.45	94.9759
3582.38	94.8218
3584.31	94.8612
3586.24	95.0292
3588.17	95.1964
3590.1	95.5689
3592.03	96.103
3593.96	96.4678
3595.89	96.563
3597.82	96.6022
3599.74	96.6549
3601.67	96.6536
3603.6	96.6478
3605.53	96.6526
3607.46	96.6257
3609.39	96.7073
3611.32	97.0407
3613.25	97.3694
3615.18	97.3642
3617.11	97.194
3619.04	97.2677
3620.97	97.5418
3622.89	97.666
3624.82	97.6597
3626.75	97.7346
3628.68	97.9959
3630.61	98.1953
3632.54	97.9636
3634.47	97.4053
3636.4	96.9992
3638.33	97.009
3640.26	97.0912
3642.19	96.9747
3644.11	96.9491
3646.04	97.3904
3647.97	98.2303
3649.9	98.5436
3651.83	97.8854
3653.76	97.2782
3655.69	97.1228
3657.62	97.059
3659.55	96.8134
3661.48	96.698
3663.41	96.9111
3665.33	97.242
3667.26	97.5929
3669.19	98.041
3671.12	98.3452
3673.05	98.3527
3674.98	98.2413
3676.91	97.929
3678.84	97.4559
3680.77	97.1679
3682.7	97.2241
3684.63	97.5343
3686.56	97.9346
3688.48	98.439
3690.41	98.9572
3692.34	99.0661
3694.27	98.7369
3696.2	98.35
3698.13	98.2093
3700.06	98.25
3701.99	98.2382
3703.92	98.1266
3705.85	98.0756
3707.78	98.2559
3709.7	98.6077
3711.63	98.6279
3713.56	98.1954
3715.49	97.9324
3717.42	97.9866
3719.35	98.1462
3721.28	98.4418
3723.21	98.9889
3725.14	99.4689
3727.07	99.5175
3729	99.3521
3730.93	99.3046
3732.85	99.3685
3734.78	99.3652
3736.71	99.2449
3738.64	99.1297
3740.57	99.0792
3742.5	99.077
3744.43	99.0558
3746.36	98.9401
3748.29	98.8026
3750.22	98.6568
3752.15	98.3397
3754.07	97.9277
3756	97.7013
3757.93	97.7378
3759.86	97.8583
3761.79	97.8412
3763.72	97.7496
3765.65	97.684
3767.58	97.6599
3769.51	97.7025
3771.44	97.7034
3773.37	97.502
3775.29	97.2752
3777.22	97.3337
3779.15	97.6017
3781.08	97.6304
3783.01	97.4096
3784.94	97.3007
3786.87	97.3192
3788.8	97.251
3790.73	97.1989
3792.66	97.3615
3794.59	97.5962
3796.52	97.7176
3798.44	97.9193
3800.37	98.2642
3802.3	98.2862
3804.23	97.9117
3806.16	97.622
3808.09	97.5345
3810.02	97.5255
3811.95	97.6052
3813.88	97.7984
3815.81	98.0337
3817.74	98.2463
3819.66	98.4001
3821.59	98.3332
3823.52	98.0068
3825.45	97.6549
3827.38	97.4428
3829.31	97.4518
3831.24	97.6129
3833.17	97.7616
3835.1	97.9464
3837.03	98.2715
3838.96	98.4703
3840.89	98.2931
3842.81	97.9912
3844.74	97.7467
3846.67	97.5521
3848.6	97.5097
3850.53	97.7738
3852.46	98.2733
3854.39	98.3371
3856.32	97.8121
3858.25	97.464
3860.18	97.5335
3862.11	97.8492
3864.03	98.0725
3865.96	98.0917
3867.89	98.0898
3869.82	98.1173
3871.75	98.0145
3873.68	97.7471
3875.61	97.5461
3877.54	97.5513
3879.47	97.6228
3881.4	97.5688
3883.33	97.4936
3885.25	97.5578
3887.18	97.6237
3889.11	97.5429
3891.04	97.3901
3892.97	97.3047
3894.9	97.3693
3896.83	97.5271
3898.76	97.635
3900.69	97.6703
3902.62	97.8031
3904.55	97.9001
3906.48	97.6554
3908.4	97.2954
3910.33	97.1707
3912.26	97.2357
3914.19	97.2892
3916.12	97.346
3918.05	97.4658
3919.98	97.5385
3921.91	97.5225
3923.84	97.4749
3925.77	97.4252
3927.7	97.457
3929.62	97.595
3931.55	97.6509
3933.48	97.5041
3935.41	97.3268
3937.34	97.2113
3939.27	97.1189
3941.2	97.153
3943.13	97.3746
3945.06	97.5428
3946.99	97.4727
3948.92	97.2814
3950.85	97.1192
3952.77	97.0052
3954.7	96.9406
3956.63	96.9505
3958.56	97.0076
3960.49	97.0617
3962.42	97.1379
3964.35	97.2581
3966.28	97.3101
3968.21	97.1968
3970.14	97.0339
3972.07	96.9833
3973.99	97.0032
3975.92	96.979
3977.85	96.9233
3979.78	96.8918
3981.71	96.8766
3983.64	96.8812
3985.57	96.9573
3987.5	97.0771
3989.43	97.0997
3991.36	96.9993
3993.29	96.9366
3995.22	96.9617
3997.14	96.9641
