499.643	85.8093
501.572	85.7665
503.501	87.2577
505.43	88.4474
507.36	88.5644
509.289	88.5648
511.218	89.2607
513.147	90.1475
515.076	90.3998
517.005	90.0507
518.934	89.5944
520.863	89.2058
522.792	88.9876
524.722	89.0834
526.651	89.2806
528.58	89.2417
530.509	88.9982
532.438	88.7718
534.367	88.7703
536.296	89.034
538.225	89.2905
540.155	89.4068
542.084	89.733
544.013	90.3826
545.942	90.8003
547.871	90.6801
549.8	90.4469
551.729	90.3498
553.658	90.1806
555.588	90.0176
557.517	90.1577
559.446	90.4801
561.375	90.7045
563.304	90.8224
565.233	90.8485
567.162	90.7481
569.091	90.5848
571.021	90.3522
572.95	90.04
574.879	89.8862
576.808	90.0752
578.737	90.4051
580.666	90.5626
582.595	90.3923
584.524	89.8778
586.454	89.1312
588.383	88.341
590.312	87.6761
592.241	87.2486
594.17	87.0537
596.099	86.9677
598.028	86.8911
599.957	86.8468
601.887	86.9626
603.816	87.3378
605.745	87.8812
607.674	88.3861
609.603	88.8159
611.532	89.3036
613.461	89.8157
615.39	90.1244
617.32	90.2024
619.249	90.3113
621.178	90.5331
623.107	90.6477
625.036	90.5497
626.965	90.3698
628.894	90.1586
630.823	89.8223
632.753	89.3949
634.682	89.0523
636.611	88.7907
638.54	88.2978
640.469	87.279
642.398	85.8396
644.327	84.3833
646.256	83.1419
648.186	82.1592
650.115	81.5718
652.044	81.4022
653.973	81.527
655.902	81.9559
657.831	82.7243
659.76	83.8237
661.689	85.0583
663.619	86.0987
665.548	87.269
667.477	89.3578
669.406	91.3356
671.335	91.6918
673.264	91.766
675.193	92.2641
677.122	92.8554
679.052	93.2313
680.981	93.4624
682.91	93.5662
684.839	93.6121
686.768	93.7147
688.697	93.8026
690.626	93.8353
692.555	93.9327
694.485	94.0901
696.414	94.1653
698.343	94.1286
700.272	94.0538
702.201	94.0157
704.13	94.0747
706.059	94.1866
707.988	94.2215
709.917	94.181
711.847	94.1636
713.776	94.1526
715.705	94.1266
717.634	94.1787
719.563	94.2848
721.492	94.2762
723.421	94.1797
725.35	94.1628
727.28	94.1849
729.209	94.079
731.138	93.8333
733.067	93.5374
734.996	93.2326
736.925	92.9656
738.854	92.8212
740.783	92.8253
742.713	92.9254
744.642	93.0784
746.571	93.2478
748.5	93.3579
750.429	93.396
752.358	93.48
754.287	93.673
756.216	93.8553
758.146	93.9237
760.075	93.9381
762.004	93.9715
763.933	94.0112
765.862	94.0417
767.791	94.0631
769.72	94.0696
771.649	94.0829
773.579	94.1088
775.508	94.0903
777.437	94.0081
779.366	93.915
781.295	93.821
783.224	93.6951
785.153	93.5512
787.082	93.39
789.012	93.1447
790.941	92.7731
792.87	92.2969
794.799	91.7156
796.728	90.9637
798.657	89.9567
800.586	88.6366
802.515	86.9447
804.445	84.7264
806.374	81.7558
808.303	78.0818
810.232	74.4231
812.161	71.9779
814.09	71.6151
816.019	73.2886
817.948	76.1901
819.878	79.3281
821.807	82.0651
823.736	84.2465
825.665	85.9157
827.594	87.1138
829.523	87.9539
831.452	88.5769
833.381	88.9957
835.311	89.1625
837.24	89.0767
839.169	88.732
841.098	88.1548
843.027	87.512
844.956	87.016
846.885	86.7728
848.814	86.7791
850.744	86.9659
852.673	87.2617
854.602	87.6525
856.531	88.1285
858.46	88.6216
860.389	89.0521
862.318	89.3644
864.247	89.5103
866.177	89.4634
868.106	89.2357
870.035	88.8579
871.964	88.3639
873.893	87.7828
875.822	87.1346
877.751	86.4541
879.68	85.8186
881.609	85.3367
883.539	85.0966
885.468	85.09
887.397	85.1865
889.326	85.2299
891.255	85.1788
893.184	85.1246
895.113	85.1848
897.042	85.4264
898.972	85.891
900.901	86.6217
902.83	87.609
904.759	88.7148
906.688	89.7028
908.617	90.3962
910.546	90.7845
912.475	90.9331
914.405	90.8521
916.334	90.5115
918.263	89.8985
920.192	88.9864
922.121	87.7062
924.05	85.9834
925.979	83.761
927.908	80.9926
929.838	77.6828
931.767	73.9889
933.696	70.2672
935.625	66.9794
937.554	64.5254
939.483	63.1184
941.412	62.7396
943.341	63.1828
945.271	64.1879
947.2	65.5685
949.129	67.2131
951.058	69.0237
952.987	70.9054
954.916	72.7599
956.845	74.4692
958.774	75.9758
960.704	77.3936
962.633	78.9388
964.562	80.7386
966.491	82.7408
968.42	84.7509
970.349	86.5141
972.278	87.8453
974.207	88.7361
976.137	89.2921
978.066	89.5713
979.995	89.5553
981.924	89.2435
983.853	88.6815
985.782	87.9441
987.711	87.1901
989.64	86.6362
991.57	86.3464
993.499	86.1241
995.428	85.6585
997.357	84.6741
999.286	83.0563
1001.22	81.0793
1003.14	79.3572
1005.07	78.3193
1007	77.9019
1008.93	77.8995
1010.86	78.3124
1012.79	79.1465
1014.72	80.1255
1016.65	80.819
1018.58	80.9497
1020.51	80.4608
1022.44	79.3884
1024.36	77.8651
1026.29	76.2589
1028.22	75.0445
1030.15	74.3705
1032.08	73.9244
1034.01	73.348
1035.94	72.6131
1037.87	71.922
1039.8	71.4399
1041.73	71.2277
1043.66	71.3247
1045.58	71.7716
1047.51	72.5314
1049.44	73.4368
1051.37	74.2539
1053.3	74.8027
1055.23	75.0759
1057.16	75.2737
1059.09	75.6406
1061.02	76.2186
1062.95	76.7852
1064.88	77.0358
1066.81	76.8697
1068.73	76.5558
1070.66	76.542
1072.59	77.065
1074.52	78.0222
1076.45	79.1702
1078.38	80.3232
1080.31	81.3965
1082.24	82.3469
1084.17	83.0949
1086.1	83.5609
1088.03	83.7609
1089.95	83.7455
1091.88	83.4677
1093.81	82.853
1095.74	81.9782
1097.67	81.0318
1099.6	80.0992
1101.53	79.1043
1103.46	77.9722
1105.39	76.7272
1107.32	75.3988
1109.25	73.9612
1111.18	72.4
1113.1	70.7393
1115.03	68.998
1116.96	67.1972
1118.89	65.3846
1120.82	63.5905
1122.75	61.8206
1124.68	60.1058
1126.61	58.4382
1128.54	56.656
1130.47	54.5291
1132.4	51.9253
1134.32	48.8198
1136.25	45.3103
1138.18	41.7045
1140.11	38.4226
1142.04	35.7812
1143.97	33.9435
1145.9	32.9733
1147.83	32.8538
1149.76	33.501
1151.69	34.7742
1153.62	36.5058
1155.55	38.5658
1157.47	40.8522
1159.4	43.2244
1161.33	45.5379
1163.26	47.7062
1165.19	49.6552
1167.12	51.2991
1169.05	52.6273
1170.98	53.7391
1172.91	54.7609
1174.84	55.7979
1176.77	56.9515
1178.69	58.2901
1180.62	59.8169
1182.55	61.523
1184.48	63.4195
1186.41	65.487
1188.34	67.6866
1190.27	70.029
1192.2	72.551
1194.13	75.2527
1196.06	78.0921
1197.99	80.9958
1199.91	83.8942
1201.84	86.6917
1203.77	89.1599
1205.7	91.1076
1207.63	92.6436
1209.56	93.993
1211.49	95.4653
1213.42	97.5943
1215.35	100.173
1217.28	101.476
1219.21	100.528
1221.14	99.1309
1223.06	99.1604
1224.99	100.277
1226.92	101.207
1228.85	101.427
1230.78	100.866
1232.71	99.4283
1234.64	97.3474
1236.57	95.0603
1238.5	92.875
1240.43	90.9993
1242.36	89.5238
1244.28	88.4166
1246.21	87.6699
1248.14	87.2927
1250.07	87.2162
1252	87.3365
1253.93	87.5453
1255.86	87.7207
1257.79	87.7905
1259.72	87.7441
1261.65	87.5633
1263.58	87.2175
1265.51	86.7122
1267.43	86.0872
1269.36	85.3729
1271.29	84.5723
1273.22	83.7075
1275.15	82.833
1277.08	81.9433
1279.01	80.8931
1280.94	79.4309
1282.87	77.2971
1284.8	74.2512
1286.73	70.1264
1288.65	65.212
1290.58	60.5946
1292.51	57.648
1294.44	57.1389
1296.37	58.9413
1298.3	62.2689
1300.23	66.047
1302.16	69.3607
1304.09	71.7474
1306.02	73.0573
1307.95	73.2529
1309.87	72.5317
1311.8	71.4629
1313.73	70.757
1315.66	70.6792
1317.59	70.8841
1319.52	71.108
1321.45	71.6243
1323.38	72.7693
1325.31	74.5365
1327.24	76.7304
1329.17	79.1856
1331.1	81.801
1333.02	84.3421
1334.95	86.5004
1336.88	88.2474
1338.81	89.7159
1340.74	90.9181
1342.67	91.9899
1344.6	93.2565
1346.53	94.8404
1348.46	96.5507
1350.39	98.1043
1352.32	99.297
1354.24	100.016
1356.17	100.296
1358.1	100.336
1360.03	100.379
1361.96	100.467
1363.89	100.112
1365.82	98.862
1367.75	97.3203
1369.68	96.6304
1371.61	96.8646
1373.54	96.7692
1375.47	95.6865
1377.39	94.4922
1379.32	93.829
1381.25	93.5267
1383.18	93.3988
1385.11	93.2928
1387.04	92.9493
1388.97	92.377
1390.9	91.803
1392.83	91.16
1394.76	90.3331
1396.69	89.3476
1398.61	88.1823
1400.54	87.0669
1402.47	86.4333
1404.4	86.3842
1406.33	86.7421
1408.26	87.3007
1410.19	88.0127
1412.12	88.8551
1414.05	89.6459
1415.98	90.3103
1417.91	90.899
1419.83	91.3097
1421.76	91.4514
1423.69	91.3722
1425.62	91.1481
1427.55	90.8269
1429.48	90.2528
1431.41	89.3827
1433.34	88.4866
1435.27	87.5363
1437.2	86.4004
1439.13	85.5116
1441.06	85.006
1442.98	84.5583
1444.91	83.9964
1446.84	83.1956
1448.77	81.9792
1450.7	80.735
1452.63	80.202
1454.56	80.5721
1456.49	81.8483
1458.42	83.4431
1460.35	84.5298
1462.28	85.5304
1464.2	86.7682
1466.13	87.955
1468.06	88.8841
1469.99	89.8838
1471.92	91.041
1473.85	91.8616
1475.78	92.2287
1477.71	92.5718
1479.64	92.9818
1481.57	93.44
1483.5	93.9644
1485.43	94.5328
1487.35	95.1066
1489.28	95.5445
1491.21	95.7091
1493.14	95.8288
1495.07	96.086
1497	96.3893
1498.93	96.5491
1500.86	96.6202
1502.79	96.7479
1504.72	96.9875
1506.65	97.277
1508.57	97.308
1510.5	97.1709
1512.43	97.1141
1514.36	97.1789
1516.29	97.3155
1518.22	97.4278
1520.15	97.4793
1522.08	97.5093
1524.01	97.5315
1525.94	97.4846
1527.87	97.3836
1529.8	97.3413
1531.72	97.3758
1533.65	97.3931
1535.58	97.3883
1537.51	97.4831
1539.44	97.693
1541.37	97.7471
1543.3	97.5326
1545.23	97.3233
1547.16	97.2134
1549.09	97.1943
1551.02	97.206
1552.94	97.2168
1554.87	97.2922
1556.8	97.4731
1558.73	97.5703
1560.66	97.3527
1562.59	97.1002
1564.52	96.9571
1566.45	96.9449
1568.38	96.9781
1570.31	96.8758
1572.24	96.7536
1574.16	96.7933
1576.09	96.845
1578.02	96.6649
1579.95	96.4357
1581.88	96.3201
1583.81	96.2701
1585.74	96.2114
1587.67	96.1211
1589.6	96.0435
1591.53	96.019
1593.46	95.9962
1595.39	95.9232
1597.31	95.8319
1599.24	95.7378
1601.17	95.6027
1603.1	95.4106
1605.03	95.2164
1606.96	95.0772
1608.89	94.9068
1610.82	94.604
1612.75	94.3128
1614.68	94.0883
1616.61	93.6369
1618.53	92.9408
1620.46	92.2839
1622.39	91.4732
1624.32	90.4548
1626.25	89.4924
1628.18	88.3177
1630.11	86.8207
1632.04	85.4857
1633.97	84.2446
1635.9	82.6335
1637.83	81.7908
1639.76	83.0421
1641.68	85.6885
1643.61	88.5536
1645.54	91.1149
1647.47	93.0698
1649.4	94.0069
1651.33	94.4106
1653.26	94.8019
1655.19	94.976
1657.12	94.9537
1659.05	95.0015
1660.98	95.0436
1662.9	94.8989
1664.83	94.6773
1666.76	94.5721
1668.69	94.5392
1670.62	94.3697
1672.55	94.0946
1674.48	93.7956
1676.41	93.2773
1678.34	92.6644
1680.27	92.2448
1682.2	91.8415
1684.12	91.1816
1686.05	90.4325
1687.98	89.574
1689.91	88.5047
1691.84	87.3171
1693.77	85.8107
1695.7	83.8281
1697.63	81.569
1699.56	78.5509
1701.49	74.7579
1703.42	71.4755
1705.35	68.4595
1707.27	65.0024
1709.2	61.8896
1711.13	59.598
1713.06	57.6142
1714.99	56.1081
1716.92	55.4604
1718.85	55.2724
1720.78	56.1068
1722.71	58.5409
1724.64	62.2652
1726.57	67.0843
1728.49	72.6779
1730.42	78.4444
1732.35	84.9016
1734.28	92.7868
1736.21	99.4354
1738.14	103.238
1740.07	105.726
1742	107.746
1743.93	108.906
1745.86	109.498
1747.79	110.001
1749.72	110.212
1751.64	110.137
1753.57	109.937
1755.5	109.433
1757.43	108.813
1759.36	108.298
1761.29	107.516
1763.22	106.399
1765.15	105.388
1767.08	104.539
1769.01	103.791
1770.94	103.218
1772.86	102.582
1774.79	101.772
1776.72	101.139
1778.65	100.763
1780.58	100.478
1782.51	100.219
1784.44	100.007
1786.37	99.8612
1788.3	99.7885
1790.23	99.7292
1792.16	99.5704
1794.08	99.3
1796.01	99.0648
1797.94	98.9263
1799.87	98.8197
1801.8	98.6787
1803.73	98.5481
1805.66	98.465
1807.59	98.4042
1809.52	98.3613
1811.45	98.3153
1813.38	98.2399
1815.31	98.1979
1817.23	98.2332
1819.16	98.2924
1821.09	98.3368
1823.02	98.3468
1824.95	98.2971
1826.88	98.2628
1828.81	98.2982
1830.74	98.3196
1832.67	98.3157
1834.6	98.3501
1836.53	98.3667
1838.45	98.2974
1840.38	98.2235
1842.31	98.2514
1844.24	98.3721
1846.17	98.4455
1848.1	98.4057
1850.03	98.3348
1851.96	98.3237
1853.89	98.4101
1855.82	98.5224
1857.75	98.5077
1859.68	98.3484
1861.6	98.2319
1863.53	98.2877
1865.46	98.4708
1867.39	98.6729
1869.32	98.7083
1871.25	98.511
1873.18	98.2972
1875.11	98.2258
1877.04	98.2898
1878.97	98.4232
1880.9	98.5429
1882.82	98.5783
1884.75	98.557
1886.68	98.5486
1888.61	98.5441
1890.54	98.5329
1892.47	98.5814
1894.4	98.7119
1896.33	98.832
1898.26	98.8657
1900.19	98.8621
1902.12	98.8602
1904.05	98.8269
1905.97	98.8042
1907.9	98.8769
1909.83	99.0087
1911.76	99.1143
1913.69	99.16
1915.62	99.092
1917.55	98.9273
1919.48	98.847
1921.41	98.9087
1923.34	98.9726
1925.27	98.9715
1927.19	98.9508
1929.12	98.9809
1931.05	99.1229
1932.98	99.279
1934.91	99.2471
1936.84	99.0869
1938.77	99.0503
1940.7	99.1662
1942.63	99.3014
1944.56	99.4101
1946.49	99.4273
1948.41	99.2975
1950.34	99.205
1952.27	99.326
1954.2	99.4872
1956.13	99.4606
1958.06	99.3016
1959.99	99.2453
1961.92	99.5024
1963.85	99.9409
1965.78	100.036
1967.71	99.6248
1969.64	99.299
1971.56	99.4673
1973.49	99.8767
1975.42	100.185
1977.35	100.216
1979.28	99.9533
1981.21	99.6902
1983.14	99.7327
1985.07	99.9547
1987	100.037
1988.93	99.8863
1990.86	99.6233
1992.78	99.4479
1994.71	99.486
1996.64	99.6328
1998.57	99.7075
2000.5	99.7287
2002.43	99.8682
2004.36	100.121
2006.29	100.262
2008.22	100.209
2010.15	100.146
2012.08	100.179
2014.01	100.223
2015.93	100.173
2017.86	100.004
2019.79	99.8212
2021.72	99.7803
2023.65	99.8397
2025.58	99.872
2027.51	99.9366
2029.44	100.053
2031.37	100.041
2033.3	99.9165
2035.23	99.9116
2037.15	99.9997
2039.08	99.9769
2041.01	99.8835
2042.94	99.8996
2044.87	100.002
2046.8	100.002
2048.73	99.8383
2050.66	99.6506
2052.59	99.561
2054.52	99.5778
2056.45	99.6667
2058.37	99.7082
2060.3	99.5968
2062.23	99.4992
2064.16	99.6046
2066.09	99.7186
2068.02	99.6558
2069.95	99.6638
2071.88	99.9109
2073.81	100.122
2075.74	100.049
2077.67	99.7891
2079.6	99.5521
2081.52	99.4426
2083.45	99.4021
2085.38	99.3046
2087.31	99.1479
2089.24	99.0352
2091.17	99.0422
2093.1	99.2102
2095.03	99.4898
2096.96	99.6937
2098.89	99.6957
2100.82	99.5543
2102.74	99.3833
2104.67	99.2815
2106.6	99.2917
2108.53	99.3407
2110.46	99.3547
2112.39	99.379
2114.32	99.4874
2116.25	99.6733
2118.18	99.8461
2120.11	99.8938
2122.04	99.7944
2123.97	99.6337
2125.89	99.5159
2127.82	99.4902
2129.75	99.505
2131.68	99.4985
2133.61	99.5597
2135.54	99.7631
2137.47	99.972
2139.4	100.109
2141.33	100.245
2143.26	100.285
2145.19	100.146
2147.11	100.059
2149.04	100.136
2150.97	100.149
2152.9	100.038
2154.83	100.009
2156.76	100.096
2158.69	100.145
2160.62	100.091
2162.55	99.9686
2164.48	99.8507
2166.41	99.7954
2168.33	99.7893
2170.26	99.8239
2172.19	99.9591
2174.12	100.182
2176.05	100.319
2177.98	100.237
2179.91	100.054
2181.84	99.9799
2183.77	100.009
2185.7	100.009
2187.63	100.045
2189.56	100.214
2191.48	100.334
2193.41	100.223
2195.34	100.024
2197.27	99.9406
2199.2	99.9948
2201.13	100.072
2203.06	99.9775
2204.99	99.7539
2206.92	99.8191
2208.85	100.218
2210.78	100.326
2212.7	99.9953
2214.63	99.9019
2216.56	100.219
2218.49	100.322
2220.42	100.028
2222.35	99.8046
2224.28	99.8119
2226.21	99.8262
2228.14	99.7571
2230.07	99.6331
2232	99.5022
2233.93	99.5128
2235.85	99.7064
2237.78	99.8745
2239.71	99.8659
2241.64	99.7313
2243.57	99.5535
2245.5	99.4723
2247.43	99.6473
2249.36	99.932
2251.29	99.9843
2253.22	99.8198
2255.15	99.7737
2257.07	99.962
2259	100.189
2260.93	100.261
2262.86	100.17
2264.79	100.039
2266.72	99.9448
2268.65	99.8758
2270.58	99.8628
2272.51	99.9006
2274.44	99.8711
2276.37	99.7547
2278.29	99.6533
2280.22	99.5724
2282.15	99.4998
2284.08	99.5234
2286.01	99.6424
2287.94	99.7455
2289.87	99.8132
2291.8	99.8872
2293.73	99.9624
2295.66	100.068
2297.59	100.272
2299.52	100.528
2301.44	100.707
2303.37	100.81
2305.3	101.007
2307.23	101.377
2309.16	101.757
2311.09	101.965
2313.02	102.104
2314.95	102.452
2316.88	103.069
2318.81	103.682
2320.74	104.002
2322.66	104.144
2324.59	104.443
2326.52	104.88
2328.45	105.237
2330.38	105.508
2332.31	105.759
2334.24	105.941
2336.17	106.126
2338.1	106.421
2340.03	106.699
2341.96	106.788
2343.89	106.442
2345.81	105.474
2347.74	104.495
2349.67	104.235
2351.6	104.985
2353.53	106.59
2355.46	108.207
2357.39	109.202
2359.32	109.631
2361.25	109.541
2363.18	109.117
2365.11	108.41
2367.03	107.318
2368.96	106.096
2370.89	104.995
2372.82	103.916
2374.75	102.799
2376.68	101.81
2378.61	101.037
2380.54	100.363
2382.47	99.6847
2384.4	99.0592
2386.33	98.6134
2388.26	98.3927
2390.18	98.3076
2392.11	98.2261
2394.04	98.1222
2395.97	98.0596
2397.9	98.036
2399.83	97.9886
2401.76	97.9502
2403.69	98.0298
2405.62	98.2075
2407.55	98.2946
2409.48	98.1777
2411.4	98
2413.33	97.9693
2415.26	98.077
2417.19	98.1631
2419.12	98.1639
2421.05	98.1285
2422.98	98.0885
2424.91	98.0609
2426.84	98.0681
2428.77	98.0685
2430.7	97.99
2432.62	97.8595
2434.55	97.7815
2436.48	97.7995
2438.41	97.8812
2440.34	97.9962
2442.27	98.1106
2444.2	98.1561
2446.13	98.1036
2448.06	98.0219
2449.99	97.9665
2451.92	97.8884
2453.85	97.7798
2455.77	97.7759
2457.7	97.9174
2459.63	98.0065
2461.56	97.937
2463.49	97.8899
2465.42	97.9688
2467.35	98.0154
2469.28	97.9661
2471.21	97.9689
2473.14	98.0664
2475.07	98.1493
2476.99	98.1961
2478.92	98.251
2480.85	98.2635
2482.78	98.1903
2484.71	98.1259
2486.64	98.1189
2488.57	98.0473
2490.5	97.927
2492.43	98.0273
2494.36	98.3635
2496.29	98.5432
2498.22	98.4128
2500.14	98.2553
2502.07	98.2161
2504	98.1852
2505.93	98.1529
2507.86	98.1609
2509.79	98.1648
2511.72	98.1815
2513.65	98.2365
2515.58	98.2385
2517.51	98.1903
2519.44	98.2463
2521.36	98.3972
2523.29	98.4256
2525.22	98.2522
2527.15	98.083
2529.08	98.1483
2531.01	98.3951
2532.94	98.541
2534.87	98.4507
2536.8	98.2917
2538.73	98.263
2540.66	98.3473
2542.58	98.3848
2544.51	98.3005
2546.44	98.2109
2548.37	98.2314
2550.3	98.2584
2552.23	98.1824
2554.16	98.1353
2556.09	98.2092
2558.02	98.2608
2559.95	98.2629
2561.88	98.3742
2563.81	98.5469
2565.73	98.5877
2567.66	98.5168
2569.59	98.4299
2571.52	98.2844
2573.45	98.1144
2575.38	98.1069
2577.31	98.2965
2579.24	98.4823
2581.17	98.5335
2583.1	98.5525
2585.03	98.6465
2586.95	98.74
2588.88	98.738
2590.81	98.6703
2592.74	98.5718
2594.67	98.4395
2596.6	98.3179
2598.53	98.2447
2600.46	98.1839
2602.39	98.0997
2604.32	98.0038
2606.25	97.9465
2608.18	97.9696
2610.1	98.0091
2612.03	97.9718
2613.96	97.9286
2615.89	97.9811
2617.82	98.0211
2619.75	97.918
2621.68	97.7672
2623.61	97.708
2625.54	97.7243
2627.47	97.7631
2629.4	97.8142
2631.32	97.8335
2633.25	97.7878
2635.18	97.7359
2637.11	97.7198
2639.04	97.6829
2640.97	97.6003
2642.9	97.5409
2644.83	97.533
2646.76	97.5275
2648.69	97.519
2650.62	97.5463
2652.54	97.5821
2654.47	97.5626
2656.4	97.5103
2658.33	97.5006
2660.26	97.5176
2662.19	97.4793
2664.12	97.4053
2666.05	97.3866
2667.98	97.3852
2669.91	97.289
2671.84	97.1602
2673.77	97.158
2675.69	97.2614
2677.62	97.3319
2679.55	97.3376
2681.48	97.315
2683.41	97.2769
2685.34	97.2603
2687.27	97.2807
2689.2	97.2567
2691.13	97.1454
2693.06	97.0414
2694.99	97.0195
2696.91	97.0262
2698.84	97.0086
2700.77	97.0019
2702.7	97.0198
2704.63	96.9958
2706.56	96.9157
2708.49	96.8808
2710.42	96.9524
2712.35	97.0679
2714.28	97.1551
2716.21	97.1854
2718.14	97.139
2720.06	97.0386
2721.99	96.9435
2723.92	96.8761
2725.85	96.8454
2727.78	96.8644
2729.71	96.8912
2731.64	96.8875
2733.57	96.8806
2735.5	96.8555
2737.43	96.7626
2739.36	96.6774
2741.28	96.7048
2743.21	96.7766
2745.14	96.7785
2747.07	96.7476
2749	96.7612
2750.93	96.7904
2752.86	96.7908
2754.79	96.8016
2756.72	96.8648
2758.65	96.9261
2760.58	96.9048
2762.51	96.8292
2764.43	96.7901
2766.36	96.78
2768.29	96.7377
2770.22	96.7044
2772.15	96.7343
2774.08	96.7705
2776.01	96.7882
2777.94	96.8428
2779.87	96.8808
2781.8	96.8067
2783.73	96.7012
2785.65	96.666
2787.58	96.6327
2789.51	96.5514
2791.44	96.5065
2793.37	96.5335
2795.3	96.5616
2797.23	96.5432
2799.16	96.4946
2801.09	96.4505
2803.02	96.4275
2804.95	96.4153
2806.87	96.4164
2808.8	96.4465
2810.73	96.4598
2812.66	96.3635
2814.59	96.1696
2816.52	96.0277
2818.45	96.0183
2820.38	96.0284
2822.31	95.9437
2824.24	95.8103
2826.17	95.7081
2828.1	95.656
2830.02	95.6531
2831.95	95.6482
2833.88	95.5696
2835.81	95.4325
2837.74	95.2617
2839.67	95.0384
2841.6	94.8167
2843.53	94.6468
2845.46	94.4645
2847.39	94.2678
2849.32	94.1094
2851.24	93.8647
2853.17	93.4242
2855.1	92.9206
2857.03	92.4422
2858.96	91.9251
2860.89	91.4283
2862.82	91.0924
2864.75	90.8879
2866.68	90.6708
2868.61	90.3612
2870.54	90.0211
2872.47	89.8276
2874.39	89.8785
2876.32	90.1116
2878.25	90.4879
2880.18	90.9616
2882.11	91.313
2884.04	91.4101
2885.97	91.4303
2887.9	91.5201
2889.83	91.6261
2891.76	91.7506
2893.69	91.9002
2895.61	91.9327
2897.54	91.8259
2899.47	91.7579
2901.4	91.7991
2903.33	91.895
2905.26	91.9801
2907.19	91.9006
2909.12	91.6376
2911.05	91.4945
2912.98	91.5689
2914.91	91.4954
2916.83	91.1309
2918.76	90.8065
2920.69	90.6002
2922.62	90.1487
2924.55	89.3319
2926.48	88.4944
2928.41	87.9583
2930.34	87.7345
2932.27	87.7373
2934.2	87.9995
2936.13	88.5008
2938.06	89.0022
2939.98	89.3441
2941.91	89.6502
2943.84	89.9359
2945.77	89.926
2947.7	89.5115
2949.63	88.9239
2951.56	88.3541
2953.49	87.8269
2955.42	87.327
2957.35	86.8023
2959.28	86.3673
2961.2	86.4211
2963.13	87.1476
2965.06	88.2996
2966.99	89.7233
2968.92	91.3288
2970.85	92.5357
2972.78	92.8392
2974.71	92.6653
2976.64	92.6697
2978.57	92.9197
2980.5	93.2592
2982.43	93.6352
2984.35	93.9647
2986.28	94.308
2988.21	94.841
2990.14	95.3975
2992.07	95.6992
2994	95.9195
2995.93	96.322
2997.86	96.7752
2999.79	97.1004
3001.72	97.3426
3003.65	97.5457
3005.57	97.7114
3007.5	97.8548
3009.43	97.9301
3011.36	97.9717
3013.29	98.1942
3015.22	98.6392
3017.15	98.9779
3019.08	98.9513
3021.01	98.739
3022.94	98.6492
3024.87	98.7148
3026.79	98.814
3028.72	98.9457
3030.65	99.1187
3032.58	99.1876
3034.51	99.0576
3036.44	98.8146
3038.37	98.519
3040.3	98.1873
3042.23	97.9453
3044.16	97.8591
3046.09	97.7982
3048.02	97.7219
3049.94	97.7887
3051.87	98.0126
3053.8	98.1663
3055.73	98.1292
3057.66	98.0545
3059.59	98.101
3061.52	98.1621
3063.45	98.0353
3065.38	97.81
3067.31	97.7937
3069.24	98.0134
3071.16	98.1947
3073.09	98.2406
3075.02	98.2428
3076.95	98.1355
3078.88	97.8878
3080.81	97.7257
3082.74	97.69
3084.67	97.5497
3086.6	97.4265
3088.53	97.6409
3090.46	97.9376
3092.39	97.862
3094.31	97.6026
3096.24	97.5277
3098.17	97.5004
3100.1	97.3378
3102.03	97.1784
3103.96	97.0987
3105.89	97.0607
3107.82	97.0793
3109.75	97.052
3111.68	96.9278
3113.61	96.9847
3115.53	97.2975
3117.46	97.4474
3119.39	97.3129
3121.32	97.285
3123.25	97.4417
3125.18	97.4513
3127.11	97.2257
3129.04	96.9403
3130.97	96.7378
3132.9	96.7497
3134.83	96.9658
3136.75	97.1616
3138.68	97.2527
3140.61	97.3361
3142.54	97.3617
3144.47	97.2467
3146.4	97.1354
3148.33	97.1606
3150.26	97.227
3152.19	97.2275
3154.12	97.2215
3156.05	97.2684
3157.98	97.2503
3159.9	97.0522
3161.83	96.8314
3163.76	96.8094
3165.69	96.9212
3167.62	96.977
3169.55	96.9435
3171.48	96.8627
3173.41	96.7913
3175.34	96.8149
3177.27	96.8923
3179.2	96.8861
3181.12	96.7933
3183.05	96.6796
3184.98	96.5664
3186.91	96.5295
3188.84	96.6103
3190.77	96.7184
3192.7	96.8443
3194.63	97.0324
3196.56	97.1209
3198.49	96.9494
3200.42	96.6568
3202.35	96.4613
3204.27	96.4458
3206.2	96.5851
3208.13	96.7357
3210.06	96.8032
3211.99	96.908
3213.92	97.0767
3215.85	97.0947
3217.78	96.945
3219.71	96.8666
3221.64	96.8835
3223.57	96.8325
3225.49	96.7321
3227.42	96.6456
3229.35	96.494
3231.28	96.3513
3233.21	96.489
3235.14	96.8779
3237.07	97.0974
3239	96.9464
3240.93	96.7114
3242.86	96.6292
3244.79	96.5828
3246.72	96.476
3248.64	96.3972
3250.57	96.3603
3252.5	96.335
3254.43	96.3643
3256.36	96.3601
3258.29	96.2165
3260.22	96.1495
3262.15	96.3331
3264.08	96.5048
3266.01	96.4632
3267.94	96.3653
3269.86	96.3268
3271.79	96.3856
3273.72	96.5964
3275.65	96.7338
3277.58	96.5545
3279.51	96.3229
3281.44	96.3176
3283.37	96.3573
3285.3	96.3009
3287.23	96.2468
3289.16	96.175
3291.08	96.0774
3293.01	96.1086
3294.94	96.2528
3296.87	96.3199
3298.8	96.2366
3300.73	96.0219
3302.66	95.7568
3304.59	95.6113
3306.52	95.6352
3308.45	95.7103
3310.38	95.7596
3312.31	95.7507
3314.23	95.6652
3316.16	95.615
3318.09	95.6991
3320.02	95.7775
3321.95	95.6824
3323.88	95.5168
3325.81	95.4928
3327.74	95.5989
3329.67	95.6261
3331.6	95.5005
3333.53	95.3779
3335.45	95.3427
3337.38	95.2745
3339.31	95.1268
3341.24	95.0505
3343.17	95.1408
3345.1	95.2885
3347.03	95.3302
3348.96	95.2356
3350.89	95.1323
3352.82	95.133
3354.75	95.1746
3356.68	95.156
3358.6	95.1511
3360.53	95.2727
3362.46	95.4247
3364.39	95.3919
3366.32	95.1583
3368.25	94.9863
3370.18	95.0559
3372.11	95.1658
3374.04	95.0532
3375.97	94.836
3377.9	94.7797
3379.82	94.8802
3381.75	94.9701
3383.68	94.9749
3385.61	94.9446
3387.54	94.9791
3389.47	95.0597
3391.4	95.001
3393.33	94.7629
3395.26	94.6061
3397.19	94.6929
3399.12	94.8335
3401.04	94.8367
3402.97	94.7939
3404.9	94.8272
3406.83	94.8445
3408.76	94.7558
3410.69	94.6754
3412.62	94.7043
3414.55	94.7732
3416.48	94.8363
3418.41	94.9168
3420.34	94.9365
3422.27	94.8302
3424.19	94.7265
3426.12	94.734
3428.05	94.8022
3429.98	94.8777
3431.91	94.9376
3433.84	94.9554
3435.77	94.9528
3437.7	94.9414
3439.63	94.8689
3441.56	94.736
3443.49	94.6673
3445.41	94.8236
3447.34	95.1744
3449.27	95.3809
3451.2	95.2792
3453.13	95.1985
3455.06	95.3081
3456.99	95.2956
3458.92	95.0811
3460.85	94.974
3462.78	95.0304
3464.71	95.1052
3466.64	95.1879
3468.56	95.2336
3470.49	95.239
3472.42	95.3088
3474.35	95.268
3476.28	94.9532
3478.21	94.762
3480.14	94.9616
3482.07	95.1387
3484	95.0103
3485.93	94.8449
3487.86	94.7697
3489.78	94.6475
3491.71	94.5118
3493.64	94.5142
3495.57	94.6351
3497.5	94.6903
3499.43	94.6101
3501.36	94.5664
3503.29	94.6475
3505.22	94.6828
3507.15	94.6589
3509.08	94.7578
3511	94.8994
3512.93	94.8726
3514.86	94.7313
3516.79	94.5431
3518.72	94.2675
3520.65	94.1105
3522.58	94.3708
3524.51	94.8602
3526.44	95.0527
3528.37	94.8122
3530.3	94.4652
3532.23	94.3006
3534.15	94.3275
3536.08	94.3617
3538.01	94.274
3539.94	94.2634
3541.87	94.5595
3543.8	94.9056
3545.73	94.8426
3547.66	94.477
3549.59	94.2633
3551.52	94.3147
3553.45	94.5805
3555.37	94.9398
3557.3	95.134
3559.23	95.0874
3561.16	94.9977
3563.09	94.9878
3565.02	95.0444
3566.95	95.2053
3568.88	95.3584
3570.81	95.3847
3572.74	95.4837
3574.67	95.7361
3576.6	95.8389
3578.52	95.6324
3580.45	95.4307
3582.38	95.5172
3584.31	95.7985
3586.24	96.0681
3588.17	96.2387
3590.1	96.3416
3592.03	96.3387
3593.96	96.178
3595.89	96.1692
3597.82	96.6396
3599.74	97.1847
3601.67	97.2982
3603.6	97.2409
3605.53	97.3273
3607.46	97.2561
3609.39	96.9712
3611.32	97.002
3613.25	97.3165
3615.18	97.4409
3617.11	97.4375
3619.04	97.6026
3620.97	97.805
3622.89	97.8181
3624.82	97.7552
3626.75	97.8008
3628.68	97.942
3630.61	97.8575
3632.54	97.6037
3634.47	97.5545
3636.4	97.681
3638.33	97.6533
3640.26	97.4868
3642.19	97.4867
3644.11	97.7266
3646.04	98.1339
3647.97	98.6559
3649.9	98.8085
3651.83	98.4022
3653.76	98.1076
3655.69	98.1008
3657.62	98.0643
3659.55	97.8638
3661.48	97.72
3663.41	97.7044
3665.33	97.6879
3667.26	97.6375
3669.19	97.677
3671.12	97.8691
3673.05	98.0987
3674.98	98.2885
3676.91	98.3649
3678.84	98.2633
3680.77	98.0174
3682.7	97.709
3684.63	97.5276
3686.56	97.6277
3688.48	97.9482
3690.41	98.1761
3692.34	98.191
3694.27	98.3061
3696.2	98.6279
3698.13	98.8236
3700.06	98.5904
3701.99	98.1917
3703.92	98.0762
3705.85	98.1611
3707.78	98.2583
3709.7	98.4191
3711.63	98.464
3713.56	98.1659
3715.49	97.9028
3717.42	97.96
3719.35	98.1965
3721.28	98.3602
3723.21	98.4032
3725.14	98.4042
3727.07	98.3574
3729	98.2614
3730.93	98.2708
3732.85	98.5896
3734.78	99.0726
3736.71	99.159
3738.64	98.847
3740.57	98.5529
3742.5	98.3764
3744.43	98.3453
3746.36	98.4986
3748.29	98.6576
3750.22	98.6057
3752.15	98.3072
3754.07	98.0785
3756	98.0263
3757.93	98.0113
3759.86	98.0041
3761.79	98.0634
3763.72	98.076
3765.65	97.9301
3767.58	97.8195
3769.51	97.8968
3771.44	97.9021
3773.37	97.7318
3775.29	97.6534
3777.22	97.7552
3779.15	97.8371
3781.08	97.7992
3783.01	97.7966
3784.94	97.861
3786.87	97.7812
3788.8	97.4763
3790.73	97.2316
3792.66	97.3106
3794.59	97.6414
3796.52	97.9874
3798.44	98.2211
3800.37	98.3006
3802.3	98.2427
3804.23	98.201
3806.16	98.1795
3808.09	98.0128
3810.02	97.7085
3811.95	97.4444
3813.88	97.3689
3815.81	97.5617
3817.74	97.7503
3819.66	97.7088
3821.59	97.724
3823.52	97.9105
3825.45	97.9746
3827.38	97.9296
3829.31	97.9522
3831.24	97.9597
3833.17	97.8754
3835.1	97.8763
3837.03	97.9944
3838.96	97.9762
3840.89	97.7885
3842.81	97.6716
3844.74	97.7037
3846.67	97.7983
3848.6	97.8716
3850.53	97.9338
3852.46	98.0205
3854.39	98.0345
3856.32	97.9555
3858.25	97.9447
3860.18	97.9869
3862.11	97.9415
3864.03	97.7999
3865.96	97.763
3867.89	97.8627
3869.82	97.892
3871.75	97.7959
3873.68	97.8042
3875.61	97.9533
3877.54	98.0235
3879.47	97.957
3881.4	97.9473
3883.33	98.0144
3885.25	97.9391
3887.18	97.8118
3889.11	97.9269
3891.04	98.1634
3892.97	98.1233
3894.9	97.857
3896.83	97.7745
3898.76	97.9492
3900.69	98.0517
3902.62	97.8645
3904.55	97.6478
3906.48	97.5885
3908.4	97.5739
3910.33	97.5397
3912.26	97.5267
3914.19	97.5482
3916.12	97.596
3918.05	97.6541
3919.98	97.6673
3921.91	97.6514
3923.84	97.7013
3925.77	97.8205
3927.7	97.9042
3929.62	97.9041
3931.55	97.8466
3933.48	97.782
3935.41	97.738
3937.34	97.6827
3939.27	97.5971
3941.2	97.5135
3943.13	97.4381
3945.06	97.3756
3946.99	97.4138
3948.92	97.574
3950.85	97.6787
3952.77	97.6035
3954.7	97.4617
3956.63	97.3689
3958.56	97.3247
3960.49	97.3541
3962.42	97.5015
3964.35	97.6741
3966.28	97.7263
3968.21	97.6433
3970.14	97.5206
3972.07	97.4781
3973.99	97.5628
3975.92	97.6579
3977.85	97.6277
3979.78	97.5402
3981.71	97.5213
3983.64	97.5365
3985.57	97.522
3987.5	97.5131
3989.43	97.5153
3991.36	97.4636
3993.29	97.3555
3995.22	97.2927
3997.14	97.3655
