499.643	85.9347
501.572	86.1783
503.501	86.845
505.43	87.4026
507.36	88.3477
509.289	89.3718
511.218	89.8911
513.147	90.2308
515.076	90.6295
517.005	90.5094
518.934	89.6892
520.863	88.907
522.792	88.5612
524.722	88.561
526.651	88.8096
528.58	88.887
530.509	88.4573
532.438	88.0953
534.367	88.4857
536.296	89.2633
538.225	89.7567
540.155	90.0817
542.084	90.5435
544.013	90.9986
545.942	91.2618
547.871	91.2987
549.8	91.049
551.729	90.5936
553.658	90.2511
555.588	90.2299
557.517	90.393
559.446	90.5247
561.375	90.6394
563.304	90.7584
565.233	90.7163
567.162	90.5537
569.091	90.5471
571.021	90.6254
572.95	90.5241
574.879	90.3906
576.808	90.4581
578.737	90.5399
580.666	90.4133
582.595	90.1286
584.524	89.6934
586.454	89.0307
588.383	88.2737
590.312	87.6653
592.241	87.2715
594.17	87.0418
596.099	86.9395
598.028	86.8797
599.957	86.8516
601.887	87.0607
603.816	87.5764
605.745	88.1142
607.674	88.5077
609.603	88.9583
611.532	89.5901
613.461	90.2423
615.39	90.6942
617.32	90.7669
619.249	90.5171
621.178	90.3239
623.107	90.3981
625.036	90.5108
626.965	90.4309
628.894	90.2553
630.823	90.0906
632.753	89.8163
634.682	89.3415
636.611	88.7719
638.54	88.1346
640.469	87.2332
642.398	86.0125
644.327	84.733
646.256	83.5543
648.186	82.4703
650.115	81.6991
652.044	81.4516
653.973	81.6341
655.902	82.0931
657.831	82.7578
659.76	83.6949
661.689	84.8681
663.619	85.9992
665.548	87.3275
667.477	89.5608
669.406	91.5881
671.335	91.9176
673.264	91.9375
675.193	92.3542
677.122	92.8759
679.052	93.2494
680.981	93.5633
682.91	93.7775
684.839	93.8482
686.768	93.8991
688.697	93.9867
690.626	94.0604
692.555	94.1034
694.485	94.151
696.414	94.2127
698.343	94.2191
700.272	94.129
702.201	94.0651
704.13	94.1465
706.059	94.2609
707.988	94.2552
709.917	94.2052
711.847	94.2186
713.776	94.2291
715.705	94.2303
717.634	94.3507
719.563	94.5169
721.492	94.4743
723.421	94.2589
725.35	94.1345
727.28	94.1272
729.209	94.0483
731.138	93.8222
733.067	93.5243
734.996	93.2349
736.925	92.997
738.854	92.8355
740.783	92.7881
742.713	92.8854
744.642	93.065
746.571	93.2042
748.5	93.2705
750.429	93.3284
752.358	93.4321
754.287	93.5986
756.216	93.7788
758.146	93.8475
760.075	93.7775
762.004	93.737
763.933	93.8582
765.862	94.0577
767.791	94.1892
769.72	94.2162
771.649	94.1818
773.579	94.1213
775.508	94.0472
777.437	93.9782
779.366	93.9243
781.295	93.8378
783.224	93.6818
785.153	93.5248
787.082	93.4105
789.012	93.2201
790.941	92.8412
792.87	92.3162
794.799	91.685
796.728	90.8868
798.657	89.8737
800.586	88.608
802.515	86.9505
804.445	84.6869
806.374	81.6526
808.303	77.9575
810.232	74.3147
812.161	71.9263
814.09	71.651
816.019	73.3591
817.948	76.199
819.878	79.2632
821.807	81.9884
823.736	84.1846
825.665	85.8664
827.594	87.1043
829.523	87.9855
831.452	88.5928
833.381	88.9754
835.311	89.1516
837.24	89.1008
839.169	88.7838
841.098	88.2278
843.027	87.557
844.956	86.9539
846.885	86.6252
848.814	86.6657
850.744	86.9284
852.673	87.2261
854.602	87.5866
856.531	88.0791
858.46	88.592
860.389	88.9953
862.318	89.2838
864.247	89.4397
866.177	89.394
868.106	89.1478
870.035	88.7563
871.964	88.2506
873.893	87.6579
875.822	87.0076
877.751	86.3273
879.68	85.7054
881.609	85.2691
883.539	85.0677
885.468	85.0462
887.397	85.0982
889.326	85.1211
891.255	85.0903
893.184	85.0782
895.113	85.1739
897.042	85.4366
898.972	85.9083
900.901	86.6139
902.83	87.5527
904.759	88.6432
906.688	89.6597
908.617	90.3694
910.546	90.7472
912.475	90.8969
914.405	90.8268
916.334	90.4704
918.263	89.824
920.192	88.9046
922.121	87.6443
924.05	85.9253
925.979	83.6828
927.908	80.9072
929.838	77.606
931.767	73.9006
933.696	70.1537
935.625	66.8675
937.554	64.4407
939.483	63.0568
941.412	62.6969
943.341	63.1598
945.271	64.161
947.2	65.5029
949.129	67.1162
951.058	68.9448
952.987	70.8734
954.916	72.7619
956.845	74.4892
958.774	76.0039
960.704	77.4004
962.633	78.9007
964.562	80.6764
966.491	82.6794
968.42	84.6763
970.349	86.42
972.278	87.7674
974.207	88.6956
976.137	89.2592
978.066	89.5171
979.995	89.492
981.924	89.1967
983.853	88.6631
985.782	87.9596
987.711	87.2408
989.64	86.7084
991.57	86.4185
993.499	86.1858
995.428	85.7072
997.357	84.7014
999.286	83.0614
1001.22	81.083
1003.14	79.3782
1005.07	78.3461
1007	77.9146
1008.93	77.9077
1010.86	78.3401
1012.79	79.1808
1014.72	80.1235
1016.65	80.7731
1018.58	80.8952
1020.51	80.4184
1022.44	79.3585
1024.36	77.8565
1026.29	76.2693
1028.22	75.0506
1030.15	74.3589
1032.08	73.8936
1034.01	73.3043
1035.94	72.5854
1037.87	71.9213
1039.8	71.4222
1041.73	71.1689
1043.66	71.2702
1045.58	71.7514
1047.51	72.5161
1049.44	73.4059
1051.37	74.2198
1053.3	74.7705
1055.23	75.0428
1057.16	75.2497
1059.09	75.6337
1061.02	76.219
1062.95	76.7803
1064.88	77.0254
1066.81	76.8595
1068.73	76.5492
1070.66	76.5443
1072.59	77.0764
1074.52	78.0301
1076.45	79.1672
1078.38	80.321
1080.31	81.4041
1082.24	82.3536
1084.17	83.0808
1086.1	83.5094
1088.03	83.6662
1089.95	83.6114
1091.88	83.301
1093.81	82.6756
1095.74	81.8165
1097.67	80.8659
1099.6	79.8784
1101.53	78.8376
1103.46	77.7195
1105.39	76.4965
1107.32	75.1547
1109.25	73.7066
1111.18	72.1456
1113.1	70.4495
1115.03	68.6573
1116.96	66.8506
1118.89	65.0501
1120.82	63.2333
1122.75	61.4375
1124.68	59.7287
1126.61	58.0648
1128.54	56.2709
1130.47	54.1499
1132.4	51.5637
1134.32	48.4635
1136.25	44.9663
1138.18	41.3966
1140.11	38.1529
1142.04	35.5419
1143.97	33.748
1145.9	32.8472
1147.83	32.7933
1149.76	33.4524
1151.69	34.683
1153.62	36.3769
1155.55	38.4333
1157.47	40.7251
1159.4	43.1087
1161.33	45.4564
1163.26	47.6513
1165.19	49.5808
1167.12	51.1832
1169.05	52.4935
1170.98	53.6126
1172.91	54.6462
1174.84	55.6914
1176.77	56.8461
1178.69	58.1856
1180.62	59.7328
1182.55	61.4677
1184.48	63.3611
1186.41	65.4076
1188.34	67.6298
1190.27	70.03
1192.2	72.5722
1194.13	75.2482
1196.06	78.074
1197.99	80.9966
1199.91	83.9175
1201.84	86.7163
1203.77	89.1649
1205.7	91.1011
1207.63	92.6599
1209.56	94.0359
1211.49	95.4933
1213.42	97.5844
1215.35	100.149
1217.28	101.464
1219.21	100.523
1221.14	99.1161
1223.06	99.1144
1224.99	100.194
1226.92	101.112
1228.85	101.347
1230.78	100.789
1232.71	99.328
1234.64	97.2142
1236.57	94.896
1238.5	92.6883
1240.43	90.8154
1242.36	89.3728
1244.28	88.3051
1246.21	87.5739
1248.14	87.1895
1250.07	87.1088
1252	87.2278
1253.93	87.4156
1255.86	87.564
1257.79	87.6303
1259.72	87.5867
1261.65	87.3898
1263.58	87.0385
1265.51	86.5628
1267.43	85.9699
1269.36	85.2617
1271.29	84.4602
1273.22	83.6045
1275.15	82.7371
1277.08	81.8455
1279.01	80.7979
1280.94	79.3574
1282.87	77.2539
1284.8	74.2159
1286.73	70.0726
1288.65	65.1599
1290.58	60.5884
1292.51	57.6841
1294.44	57.1728
1296.37	58.949
1298.3	62.2596
1300.23	66.0405
1302.16	69.3744
1304.09	71.7743
1306.02	73.0678
1307.95	73.2391
1309.87	72.5108
1311.8	71.4396
1313.73	70.73
1315.66	70.6606
1317.59	70.8779
1319.52	71.1084
1321.45	71.6411
1323.38	72.8132
1325.31	74.5961
1327.24	76.7842
1329.17	79.2216
1331.1	81.8251
1333.02	84.3726
1334.95	86.5411
1336.88	88.2813
1338.81	89.7409
1340.74	90.961
1342.67	92.0651
1344.6	93.3528
1346.53	94.9467
1348.46	96.6544
1350.39	98.1769
1352.32	99.3264
1354.24	100.043
1356.17	100.367
1358.1	100.439
1360.03	100.474
1361.96	100.536
1363.89	100.151
1365.82	98.8883
1367.75	97.3751
1369.68	96.7333
1371.61	96.9908
1373.54	96.892
1375.47	95.7911
1377.39	94.5617
1379.32	93.8618
1381.25	93.5419
1383.18	93.4156
1385.11	93.3145
1387.04	92.9507
1388.97	92.3228
1390.9	91.7052
1392.83	91.0617
1394.76	90.2589
1396.69	89.3019
1398.61	88.1812
1400.54	87.1098
1402.47	86.4763
1404.4	86.3855
1406.33	86.7154
1408.26	87.296
1410.19	88.0455
1412.12	88.8999
1414.05	89.6916
1415.98	90.3687
1417.91	90.9509
1419.83	91.3245
1421.76	91.4622
1423.69	91.4064
1425.62	91.1789
1427.55	90.832
1429.48	90.2385
1431.41	89.3555
1433.34	88.4676
1435.27	87.5661
1437.2	86.4655
1439.13	85.5405
1441.06	84.9939
1442.98	84.5471
1444.91	83.9893
1446.84	83.1494
1448.77	81.8893
1450.7	80.671
1452.63	80.2153
1454.56	80.649
1456.49	81.9494
1458.42	83.5401
1460.35	84.6022
1462.28	85.5559
1464.2	86.7604
1466.13	87.9714
1468.06	88.9329
1469.99	89.9288
1471.92	91.0673
1473.85	91.8724
1475.78	92.2145
1477.71	92.541
1479.64	92.9616
1481.57	93.4373
1483.5	93.9592
1485.43	94.5018
1487.35	95.0296
1489.28	95.4318
1491.21	95.6252
1493.14	95.8071
1495.07	96.1094
1497	96.4348
1498.93	96.6059
1500.86	96.6755
1502.79	96.7919
1504.72	97.028
1506.65	97.3194
1508.57	97.3277
1510.5	97.1891
1512.43	97.1707
1514.36	97.2529
1516.29	97.3479
1518.22	97.4454
1520.15	97.5482
1522.08	97.5694
1524.01	97.5077
1525.94	97.4357
1527.87	97.3775
1529.8	97.3771
1531.72	97.4541
1533.65	97.514
1535.58	97.5056
1537.51	97.565
1539.44	97.7331
1541.37	97.7276
1543.3	97.4659
1545.23	97.2439
1547.16	97.141
1549.09	97.1462
1551.02	97.2003
1552.94	97.2487
1554.87	97.3394
1556.8	97.5142
1558.73	97.559
1560.66	97.2979
1562.59	97.0799
1564.52	96.9857
1566.45	96.9792
1568.38	96.9852
1570.31	96.8806
1572.24	96.7706
1574.16	96.8007
1576.09	96.8409
1578.02	96.6843
1579.95	96.4871
1581.88	96.3764
1583.81	96.299
1585.74	96.2139
1587.67	96.128
1589.6	96.0551
1591.53	96.0088
1593.46	95.9785
1595.39	95.9254
1597.31	95.8142
1599.24	95.6653
1601.17	95.5401
1603.1	95.4282
1605.03	95.2741
1606.96	95.1045
1608.89	94.8963
1610.82	94.5898
1612.75	94.3224
1614.68	94.1092
1616.61	93.6074
1618.53	92.8777
1620.46	92.3
1622.39	91.5928
1624.32	90.5537
1626.25	89.4919
1628.18	88.2886
1630.11	86.8276
1632.04	85.5126
1633.97	84.2557
1635.9	82.6172
1637.83	81.7698
1639.76	83.0328
1641.68	85.6959
1643.61	88.6039
1645.54	91.245
1647.47	93.2322
1649.4	94.1031
1651.33	94.4253
1653.26	94.7808
1655.19	94.9495
1657.12	94.9057
1659.05	94.9433
1660.98	95.0107
1662.9	94.8988
1664.83	94.6866
1666.76	94.5922
1668.69	94.5598
1670.62	94.3384
1672.55	94.0062
1674.48	93.6955
1676.41	93.1965
1678.34	92.6142
1680.27	92.2296
1682.2	91.8509
1684.12	91.1868
1686.05	90.4329
1687.98	89.5911
1689.91	88.5418
1691.84	87.3572
1693.77	85.8299
1695.7	83.838
1697.63	81.6217
1699.56	78.6362
1701.49	74.8022
1703.42	71.4761
1705.35	68.4443
1707.27	64.9689
1709.2	61.8418
1711.13	59.5466
1713.06	57.5357
1714.99	55.9531
1716.92	55.2016
1718.85	54.9673
1720.78	55.8759
1722.71	58.4582
1724.64	62.2903
1726.57	67.0965
1728.49	72.6244
1730.42	78.3464
1732.35	84.7399
1734.28	92.5517
1736.21	99.2204
1738.14	103.087
1740.07	105.603
1742	107.638
1743.93	108.831
1745.86	109.434
1747.79	109.928
1749.72	110.177
1751.64	110.182
1753.57	110.015
1755.5	109.474
1757.43	108.792
1759.36	108.255
1761.29	107.51
1763.22	106.42
1765.15	105.382
1767.08	104.508
1769.01	103.779
1770.94	103.232
1772.86	102.589
1774.79	101.765
1776.72	101.117
1778.65	100.728
1780.58	100.467
1782.51	100.261
1784.44	100.07
1786.37	99.8782
1788.3	99.7305
1790.23	99.6438
1792.16	99.551
1794.08	99.3392
1796.01	99.0659
1797.94	98.8972
1799.87	98.849
1801.8	98.7519
1803.73	98.5831
1805.66	98.4947
1807.59	98.4955
1809.52	98.4673
1811.45	98.3609
1813.38	98.2577
1815.31	98.2353
1817.23	98.2609
1819.16	98.2806
1821.09	98.3261
1823.02	98.3942
1824.95	98.4004
1826.88	98.3561
1828.81	98.3347
1830.74	98.3264
1832.67	98.3204
1834.6	98.2999
1836.53	98.2063
1838.45	98.0952
1840.38	98.1117
1842.31	98.2611
1844.24	98.4259
1846.17	98.4925
1848.1	98.4488
1850.03	98.3237
1851.96	98.1958
1853.89	98.2012
1855.82	98.3405
1857.75	98.4292
1859.68	98.3691
1861.6	98.304
1863.53	98.4002
1865.46	98.6277
1867.39	98.7836
1869.32	98.687
1871.25	98.4994
1873.18	98.4443
1875.11	98.433
1877.04	98.365
1878.97	98.3649
1880.9	98.5233
1882.82	98.7154
1884.75	98.787
1886.68	98.6945
1888.61	98.4942
1890.54	98.3683
1892.47	98.4691
1894.4	98.6971
1896.33	98.8385
1898.26	98.8561
1900.19	98.8676
1902.12	98.8471
1904.05	98.7353
1905.97	98.7315
1907.9	98.9719
1909.83	99.1891
1911.76	99.175
1913.69	99.122
1915.62	99.1137
1917.55	99.0012
1919.48	98.8569
1921.41	98.8827
1923.34	98.9828
1925.27	98.9917
1927.19	99.0295
1929.12	99.2466
1931.05	99.468
1932.98	99.4024
1934.91	99.0944
1936.84	98.8795
1938.77	98.9464
1940.7	99.1622
1942.63	99.2992
1944.56	99.3027
1946.49	99.2729
1948.41	99.2708
1950.34	99.3436
1952.27	99.5129
1954.2	99.6386
1956.13	99.5714
1958.06	99.3989
1959.99	99.3534
1961.92	99.5978
1963.85	100.004
1965.78	100.1
1967.71	99.6503
1969.64	99.1513
1971.56	99.1519
1973.49	99.6067
1975.42	100.114
1977.35	100.237
1979.28	99.891
1981.21	99.5479
1983.14	99.5905
1985.07	99.8178
1987	99.9812
1988.93	100.1
1990.86	100.074
1992.78	99.8266
1994.71	99.6752
1996.64	99.827
1998.57	100.023
2000.5	100.073
2002.43	100.133
2004.36	100.281
2006.29	100.376
2008.22	100.396
2010.15	100.407
2012.08	100.334
2014.01	100.142
2015.93	99.969
2017.86	99.923
2019.79	100.023
2021.72	100.228
2023.65	100.331
2025.58	100.167
2027.51	99.9626
2029.44	99.9959
2031.37	100.089
2033.3	99.9483
2035.23	99.7068
2037.15	99.6406
2039.08	99.7144
2041.01	99.8132
2042.94	99.964
2044.87	100.065
2046.8	99.9252
2048.73	99.6582
2050.66	99.4858
2052.59	99.3828
2054.52	99.3503
2056.45	99.4982
2058.37	99.6724
2060.3	99.6536
2062.23	99.6042
2064.16	99.7151
2066.09	99.8196
2068.02	99.7886
2069.95	99.7737
2071.88	99.8283
2073.81	99.8019
2075.74	99.6669
2077.67	99.5681
2079.6	99.5552
2081.52	99.5517
2083.45	99.5369
2085.38	99.5194
2087.31	99.4333
2089.24	99.2904
2091.17	99.2525
2093.1	99.3768
2095.03	99.5484
2096.96	99.696
2098.89	99.7972
2100.82	99.7781
2102.74	99.6129
2104.67	99.3791
2106.6	99.2122
2108.53	99.2491
2110.46	99.426
2112.39	99.4991
2114.32	99.4818
2116.25	99.6091
2118.18	99.7995
2120.11	99.7862
2122.04	99.6411
2123.97	99.5908
2125.89	99.6393
2127.82	99.704
2129.75	99.7558
2131.68	99.7866
2133.61	99.8349
2135.54	99.896
2137.47	99.9158
2139.4	99.9905
2141.33	100.198
2143.26	100.354
2145.19	100.33
2147.11	100.231
2149.04	100.091
2150.97	99.9461
2152.9	99.9858
2154.83	100.186
2156.76	100.278
2158.69	100.239
2160.62	100.227
2162.55	100.179
2164.48	100.041
2166.41	99.972
2168.33	99.9686
2170.26	99.8488
2172.19	99.7492
2174.12	99.9248
2176.05	100.119
2177.98	99.9977
2179.91	99.8628
2181.84	99.9863
2183.77	100.003
2185.7	99.816
2187.63	99.9582
2189.56	100.451
2191.48	100.655
2193.41	100.429
2195.34	100.191
2197.27	100.101
2199.2	100.111
2201.13	100.182
2203.06	100.125
2204.99	99.9901
2206.92	100.21
2208.85	100.689
2210.78	100.733
2212.7	100.299
2214.63	100.05
2216.56	100.162
2218.49	100.252
2220.42	100.117
2222.35	99.8661
2224.28	99.7045
2226.21	99.7569
2228.14	99.8698
2230.07	99.8419
2232	99.7632
2233.93	99.7363
2235.85	99.6733
2237.78	99.6167
2239.71	99.681
2241.64	99.7066
2243.57	99.5736
2245.5	99.5568
2247.43	99.8319
2249.36	100.098
2251.29	100.097
2253.22	99.9756
2255.15	99.888
2257.07	99.856
2259	99.9772
2260.93	100.208
2262.86	100.264
2264.79	100.108
2266.72	100.013
2268.65	100.033
2270.58	100.035
2272.51	100.026
2274.44	100.017
2276.37	99.8995
2278.29	99.6873
2280.22	99.5357
2282.15	99.5295
2284.08	99.6017
2286.01	99.642
2287.94	99.657
2289.87	99.7498
2291.8	99.9292
2293.73	100.104
2295.66	100.261
2297.59	100.468
2299.52	100.744
2301.44	101.015
2303.37	101.195
2305.3	101.324
2307.23	101.59
2309.16	102.058
2311.09	102.495
2313.02	102.716
2314.95	102.918
2316.88	103.378
2318.81	104.03
2320.74	104.569
2322.66	104.884
2324.59	105.17
2326.52	105.571
2328.45	105.998
2330.38	106.317
2332.31	106.53
2334.24	106.762
2336.17	107.069
2338.1	107.361
2340.03	107.576
2341.96	107.667
2343.89	107.241
2345.81	106.111
2347.74	105.117
2349.67	104.962
2351.6	105.786
2353.53	107.371
2355.46	108.935
2357.39	109.915
2359.32	110.407
2361.25	110.449
2363.18	110.077
2365.11	109.268
2367.03	108.06
2368.96	106.798
2370.89	105.642
2372.82	104.448
2374.75	103.22
2376.68	102.106
2378.61	101.163
2380.54	100.373
2382.47	99.7046
2384.4	99.103
2386.33	98.6044
2388.26	98.3577
2390.18	98.3652
2392.11	98.4053
2394.04	98.339
2395.97	98.2244
2397.9	98.1146
2399.83	98.0139
2401.76	97.9558
2403.69	97.9813
2405.62	98.1085
2407.55	98.2704
2409.48	98.3044
2411.4	98.1877
2413.33	98.1133
2415.26	98.162
2417.19	98.1956
2419.12	98.1549
2421.05	98.1327
2422.98	98.1583
2424.91	98.1752
2426.84	98.163
2428.77	98.136
2430.7	98.0958
2432.62	98.0377
2434.55	97.9736
2436.48	97.9368
2438.41	97.9523
2440.34	98.0022
2442.27	98.0556
2444.2	98.1183
2446.13	98.1864
2448.06	98.1812
2449.99	98.0465
2451.92	97.8726
2453.85	97.7914
2455.77	97.8163
2457.7	97.8825
2459.63	97.9463
2461.56	97.9912
2463.49	98.0143
2465.42	98.0055
2467.35	97.9603
2469.28	97.9436
2471.21	98.0198
2473.14	98.1318
2475.07	98.2118
2476.99	98.2873
2478.92	98.3535
2480.85	98.3446
2482.78	98.2648
2484.71	98.1708
2486.64	98.1042
2488.57	98.103
2490.5	98.1629
2492.43	98.2338
2494.36	98.3042
2496.29	98.385
2498.22	98.4513
2500.14	98.4647
2502.07	98.3896
2504	98.2529
2505.93	98.1935
2507.86	98.276
2509.79	98.3511
2511.72	98.2892
2513.65	98.1745
2515.58	98.1579
2517.51	98.2798
2519.44	98.4383
2521.36	98.4799
2523.29	98.3901
2525.22	98.3006
2527.15	98.2763
2529.08	98.2963
2531.01	98.3765
2532.94	98.4909
2534.87	98.5216
2536.8	98.4234
2538.73	98.2955
2540.66	98.2577
2542.58	98.3155
2544.51	98.3421
2546.44	98.2535
2548.37	98.1321
2550.3	98.0632
2552.23	98.0448
2554.16	98.1051
2556.09	98.2199
2558.02	98.2423
2559.95	98.185
2561.88	98.2546
2563.81	98.461
2565.73	98.6003
2567.66	98.6081
2569.59	98.5692
2571.52	98.4987
2573.45	98.3758
2575.38	98.2774
2577.31	98.3033
2579.24	98.4102
2581.17	98.476
2583.1	98.5192
2585.03	98.6265
2586.95	98.7288
2588.88	98.715
2590.81	98.6067
2592.74	98.4478
2594.67	98.2866
2596.6	98.2471
2598.53	98.3212
2600.46	98.2929
2602.39	98.0956
2604.32	97.9362
2606.25	97.948
2608.18	98.0304
2610.1	98.0698
2612.03	98.0772
2613.96	98.0879
2615.89	98.0805
2617.82	98.0205
2619.75	97.9049
2621.68	97.7749
2623.61	97.7123
2625.54	97.7527
2627.47	97.8081
2629.4	97.7824
2631.32	97.7073
2633.25	97.6702
2635.18	97.7009
2637.11	97.7718
2639.04	97.8289
2640.97	97.8297
2642.9	97.7703
2644.83	97.6682
2646.76	97.5757
2648.69	97.564
2650.62	97.6101
2652.54	97.6105
2654.47	97.5514
2656.4	97.5074
2658.33	97.4944
2660.26	97.4648
2662.19	97.401
2664.12	97.3499
2666.05	97.368
2667.98	97.4068
2669.91	97.3513
2671.84	97.2387
2673.77	97.2206
2675.69	97.2834
2677.62	97.3035
2679.55	97.291
2681.48	97.3051
2683.41	97.3152
2685.34	97.3018
2687.27	97.2774
2689.2	97.2271
2691.13	97.1785
2693.06	97.1754
2694.99	97.165
2696.91	97.0999
2698.84	97.0373
2700.77	97.0175
2702.7	97.016
2704.63	97.0231
2706.56	97.0321
2708.49	97.0233
2710.42	97.0159
2712.35	97.0368
2714.28	97.0594
2716.21	97.0445
2718.14	97.0098
2720.06	97.0074
2721.99	97.028
2723.92	96.9919
2725.85	96.8854
2727.78	96.803
2729.71	96.7937
2731.64	96.8019
2733.57	96.7874
2735.5	96.768
2737.43	96.7562
2739.36	96.7502
2741.28	96.7567
2743.21	96.7743
2745.14	96.7753
2747.07	96.7404
2749	96.7094
2750.93	96.7448
2752.86	96.8383
2754.79	96.9264
2756.72	96.9686
2758.65	96.9433
2760.58	96.8542
2762.51	96.7827
2764.43	96.8064
2766.36	96.88
2768.29	96.9084
2770.22	96.8675
2772.15	96.7938
2774.08	96.7501
2776.01	96.7842
2777.94	96.8464
2779.87	96.8468
2781.8	96.8119
2783.73	96.8174
2785.65	96.8171
2787.58	96.7247
2789.51	96.581
2791.44	96.487
2793.37	96.4567
2795.3	96.4339
2797.23	96.3996
2799.16	96.4029
2801.09	96.4705
2803.02	96.5439
2804.95	96.5582
2806.87	96.5146
2808.8	96.4457
2810.73	96.3875
2812.66	96.3552
2814.59	96.3065
2816.52	96.2121
2818.45	96.112
2820.38	96.016
2822.31	95.8964
2824.24	95.7934
2826.17	95.7474
2828.1	95.7015
2830.02	95.6058
2831.95	95.4921
2833.88	95.4021
2835.81	95.3349
2837.74	95.2508
2839.67	95.1198
2841.6	94.9664
2843.53	94.8009
2845.46	94.5961
2847.39	94.3838
2849.32	94.1834
2851.24	93.8964
2853.17	93.495
2855.1	93.0841
2857.03	92.6535
2858.96	92.1227
2860.89	91.5923
2862.82	91.22
2864.75	90.9928
2866.68	90.7906
2868.61	90.5106
2870.54	90.1713
2872.47	89.9629
2874.39	89.9977
2876.32	90.1631
2878.25	90.4261
2880.18	90.859
2882.11	91.2669
2884.04	91.41
2885.97	91.4751
2887.9	91.6806
2889.83	91.8146
2891.76	91.7172
2893.69	91.649
2895.61	91.7912
2897.54	91.9473
2899.47	91.9292
2901.4	91.8307
2903.33	91.8425
2905.26	91.9649
2907.19	91.983
2909.12	91.7936
2911.05	91.5943
2912.98	91.545
2914.91	91.5116
2916.83	91.3462
2918.76	91.0856
2920.69	90.7277
2922.62	90.1734
2924.55	89.4602
2926.48	88.7697
2928.41	88.2363
2930.34	87.8995
2932.27	87.7894
2934.2	87.9834
2936.13	88.5084
2938.06	89.1648
2939.98	89.6593
2941.91	89.9455
2943.84	90.123
2945.77	90.101
2947.7	89.7479
2949.63	89.1728
2951.56	88.5418
2953.49	87.8988
2955.42	87.2863
2957.35	86.7859
2959.28	86.5205
2961.2	86.6708
2963.13	87.2789
2965.06	88.2576
2966.99	89.6817
2968.92	91.4506
2970.85	92.7948
2972.78	93.1223
2974.71	92.931
2976.64	92.903
2978.57	93.04
2980.5	93.2176
2982.43	93.5107
2984.35	93.8332
2986.28	94.1545
2988.21	94.7163
2990.14	95.433
2992.07	95.8745
2994	96.0867
2995.93	96.4578
2997.86	96.9158
2999.79	97.1734
3001.72	97.3528
3003.65	97.6629
3005.57	97.9616
3007.5	98.0635
3009.43	98.032
3011.36	98.0056
3013.29	98.1074
3015.22	98.4577
3017.15	98.9214
3019.08	99.0942
3021.01	98.8902
3022.94	98.6927
3024.87	98.6912
3026.79	98.7157
3028.72	98.7763
3030.65	98.9949
3032.58	99.1524
3034.51	99.0108
3036.44	98.7255
3038.37	98.4746
3040.3	98.2125
3042.23	97.9452
3044.16	97.7516
3046.09	97.6594
3048.02	97.7415
3049.94	97.9809
3051.87	98.1249
3053.8	98.0556
3055.73	97.9372
3057.66	97.8366
3059.59	97.7211
3061.52	97.6996
3063.45	97.7972
3065.38	97.8619
3067.31	97.8956
3069.24	97.9729
3071.16	98.0041
3073.09	98.033
3075.02	98.2446
3076.95	98.4599
3078.88	98.3616
3080.81	98.0772
3082.74	97.8419
3084.67	97.6142
3086.6	97.4772
3088.53	97.5943
3090.46	97.705
3092.39	97.5595
3094.31	97.4387
3096.24	97.4979
3098.17	97.4318
3100.1	97.237
3102.03	97.2508
3103.96	97.3993
3105.89	97.3752
3107.82	97.2083
3109.75	97.0083
3111.68	96.8125
3113.61	96.8432
3115.53	97.1514
3117.46	97.3482
3119.39	97.3178
3121.32	97.4048
3123.25	97.5825
3125.18	97.4781
3127.11	97.1789
3129.04	97
3130.97	96.9011
3132.9	96.859
3134.83	97.0419
3136.75	97.3047
3138.68	97.3884
3140.61	97.4443
3142.54	97.5898
3144.47	97.5412
3146.4	97.2468
3148.33	97.0729
3150.26	97.1313
3152.19	97.2208
3154.12	97.2817
3156.05	97.2872
3157.98	97.1352
3159.9	96.9814
3161.83	97.0595
3163.76	97.1858
3165.69	97.089
3167.62	96.9288
3169.55	96.9411
3171.48	97.0136
3173.41	96.9675
3175.34	96.8337
3177.27	96.7296
3179.2	96.7523
3181.12	96.9023
3183.05	97.0229
3184.98	97.0092
3186.91	96.9743
3188.84	97.0123
3190.77	97.0445
3192.7	97.0414
3194.63	97.0899
3196.56	97.172
3198.49	97.1419
3200.42	96.968
3202.35	96.7994
3204.27	96.7327
3206.2	96.6882
3208.13	96.6367
3210.06	96.7195
3211.99	96.9363
3213.92	97.034
3215.85	96.9216
3217.78	96.7998
3219.71	96.7661
3221.64	96.7355
3223.57	96.7206
3225.49	96.7649
3227.42	96.7454
3229.35	96.6073
3231.28	96.5742
3233.21	96.798
3235.14	97.0507
3237.07	97.0494
3239	96.8659
3240.93	96.7381
3242.86	96.6885
3244.79	96.6161
3246.72	96.5583
3248.64	96.598
3250.57	96.655
3252.5	96.5844
3254.43	96.4067
3256.36	96.2886
3258.29	96.3354
3260.22	96.4949
3262.15	96.614
3264.08	96.5795
3266.01	96.4475
3267.94	96.3502
3269.86	96.3109
3271.79	96.3211
3273.72	96.4298
3275.65	96.5544
3277.58	96.4837
3279.51	96.2241
3281.44	96.0405
3283.37	96.1204
3285.3	96.3706
3287.23	96.5266
3289.16	96.4606
3291.08	96.3304
3293.01	96.313
3294.94	96.3891
3296.87	96.4955
3298.8	96.5509
3300.73	96.3876
3302.66	96.0434
3304.59	95.8549
3306.52	95.9739
3308.45	96.1561
3310.38	96.1297
3312.31	95.8774
3314.23	95.6049
3316.16	95.5655
3318.09	95.785
3320.02	95.9866
3321.95	95.943
3323.88	95.7712
3325.81	95.7068
3327.74	95.7368
3329.67	95.6803
3331.6	95.5404
3333.53	95.4701
3335.45	95.444
3337.38	95.3294
3339.31	95.192
3341.24	95.1836
3343.17	95.2941
3345.1	95.4306
3347.03	95.501
3348.96	95.4133
3350.89	95.2482
3352.82	95.1971
3354.75	95.2099
3356.68	95.1288
3358.6	95.0788
3360.53	95.2238
3362.46	95.3998
3364.39	95.3966
3366.32	95.2716
3368.25	95.175
3370.18	95.1652
3372.11	95.1969
3374.04	95.1311
3375.97	94.9339
3377.9	94.8073
3379.82	94.8849
3381.75	95.0203
3383.68	95.0464
3385.61	94.9797
3387.54	94.9174
3389.47	94.924
3391.4	94.9891
3393.33	95.0357
3395.26	95.0237
3397.19	94.9918
3399.12	94.9843
3401.04	94.9953
3402.97	94.958
3404.9	94.8346
3406.83	94.743
3408.76	94.8074
3410.69	94.9108
3412.62	94.8806
3414.55	94.7962
3416.48	94.82
3418.41	94.9079
3420.34	94.9266
3422.27	94.8823
3424.19	94.8326
3426.12	94.7256
3428.05	94.5651
3429.98	94.5667
3431.91	94.8254
3433.84	95.0523
3435.77	95.0592
3437.7	95.0942
3439.63	95.2665
3441.56	95.2724
3443.49	95.0464
3445.41	94.9631
3447.34	95.1577
3449.27	95.2883
3451.2	95.1934
3453.13	95.145
3455.06	95.2507
3456.99	95.2932
3458.92	95.2929
3460.85	95.4407
3462.78	95.5183
3464.71	95.2916
3466.64	95.0742
3468.56	95.1241
3470.49	95.2112
3472.42	95.1462
3474.35	95.0046
3476.28	94.8889
3478.21	94.9148
3480.14	95.1183
3482.07	95.3066
3484	95.3039
3485.93	95.1576
3487.86	94.9588
3489.78	94.7541
3491.71	94.5973
3493.64	94.5444
3495.57	94.6101
3497.5	94.7176
3499.43	94.8135
3501.36	94.9535
3503.29	95.0752
3505.22	95.0214
3507.15	94.9024
3509.08	94.9225
3511	95.0082
3512.93	94.9651
3514.86	94.7849
3516.79	94.5975
3518.72	94.497
3520.65	94.4677
3522.58	94.5053
3524.51	94.6325
3526.44	94.6852
3528.37	94.5557
3530.3	94.5305
3532.23	94.7349
3534.15	94.8319
3536.08	94.7023
3538.01	94.5975
3539.94	94.5825
3541.87	94.588
3543.8	94.6567
3545.73	94.6773
3547.66	94.532
3549.59	94.4784
3551.52	94.6746
3553.45	94.904
3555.37	95.0222
3557.3	95.0748
3559.23	94.9738
3561.16	94.7198
3563.09	94.6576
3565.02	94.9663
3566.95	95.306
3568.88	95.3315
3570.81	95.3124
3572.74	95.4846
3574.67	95.706
3576.6	95.7765
3578.52	95.7085
3580.45	95.6794
3582.38	95.8217
3584.31	96.0783
3586.24	96.304
3588.17	96.4515
3590.1	96.5618
3592.03	96.5846
3593.96	96.4891
3595.89	96.5124
3597.82	96.9025
3599.74	97.4189
3601.67	97.6162
3603.6	97.4865
3605.53	97.3574
3607.46	97.3207
3609.39	97.2984
3611.32	97.3361
3613.25	97.4443
3615.18	97.4673
3617.11	97.3281
3619.04	97.1903
3620.97	97.3097
3622.89	97.6241
3624.82	97.8581
3626.75	97.951
3628.68	97.9806
3630.61	97.8977
3632.54	97.7065
3634.47	97.6383
3636.4	97.7635
3638.33	97.8223
3640.26	97.6908
3642.19	97.6552
3644.11	97.9551
3646.04	98.4479
3647.97	98.803
3649.9	98.6766
3651.83	98.2947
3653.76	98.1061
3655.69	98.0649
3657.62	97.8856
3659.55	97.5895
3661.48	97.5424
3663.41	97.7364
3665.33	97.7144
3667.26	97.4288
3669.19	97.4724
3671.12	98.0489
3673.05	98.446
3674.98	98.396
3676.91	98.2035
3678.84	98.0443
3680.77	97.8106
3682.7	97.5092
3684.63	97.3966
3686.56	97.7128
3688.48	98.3088
3690.41	98.5743
3692.34	98.3928
3694.27	98.2806
3696.2	98.3668
3698.13	98.4167
3700.06	98.2676
3701.99	98.1359
3703.92	98.2921
3705.85	98.4882
3707.78	98.4283
3709.7	98.2347
3711.63	98.0498
3713.56	97.803
3715.49	97.724
3717.42	98.0097
3719.35	98.3435
3721.28	98.3486
3723.21	98.2751
3725.14	98.446
3727.07	98.6358
3729	98.6594
3730.93	98.6786
3732.85	98.8134
3734.78	98.9679
3736.71	98.9005
3738.64	98.585
3740.57	98.2513
3742.5	98.047
3744.43	98.0425
3746.36	98.2292
3748.29	98.513
3750.22	98.738
3752.15	98.6473
3754.07	98.4138
3756	98.2831
3757.93	98.1211
3759.86	97.9634
3761.79	98.0751
3763.72	98.2792
3765.65	98.2065
3767.58	97.9715
3769.51	97.8997
3771.44	97.8993
3773.37	97.862
3775.29	97.9122
3777.22	98.0036
3779.15	97.9833
3781.08	97.9578
3783.01	98.0785
3784.94	98.1893
3786.87	98.0431
3788.8	97.6756
3790.73	97.4051
3792.66	97.43
3794.59	97.6496
3796.52	97.8781
3798.44	98.0608
3800.37	98.1603
3802.3	98.0951
3804.23	97.9452
3806.16	97.8055
3808.09	97.6386
3810.02	97.4575
3811.95	97.3599
3813.88	97.4464
3815.81	97.6636
3817.74	97.6634
3819.66	97.4865
3821.59	97.6441
3823.52	98.0453
3825.45	98.1451
3827.38	98.0322
3829.31	97.9949
3831.24	97.9529
3833.17	97.8325
3835.1	97.8639
3837.03	98.0673
3838.96	98.072
3840.89	97.7905
3842.81	97.5429
3844.74	97.4928
3846.67	97.6147
3848.6	97.8175
3850.53	98.0385
3852.46	98.2437
3854.39	98.2747
3856.32	98.0944
3858.25	97.9305
3860.18	97.8469
3862.11	97.7736
3864.03	97.7328
3865.96	97.8719
3867.89	98.0777
3869.82	97.9872
3871.75	97.619
3873.68	97.4744
3875.61	97.6477
3877.54	97.8245
3879.47	97.8764
3881.4	97.8882
3883.33	97.8764
3885.25	97.8154
3887.18	97.8103
3889.11	97.9206
3891.04	98.0352
3892.97	98.0525
3894.9	98.0431
3896.83	98.1007
3898.76	98.1675
3900.69	98.1007
3902.62	97.8871
3904.55	97.6784
3906.48	97.5939
3908.4	97.6288
3910.33	97.6823
3912.26	97.6546
3914.19	97.5758
3916.12	97.5806
3918.05	97.6924
3919.98	97.7908
3921.91	97.856
3923.84	97.954
3925.77	98.0287
3927.7	97.9738
3929.62	97.8387
3931.55	97.7711
3933.48	97.8026
3935.41	97.8
3937.34	97.7236
3939.27	97.6717
3941.2	97.6513
3943.13	97.5583
3945.06	97.4078
3946.99	97.3229
3948.92	97.3623
3950.85	97.5108
3952.77	97.6675
3954.7	97.7041
3956.63	97.6178
3958.56	97.5179
3960.49	97.4894
3962.42	97.5619
3964.35	97.6659
3966.28	97.6417
3968.21	97.497
3970.14	97.4393
3972.07	97.5123
3973.99	97.5431
3975.92	97.4818
3977.85	97.422
3979.78	97.3863
3981.71	97.3621
3983.64	97.3794
3985.57	97.4415
3987.5	97.5162
3989.43	97.5772
3991.36	97.5776
3993.29	97.486
3995.22	97.3887
3997.14	97.4325
