499.643	85.6407
501.572	86.0158
503.501	86.7983
505.43	87.0745
507.36	87.6911
509.289	89.0366
511.218	90.184
513.147	90.727
515.076	91.0344
517.005	90.9914
518.934	90.2624
520.863	89.241
522.792	88.4975
524.722	88.2738
526.651	88.5897
528.58	88.9656
530.509	88.8455
532.438	88.5187
534.367	88.7332
536.296	89.4362
538.225	89.8436
540.155	89.8354
542.084	90.0335
544.013	90.5072
545.942	90.7307
547.871	90.658
549.8	90.6041
551.729	90.5235
553.658	90.445
555.588	90.689
557.517	91.0539
559.446	91.0125
561.375	90.7422
563.304	90.6472
565.233	90.5312
567.162	90.3029
569.091	90.36
571.021	90.7026
572.95	90.829
574.879	90.5857
576.808	90.3499
578.737	90.4416
580.666	90.6327
582.595	90.4465
584.524	89.856
586.454	89.197
588.383	88.5493
590.312	87.8555
592.241	87.3096
594.17	87.0769
596.099	87.0159
598.028	86.9714
599.957	86.9595
601.887	87.0878
603.816	87.4629
605.745	88.0444
607.674	88.6219
609.603	89.0947
611.532	89.6211
613.461	90.2871
615.39	90.8133
617.32	90.8793
619.249	90.6565
621.178	90.5436
623.107	90.5311
625.036	90.3757
626.965	90.1375
628.894	90.0582
630.823	90.0627
632.753	89.836
634.682	89.3217
636.611	88.7568
638.54	88.1743
640.469	87.3092
642.398	86.0986
644.327	84.8177
646.256	83.6451
648.186	82.6224
650.115	81.9208
652.044	81.6198
653.973	81.6715
655.902	82.102
657.831	82.8222
659.76	83.7651
661.689	84.9459
663.619	86.1843
665.548	87.6144
667.477	89.7166
669.406	91.4503
671.335	91.7754
673.264	91.9811
675.193	92.5415
677.122	93.0647
679.052	93.3709
680.981	93.6364
682.91	93.8225
684.839	93.8722
686.768	93.9072
688.697	93.977
690.626	94.0439
692.555	94.128
694.485	94.2514
696.414	94.3456
698.343	94.3163
700.272	94.1808
702.201	94.0861
704.13	94.1291
706.059	94.2148
707.988	94.2033
709.917	94.1349
711.847	94.1287
713.776	94.1667
715.705	94.2088
717.634	94.3217
719.563	94.4431
721.492	94.3633
723.421	94.16
725.35	94.117
727.28	94.1922
729.209	94.1132
731.138	93.8632
733.067	93.6081
734.996	93.3675
736.925	93.1141
738.854	92.9457
740.783	92.9393
742.713	93.0158
744.642	93.0765
746.571	93.1486
748.5	93.2803
750.429	93.4065
752.358	93.4845
754.287	93.6114
756.216	93.8086
758.146	93.9215
760.075	93.9104
762.004	93.934
763.933	94.0564
765.862	94.1774
767.791	94.2273
769.72	94.2124
771.649	94.1528
773.579	94.0807
775.508	94.0267
777.437	93.9936
779.366	93.9539
781.295	93.865
783.224	93.726
785.153	93.5795
787.082	93.4095
789.012	93.1403
790.941	92.7489
792.87	92.2554
794.799	91.6416
796.728	90.8622
798.657	89.8617
800.586	88.5639
802.515	86.8758
804.445	84.6315
806.374	81.6085
808.303	77.8899
810.232	74.2561
812.161	71.8983
814.09	71.5861
816.019	73.2194
817.948	76.0624
819.878	79.221
821.807	82.0433
823.736	84.2678
825.665	85.8957
827.594	87.0476
829.523	87.8862
831.452	88.5007
833.381	88.8936
835.311	89.0837
837.24	89.0671
839.169	88.7713
841.098	88.2123
843.027	87.5598
844.956	86.9958
846.885	86.6669
848.814	86.6574
850.744	86.8756
852.673	87.1719
854.602	87.5567
856.531	88.0718
858.46	88.6002
860.389	89.0096
862.318	89.2948
864.247	89.4575
866.177	89.4284
868.106	89.1767
870.035	88.7627
871.964	88.2473
873.893	87.6432
875.822	86.969
877.751	86.2866
879.68	85.6876
881.609	85.2716
883.539	85.0868
885.468	85.0719
887.397	85.1035
889.326	85.0981
891.255	85.0523
893.184	85.0307
895.113	85.1222
897.042	85.3863
898.972	85.8583
900.901	86.5815
902.83	87.5537
904.759	88.646
906.688	89.6374
908.617	90.3484
910.546	90.7351
912.475	90.852
914.405	90.7453
916.334	90.4128
918.263	89.8318
920.192	88.9556
922.121	87.6885
924.05	85.9376
925.979	83.6766
927.908	80.8963
929.838	77.5799
931.767	73.8605
933.696	70.1299
935.625	66.87
937.554	64.4413
939.483	63.0385
941.412	62.6715
943.341	63.1364
945.271	64.1384
947.2	65.483
949.129	67.1017
951.058	68.9395
952.987	70.8829
954.916	72.779
956.845	74.5044
958.774	76.0295
960.704	77.4458
962.633	78.9387
964.562	80.6753
966.491	82.6527
968.42	84.666
970.349	86.4388
972.278	87.7822
974.207	88.6771
976.137	89.2226
978.066	89.491
979.995	89.4833
981.924	89.2092
983.853	88.6985
985.782	87.9868
987.711	87.2233
989.64	86.6556
991.57	86.3594
993.499	86.1227
995.428	85.6404
997.357	84.6595
999.286	83.0679
1001.22	81.1192
1003.14	79.4046
1005.07	78.3436
1007	77.8881
1008.93	77.8681
1010.86	78.3021
1012.79	79.1623
1014.72	80.1282
1016.65	80.7874
1018.58	80.9022
1020.51	80.4087
1022.44	79.3417
1024.36	77.8622
1026.29	76.306
1028.22	75.0821
1030.15	74.3584
1032.08	73.8855
1034.01	73.3122
1035.94	72.5906
1037.87	71.9058
1039.8	71.397
1041.73	71.1418
1043.66	71.2388
1045.58	71.7279
1047.51	72.5094
1049.44	73.3968
1051.37	74.194
1053.3	74.7471
1055.23	75.0395
1057.16	75.2528
1059.09	75.6211
1061.02	76.1868
1062.95	76.7418
1064.88	76.9993
1066.81	76.8532
1068.73	76.5526
1070.66	76.5444
1072.59	77.0661
1074.52	78.0051
1076.45	79.1363
1078.38	80.2987
1080.31	81.3756
1082.24	82.284
1084.17	82.971
1086.1	83.3985
1088.03	83.5792
1089.95	83.5477
1091.88	83.2552
1093.81	82.6267
1095.74	81.7265
1097.67	80.724
1099.6	79.7176
1101.53	78.6883
1103.46	77.5806
1105.39	76.3576
1107.32	75.0072
1109.25	73.5367
1111.18	71.9535
1113.1	70.2624
1115.03	68.4955
1116.96	66.7048
1118.89	64.905
1120.82	63.0836
1122.75	61.2853
1124.68	59.5888
1126.61	57.9494
1128.54	56.1589
1130.47	54.0117
1132.4	51.4145
1134.32	48.3416
1136.25	44.8726
1138.18	41.3047
1140.11	38.0668
1142.04	35.4949
1143.97	33.7441
1145.9	32.846
1147.83	32.7714
1149.76	33.4393
1151.69	34.709
1153.62	36.4231
1155.55	38.4624
1157.47	40.723
1159.4	43.0774
1161.33	45.3966
1163.26	47.5683
1165.19	49.4913
1167.12	51.108
1169.05	52.4423
1170.98	53.5811
1172.91	54.6269
1174.84	55.6764
1176.77	56.8303
1178.69	58.1768
1180.62	59.7366
1182.55	61.4699
1184.48	63.3555
1186.41	65.4145
1188.34	67.6583
1190.27	70.0629
1192.2	72.6008
1194.13	75.2822
1196.06	78.1237
1197.99	81.0697
1199.91	84.016
1201.84	86.8339
1203.77	89.2949
1205.7	91.2358
1207.63	92.7942
1209.56	94.1819
1211.49	95.6628
1213.42	97.7714
1215.35	100.351
1217.28	101.674
1219.21	100.706
1221.14	99.2381
1223.06	99.1984
1224.99	100.288
1226.92	101.229
1228.85	101.459
1230.78	100.871
1232.71	99.3911
1234.64	97.2743
1236.57	94.9415
1238.5	92.7047
1240.43	90.8055
1242.36	89.3325
1244.28	88.2283
1246.21	87.4794
1248.14	87.0981
1250.07	87.0201
1252	87.1421
1253.93	87.3383
1255.86	87.4871
1257.79	87.5481
1259.72	87.5085
1261.65	87.3186
1263.58	86.9634
1265.51	86.4782
1267.43	85.881
1269.36	85.1739
1271.29	84.3743
1273.22	83.5231
1275.15	82.6699
1277.08	81.7978
1279.01	80.7626
1280.94	79.3312
1282.87	77.2483
1284.8	74.235
1286.73	70.093
1288.65	65.151
1290.58	60.5531
1292.51	57.6575
1294.44	57.1745
1296.37	58.9652
1298.3	62.2738
1300.23	66.047
1302.16	69.3688
1304.09	71.7645
1306.02	73.0726
1307.95	73.2587
1309.87	72.5348
1311.8	71.4703
1313.73	70.762
1315.66	70.6733
1317.59	70.8708
1319.52	71.1011
1321.45	71.637
1323.38	72.8086
1325.31	74.6003
1327.24	76.8052
1329.17	79.2559
1331.1	81.8695
1333.02	84.4222
1334.95	86.5908
1336.88	88.3399
1338.81	89.8168
1340.74	91.0365
1342.67	92.1288
1344.6	93.4257
1346.53	95.0431
1348.46	96.7666
1350.39	98.3163
1352.32	99.5083
1354.24	100.23
1356.17	100.516
1358.1	100.577
1360.03	100.641
1361.96	100.724
1363.89	100.355
1365.82	99.1143
1367.75	97.5865
1369.68	96.8916
1371.61	97.1165
1373.54	97.0242
1375.47	95.9442
1377.39	94.7415
1379.32	94.0617
1381.25	93.7329
1383.18	93.5736
1385.11	93.4339
1387.04	93.0395
1388.97	92.4057
1390.9	91.796
1392.83	91.1508
1394.76	90.3349
1396.69	89.3584
1398.61	88.2096
1400.54	87.111
1402.47	86.4635
1404.4	86.3759
1406.33	86.7228
1408.26	87.3102
1410.19	88.0474
1412.12	88.9072
1414.05	89.7391
1415.98	90.4519
1417.91	91.0305
1419.83	91.3668
1421.76	91.4732
1423.69	91.4244
1425.62	91.2381
1427.55	90.9211
1429.48	90.328
1431.41	89.4444
1433.34	88.5495
1435.27	87.6039
1437.2	86.4551
1439.13	85.5328
1441.06	85.0108
1442.98	84.5877
1444.91	84.0568
1446.84	83.2248
1448.77	81.9291
1450.7	80.6629
1452.63	80.1906
1454.56	80.6315
1456.49	81.932
1458.42	83.517
1460.35	84.6014
1462.28	85.5897
1464.2	86.8067
1466.13	87.9912
1468.06	88.9205
1469.99	89.9011
1471.92	91.0405
1473.85	91.85
1475.78	92.1847
1477.71	92.5131
1479.64	92.96
1481.57	93.4513
1483.5	93.9421
1485.43	94.4393
1487.35	94.9645
1489.28	95.4136
1491.21	95.6451
1493.14	95.8328
1495.07	96.1275
1497	96.4369
1498.93	96.5902
1500.86	96.6515
1502.79	96.7658
1504.72	97.0045
1506.65	97.2995
1508.57	97.2914
1510.5	97.1343
1512.43	97.1311
1514.36	97.2725
1516.29	97.4287
1518.22	97.5295
1520.15	97.593
1522.08	97.603
1524.01	97.5639
1525.94	97.4887
1527.87	97.3918
1529.8	97.3536
1531.72	97.4053
1533.65	97.4473
1535.58	97.4328
1537.51	97.5078
1539.44	97.7451
1541.37	97.8428
1543.3	97.5918
1545.23	97.324
1547.16	97.1911
1549.09	97.1739
1551.02	97.185
1552.94	97.2003
1554.87	97.3094
1556.8	97.5344
1558.73	97.6018
1560.66	97.3029
1562.59	97.0485
1564.52	96.9458
1566.45	96.9515
1568.38	96.9651
1570.31	96.8589
1572.24	96.7642
1574.16	96.8125
1576.09	96.8391
1578.02	96.6567
1579.95	96.4651
1581.88	96.3833
1583.81	96.3426
1585.74	96.2791
1587.67	96.1836
1589.6	96.0939
1591.53	96.0485
1593.46	96.0112
1595.39	95.93
1597.31	95.8211
1599.24	95.7143
1601.17	95.5977
1603.1	95.4304
1605.03	95.2198
1606.96	95.0357
1608.89	94.8378
1610.82	94.5422
1612.75	94.281
1614.68	94.0885
1616.61	93.638
1618.53	92.9356
1620.46	92.3293
1622.39	91.5787
1624.32	90.5096
1626.25	89.4234
1628.18	88.208
1630.11	86.7618
1632.04	85.4743
1633.97	84.2569
1635.9	82.6633
1637.83	81.804
1639.76	83.0334
1641.68	85.7095
1643.61	88.6431
1645.54	91.2381
1647.47	93.1441
1649.4	94.0157
1651.33	94.3601
1653.26	94.6851
1655.19	94.8604
1657.12	94.8752
1659.05	94.9316
1660.98	94.9585
1662.9	94.8188
1664.83	94.6453
1666.76	94.6
1668.69	94.5997
1670.62	94.4117
1672.55	94.094
1674.48	93.75
1676.41	93.2094
1678.34	92.6374
1680.27	92.2923
1682.2	91.9325
1684.12	91.2371
1686.05	90.4506
1687.98	89.6083
1689.91	88.5518
1691.84	87.3422
1693.77	85.8013
1695.7	83.8117
1697.63	81.5901
1699.56	78.6304
1701.49	74.8754
1703.42	71.5888
1705.35	68.5325
1707.27	65.0267
1709.2	61.8789
1711.13	59.5438
1713.06	57.4865
1714.99	55.9027
1716.92	55.2166
1718.85	55.0443
1720.78	55.959
1722.71	58.5174
1724.64	62.3308
1726.57	67.1538
1728.49	72.7345
1730.42	78.5137
1732.35	84.9487
1734.28	92.8029
1736.21	99.5293
1738.14	103.446
1740.07	105.984
1742	107.992
1743.93	109.121
1745.86	109.685
1747.79	110.189
1749.72	110.44
1751.64	110.403
1753.57	110.213
1755.5	109.689
1757.43	109.025
1759.36	108.484
1761.29	107.719
1763.22	106.604
1765.15	105.555
1767.08	104.691
1769.01	103.968
1770.94	103.385
1772.86	102.683
1774.79	101.842
1776.72	101.211
1778.65	100.793
1780.58	100.445
1782.51	100.199
1784.44	100.069
1786.37	99.9544
1788.3	99.8321
1790.23	99.7472
1792.16	99.6551
1794.08	99.4317
1796.01	99.1475
1797.94	98.9686
1799.87	98.8948
1801.8	98.7904
1803.73	98.6546
1805.66	98.5745
1807.59	98.5282
1809.52	98.4716
1811.45	98.402
1813.38	98.3308
1815.31	98.2996
1817.23	98.3234
1819.16	98.3592
1821.09	98.3947
1823.02	98.4166
1824.95	98.3834
1826.88	98.357
1828.81	98.399
1830.74	98.4326
1832.67	98.44
1834.6	98.4575
1836.53	98.3822
1838.45	98.1777
1840.38	98.0591
1842.31	98.1809
1844.24	98.4386
1846.17	98.5787
1848.1	98.5383
1850.03	98.4155
1851.96	98.3102
1853.89	98.3185
1855.82	98.4029
1857.75	98.3889
1859.68	98.2466
1861.6	98.1801
1863.53	98.3225
1865.46	98.5865
1867.39	98.7972
1869.32	98.7938
1871.25	98.6403
1873.18	98.5291
1875.11	98.4504
1877.04	98.3487
1878.97	98.332
1880.9	98.4625
1882.82	98.6073
1884.75	98.6711
1886.68	98.6743
1888.61	98.5803
1890.54	98.4187
1892.47	98.4188
1894.4	98.6379
1896.33	98.8197
1898.26	98.8343
1900.19	98.8471
1902.12	98.8809
1904.05	98.8024
1905.97	98.7187
1907.9	98.7958
1909.83	98.9456
1911.76	99.0853
1913.69	99.2394
1915.62	99.2723
1917.55	99.0861
1919.48	98.9428
1921.41	99.0412
1923.34	99.1816
1925.27	99.1522
1927.19	99.027
1929.12	99.0078
1931.05	99.1527
1932.98	99.2928
1934.91	99.274
1936.84	99.1942
1938.77	99.2174
1940.7	99.3385
1942.63	99.4624
1944.56	99.5128
1946.49	99.4641
1948.41	99.3972
1950.34	99.454
1952.27	99.6274
1954.2	99.7318
1956.13	99.6714
1958.06	99.5505
1959.99	99.5215
1961.92	99.6793
1963.85	99.9451
1965.78	100.012
1967.71	99.7071
1969.64	99.3479
1971.56	99.3592
1973.49	99.7731
1975.42	100.243
1977.35	100.332
1979.28	99.9776
1981.21	99.6066
1983.14	99.5378
1985.07	99.6501
1987	99.7959
1988.93	99.9813
1990.86	100.06
1992.78	99.9143
1994.71	99.8524
1996.64	100.105
1998.57	100.302
2000.5	100.088
2002.43	99.804
2004.36	99.9242
2006.29	100.286
2008.22	100.459
2010.15	100.397
2012.08	100.283
2014.01	100.19
2015.93	100.125
2017.86	100.091
2019.79	100.078
2021.72	100.09
2023.65	100.093
2025.58	99.9946
2027.51	99.8208
2029.44	99.7265
2031.37	99.7371
2033.3	99.7128
2035.23	99.64
2037.15	99.6653
2039.08	99.7964
2041.01	99.9005
2042.94	99.9696
2044.87	100.065
2046.8	100.11
2048.73	99.9977
2050.66	99.7526
2052.59	99.5099
2054.52	99.452
2056.45	99.621
2058.37	99.7599
2060.3	99.6638
2062.23	99.5362
2064.16	99.6057
2066.09	99.7272
2068.02	99.7215
2069.95	99.6979
2071.88	99.7701
2073.81	99.8704
2075.74	99.9292
2077.67	99.9022
2079.6	99.7128
2081.52	99.4594
2083.45	99.4142
2085.38	99.562
2087.31	99.5498
2089.24	99.3029
2091.17	99.167
2093.1	99.298
2095.03	99.4925
2096.96	99.6374
2098.89	99.7708
2100.82	99.8232
2102.74	99.7293
2104.67	99.5607
2106.6	99.387
2108.53	99.2758
2110.46	99.3174
2112.39	99.4359
2114.32	99.4726
2116.25	99.4968
2118.18	99.6398
2120.11	99.7571
2122.04	99.6785
2123.97	99.5841
2125.89	99.7136
2127.82	99.9168
2129.75	99.9161
2131.68	99.8069
2133.61	99.8174
2135.54	99.8454
2137.47	99.7694
2139.4	99.7879
2141.33	99.9525
2143.26	100.006
2145.19	99.954
2147.11	100.037
2149.04	100.171
2150.97	100.184
2152.9	100.232
2154.83	100.397
2156.76	100.455
2158.69	100.362
2160.62	100.32
2162.55	100.279
2164.48	100.076
2166.41	99.84
2168.33	99.7603
2170.26	99.8061
2172.19	99.9299
2174.12	100.121
2176.05	100.27
2177.98	100.305
2179.91	100.267
2181.84	100.137
2183.77	99.9091
2185.7	99.7476
2187.63	99.8217
2189.56	100.069
2191.48	100.216
2193.41	100.097
2195.34	99.9116
2197.27	99.9308
2199.2	100.086
2201.13	100.147
2203.06	100.089
2204.99	100.098
2206.92	100.348
2208.85	100.665
2210.78	100.584
2212.7	100.102
2214.63	99.8396
2216.56	100.027
2218.49	100.176
2220.42	99.9884
2222.35	99.7821
2224.28	99.8532
2226.21	100.018
2228.14	99.9807
2230.07	99.8645
2232	99.9328
2233.93	99.9705
2235.85	99.6898
2237.78	99.4358
2239.71	99.5684
2241.64	99.7479
2243.57	99.6747
2245.5	99.6763
2247.43	99.9515
2249.36	100.166
2251.29	100.117
2253.22	99.9948
2255.15	99.9477
2257.07	99.9975
2259	100.181
2260.93	100.349
2262.86	100.242
2264.79	99.9575
2266.72	99.8171
2268.65	99.8644
2270.58	99.9722
2272.51	100.081
2274.44	100.033
2276.37	99.7186
2278.29	99.4034
2280.22	99.3786
2282.15	99.5206
2284.08	99.594
2286.01	99.6203
2287.94	99.7285
2289.87	99.9146
2291.8	100.045
2293.73	100.05
2295.66	100.085
2297.59	100.329
2299.52	100.679
2301.44	100.921
2303.37	101.078
2305.3	101.297
2307.23	101.601
2309.16	101.954
2311.09	102.319
2313.02	102.637
2314.95	102.956
2316.88	103.422
2318.81	104.008
2320.74	104.503
2322.66	104.842
2324.59	105.179
2326.52	105.595
2328.45	106.015
2330.38	106.337
2332.31	106.555
2334.24	106.785
2336.17	107.062
2338.1	107.245
2340.03	107.319
2341.96	107.411
2343.89	107.149
2345.81	106.132
2347.74	105.115
2349.67	104.886
2351.6	105.637
2353.53	107.23
2355.46	108.978
2357.39	110.163
2359.32	110.718
2361.25	110.849
2363.18	110.587
2365.11	109.619
2367.03	108.133
2368.96	106.854
2370.89	105.849
2372.82	104.707
2374.75	103.413
2376.68	102.213
2378.61	101.207
2380.54	100.378
2382.47	99.7028
2384.4	99.1472
2386.33	98.6969
2388.26	98.3882
2390.18	98.2627
2392.11	98.2668
2394.04	98.2527
2395.97	98.1506
2397.9	98.0494
2399.83	97.9968
2401.76	97.9244
2403.69	97.8982
2405.62	98.078
2407.55	98.3206
2409.48	98.3132
2411.4	98.1143
2413.33	98.0296
2415.26	98.0947
2417.19	98.1332
2419.12	98.103
2421.05	98.0877
2422.98	98.1214
2424.91	98.1534
2426.84	98.1296
2428.77	98.1051
2430.7	98.1751
2432.62	98.2568
2434.55	98.17
2436.48	97.9637
2438.41	97.8787
2440.34	97.9728
2442.27	98.0649
2444.2	98.0602
2446.13	98.0462
2448.06	98.0577
2449.99	98.0237
2451.92	97.9376
2453.85	97.8691
2455.77	97.8614
2457.7	97.9054
2459.63	97.9506
2461.56	97.9751
2463.49	98.0212
2465.42	98.0659
2467.35	98.0416
2469.28	98.0261
2471.21	98.1003
2473.14	98.1555
2475.07	98.1424
2476.99	98.1759
2478.92	98.2388
2480.85	98.217
2482.78	98.1634
2484.71	98.158
2486.64	98.1384
2488.57	98.0855
2490.5	98.111
2492.43	98.2576
2494.36	98.4096
2496.29	98.4805
2498.22	98.521
2500.14	98.5153
2502.07	98.3338
2504	98.0661
2505.93	97.9988
2507.86	98.1327
2509.79	98.1988
2511.72	98.1378
2513.65	98.1283
2515.58	98.2582
2517.51	98.4334
2519.44	98.5147
2521.36	98.4786
2523.29	98.4242
2525.22	98.3969
2527.15	98.3578
2529.08	98.316
2531.01	98.298
2532.94	98.2987
2534.87	98.34
2536.8	98.3978
2538.73	98.3812
2540.66	98.3288
2542.58	98.3437
2544.51	98.3444
2546.44	98.238
2548.37	98.1456
2550.3	98.1569
2552.23	98.1877
2554.16	98.2136
2556.09	98.2723
2558.02	98.3076
2559.95	98.3126
2561.88	98.3929
2563.81	98.533
2565.73	98.6053
2567.66	98.5803
2569.59	98.4845
2571.52	98.3379
2573.45	98.2578
2575.38	98.3586
2577.31	98.5471
2579.24	98.6422
2581.17	98.6289
2583.1	98.6471
2585.03	98.7575
2586.95	98.8259
2588.88	98.7262
2590.81	98.5432
2592.74	98.4045
2594.67	98.302
2596.6	98.2474
2598.53	98.3074
2600.46	98.3955
2602.39	98.364
2604.32	98.2588
2606.25	98.1846
2608.18	98.1101
2610.1	98.0284
2612.03	98.0277
2613.96	98.0737
2615.89	98.0254
2617.82	97.8885
2619.75	97.7863
2621.68	97.7456
2623.61	97.7319
2625.54	97.7747
2627.47	97.876
2629.4	97.9286
2631.32	97.8631
2633.25	97.7683
2635.18	97.7599
2637.11	97.8105
2639.04	97.8189
2640.97	97.7775
2642.9	97.7351
2644.83	97.6745
2646.76	97.5775
2648.69	97.5104
2650.62	97.5104
2652.54	97.5115
2654.47	97.4798
2656.4	97.4765
2658.33	97.5206
2660.26	97.5263
2662.19	97.434
2664.12	97.313
2666.05	97.2636
2667.98	97.2792
2669.91	97.2849
2671.84	97.2699
2673.77	97.2762
2675.69	97.305
2677.62	97.3314
2679.55	97.3536
2681.48	97.3691
2683.41	97.366
2685.34	97.3407
2687.27	97.2801
2689.2	97.1749
2691.13	97.0679
2693.06	97.0207
2694.99	97.0415
2696.91	97.0844
2698.84	97.1049
2700.77	97.1069
2702.7	97.1131
2704.63	97.0867
2706.56	96.9948
2708.49	96.9319
2710.42	96.9871
2712.35	97.0647
2714.28	97.0582
2716.21	97.033
2718.14	97.0448
2720.06	97.0353
2721.99	97.0099
2723.92	97.0218
2725.85	97.0031
2727.78	96.8934
2729.71	96.7911
2731.64	96.7626
2733.57	96.7335
2735.5	96.6839
2737.43	96.6831
2739.36	96.7261
2741.28	96.7649
2743.21	96.7947
2745.14	96.7803
2747.07	96.6966
2749	96.6481
2750.93	96.7242
2752.86	96.8493
2754.79	96.9396
2756.72	96.994
2758.65	96.9804
2760.58	96.8895
2762.51	96.8315
2764.43	96.8514
2766.36	96.8316
2768.29	96.7414
2770.22	96.7235
2772.15	96.8105
2774.08	96.8425
2776.01	96.773
2777.94	96.7612
2779.87	96.8474
2781.8	96.8519
2783.73	96.7255
2785.65	96.6486
2787.58	96.6669
2789.51	96.6193
2791.44	96.4953
2793.37	96.4561
2795.3	96.5012
2797.23	96.4979
2799.16	96.4614
2801.09	96.4879
2803.02	96.5415
2804.95	96.5248
2806.87	96.4462
2808.8	96.3966
2810.73	96.4017
2812.66	96.3644
2814.59	96.2281
2816.52	96.1136
2818.45	96.1255
2820.38	96.1638
2822.31	96.1003
2824.24	95.9514
2826.17	95.7886
2828.1	95.6735
2830.02	95.6354
2831.95	95.6105
2833.88	95.5322
2835.81	95.4335
2837.74	95.3319
2839.67	95.1949
2841.6	95.0352
2843.53	94.8409
2845.46	94.5694
2847.39	94.3035
2849.32	94.1126
2851.24	93.8572
2853.17	93.4724
2855.1	93.1018
2857.03	92.7331
2858.96	92.2218
2860.89	91.6833
2862.82	91.3228
2864.75	91.0614
2866.68	90.7486
2868.61	90.4231
2870.54	90.1458
2872.47	89.9461
2874.39	89.9395
2876.32	90.187
2878.25	90.5736
2880.18	90.9659
2882.11	91.2823
2884.04	91.4608
2885.97	91.5556
2887.9	91.6891
2889.83	91.834
2891.76	91.8794
2893.69	91.8686
2895.61	91.9156
2897.54	91.9849
2899.47	91.9759
2901.4	91.9289
2903.33	91.9537
2905.26	92.019
2907.19	91.9869
2909.12	91.8253
2911.05	91.652
2912.98	91.5638
2914.91	91.5035
2916.83	91.3482
2918.76	91.0872
2920.69	90.7487
2922.62	90.2302
2924.55	89.4939
2926.48	88.7631
2928.41	88.2372
2930.34	87.918
2932.27	87.8687
2934.2	88.1977
2936.13	88.7421
2938.06	89.1849
2939.98	89.4477
2941.91	89.6818
2943.84	89.9325
2945.77	90.0042
2947.7	89.7218
2949.63	89.1853
2951.56	88.5868
2953.49	87.9726
2955.42	87.3691
2957.35	86.8784
2959.28	86.6076
2961.2	86.7264
2963.13	87.3887
2965.06	88.5175
2966.99	89.9622
2968.92	91.5633
2970.85	92.7919
2972.78	93.1365
2974.71	92.9501
2976.64	92.9131
2978.57	93.0836
2980.5	93.255
2982.43	93.5085
2984.35	93.9049
2986.28	94.3776
2988.21	94.9827
2990.14	95.6391
2992.07	96.048
2994	96.2261
2995.93	96.4571
2997.86	96.7687
2999.79	97.0948
3001.72	97.5226
3003.65	97.9533
3005.57	98.1179
3007.5	98.048
3009.43	98.0025
3011.36	98.1102
3013.29	98.387
3015.22	98.7538
3017.15	98.9816
3019.08	98.9494
3021.01	98.8085
3022.94	98.707
3024.87	98.6674
3026.79	98.7417
3028.72	98.9421
3030.65	99.0962
3032.58	99.0343
3034.51	98.8053
3036.44	98.544
3038.37	98.3152
3040.3	98.1717
3042.23	98.1047
3044.16	97.9606
3046.09	97.7215
3048.02	97.672
3049.94	97.9232
3051.87	98.139
3053.8	98.0801
3055.73	97.9242
3057.66	97.8645
3059.59	97.8857
3061.52	97.9285
3063.45	97.9268
3065.38	97.8701
3067.31	97.9025
3069.24	98.0534
3071.16	98.1056
3073.09	98.0366
3075.02	98.1027
3076.95	98.2838
3078.88	98.2793
3080.81	98.0418
3082.74	97.7361
3084.67	97.4581
3086.6	97.3624
3088.53	97.5194
3090.46	97.6153
3092.39	97.4458
3094.31	97.2978
3096.24	97.314
3098.17	97.2721
3100.1	97.2083
3102.03	97.307
3103.96	97.3984
3105.89	97.3285
3107.82	97.2488
3109.75	97.2127
3111.68	97.1677
3113.61	97.162
3115.53	97.1289
3117.46	97.0053
3119.39	97.034
3121.32	97.3016
3123.25	97.4397
3125.18	97.2829
3127.11	97.1314
3129.04	97.1142
3130.97	97.0449
3132.9	96.917
3134.83	96.9419
3136.75	97.1662
3138.68	97.4323
3140.61	97.6039
3142.54	97.612
3144.47	97.4582
3146.4	97.2803
3148.33	97.2006
3150.26	97.1481
3152.19	97.0849
3154.12	97.1639
3156.05	97.3538
3157.98	97.3504
3159.9	97.1438
3161.83	97.0767
3163.76	97.1893
3165.69	97.1965
3167.62	97.08
3169.55	97.0512
3171.48	97.1001
3173.41	97.0793
3175.34	96.9958
3177.27	96.9341
3179.2	96.929
3181.12	96.9793
3183.05	97.0268
3184.98	97.0055
3186.91	96.9536
3188.84	96.9406
3190.77	96.9717
3192.7	97.0611
3194.63	97.2063
3196.56	97.2757
3198.49	97.1365
3200.42	96.868
3202.35	96.6902
3204.27	96.7091
3206.2	96.8037
3208.13	96.8101
3210.06	96.7657
3211.99	96.7824
3213.92	96.782
3215.85	96.6709
3217.78	96.597
3219.71	96.7016
3221.64	96.8615
3223.57	96.919
3225.49	96.9004
3227.42	96.8617
3229.35	96.7755
3231.28	96.6575
3233.21	96.6222
3235.14	96.7259
3237.07	96.8337
3239	96.7674
3240.93	96.5868
3242.86	96.5171
3244.79	96.5865
3246.72	96.6069
3248.64	96.522
3250.57	96.4515
3252.5	96.4099
3254.43	96.3197
3256.36	96.2593
3258.29	96.3703
3260.22	96.5707
3262.15	96.6485
3264.08	96.582
3266.01	96.5202
3267.94	96.5207
3269.86	96.5412
3271.79	96.5744
3273.72	96.5863
3275.65	96.5017
3277.58	96.3762
3279.51	96.3214
3281.44	96.2978
3283.37	96.2638
3285.3	96.3022
3287.23	96.3797
3289.16	96.3412
3291.08	96.2115
3293.01	96.1387
3294.94	96.161
3296.87	96.2472
3298.8	96.3108
3300.73	96.204
3302.66	95.9625
3304.59	95.8252
3306.52	95.8833
3308.45	95.9987
3310.38	96.0121
3312.31	95.8688
3314.23	95.707
3316.16	95.7549
3318.09	95.9613
3320.02	96.0069
3321.95	95.7993
3323.88	95.5855
3325.81	95.5346
3327.74	95.5573
3329.67	95.5506
3331.6	95.5752
3333.53	95.694
3335.45	95.7781
3337.38	95.6743
3339.31	95.4639
3341.24	95.3247
3343.17	95.2975
3345.1	95.3387
3347.03	95.3734
3348.96	95.3111
3350.89	95.2095
3352.82	95.1955
3354.75	95.1883
3356.68	95.0829
3358.6	95.0444
3360.53	95.2325
3362.46	95.4973
3364.39	95.5893
3366.32	95.4676
3368.25	95.2995
3370.18	95.2093
3372.11	95.1221
3374.04	94.9778
3375.97	94.8898
3377.9	94.8972
3379.82	94.9086
3381.75	94.9498
3383.68	95.0661
3385.61	95.1548
3387.54	95.1975
3389.47	95.2777
3391.4	95.2852
3393.33	95.0745
3395.26	94.8003
3397.19	94.7092
3399.12	94.8186
3401.04	94.9758
3402.97	95.0136
3404.9	94.8827
3406.83	94.7392
3408.76	94.7215
3410.69	94.736
3412.62	94.7239
3414.55	94.8288
3416.48	95.0299
3418.41	95.0653
3420.34	94.9145
3422.27	94.8398
3424.19	94.8607
3426.12	94.8032
3428.05	94.7538
3429.98	94.8838
3431.91	95.0723
3433.84	95.1278
3435.77	95.1315
3437.7	95.2148
3439.63	95.2296
3441.56	94.9973
3443.49	94.7357
3445.41	94.8167
3447.34	95.1655
3449.27	95.3531
3451.2	95.3194
3453.13	95.3681
3455.06	95.4868
3456.99	95.4082
3458.92	95.2306
3460.85	95.2517
3462.78	95.416
3464.71	95.4945
3466.64	95.4409
3468.56	95.3104
3470.49	95.2329
3472.42	95.3083
3474.35	95.3269
3476.28	95.1225
3478.21	95.0226
3480.14	95.2269
3482.07	95.3306
3484	95.1084
3485.93	94.9583
3487.86	95.0637
3489.78	95.0441
3491.71	94.663
3493.64	94.2034
3495.57	94.0357
3497.5	94.2439
3499.43	94.657
3501.36	95.0144
3503.29	95.0505
3505.22	94.7646
3507.15	94.5406
3509.08	94.6547
3511	94.9382
3512.93	95.0696
3514.86	95.011
3516.79	94.9052
3518.72	94.7851
3520.65	94.6055
3522.58	94.4636
3524.51	94.5155
3526.44	94.6576
3528.37	94.6917
3530.3	94.702
3532.23	94.7952
3534.15	94.8465
3536.08	94.8233
3538.01	94.8274
3539.94	94.7734
3541.87	94.5983
3543.8	94.5122
3545.73	94.6032
3547.66	94.6608
3549.59	94.6499
3551.52	94.6764
3553.45	94.7043
3555.37	94.8117
3557.3	95.1102
3559.23	95.308
3561.16	95.1133
3563.09	94.8583
3565.02	94.9024
3566.95	95.0257
3568.88	95.0087
3570.81	95.1297
3572.74	95.506
3574.67	95.9123
3576.6	96.076
3578.52	95.9989
3580.45	95.9452
3582.38	96.0322
3584.31	96.0875
3586.24	96.072
3588.17	96.2426
3590.1	96.5638
3592.03	96.7177
3593.96	96.7356
3595.89	96.8738
3597.82	97.1658
3599.74	97.4214
3601.67	97.5665
3603.6	97.6377
3605.53	97.5785
3607.46	97.3292
3609.39	97.094
3611.32	97.1089
3613.25	97.2741
3615.18	97.4147
3617.11	97.4913
3619.04	97.5699
3620.97	97.7353
3622.89	97.8635
3624.82	97.8415
3626.75	97.8984
3628.68	98.2236
3630.61	98.2412
3632.54	97.7805
3634.47	97.5185
3636.4	97.6531
3638.33	97.7487
3640.26	97.619
3642.19	97.6262
3644.11	98.0578
3646.04	98.7659
3647.97	99.2743
3649.9	99.0181
3651.83	98.4287
3653.76	98.0759
3655.69	97.7734
3657.62	97.459
3659.55	97.3916
3661.48	97.5974
3663.41	97.8325
3665.33	97.91
3667.26	97.9318
3669.19	98.1438
3671.12	98.5139
3673.05	98.7218
3674.98	98.6974
3676.91	98.4896
3678.84	98.143
3680.77	97.7751
3682.7	97.5769
3684.63	97.6929
3686.56	98.0536
3688.48	98.4858
3690.41	98.6956
3692.34	98.5046
3694.27	98.2173
3696.2	98.2243
3698.13	98.5384
3700.06	98.7282
3701.99	98.5576
3703.92	98.3704
3705.85	98.4057
3707.78	98.4905
3709.7	98.4875
3711.63	98.3268
3713.56	98.0469
3715.49	97.9385
3717.42	98.1238
3719.35	98.3686
3721.28	98.3961
3723.21	98.2951
3725.14	98.2885
3727.07	98.4235
3729	98.6766
3730.93	98.9734
3732.85	99.1692
3734.78	99.2092
3736.71	99.13
3738.64	98.8812
3740.57	98.5234
3742.5	98.2784
3744.43	98.3644
3746.36	98.5665
3748.29	98.5495
3750.22	98.4536
3752.15	98.4272
3754.07	98.3225
3756	98.087
3757.93	97.881
3759.86	97.9032
3761.79	98.0849
3763.72	98.1484
3765.65	98.0244
3767.58	97.9394
3769.51	98.0185
3771.44	98.0391
3773.37	97.9144
3775.29	97.8305
3777.22	97.8414
3779.15	97.8574
3781.08	97.8709
3783.01	97.9219
3784.94	97.9656
3786.87	97.9057
3788.8	97.7113
3790.73	97.5452
3792.66	97.6087
3794.59	97.8313
3796.52	97.962
3798.44	98.0104
3800.37	98.1308
3802.3	98.2141
3804.23	98.1524
3806.16	98.0288
3808.09	97.8008
3810.02	97.5105
3811.95	97.4088
3813.88	97.618
3815.81	97.9771
3817.74	98.1219
3819.66	98.0693
3821.59	98.092
3823.52	98.141
3825.45	98.0414
3827.38	97.9264
3829.31	97.9568
3831.24	97.9975
3833.17	97.9129
3835.1	97.892
3837.03	98.0502
3838.96	98.0959
3840.89	97.8793
3842.81	97.695
3844.74	97.7067
3846.67	97.8252
3848.6	97.9543
3850.53	98.0938
3852.46	98.2101
3854.39	98.1199
3856.32	97.9233
3858.25	97.8794
3860.18	97.9063
3862.11	97.8042
3864.03	97.6582
3865.96	97.7817
3867.89	98.0378
3869.82	97.9844
3871.75	97.6573
3873.68	97.5498
3875.61	97.7196
3877.54	97.8773
3879.47	97.9474
3881.4	98.0446
3883.33	98.1268
3885.25	98.0614
3887.18	97.9942
3889.11	98.105
3891.04	98.1776
3892.97	97.9396
3894.9	97.6453
3896.83	97.6488
3898.76	97.8705
3900.69	97.9743
3902.62	97.8188
3904.55	97.6282
3906.48	97.5816
3908.4	97.6455
3910.33	97.7182
3912.26	97.7151
3914.19	97.6462
3916.12	97.6253
3918.05	97.6764
3919.98	97.6797
3921.91	97.6372
3923.84	97.6612
3925.77	97.7402
3927.7	97.7897
3929.62	97.7984
3931.55	97.7508
3933.48	97.6418
3935.41	97.5569
3937.34	97.5401
3939.27	97.5601
3941.2	97.587
3943.13	97.5666
3945.06	97.4874
3946.99	97.4729
3948.92	97.5802
3950.85	97.6533
3952.77	97.5794
3954.7	97.4643
3956.63	97.4149
3958.56	97.4124
3960.49	97.4234
3962.42	97.479
3964.35	97.5911
3966.28	97.6853
3968.21	97.6811
3970.14	97.5912
3972.07	97.5073
3973.99	97.489
3975.92	97.4967
3977.85	97.4674
3979.78	97.4361
3981.71	97.4699
3983.64	97.5132
3985.57	97.4842
3987.5	97.4471
3989.43	97.4628
3991.36	97.4362
3993.29	97.3302
3995.22	97.2944
3997.14	97.4114
