499.643	86.8028
501.572	86.9708
503.501	86.918
505.43	86.9469
507.36	87.7373
509.289	88.925
511.218	89.6163
513.147	89.9018
515.076	90.2586
517.005	90.2746
518.934	89.4156
520.863	88.3558
522.792	88.0941
524.722	88.6903
526.651	89.2809
528.58	89.1614
530.509	88.68
532.438	88.5297
534.367	88.9197
536.296	89.515
538.225	89.8156
540.155	89.7499
542.084	89.7691
544.013	90.0507
545.942	90.2615
547.871	90.3099
549.8	90.3435
551.729	90.2525
553.658	90.1654
555.588	90.4827
557.517	90.9202
559.446	90.9009
561.375	90.6777
563.304	90.6173
565.233	90.4368
567.162	90.1699
569.091	90.3047
571.021	90.6502
572.95	90.6383
574.879	90.3503
576.808	90.2087
578.737	90.3272
580.666	90.5054
582.595	90.4071
584.524	89.8804
586.454	89.1488
588.383	88.4354
590.312	87.7811
592.241	87.3023
594.17	87.0923
596.099	87.0294
598.028	87.0239
599.957	87.0834
601.887	87.2053
603.816	87.5084
605.745	88.0709
607.674	88.6233
609.603	88.9901
611.532	89.4814
613.461	90.2132
615.39	90.7073
617.32	90.6772
619.249	90.5238
621.178	90.5896
623.107	90.6644
625.036	90.5146
626.965	90.3018
628.894	90.2315
630.823	90.1615
632.753	89.8602
634.682	89.3656
636.611	88.8212
638.54	88.1716
640.469	87.2548
642.398	86.0624
644.327	84.776
646.256	83.5697
648.186	82.5602
650.115	81.8851
652.044	81.5798
653.973	81.6371
655.902	82.0708
657.831	82.7557
659.76	83.6962
661.689	84.9508
663.619	86.2441
665.548	87.6661
667.477	89.7323
669.406	91.4046
671.335	91.676
673.264	91.8982
675.193	92.5354
677.122	93.1151
679.052	93.4145
680.981	93.6306
682.91	93.7557
684.839	93.7834
686.768	93.8299
688.697	93.8818
690.626	93.9185
692.555	94.0296
694.485	94.2187
696.414	94.3495
698.343	94.31
700.272	94.1472
702.201	94.048
704.13	94.1188
706.059	94.2393
707.988	94.2511
709.917	94.1815
711.847	94.1439
713.776	94.1589
715.705	94.205
717.634	94.306
719.563	94.4083
721.492	94.3563
723.421	94.1843
725.35	94.1196
727.28	94.176
729.209	94.1198
731.138	93.8782
733.067	93.602
734.996	93.3606
736.925	93.1314
738.854	92.976
740.783	92.9565
742.713	93.0018
744.642	93.0391
746.571	93.1182
748.5	93.2745
750.429	93.4291
752.358	93.5429
754.287	93.6818
756.216	93.8325
758.146	93.8866
760.075	93.8639
762.004	93.902
763.933	94.0306
765.862	94.1609
767.791	94.22
769.72	94.1804
771.649	94.0726
773.579	93.9889
775.508	93.9793
777.437	93.9895
779.366	93.9489
781.295	93.8447
783.224	93.7048
785.153	93.556
787.082	93.3856
789.012	93.1413
790.941	92.7808
792.87	92.2934
794.799	91.6773
796.728	90.909
798.657	89.9115
800.586	88.578
802.515	86.8334
804.445	84.5659
806.374	81.5709
808.303	77.885
810.232	74.2458
812.161	71.8715
814.09	71.5772
816.019	73.2429
817.948	76.0854
819.878	79.2267
821.807	82.0601
823.736	84.3047
825.665	85.9213
827.594	87.0519
829.523	87.8925
831.452	88.5136
833.381	88.8928
835.311	89.0592
837.24	89.0284
839.169	88.7248
841.098	88.1546
843.027	87.507
844.956	86.9821
846.885	86.6839
848.814	86.6482
850.744	86.8193
852.673	87.1118
854.602	87.5339
856.531	88.0781
858.46	88.5953
860.389	88.9698
862.318	89.2423
864.247	89.4262
866.177	89.4148
868.106	89.1571
870.035	88.7303
871.964	88.2115
873.893	87.6144
875.822	86.9492
877.751	86.2598
879.68	85.6356
881.609	85.2099
883.539	85.0633
885.468	85.1069
887.397	85.1581
889.326	85.1347
891.255	85.0851
893.184	85.073
895.113	85.1431
897.042	85.3658
898.972	85.8272
900.901	86.5708
902.83	87.5507
904.759	88.6235
906.688	89.5981
908.617	90.3188
910.546	90.7226
912.475	90.8392
914.405	90.7297
916.334	90.4109
918.263	89.8409
920.192	88.9526
922.121	87.6632
924.05	85.8959
925.979	83.6228
927.908	80.8351
929.838	77.5213
931.767	73.8122
933.696	70.096
935.625	66.8548
937.554	64.4411
939.483	63.0341
941.412	62.6443
943.341	63.0966
945.271	64.1205
947.2	65.4968
949.129	67.1092
951.058	68.9106
952.987	70.8389
954.916	72.7492
956.845	74.4875
958.774	76.0198
960.704	77.4411
962.633	78.9245
964.562	80.6501
966.491	82.6362
968.42	84.6544
970.349	86.4128
972.278	87.7604
974.207	88.6866
976.137	89.2426
978.066	89.4945
979.995	89.4827
981.924	89.211
983.853	88.6829
985.782	87.9623
987.711	87.223
989.64	86.6734
991.57	86.3621
993.499	86.1094
995.428	85.6292
997.357	84.6472
999.286	83.0489
1001.22	81.1064
1003.14	79.4051
1005.07	78.347
1007	77.8871
1008.93	77.8615
1010.86	78.2844
1012.79	79.1375
1014.72	80.1164
1016.65	80.7916
1018.58	80.8998
1020.51	80.3938
1022.44	79.3319
1024.36	77.858
1026.29	76.2904
1028.22	75.0555
1030.15	74.336
1032.08	73.8727
1034.01	73.3049
1035.94	72.5813
1037.87	71.8847
1039.8	71.362
1041.73	71.1042
1043.66	71.211
1045.58	71.7102
1047.51	72.491
1049.44	73.367
1051.37	74.1549
1053.3	74.7123
1055.23	75.0146
1057.16	75.2262
1059.09	75.5867
1061.02	76.1548
1062.95	76.7139
1064.88	76.9638
1066.81	76.814
1068.73	76.5273
1070.66	76.5379
1072.59	77.0748
1074.52	78.024
1076.45	79.1475
1078.38	80.2867
1080.31	81.3461
1082.24	82.2434
1084.17	82.9188
1086.1	83.3453
1088.03	83.537
1089.95	83.5129
1091.88	83.226
1093.81	82.6079
1095.74	81.7106
1097.67	80.6995
1099.6	79.6843
1101.53	78.6406
1103.46	77.502
1105.39	76.2495
1107.32	74.8969
1109.25	73.4444
1111.18	71.8763
1113.1	70.1961
1115.03	68.4437
1116.96	66.6551
1118.89	64.8321
1120.82	62.9897
1122.75	61.1959
1124.68	59.5049
1126.61	57.8538
1128.54	56.0597
1130.47	53.9257
1132.4	51.331
1134.32	48.2497
1136.25	44.7875
1138.18	41.2382
1140.11	38.017
1142.04	35.4687
1143.97	33.7435
1145.9	32.8492
1147.83	32.7629
1149.76	33.4262
1151.69	34.6909
1153.62	36.392
1155.55	38.4315
1157.47	40.7112
1159.4	43.0785
1161.33	45.3932
1163.26	47.5531
1165.19	49.4651
1167.12	51.0767
1169.05	52.41
1170.98	53.5395
1172.91	54.5717
1174.84	55.6263
1176.77	56.8067
1178.69	58.1773
1180.62	59.7406
1182.55	61.459
1184.48	63.3278
1186.41	65.3836
1188.34	67.637
1190.27	70.0532
1192.2	72.6021
1194.13	75.2984
1196.06	78.1567
1197.99	81.1126
1199.91	84.0586
1201.84	86.8766
1203.77	89.3464
1205.7	91.2971
1207.63	92.8609
1209.56	94.2528
1211.49	95.7341
1213.42	97.8453
1215.35	100.445
1217.28	101.79
1219.21	100.806
1221.14	99.3031
1223.06	99.2542
1224.99	100.356
1226.92	101.295
1228.85	101.506
1230.78	100.915
1232.71	99.4428
1234.64	97.3128
1236.57	94.9441
1238.5	92.6781
1240.43	90.7691
1242.36	89.2966
1244.28	88.1936
1246.21	87.4426
1248.14	87.058
1250.07	86.9796
1252	87.1044
1253.93	87.3055
1255.86	87.4613
1257.79	87.5269
1259.72	87.4839
1261.65	87.2818
1263.58	86.9132
1265.51	86.4261
1267.43	85.8379
1269.36	85.1306
1271.29	84.3182
1273.22	83.4693
1275.15	82.6373
1277.08	81.7727
1279.01	80.7271
1280.94	79.298
1282.87	77.226
1284.8	74.2011
1286.73	70.0395
1288.65	65.1034
1290.58	60.5199
1292.51	57.6239
1294.44	57.1468
1296.37	58.9579
1298.3	62.2739
1300.23	66.043
1302.16	69.3754
1304.09	71.7906
1306.02	73.1036
1307.95	73.2818
1309.87	72.551
1311.8	71.485
1313.73	70.7785
1315.66	70.6925
1317.59	70.8931
1319.52	71.1236
1321.45	71.655
1323.38	72.8248
1325.31	74.6226
1327.24	76.8316
1329.17	79.2789
1331.1	81.8908
1333.02	84.4502
1334.95	86.629
1336.88	88.3808
1338.81	89.8468
1340.74	91.0585
1342.67	92.1621
1344.6	93.4707
1346.53	95.0825
1348.46	96.8054
1350.39	98.3782
1352.32	99.5869
1354.24	100.296
1356.17	100.567
1358.1	100.629
1360.03	100.693
1361.96	100.778
1363.89	100.435
1365.82	99.2161
1367.75	97.677
1369.68	96.9635
1371.61	97.202
1373.54	97.1408
1375.47	96.0692
1377.39	94.8538
1379.32	94.1574
1381.25	93.8014
1383.18	93.6112
1385.11	93.4585
1387.04	93.0634
1388.97	92.4231
1390.9	91.8134
1392.83	91.181
1394.76	90.3617
1396.69	89.3562
1398.61	88.1876
1400.54	87.0876
1402.47	86.4483
1404.4	86.3863
1406.33	86.7608
1408.26	87.3431
1410.19	88.0589
1412.12	88.9177
1414.05	89.7626
1415.98	90.4743
1417.91	91.0331
1419.83	91.3538
1421.76	91.4668
1423.69	91.4331
1425.62	91.2511
1427.55	90.9256
1429.48	90.3196
1431.41	89.4217
1433.34	88.5159
1435.27	87.5698
1437.2	86.4298
1439.13	85.5249
1441.06	85.031
1442.98	84.6275
1444.91	84.0833
1446.84	83.2265
1448.77	81.933
1450.7	80.6839
1452.63	80.2127
1454.56	80.6298
1456.49	81.8789
1458.42	83.4405
1460.35	84.572
1462.28	85.6221
1464.2	86.8634
1466.13	88.0197
1468.06	88.9254
1469.99	89.9096
1471.92	91.046
1473.85	91.8392
1475.78	92.1842
1477.71	92.5212
1479.64	92.9416
1481.57	93.4158
1483.5	93.9426
1485.43	94.4895
1487.35	95.0391
1489.28	95.5008
1491.21	95.7244
1493.14	95.8631
1495.07	96.0988
1497	96.3866
1498.93	96.567
1500.86	96.6643
1502.79	96.8038
1504.72	97.0424
1506.65	97.2899
1508.57	97.2513
1510.5	97.1166
1512.43	97.1298
1514.36	97.2746
1516.29	97.4499
1518.22	97.5776
1520.15	97.635
1522.08	97.6172
1524.01	97.5697
1525.94	97.4957
1527.87	97.3957
1529.8	97.3604
1531.72	97.4233
1533.65	97.4755
1535.58	97.4631
1537.51	97.5369
1539.44	97.771
1541.37	97.8444
1543.3	97.5606
1545.23	97.2987
1547.16	97.2085
1549.09	97.2218
1551.02	97.2231
1552.94	97.2152
1554.87	97.3213
1556.8	97.5594
1558.73	97.6297
1560.66	97.3024
1562.59	97.022
1564.52	96.9164
1566.45	96.9407
1568.38	96.9738
1570.31	96.8608
1572.24	96.7416
1574.16	96.7787
1576.09	96.8252
1578.02	96.6675
1579.95	96.4749
1581.88	96.385
1583.81	96.345
1585.74	96.287
1587.67	96.1971
1589.6	96.11
1591.53	96.0578
1593.46	96.0121
1595.39	95.9375
1597.31	95.8438
1599.24	95.7418
1601.17	95.6175
1603.1	95.4406
1605.03	95.2283
1606.96	95.0532
1608.89	94.8664
1610.82	94.5704
1612.75	94.2987
1614.68	94.0962
1616.61	93.6422
1618.53	92.931
1620.46	92.2983
1622.39	91.5226
1624.32	90.4725
1626.25	89.442
1628.18	88.2649
1630.11	86.8203
1632.04	85.512
1633.97	84.2599
1635.9	82.6382
1637.83	81.7895
1639.76	83.0339
1641.68	85.7018
1643.61	88.6167
1645.54	91.1976
1647.47	93.0999
1649.4	93.9836
1651.33	94.3592
1653.26	94.7222
1655.19	94.8993
1657.12	94.8973
1659.05	94.936
1660.98	94.9363
1662.9	94.7842
1664.83	94.6378
1666.76	94.6307
1668.69	94.6394
1670.62	94.4286
1672.55	94.101
1674.48	93.7628
1676.41	93.2214
1678.34	92.6524
1680.27	92.3265
1682.2	91.9815
1684.12	91.2663
1686.05	90.4486
1687.98	89.5913
1689.91	88.5318
1691.84	87.3431
1693.77	85.8348
1695.7	83.8371
1697.63	81.5633
1699.56	78.5951
1701.49	74.8844
1703.42	71.6203
1705.35	68.5695
1707.27	65.0763
1709.2	61.9266
1711.13	59.5611
1713.06	57.4668
1714.99	55.8696
1716.92	55.2099
1718.85	55.0593
1720.78	55.9477
1722.71	58.4749
1724.64	62.3104
1726.57	67.1986
1728.49	72.8148
1730.42	78.5947
1732.35	85.0496
1734.28	92.9148
1736.21	99.5892
1738.14	103.466
1740.07	106.014
1742	108.034
1743.93	109.173
1745.86	109.776
1747.79	110.309
1749.72	110.545
1751.64	110.502
1753.57	110.331
1755.5	109.812
1757.43	109.14
1759.36	108.592
1761.29	107.81
1763.22	106.677
1765.15	105.626
1767.08	104.751
1769.01	103.992
1770.94	103.391
1772.86	102.717
1774.79	101.89
1776.72	101.225
1778.65	100.774
1780.58	100.429
1782.51	100.192
1784.44	100.053
1786.37	99.9427
1788.3	99.8429
1790.23	99.7562
1792.16	99.6256
1794.08	99.3849
1796.01	99.1284
1797.94	98.9858
1799.87	98.9194
1801.8	98.7716
1803.73	98.5789
1805.66	98.4927
1807.59	98.4938
1809.52	98.4711
1811.45	98.3771
1813.38	98.2675
1815.31	98.231
1817.23	98.2663
1819.16	98.3042
1821.09	98.351
1823.02	98.421
1824.95	98.4441
1826.88	98.423
1828.81	98.4212
1830.74	98.4149
1832.67	98.408
1834.6	98.4173
1836.53	98.3477
1838.45	98.1861
1840.38	98.1106
1842.31	98.2061
1844.24	98.3629
1846.17	98.436
1848.1	98.4173
1850.03	98.3369
1851.96	98.241
1853.89	98.2521
1855.82	98.3778
1857.75	98.4086
1859.68	98.256
1861.6	98.1594
1863.53	98.3022
1865.46	98.5586
1867.39	98.7424
1869.32	98.7566
1871.25	98.6242
1873.18	98.459
1875.11	98.3236
1877.04	98.2528
1878.97	98.304
1880.9	98.45
1882.82	98.5634
1884.75	98.6228
1886.68	98.6989
1888.61	98.695
1890.54	98.5309
1892.47	98.4615
1894.4	98.6312
1896.33	98.7677
1898.26	98.7351
1900.19	98.7725
1902.12	98.9
1904.05	98.8901
1905.97	98.8157
1907.9	98.8789
1909.83	98.9943
1911.76	99.0629
1913.69	99.155
1915.62	99.2071
1917.55	99.0866
1919.48	98.9108
1921.41	98.8862
1923.34	99.0013
1925.27	99.0741
1927.19	98.9766
1929.12	98.8541
1931.05	98.9565
1932.98	99.2073
1934.91	99.2995
1936.84	99.2279
1938.77	99.2204
1940.7	99.3021
1942.63	99.3579
1944.56	99.3715
1946.49	99.3377
1948.41	99.2542
1950.34	99.268
1952.27	99.4645
1954.2	99.6511
1956.13	99.6452
1958.06	99.5144
1959.99	99.4294
1961.92	99.5349
1963.85	99.7902
1965.78	99.8733
1967.71	99.6382
1969.64	99.4524
1971.56	99.6001
1973.49	99.9234
1975.42	100.194
1977.35	100.241
1979.28	99.9728
1981.21	99.6299
1983.14	99.5441
1985.07	99.6632
1987	99.7919
1988.93	99.9286
1990.86	100.017
1992.78	99.9309
1994.71	99.8517
1996.64	100.005
1998.57	100.173
2000.5	100.052
2002.43	99.8406
2004.36	99.9352
2006.29	100.278
2008.22	100.477
2010.15	100.406
2012.08	100.256
2014.01	100.162
2015.93	100.107
2017.86	100.053
2019.79	99.986
2021.72	99.9276
2023.65	99.9392
2025.58	100.038
2027.51	100.139
2029.44	100.163
2031.37	100.094
2033.3	99.9696
2035.23	99.8919
2037.15	99.9129
2039.08	99.9237
2041.01	99.8678
2042.94	99.8778
2044.87	99.982
2046.8	100.026
2048.73	99.9665
2050.66	99.8363
2052.59	99.6276
2054.52	99.5002
2056.45	99.6349
2058.37	99.8018
2060.3	99.6918
2062.23	99.4921
2064.16	99.5096
2066.09	99.6447
2068.02	99.7105
2069.95	99.7684
2071.88	99.8566
2073.81	99.8815
2075.74	99.8441
2077.67	99.7805
2079.6	99.6072
2081.52	99.3655
2083.45	99.3459
2085.38	99.622
2087.31	99.8105
2089.24	99.6434
2091.17	99.374
2093.1	99.3159
2095.03	99.4407
2096.96	99.6104
2098.89	99.7497
2100.82	99.7644
2102.74	99.6439
2104.67	99.5046
2106.6	99.3915
2108.53	99.3056
2110.46	99.3373
2112.39	99.4859
2114.32	99.6033
2116.25	99.6738
2118.18	99.768
2120.11	99.7586
2122.04	99.5562
2123.97	99.4413
2125.89	99.6484
2127.82	99.8912
2129.75	99.8143
2131.68	99.5975
2133.61	99.5916
2135.54	99.7138
2137.47	99.7247
2139.4	99.7372
2141.33	99.9294
2143.26	100.124
2145.19	100.116
2147.11	100.055
2149.04	100.118
2150.97	100.19
2152.9	100.192
2154.83	100.26
2156.76	100.401
2158.69	100.449
2160.62	100.388
2162.55	100.263
2164.48	100.043
2166.41	99.8302
2168.33	99.8011
2170.26	99.9439
2172.19	100.133
2174.12	100.276
2176.05	100.305
2177.98	100.248
2179.91	100.174
2181.84	100.047
2183.77	99.8702
2185.7	99.7734
2187.63	99.816
2189.56	99.9224
2191.48	99.9906
2193.41	99.9551
2195.34	99.8775
2197.27	99.8984
2199.2	100.015
2201.13	100.081
2203.06	100.036
2204.99	100.012
2206.92	100.19
2208.85	100.461
2210.78	100.432
2212.7	100.071
2214.63	99.8676
2216.56	100.017
2218.49	100.11
2220.42	99.8904
2222.35	99.6851
2224.28	99.8044
2226.21	100.024
2228.14	99.9942
2230.07	99.8468
2232	99.873
2233.93	99.8866
2235.85	99.6317
2237.78	99.4161
2239.71	99.5555
2241.64	99.7728
2243.57	99.8017
2245.5	99.857
2247.43	100.057
2249.36	100.123
2251.29	99.9252
2253.22	99.7301
2255.15	99.7311
2257.07	99.8488
2259	100.003
2260.93	100.154
2262.86	100.17
2264.79	100.005
2266.72	99.852
2268.65	99.8825
2270.58	100.041
2272.51	100.145
2274.44	100.037
2276.37	99.7544
2278.29	99.5478
2280.22	99.5557
2282.15	99.6536
2284.08	99.7344
2286.01	99.8157
2287.94	99.8858
2289.87	99.9317
2291.8	99.9861
2293.73	100.04
2295.66	100.121
2297.59	100.348
2299.52	100.683
2301.44	100.922
2303.37	101.039
2305.3	101.211
2307.23	101.527
2309.16	101.941
2311.09	102.357
2313.02	102.651
2314.95	102.889
2316.88	103.343
2318.81	104.009
2320.74	104.515
2322.66	104.763
2324.59	105.075
2326.52	105.523
2328.45	105.919
2330.38	106.222
2332.31	106.461
2334.24	106.616
2336.17	106.783
2338.1	107.058
2340.03	107.399
2341.96	107.649
2343.89	107.316
2345.81	106.138
2347.74	105.036
2349.67	104.797
2351.6	105.547
2353.53	107.121
2355.46	108.898
2357.39	110.234
2359.32	111.019
2361.25	111.277
2363.18	110.937
2365.11	109.849
2367.03	108.293
2368.96	106.861
2370.89	105.67
2372.82	104.504
2374.75	103.305
2376.68	102.173
2378.61	101.19
2380.54	100.366
2382.47	99.69
2384.4	99.1622
2386.33	98.7642
2388.26	98.474
2390.18	98.3067
2392.11	98.2557
2394.04	98.2412
2395.97	98.1899
2397.9	98.0998
2399.83	97.9927
2401.76	97.9018
2403.69	97.9263
2405.62	98.1279
2407.55	98.3284
2409.48	98.2826
2411.4	98.0924
2413.33	98.0661
2415.26	98.2022
2417.19	98.2475
2419.12	98.1608
2421.05	98.1183
2422.98	98.1817
2424.91	98.2358
2426.84	98.1832
2428.77	98.0977
2430.7	98.1193
2432.62	98.1918
2434.55	98.1354
2436.48	97.9951
2438.41	97.965
2440.34	98.0249
2442.27	98.0327
2444.2	98.0184
2446.13	98.0575
2448.06	98.0821
2449.99	98.0316
2451.92	97.9612
2453.85	97.92
2455.77	97.9022
2457.7	97.8879
2459.63	97.8646
2461.56	97.8746
2463.49	97.9552
2465.42	98.0106
2467.35	97.9675
2469.28	97.9516
2471.21	98.038
2473.14	98.1077
2475.07	98.1358
2476.99	98.2036
2478.92	98.2305
2480.85	98.1447
2482.78	98.1064
2484.71	98.1996
2486.64	98.2469
2488.57	98.1531
2490.5	98.0855
2492.43	98.1792
2494.36	98.3347
2496.29	98.4222
2498.22	98.4577
2500.14	98.4415
2502.07	98.3052
2504	98.1453
2505.93	98.1377
2507.86	98.2056
2509.79	98.1854
2511.72	98.1541
2513.65	98.2294
2515.58	98.3396
2517.51	98.4106
2519.44	98.4695
2521.36	98.5107
2523.29	98.486
2525.22	98.4074
2527.15	98.3547
2529.08	98.3812
2531.01	98.4357
2532.94	98.4286
2534.87	98.3573
2536.8	98.2879
2538.73	98.2595
2540.66	98.2548
2542.58	98.2321
2544.51	98.196
2546.44	98.2011
2548.37	98.2469
2550.3	98.2783
2552.23	98.2997
2554.16	98.3499
2556.09	98.4076
2558.02	98.4302
2559.95	98.4127
2561.88	98.3835
2563.81	98.3976
2565.73	98.4719
2567.66	98.5053
2569.59	98.3816
2571.52	98.1706
2573.45	98.1008
2575.38	98.2732
2577.31	98.5072
2579.24	98.5873
2581.17	98.5555
2583.1	98.5934
2585.03	98.7226
2586.95	98.8005
2588.88	98.72
2590.81	98.5125
2592.74	98.3222
2594.67	98.2859
2596.6	98.3809
2598.53	98.4518
2600.46	98.405
2602.39	98.2846
2604.32	98.1693
2606.25	98.0914
2608.18	98.0514
2610.1	98.0521
2612.03	98.0865
2613.96	98.0993
2615.89	98.0348
2617.82	97.9351
2619.75	97.868
2621.68	97.798
2623.61	97.7111
2625.54	97.7314
2627.47	97.8886
2629.4	97.9776
2631.32	97.8761
2633.25	97.7466
2635.18	97.7446
2637.11	97.7943
2639.04	97.7806
2640.97	97.7319
2642.9	97.708
2644.83	97.671
2646.76	97.5794
2648.69	97.5041
2650.62	97.5158
2652.54	97.5419
2654.47	97.5031
2656.4	97.4783
2658.33	97.5348
2660.26	97.5515
2662.19	97.4225
2664.12	97.2624
2666.05	97.2222
2667.98	97.2706
2669.91	97.2952
2671.84	97.2766
2673.77	97.267
2675.69	97.2904
2677.62	97.324
2679.55	97.3451
2681.48	97.3671
2683.41	97.405
2685.34	97.4128
2687.27	97.3308
2689.2	97.1932
2691.13	97.0923
2693.06	97.0554
2694.99	97.0545
2696.91	97.0773
2698.84	97.1076
2700.77	97.1178
2702.7	97.1047
2704.63	97.061
2706.56	96.9854
2708.49	96.9586
2710.42	97.0506
2712.35	97.1713
2714.28	97.2024
2716.21	97.1722
2718.14	97.1257
2720.06	97.0225
2721.99	96.8932
2723.92	96.8483
2725.85	96.8679
2727.78	96.838
2729.71	96.775
2731.64	96.7662
2733.57	96.7798
2735.5	96.749
2737.43	96.7086
2739.36	96.7017
2741.28	96.7102
2743.21	96.7235
2745.14	96.7323
2747.07	96.7131
2749	96.7024
2750.93	96.7622
2752.86	96.8763
2754.79	96.985
2756.72	97.0336
2758.65	96.9731
2760.58	96.8528
2762.51	96.8119
2764.43	96.8582
2766.36	96.8504
2768.29	96.7603
2770.22	96.7187
2772.15	96.7729
2774.08	96.8103
2776.01	96.7753
2777.94	96.7745
2779.87	96.8462
2781.8	96.8443
2783.73	96.7374
2785.65	96.7074
2787.58	96.7702
2789.51	96.7256
2791.44	96.5777
2793.37	96.522
2795.3	96.5608
2797.23	96.5586
2799.16	96.5138
2801.09	96.4998
2803.02	96.5213
2804.95	96.5283
2806.87	96.478
2808.8	96.4036
2810.73	96.3633
2812.66	96.3008
2814.59	96.1594
2816.52	96.0637
2818.45	96.1148
2820.38	96.1762
2822.31	96.0988
2824.24	95.937
2826.17	95.8147
2828.1	95.763
2830.02	95.7176
2831.95	95.6041
2833.88	95.4556
2835.81	95.3722
2837.74	95.3385
2839.67	95.2552
2841.6	95.1045
2843.53	94.894
2845.46	94.6009
2847.39	94.3065
2849.32	94.1044
2851.24	93.8642
2853.17	93.4619
2855.1	93.0442
2857.03	92.691
2858.96	92.2325
2860.89	91.6754
2862.82	91.2725
2864.75	91.0433
2866.68	90.766
2868.61	90.4154
2870.54	90.1505
2872.47	90.0187
2874.39	89.9904
2876.32	90.1256
2878.25	90.4829
2880.18	90.9297
2882.11	91.2258
2884.04	91.3437
2885.97	91.4808
2887.9	91.6942
2889.83	91.8456
2891.76	91.902
2893.69	91.9445
2895.61	91.9681
2897.54	91.9355
2899.47	91.8877
2901.4	91.8873
2903.33	91.9386
2905.26	91.9617
2907.19	91.8901
2909.12	91.793
2911.05	91.7545
2912.98	91.7304
2914.91	91.6561
2916.83	91.5061
2918.76	91.2357
2920.69	90.8241
2922.62	90.2663
2924.55	89.5592
2926.48	88.8303
2928.41	88.2586
2930.34	87.9075
2932.27	87.8724
2934.2	88.2348
2936.13	88.7428
2938.06	89.0764
2939.98	89.3302
2941.91	89.7117
2943.84	90.0801
2945.77	90.1422
2947.7	89.8208
2949.63	89.283
2951.56	88.702
2953.49	88.0748
2955.42	87.3968
2957.35	86.8581
2959.28	86.6434
2961.2	86.8106
2963.13	87.4475
2965.06	88.5819
2966.99	90.026
2968.92	91.4892
2970.85	92.5963
2972.78	93.0478
2974.71	93.0445
2976.64	93.042
2978.57	93.1504
2980.5	93.2845
2982.43	93.5287
2984.35	93.9408
2986.28	94.4441
2988.21	95.0104
2990.14	95.5554
2992.07	95.9157
2994	96.1514
2995.93	96.4531
2997.86	96.8314
2999.79	97.244
3001.72	97.6814
3003.65	98.0026
3005.57	98.1
3007.5	98.0895
3009.43	98.0801
3011.36	98.1148
3013.29	98.3218
3015.22	98.6857
3017.15	98.9131
3019.08	98.8709
3021.01	98.7649
3022.94	98.7329
3024.87	98.7381
3026.79	98.8124
3028.72	98.9771
3030.65	99.0617
3032.58	98.917
3034.51	98.6525
3036.44	98.4404
3038.37	98.2999
3040.3	98.2199
3042.23	98.1835
3044.16	98.0457
3046.09	97.7835
3048.02	97.6865
3049.94	97.8846
3051.87	98.0788
3053.8	98.0372
3055.73	97.8439
3057.66	97.6585
3059.59	97.6554
3061.52	97.8894
3063.45	98.0808
3065.38	98.0196
3067.31	97.9629
3069.24	98.1128
3071.16	98.2385
3073.09	98.2083
3075.02	98.2124
3076.95	98.2691
3078.88	98.1963
3080.81	98.0128
3082.74	97.8086
3084.67	97.5487
3086.6	97.3738
3088.53	97.493
3090.46	97.6741
3092.39	97.5972
3094.31	97.4483
3096.24	97.4312
3098.17	97.3558
3100.1	97.1975
3102.03	97.1792
3103.96	97.2384
3105.89	97.1996
3107.82	97.1316
3109.75	97.1079
3111.68	97.121
3113.61	97.1883
3115.53	97.218
3117.46	97.1549
3119.39	97.1886
3121.32	97.3439
3123.25	97.3433
3125.18	97.1827
3127.11	97.1471
3129.04	97.2046
3130.97	97.1145
3132.9	96.9474
3134.83	96.9484
3136.75	97.147
3138.68	97.4074
3140.61	97.5804
3142.54	97.5357
3144.47	97.3392
3146.4	97.2636
3148.33	97.3721
3150.26	97.4057
3152.19	97.2593
3154.12	97.1432
3156.05	97.139
3157.98	97.075
3159.9	96.9396
3161.83	96.9382
3163.76	97.0719
3165.69	97.1399
3167.62	97.1491
3169.55	97.2363
3171.48	97.3065
3173.41	97.2265
3175.34	97.1096
3177.27	97.0469
3179.2	96.9628
3181.12	96.8739
3183.05	96.8424
3184.98	96.8109
3186.91	96.7965
3188.84	96.8879
3190.77	96.9986
3192.7	97.0541
3194.63	97.1573
3196.56	97.2422
3198.49	97.0812
3200.42	96.7739
3202.35	96.6371
3204.27	96.7001
3206.2	96.7723
3208.13	96.7818
3210.06	96.7886
3211.99	96.8417
3213.92	96.9036
3215.85	96.8823
3217.78	96.7841
3219.71	96.7256
3221.64	96.75
3223.57	96.8141
3225.49	96.9113
3227.42	97.0027
3229.35	96.9796
3231.28	96.8535
3233.21	96.7766
3235.14	96.8175
3237.07	96.8659
3239	96.7552
3240.93	96.5065
3242.86	96.3869
3244.79	96.5066
3246.72	96.5801
3248.64	96.4545
3250.57	96.3912
3252.5	96.4748
3254.43	96.4466
3256.36	96.3263
3258.29	96.3958
3260.22	96.5884
3262.15	96.6297
3264.08	96.5414
3266.01	96.4759
3267.94	96.4313
3269.86	96.4239
3271.79	96.512
3273.72	96.5687
3275.65	96.4423
3277.58	96.26
3279.51	96.2084
3281.44	96.2401
3283.37	96.2574
3285.3	96.2722
3287.23	96.2743
3289.16	96.2411
3291.08	96.2233
3293.01	96.2267
3294.94	96.2101
3296.87	96.206
3298.8	96.2017
3300.73	96.0949
3302.66	95.9363
3304.59	95.9035
3306.52	96.0142
3308.45	96.1321
3310.38	96.1425
3312.31	96.0075
3314.23	95.808
3316.16	95.7055
3318.09	95.7607
3320.02	95.8581
3321.95	95.8328
3323.88	95.6769
3325.81	95.5856
3327.74	95.66
3329.67	95.7089
3331.6	95.6074
3333.53	95.5367
3335.45	95.5846
3337.38	95.5627
3339.31	95.4032
3341.24	95.2812
3343.17	95.3119
3345.1	95.4231
3347.03	95.4557
3348.96	95.339
3350.89	95.2013
3352.82	95.1576
3354.75	95.1332
3356.68	95.1001
3358.6	95.1727
3360.53	95.3558
3362.46	95.5215
3364.39	95.5669
3366.32	95.4617
3368.25	95.3158
3370.18	95.2698
3372.11	95.2325
3374.04	95.0707
3375.97	94.913
3377.9	94.898
3379.82	94.9727
3381.75	95.0803
3383.68	95.1695
3385.61	95.1699
3387.54	95.1622
3389.47	95.2434
3391.4	95.2802
3393.33	95.1298
3395.26	94.8941
3397.19	94.7605
3399.12	94.7993
3401.04	94.9294
3402.97	94.9892
3404.9	94.9247
3406.83	94.8449
3408.76	94.8012
3410.69	94.729
3412.62	94.6797
3414.55	94.7966
3416.48	95.0008
3418.41	95.0479
3420.34	94.9351
3422.27	94.8844
3424.19	94.908
3426.12	94.8621
3428.05	94.8042
3429.98	94.8286
3431.91	94.8413
3433.84	94.8157
3435.77	94.8774
3437.7	95.0173
3439.63	95.0997
3441.56	95.056
3443.49	94.9287
3445.41	94.9135
3447.34	95.1567
3449.27	95.4054
3451.2	95.4
3453.13	95.3793
3455.06	95.5302
3456.99	95.5638
3458.92	95.3453
3460.85	95.1752
3462.78	95.2244
3464.71	95.3501
3466.64	95.3798
3468.56	95.2823
3470.49	95.2339
3472.42	95.3477
3474.35	95.3654
3476.28	95.137
3478.21	95.0174
3480.14	95.1815
3482.07	95.2692
3484	95.1036
3485.93	94.9632
3487.86	94.9568
3489.78	94.8887
3491.71	94.6724
3493.64	94.4144
3495.57	94.2276
3497.5	94.2151
3499.43	94.4692
3501.36	94.8858
3503.29	95.0534
3505.22	94.7382
3507.15	94.3945
3509.08	94.5349
3511	94.9496
3512.93	95.0712
3514.86	94.8755
3516.79	94.7033
3518.72	94.6288
3520.65	94.5577
3522.58	94.5685
3524.51	94.7151
3526.44	94.8243
3528.37	94.8195
3530.3	94.8226
3532.23	94.8183
3534.15	94.7328
3536.08	94.7134
3538.01	94.8307
3539.94	94.8108
3541.87	94.5455
3543.8	94.3534
3545.73	94.4467
3547.66	94.5998
3549.59	94.6296
3551.52	94.645
3553.45	94.7494
3555.37	94.9517
3557.3	95.189
3559.23	95.2869
3561.16	95.1591
3563.09	95.0335
3565.02	95.0976
3566.95	95.171
3568.88	95.0746
3570.81	95.0684
3572.74	95.3526
3574.67	95.7492
3576.6	95.9135
3578.52	95.8221
3580.45	95.8132
3582.38	96.0298
3584.31	96.2285
3586.24	96.2368
3588.17	96.2201
3590.1	96.3357
3592.03	96.4821
3593.96	96.67
3595.89	97.0005
3597.82	97.3349
3599.74	97.4789
3601.67	97.4942
3603.6	97.4697
3605.53	97.2974
3607.46	97.0253
3609.39	97.0121
3611.32	97.2549
3613.25	97.3524
3615.18	97.3011
3617.11	97.3676
3619.04	97.566
3620.97	97.748
3622.89	97.8041
3624.82	97.7618
3626.75	97.8448
3628.68	98.1521
3630.61	98.122
3632.54	97.6851
3634.47	97.497
3636.4	97.7093
3638.33	97.8911
3640.26	97.8115
3642.19	97.6982
3644.11	97.8348
3646.04	98.2892
3647.97	98.7743
3649.9	98.6838
3651.83	98.2577
3653.76	98.0843
3655.69	98.0028
3657.62	97.8018
3659.55	97.6219
3661.48	97.5805
3663.41	97.6177
3665.33	97.6839
3667.26	97.8143
3669.19	98.1059
3671.12	98.5152
3673.05	98.8254
3674.98	98.9504
3676.91	98.7808
3678.84	98.2969
3680.77	97.7295
3682.7	97.3574
3684.63	97.385
3686.56	97.7693
3688.48	98.3037
3690.41	98.5755
3692.34	98.3979
3694.27	98.2093
3696.2	98.352
3698.13	98.6895
3700.06	98.8497
3701.99	98.749
3703.92	98.6153
3705.85	98.539
3707.78	98.4503
3709.7	98.3215
3711.63	98.1224
3713.56	97.9437
3715.49	97.995
3717.42	98.2484
3719.35	98.4574
3721.28	98.4766
3723.21	98.4402
3725.14	98.435
3727.07	98.4354
3729	98.5417
3730.93	98.8069
3732.85	99.0791
3734.78	99.2026
3736.71	99.1542
3738.64	98.9069
3740.57	98.553
3742.5	98.3671
3744.43	98.5745
3746.36	98.8168
3748.29	98.7466
3750.22	98.5827
3752.15	98.4107
3754.07	98.1691
3756	98.0091
3757.93	98.0413
3759.86	98.143
3761.79	98.1386
3763.72	98.0523
3765.65	97.9626
3767.58	97.9408
3769.51	98.0023
3771.44	98.0272
3773.37	97.962
3775.29	97.9153
3777.22	97.9271
3779.15	97.9039
3781.08	97.8027
3783.01	97.7372
3784.94	97.7703
3786.87	97.756
3788.8	97.5778
3790.73	97.4695
3792.66	97.6712
3794.59	97.9817
3796.52	98.0856
3798.44	98.1251
3800.37	98.292
3802.3	98.3533
3804.23	98.2347
3806.16	98.124
3808.09	97.9195
3810.02	97.6211
3811.95	97.5354
3813.88	97.7511
3815.81	98.0294
3817.74	98.109
3819.66	98.1146
3821.59	98.1969
3823.52	98.2211
3825.45	98.0873
3827.38	97.9291
3829.31	97.9029
3831.24	97.9707
3833.17	97.9732
3835.1	97.9105
3837.03	97.906
3838.96	97.9617
3840.89	97.9597
3842.81	97.8779
3844.74	97.8043
3846.67	97.831
3848.6	97.9625
3850.53	98.138
3852.46	98.2514
3854.39	98.1251
3856.32	97.9024
3858.25	97.8356
3860.18	97.8382
3862.11	97.71
3864.03	97.5289
3865.96	97.6253
3867.89	97.894
3869.82	97.8906
3871.75	97.6106
3873.68	97.5313
3875.61	97.7452
3877.54	97.9807
3879.47	98.1133
3881.4	98.1865
3883.33	98.1804
3885.25	98.0447
3887.18	97.954
3889.11	98.0744
3891.04	98.1871
3892.97	98.0079
3894.9	97.7674
3896.83	97.8232
3898.76	98.0875
3900.69	98.1944
3902.62	98.0165
3904.55	97.777
3906.48	97.6188
3908.4	97.5796
3910.33	97.6711
3912.26	97.7977
3914.19	97.8265
3916.12	97.7584
3918.05	97.6482
3919.98	97.5363
3921.91	97.5379
3923.84	97.6925
3925.77	97.8074
3927.7	97.7697
3929.62	97.7276
3931.55	97.7085
3933.48	97.5934
3935.41	97.49
3937.34	97.5594
3939.27	97.7013
3941.2	97.7195
3943.13	97.559
3945.06	97.3508
3946.99	97.3018
3948.92	97.4702
3950.85	97.6445
3952.77	97.6258
3954.7	97.503
3956.63	97.4435
3958.56	97.4842
3960.49	97.5611
3962.42	97.5976
3964.35	97.5868
3966.28	97.5994
3968.21	97.634
3970.14	97.5911
3972.07	97.4776
3973.99	97.4298
3975.92	97.4704
3977.85	97.4905
3979.78	97.487
3981.71	97.5459
3983.64	97.616
3985.57	97.5752
3987.5	97.4807
3989.43	97.4693
3991.36	97.4827
3993.29	97.3815
3995.22	97.2544
3997.14	97.3078
