499.643	85.6787
501.572	83.9954
503.501	84.6936
505.43	85.7136
507.36	86.7149
509.289	87.9596
511.218	89.2017
513.147	90.2438
515.076	91.0289
517.005	91.3011
518.934	90.753
520.863	89.713
522.792	89.0751
524.722	89.2727
526.651	89.6315
528.58	89.2524
530.509	88.4439
532.438	88.1816
534.367	88.7654
536.296	89.6019
538.225	90.094
540.155	90.25
542.084	90.372
544.013	90.5378
545.942	90.5858
547.871	90.5171
549.8	90.5232
551.729	90.5138
553.658	90.269
555.588	90.035
557.517	90.149
559.446	90.3883
561.375	90.4374
563.304	90.3945
565.233	90.3765
567.162	90.3759
569.091	90.5275
571.021	90.8675
572.95	91.0419
574.879	90.7641
576.808	90.3716
578.737	90.3632
580.666	90.5036
582.595	90.2319
584.524	89.6187
586.454	89.0301
588.383	88.4605
590.312	87.864
592.241	87.3907
594.17	87.0871
596.099	86.9617
598.028	87.0558
599.957	87.1872
601.887	87.2191
603.816	87.4388
605.745	88.0302
607.674	88.6613
609.603	89.0951
611.532	89.5915
613.461	90.2688
615.39	90.7097
617.32	90.6178
619.249	90.3678
621.178	90.3779
623.107	90.5174
625.036	90.5403
626.965	90.4817
628.894	90.3981
630.823	90.1904
632.753	89.8283
634.682	89.4002
636.611	88.9011
638.54	88.2078
640.469	87.2249
642.398	85.99
644.327	84.7182
646.256	83.5946
648.186	82.6156
650.115	81.8579
652.044	81.5566
653.973	81.7953
655.902	82.3684
657.831	83.0713
659.76	84.0131
661.689	85.1453
663.619	86.1211
665.548	87.2344
667.477	89.2807
669.406	91.2865
671.335	91.7634
673.264	91.9721
675.193	92.5615
677.122	93.2002
679.052	93.5991
680.981	93.8264
682.91	93.9408
684.839	94.0233
686.768	94.0979
688.697	94.0909
690.626	94.0832
692.555	94.2041
694.485	94.3543
696.414	94.3888
698.343	94.3478
700.272	94.3105
702.201	94.2897
704.13	94.305
706.059	94.3329
707.988	94.286
709.917	94.1964
711.847	94.1864
713.776	94.2235
715.705	94.2183
717.634	94.2485
719.563	94.3479
721.492	94.3457
723.421	94.2095
725.35	94.1329
727.28	94.1506
729.209	94.0927
731.138	93.8923
733.067	93.6194
734.996	93.3197
736.925	93.0374
738.854	92.8532
740.783	92.8026
742.713	92.8498
744.642	92.9483
746.571	93.0614
748.5	93.1536
750.429	93.2173
752.358	93.3053
754.287	93.4672
756.216	93.6401
758.146	93.7223
760.075	93.7561
762.004	93.8565
763.933	94.0096
765.862	94.1251
767.791	94.179
769.72	94.1882
771.649	94.1692
773.579	94.1412
775.508	94.0946
777.437	94.0176
779.366	93.9279
781.295	93.8105
783.224	93.6464
785.153	93.4942
787.082	93.3708
789.012	93.1561
790.941	92.7729
792.87	92.2799
794.799	91.694
796.728	90.9222
798.657	89.8958
800.586	88.5883
802.515	86.8899
804.445	84.5945
806.374	81.5459
808.303	77.8823
810.232	74.2919
812.161	71.9042
814.09	71.5837
816.019	73.2716
817.948	76.1197
819.878	79.179
821.807	81.9016
823.736	84.1212
825.665	85.8096
827.594	87.0126
829.523	87.8761
831.452	88.5118
833.381	88.8998
835.311	89.0219
837.24	88.9354
839.169	88.6602
841.098	88.1722
843.027	87.542
844.956	86.9668
846.885	86.6411
848.814	86.6102
850.744	86.7711
852.673	87.0408
854.602	87.4325
856.531	87.9268
858.46	88.4255
860.389	88.8527
862.318	89.1621
864.247	89.2907
866.177	89.2145
868.106	88.9729
870.035	88.591
871.964	88.0808
873.893	87.4933
875.822	86.8656
877.751	86.1983
879.68	85.5586
881.609	85.0896
883.539	84.8761
885.468	84.8811
887.397	84.9848
889.326	85.0439
891.255	84.9954
893.184	84.931
895.113	85.0023
897.042	85.2795
898.972	85.7667
900.901	86.4928
902.83	87.4698
904.759	88.5583
906.688	89.5038
908.617	90.1583
910.546	90.5545
912.475	90.7359
914.405	90.6685
916.334	90.3242
918.263	89.7103
920.192	88.811
922.121	87.5571
924.05	85.8433
925.979	83.5885
927.908	80.7788
929.838	77.4487
931.767	73.7363
933.696	70.0017
935.625	66.7435
937.554	64.3506
939.483	62.9848
941.412	62.6159
943.341	63.062
945.271	64.0683
947.2	65.4349
949.129	67.063
951.058	68.885
952.987	70.7924
954.916	72.6472
956.845	74.3456
958.774	75.8628
960.704	77.2764
962.633	78.7762
964.562	80.5517
966.491	82.5794
968.42	84.5952
970.349	86.3261
972.278	87.6585
974.207	88.5956
976.137	89.1777
978.066	89.4506
979.995	89.4436
981.924	89.1663
983.853	88.6294
985.782	87.8947
987.711	87.1434
989.64	86.6037
991.57	86.3216
993.499	86.0811
995.428	85.5767
997.357	84.5657
999.286	82.9644
1001.22	81.0334
1003.14	79.3429
1005.07	78.3078
1007	77.8846
1008.93	77.8833
1010.86	78.3076
1012.79	79.1524
1014.72	80.1152
1016.65	80.7618
1018.58	80.8404
1020.51	80.3172
1022.44	79.2507
1024.36	77.7825
1026.29	76.2367
1028.22	75.0363
1030.15	74.3379
1032.08	73.8586
1034.01	73.2428
1035.94	72.4664
1037.87	71.7494
1039.8	71.2539
1041.73	71.0268
1043.66	71.1193
1045.58	71.5887
1047.51	72.3731
1049.44	73.2681
1051.37	74.0529
1053.3	74.5877
1055.23	74.8712
1057.16	75.0901
1059.09	75.4811
1061.02	76.0633
1062.95	76.5995
1064.88	76.818
1066.81	76.6565
1068.73	76.3801
1070.66	76.4091
1072.59	76.9491
1074.52	77.8821
1076.45	78.989
1078.38	80.1138
1080.31	81.1597
1082.24	82.0609
1084.17	82.748
1086.1	83.1618
1088.03	83.3159
1089.95	83.243
1091.88	82.8989
1093.81	82.2415
1095.74	81.344
1097.67	80.3321
1099.6	79.2817
1101.53	78.2046
1103.46	77.0629
1105.39	75.8049
1107.32	74.4185
1109.25	72.9205
1111.18	71.3132
1113.1	69.5995
1115.03	67.8122
1116.96	65.9979
1118.89	64.1904
1120.82	62.3976
1122.75	60.6242
1124.68	58.9025
1126.61	57.2266
1128.54	55.4489
1130.47	53.3385
1132.4	50.7411
1134.32	47.6546
1136.25	44.2538
1138.18	40.861
1140.11	37.8014
1142.04	35.3129
1143.97	33.5788
1145.9	32.708
1147.83	32.6757
1149.76	33.3585
1151.69	34.61
1153.62	36.3074
1155.55	38.3497
1157.47	40.608
1159.4	42.9299
1161.33	45.2053
1163.26	47.3486
1165.19	49.2566
1167.12	50.8734
1169.05	52.2343
1170.98	53.4067
1172.91	54.4641
1174.84	55.5215
1176.77	56.7073
1178.69	58.0843
1180.62	59.6392
1182.55	61.3593
1184.48	63.2737
1186.41	65.395
1188.34	67.6758
1190.27	70.0716
1192.2	72.6035
1194.13	75.324
1196.06	78.2352
1197.99	81.2558
1199.91	84.2722
1201.84	87.1471
1203.77	89.6569
1205.7	91.647
1207.63	93.2222
1209.56	94.5732
1211.49	96.0246
1213.42	98.1687
1215.35	100.804
1217.28	102.11
1219.21	101.036
1221.14	99.4707
1223.06	99.4137
1224.99	100.529
1226.92	101.461
1228.85	101.646
1230.78	101.009
1232.71	99.4505
1234.64	97.226
1236.57	94.8038
1238.5	92.5043
1240.43	90.5486
1242.36	89.0339
1244.28	87.9112
1246.21	87.1582
1248.14	86.7831
1250.07	86.7085
1252	86.8175
1253.93	87.0066
1255.86	87.1723
1257.79	87.2407
1259.72	87.1726
1261.65	86.9546
1263.58	86.6178
1265.51	86.1858
1267.43	85.6288
1269.36	84.9279
1271.29	84.1255
1273.22	83.289
1275.15	82.4602
1277.08	81.6104
1279.01	80.6028
1280.94	79.2061
1282.87	77.154
1284.8	74.1765
1286.73	70.0943
1288.65	65.2205
1290.58	60.6638
1292.51	57.7726
1294.44	57.271
1296.37	59.0393
1298.3	62.3393
1300.23	66.1144
1302.16	69.4284
1304.09	71.8058
1306.02	73.1039
1307.95	73.2985
1309.87	72.603
1311.8	71.5763
1313.73	70.8808
1315.66	70.761
1317.59	70.9198
1319.52	71.1438
1321.45	71.6944
1323.38	72.8723
1325.31	74.6694
1327.24	76.9035
1329.17	79.4009
1331.1	82.0401
1333.02	84.5796
1334.95	86.7225
1336.88	88.4633
1338.81	89.9544
1340.74	91.2089
1342.67	92.3539
1344.6	93.7129
1346.53	95.3916
1348.46	97.1604
1350.39	98.7255
1352.32	99.9124
1354.24	100.623
1356.17	100.887
1358.1	100.933
1360.03	101.023
1361.96	101.178
1363.89	100.875
1365.82	99.6695
1367.75	98.1478
1369.68	97.4314
1371.61	97.6462
1373.54	97.5729
1375.47	96.4729
1377.39	95.1916
1379.32	94.451
1381.25	94.0952
1383.18	93.8952
1385.11	93.6987
1387.04	93.2527
1388.97	92.5629
1390.9	91.8982
1392.83	91.2345
1394.76	90.4459
1396.69	89.4995
1398.61	88.342
1400.54	87.2051
1402.47	86.529
1404.4	86.4502
1406.33	86.8283
1408.26	87.4357
1410.19	88.1774
1412.12	89.0248
1414.05	89.833
1415.98	90.5434
1417.91	91.1581
1419.83	91.5334
1421.76	91.6569
1423.69	91.6163
1425.62	91.428
1427.55	91.1015
1429.48	90.4916
1431.41	89.5781
1433.34	88.666
1435.27	87.7333
1437.2	86.5877
1439.13	85.636
1441.06	85.0823
1442.98	84.6265
1444.91	84.0662
1446.84	83.2403
1448.77	81.9852
1450.7	80.7611
1452.63	80.3244
1454.56	80.7928
1456.49	82.0797
1458.42	83.6083
1460.35	84.6681
1462.28	85.6631
1464.2	86.8827
1466.13	88.0455
1468.06	88.9601
1469.99	89.9567
1471.92	91.1091
1473.85	91.8887
1475.78	92.1961
1477.71	92.5109
1479.64	92.9269
1481.57	93.3971
1483.5	93.9125
1485.43	94.4621
1487.35	95.0472
1489.28	95.5247
1491.21	95.6952
1493.14	95.8051
1495.07	96.0877
1497	96.4226
1498.93	96.5819
1500.86	96.6814
1502.79	96.8938
1504.72	97.2401
1506.65	97.5799
1508.57	97.5339
1510.5	97.324
1512.43	97.2679
1514.36	97.3767
1516.29	97.5549
1518.22	97.705
1520.15	97.7755
1522.08	97.7317
1524.01	97.6463
1525.94	97.5756
1527.87	97.5072
1529.8	97.4884
1531.72	97.5473
1533.65	97.596
1535.58	97.6123
1537.51	97.7557
1539.44	98.0561
1541.37	98.105
1543.3	97.7654
1545.23	97.4649
1547.16	97.3103
1549.09	97.2659
1551.02	97.2673
1552.94	97.3043
1554.87	97.4759
1556.8	97.8184
1558.73	97.9695
1560.66	97.5652
1562.59	97.1792
1564.52	97.014
1566.45	97.0175
1568.38	97.0517
1570.31	96.9309
1572.24	96.8139
1574.16	96.8945
1576.09	96.9665
1578.02	96.7404
1579.95	96.476
1581.88	96.3765
1583.81	96.3544
1585.74	96.2884
1587.67	96.1552
1589.6	96.0347
1591.53	96.0127
1593.46	96.0359
1595.39	95.9839
1597.31	95.848
1599.24	95.6995
1601.17	95.5673
1603.1	95.424
1605.03	95.2595
1606.96	95.0995
1608.89	94.8756
1610.82	94.5342
1612.75	94.2622
1614.68	94.1011
1616.61	93.6836
1618.53	92.9751
1620.46	92.3519
1622.39	91.6042
1624.32	90.5713
1626.25	89.5382
1628.18	88.3296
1630.11	86.8204
1632.04	85.4837
1633.97	84.3061
1635.9	82.8019
1637.83	81.9572
1639.76	83.135
1641.68	85.7551
1643.61	88.6709
1645.54	91.3252
1647.47	93.2993
1649.4	94.1721
1651.33	94.5484
1653.26	94.9536
1655.19	95.0509
1657.12	94.931
1659.05	94.9523
1660.98	95.0276
1662.9	94.9059
1664.83	94.6829
1666.76	94.614
1668.69	94.6429
1670.62	94.477
1672.55	94.1608
1674.48	93.8218
1676.41	93.2526
1678.34	92.6297
1680.27	92.2813
1682.2	91.9808
1684.12	91.3654
1686.05	90.6061
1687.98	89.7371
1689.91	88.6316
1691.84	87.394
1693.77	85.8699
1695.7	83.9201
1697.63	81.7407
1699.56	78.8095
1701.49	75.0205
1703.42	71.6558
1705.35	68.5507
1707.27	65.0384
1709.2	61.8823
1711.13	59.5315
1713.06	57.4948
1714.99	55.9844
1716.92	55.3787
1718.85	55.2429
1720.78	56.1461
1722.71	58.6545
1724.64	62.4358
1726.57	67.3213
1728.49	73.015
1730.42	78.8539
1732.35	85.2906
1734.28	93.1571
1736.21	99.9412
1738.14	103.944
1740.07	106.556
1742	108.58
1743.93	109.719
1745.86	110.366
1747.79	110.976
1749.72	111.244
1751.64	111.144
1753.57	110.892
1755.5	110.322
1757.43	109.617
1759.36	109.024
1761.29	108.189
1763.22	107.025
1765.15	105.96
1767.08	105.07
1769.01	104.3
1770.94	103.689
1772.86	102.971
1774.79	102.084
1776.72	101.402
1778.65	100.981
1780.58	100.672
1782.51	100.442
1784.44	100.262
1786.37	100.09
1788.3	99.9775
1790.23	99.9303
1792.16	99.8126
1794.08	99.5345
1796.01	99.249
1797.94	99.0637
1799.87	98.9185
1801.8	98.7215
1803.73	98.5151
1805.66	98.4027
1807.59	98.4245
1809.52	98.5142
1811.45	98.4977
1813.38	98.3386
1815.31	98.2251
1817.23	98.2316
1819.16	98.2535
1821.09	98.2736
1823.02	98.3398
1824.95	98.4117
1826.88	98.4661
1828.81	98.4947
1830.74	98.4325
1832.67	98.3347
1834.6	98.2865
1836.53	98.2086
1838.45	98.0741
1840.38	98.0448
1842.31	98.2242
1844.24	98.4864
1846.17	98.5576
1848.1	98.4288
1850.03	98.2927
1851.96	98.2591
1853.89	98.3538
1855.82	98.5155
1857.75	98.5733
1859.68	98.4373
1861.6	98.2688
1863.53	98.2637
1865.46	98.4186
1867.39	98.5871
1869.32	98.5996
1871.25	98.4926
1873.18	98.4402
1875.11	98.4213
1877.04	98.3623
1878.97	98.3783
1880.9	98.543
1882.82	98.69
1884.75	98.7181
1886.68	98.72
1888.61	98.6817
1890.54	98.5361
1892.47	98.4589
1894.4	98.587
1896.33	98.7336
1898.26	98.7502
1900.19	98.7661
1902.12	98.814
1904.05	98.794
1905.97	98.8122
1907.9	98.9733
1909.83	99.1203
1911.76	99.1787
1913.69	99.2433
1915.62	99.2334
1917.55	99.0672
1919.48	98.9434
1921.41	98.9901
1923.34	99.0786
1925.27	99.1111
1927.19	99.0946
1929.12	99.0732
1931.05	99.1146
1932.98	99.2031
1934.91	99.2098
1936.84	99.1005
1938.77	99.0329
1940.7	99.1476
1942.63	99.348
1944.56	99.4068
1946.49	99.3162
1948.41	99.2489
1950.34	99.2952
1952.27	99.4324
1954.2	99.573
1956.13	99.6091
1958.06	99.5436
1959.99	99.525
1961.92	99.6727
1963.85	99.8937
1965.78	99.92
1967.71	99.661
1969.64	99.4503
1971.56	99.613
1973.49	100.028
1975.42	100.318
1977.35	100.233
1979.28	99.8903
1981.21	99.6814
1983.14	99.7939
1985.07	99.9616
1987	99.912
1988.93	99.7361
1990.86	99.6064
1992.78	99.5613
1994.71	99.6501
1996.64	99.8668
1998.57	100.029
2000.5	100.019
2002.43	99.9613
2004.36	99.9928
2006.29	100.137
2008.22	100.347
2010.15	100.426
2012.08	100.212
2014.01	99.9118
2015.93	99.8126
2017.86	99.8554
2019.79	99.9055
2021.72	99.995
2023.65	100.057
2025.58	100.011
2027.51	100.033
2029.44	100.215
2031.37	100.312
2033.3	100.171
2035.23	99.9887
2037.15	99.9249
2039.08	99.8788
2041.01	99.7986
2042.94	99.8443
2044.87	100.029
2046.8	100.077
2048.73	99.8914
2050.66	99.7219
2052.59	99.6854
2054.52	99.6671
2056.45	99.6428
2058.37	99.6236
2060.3	99.5488
2062.23	99.507
2064.16	99.6287
2066.09	99.7702
2068.02	99.806
2069.95	99.9006
2071.88	100.031
2073.81	99.8838
2075.74	99.5112
2077.67	99.3152
2079.6	99.3548
2081.52	99.4315
2083.45	99.552
2085.38	99.6832
2087.31	99.5954
2089.24	99.3502
2091.17	99.3021
2093.1	99.4888
2095.03	99.6507
2096.96	99.714
2098.89	99.7272
2100.82	99.6267
2102.74	99.4325
2104.67	99.305
2106.6	99.2926
2108.53	99.3404
2110.46	99.4312
2112.39	99.5289
2114.32	99.611
2116.25	99.7494
2118.18	99.9232
2120.11	99.9506
2122.04	99.795
2123.97	99.6664
2125.89	99.6967
2127.82	99.7368
2129.75	99.6069
2131.68	99.4649
2133.61	99.6241
2135.54	99.9543
2137.47	100.027
2139.4	99.9049
2141.33	99.9595
2143.26	100.082
2145.19	100.004
2147.11	99.9327
2149.04	100.069
2150.97	100.162
2152.9	100.052
2154.83	100.006
2156.76	100.258
2158.69	100.643
2160.62	100.798
2162.55	100.596
2164.48	100.249
2166.41	99.9491
2168.33	99.6931
2170.26	99.5784
2172.19	99.8092
2174.12	100.234
2176.05	100.397
2177.98	100.181
2179.91	99.9026
2181.84	99.7937
2183.77	99.7914
2185.7	99.7583
2187.63	99.7608
2189.56	99.9968
2191.48	100.334
2193.41	100.33
2195.34	99.9813
2197.27	99.8
2199.2	99.9997
2201.13	100.226
2203.06	100.147
2204.99	99.9368
2206.92	100.023
2208.85	100.357
2210.78	100.345
2212.7	99.9364
2214.63	99.8433
2216.56	100.217
2218.49	100.362
2220.42	100.063
2222.35	99.8486
2224.28	99.9125
2226.21	99.9223
2228.14	99.7473
2230.07	99.6054
2232	99.6246
2233.93	99.6969
2235.85	99.7225
2237.78	99.7341
2239.71	99.754
2241.64	99.7277
2243.57	99.6402
2245.5	99.5726
2247.43	99.6114
2249.36	99.7237
2251.29	99.7881
2253.22	99.7973
2255.15	99.874
2257.07	100.056
2259	100.25
2260.93	100.341
2262.86	100.244
2264.79	100.008
2266.72	99.7941
2268.65	99.6984
2270.58	99.7195
2272.51	99.8242
2274.44	99.9196
2276.37	99.9347
2278.29	99.8836
2280.22	99.7632
2282.15	99.6122
2284.08	99.5726
2286.01	99.6591
2287.94	99.7389
2289.87	99.8002
2291.8	99.9053
2293.73	100.023
2295.66	100.169
2297.59	100.447
2299.52	100.813
2301.44	101.097
2303.37	101.244
2305.3	101.376
2307.23	101.663
2309.16	102.133
2311.09	102.597
2313.02	102.9
2314.95	103.183
2316.88	103.649
2318.81	104.235
2320.74	104.757
2322.66	105.233
2324.59	105.764
2326.52	106.235
2328.45	106.501
2330.38	106.685
2332.31	107.006
2334.24	107.442
2336.17	107.858
2338.1	108.176
2340.03	108.355
2341.96	108.365
2343.89	107.843
2345.81	106.597
2347.74	105.517
2349.67	105.359
2351.6	106.246
2353.53	107.995
2355.46	109.985
2357.39	111.443
2359.32	111.832
2361.25	111.271
2363.18	110.591
2365.11	109.922
2367.03	108.864
2368.96	107.512
2370.89	106.112
2372.82	104.774
2374.75	103.562
2376.68	102.436
2378.61	101.389
2380.54	100.516
2382.47	99.8056
2384.4	99.1676
2386.33	98.6671
2388.26	98.4313
2390.18	98.3871
2392.11	98.3413
2394.04	98.2262
2395.97	98.0908
2397.9	97.9952
2399.83	97.9793
2401.76	98.0177
2403.69	98.0832
2405.62	98.2279
2407.55	98.3911
2409.48	98.3433
2411.4	98.0769
2413.33	97.8844
2415.26	97.8991
2417.19	97.9895
2419.12	98.0753
2421.05	98.153
2422.98	98.1682
2424.91	98.1242
2426.84	98.0929
2428.77	98.0417
2430.7	97.8981
2432.62	97.7578
2434.55	97.7947
2436.48	97.9866
2438.41	98.1329
2440.34	98.1529
2442.27	98.1523
2444.2	98.1627
2446.13	98.0815
2448.06	97.9105
2449.99	97.7891
2451.92	97.7817
2453.85	97.8297
2455.77	97.8719
2457.7	97.8975
2459.63	97.9191
2461.56	97.9377
2463.49	97.9432
2465.42	97.9553
2467.35	97.9984
2469.28	98.0298
2471.21	98.0147
2473.14	98.0356
2475.07	98.1566
2476.99	98.2614
2478.92	98.2209
2480.85	98.1014
2482.78	98.041
2484.71	98.0607
2486.64	98.1029
2488.57	98.1347
2490.5	98.1748
2492.43	98.2474
2494.36	98.316
2496.29	98.348
2498.22	98.3901
2500.14	98.4154
2502.07	98.2967
2504	98.1044
2505.93	98.0711
2507.86	98.1834
2509.79	98.2541
2511.72	98.284
2513.65	98.3282
2515.58	98.2955
2517.51	98.1892
2519.44	98.1769
2521.36	98.286
2523.29	98.3586
2525.22	98.303
2527.15	98.1894
2529.08	98.148
2531.01	98.2297
2532.94	98.358
2534.87	98.445
2536.8	98.4663
2538.73	98.4151
2540.66	98.3375
2542.58	98.3202
2544.51	98.3388
2546.44	98.3126
2548.37	98.2683
2550.3	98.2313
2552.23	98.1622
2554.16	98.1074
2556.09	98.1178
2558.02	98.1223
2559.95	98.1395
2561.88	98.3071
2563.81	98.5591
2565.73	98.65
2567.66	98.5328
2569.59	98.4022
2571.52	98.3804
2573.45	98.3966
2575.38	98.3978
2577.31	98.4587
2579.24	98.5851
2581.17	98.6579
2583.1	98.6494
2585.03	98.6384
2586.95	98.6551
2588.88	98.6867
2590.81	98.6801
2592.74	98.5653
2594.67	98.4277
2596.6	98.412
2598.53	98.4424
2600.46	98.3572
2602.39	98.174
2604.32	98.0152
2606.25	97.9816
2608.18	98.081
2610.1	98.1648
2612.03	98.1242
2613.96	98.0731
2615.89	98.1132
2617.82	98.1435
2619.75	98.0513
2621.68	97.889
2623.61	97.8057
2625.54	97.8703
2627.47	97.9697
2629.4	97.9483
2631.32	97.8227
2633.25	97.7518
2635.18	97.8212
2637.11	97.9132
2639.04	97.8498
2640.97	97.6771
2642.9	97.5912
2644.83	97.5854
2646.76	97.5254
2648.69	97.4699
2650.62	97.5269
2652.54	97.5963
2654.47	97.5614
2656.4	97.4852
2658.33	97.4568
2660.26	97.4473
2662.19	97.3859
2664.12	97.29
2666.05	97.2553
2667.98	97.2907
2669.91	97.2914
2671.84	97.2429
2673.77	97.2455
2675.69	97.3142
2677.62	97.3844
2679.55	97.4367
2681.48	97.452
2683.41	97.4011
2685.34	97.3133
2687.27	97.215
2689.2	97.1066
2691.13	97.0454
2693.06	97.0691
2694.99	97.1036
2696.91	97.0858
2698.84	97.0493
2700.77	97.0453
2702.7	97.0838
2704.63	97.1147
2706.56	97.0747
2708.49	97.0097
2710.42	97.0148
2712.35	97.0499
2714.28	97.0288
2716.21	96.9985
2718.14	97.0199
2720.06	97.0362
2721.99	97.0049
2723.92	96.9653
2725.85	96.9247
2727.78	96.8682
2729.71	96.8509
2731.64	96.8946
2733.57	96.8889
2735.5	96.7731
2737.43	96.6531
2739.36	96.6071
2741.28	96.6023
2743.21	96.6506
2745.14	96.7737
2747.07	96.8722
2749	96.8811
2750.93	96.9019
2752.86	96.999
2754.79	97.0701
2756.72	97.0305
2758.65	96.9381
2760.58	96.8724
2762.51	96.8398
2764.43	96.8279
2766.36	96.8215
2768.29	96.7748
2770.22	96.6954
2772.15	96.6707
2774.08	96.7236
2776.01	96.7984
2777.94	96.8645
2779.87	96.8543
2781.8	96.705
2783.73	96.5674
2785.65	96.6093
2787.58	96.679
2789.51	96.5991
2791.44	96.5238
2793.37	96.5886
2795.3	96.6162
2797.23	96.4878
2799.16	96.3808
2801.09	96.4296
2803.02	96.5085
2804.95	96.4866
2806.87	96.4397
2808.8	96.4812
2810.73	96.5386
2812.66	96.451
2814.59	96.2392
2816.52	96.0991
2818.45	96.1007
2820.38	96.1001
2822.31	96.0069
2824.24	95.8957
2826.17	95.8195
2828.1	95.7569
2830.02	95.7006
2831.95	95.6259
2833.88	95.5095
2835.81	95.399
2837.74	95.2994
2839.67	95.1405
2841.6	94.9424
2843.53	94.7578
2845.46	94.538
2847.39	94.2824
2849.32	94.0675
2851.24	93.8396
2853.17	93.5094
2855.1	93.1295
2857.03	92.7342
2858.96	92.2798
2860.89	91.8113
2862.82	91.4078
2864.75	91.0509
2866.68	90.7161
2868.61	90.4433
2870.54	90.2691
2872.47	90.1937
2874.39	90.1964
2876.32	90.2943
2878.25	90.5628
2880.18	90.9739
2882.11	91.3293
2884.04	91.5042
2885.97	91.5674
2887.9	91.6124
2889.83	91.6922
2891.76	91.8227
2893.69	91.9092
2895.61	91.8804
2897.54	91.8519
2899.47	91.9134
2901.4	91.9819
2903.33	92.0087
2905.26	91.9954
2907.19	91.8593
2909.12	91.6252
2911.05	91.5105
2912.98	91.5722
2914.91	91.6029
2916.83	91.4852
2918.76	91.3012
2920.69	91.03
2922.62	90.4799
2924.55	89.6432
2926.48	88.85
2928.41	88.3848
2930.34	88.176
2932.27	88.0839
2934.2	88.2241
2936.13	88.702
2938.06	89.3008
2939.98	89.7634
2941.91	90.1042
2943.84	90.338
2945.77	90.2471
2947.7	89.7418
2949.63	89.1049
2951.56	88.5887
2953.49	88.1064
2955.42	87.5216
2957.35	86.9533
2959.28	86.6685
2961.2	86.8337
2963.13	87.444
2965.06	88.4641
2966.99	89.9006
2968.92	91.5225
2970.85	92.7081
2972.78	93.0605
2974.71	92.941
2976.64	92.9221
2978.57	93.1406
2980.5	93.4245
2982.43	93.6642
2984.35	93.9327
2986.28	94.3962
2988.21	95.0427
2990.14	95.5613
2992.07	95.7511
2994	95.8555
2995.93	96.1614
2997.86	96.5815
2999.79	96.947
3001.72	97.3284
3003.65	97.7668
3005.57	98.0621
3007.5	98.0769
3009.43	97.9728
3011.36	98.0201
3013.29	98.3575
3015.22	98.8842
3017.15	99.2494
3019.08	99.1779
3021.01	98.8628
3022.94	98.6845
3024.87	98.6939
3026.79	98.7736
3028.72	98.9475
3030.65	99.1582
3032.58	99.2101
3034.51	99.1008
3036.44	98.9156
3038.37	98.592
3040.3	98.2186
3042.23	98.0414
3044.16	97.9927
3046.09	97.9048
3048.02	97.9441
3049.94	98.154
3051.87	98.1942
3053.8	98.0057
3055.73	97.8982
3057.66	97.9013
3059.59	97.8467
3061.52	97.8103
3063.45	97.8663
3065.38	97.9048
3067.31	97.9583
3069.24	98.1546
3071.16	98.3779
3073.09	98.4523
3075.02	98.4275
3076.95	98.3647
3078.88	98.1906
3080.81	97.9343
3082.74	97.7247
3084.67	97.5665
3086.6	97.467
3088.53	97.5261
3090.46	97.6263
3092.39	97.5359
3094.31	97.3938
3096.24	97.4337
3098.17	97.4816
3100.1	97.3793
3102.03	97.3066
3103.96	97.2847
3105.89	97.1401
3107.82	96.9606
3109.75	96.9111
3111.68	96.9511
3113.61	97.0374
3115.53	97.1402
3117.46	97.1514
3119.39	97.0884
3121.32	97.0722
3123.25	97.1027
3125.18	97.1118
3127.11	97.0407
3129.04	96.8812
3130.97	96.8144
3132.9	97.0053
3134.83	97.2825
3136.75	97.4062
3138.68	97.401
3140.61	97.369
3142.54	97.3216
3144.47	97.2259
3146.4	97.0651
3148.33	96.9468
3150.26	96.9907
3152.19	97.0777
3154.12	97.0751
3156.05	97.0907
3157.98	97.168
3159.9	97.1894
3161.83	97.1841
3163.76	97.2032
3165.69	97.133
3167.62	96.9985
3169.55	96.9691
3171.48	96.9964
3173.41	96.944
3175.34	96.8597
3177.27	96.8072
3179.2	96.7747
3181.12	96.7864
3183.05	96.8349
3184.98	96.8631
3186.91	96.8845
3188.84	96.9173
3190.77	96.9325
3192.7	96.9803
3194.63	97.1376
3196.56	97.3323
3198.49	97.3835
3200.42	97.1998
3202.35	96.9288
3204.27	96.8297
3206.2	96.8935
3208.13	96.8591
3210.06	96.7141
3211.99	96.7091
3213.92	96.8509
3215.85	96.9144
3217.78	96.8826
3219.71	96.9193
3221.64	97.0337
3223.57	97.0956
3225.49	97.0863
3227.42	97.0628
3229.35	96.9466
3231.28	96.6721
3233.21	96.4467
3235.14	96.475
3237.07	96.6276
3239	96.717
3240.93	96.7598
3242.86	96.7662
3244.79	96.6943
3246.72	96.6172
3248.64	96.6101
3250.57	96.6417
3252.5	96.6592
3254.43	96.59
3256.36	96.4139
3258.29	96.2932
3260.22	96.3501
3262.15	96.4583
3264.08	96.503
3266.01	96.5099
3267.94	96.4169
3269.86	96.194
3271.79	96.0875
3273.72	96.2606
3275.65	96.4708
3277.58	96.4871
3279.51	96.4093
3281.44	96.3697
3283.37	96.3889
3285.3	96.466
3287.23	96.4981
3289.16	96.3788
3291.08	96.2199
3293.01	96.1395
3294.94	96.0894
3296.87	96.101
3298.8	96.2217
3300.73	96.2513
3302.66	96.07
3304.59	95.9074
3306.52	95.9119
3308.45	95.944
3310.38	95.9114
3312.31	95.8487
3314.23	95.7565
3316.16	95.6815
3318.09	95.7383
3320.02	95.8823
3321.95	95.9018
3323.88	95.75
3325.81	95.6452
3327.74	95.6956
3329.67	95.7139
3331.6	95.6188
3333.53	95.6153
3335.45	95.7379
3337.38	95.7328
3339.31	95.5446
3341.24	95.3843
3343.17	95.3479
3345.1	95.3598
3347.03	95.3278
3348.96	95.2292
3350.89	95.1757
3352.82	95.2255
3354.75	95.2389
3356.68	95.2191
3358.6	95.3492
3360.53	95.5132
3362.46	95.4344
3364.39	95.1751
3366.32	94.9644
3368.25	94.9073
3370.18	95.0366
3372.11	95.197
3374.04	95.1263
3375.97	94.9163
3377.9	94.8884
3379.82	95.0682
3381.75	95.2262
3383.68	95.2254
3385.61	95.1394
3387.54	95.1228
3389.47	95.1602
3391.4	95.1065
3393.33	94.9782
3395.26	94.9014
3397.19	94.8895
3399.12	94.9113
3401.04	94.9364
3402.97	94.8963
3404.9	94.8305
3406.83	94.861
3408.76	94.9294
3410.69	94.8868
3412.62	94.7818
3414.55	94.7801
3416.48	94.931
3418.41	95.1292
3420.34	95.2064
3422.27	95.1202
3424.19	95.0197
3426.12	94.9935
3428.05	94.9817
3429.98	94.9681
3431.91	94.9654
3433.84	94.9064
3435.77	94.7985
3437.7	94.7986
3439.63	94.9309
3441.56	94.9747
3443.49	94.8688
3445.41	94.9312
3447.34	95.2952
3449.27	95.5303
3451.2	95.3953
3453.13	95.2557
3455.06	95.2816
3456.99	95.2512
3458.92	95.2525
3460.85	95.4687
3462.78	95.6101
3464.71	95.5019
3466.64	95.4347
3468.56	95.5203
3470.49	95.6287
3472.42	95.6889
3474.35	95.4999
3476.28	94.9947
3478.21	94.6205
3480.14	94.6623
3482.07	94.8469
3484	94.993
3485.93	95.1844
3487.86	95.2845
3489.78	95.1034
3491.71	94.7934
3493.64	94.6014
3495.57	94.5842
3497.5	94.7156
3499.43	94.9574
3501.36	95.1344
3503.29	94.9889
3505.22	94.6415
3507.15	94.5591
3509.08	94.7901
3511	94.8974
3512.93	94.7092
3514.86	94.4937
3516.79	94.3934
3518.72	94.3318
3520.65	94.3394
3522.58	94.6027
3524.51	95.0956
3526.44	95.3821
3528.37	95.2073
3530.3	94.9318
3532.23	94.8492
3534.15	94.7724
3536.08	94.641
3538.01	94.6242
3539.94	94.6137
3541.87	94.4849
3543.8	94.4588
3545.73	94.5925
3547.66	94.577
3549.59	94.4346
3551.52	94.4999
3553.45	94.7905
3555.37	95.0264
3557.3	95.079
3559.23	94.996
3561.16	94.8885
3563.09	94.9264
3565.02	95.164
3566.95	95.4344
3568.88	95.5472
3570.81	95.5793
3572.74	95.6582
3574.67	95.7866
3576.6	95.8481
3578.52	95.7102
3580.45	95.5214
3582.38	95.6566
3584.31	96.1366
3586.24	96.5447
3588.17	96.5916
3590.1	96.5084
3592.03	96.4967
3593.96	96.5373
3595.89	96.7193
3597.82	97.0086
3599.74	97.1308
3601.67	97.0483
3603.6	97.0376
3605.53	97.1723
3607.46	97.3024
3609.39	97.3893
3611.32	97.4185
3613.25	97.309
3615.18	97.2177
3617.11	97.3708
3619.04	97.6033
3620.97	97.6396
3622.89	97.6379
3624.82	97.8242
3626.75	98.1274
3628.68	98.2375
3630.61	97.9906
3632.54	97.7909
3634.47	97.8466
3636.4	97.9333
3638.33	97.7939
3640.26	97.5533
3642.19	97.5655
3644.11	97.9788
3646.04	98.6011
3647.97	99.0002
3649.9	98.7259
3651.83	98.2654
3653.76	98.1243
3655.69	98.051
3657.62	97.8487
3659.55	97.7077
3661.48	97.7306
3663.41	97.7859
3665.33	97.8324
3667.26	97.9389
3669.19	98.0604
3671.12	98.14
3673.05	98.3386
3674.98	98.6324
3676.91	98.6186
3678.84	98.3157
3680.77	98.0834
3682.7	97.8801
3684.63	97.6282
3686.56	97.5288
3688.48	97.8041
3690.41	98.2277
3692.34	98.3821
3694.27	98.4315
3696.2	98.5806
3698.13	98.6619
3700.06	98.4757
3701.99	98.2507
3703.92	98.288
3705.85	98.3026
3707.78	98.0052
3709.7	97.6748
3711.63	97.7219
3713.56	97.9962
3715.49	98.2694
3717.42	98.5627
3719.35	98.7402
3721.28	98.677
3723.21	98.5203
3725.14	98.4022
3727.07	98.3487
3729	98.3772
3730.93	98.4723
3732.85	98.7443
3734.78	99.2547
3736.71	99.4244
3738.64	98.9668
3740.57	98.4465
3742.5	98.1527
3744.43	98.146
3746.36	98.4861
3748.29	98.8673
3750.22	98.8318
3752.15	98.3675
3754.07	98.1389
3756	98.196
3757.93	98.1624
3759.86	97.9953
3761.79	97.9571
3763.72	98.0453
3765.65	98.0997
3767.58	98.1492
3769.51	98.1911
3771.44	98.0498
3773.37	97.8477
3775.29	97.8474
3777.22	97.9183
3779.15	97.8043
3781.08	97.6754
3783.01	97.7841
3784.94	97.9766
3786.87	98.0037
3788.8	97.8501
3790.73	97.716
3792.66	97.7757
3794.59	97.9534
3796.52	98.0254
3798.44	98.032
3800.37	98.1945
3802.3	98.4142
3804.23	98.3888
3806.16	98.1258
3808.09	97.8346
3810.02	97.7315
3811.95	97.795
3813.88	97.872
3815.81	97.8829
3817.74	97.8415
3819.66	97.8123
3821.59	97.8929
3823.52	98.0495
3825.45	98.0772
3827.38	97.9666
3829.31	97.9052
3831.24	97.9425
3833.17	97.9432
3835.1	97.9393
3837.03	98.0603
3838.96	98.1148
3840.89	97.889
3842.81	97.6387
3844.74	97.5813
3846.67	97.6433
3848.6	97.7647
3850.53	97.9889
3852.46	98.1888
3854.39	98.006
3856.32	97.6925
3858.25	97.6443
3860.18	97.729
3862.11	97.7183
3864.03	97.6358
3865.96	97.7729
3867.89	98.1018
3869.82	98.1719
3871.75	97.8246
3873.68	97.5643
3875.61	97.6564
3877.54	97.8205
3879.47	97.8349
3881.4	97.7895
3883.33	97.8263
3885.25	97.9074
3887.18	97.9902
3889.11	98.1211
3891.04	98.2373
3892.97	98.1454
3894.9	97.9077
3896.83	97.8239
3898.76	97.9902
3900.69	98.1878
3902.62	98.1458
3904.55	97.9174
3906.48	97.7111
3908.4	97.6135
3910.33	97.5769
3912.26	97.5324
3914.19	97.497
3916.12	97.5607
3918.05	97.7161
3919.98	97.8238
3921.91	97.8409
3923.84	97.8283
3925.77	97.8116
3927.7	97.8013
3929.62	97.8023
3931.55	97.7815
3933.48	97.7308
3935.41	97.696
3937.34	97.6932
3939.27	97.7028
3941.2	97.6767
3943.13	97.5545
3945.06	97.4236
3946.99	97.4771
3948.92	97.6849
3950.85	97.7979
3952.77	97.7593
3954.7	97.7039
3956.63	97.6072
3958.56	97.4148
3960.49	97.2876
3962.42	97.3447
3964.35	97.4738
3966.28	97.6016
3968.21	97.7369
3970.14	97.7617
3972.07	97.6165
3973.99	97.4758
3975.92	97.4251
3977.85	97.3588
3979.78	97.3029
3981.71	97.383
3983.64	97.5401
3985.57	97.6269
3987.5	97.6219
3989.43	97.5696
3991.36	97.4989
3993.29	97.4355
3995.22	97.4075
3997.14	97.4513
