499.643	86.6881
501.572	86.9037
503.501	87.9021
505.43	88.5748
507.36	88.9326
509.289	89.3865
511.218	90.0523
513.147	90.6536
515.076	90.8971
517.005	90.6741
518.934	90.1592
520.863	89.8237
522.792	89.8688
524.722	89.9659
526.651	89.7269
528.58	89.0862
530.509	88.2799
532.438	87.886
534.367	88.3698
536.296	89.2653
538.225	89.7503
540.155	89.8399
542.084	90.0152
544.013	90.3374
545.942	90.6194
547.871	90.7766
549.8	90.7753
551.729	90.6457
553.658	90.5141
555.588	90.471
557.517	90.4956
559.446	90.5648
561.375	90.7383
563.304	90.9255
565.233	90.8461
567.162	90.6008
569.091	90.6355
571.021	90.8365
572.95	90.7337
574.879	90.5048
576.808	90.5867
578.737	90.7944
580.666	90.7316
582.595	90.3716
584.524	89.8262
586.454	89.1348
588.383	88.3633
590.312	87.684
592.241	87.2995
594.17	87.1907
596.099	87.1431
598.028	87.1037
599.957	87.1453
601.887	87.276
603.816	87.5971
605.745	88.1997
607.674	88.8205
609.603	89.2173
611.532	89.6185
613.461	90.1524
615.39	90.4626
617.32	90.4026
619.249	90.3661
621.178	90.5516
623.107	90.7035
625.036	90.6481
626.965	90.4918
628.894	90.3326
630.823	90.1101
632.753	89.7645
634.682	89.3674
636.611	88.9979
638.54	88.5135
640.469	87.6173
642.398	86.2817
644.327	84.8871
646.256	83.7136
648.186	82.7177
650.115	81.9715
652.044	81.6838
653.973	81.8476
655.902	82.2668
657.831	82.8443
659.76	83.7589
661.689	84.9894
663.619	86.1422
665.548	87.4715
667.477	89.7404
669.406	91.7081
671.335	91.9442
673.264	92.0472
675.193	92.6706
677.122	93.3086
679.052	93.6634
680.981	93.9156
682.91	94.0285
684.839	93.994
686.768	93.983
688.697	94.0141
690.626	94.0724
692.555	94.2052
694.485	94.3235
696.414	94.3476
698.343	94.3556
700.272	94.3313
702.201	94.2083
704.13	94.1331
706.059	94.2212
707.988	94.323
709.917	94.3348
711.847	94.3238
713.776	94.298
715.705	94.285
717.634	94.3933
719.563	94.5056
721.492	94.3666
723.421	94.1042
725.35	94.0425
727.28	94.1367
729.209	94.0986
731.138	93.8554
733.067	93.543
734.996	93.2506
736.925	92.993
738.854	92.7957
740.783	92.705
742.713	92.7411
744.642	92.8615
746.571	92.9878
748.5	93.0724
750.429	93.1289
752.358	93.216
754.287	93.3839
756.216	93.5926
758.146	93.7272
760.075	93.7611
762.004	93.8028
763.933	93.9171
765.862	94.0389
767.791	94.0953
769.72	94.077
771.649	94.011
773.579	93.9552
775.508	93.9466
777.437	93.9332
779.366	93.8519
781.295	93.7302
783.224	93.6274
785.153	93.5462
787.082	93.4304
789.012	93.1975
790.941	92.803
792.87	92.2794
794.799	91.6511
796.728	90.8569
798.657	89.8195
800.586	88.5015
802.515	86.8173
804.445	84.5651
806.374	81.5497
808.303	77.8797
810.232	74.2525
812.161	71.8223
814.09	71.4802
816.019	73.1913
817.948	76.111
819.878	79.2604
821.807	82.0339
823.736	84.2259
825.665	85.8446
827.594	87.0116
829.523	87.8865
831.452	88.5365
833.381	88.9217
835.311	89.0325
837.24	88.9158
839.169	88.5832
841.098	88.0473
843.027	87.4217
844.956	86.8842
846.885	86.5845
848.814	86.5759
850.744	86.7727
852.673	87.0594
854.602	87.4331
856.531	87.9015
858.46	88.368
860.389	88.754
862.318	89.0534
864.247	89.2183
866.177	89.1826
868.106	88.9557
870.035	88.5728
871.964	88.0606
873.893	87.4744
875.822	86.8444
877.751	86.1655
879.68	85.5171
881.609	85.0524
883.539	84.8439
885.468	84.8412
887.397	84.9344
889.326	85.0076
891.255	85.0072
893.184	84.9805
895.113	85.0228
897.042	85.2286
898.972	85.6901
900.901	86.4572
902.83	87.4744
904.759	88.5745
906.688	89.5398
908.617	90.2153
910.546	90.5915
912.475	90.7334
914.405	90.6497
916.334	90.2999
918.263	89.6677
920.192	88.7437
922.121	87.4753
924.05	85.7742
925.979	83.5493
927.908	80.7427
929.838	77.3892
931.767	73.6829
933.696	69.9929
935.625	66.7755
937.554	64.403
939.483	63.0453
941.412	62.6797
943.341	63.1313
945.271	64.1322
947.2	65.4675
949.129	67.0615
951.058	68.8612
952.987	70.7352
954.916	72.5514
956.845	74.2432
958.774	75.7742
960.704	77.1868
962.633	78.6859
964.562	80.4802
966.491	82.5122
968.42	84.4989
970.349	86.2135
972.278	87.5754
974.207	88.5519
976.137	89.1414
978.066	89.4008
979.995	89.3883
981.924	89.1134
983.853	88.5788
985.782	87.8617
987.711	87.1507
989.64	86.6423
991.57	86.3555
993.499	86.1011
995.428	85.6075
997.357	84.6104
999.286	82.9929
1001.22	81.0311
1003.14	79.328
1005.07	78.3009
1007	77.8925
1008.93	77.9019
1010.86	78.3274
1012.79	79.1692
1014.72	80.1289
1016.65	80.7653
1018.58	80.8284
1020.51	80.2908
1022.44	79.2047
1024.36	77.7148
1026.29	76.1649
1028.22	74.9799
1030.15	74.3012
1032.08	73.8443
1034.01	73.2604
1035.94	72.5147
1037.87	71.8011
1039.8	71.2811
1041.73	71.0409
1043.66	71.1437
1045.58	71.5978
1047.51	72.323
1049.44	73.1651
1051.37	73.931
1053.3	74.4641
1055.23	74.7605
1057.16	75.0071
1059.09	75.4228
1061.02	76.0205
1062.95	76.563
1064.88	76.7728
1066.81	76.6005
1068.73	76.3253
1070.66	76.3558
1072.59	76.8907
1074.52	77.8216
1076.45	78.9288
1078.38	80.0477
1080.31	81.0715
1082.24	81.9283
1084.17	82.5712
1086.1	82.9773
1088.03	83.1608
1089.95	83.1209
1091.88	82.78
1093.81	82.0849
1095.74	81.1358
1097.67	80.0965
1099.6	79.0414
1101.53	77.9584
1103.46	76.8077
1105.39	75.542
1107.32	74.1425
1109.25	72.6328
1111.18	71.0302
1113.1	69.3349
1115.03	67.5669
1116.96	65.7548
1118.89	63.9178
1120.82	62.0909
1122.75	60.3238
1124.68	58.6334
1126.61	56.9642
1128.54	55.1773
1130.47	53.0931
1132.4	50.566
1134.32	47.5535
1136.25	44.192
1138.18	40.7979
1140.11	37.7237
1142.04	35.2467
1143.97	33.5661
1145.9	32.7529
1147.83	32.7222
1149.76	33.3579
1151.69	34.5894
1153.62	36.31
1155.55	38.353
1157.47	40.5797
1159.4	42.8926
1161.33	45.1764
1163.26	47.3042
1165.19	49.1923
1167.12	50.8081
1169.05	52.1617
1170.98	53.322
1172.91	54.4001
1174.84	55.4942
1176.77	56.681
1178.69	58.0293
1180.62	59.576
1182.55	61.3199
1184.48	63.2482
1186.41	65.3456
1188.34	67.6071
1190.27	70.0386
1192.2	72.6283
1194.13	75.3679
1196.06	78.2711
1197.99	81.2928
1199.91	84.3139
1201.84	87.1861
1203.77	89.6822
1205.7	91.64
1207.63	93.1929
1209.56	94.5638
1211.49	96.0471
1213.42	98.203
1215.35	100.842
1217.28	102.137
1219.21	101.02
1221.14	99.4126
1223.06	99.3446
1224.99	100.454
1226.92	101.363
1228.85	101.52
1230.78	100.864
1232.71	99.3122
1234.64	97.1199
1236.57	94.7234
1238.5	92.4201
1240.43	90.4496
1242.36	88.9249
1244.28	87.7823
1246.21	87.0016
1248.14	86.6202
1250.07	86.5587
1252	86.6745
1253.93	86.8683
1255.86	87.0434
1257.79	87.1052
1259.72	87.0165
1261.65	86.7863
1263.58	86.4318
1265.51	85.9683
1267.43	85.4088
1269.36	84.7532
1271.29	83.9999
1273.22	83.1917
1275.15	82.3877
1277.08	81.5612
1279.01	80.5677
1280.94	79.1802
1282.87	77.1266
1284.8	74.1341
1286.73	70.052
1288.65	65.2061
1290.58	60.6703
1292.51	57.788
1294.44	57.3265
1296.37	59.1596
1298.3	62.4805
1300.23	66.2151
1302.16	69.4884
1304.09	71.8669
1306.02	73.1814
1307.95	73.3714
1309.87	72.6599
1311.8	71.6321
1313.73	70.9428
1315.66	70.8177
1317.59	70.9675
1319.52	71.1882
1321.45	71.7363
1323.38	72.925
1325.31	74.7557
1327.24	77.0103
1329.17	79.4791
1331.1	82.0694
1333.02	84.6014
1334.95	86.7905
1336.88	88.5774
1338.81	90.0597
1340.74	91.2634
1342.67	92.3665
1344.6	93.7061
1346.53	95.392
1348.46	97.1989
1350.39	98.7953
1352.32	99.9753
1354.24	100.684
1356.17	100.988
1358.1	101.063
1360.03	101.135
1361.96	101.264
1363.89	100.96
1365.82	99.7447
1367.75	98.2061
1369.68	97.5023
1371.61	97.7513
1373.54	97.7041
1375.47	96.6144
1377.39	95.3063
1379.32	94.4817
1381.25	94.0352
1383.18	93.8139
1385.11	93.655
1387.04	93.2404
1388.97	92.5528
1390.9	91.8927
1392.83	91.2494
1394.76	90.4839
1396.69	89.5537
1398.61	88.4145
1400.54	87.295
1402.47	86.6099
1404.4	86.4861
1406.33	86.8159
1408.26	87.4036
1410.19	88.1472
1412.12	89.0188
1414.05	89.876
1415.98	90.6294
1417.91	91.2507
1419.83	91.6105
1421.76	91.7184
1423.69	91.6497
1425.62	91.4318
1427.55	91.1
1429.48	90.4995
1431.41	89.5848
1433.34	88.6558
1435.27	87.6958
1437.2	86.5293
1439.13	85.5827
1441.06	85.0463
1442.98	84.6072
1444.91	84.0628
1446.84	83.2466
1448.77	81.9897
1450.7	80.7585
1452.63	80.3187
1454.56	80.7913
1456.49	82.0873
1458.42	83.6053
1460.35	84.6351
1462.28	85.6121
1464.2	86.8433
1466.13	88.0354
1468.06	88.9666
1469.99	89.9784
1471.92	91.1607
1473.85	91.9459
1475.78	92.2129
1477.71	92.4913
1479.64	92.8897
1481.57	93.3407
1483.5	93.8346
1485.43	94.3811
1487.35	94.9861
1489.28	95.4888
1491.21	95.6643
1493.14	95.7701
1495.07	96.0847
1497	96.5112
1498.93	96.7249
1500.86	96.7703
1502.79	96.9204
1504.72	97.2864
1506.65	97.7047
1508.57	97.6415
1510.5	97.3784
1512.43	97.3205
1514.36	97.4461
1516.29	97.6287
1518.22	97.785
1520.15	97.8626
1522.08	97.8064
1524.01	97.7132
1525.94	97.6545
1527.87	97.5888
1529.8	97.5532
1531.72	97.5924
1533.65	97.6212
1535.58	97.6121
1537.51	97.7419
1539.44	98.0652
1541.37	98.1326
1543.3	97.756
1545.23	97.456
1547.16	97.3833
1549.09	97.4328
1551.02	97.4534
1552.94	97.4248
1554.87	97.5089
1556.8	97.7794
1558.73	97.9014
1560.66	97.5473
1562.59	97.2216
1564.52	97.0884
1566.45	97.1012
1568.38	97.1401
1570.31	97.0248
1572.24	96.8996
1574.16	96.9528
1576.09	96.976
1578.02	96.7053
1579.95	96.439
1581.88	96.3646
1583.81	96.3563
1585.74	96.2978
1587.67	96.2055
1589.6	96.1261
1591.53	96.0717
1593.46	96.0209
1595.39	95.9437
1597.31	95.8351
1599.24	95.7163
1601.17	95.5963
1603.1	95.4387
1605.03	95.2463
1606.96	95.0918
1608.89	94.9174
1610.82	94.6224
1612.75	94.3654
1614.68	94.1877
1616.61	93.7137
1618.53	92.961
1620.46	92.3549
1622.39	91.6525
1624.32	90.6334
1626.25	89.5635
1628.18	88.31
1630.11	86.7995
1632.04	85.5164
1633.97	84.4209
1635.9	82.9664
1637.83	82.0882
1639.76	83.2118
1641.68	85.8036
1643.61	88.7021
1645.54	91.3179
1647.47	93.2621
1649.4	94.1729
1651.33	94.6134
1653.26	95.0293
1655.19	95.0899
1657.12	94.9777
1659.05	95.022
1660.98	95.0881
1662.9	94.9139
1664.83	94.6434
1666.76	94.567
1668.69	94.6382
1670.62	94.5226
1672.55	94.1983
1674.48	93.8226
1676.41	93.2496
1678.34	92.6526
1680.27	92.3239
1682.2	92.0346
1684.12	91.3912
1686.05	90.5416
1687.98	89.6138
1689.91	88.5414
1691.84	87.3913
1693.77	85.9233
1695.7	83.9627
1697.63	81.7477
1699.56	78.8172
1701.49	75.0828
1703.42	71.7815
1705.35	68.6846
1707.27	65.1183
1709.2	61.9127
1711.13	59.5456
1713.06	57.4985
1714.99	55.995
1716.92	55.4025
1718.85	55.1825
1720.78	55.9863
1722.71	58.5345
1724.64	62.446
1726.57	67.3811
1728.49	73.0238
1730.42	78.8402
1732.35	85.2908
1734.28	93.1113
1736.21	99.8548
1738.14	103.907
1740.07	106.576
1742	108.578
1743.93	109.675
1745.86	110.363
1747.79	111.093
1749.72	111.452
1751.64	111.331
1753.57	111.012
1755.5	110.393
1757.43	109.663
1759.36	109.077
1761.29	108.296
1763.22	107.174
1765.15	106.076
1767.08	105.118
1769.01	104.32
1770.94	103.727
1772.86	103.024
1774.79	102.135
1776.72	101.449
1778.65	101.03
1780.58	100.735
1782.51	100.52
1784.44	100.335
1786.37	100.131
1788.3	99.9744
1790.23	99.8976
1792.16	99.7763
1794.08	99.4815
1796.01	99.1649
1797.94	99.0172
1799.87	98.9997
1801.8	98.9013
1803.73	98.705
1805.66	98.5695
1807.59	98.5178
1809.52	98.4794
1811.45	98.4125
1813.38	98.3208
1815.31	98.2496
1817.23	98.2331
1819.16	98.2658
1821.09	98.335
1823.02	98.3928
1824.95	98.373
1826.88	98.3272
1828.81	98.3413
1830.74	98.3772
1832.67	98.3836
1834.6	98.353
1836.53	98.2498
1838.45	98.1129
1840.38	98.0853
1842.31	98.2304
1844.24	98.4454
1846.17	98.4889
1848.1	98.3113
1850.03	98.0907
1851.96	98.0006
1853.89	98.1157
1855.82	98.3593
1857.75	98.5302
1859.68	98.5009
1861.6	98.4103
1863.53	98.4752
1865.46	98.6761
1867.39	98.784
1869.32	98.6366
1871.25	98.4147
1873.18	98.3412
1875.11	98.3674
1877.04	98.3807
1878.97	98.3918
1880.9	98.4553
1882.82	98.5428
1884.75	98.589
1886.68	98.5733
1888.61	98.5026
1890.54	98.4121
1892.47	98.4055
1894.4	98.548
1896.33	98.7313
1898.26	98.8039
1900.19	98.8014
1902.12	98.794
1904.05	98.7535
1905.97	98.7361
1907.9	98.8279
1909.83	98.9395
1911.76	98.994
1913.69	99.0699
1915.62	99.1498
1917.55	99.1213
1919.48	99.0292
1921.41	98.9926
1923.34	98.9974
1925.27	98.9853
1927.19	98.9921
1929.12	99.1323
1931.05	99.3995
1932.98	99.5291
1934.91	99.3313
1936.84	99.0388
1938.77	98.981
1940.7	99.1529
1942.63	99.3573
1944.56	99.4747
1946.49	99.4853
1948.41	99.4419
1950.34	99.4601
1952.27	99.5509
1954.2	99.5647
1956.13	99.4418
1958.06	99.3103
1959.99	99.3146
1961.92	99.5252
1963.85	99.8247
1965.78	99.8835
1967.71	99.6154
1969.64	99.4355
1971.56	99.6279
1973.49	100.004
1975.42	100.296
1977.35	100.32
1979.28	99.9951
1981.21	99.5835
1983.14	99.4904
1985.07	99.7333
1987	100.01
1988.93	100.096
1990.86	99.9307
1992.78	99.6901
1994.71	99.7428
1996.64	100.051
1998.57	100.1
2000.5	99.804
2002.43	99.7569
2004.36	100.164
2006.29	100.486
2008.22	100.421
2010.15	100.246
2012.08	100.14
2014.01	100.045
2015.93	99.9649
2017.86	99.9304
2019.79	99.9389
2021.72	100.015
2023.65	100.106
2025.58	100.108
2027.51	100.061
2029.44	100.076
2031.37	100.126
2033.3	100.077
2035.23	99.8887
2037.15	99.7213
2039.08	99.744
2041.01	99.9308
2042.94	100.179
2044.87	100.393
2046.8	100.392
2048.73	100.086
2050.66	99.6872
2052.59	99.4505
2054.52	99.4594
2056.45	99.6786
2058.37	99.8964
2060.3	99.8517
2062.23	99.6166
2064.16	99.4694
2066.09	99.4532
2068.02	99.4909
2069.95	99.6569
2071.88	99.9269
2073.81	100.039
2075.74	99.8741
2077.67	99.6224
2079.6	99.4807
2081.52	99.4599
2083.45	99.4889
2085.38	99.538
2087.31	99.5862
2089.24	99.5485
2091.17	99.4126
2093.1	99.3888
2095.03	99.626
2096.96	99.8841
2098.89	99.857
2100.82	99.6159
2102.74	99.3879
2104.67	99.2322
2106.6	99.1577
2108.53	99.2134
2110.46	99.3598
2112.39	99.5023
2114.32	99.6322
2116.25	99.7662
2118.18	99.8459
2120.11	99.811
2122.04	99.6984
2123.97	99.6256
2125.89	99.6743
2127.82	99.7523
2129.75	99.6707
2131.68	99.4936
2133.61	99.5604
2135.54	99.9262
2137.47	100.174
2139.4	100.091
2141.33	99.9841
2143.26	100.079
2145.19	100.205
2147.11	100.238
2149.04	100.268
2150.97	100.273
2152.9	100.182
2154.83	100.137
2156.76	100.247
2158.69	100.323
2160.62	100.259
2162.55	100.231
2164.48	100.265
2166.41	100.158
2168.33	99.8802
2170.26	99.648
2172.19	99.6582
2174.12	99.9024
2176.05	100.164
2177.98	100.258
2179.91	100.196
2181.84	100.014
2183.77	99.7609
2185.7	99.6899
2187.63	99.9576
2189.56	100.314
2191.48	100.471
2193.41	100.439
2195.34	100.301
2197.27	100.114
2199.2	100.039
2201.13	100.105
2203.06	100.087
2204.99	99.9961
2206.92	100.172
2208.85	100.537
2210.78	100.527
2212.7	100.134
2214.63	100.009
2216.56	100.256
2218.49	100.294
2220.42	99.9716
2222.35	99.7715
2224.28	99.9112
2226.21	100.101
2228.14	100.079
2230.07	99.9094
2232	99.7647
2233.93	99.6475
2235.85	99.4869
2237.78	99.4127
2239.71	99.5824
2241.64	99.8172
2243.57	99.839
2245.5	99.7338
2247.43	99.7622
2249.36	99.9148
2251.29	100.012
2253.22	100.039
2255.15	100.094
2257.07	100.206
2259	100.337
2260.93	100.408
2262.86	100.317
2264.79	100.118
2266.72	100.017
2268.65	100.074
2270.58	100.136
2272.51	100.096
2274.44	99.9885
2276.37	99.8689
2278.29	99.7811
2280.22	99.7658
2282.15	99.8076
2284.08	99.8359
2286.01	99.8297
2287.94	99.8626
2289.87	99.9845
2291.8	100.125
2293.73	100.215
2295.66	100.316
2297.59	100.52
2299.52	100.781
2301.44	101.006
2303.37	101.22
2305.3	101.522
2307.23	101.939
2309.16	102.394
2311.09	102.775
2313.02	103.025
2314.95	103.289
2316.88	103.834
2318.81	104.665
2320.74	105.399
2322.66	105.756
2324.59	106
2326.52	106.46
2328.45	107.043
2330.38	107.445
2332.31	107.627
2334.24	107.859
2336.17	108.216
2338.1	108.478
2340.03	108.616
2341.96	108.747
2343.89	108.372
2345.81	107.117
2347.74	105.953
2349.67	105.715
2351.6	106.567
2353.53	108.399
2355.46	110.424
2357.39	111.7
2359.32	112.144
2361.25	112.059
2363.18	111.642
2365.11	110.891
2367.03	109.808
2368.96	108.408
2370.89	106.724
2372.82	105.053
2374.75	103.676
2376.68	102.53
2378.61	101.48
2380.54	100.552
2382.47	99.7945
2384.4	99.1871
2386.33	98.7179
2388.26	98.439
2390.18	98.3611
2392.11	98.3556
2394.04	98.2814
2395.97	98.1492
2397.9	98.0279
2399.83	97.9095
2401.76	97.8162
2403.69	97.8801
2405.62	98.1427
2407.55	98.3997
2409.48	98.4137
2411.4	98.214
2413.33	98.0445
2415.26	98.0527
2417.19	98.1495
2419.12	98.1868
2421.05	98.1586
2422.98	98.1405
2424.91	98.1329
2426.84	98.0736
2428.77	97.9526
2430.7	97.8461
2432.62	97.8426
2434.55	97.9325
2436.48	98.0161
2438.41	98.0507
2440.34	98.0762
2442.27	98.0969
2444.2	98.1132
2446.13	98.1758
2448.06	98.228
2449.99	98.1205
2451.92	97.9089
2453.85	97.8255
2455.77	97.9248
2457.7	98.0466
2459.63	98.0577
2461.56	97.9647
2463.49	97.8975
2465.42	97.968
2467.35	98.0596
2469.28	97.976
2471.21	97.8354
2473.14	97.9337
2475.07	98.2184
2476.99	98.3566
2478.92	98.2912
2480.85	98.2577
2482.78	98.3234
2484.71	98.3448
2486.64	98.2724
2488.57	98.1853
2490.5	98.1611
2492.43	98.2405
2494.36	98.3789
2496.29	98.4671
2498.22	98.4727
2500.14	98.42
2502.07	98.3117
2504	98.2264
2505.93	98.2758
2507.86	98.3846
2509.79	98.3915
2511.72	98.3148
2513.65	98.2696
2515.58	98.283
2517.51	98.3451
2519.44	98.4534
2521.36	98.5397
2523.29	98.4948
2525.22	98.3113
2527.15	98.1452
2529.08	98.166
2531.01	98.3479
2532.94	98.5039
2534.87	98.496
2536.8	98.3241
2538.73	98.12
2540.66	98.0821
2542.58	98.2395
2544.51	98.3845
2546.44	98.3859
2548.37	98.3087
2550.3	98.2002
2552.23	98.1209
2554.16	98.2144
2556.09	98.4095
2558.02	98.4249
2559.95	98.266
2561.88	98.2172
2563.81	98.3218
2565.73	98.3799
2567.66	98.3462
2569.59	98.3406
2571.52	98.3869
2573.45	98.3872
2575.38	98.3066
2577.31	98.2616
2579.24	98.3686
2581.17	98.574
2583.1	98.7327
2585.03	98.7845
2586.95	98.7751
2588.88	98.7593
2590.81	98.713
2592.74	98.5737
2594.67	98.3813
2596.6	98.2578
2598.53	98.2375
2600.46	98.2462
2602.39	98.2118
2604.32	98.1227
2606.25	98.0488
2608.18	98.0681
2610.1	98.1233
2612.03	98.0934
2613.96	98.0082
2615.89	97.9813
2617.82	97.9833
2619.75	97.8964
2621.68	97.7442
2623.61	97.6761
2625.54	97.7545
2627.47	97.896
2629.4	97.979
2631.32	97.9299
2633.25	97.7992
2635.18	97.7534
2637.11	97.8383
2639.04	97.879
2640.97	97.7825
2642.9	97.6751
2644.83	97.6267
2646.76	97.5879
2648.69	97.5793
2650.62	97.6125
2652.54	97.5912
2654.47	97.5123
2656.4	97.4981
2658.33	97.5458
2660.26	97.528
2662.19	97.4177
2664.12	97.3108
2666.05	97.2811
2667.98	97.2988
2669.91	97.2799
2671.84	97.2227
2673.77	97.2108
2675.69	97.2501
2677.62	97.2818
2679.55	97.3272
2681.48	97.4021
2683.41	97.4183
2685.34	97.354
2687.27	97.3004
2689.2	97.2653
2691.13	97.1944
2693.06	97.1371
2694.99	97.1558
2696.91	97.1864
2698.84	97.1539
2700.77	97.0951
2702.7	97.0717
2704.63	97.0649
2706.56	97.0305
2708.49	96.9961
2710.42	97.0184
2712.35	97.0795
2714.28	97.1179
2716.21	97.1157
2718.14	97.0752
2720.06	96.9908
2721.99	96.9032
2723.92	96.8776
2725.85	96.9067
2727.78	96.9306
2729.71	96.9312
2731.64	96.9161
2733.57	96.861
2735.5	96.7587
2737.43	96.6682
2739.36	96.6476
2741.28	96.6832
2743.21	96.7232
2745.14	96.7451
2747.07	96.7656
2749	96.7908
2750.93	96.8044
2752.86	96.8293
2754.79	96.9042
2756.72	96.9766
2758.65	96.9642
2760.58	96.8988
2762.51	96.8578
2764.43	96.8388
2766.36	96.8062
2768.29	96.7525
2770.22	96.6978
2772.15	96.6842
2774.08	96.7243
2776.01	96.7829
2777.94	96.8282
2779.87	96.8169
2781.8	96.7242
2783.73	96.6429
2785.65	96.6364
2787.58	96.5876
2789.51	96.4551
2791.44	96.4088
2793.37	96.5018
2795.3	96.5758
2797.23	96.5581
2799.16	96.5234
2801.09	96.5395
2803.02	96.6125
2804.95	96.6545
2806.87	96.5613
2808.8	96.3996
2810.73	96.3012
2812.66	96.2361
2814.59	96.1563
2816.52	96.1561
2818.45	96.2535
2820.38	96.2846
2822.31	96.1518
2824.24	95.9374
2826.17	95.7593
2828.1	95.67
2830.02	95.6225
2831.95	95.5252
2833.88	95.4024
2835.81	95.3367
2837.74	95.2482
2839.67	95.0461
2841.6	94.868
2843.53	94.8064
2845.46	94.6922
2847.39	94.4415
2849.32	94.1741
2851.24	93.876
2853.17	93.4471
2855.1	92.9732
2857.03	92.5425
2858.96	92.1052
2860.89	91.6784
2862.82	91.3327
2864.75	91.0436
2866.68	90.7975
2868.61	90.5951
2870.54	90.3448
2872.47	90.0777
2874.39	90.0411
2876.32	90.3151
2878.25	90.686
2880.18	90.9841
2882.11	91.1953
2884.04	91.3344
2885.97	91.4582
2887.9	91.6246
2889.83	91.7952
2891.76	91.9164
2893.69	91.9823
2895.61	91.9988
2897.54	92.0152
2899.47	92.072
2901.4	92.1114
2903.33	92.1068
2905.26	92.0899
2907.19	91.976
2909.12	91.7269
2911.05	91.5627
2912.98	91.6018
2914.91	91.621
2916.83	91.463
2918.76	91.2225
2920.69	90.8774
2922.62	90.2633
2924.55	89.4615
2926.48	88.7877
2928.41	88.4028
2930.34	88.2188
2932.27	88.1844
2934.2	88.3862
2936.13	88.7693
2938.06	89.0978
2939.98	89.3455
2941.91	89.7044
2943.84	90.11
2945.77	90.2303
2947.7	89.9218
2949.63	89.3135
2951.56	88.5908
2953.49	87.9219
2955.42	87.3554
2957.35	86.8166
2959.28	86.4443
2961.2	86.6066
2963.13	87.4118
2965.06	88.6697
2966.99	90.2631
2968.92	91.9438
2970.85	93.0483
2972.78	93.2118
2974.71	92.9405
2976.64	92.8423
2978.57	92.9958
2980.5	93.2902
2982.43	93.6544
2984.35	93.9696
2986.28	94.2759
2988.21	94.7691
2990.14	95.36
2992.07	95.788
2994	96.1148
2995.93	96.5209
2997.86	96.9318
2999.79	97.263
3001.72	97.5801
3003.65	97.8716
3005.57	98.0567
3007.5	98.1189
3009.43	98.0743
3011.36	98.0663
3013.29	98.3509
3015.22	98.8622
3017.15	99.1332
3019.08	98.9735
3021.01	98.758
3022.94	98.7777
3024.87	98.8796
3026.79	98.9255
3028.72	99.0337
3030.65	99.2192
3032.58	99.2793
3034.51	99.118
3036.44	98.8335
3038.37	98.5273
3040.3	98.2585
3042.23	98.0504
3044.16	97.8738
3046.09	97.7627
3048.02	97.8145
3049.94	97.9667
3051.87	98.0418
3053.8	98.0306
3055.73	98.018
3057.66	97.9591
3059.59	97.8383
3061.52	97.8015
3063.45	97.8793
3065.38	97.9134
3067.31	97.895
3069.24	97.9587
3071.16	98.0386
3073.09	97.9981
3075.02	97.944
3076.95	97.9925
3078.88	98.0366
3080.81	97.9848
3082.74	97.8525
3084.67	97.6589
3086.6	97.5321
3088.53	97.5853
3090.46	97.6158
3092.39	97.4229
3094.31	97.2051
3096.24	97.1826
3098.17	97.2652
3100.1	97.3356
3102.03	97.3735
3103.96	97.3491
3105.89	97.32
3107.82	97.3531
3109.75	97.355
3111.68	97.3039
3113.61	97.3316
3115.53	97.3654
3117.46	97.1875
3119.39	96.8979
3121.32	96.8098
3123.25	96.97
3125.18	97.1355
3127.11	97.1198
3129.04	96.9729
3130.97	96.8731
3132.9	96.9389
3134.83	97.1316
3136.75	97.3197
3138.68	97.4586
3140.61	97.6207
3142.54	97.7497
3144.47	97.632
3146.4	97.3402
3148.33	97.2355
3150.26	97.2937
3152.19	97.145
3154.12	96.8815
3156.05	96.9155
3157.98	97.1596
3159.9	97.243
3161.83	97.1779
3163.76	97.1123
3165.69	97.0054
3167.62	96.8819
3169.55	96.8251
3171.48	96.7863
3173.41	96.7759
3175.34	96.8806
3177.27	96.9963
3179.2	96.9859
3181.12	96.9391
3183.05	96.9471
3184.98	96.9413
3186.91	96.8795
3188.84	96.7934
3190.77	96.7159
3192.7	96.716
3194.63	96.8413
3196.56	97.0172
3198.49	97.1168
3200.42	97.0715
3202.35	96.914
3204.27	96.759
3206.2	96.6843
3208.13	96.6889
3210.06	96.7837
3211.99	96.9253
3213.92	96.9536
3215.85	96.8423
3217.78	96.7746
3219.71	96.7953
3221.64	96.776
3223.57	96.7687
3225.49	96.9169
3227.42	97.0688
3229.35	96.9766
3231.28	96.7604
3233.21	96.711
3235.14	96.8084
3237.07	96.8246
3239	96.7056
3240.93	96.5799
3242.86	96.5534
3244.79	96.6139
3246.72	96.6346
3248.64	96.5466
3250.57	96.463
3252.5	96.4434
3254.43	96.3759
3256.36	96.2829
3258.29	96.3208
3260.22	96.4361
3262.15	96.5098
3264.08	96.6162
3266.01	96.7225
3267.94	96.6219
3269.86	96.4108
3271.79	96.3981
3273.72	96.549
3275.65	96.5936
3277.58	96.4845
3279.51	96.3402
3281.44	96.242
3283.37	96.2501
3285.3	96.3328
3287.23	96.3707
3289.16	96.3633
3291.08	96.3806
3293.01	96.3654
3294.94	96.2572
3296.87	96.1329
3298.8	96.0634
3300.73	96.0391
3302.66	96.0319
3304.59	95.9984
3306.52	95.9438
3308.45	95.9466
3310.38	95.9757
3312.31	95.8926
3314.23	95.7478
3316.16	95.757
3318.09	95.9304
3320.02	96.0133
3321.95	95.8515
3323.88	95.6263
3325.81	95.5919
3327.74	95.6894
3329.67	95.671
3331.6	95.5451
3333.53	95.5193
3335.45	95.5778
3337.38	95.5421
3339.31	95.426
3341.24	95.3709
3343.17	95.4167
3345.1	95.5275
3347.03	95.602
3348.96	95.4912
3350.89	95.254
3352.82	95.1403
3354.75	95.1911
3356.68	95.246
3358.6	95.2866
3360.53	95.3584
3362.46	95.3734
3364.39	95.2899
3366.32	95.1918
3368.25	95.1301
3370.18	95.1554
3372.11	95.2823
3374.04	95.3106
3375.97	95.1271
3377.9	95.0262
3379.82	95.2213
3381.75	95.4502
3383.68	95.4473
3385.61	95.3042
3387.54	95.1884
3389.47	95.1414
3391.4	95.1325
3393.33	95.0718
3395.26	94.9314
3397.19	94.8437
3399.12	94.8766
3401.04	94.9098
3402.97	94.8848
3404.9	94.9014
3406.83	94.9847
3408.76	95.0015
3410.69	94.8712
3412.62	94.7227
3414.55	94.758
3416.48	94.9694
3418.41	95.1356
3420.34	95.1545
3422.27	95.1374
3424.19	95.0964
3426.12	94.9343
3428.05	94.7529
3429.98	94.7531
3431.91	94.9241
3433.84	95.1031
3435.77	95.1871
3437.7	95.1682
3439.63	95.0843
3441.56	94.9883
3443.49	94.9868
3445.41	95.2094
3447.34	95.531
3449.27	95.5762
3451.2	95.3431
3453.13	95.2584
3455.06	95.4152
3456.99	95.4803
3458.92	95.3694
3460.85	95.2861
3462.78	95.2665
3464.71	95.251
3466.64	95.2473
3468.56	95.2091
3470.49	95.1338
3472.42	95.1242
3474.35	95.1248
3476.28	95.0104
3478.21	94.9415
3480.14	95.1103
3482.07	95.3212
3484	95.2766
3485.93	95.0646
3487.86	94.9343
3489.78	94.8425
3491.71	94.5949
3493.64	94.3405
3495.57	94.4555
3497.5	94.8536
3499.43	95.0108
3501.36	94.8416
3503.29	94.764
3505.22	94.8569
3507.15	94.8029
3509.08	94.6545
3511	94.7393
3512.93	94.9756
3514.86	95.0087
3516.79	94.7861
3518.72	94.5096
3520.65	94.3825
3522.58	94.5561
3524.51	94.9468
3526.44	95.1826
3528.37	95.0908
3530.3	94.8586
3532.23	94.6397
3534.15	94.5293
3536.08	94.6357
3538.01	94.7561
3539.94	94.6061
3541.87	94.4439
3543.8	94.6115
3545.73	94.824
3547.66	94.7147
3549.59	94.5641
3551.52	94.6449
3553.45	94.7903
3555.37	94.8361
3557.3	94.8454
3559.23	94.8655
3561.16	94.9112
3563.09	95.0808
3565.02	95.4247
3566.95	95.6884
3568.88	95.514
3570.81	95.178
3572.74	95.15
3574.67	95.445
3576.6	95.7141
3578.52	95.7659
3580.45	95.796
3582.38	95.9981
3584.31	96.3066
3586.24	96.5683
3588.17	96.7038
3590.1	96.7126
3592.03	96.5862
3593.96	96.383
3595.89	96.3917
3597.82	96.7475
3599.74	97.1181
3601.67	97.2408
3603.6	97.277
3605.53	97.375
3607.46	97.3942
3609.39	97.3123
3611.32	97.3592
3613.25	97.4973
3615.18	97.4956
3617.11	97.4499
3619.04	97.6014
3620.97	97.814
3622.89	97.8632
3624.82	97.9605
3626.75	98.2931
3628.68	98.4042
3630.61	97.7472
3632.54	97.0736
3634.47	96.9751
3636.4	97.2018
3638.33	97.3839
3640.26	97.5569
3642.19	97.842
3644.11	98.1391
3646.04	98.4172
3647.97	98.7284
3649.9	98.7861
3651.83	98.4864
3653.76	98.2104
3655.69	97.9934
3657.62	97.7056
3659.55	97.4344
3661.48	97.365
3663.41	97.5271
3665.33	97.741
3667.26	97.8925
3669.19	98.1706
3671.12	98.6644
3673.05	98.9786
3674.98	98.8381
3676.91	98.4059
3678.84	98.0783
3680.77	97.8826
3682.7	97.7447
3684.63	97.7953
3686.56	98.1785
3688.48	98.695
3690.41	98.6794
3692.34	98.1926
3694.27	98.0371
3696.2	98.3273
3698.13	98.5908
3700.06	98.5733
3701.99	98.4938
3703.92	98.4849
3705.85	98.4148
3707.78	98.3333
3709.7	98.3794
3711.63	98.3306
3713.56	97.9798
3715.49	97.771
3717.42	98.0035
3719.35	98.4183
3721.28	98.561
3723.21	98.4403
3725.14	98.4267
3727.07	98.6003
3729	98.7946
3730.93	99.013
3732.85	99.3441
3734.78	99.6163
3736.71	99.4954
3738.64	99.1445
3740.57	98.8485
3742.5	98.5676
3744.43	98.3381
3746.36	98.4248
3748.29	98.6654
3750.22	98.6278
3752.15	98.2539
3754.07	98.0376
3756	98.014
3757.93	97.8485
3759.86	97.5568
3761.79	97.5501
3763.72	97.8352
3765.65	98.0241
3767.58	97.9784
3769.51	97.9181
3771.44	97.9258
3773.37	97.9523
3775.29	98.0187
3777.22	98.0166
3779.15	97.8004
3781.08	97.5996
3783.01	97.7022
3784.94	97.9351
3786.87	97.9426
3788.8	97.6819
3790.73	97.4548
3792.66	97.4807
3794.59	97.6895
3796.52	97.9197
3798.44	98.145
3800.37	98.3285
3802.3	98.3218
3804.23	98.1858
3806.16	98.0448
3808.09	97.8361
3810.02	97.6487
3811.95	97.6769
3813.88	97.8946
3815.81	98.0694
3817.74	98.0112
3819.66	97.8932
3821.59	97.9268
3823.52	98.0299
3825.45	98.0454
3827.38	98.0131
3829.31	98.0032
3831.24	98.005
3833.17	98.0165
3835.1	98.0874
3837.03	98.2132
3838.96	98.2503
3840.89	98.0575
3842.81	97.7468
3844.74	97.5692
3846.67	97.647
3848.6	97.8743
3850.53	98.1254
3852.46	98.318
3854.39	98.2408
3856.32	97.9527
3858.25	97.7633
3860.18	97.6895
3862.11	97.619
3864.03	97.5853
3865.96	97.7639
3867.89	98.0531
3869.82	98.1054
3871.75	97.8998
3873.68	97.8171
3875.61	97.9053
3877.54	97.9094
3879.47	97.7867
3881.4	97.7106
3883.33	97.7209
3885.25	97.7261
3887.18	97.7583
3889.11	97.8616
3891.04	97.9376
3892.97	97.8947
3894.9	97.8334
3896.83	97.8842
3898.76	98.0121
3900.69	98.0385
3902.62	97.8626
3904.55	97.6607
3906.48	97.6235
3908.4	97.6942
3910.33	97.727
3912.26	97.6769
3914.19	97.6114
3916.12	97.6227
3918.05	97.7163
3919.98	97.773
3921.91	97.7207
3923.84	97.639
3925.77	97.6468
3927.7	97.7572
3929.62	97.8532
3931.55	97.8041
3933.48	97.6721
3935.41	97.6771
3937.34	97.7944
3939.27	97.7967
3941.2	97.6454
3943.13	97.499
3945.06	97.4067
3946.99	97.362
3948.92	97.4395
3950.85	97.5779
3952.77	97.6111
3954.7	97.5728
3956.63	97.5587
3958.56	97.5154
3960.49	97.4102
3962.42	97.3247
3964.35	97.3055
3966.28	97.3657
3968.21	97.5178
3970.14	97.6595
3972.07	97.6527
3973.99	97.5261
3975.92	97.3965
3977.85	97.3353
3979.78	97.3845
3981.71	97.4971
3983.64	97.5223
3985.57	97.4269
3987.5	97.345
3989.43	97.3436
3991.36	97.3614
3993.29	97.341
3995.22	97.2976
3997.14	97.33
