499.643	88.7876
501.572	88.5458
503.501	88.2263
505.43	87.6493
507.36	87.6358
509.289	88.649
511.218	90.0187
513.147	90.9063
515.076	91.2895
517.005	91.2553
518.934	90.57
520.863	89.6863
522.792	89.4142
524.722	89.6239
526.651	89.5537
528.58	89.0023
530.509	88.4043
532.438	88.2249
534.367	88.647
536.296	89.2778
538.225	89.6033
540.155	89.7592
542.084	90.0954
544.013	90.482
545.942	90.6861
547.871	90.7406
549.8	90.6633
551.729	90.4701
553.658	90.4032
555.588	90.6003
557.517	90.8072
559.446	90.8416
561.375	90.9056
563.304	91.0258
565.233	90.9082
567.162	90.6705
569.091	90.7189
571.021	90.8565
572.95	90.6651
574.879	90.3674
576.808	90.3654
578.737	90.561
580.666	90.612
582.595	90.3007
584.524	89.6513
586.454	88.9191
588.383	88.2833
590.312	87.7443
592.241	87.3573
594.17	87.1614
596.099	87.0542
598.028	87.0208
599.957	87.1205
601.887	87.3179
603.816	87.6605
605.745	88.2369
607.674	88.8352
609.603	89.2263
611.532	89.622
613.461	90.1875
615.39	90.567
617.32	90.5068
619.249	90.3865
621.178	90.5354
623.107	90.7233
625.036	90.6868
626.965	90.5166
628.894	90.3513
630.823	90.1274
632.753	89.7761
634.682	89.3756
636.611	88.9876
638.54	88.4608
640.469	87.5498
642.398	86.279
644.327	84.9791
646.256	83.8156
648.186	82.7303
650.115	81.9083
652.044	81.6195
653.973	81.8117
655.902	82.2693
657.831	82.8971
659.76	83.832
661.689	85.0415
663.619	86.1817
665.548	87.507
667.477	89.7406
669.406	91.6927
671.335	91.9763
673.264	92.1168
675.193	92.7439
677.122	93.3627
679.052	93.6865
680.981	93.9276
682.91	94.0722
684.839	94.0541
686.768	94.0058
688.697	94.013
690.626	94.0921
692.555	94.2388
694.485	94.3688
696.414	94.4239
698.343	94.4207
700.272	94.3326
702.201	94.1907
704.13	94.1621
706.059	94.28
707.988	94.3638
709.917	94.334
711.847	94.2751
713.776	94.2296
715.705	94.236
717.634	94.361
719.563	94.4948
721.492	94.4228
723.421	94.2101
725.35	94.1085
727.28	94.1434
729.209	94.1171
731.138	93.9138
733.067	93.598
734.996	93.2758
736.925	92.9959
738.854	92.7758
740.783	92.6616
742.713	92.6942
744.642	92.8311
746.571	92.9787
748.5	93.0911
750.429	93.179
752.358	93.2753
754.287	93.418
756.216	93.5876
758.146	93.7003
760.075	93.7465
762.004	93.8186
763.933	93.9452
765.862	94.0609
767.791	94.1273
769.72	94.1309
771.649	94.0578
773.579	93.9673
775.508	93.9393
777.437	93.936
779.366	93.8695
781.295	93.7521
783.224	93.6483
785.153	93.5539
787.082	93.4074
789.012	93.1578
790.941	92.7787
792.87	92.2632
794.799	91.6188
796.728	90.8297
798.657	89.8302
800.586	88.5366
802.515	86.8507
804.445	84.6005
806.374	81.5957
808.303	77.9245
810.232	74.282
812.161	71.8404
814.09	71.5
816.019	73.2116
817.948	76.1199
819.878	79.2644
821.807	82.0522
823.736	84.2561
825.665	85.8697
827.594	87.0287
829.523	87.8996
831.452	88.5398
833.381	88.9126
835.311	89.0205
837.24	88.9123
839.169	88.5942
841.098	88.0704
843.027	87.4423
844.956	86.8877
846.885	86.5745
848.814	86.5652
850.744	86.7638
852.673	87.0471
854.602	87.415
856.531	87.8843
858.46	88.365
860.389	88.7623
862.318	89.0503
864.247	89.1966
866.177	89.156
868.106	88.928
870.035	88.5462
871.964	88.0543
873.893	87.4922
875.822	86.86
877.751	86.1605
879.68	85.4977
881.609	85.0326
883.539	84.8328
885.468	84.836
887.397	84.9309
889.326	85.0161
891.255	85.0318
893.184	85.0057
895.113	85.0479
897.042	85.2663
898.972	85.7231
900.901	86.4572
902.83	87.4528
904.759	88.5613
906.688	89.5405
908.617	90.2213
910.546	90.6026
912.475	90.75
914.405	90.6629
916.334	90.3013
918.263	89.6643
920.192	88.7494
922.121	87.4827
924.05	85.7653
925.979	83.534
927.908	80.7453
929.838	77.4029
931.767	73.6819
933.696	69.9797
935.625	66.776
937.554	64.4238
939.483	63.0692
941.412	62.6947
943.341	63.1377
945.271	64.1239
947.2	65.4366
949.129	67.0201
951.058	68.8341
952.987	70.7314
954.916	72.5631
956.845	74.258
958.774	75.7717
960.704	77.151
962.633	78.6323
964.562	80.4444
966.491	82.505
968.42	84.5032
970.349	86.2207
972.278	87.5868
974.207	88.5573
976.137	89.135
978.066	89.3965
979.995	89.3901
981.924	89.109
983.853	88.5734
985.782	87.871
987.711	87.1682
989.64	86.6543
991.57	86.363
993.499	86.1033
995.428	85.5977
997.357	84.5972
999.286	82.9932
1001.22	81.0439
1003.14	79.3348
1005.07	78.2893
1007	77.8713
1008.93	77.8868
1010.86	78.3201
1012.79	79.1638
1014.72	80.1251
1016.65	80.7569
1018.58	80.8059
1020.51	80.268
1022.44	79.2073
1024.36	77.7391
1026.29	76.1844
1028.22	74.9825
1030.15	74.2894
1032.08	73.8183
1034.01	73.2272
1035.94	72.4941
1037.87	71.8022
1039.8	71.2857
1041.73	71.0243
1043.66	71.1032
1045.58	71.5505
1047.51	72.2823
1049.44	73.1353
1051.37	73.9193
1053.3	74.4778
1055.23	74.7919
1057.16	75.0352
1059.09	75.4317
1061.02	76.0089
1062.95	76.5394
1064.88	76.7492
1066.81	76.5882
1068.73	76.3263
1070.66	76.3591
1072.59	76.8859
1074.52	77.8137
1076.45	78.9254
1078.38	80.041
1080.31	81.0544
1082.24	81.9121
1084.17	82.5658
1086.1	82.9723
1088.03	83.1439
1089.95	83.0972
1091.88	82.7618
1093.81	82.0759
1095.74	81.1326
1097.67	80.096
1099.6	79.0397
1101.53	77.9486
1103.46	76.7831
1105.39	75.502
1107.32	74.0986
1109.25	72.6014
1111.18	71.0095
1113.1	69.3036
1115.03	67.5154
1116.96	65.6947
1118.89	63.8565
1120.82	62.0301
1122.75	60.2713
1124.68	58.591
1126.61	56.9259
1128.54	55.1456
1130.47	53.0672
1132.4	50.5343
1134.32	47.521
1136.25	44.1751
1138.18	40.7851
1140.11	37.6929
1142.04	35.2095
1143.97	33.5462
1145.9	32.748
1147.83	32.7226
1149.76	33.3676
1151.69	34.6039
1153.62	36.3111
1155.55	38.3389
1157.47	40.5681
1159.4	42.8915
1161.33	45.1775
1163.26	47.3021
1165.19	49.1878
1167.12	50.797
1169.05	52.1405
1170.98	53.3007
1172.91	54.3931
1174.84	55.503
1176.77	56.6932
1178.69	58.0315
1180.62	59.5625
1182.55	61.2928
1184.48	63.213
1186.41	65.3091
1188.34	67.5792
1190.27	70.0305
1192.2	72.6418
1194.13	75.3944
1196.06	78.3023
1197.99	81.3225
1199.91	84.3356
1201.84	87.2027
1203.77	89.7058
1205.7	91.6705
1207.63	93.2169
1209.56	94.5791
1211.49	96.0589
1213.42	98.2054
1215.35	100.833
1217.28	102.133
1219.21	101.028
1221.14	99.4155
1223.06	99.3367
1224.99	100.45
1226.92	101.366
1228.85	101.509
1230.78	100.834
1232.71	99.2777
1234.64	97.0886
1236.57	94.6944
1238.5	92.3972
1240.43	90.4293
1242.36	88.8926
1244.28	87.7398
1246.21	86.9694
1248.14	86.606
1250.07	86.5545
1252	86.6737
1253.93	86.8619
1255.86	87.023
1257.79	87.0773
1259.72	86.9902
1261.65	86.7611
1263.58	86.4103
1265.51	85.9522
1267.43	85.3872
1269.36	84.7238
1271.29	83.9783
1273.22	83.1801
1275.15	82.372
1277.08	81.539
1279.01	80.5461
1280.94	79.1636
1282.87	77.1247
1284.8	74.1526
1286.73	70.0749
1288.65	65.2176
1290.58	60.6781
1292.51	57.7981
1294.44	57.3259
1296.37	59.143
1298.3	62.4639
1300.23	66.2098
1302.16	69.4882
1304.09	71.867
1306.02	73.1886
1307.95	73.3904
1309.87	72.6829
1311.8	71.6492
1313.73	70.9515
1315.66	70.8137
1317.59	70.9481
1319.52	71.169
1321.45	71.7367
1323.38	72.941
1325.31	74.7744
1327.24	77.0312
1329.17	79.503
1331.1	82.0906
1333.02	84.6152
1334.95	86.7943
1336.88	88.5726
1338.81	90.0548
1340.74	91.2631
1342.67	92.3674
1344.6	93.7048
1346.53	95.3829
1348.46	97.1852
1350.39	98.7973
1352.32	99.9978
1354.24	100.704
1356.17	101
1358.1	101.091
1360.03	101.19
1361.96	101.321
1363.89	100.989
1365.82	99.7488
1367.75	98.2144
1369.68	97.5322
1371.61	97.7885
1373.54	97.7341
1375.47	96.6447
1377.39	95.3361
1379.32	94.4941
1381.25	94.0297
1383.18	93.8064
1385.11	93.6528
1387.04	93.2451
1388.97	92.5678
1390.9	91.913
1392.83	91.262
1394.76	90.4803
1396.69	89.5382
1398.61	88.3979
1400.54	87.2877
1402.47	86.614
1404.4	86.4907
1406.33	86.8162
1408.26	87.4139
1410.19	88.1682
1412.12	89.0249
1414.05	89.8603
1415.98	90.619
1417.91	91.266
1419.83	91.6388
1421.76	91.745
1423.69	91.6756
1425.62	91.4565
1427.55	91.1143
1429.48	90.4937
1431.41	89.5684
1433.34	88.6531
1435.27	87.7113
1437.2	86.5385
1439.13	85.5763
1441.06	85.0419
1442.98	84.6115
1444.91	84.0638
1446.84	83.2337
1448.77	81.9652
1450.7	80.7259
1452.63	80.2777
1454.56	80.7511
1456.49	82.0654
1458.42	83.5962
1460.35	84.6295
1462.28	85.6213
1464.2	86.8639
1466.13	88.0393
1468.06	88.9486
1469.99	89.9538
1471.92	91.1391
1473.85	91.9353
1475.78	92.2086
1477.71	92.4774
1479.64	92.8734
1481.57	93.3484
1483.5	93.8637
1485.43	94.4003
1487.35	94.9842
1489.28	95.4831
1491.21	95.6611
1493.14	95.7623
1495.07	96.072
1497	96.4909
1498.93	96.6983
1500.86	96.7572
1502.79	96.9316
1504.72	97.3059
1506.65	97.7004
1508.57	97.6271
1510.5	97.3814
1512.43	97.3275
1514.36	97.4368
1516.29	97.6074
1518.22	97.7669
1520.15	97.8358
1522.08	97.7584
1524.01	97.6696
1525.94	97.6312
1527.87	97.5668
1529.8	97.5241
1531.72	97.576
1533.65	97.6341
1535.58	97.6424
1537.51	97.7696
1539.44	98.0711
1541.37	98.1249
1543.3	97.771
1545.23	97.4813
1547.16	97.3899
1549.09	97.4235
1551.02	97.4458
1552.94	97.4162
1554.87	97.4901
1556.8	97.7595
1558.73	97.8964
1560.66	97.5476
1562.59	97.2132
1564.52	97.0753
1566.45	97.0993
1568.38	97.1629
1570.31	97.0569
1572.24	96.9132
1574.16	96.9368
1576.09	96.9405
1578.02	96.6851
1579.95	96.4488
1581.88	96.3865
1583.81	96.37
1585.74	96.3007
1587.67	96.2028
1589.6	96.119
1591.53	96.0648
1593.46	96.0144
1595.39	95.93
1597.31	95.8192
1599.24	95.7099
1601.17	95.5898
1603.1	95.4176
1605.03	95.2233
1606.96	95.0825
1608.89	94.9116
1610.82	94.6051
1612.75	94.3382
1614.68	94.1571
1616.61	93.6928
1618.53	92.9629
1620.46	92.366
1622.39	91.6503
1624.32	90.6229
1626.25	89.5714
1628.18	88.3386
1630.11	86.8311
1632.04	85.5444
1633.97	84.4452
1635.9	82.9731
1637.83	82.0713
1639.76	83.1939
1641.68	85.8079
1643.61	88.7376
1645.54	91.3667
1647.47	93.2829
1649.4	94.1629
1651.33	94.6056
1653.26	95.0521
1655.19	95.1203
1657.12	94.9855
1659.05	95.0048
1660.98	95.0546
1662.9	94.8856
1664.83	94.6301
1666.76	94.5573
1668.69	94.6239
1670.62	94.516
1672.55	94.2081
1674.48	93.8376
1676.41	93.2581
1678.34	92.6506
1680.27	92.3018
1682.2	91.9751
1684.12	91.3083
1686.05	90.4921
1687.98	89.6143
1689.91	88.573
1691.84	87.4267
1693.77	85.9461
1695.7	83.9798
1697.63	81.7701
1699.56	78.8294
1701.49	75.0747
1703.42	71.7745
1705.35	68.6877
1707.27	65.1108
1709.2	61.8838
1711.13	59.5165
1713.06	57.4863
1714.99	55.9863
1716.92	55.3799
1718.85	55.1645
1720.78	55.986
1722.71	58.5424
1724.64	62.4604
1726.57	67.4071
1728.49	73.0515
1730.42	78.8516
1732.35	85.292
1734.28	93.1349
1736.21	99.8925
1738.14	103.924
1740.07	106.576
1742	108.584
1743.93	109.683
1745.86	110.372
1747.79	111.126
1749.72	111.507
1751.64	111.378
1753.57	111.069
1755.5	110.487
1757.43	109.771
1759.36	109.168
1761.29	108.358
1763.22	107.191
1765.15	106.036
1767.08	105.044
1769.01	104.258
1770.94	103.715
1772.86	103.057
1774.79	102.175
1776.72	101.481
1778.65	101.051
1780.58	100.738
1782.51	100.508
1784.44	100.333
1786.37	100.155
1788.3	100.024
1790.23	99.9697
1792.16	99.8484
1794.08	99.522
1796.01	99.184
1797.94	99.0377
1799.87	99.0091
1801.8	98.8741
1803.73	98.6591
1805.66	98.5419
1807.59	98.5139
1809.52	98.4757
1811.45	98.3963
1813.38	98.3053
1815.31	98.2509
1817.23	98.253
1819.16	98.2888
1821.09	98.3412
1823.02	98.3818
1824.95	98.3655
1826.88	98.3331
1828.81	98.342
1830.74	98.3555
1832.67	98.353
1834.6	98.3433
1836.53	98.2774
1838.45	98.1522
1840.38	98.0759
1842.31	98.1355
1844.24	98.304
1846.17	98.3965
1848.1	98.3209
1850.03	98.203
1851.96	98.1765
1853.89	98.2796
1855.82	98.4501
1857.75	98.548
1859.68	98.4912
1861.6	98.4027
1863.53	98.4533
1865.46	98.6258
1867.39	98.7475
1869.32	98.6594
1871.25	98.4513
1873.18	98.3312
1875.11	98.3185
1877.04	98.3374
1878.97	98.3851
1880.9	98.4662
1882.82	98.4963
1884.75	98.4551
1886.68	98.4447
1888.61	98.4628
1890.54	98.4089
1892.47	98.3775
1894.4	98.5239
1896.33	98.7231
1898.26	98.7821
1900.19	98.7773
1902.12	98.7912
1904.05	98.7583
1905.97	98.7501
1907.9	98.8692
1909.83	98.9828
1911.76	99.0234
1913.69	99.1254
1915.62	99.2042
1917.55	99.041
1919.48	98.7942
1921.41	98.7596
1923.34	98.833
1925.27	98.8094
1927.19	98.8063
1929.12	99.0218
1931.05	99.339
1932.98	99.4329
1934.91	99.2221
1936.84	98.9896
1938.77	98.9969
1940.7	99.1743
1942.63	99.2979
1944.56	99.3211
1946.49	99.3403
1948.41	99.3776
1950.34	99.4577
1952.27	99.5925
1954.2	99.6242
1956.13	99.4549
1958.06	99.2767
1959.99	99.2828
1961.92	99.4746
1963.85	99.7379
1965.78	99.8104
1967.71	99.5663
1969.64	99.4012
1971.56	99.6556
1973.49	100.076
1975.42	100.311
1977.35	100.29
1979.28	100.021
1981.21	99.6645
1983.14	99.5488
1985.07	99.731
1987	99.9505
1988.93	100.029
1990.86	99.952
1992.78	99.8214
1994.71	99.8528
1996.64	100.016
1998.57	99.9961
2000.5	99.8012
2002.43	99.839
2004.36	100.153
2006.29	100.361
2008.22	100.347
2010.15	100.286
2012.08	100.225
2014.01	100.125
2015.93	99.9786
2017.86	99.8113
2019.79	99.7551
2021.72	99.8682
2023.65	99.9585
2025.58	99.9324
2027.51	99.9675
2029.44	100.123
2031.37	100.234
2033.3	100.177
2035.23	99.9595
2037.15	99.7291
2039.08	99.6965
2041.01	99.8805
2042.94	100.119
2044.87	100.311
2046.8	100.386
2048.73	100.249
2050.66	99.9308
2052.59	99.6115
2054.52	99.5012
2056.45	99.6805
2058.37	99.901
2060.3	99.8239
2062.23	99.5548
2064.16	99.4503
2066.09	99.5162
2068.02	99.5717
2069.95	99.6972
2071.88	99.9421
2073.81	100.042
2075.74	99.845
2077.67	99.5831
2079.6	99.4892
2081.52	99.5262
2083.45	99.5646
2085.38	99.5712
2087.31	99.5503
2089.24	99.461
2091.17	99.3448
2093.1	99.3994
2095.03	99.6784
2096.96	99.8987
2098.89	99.8395
2100.82	99.6403
2102.74	99.4683
2104.67	99.3124
2106.6	99.1976
2108.53	99.2014
2110.46	99.2918
2112.39	99.4156
2114.32	99.5932
2116.25	99.7959
2118.18	99.9133
2120.11	99.8731
2122.04	99.6991
2123.97	99.5285
2125.89	99.5295
2127.82	99.6425
2129.75	99.6041
2131.68	99.4425
2133.61	99.5321
2135.54	99.9007
2137.47	100.085
2139.4	99.942
2141.33	99.8659
2143.26	100.032
2145.19	100.183
2147.11	100.223
2149.04	100.302
2150.97	100.362
2152.9	100.251
2154.83	100.133
2156.76	100.187
2158.69	100.218
2160.62	100.105
2162.55	100.088
2164.48	100.199
2166.41	100.129
2168.33	99.8332
2170.26	99.6176
2172.19	99.6697
2174.12	99.8829
2176.05	100.035
2177.98	100.047
2179.91	100.024
2181.84	99.9801
2183.77	99.8257
2185.7	99.7256
2187.63	99.9385
2189.56	100.31
2191.48	100.468
2193.41	100.356
2195.34	100.151
2197.27	99.9662
2199.2	99.9104
2201.13	100.016
2203.06	100.108
2204.99	100.129
2206.92	100.308
2208.85	100.587
2210.78	100.511
2212.7	100.097
2214.63	99.8997
2216.56	100.024
2218.49	100.063
2220.42	99.936
2222.35	99.921
2224.28	100.077
2226.21	100.227
2228.14	100.211
2230.07	100.013
2232	99.7769
2233.93	99.6202
2235.85	99.5058
2237.78	99.4494
2239.71	99.5431
2241.64	99.6975
2243.57	99.7493
2245.5	99.7423
2247.43	99.7989
2249.36	99.9182
2251.29	100.044
2253.22	100.112
2255.15	100.089
2257.07	100.107
2259	100.302
2260.93	100.477
2262.86	100.351
2264.79	100.055
2266.72	99.9429
2268.65	100.031
2270.58	100.073
2272.51	99.9885
2274.44	99.8993
2276.37	99.8583
2278.29	99.8063
2280.22	99.7476
2282.15	99.7603
2284.08	99.8231
2286.01	99.8447
2287.94	99.8556
2289.87	99.9494
2291.8	100.088
2293.73	100.17
2295.66	100.224
2297.59	100.394
2299.52	100.711
2301.44	101.009
2303.37	101.19
2305.3	101.432
2307.23	101.907
2309.16	102.467
2311.09	102.855
2313.02	103.073
2314.95	103.345
2316.88	103.858
2318.81	104.576
2320.74	105.227
2322.66	105.617
2324.59	105.951
2326.52	106.475
2328.45	107.082
2330.38	107.498
2332.31	107.68
2334.24	107.874
2336.17	108.193
2338.1	108.452
2340.03	108.576
2341.96	108.666
2343.89	108.311
2345.81	107.141
2347.74	106.026
2349.67	105.789
2351.6	106.621
2353.53	108.418
2355.46	110.442
2357.39	111.787
2359.32	112.266
2361.25	112.1
2363.18	111.563
2365.11	110.714
2367.03	109.587
2368.96	108.234
2370.89	106.654
2372.82	105.081
2374.75	103.741
2376.68	102.535
2378.61	101.395
2380.54	100.464
2382.47	99.7796
2384.4	99.2141
2386.33	98.7269
2388.26	98.4107
2390.18	98.2979
2392.11	98.2742
2394.04	98.21
2395.97	98.094
2397.9	97.9898
2399.83	97.9199
2401.76	97.8924
2403.69	97.9812
2405.62	98.2125
2407.55	98.4157
2409.48	98.3886
2411.4	98.1777
2413.33	98.023
2415.26	98.0548
2417.19	98.1605
2419.12	98.1659
2421.05	98.0766
2422.98	98.0311
2424.91	98.0534
2426.84	98.0277
2428.77	97.924
2430.7	97.8603
2432.62	97.9014
2434.55	97.9602
2436.48	97.9681
2438.41	97.9939
2440.34	98.0918
2442.27	98.1821
2444.2	98.1946
2446.13	98.1721
2448.06	98.1443
2449.99	98.0692
2451.92	97.9498
2453.85	97.8785
2455.77	97.9243
2457.7	98.0186
2459.63	98.0229
2461.56	97.9492
2463.49	97.9586
2465.42	98.0599
2467.35	98.0572
2469.28	97.8914
2471.21	97.7691
2473.14	97.8727
2475.07	98.1247
2476.99	98.3036
2478.92	98.3287
2480.85	98.3155
2482.78	98.3305
2484.71	98.2962
2486.64	98.1811
2488.57	98.0686
2490.5	98.0452
2492.43	98.1492
2494.36	98.3436
2496.29	98.5158
2498.22	98.5836
2500.14	98.5345
2502.07	98.402
2504	98.302
2505.93	98.3276
2507.86	98.3869
2509.79	98.3555
2511.72	98.2768
2513.65	98.2452
2515.58	98.2742
2517.51	98.3438
2519.44	98.4248
2521.36	98.4751
2523.29	98.444
2525.22	98.2866
2527.15	98.0781
2529.08	98.0281
2531.01	98.2184
2532.94	98.4675
2534.87	98.5512
2536.8	98.4226
2538.73	98.2469
2540.66	98.2531
2542.58	98.4222
2544.51	98.4915
2546.44	98.3943
2548.37	98.3134
2550.3	98.2749
2552.23	98.2046
2554.16	98.228
2556.09	98.3954
2558.02	98.4558
2559.95	98.317
2561.88	98.2443
2563.81	98.3427
2565.73	98.385
2567.66	98.2766
2569.59	98.1955
2571.52	98.2233
2573.45	98.2464
2575.38	98.2352
2577.31	98.3055
2579.24	98.486
2581.17	98.6524
2583.1	98.7071
2585.03	98.6857
2586.95	98.6826
2588.88	98.714
2590.81	98.6695
2592.74	98.4775
2594.67	98.2657
2596.6	98.1979
2598.53	98.25
2600.46	98.2904
2602.39	98.2466
2604.32	98.1335
2606.25	98.0501
2608.18	98.0893
2610.1	98.1774
2612.03	98.1614
2613.96	98.0611
2615.89	98.0158
2617.82	98.0192
2619.75	97.9449
2621.68	97.7996
2623.61	97.7283
2625.54	97.7886
2627.47	97.903
2629.4	97.9796
2631.32	97.9491
2633.25	97.8185
2635.18	97.7388
2637.11	97.8077
2639.04	97.8854
2640.97	97.8405
2642.9	97.7582
2644.83	97.7125
2646.76	97.6526
2648.69	97.5896
2650.62	97.5756
2652.54	97.5608
2654.47	97.5125
2656.4	97.5022
2658.33	97.5422
2660.26	97.5379
2662.19	97.4473
2664.12	97.3349
2666.05	97.2752
2667.98	97.2769
2669.91	97.2918
2671.84	97.2861
2673.77	97.2718
2675.69	97.2625
2677.62	97.2692
2679.55	97.3087
2681.48	97.3437
2683.41	97.3226
2685.34	97.2952
2687.27	97.3152
2689.2	97.3038
2691.13	97.2108
2693.06	97.1438
2694.99	97.1657
2696.91	97.1755
2698.84	97.103
2700.77	97.0304
2702.7	97.0378
2704.63	97.0705
2706.56	97.0442
2708.49	96.9943
2710.42	97.0063
2712.35	97.0637
2714.28	97.0959
2716.21	97.0903
2718.14	97.0483
2720.06	96.9588
2721.99	96.8752
2723.92	96.8676
2725.85	96.9035
2727.78	96.9081
2729.71	96.8814
2731.64	96.8561
2733.57	96.8247
2735.5	96.7727
2737.43	96.7142
2739.36	96.6775
2741.28	96.6868
2743.21	96.7302
2745.14	96.7576
2747.07	96.7513
2749	96.7461
2750.93	96.7693
2752.86	96.8349
2754.79	96.939
2756.72	97.0075
2758.65	96.9749
2760.58	96.9017
2762.51	96.8655
2764.43	96.836
2766.36	96.7769
2768.29	96.7233
2770.22	96.7004
2772.15	96.6947
2774.08	96.7106
2776.01	96.7692
2777.94	96.8357
2779.87	96.811
2781.8	96.6895
2783.73	96.6159
2785.65	96.63
2787.58	96.5779
2789.51	96.439
2791.44	96.4021
2793.37	96.5141
2795.3	96.6178
2797.23	96.6306
2799.16	96.5989
2801.09	96.5754
2803.02	96.5771
2804.95	96.5547
2806.87	96.4489
2808.8	96.3243
2810.73	96.2725
2812.66	96.231
2814.59	96.1304
2816.52	96.0691
2818.45	96.1159
2820.38	96.1564
2822.31	96.0866
2824.24	95.939
2826.17	95.7852
2828.1	95.6846
2830.02	95.6457
2831.95	95.5858
2833.88	95.4714
2835.81	95.3669
2837.74	95.2426
2839.67	95.0295
2841.6	94.8277
2843.53	94.7131
2845.46	94.5698
2847.39	94.3641
2849.32	94.185
2851.24	93.956
2853.17	93.5598
2855.1	93.0737
2857.03	92.5763
2858.96	92.0583
2860.89	91.5852
2862.82	91.2285
2864.75	90.9614
2866.68	90.7583
2868.61	90.5716
2870.54	90.3098
2872.47	90.0511
2874.39	90.0215
2876.32	90.2678
2878.25	90.6313
2880.18	90.9692
2882.11	91.2056
2884.04	91.3415
2885.97	91.4743
2887.9	91.6517
2889.83	91.8098
2891.76	91.914
2893.69	91.9822
2895.61	92.0142
2897.54	92.0213
2899.47	92.0195
2901.4	92.0144
2903.33	92.0479
2905.26	92.0929
2907.19	91.991
2909.12	91.745
2911.05	91.6122
2912.98	91.6725
2914.91	91.6737
2916.83	91.4635
2918.76	91.175
2920.69	90.8426
2922.62	90.2715
2924.55	89.4764
2926.48	88.8073
2928.41	88.4351
2930.34	88.1963
2932.27	88.0852
2934.2	88.2934
2936.13	88.7055
2938.06	89.0202
2939.98	89.2885
2941.91	89.7012
2943.84	90.0949
2945.77	90.1686
2947.7	89.8775
2949.63	89.3413
2951.56	88.6812
2953.49	88.0362
2955.42	87.4604
2957.35	86.9009
2959.28	86.5097
2961.2	86.6606
2963.13	87.4581
2965.06	88.6821
2966.99	90.2312
2968.92	91.9344
2970.85	93.1023
2972.78	93.2591
2974.71	92.9448
2976.64	92.8695
2978.57	93.0526
2980.5	93.2832
2982.43	93.5617
2984.35	93.8983
2986.28	94.3131
2988.21	94.8724
2990.14	95.4244
2992.07	95.763
2994	96.0349
2995.93	96.4594
2997.86	96.921
2999.79	97.2472
3001.72	97.5022
3003.65	97.7689
3005.57	97.979
3007.5	98.0559
3009.43	98.0464
3011.36	98.1139
3013.29	98.4154
3015.22	98.8731
3017.15	99.1438
3019.08	99.0333
3021.01	98.7844
3022.94	98.6884
3024.87	98.7171
3026.79	98.7848
3028.72	98.9554
3030.65	99.1821
3032.58	99.2543
3034.51	99.0905
3036.44	98.793
3038.37	98.4926
3040.3	98.2785
3042.23	98.1373
3044.16	97.9915
3046.09	97.8536
3048.02	97.7911
3049.94	97.8174
3051.87	97.9378
3053.8	98.1107
3055.73	98.1853
3057.66	98.107
3059.59	98.0157
3061.52	97.9903
3063.45	97.9734
3065.38	97.968
3067.31	98.0318
3069.24	98.1157
3071.16	98.1175
3073.09	98.0396
3075.02	97.9501
3076.95	97.8668
3078.88	97.8229
3080.81	97.8648
3082.74	97.8503
3084.67	97.6272
3086.6	97.4335
3088.53	97.5216
3090.46	97.6101
3092.39	97.422
3094.31	97.2294
3096.24	97.2337
3098.17	97.2104
3100.1	97.1135
3102.03	97.1514
3103.96	97.2878
3105.89	97.3491
3107.82	97.3287
3109.75	97.2676
3111.68	97.208
3113.61	97.2168
3115.53	97.2181
3117.46	97.0801
3119.39	96.9099
3121.32	96.9158
3123.25	97.0539
3125.18	97.0946
3127.11	96.9801
3129.04	96.8668
3130.97	96.8356
3132.9	96.8515
3134.83	96.9654
3136.75	97.2131
3138.68	97.4446
3140.61	97.5452
3142.54	97.5405
3144.47	97.4183
3146.4	97.2378
3148.33	97.1936
3150.26	97.2339
3152.19	97.1142
3154.12	96.9393
3156.05	96.9843
3157.98	97.1523
3159.9	97.2182
3161.83	97.2118
3163.76	97.1755
3165.69	97.0775
3167.62	97.0145
3169.55	97.0245
3171.48	96.9645
3173.41	96.8581
3175.34	96.8901
3177.27	97.0148
3179.2	97.065
3181.12	97.0649
3183.05	97.068
3184.98	97.0112
3186.91	96.8883
3188.84	96.7633
3190.77	96.6729
3192.7	96.67
3194.63	96.788
3196.56	96.9709
3198.49	97.1402
3200.42	97.2031
3202.35	97.0872
3204.27	96.8881
3206.2	96.7705
3208.13	96.7584
3210.06	96.8185
3211.99	96.906
3213.92	96.8859
3215.85	96.7534
3217.78	96.7203
3219.71	96.8174
3221.64	96.8689
3223.57	96.9202
3225.49	97.0973
3227.42	97.1816
3229.35	96.9487
3231.28	96.6704
3233.21	96.7059
3235.14	96.9262
3237.07	96.9876
3239	96.8442
3240.93	96.6712
3242.86	96.5752
3244.79	96.5683
3246.72	96.5822
3248.64	96.5247
3250.57	96.4296
3252.5	96.3613
3254.43	96.2842
3256.36	96.2547
3258.29	96.4027
3260.22	96.6157
3262.15	96.7177
3264.08	96.7853
3266.01	96.8206
3267.94	96.6214
3269.86	96.3111
3271.79	96.2768
3273.72	96.4891
3275.65	96.589
3277.58	96.4926
3279.51	96.348
3281.44	96.2347
3283.37	96.226
3285.3	96.3428
3287.23	96.4379
3289.16	96.431
3291.08	96.4171
3293.01	96.4099
3294.94	96.3254
3296.87	96.1809
3298.8	96.0465
3300.73	95.959
3302.66	95.9515
3304.59	95.992
3306.52	96.0076
3308.45	96.0203
3310.38	96.0415
3312.31	95.9651
3314.23	95.806
3316.16	95.7742
3318.09	95.9242
3320.02	96.011
3321.95	95.8403
3323.88	95.5843
3325.81	95.559
3327.74	95.7488
3329.67	95.8299
3331.6	95.7059
3333.53	95.6085
3335.45	95.6111
3337.38	95.5409
3339.31	95.386
3341.24	95.3241
3343.17	95.4103
3345.1	95.5401
3347.03	95.5803
3348.96	95.457
3350.89	95.2912
3352.82	95.2845
3354.75	95.3773
3356.68	95.378
3358.6	95.3502
3360.53	95.42
3362.46	95.4655
3364.39	95.3771
3366.32	95.2473
3368.25	95.1595
3370.18	95.1677
3372.11	95.3086
3374.04	95.3787
3375.97	95.1838
3377.9	95.0031
3379.82	95.1602
3381.75	95.4278
3383.68	95.4445
3385.61	95.2821
3387.54	95.1855
3389.47	95.1843
3391.4	95.1748
3393.33	95.0781
3395.26	94.9138
3397.19	94.8183
3399.12	94.8633
3401.04	94.9188
3402.97	94.8755
3404.9	94.8401
3406.83	94.9171
3408.76	94.9869
3410.69	94.9179
3412.62	94.82
3414.55	94.8615
3416.48	94.987
3418.41	95.0515
3420.34	95.0778
3422.27	95.1239
3424.19	95.0736
3426.12	94.8696
3428.05	94.7121
3429.98	94.7819
3431.91	94.9836
3433.84	95.1072
3435.77	95.0944
3437.7	95.0607
3439.63	95.0876
3441.56	95.0908
3443.49	95.0539
3445.41	95.185
3447.34	95.4989
3449.27	95.6099
3451.2	95.4037
3453.13	95.2674
3455.06	95.3524
3456.99	95.3979
3458.92	95.3302
3460.85	95.299
3462.78	95.2938
3464.71	95.2536
3466.64	95.2109
3468.56	95.1788
3470.49	95.1788
3472.42	95.186
3474.35	95.0529
3476.28	94.8291
3478.21	94.806
3480.14	95.0247
3482.07	95.2522
3484	95.3547
3485.93	95.3046
3487.86	95.1046
3489.78	94.8603
3491.71	94.6308
3493.64	94.4334
3495.57	94.4497
3497.5	94.7179
3499.43	94.9179
3501.36	94.9252
3503.29	94.9499
3505.22	94.9833
3507.15	94.8434
3509.08	94.6568
3511	94.6685
3512.93	94.8382
3514.86	94.974
3516.79	94.969
3518.72	94.7886
3520.65	94.566
3522.58	94.5865
3524.51	94.8799
3526.44	95.0822
3528.37	94.9998
3530.3	94.8305
3532.23	94.7056
3534.15	94.6267
3536.08	94.6693
3538.01	94.7418
3539.94	94.6338
3541.87	94.5102
3543.8	94.6063
3545.73	94.6537
3547.66	94.429
3549.59	94.3464
3551.52	94.6455
3553.45	94.9784
3555.37	95.0672
3557.3	95.0406
3559.23	95.0004
3561.16	94.9754
3563.09	95.0997
3565.02	95.3819
3566.95	95.5189
3568.88	95.3059
3570.81	95.0883
3572.74	95.1838
3574.67	95.5429
3576.6	95.8341
3578.52	95.8371
3580.45	95.7722
3582.38	95.9334
3584.31	96.2346
3586.24	96.4318
3588.17	96.4817
3590.1	96.4741
3592.03	96.4045
3593.96	96.326
3595.89	96.4506
3597.82	96.8067
3599.74	97.1258
3601.67	97.2595
3603.6	97.3597
3605.53	97.4887
3607.46	97.4252
3609.39	97.1807
3611.32	97.1746
3613.25	97.4041
3615.18	97.4698
3617.11	97.4253
3619.04	97.5997
3620.97	97.828
3622.89	97.8369
3624.82	97.8843
3626.75	98.1556
3628.68	98.2214
3630.61	97.6822
3632.54	97.2295
3634.47	97.2794
3636.4	97.5277
3638.33	97.6385
3640.26	97.7103
3642.19	97.9141
3644.11	98.1425
3646.04	98.3202
3647.97	98.5476
3649.9	98.6776
3651.83	98.5038
3653.76	98.2482
3655.69	97.9693
3657.62	97.6008
3659.55	97.3022
3661.48	97.2931
3663.41	97.5608
3665.33	97.8381
3667.26	97.9965
3669.19	98.253
3671.12	98.6259
3673.05	98.6776
3674.98	98.3609
3676.91	98.1581
3678.84	98.1888
3680.77	98.0701
3682.7	97.7851
3684.63	97.639
3686.56	97.8385
3688.48	98.2894
3690.41	98.5047
3692.34	98.3034
3694.27	98.1977
3696.2	98.3705
3698.13	98.5183
3700.06	98.5064
3701.99	98.5696
3703.92	98.6849
3705.85	98.6186
3707.78	98.513
3709.7	98.5099
3711.63	98.2834
3713.56	97.8024
3715.49	97.6576
3717.42	97.9724
3719.35	98.3887
3721.28	98.5567
3723.21	98.5225
3725.14	98.5608
3727.07	98.7373
3729	98.9147
3730.93	99.0804
3732.85	99.3234
3734.78	99.492
3736.71	99.3099
3738.64	99.0184
3740.57	98.855
3742.5	98.675
3744.43	98.4357
3746.36	98.4594
3748.29	98.7164
3750.22	98.7717
3752.15	98.4576
3754.07	98.2472
3756	98.2764
3757.93	98.1879
3759.86	97.8788
3761.79	97.7839
3763.72	98.0157
3765.65	98.1536
3767.58	98.0132
3769.51	97.896
3771.44	97.9302
3773.37	97.9839
3775.29	98.0544
3777.22	98.0822
3779.15	97.898
3781.08	97.6666
3783.01	97.7206
3784.94	97.952
3786.87	97.9842
3788.8	97.7435
3790.73	97.5369
3792.66	97.5705
3794.59	97.761
3796.52	97.9737
3798.44	98.1837
3800.37	98.3055
3802.3	98.218
3804.23	98.0905
3806.16	98.0543
3808.09	97.9397
3810.02	97.7138
3811.95	97.606
3813.88	97.7412
3815.81	98.0212
3817.74	98.1584
3819.66	98.1054
3821.59	98.0642
3823.52	98.0852
3825.45	98.0667
3827.38	98.0319
3829.31	98.0516
3831.24	98.0844
3833.17	98.0631
3835.1	98.0415
3837.03	98.1164
3838.96	98.2275
3840.89	98.1665
3842.81	97.9177
3844.74	97.699
3846.67	97.6983
3848.6	97.904
3850.53	98.2256
3852.46	98.5369
3854.39	98.4907
3856.32	98.1226
3858.25	97.8625
3860.18	97.7577
3862.11	97.666
3864.03	97.592
3865.96	97.7419
3867.89	98.0416
3869.82	98.0913
3871.75	97.851
3873.68	97.7855
3875.61	97.9273
3877.54	97.9095
3879.47	97.7031
3881.4	97.6226
3883.33	97.7121
3885.25	97.7496
3887.18	97.7674
3889.11	97.8952
3891.04	98.0103
3892.97	97.948
3894.9	97.831
3896.83	97.8635
3898.76	98.0295
3900.69	98.101
3902.62	97.9104
3904.55	97.6502
3906.48	97.5714
3908.4	97.6488
3910.33	97.7451
3912.26	97.7835
3914.19	97.7557
3916.12	97.7298
3918.05	97.7664
3919.98	97.7937
3921.91	97.7411
3923.84	97.6856
3925.77	97.7048
3927.7	97.7449
3929.62	97.7318
3931.55	97.6869
3933.48	97.7087
3935.41	97.8278
3937.34	97.9164
3939.27	97.8567
3941.2	97.6941
3943.13	97.5283
3945.06	97.3863
3946.99	97.3314
3948.92	97.4291
3950.85	97.5535
3952.77	97.5603
3954.7	97.5257
3956.63	97.5247
3958.56	97.4992
3960.49	97.4476
3962.42	97.4281
3964.35	97.4212
3966.28	97.43
3968.21	97.5097
3970.14	97.6047
3972.07	97.6192
3973.99	97.5733
3975.92	97.4904
3977.85	97.3706
3979.78	97.3175
3981.71	97.395
3983.64	97.4815
3985.57	97.4806
3987.5	97.4515
3989.43	97.4482
3991.36	97.4515
3993.29	97.4223
3995.22	97.3514
3997.14	97.3357
