499.643	87.2841
501.572	87.1463
503.501	87.7976
505.43	88.0067
507.36	88.0193
509.289	88.7221
511.218	89.727
513.147	90.1848
515.076	90.3492
517.005	90.5903
518.934	90.3592
520.863	89.6123
522.792	89.2028
524.722	89.3115
526.651	89.306
528.58	88.9548
530.509	88.6158
532.438	88.5469
534.367	88.812
536.296	89.271
538.225	89.5986
540.155	89.7157
542.084	89.892
544.013	90.2581
545.942	90.6711
547.871	90.9637
549.8	90.9545
551.729	90.5743
553.658	90.1939
555.588	90.2508
557.517	90.6037
559.446	90.8681
561.375	91.0155
563.304	91.0612
565.233	90.8828
567.162	90.6991
569.091	90.8122
571.021	90.9317
572.95	90.6877
574.879	90.3316
576.808	90.244
578.737	90.3497
580.666	90.3715
582.595	90.136
584.524	89.5931
586.454	88.8828
588.383	88.2501
590.312	87.7854
592.241	87.3903
594.17	87.0135
596.099	86.7717
598.028	86.7615
599.957	86.9026
601.887	87.1349
603.816	87.5983
605.745	88.2936
607.674	88.8725
609.603	89.1725
611.532	89.5235
613.461	90.083
615.39	90.4677
617.32	90.4386
619.249	90.3591
621.178	90.5315
623.107	90.7298
625.036	90.6808
626.965	90.4672
628.894	90.2721
630.823	90.0602
632.753	89.7191
634.682	89.2956
636.611	88.885
638.54	88.365
640.469	87.4793
642.398	86.2344
644.327	84.9449
646.256	83.7723
648.186	82.6714
650.115	81.8254
652.044	81.5106
653.973	81.731
655.902	82.2745
657.831	82.9402
659.76	83.8269
661.689	84.9994
663.619	86.1555
665.548	87.462
667.477	89.5866
669.406	91.4943
671.335	91.8804
673.264	92.106
675.193	92.7362
677.122	93.3222
679.052	93.6392
680.981	93.8751
682.91	93.9994
684.839	93.996
686.768	93.9995
688.697	94.0361
690.626	94.1067
692.555	94.2254
694.485	94.3099
696.414	94.3279
698.343	94.3333
700.272	94.2868
702.201	94.1842
704.13	94.1742
706.059	94.2768
707.988	94.322
709.917	94.2823
711.847	94.2672
713.776	94.2618
715.705	94.2425
717.634	94.313
719.563	94.4411
721.492	94.4024
723.421	94.1951
725.35	94.0707
727.28	94.0949
729.209	94.077
731.138	93.8935
733.067	93.6075
734.996	93.3047
736.925	93.011
738.854	92.7594
740.783	92.6336
742.713	92.6806
744.642	92.8188
746.571	92.9336
748.5	93.0192
750.429	93.1239
752.358	93.2463
754.287	93.3766
756.216	93.5191
758.146	93.6419
760.075	93.7241
762.004	93.8068
763.933	93.9153
765.862	94.0207
767.791	94.0904
769.72	94.0974
771.649	94.0404
773.579	93.9798
775.508	93.9604
777.437	93.9378
779.366	93.8662
781.295	93.7662
783.224	93.6571
785.153	93.5183
787.082	93.3293
789.012	93.0769
790.941	92.729
792.87	92.2453
794.799	91.609
796.728	90.8147
798.657	89.8168
800.586	88.522
802.515	86.8252
804.445	84.5753
806.374	81.5827
808.303	77.9151
810.232	74.2745
812.161	71.8383
814.09	71.4875
816.019	73.1865
817.948	76.1063
819.878	79.2568
821.807	82.018
823.736	84.1983
825.665	85.8211
827.594	87.0011
829.523	87.884
831.452	88.532
833.381	88.9151
835.311	89.0289
837.24	88.9116
839.169	88.5747
841.098	88.0378
843.027	87.4048
844.956	86.8502
846.885	86.5435
848.814	86.5383
850.744	86.7256
852.673	86.9934
854.602	87.3664
856.531	87.8649
858.46	88.3726
860.389	88.7674
862.318	89.0299
864.247	89.1594
866.177	89.1227
868.106	88.9066
870.035	88.5314
871.964	88.0309
873.893	87.4444
875.822	86.7936
877.751	86.0976
879.68	85.4473
881.609	84.9943
883.539	84.8165
885.468	84.8452
887.397	84.9449
889.326	85.0121
891.255	85.0078
893.184	84.9706
895.113	85.0095
897.042	85.2367
898.972	85.7116
900.901	86.4588
902.83	87.4588
904.759	88.5719
906.688	89.5555
908.617	90.2364
910.546	90.619
912.475	90.7635
914.405	90.6563
916.334	90.2749
918.263	89.6481
920.192	88.754
922.121	87.4808
924.05	85.7446
925.979	83.5231
927.908	80.765
929.838	77.4349
931.767	73.7018
933.696	69.9886
935.625	66.7798
937.554	64.412
939.483	63.0336
941.412	62.6481
943.341	63.0993
945.271	64.1057
947.2	65.4412
949.129	67.0349
951.058	68.8408
952.987	70.7312
954.916	72.5693
956.845	74.2673
958.774	75.7746
960.704	77.1517
962.633	78.6305
964.562	80.4201
966.491	82.45
968.42	84.4439
970.349	86.181
972.278	87.5557
974.207	88.5194
976.137	89.1023
978.066	89.3839
979.995	89.3881
981.924	89.0972
983.853	88.545
985.782	87.8435
987.711	87.1688
989.64	86.6828
991.57	86.3843
993.499	86.0919
995.428	85.5672
997.357	84.5725
999.286	82.9793
1001.22	81.0338
1003.14	79.3303
1005.07	78.295
1007	77.8779
1008.93	77.8847
1010.86	78.3145
1012.79	79.1561
1014.72	80.1036
1016.65	80.7234
1018.58	80.7777
1020.51	80.2528
1022.44	79.2029
1024.36	77.742
1026.29	76.1804
1028.22	74.9583
1030.15	74.2567
1032.08	73.7994
1034.01	73.2248
1035.94	72.4942
1037.87	71.7911
1039.8	71.2613
1041.73	71.0034
1043.66	71.1036
1045.58	71.5637
1047.51	72.288
1049.44	73.1315
1051.37	73.9103
1053.3	74.4566
1055.23	74.7583
1057.16	75.0012
1059.09	75.3978
1061.02	75.9649
1062.95	76.4875
1064.88	76.7016
1066.81	76.5482
1068.73	76.2889
1070.66	76.3247
1072.59	76.8617
1074.52	77.7964
1076.45	78.8975
1078.38	79.9978
1080.31	81.0185
1082.24	81.9026
1084.17	82.5684
1086.1	82.955
1088.03	83.094
1089.95	83.0339
1091.88	82.714
1093.81	82.0489
1095.74	81.106
1097.67	80.0581
1099.6	79.0023
1101.53	77.9173
1103.46	76.7408
1105.39	75.4399
1107.32	74.0344
1109.25	72.5479
1111.18	70.9529
1113.1	69.23
1115.03	67.4368
1116.96	65.6334
1118.89	63.819
1120.82	62.0031
1122.75	60.2406
1124.68	58.557
1126.61	56.8932
1128.54	55.108
1130.47	53.0201
1132.4	50.4896
1134.32	47.4908
1136.25	44.1525
1138.18	40.7608
1140.11	37.677
1142.04	35.2119
1143.97	33.551
1145.9	32.7368
1147.83	32.7077
1149.76	33.372
1151.69	34.623
1153.62	36.3206
1155.55	38.328
1157.47	40.5431
1159.4	42.8596
1161.33	45.1471
1163.26	47.2895
1165.19	49.1984
1167.12	50.8111
1169.05	52.142
1170.98	53.3033
1172.91	54.4107
1174.84	55.5184
1176.77	56.6842
1178.69	58.0026
1180.62	59.5313
1182.55	61.2687
1184.48	63.2028
1186.41	65.3227
1188.34	67.6193
1190.27	70.0867
1192.2	72.6972
1194.13	75.4314
1196.06	78.3115
1197.99	81.3161
1199.91	84.3375
1201.84	87.2201
1203.77	89.7286
1205.7	91.6931
1207.63	93.2369
1209.56	94.5867
1211.49	96.0535
1213.42	98.2056
1215.35	100.854
1217.28	102.164
1219.21	101.044
1221.14	99.4089
1223.06	99.3219
1224.99	100.445
1226.92	101.373
1228.85	101.526
1230.78	100.864
1232.71	99.3081
1234.64	97.0895
1236.57	94.6658
1238.5	92.3684
1240.43	90.4105
1242.36	88.8739
1244.28	87.7206
1246.21	86.9507
1248.14	86.5837
1250.07	86.5336
1252	86.655
1253.93	86.8318
1255.86	86.9866
1257.79	87.0607
1259.72	86.9925
1261.65	86.7527
1263.58	86.3828
1265.51	85.9253
1267.43	85.3736
1269.36	84.7162
1271.29	83.9584
1273.22	83.1341
1275.15	82.3094
1277.08	81.4913
1279.01	80.5319
1280.94	79.1682
1282.87	77.1286
1284.8	74.1607
1286.73	70.1
1288.65	65.2544
1290.58	60.7116
1292.51	57.824
1294.44	57.3457
1296.37	59.1508
1298.3	62.4548
1300.23	66.1954
1302.16	69.4857
1304.09	71.8792
1306.02	73.2113
1307.95	73.4223
1309.87	72.7117
1311.8	71.6552
1313.73	70.9374
1315.66	70.8012
1317.59	70.9458
1319.52	71.176
1321.45	71.7588
1323.38	72.9761
1325.31	74.8083
1327.24	77.0554
1329.17	79.5148
1331.1	82.084
1333.02	84.5902
1334.95	86.7665
1336.88	88.5627
1338.81	90.0741
1340.74	91.3048
1342.67	92.4146
1344.6	93.7417
1346.53	95.3942
1348.46	97.1717
1350.39	98.7882
1352.32	100.015
1354.24	100.728
1356.17	101.005
1358.1	101.086
1360.03	101.198
1361.96	101.352
1363.89	101.031
1365.82	99.7802
1367.75	98.2279
1369.68	97.5403
1371.61	97.8052
1373.54	97.7568
1375.47	96.6622
1377.39	95.3468
1379.32	94.5063
1381.25	94.0468
1383.18	93.8193
1385.11	93.6531
1387.04	93.2373
1388.97	92.5602
1390.9	91.9057
1392.83	91.2577
1394.76	90.4888
1396.69	89.5588
1398.61	88.4164
1400.54	87.2989
1402.47	86.6247
1404.4	86.5044
1406.33	86.8306
1408.26	87.4286
1410.19	88.1802
1412.12	89.028
1414.05	89.8595
1415.98	90.6273
1417.91	91.2814
1419.83	91.6449
1421.76	91.7449
1423.69	91.6808
1425.62	91.4641
1427.55	91.121
1429.48	90.5095
1431.41	89.5986
1433.34	88.6851
1435.27	87.7276
1437.2	86.531
1439.13	85.5567
1441.06	85.0259
1442.98	84.6015
1444.91	84.0553
1446.84	83.2346
1448.77	81.9872
1450.7	80.753
1452.63	80.2903
1454.56	80.7583
1456.49	82.0783
1458.42	83.5965
1460.35	84.6187
1462.28	85.6191
1464.2	86.8732
1466.13	88.0483
1468.06	88.952
1469.99	89.9534
1471.92	91.1384
1473.85	91.9322
1475.78	92.1896
1477.71	92.4445
1479.64	92.8471
1481.57	93.3377
1483.5	93.8582
1485.43	94.3956
1487.35	94.9833
1489.28	95.4801
1491.21	95.6552
1493.14	95.7638
1495.07	96.0775
1497	96.4851
1498.93	96.6811
1500.86	96.7377
1502.79	96.9057
1504.72	97.2721
1506.65	97.6804
1508.57	97.6235
1510.5	97.3624
1512.43	97.2937
1514.36	97.4159
1516.29	97.6146
1518.22	97.7818
1520.15	97.8422
1522.08	97.7661
1524.01	97.6801
1525.94	97.6321
1527.87	97.5595
1529.8	97.5164
1531.72	97.5699
1533.65	97.6378
1535.58	97.6624
1537.51	97.7905
1539.44	98.0768
1541.37	98.1389
1543.3	97.8095
1545.23	97.5149
1547.16	97.4009
1549.09	97.417
1551.02	97.4271
1552.94	97.3881
1554.87	97.4608
1556.8	97.7309
1558.73	97.8592
1560.66	97.5081
1562.59	97.1851
1564.52	97.0562
1566.45	97.0785
1568.38	97.1351
1570.31	97.0323
1572.24	96.8976
1574.16	96.924
1576.09	96.9329
1578.02	96.6898
1579.95	96.4491
1581.88	96.36
1583.81	96.3212
1585.74	96.2603
1587.67	96.1832
1589.6	96.1013
1591.53	96.0352
1593.46	95.9884
1595.39	95.9219
1597.31	95.813
1599.24	95.6911
1601.17	95.5758
1603.1	95.4236
1605.03	95.2304
1606.96	95.0731
1608.89	94.8984
1610.82	94.6049
1612.75	94.3522
1614.68	94.1871
1616.61	93.7364
1618.53	93.0017
1620.46	92.3938
1622.39	91.6724
1624.32	90.6372
1626.25	89.5745
1628.18	88.3362
1630.11	86.8263
1632.04	85.5326
1633.97	84.4248
1635.9	82.9559
1637.83	82.0722
1639.76	83.2111
1641.68	85.8309
1643.61	88.7552
1645.54	91.3761
1647.47	93.2965
1649.4	94.1881
1651.33	94.6411
1653.26	95.0914
1655.19	95.1402
1657.12	94.9819
1659.05	94.9925
1660.98	95.0521
1662.9	94.9036
1664.83	94.6709
1666.76	94.6242
1668.69	94.6988
1670.62	94.5572
1672.55	94.2156
1674.48	93.8345
1676.41	93.2424
1678.34	92.6216
1680.27	92.2786
1682.2	91.97
1684.12	91.3159
1686.05	90.5079
1687.98	89.6258
1689.91	88.5504
1691.84	87.3668
1693.77	85.8942
1695.7	83.973
1697.63	81.7777
1699.56	78.8113
1701.49	75.0487
1703.42	71.7496
1705.35	68.6534
1707.27	65.0807
1709.2	61.8744
1711.13	59.5157
1713.06	57.483
1714.99	55.9911
1716.92	55.395
1718.85	55.1761
1720.78	56.0049
1722.71	58.5785
1724.64	62.4971
1726.57	67.4315
1728.49	73.0792
1730.42	78.8898
1732.35	85.3108
1734.28	93.1085
1736.21	99.8431
1738.14	103.866
1740.07	106.513
1742	108.541
1743.93	109.686
1745.86	110.405
1747.79	111.157
1749.72	111.527
1751.64	111.416
1753.57	111.133
1755.5	110.553
1757.43	109.831
1759.36	109.233
1761.29	108.409
1763.22	107.192
1765.15	105.999
1767.08	105.002
1769.01	104.214
1770.94	103.676
1772.86	103.05
1774.79	102.194
1776.72	101.493
1778.65	101.042
1780.58	100.708
1782.51	100.477
1784.44	100.329
1786.37	100.172
1788.3	100.026
1790.23	99.9469
1792.16	99.8194
1794.08	99.494
1796.01	99.1547
1797.94	99.0107
1799.87	98.9871
1801.8	98.8631
1803.73	98.661
1805.66	98.5354
1807.59	98.4758
1809.52	98.4184
1811.45	98.3585
1813.38	98.3076
1815.31	98.2832
1817.23	98.2862
1819.16	98.2854
1821.09	98.2888
1823.02	98.3159
1824.95	98.3344
1826.88	98.334
1828.81	98.336
1830.74	98.3291
1832.67	98.3156
1834.6	98.2993
1836.53	98.2411
1838.45	98.1494
1840.38	98.1248
1842.31	98.2359
1844.24	98.3986
1846.17	98.3999
1848.1	98.2613
1850.03	98.1831
1851.96	98.2308
1853.89	98.3519
1855.82	98.4857
1857.75	98.525
1859.68	98.414
1861.6	98.3208
1863.53	98.4072
1865.46	98.5772
1867.39	98.6554
1869.32	98.5921
1871.25	98.4845
1873.18	98.4166
1875.11	98.3832
1877.04	98.3917
1878.97	98.4849
1880.9	98.6024
1882.82	98.5919
1884.75	98.472
1886.68	98.418
1888.61	98.4269
1890.54	98.3739
1892.47	98.3625
1894.4	98.5341
1896.33	98.7344
1898.26	98.7973
1900.19	98.8183
1902.12	98.8301
1904.05	98.7573
1905.97	98.7334
1907.9	98.8703
1909.83	98.9877
1911.76	99.0168
1913.69	99.1254
1915.62	99.2264
1917.55	99.064
1919.48	98.7752
1921.41	98.7029
1923.34	98.8068
1925.27	98.8586
1927.19	98.8939
1929.12	99.0933
1931.05	99.3824
1932.98	99.4724
1934.91	99.2799
1936.84	99.0322
1938.77	98.9502
1940.7	99.0434
1942.63	99.2116
1944.56	99.3672
1946.49	99.4502
1948.41	99.4598
1950.34	99.5025
1952.27	99.6157
1954.2	99.6071
1956.13	99.3869
1958.06	99.1996
1959.99	99.24
1961.92	99.4569
1963.85	99.735
1965.78	99.866
1967.71	99.6986
1969.64	99.5188
1971.56	99.6417
1973.49	99.9052
1975.42	100.072
1977.35	100.129
1979.28	100.014
1981.21	99.7315
1983.14	99.5738
1985.07	99.7135
1987	99.9463
1988.93	100.022
1990.86	99.8966
1992.78	99.7323
1994.71	99.7783
1996.64	99.9834
1998.57	99.9885
2000.5	99.7477
2002.43	99.6869
2004.36	99.9767
2006.29	100.297
2008.22	100.418
2010.15	100.414
2012.08	100.345
2014.01	100.165
2015.93	99.8648
2017.86	99.5916
2019.79	99.5706
2021.72	99.7467
2023.65	99.8327
2025.58	99.8113
2027.51	99.9187
2029.44	100.161
2031.37	100.324
2033.3	100.275
2035.23	100.023
2037.15	99.7253
2039.08	99.5934
2041.01	99.6742
2042.94	99.876
2044.87	100.095
2046.8	100.195
2048.73	100.09
2050.66	99.8376
2052.59	99.5717
2054.52	99.5135
2056.45	99.7623
2058.37	99.9475
2060.3	99.7112
2062.23	99.4021
2064.16	99.4614
2066.09	99.6511
2068.02	99.679
2069.95	99.7533
2071.88	99.936
2073.81	99.9233
2075.74	99.6827
2077.67	99.5079
2079.6	99.5236
2081.52	99.6244
2083.45	99.6834
2085.38	99.6494
2087.31	99.5548
2089.24	99.4267
2091.17	99.3091
2093.1	99.3709
2095.03	99.6597
2096.96	99.8741
2098.89	99.7882
2100.82	99.5739
2102.74	99.4045
2104.67	99.251
2106.6	99.1527
2108.53	99.2061
2110.46	99.3536
2112.39	99.494
2114.32	99.6365
2116.25	99.7891
2118.18	99.8675
2120.11	99.7934
2122.04	99.6053
2123.97	99.4494
2125.89	99.4483
2127.82	99.5513
2129.75	99.5799
2131.68	99.5112
2133.61	99.5563
2135.54	99.7875
2137.47	99.9493
2139.4	99.9008
2141.33	99.8784
2143.26	100.049
2145.19	100.236
2147.11	100.298
2149.04	100.342
2150.97	100.395
2152.9	100.329
2154.83	100.194
2156.76	100.185
2158.69	100.266
2160.62	100.241
2162.55	100.132
2164.48	100.091
2166.41	100.052
2168.33	99.868
2170.26	99.6626
2172.19	99.7051
2174.12	99.9404
2176.05	100.043
2177.98	99.9936
2179.91	100.036
2181.84	100.096
2183.77	99.967
2185.7	99.8809
2187.63	100.132
2189.56	100.478
2191.48	100.545
2193.41	100.388
2195.34	100.206
2197.27	100.021
2199.2	99.8801
2201.13	99.8787
2203.06	99.94
2204.99	100.008
2206.92	100.238
2208.85	100.545
2210.78	100.506
2212.7	100.118
2214.63	99.9004
2216.56	99.995
2218.49	100.071
2220.42	100.018
2222.35	99.9889
2224.28	100.043
2226.21	100.148
2228.14	100.182
2230.07	100.002
2232	99.7348
2233.93	99.6023
2235.85	99.5506
2237.78	99.4966
2239.71	99.5494
2241.64	99.6868
2243.57	99.7326
2245.5	99.7104
2247.43	99.7734
2249.36	99.9182
2251.29	100.027
2253.22	100.033
2255.15	100.004
2257.07	100.103
2259	100.347
2260.93	100.498
2262.86	100.397
2264.79	100.194
2266.72	100.093
2268.65	100.09
2270.58	100.088
2272.51	100.052
2274.44	100.003
2276.37	99.9372
2278.29	99.8175
2280.22	99.6712
2282.15	99.63
2284.08	99.7368
2286.01	99.8524
2287.94	99.8973
2289.87	99.9673
2291.8	100.085
2293.73	100.13
2295.66	100.138
2297.59	100.333
2299.52	100.726
2301.44	101.041
2303.37	101.182
2305.3	101.417
2307.23	101.933
2309.16	102.517
2311.09	102.884
2313.02	103.08
2314.95	103.373
2316.88	103.914
2318.81	104.613
2320.74	105.232
2322.66	105.651
2324.59	106.053
2326.52	106.604
2328.45	107.177
2330.38	107.572
2332.31	107.798
2334.24	108.012
2336.17	108.249
2338.1	108.407
2340.03	108.489
2341.96	108.574
2343.89	108.229
2345.81	107.044
2347.74	105.884
2349.67	105.657
2351.6	106.577
2353.53	108.42
2355.46	110.393
2357.39	111.782
2359.32	112.385
2361.25	112.254
2363.18	111.737
2365.11	110.848
2367.03	109.512
2368.96	108.061
2370.89	106.665
2372.82	105.264
2374.75	103.891
2376.68	102.588
2378.61	101.4
2380.54	100.437
2382.47	99.7189
2384.4	99.1352
2386.33	98.6456
2388.26	98.3327
2390.18	98.2247
2392.11	98.212
2394.04	98.1741
2395.97	98.0804
2397.9	97.969
2399.83	97.8989
2401.76	97.9069
2403.69	98.0064
2405.62	98.203
2407.55	98.4107
2409.48	98.432
2411.4	98.2132
2413.33	97.9978
2415.26	98.0165
2417.19	98.1783
2419.12	98.2484
2421.05	98.1771
2422.98	98.098
2424.91	98.106
2426.84	98.1424
2428.77	98.1009
2430.7	98.0078
2432.62	97.973
2434.55	97.9861
2436.48	97.9757
2438.41	97.9933
2440.34	98.0842
2442.27	98.146
2444.2	98.1201
2446.13	98.0773
2448.06	98.0443
2449.99	97.993
2451.92	97.9409
2453.85	97.9256
2455.77	97.9775
2457.7	98.0587
2459.63	98.0252
2461.56	97.8793
2463.49	97.8604
2465.42	98.0112
2467.35	98.0613
2469.28	97.9262
2471.21	97.8348
2473.14	97.9333
2475.07	98.1379
2476.99	98.2941
2478.92	98.3281
2480.85	98.3033
2482.78	98.2954
2484.71	98.2635
2486.64	98.1585
2488.57	98.0372
2490.5	98.0167
2492.43	98.1638
2494.36	98.3828
2496.29	98.5121
2498.22	98.5394
2500.14	98.4942
2502.07	98.3342
2504	98.187
2505.93	98.2579
2507.86	98.4181
2509.79	98.4135
2511.72	98.2944
2513.65	98.2204
2515.58	98.2219
2517.51	98.3154
2519.44	98.4643
2521.36	98.5136
2523.29	98.3874
2525.22	98.1717
2527.15	98.0035
2529.08	97.9975
2531.01	98.1544
2532.94	98.3446
2534.87	98.448
2536.8	98.415
2538.73	98.2952
2540.66	98.2643
2542.58	98.3788
2544.51	98.4458
2546.44	98.3911
2548.37	98.3574
2550.3	98.3238
2552.23	98.2083
2554.16	98.1831
2556.09	98.3045
2558.02	98.3025
2559.95	98.1655
2561.88	98.2256
2563.81	98.4706
2565.73	98.5529
2567.66	98.4368
2569.59	98.3537
2571.52	98.3252
2573.45	98.248
2575.38	98.1851
2577.31	98.2482
2579.24	98.411
2581.17	98.5721
2583.1	98.6474
2585.03	98.6188
2586.95	98.5928
2588.88	98.6611
2590.81	98.6878
2592.74	98.5214
2594.67	98.3166
2596.6	98.2787
2598.53	98.3201
2600.46	98.2912
2602.39	98.2189
2604.32	98.1392
2606.25	98.0587
2608.18	98.057
2610.1	98.133
2612.03	98.1466
2613.96	98.074
2615.89	98.03
2617.82	98.0086
2619.75	97.9121
2621.68	97.7921
2623.61	97.784
2625.54	97.8762
2627.47	97.9615
2629.4	98.004
2631.32	97.9878
2633.25	97.8827
2635.18	97.7759
2637.11	97.7867
2639.04	97.8381
2640.97	97.803
2642.9	97.7437
2644.83	97.7343
2646.76	97.7005
2648.69	97.6239
2650.62	97.5909
2652.54	97.5883
2654.47	97.5476
2656.4	97.5088
2658.33	97.5081
2660.26	97.4715
2662.19	97.3687
2664.12	97.29
2666.05	97.2948
2667.98	97.3309
2669.91	97.3307
2671.84	97.2935
2673.77	97.2628
2675.69	97.2701
2677.62	97.3128
2679.55	97.3592
2681.48	97.3672
2683.41	97.3301
2685.34	97.297
2687.27	97.2912
2689.2	97.2616
2691.13	97.1885
2693.06	97.1425
2694.99	97.1495
2696.91	97.1275
2698.84	97.0413
2700.77	96.9837
2702.7	97.0172
2704.63	97.0688
2706.56	97.0643
2708.49	97.045
2710.42	97.0615
2712.35	97.0806
2714.28	97.0768
2716.21	97.078
2718.14	97.0686
2720.06	97.0081
2721.99	96.9447
2723.92	96.9377
2725.85	96.9357
2727.78	96.8958
2729.71	96.8752
2731.64	96.8809
2733.57	96.833
2735.5	96.7451
2737.43	96.712
2739.36	96.7333
2741.28	96.7462
2743.21	96.7406
2745.14	96.7294
2747.07	96.7173
2749	96.7162
2750.93	96.7323
2752.86	96.7934
2754.79	96.9247
2756.72	97.0431
2758.65	97.0494
2760.58	96.9945
2762.51	96.9491
2764.43	96.8741
2766.36	96.768
2768.29	96.705
2770.22	96.6958
2772.15	96.7076
2774.08	96.7426
2776.01	96.8014
2777.94	96.8543
2779.87	96.8437
2781.8	96.7427
2783.73	96.6398
2785.65	96.61
2787.58	96.558
2789.51	96.4289
2791.44	96.3728
2793.37	96.4673
2795.3	96.5672
2797.23	96.5649
2799.16	96.5157
2801.09	96.4945
2803.02	96.5095
2804.95	96.5063
2806.87	96.4371
2808.8	96.3566
2810.73	96.3254
2812.66	96.2709
2814.59	96.1386
2816.52	96.0348
2818.45	96.0323
2820.38	96.0476
2822.31	96.0045
2824.24	95.903
2826.17	95.7629
2828.1	95.6592
2830.02	95.648
2831.95	95.6316
2833.88	95.5238
2835.81	95.3982
2837.74	95.2757
2839.67	95.0779
2841.6	94.8607
2843.53	94.7154
2845.46	94.5566
2847.39	94.3318
2849.32	94.1356
2851.24	93.9382
2853.17	93.5971
2855.1	93.1253
2857.03	92.614
2858.96	92.0853
2860.89	91.5863
2862.82	91.2032
2864.75	90.9593
2866.68	90.7958
2868.61	90.5889
2870.54	90.265
2872.47	89.9773
2874.39	89.9568
2876.32	90.2099
2878.25	90.5877
2880.18	90.9745
2882.11	91.2526
2884.04	91.373
2885.97	91.4762
2887.9	91.668
2889.83	91.8479
2891.76	91.9357
2893.69	91.9832
2895.61	92.0069
2897.54	91.98
2899.47	91.9353
2901.4	91.9352
2903.33	92.0109
2905.26	92.094
2907.19	92.0192
2909.12	91.7851
2911.05	91.6599
2912.98	91.7566
2914.91	91.7951
2916.83	91.5552
2918.76	91.1831
2920.69	90.7912
2922.62	90.2385
2924.55	89.5324
2926.48	88.9298
2928.41	88.5198
2930.34	88.2139
2932.27	88.1162
2934.2	88.3684
2936.13	88.7663
2938.06	89.0393
2939.98	89.2815
2941.91	89.6649
2943.84	90.0403
2945.77	90.1424
2947.7	89.8959
2949.63	89.3697
2951.56	88.6825
2953.49	87.9902
2955.42	87.3744
2957.35	86.8274
2959.28	86.4911
2961.2	86.6732
2963.13	87.4773
2965.06	88.713
2966.99	90.2273
2968.92	91.8525
2970.85	93.0484
2972.78	93.3513
2974.71	93.1055
2976.64	92.9832
2978.57	93.1609
2980.5	93.4394
2982.43	93.6852
2984.35	93.9025
2986.28	94.2308
2988.21	94.7912
2990.14	95.3793
2992.07	95.726
2994	95.9946
2995.93	96.4494
2997.86	96.9469
2999.79	97.2737
3001.72	97.5171
3003.65	97.7705
3005.57	97.9542
3007.5	98.0277
3009.43	98.0406
3011.36	98.0944
3013.29	98.3656
3015.22	98.8577
3017.15	99.1965
3019.08	99.1032
3021.01	98.8523
3022.94	98.7984
3024.87	98.8642
3026.79	98.8855
3028.72	98.9518
3030.65	99.096
3032.58	99.1255
3034.51	98.939
3036.44	98.6583
3038.37	98.4283
3040.3	98.2937
3042.23	98.2036
3044.16	98.0731
3046.09	97.8911
3048.02	97.7423
3049.94	97.7382
3051.87	97.9275
3053.8	98.1647
3055.73	98.1931
3057.66	98.0122
3059.59	97.8913
3061.52	97.9056
3063.45	97.8947
3065.38	97.8651
3067.31	97.9437
3069.24	98.0599
3071.16	98.1009
3073.09	98.1213
3075.02	98.1168
3076.95	97.9666
3078.88	97.7442
3080.81	97.6326
3082.74	97.5522
3084.67	97.3856
3086.6	97.3513
3088.53	97.5874
3090.46	97.7603
3092.39	97.6247
3094.31	97.4159
3096.24	97.3196
3098.17	97.2339
3100.1	97.1794
3102.03	97.2651
3103.96	97.3663
3105.89	97.3263
3107.82	97.1965
3109.75	97.0848
3111.68	97.0694
3113.61	97.1616
3115.53	97.2121
3117.46	97.1078
3119.39	96.983
3121.32	96.9811
3123.25	97.0472
3125.18	97.0744
3127.11	97.0176
3129.04	96.8992
3130.97	96.8406
3132.9	96.9532
3134.83	97.176
3136.75	97.359
3138.68	97.4519
3140.61	97.4858
3142.54	97.441
3144.47	97.2923
3146.4	97.1651
3148.33	97.2022
3150.26	97.2741
3152.19	97.1763
3154.12	97.0438
3156.05	97.1043
3157.98	97.2332
3159.9	97.2429
3161.83	97.2305
3163.76	97.2197
3165.69	97.0296
3167.62	96.7451
3169.55	96.6747
3171.48	96.8098
3173.41	96.9037
3175.34	96.9303
3177.27	97.0072
3179.2	97.0964
3181.12	97.0806
3183.05	96.9673
3184.98	96.8783
3186.91	96.8763
3188.84	96.8783
3190.77	96.8315
3192.7	96.8322
3194.63	96.9276
3196.56	97.0309
3198.49	97.0948
3200.42	97.1031
3202.35	96.9999
3204.27	96.841
3206.2	96.7684
3208.13	96.7906
3210.06	96.8371
3211.99	96.8843
3213.92	96.8753
3215.85	96.768
3217.78	96.6596
3219.71	96.6521
3221.64	96.738
3223.57	96.8899
3225.49	97.0452
3227.42	97.0429
3229.35	96.8248
3231.28	96.6168
3233.21	96.6624
3235.14	96.8804
3237.07	97.006
3239	96.9449
3240.93	96.7724
3242.86	96.5656
3244.79	96.4338
3246.72	96.4549
3248.64	96.5176
3250.57	96.4845
3252.5	96.3731
3254.43	96.2523
3256.36	96.2218
3258.29	96.3943
3260.22	96.651
3262.15	96.7512
3264.08	96.7381
3266.01	96.7352
3267.94	96.6056
3269.86	96.3514
3271.79	96.2932
3273.72	96.4669
3275.65	96.5265
3277.58	96.3953
3279.51	96.3091
3281.44	96.3102
3283.37	96.3008
3285.3	96.3317
3287.23	96.4491
3289.16	96.5271
3291.08	96.453
3293.01	96.2893
3294.94	96.1744
3296.87	96.1407
3298.8	96.0933
3300.73	95.9931
3302.66	95.93
3304.59	95.94
3306.52	95.9598
3308.45	95.9869
3310.38	96.0265
3312.31	95.9655
3314.23	95.7932
3316.16	95.7481
3318.09	95.9421
3320.02	96.087
3321.95	95.9044
3323.88	95.5925
3325.81	95.5421
3327.74	95.7371
3329.67	95.8151
3331.6	95.6657
3333.53	95.5412
3335.45	95.5552
3337.38	95.5243
3339.31	95.3626
3341.24	95.2347
3343.17	95.2676
3345.1	95.3856
3347.03	95.4401
3348.96	95.3771
3350.89	95.2817
3352.82	95.2564
3354.75	95.2728
3356.68	95.2663
3358.6	95.301
3360.53	95.4268
3362.46	95.5022
3364.39	95.3877
3366.32	95.1892
3368.25	95.1227
3370.18	95.2348
3372.11	95.3554
3374.04	95.2987
3375.97	95.1253
3377.9	95.1016
3379.82	95.3002
3381.75	95.4594
3383.68	95.3788
3385.61	95.1909
3387.54	95.1081
3389.47	95.1452
3391.4	95.1758
3393.33	95.1016
3395.26	94.9634
3397.19	94.9019
3399.12	94.9617
3401.04	95.0168
3402.97	94.9622
3404.9	94.8752
3406.83	94.8899
3408.76	94.9682
3410.69	94.9487
3412.62	94.8428
3414.55	94.8372
3416.48	94.9416
3418.41	94.9773
3420.34	94.9626
3422.27	95.0569
3424.19	95.1223
3426.12	94.9375
3428.05	94.6934
3429.98	94.7025
3431.91	94.8736
3433.84	94.9486
3435.77	94.9778
3437.7	95.1184
3439.63	95.2411
3441.56	95.1591
3443.49	95.0376
3445.41	95.1486
3447.34	95.3695
3449.27	95.3786
3451.2	95.2702
3453.13	95.3514
3455.06	95.4952
3456.99	95.3897
3458.92	95.1793
3460.85	95.1361
3462.78	95.144
3464.71	95.0647
3466.64	95.0172
3468.56	95.0734
3470.49	95.2087
3472.42	95.3474
3474.35	95.2634
3476.28	94.923
3478.21	94.6949
3480.14	94.7896
3482.07	95.0232
3484	95.1842
3485.93	95.1855
3487.86	95.0546
3489.78	94.9201
3491.71	94.7688
3493.64	94.5364
3495.57	94.4233
3497.5	94.5509
3499.43	94.7069
3501.36	94.8171
3503.29	94.9213
3505.22	94.8324
3507.15	94.5846
3509.08	94.5472
3511	94.7409
3512.93	94.8345
3514.86	94.8002
3516.79	94.7838
3518.72	94.7078
3520.65	94.5617
3522.58	94.6046
3524.51	94.8814
3526.44	95.0287
3528.37	94.9024
3530.3	94.7533
3532.23	94.64
3534.15	94.4648
3536.08	94.3913
3538.01	94.4991
3539.94	94.533
3541.87	94.4828
3543.8	94.5614
3545.73	94.6047
3547.66	94.4342
3549.59	94.3894
3551.52	94.6344
3553.45	94.8839
3555.37	95.009
3557.3	95.0967
3559.23	95.063
3561.16	94.9327
3563.09	94.9934
3565.02	95.2324
3566.95	95.2639
3568.88	95.0573
3570.81	95.0353
3572.74	95.2986
3574.67	95.6809
3576.6	95.9169
3578.52	95.8209
3580.45	95.6017
3582.38	95.6703
3584.31	96.0364
3586.24	96.3523
3588.17	96.4342
3590.1	96.434
3592.03	96.4546
3593.96	96.5022
3595.89	96.6666
3597.82	96.9464
3599.74	97.1647
3601.67	97.241
3603.6	97.3147
3605.53	97.4354
3607.46	97.4243
3609.39	97.2734
3611.32	97.2513
3613.25	97.3181
3615.18	97.2521
3617.11	97.2219
3619.04	97.466
3620.97	97.7481
3622.89	97.8268
3624.82	97.9192
3626.75	98.1478
3628.68	98.1686
3630.61	97.7238
3632.54	97.3751
3634.47	97.4215
3636.4	97.5872
3638.33	97.5853
3640.26	97.5597
3642.19	97.7346
3644.11	97.9827
3646.04	98.1283
3647.97	98.2635
3649.9	98.4146
3651.83	98.3744
3653.76	98.1913
3655.69	97.9466
3657.62	97.6495
3659.55	97.4096
3661.48	97.3683
3663.41	97.5478
3665.33	97.7725
3667.26	97.9037
3669.19	98.0626
3671.12	98.3235
3673.05	98.4453
3674.98	98.3543
3676.91	98.2998
3678.84	98.3419
3680.77	98.2213
3682.7	97.8882
3684.63	97.6157
3686.56	97.7106
3688.48	98.1519
3690.41	98.4256
3692.34	98.2954
3694.27	98.2029
3696.2	98.28
3698.13	98.2945
3700.06	98.236
3701.99	98.3651
3703.92	98.5689
3705.85	98.4874
3707.78	98.2476
3709.7	98.1811
3711.63	98.1605
3713.56	97.9038
3715.49	97.7502
3717.42	97.9619
3719.35	98.32
3721.28	98.4723
3723.21	98.4087
3725.14	98.3922
3727.07	98.5526
3729	98.7887
3730.93	99.0018
3732.85	99.2095
3734.78	99.3347
3736.71	99.1495
3738.64	98.8256
3740.57	98.6461
3742.5	98.5302
3744.43	98.4078
3746.36	98.5452
3748.29	98.8804
3750.22	98.8782
3752.15	98.3977
3754.07	98.1761
3756	98.2952
3757.93	98.2011
3759.86	97.8002
3761.79	97.672
3763.72	97.9262
3765.65	98.0926
3767.58	97.9963
3769.51	97.8969
3771.44	97.86
3773.37	97.8223
3775.29	97.8953
3777.22	98.0534
3779.15	98.033
3781.08	97.8126
3783.01	97.7281
3784.94	97.8789
3786.87	97.968
3788.8	97.7677
3790.73	97.5166
3792.66	97.5346
3794.59	97.7484
3796.52	97.8962
3798.44	97.9899
3800.37	98.1317
3802.3	98.2048
3804.23	98.1865
3806.16	98.1576
3808.09	97.9955
3810.02	97.7078
3811.95	97.5676
3813.88	97.7225
3815.81	98.0639
3817.74	98.2361
3819.66	98.1467
3821.59	98.0562
3823.52	98.0897
3825.45	98.1048
3827.38	98.0704
3829.31	98.0654
3831.24	98.0679
3833.17	98.0357
3835.1	98.0396
3837.03	98.12
3838.96	98.1899
3840.89	98.138
3842.81	97.9225
3844.74	97.6637
3846.67	97.6279
3848.6	97.8702
3850.53	98.1568
3852.46	98.2552
3854.39	98.1388
3856.32	97.9857
3858.25	97.8485
3860.18	97.722
3862.11	97.6214
3864.03	97.6082
3865.96	97.782
3867.89	98.0477
3869.82	98.0867
3871.75	97.8507
3873.68	97.7494
3875.61	97.8526
3877.54	97.8216
3879.47	97.6049
3881.4	97.541
3883.33	97.7029
3885.25	97.7943
3887.18	97.7927
3889.11	97.8958
3891.04	98.02
3892.97	97.9533
3894.9	97.8011
3896.83	97.8084
3898.76	97.9979
3900.69	98.1533
3902.62	98.0499
3904.55	97.8111
3906.48	97.7004
3908.4	97.74
3910.33	97.8008
3912.26	97.7991
3914.19	97.7349
3916.12	97.6862
3918.05	97.7184
3919.98	97.7686
3921.91	97.7634
3923.84	97.7426
3925.77	97.7404
3927.7	97.7201
3929.62	97.6637
3931.55	97.6267
3933.48	97.6937
3935.41	97.8278
3937.34	97.8684
3939.27	97.768
3941.2	97.6382
3943.13	97.5068
3945.06	97.3309
3946.99	97.2669
3948.92	97.447
3950.85	97.6469
3952.77	97.6401
3954.7	97.5497
3956.63	97.5068
3958.56	97.4757
3960.49	97.4582
3962.42	97.4686
3964.35	97.4415
3966.28	97.4148
3968.21	97.5042
3970.14	97.6387
3972.07	97.6509
3973.99	97.5504
3975.92	97.4408
3977.85	97.3638
3979.78	97.3441
3981.71	97.3818
3983.64	97.423
3985.57	97.4524
3987.5	97.4925
3989.43	97.5189
3991.36	97.5028
3993.29	97.453
3995.22	97.3999
3997.14	97.4311
