499.643	87.7629
501.572	87.7538
503.501	87.8915
505.43	88.0495
507.36	88.2582
509.289	88.624
511.218	89.0356
513.147	89.4229
515.076	90.0566
517.005	90.6826
518.934	90.3962
520.863	89.3591
522.792	88.6982
524.722	88.7808
526.651	89.0921
528.58	89.1858
530.509	89.0583
532.438	88.8857
534.367	88.8906
536.296	89.1221
538.225	89.3932
540.155	89.6224
542.084	89.9029
544.013	90.2783
545.942	90.7573
547.871	91.2069
549.8	91.1965
551.729	90.5912
553.658	89.9952
555.588	89.9089
557.517	90.1118
559.446	90.3357
561.375	90.6236
563.304	90.8223
565.233	90.7126
567.162	90.5248
569.091	90.5647
571.021	90.693
572.95	90.6464
574.879	90.4548
576.808	90.3255
578.737	90.3359
580.666	90.3093
582.595	89.9976
584.524	89.3718
586.454	88.6406
588.383	88.007
590.312	87.5351
592.241	87.1973
594.17	86.9442
596.099	86.7773
598.028	86.7377
599.957	86.8071
601.887	86.9912
603.816	87.4342
605.745	88.1133
607.674	88.6747
609.603	89.0045
611.532	89.4649
613.461	90.1339
615.39	90.5384
617.32	90.4598
619.249	90.2993
621.178	90.3569
623.107	90.4664
625.036	90.4479
626.965	90.3665
628.894	90.2886
630.823	90.1117
632.753	89.7571
634.682	89.3158
636.611	88.8734
638.54	88.3111
640.469	87.4135
642.398	86.189
644.327	84.9258
646.256	83.7738
648.186	82.6706
650.115	81.8145
652.044	81.5404
653.973	81.8325
655.902	82.3974
657.831	83.047
659.76	83.9343
661.689	85.0974
663.619	86.2157
665.548	87.5115
667.477	89.6914
669.406	91.6166
671.335	91.9158
673.264	92.0705
675.193	92.7056
677.122	93.3245
679.052	93.619
680.981	93.8059
682.91	93.9274
684.839	93.9419
686.768	93.935
688.697	93.9787
690.626	94.1183
692.555	94.2962
694.485	94.3476
696.414	94.2762
698.343	94.2318
700.272	94.2086
702.201	94.1544
704.13	94.1483
706.059	94.1985
707.988	94.1944
709.917	94.1489
711.847	94.1537
713.776	94.1825
715.705	94.2083
717.634	94.2915
719.563	94.3803
721.492	94.3206
723.421	94.1577
725.35	94.0722
727.28	94.0662
729.209	94.0001
731.138	93.8164
733.067	93.5577
734.996	93.2726
736.925	92.9901
738.854	92.7514
740.783	92.6405
742.713	92.6902
744.642	92.7916
746.571	92.852
748.5	92.9318
750.429	93.0769
752.358	93.2278
754.287	93.3689
756.216	93.5232
758.146	93.6398
760.075	93.695
762.004	93.7674
763.933	93.9018
765.862	94.0551
767.791	94.1671
769.72	94.1788
771.649	94.078
773.579	93.9558
775.508	93.9027
777.437	93.8946
779.366	93.864
781.295	93.7871
783.224	93.6654
785.153	93.5123
787.082	93.3332
789.012	93.0827
790.941	92.708
792.87	92.2098
794.799	91.5903
796.728	90.8108
798.657	89.8238
800.586	88.5616
802.515	86.8957
804.445	84.6389
806.374	81.6178
808.303	77.9363
810.232	74.3039
812.161	71.8743
814.09	71.5068
816.019	73.1812
817.948	76.0943
819.878	79.2464
821.807	82.0049
823.736	84.1942
825.665	85.8358
827.594	87.0161
829.523	87.8786
831.452	88.5111
833.381	88.8927
835.311	89.0096
837.24	88.899
839.169	88.5791
841.098	88.0606
843.027	87.4331
844.956	86.8773
846.885	86.5701
848.814	86.5514
850.744	86.7126
852.673	86.9656
854.602	87.3408
856.531	87.8475
858.46	88.3707
860.389	88.7823
862.318	89.0405
864.247	89.1415
866.177	89.0782
868.106	88.8588
870.035	88.4986
871.964	88.0077
873.893	87.4095
875.822	86.7425
877.751	86.0513
879.68	85.419
881.609	84.9768
883.539	84.8066
885.468	84.8403
887.397	84.9268
889.326	84.9768
891.255	84.9827
893.184	84.9686
895.113	85.0089
897.042	85.2212
898.972	85.691
900.901	86.4447
902.83	87.4445
904.759	88.5398
906.688	89.5048
908.617	90.1881
910.546	90.5807
912.475	90.7247
914.405	90.6213
916.334	90.2516
918.263	89.6225
920.192	88.7187
922.121	87.4536
924.05	85.7354
925.979	83.5209
927.908	80.757
929.838	77.4116
931.767	73.6638
933.696	69.9525
935.625	66.7624
937.554	64.4163
939.483	63.051
941.412	62.6611
943.341	63.0945
945.271	64.0812
947.2	65.3945
949.129	66.9712
951.058	68.793
952.987	70.7241
954.916	72.5771
956.845	74.255
958.774	75.7509
960.704	77.1403
962.633	78.6291
964.562	80.4154
966.491	82.4389
968.42	84.4247
970.349	86.1528
972.278	87.5296
974.207	88.5038
976.137	89.0821
978.066	89.346
979.995	89.3504
981.924	89.0782
983.853	88.5335
985.782	87.8232
987.711	87.1371
989.64	86.6384
991.57	86.3343
993.499	86.0519
995.428	85.5353
997.357	84.5434
999.286	82.9688
1001.22	81.0419
1003.14	79.3249
1005.07	78.2706
1007	77.8644
1008.93	77.8846
1010.86	78.303
1012.79	79.1319
1014.72	80.0845
1016.65	80.7158
1018.58	80.7813
1020.51	80.2668
1022.44	79.2157
1024.36	77.7398
1026.29	76.1645
1028.22	74.9378
1030.15	74.2362
1032.08	73.7804
1034.01	73.2087
1035.94	72.48
1037.87	71.7754
1039.8	71.2387
1041.73	70.9726
1043.66	71.0735
1045.58	71.5386
1047.51	72.2573
1049.44	73.0934
1051.37	73.8807
1053.3	74.4357
1055.23	74.7262
1057.16	74.9574
1059.09	75.3623
1061.02	75.9417
1062.95	76.4662
1064.88	76.6809
1066.81	76.5255
1068.73	76.2541
1070.66	76.2844
1072.59	76.8355
1074.52	77.7811
1076.45	78.8722
1078.38	79.9604
1080.31	80.9838
1082.24	81.8774
1084.17	82.5503
1086.1	82.9391
1088.03	83.0741
1089.95	83.0076
1091.88	82.6806
1093.81	82.0063
1095.74	81.0579
1097.67	80.012
1099.6	78.959
1101.53	77.8769
1103.46	76.7095
1105.39	75.4143
1107.32	73.9998
1109.25	72.4995
1111.18	70.895
1113.1	69.1586
1115.03	67.3511
1116.96	65.5526
1118.89	63.7572
1120.82	61.9478
1122.75	60.1838
1124.68	58.5134
1126.61	56.863
1128.54	55.0646
1130.47	52.9539
1132.4	50.4219
1134.32	47.4369
1136.25	44.1099
1138.18	40.7311
1140.11	37.6671
1142.04	35.2136
1143.97	33.5444
1145.9	32.7193
1147.83	32.6998
1149.76	33.38
1151.69	34.6254
1153.62	36.3058
1155.55	38.3102
1157.47	40.5273
1159.4	42.8317
1161.33	45.1074
1163.26	47.2572
1165.19	49.1844
1167.12	50.809
1169.05	52.1387
1170.98	53.2898
1172.91	54.3898
1174.84	55.5015
1176.77	56.6791
1178.69	58.0105
1180.62	59.549
1182.55	61.2895
1184.48	63.2207
1186.41	65.3333
1188.34	67.6168
1190.27	70.0762
1192.2	72.6984
1194.13	75.4503
1196.06	78.33
1197.99	81.3265
1199.91	84.3544
1201.84	87.2475
1203.77	89.7535
1205.7	91.7127
1207.63	93.2603
1209.56	94.6142
1211.49	96.0745
1213.42	98.2114
1215.35	100.847
1217.28	102.16
1219.21	101.052
1221.14	99.4118
1223.06	99.3068
1224.99	100.43
1226.92	101.384
1228.85	101.553
1230.78	100.878
1232.71	99.2969
1234.64	97.06
1236.57	94.6215
1238.5	92.3124
1240.43	90.356
1242.36	88.8343
1244.28	87.6936
1246.21	86.9274
1248.14	86.5622
1250.07	86.5105
1252	86.6209
1253.93	86.7875
1255.86	86.94
1257.79	87.0093
1259.72	86.9361
1261.65	86.7081
1263.58	86.3627
1265.51	85.9187
1267.43	85.36
1269.36	84.689
1271.29	83.9298
1273.22	83.1117
1275.15	82.2824
1277.08	81.4554
1279.01	80.5039
1280.94	79.1604
1282.87	77.1361
1284.8	74.1781
1286.73	70.1273
1288.65	65.2912
1290.58	60.7541
1292.51	57.861
1294.44	57.3667
1296.37	59.1621
1298.3	62.4711
1300.23	66.2188
1302.16	69.5046
1304.09	71.8857
1306.02	73.2147
1307.95	73.4389
1309.87	72.7396
1311.8	71.6791
1313.73	70.958
1315.66	70.8301
1317.59	70.9774
1319.52	71.1933
1321.45	71.76
1323.38	72.9746
1325.31	74.8145
1327.24	77.0678
1329.17	79.5256
1331.1	82.0888
1333.02	84.5913
1334.95	86.769
1336.88	88.5763
1338.81	90.1079
1340.74	91.3489
1342.67	92.448
1344.6	93.7602
1346.53	95.4053
1348.46	97.175
1350.39	98.7854
1352.32	100.02
1354.24	100.742
1356.17	101.009
1358.1	101.077
1360.03	101.194
1361.96	101.366
1363.89	101.057
1365.82	99.8126
1367.75	98.2631
1369.68	97.5799
1371.61	97.8521
1373.54	97.7967
1375.47	96.6728
1377.39	95.34
1379.32	94.5153
1381.25	94.0764
1383.18	93.844
1385.11	93.6566
1387.04	93.2265
1388.97	92.548
1390.9	91.895
1392.83	91.2457
1394.76	90.4702
1396.69	89.5254
1398.61	88.366
1400.54	87.246
1402.47	86.5955
1404.4	86.5107
1406.33	86.8473
1408.26	87.4257
1410.19	88.168
1412.12	89.0341
1414.05	89.8804
1415.98	90.6329
1417.91	91.2513
1419.83	91.5984
1421.76	91.7119
1423.69	91.6573
1425.62	91.4345
1427.55	91.0938
1429.48	90.505
1431.41	89.6129
1433.34	88.7046
1435.27	87.7607
1437.2	86.5843
1439.13	85.6062
1441.06	85.0556
1442.98	84.6182
1444.91	84.0708
1446.84	83.2531
1448.77	82.0042
1450.7	80.7648
1452.63	80.2985
1454.56	80.7636
1456.49	82.0755
1458.42	83.5801
1460.35	84.5961
1462.28	85.6029
1464.2	86.8705
1466.13	88.0493
1468.06	88.9494
1469.99	89.9549
1471.92	91.1388
1473.85	91.9162
1475.78	92.1787
1477.71	92.4514
1479.64	92.8438
1481.57	93.311
1483.5	93.8377
1485.43	94.3995
1487.35	94.9991
1489.28	95.5041
1491.21	95.6916
1493.14	95.7945
1495.07	96.0872
1497	96.48
1498.93	96.6717
1500.86	96.7184
1502.79	96.8725
1504.72	97.2323
1506.65	97.6468
1508.57	97.6006
1510.5	97.3536
1512.43	97.3098
1514.36	97.4536
1516.29	97.6382
1518.22	97.758
1520.15	97.7869
1522.08	97.7265
1524.01	97.667
1525.94	97.6288
1527.87	97.5638
1529.8	97.5314
1531.72	97.5883
1533.65	97.6492
1535.58	97.6658
1537.51	97.7924
1539.44	98.0915
1541.37	98.1711
1543.3	97.8266
1545.23	97.5035
1547.16	97.3802
1549.09	97.407
1551.02	97.4295
1552.94	97.3945
1554.87	97.467
1556.8	97.7376
1558.73	97.863
1560.66	97.5076
1562.59	97.1885
1564.52	97.0629
1566.45	97.073
1568.38	97.1063
1570.31	97.0001
1572.24	96.8804
1574.16	96.9145
1576.09	96.9277
1578.02	96.695
1579.95	96.4507
1581.88	96.3454
1583.81	96.3027
1585.74	96.2514
1587.67	96.1718
1589.6	96.0818
1591.53	96.0289
1593.46	96.0103
1595.39	95.9611
1597.31	95.8481
1599.24	95.7069
1601.17	95.5788
1603.1	95.4379
1605.03	95.2568
1606.96	95.0828
1608.89	94.878
1610.82	94.5738
1612.75	94.3299
1614.68	94.1816
1616.61	93.7535
1618.53	93.0294
1620.46	92.4067
1622.39	91.6567
1624.32	90.6138
1626.25	89.584
1628.18	88.3843
1630.11	86.8791
1632.04	85.5578
1633.97	84.4086
1635.9	82.9143
1637.83	82.0482
1639.76	83.2095
1641.68	85.83
1643.61	88.7508
1645.54	91.3902
1647.47	93.3392
1649.4	94.2311
1651.33	94.6611
1653.26	95.0862
1655.19	95.1285
1657.12	94.9666
1659.05	94.9685
1660.98	95.0285
1662.9	94.8989
1664.83	94.6883
1666.76	94.6545
1668.69	94.717
1670.62	94.5364
1672.55	94.1864
1674.48	93.852
1676.41	93.3045
1678.34	92.6713
1680.27	92.2979
1682.2	91.9834
1684.12	91.3414
1686.05	90.5319
1687.98	89.6459
1689.91	88.5661
1691.84	87.364
1693.77	85.8753
1695.7	83.9794
1697.63	81.8403
1699.56	78.8867
1701.49	75.0839
1703.42	71.7522
1705.35	68.6481
1707.27	65.0801
1709.2	61.8776
1711.13	59.5149
1713.06	57.476
1714.99	55.9802
1716.92	55.3762
1718.85	55.1583
1720.78	56.011
1722.71	58.6069
1724.64	62.5234
1726.57	67.4401
1728.49	73.0761
1730.42	78.8769
1732.35	85.2807
1734.28	93.0641
1736.21	99.7871
1738.14	103.797
1740.07	106.457
1742	108.538
1743.93	109.725
1745.86	110.437
1747.79	111.154
1749.72	111.497
1751.64	111.391
1753.57	111.133
1755.5	110.558
1757.43	109.81
1759.36	109.198
1761.29	108.406
1763.22	107.228
1765.15	106.043
1767.08	105.034
1769.01	104.237
1770.94	103.707
1772.86	103.107
1774.79	102.26
1776.72	101.539
1778.65	101.062
1780.58	100.709
1782.51	100.462
1784.44	100.305
1786.37	100.163
1788.3	100.051
1790.23	99.9892
1792.16	99.8454
1794.08	99.511
1796.01	99.1953
1797.94	99.0531
1799.87	98.9689
1801.8	98.7825
1803.73	98.5909
1805.66	98.522
1807.59	98.5087
1809.52	98.4649
1811.45	98.4016
1813.38	98.3545
1815.31	98.3247
1817.23	98.2893
1819.16	98.2619
1821.09	98.2869
1823.02	98.3203
1824.95	98.2941
1826.88	98.2761
1828.81	98.3116
1830.74	98.316
1832.67	98.3003
1834.6	98.3339
1836.53	98.3409
1838.45	98.2357
1840.38	98.1269
1842.31	98.1898
1844.24	98.4188
1846.17	98.5317
1848.1	98.4239
1850.03	98.2941
1851.96	98.2665
1853.89	98.34
1855.82	98.4745
1857.75	98.5376
1859.68	98.4238
1861.6	98.2938
1863.53	98.3479
1865.46	98.5141
1867.39	98.6286
1869.32	98.6458
1871.25	98.6024
1873.18	98.5269
1875.11	98.4381
1877.04	98.3986
1878.97	98.4766
1880.9	98.5952
1882.82	98.5789
1884.75	98.4473
1886.68	98.4038
1888.61	98.4521
1890.54	98.4278
1892.47	98.4187
1894.4	98.5951
1896.33	98.7888
1898.26	98.8003
1900.19	98.771
1902.12	98.7851
1904.05	98.7302
1905.97	98.7094
1907.9	98.8708
1909.83	99.0258
1911.76	99.06
1913.69	99.1622
1915.62	99.2637
1917.55	99.088
1919.48	98.7937
1921.41	98.7167
1923.34	98.7609
1925.27	98.7678
1927.19	98.8549
1929.12	99.08
1931.05	99.2923
1932.98	99.352
1934.91	99.2377
1936.84	99.0677
1938.77	99.0403
1940.7	99.1556
1942.63	99.2316
1944.56	99.2708
1946.49	99.3627
1948.41	99.4194
1950.34	99.468
1952.27	99.6205
1954.2	99.657
1956.13	99.4013
1958.06	99.1991
1959.99	99.3274
1961.92	99.5962
1963.85	99.8007
1965.78	99.84
1967.71	99.6357
1969.64	99.4234
1971.56	99.5016
1973.49	99.7509
1975.42	99.9411
1977.35	100.046
1979.28	100.018
1981.21	99.8367
1983.14	99.7042
1985.07	99.7644
1987	99.8938
1988.93	99.9363
1990.86	99.8461
1992.78	99.6797
1994.71	99.6322
1996.64	99.8021
1998.57	99.9695
2000.5	99.9196
2002.43	99.8219
2004.36	99.9431
2006.29	100.244
2008.22	100.501
2010.15	100.576
2012.08	100.456
2014.01	100.198
2015.93	99.8692
2017.86	99.6189
2019.79	99.6525
2021.72	99.8876
2023.65	99.9827
2025.58	99.9152
2027.51	100.008
2029.44	100.277
2031.37	100.395
2033.3	100.258
2035.23	100.03
2037.15	99.8166
2039.08	99.6551
2041.01	99.6606
2042.94	99.8977
2044.87	100.181
2046.8	100.247
2048.73	100.092
2050.66	99.866
2052.59	99.6251
2054.52	99.5137
2056.45	99.7058
2058.37	99.9289
2060.3	99.7834
2062.23	99.4991
2064.16	99.5023
2066.09	99.6424
2068.02	99.6592
2069.95	99.7191
2071.88	99.8889
2073.81	99.9088
2075.74	99.7317
2077.67	99.5865
2079.6	99.5601
2081.52	99.5827
2083.45	99.6269
2085.38	99.6802
2087.31	99.6636
2089.24	99.4946
2091.17	99.2713
2093.1	99.269
2095.03	99.5541
2096.96	99.7968
2098.89	99.7469
2100.82	99.5681
2102.74	99.4567
2104.67	99.3662
2106.6	99.2664
2108.53	99.273
2110.46	99.4134
2112.39	99.5551
2114.32	99.6368
2116.25	99.731
2118.18	99.827
2120.11	99.7919
2122.04	99.6124
2123.97	99.4641
2125.89	99.4857
2127.82	99.6132
2129.75	99.6686
2131.68	99.6026
2133.61	99.5849
2135.54	99.7165
2137.47	99.8225
2139.4	99.8083
2141.33	99.8831
2143.26	100.109
2145.19	100.234
2147.11	100.218
2149.04	100.287
2150.97	100.393
2152.9	100.301
2154.83	100.116
2156.76	100.119
2158.69	100.267
2160.62	100.323
2162.55	100.25
2164.48	100.171
2166.41	100.078
2168.33	99.8619
2170.26	99.6453
2172.19	99.7201
2174.12	99.991
2176.05	100.04
2177.98	99.8987
2179.91	99.9453
2181.84	100.092
2183.77	100.03
2185.7	99.948
2187.63	100.171
2189.56	100.519
2191.48	100.592
2193.41	100.35
2195.34	100.075
2197.27	99.9774
2199.2	100.037
2201.13	100.124
2203.06	100.12
2204.99	100.052
2206.92	100.141
2208.85	100.4
2210.78	100.431
2212.7	100.116
2214.63	99.9405
2216.56	100.112
2218.49	100.229
2220.42	100.093
2222.35	99.9765
2224.28	100.032
2226.21	100.132
2228.14	100.136
2230.07	100.022
2232	99.8795
2233.93	99.7776
2235.85	99.6686
2237.78	99.5877
2239.71	99.6574
2241.64	99.7867
2243.57	99.7986
2245.5	99.782
2247.43	99.8824
2249.36	100.014
2251.29	100.073
2253.22	100.075
2255.15	100.049
2257.07	100.079
2259	100.238
2260.93	100.368
2262.86	100.306
2264.79	100.18
2266.72	100.111
2268.65	100.037
2270.58	99.983
2272.51	100.012
2274.44	99.9998
2276.37	99.8614
2278.29	99.7149
2280.22	99.6525
2282.15	99.6737
2284.08	99.7671
2286.01	99.8699
2287.94	99.9235
2289.87	99.9729
2291.8	100.052
2293.73	100.116
2295.66	100.188
2297.59	100.401
2299.52	100.782
2301.44	101.12
2303.37	101.255
2305.3	101.414
2307.23	101.907
2309.16	102.559
2311.09	102.941
2313.02	103.076
2314.95	103.329
2316.88	103.837
2318.81	104.524
2320.74	105.236
2322.66	105.746
2324.59	106.105
2326.52	106.596
2328.45	107.166
2330.38	107.53
2332.31	107.724
2334.24	107.979
2336.17	108.258
2338.1	108.407
2340.03	108.483
2341.96	108.569
2343.89	108.237
2345.81	107.117
2347.74	106.022
2349.67	105.796
2351.6	106.626
2353.53	108.27
2355.46	110.05
2357.39	111.44
2359.32	112.176
2361.25	112.131
2363.18	111.649
2365.11	110.774
2367.03	109.43
2368.96	107.997
2370.89	106.624
2372.82	105.204
2374.75	103.856
2376.68	102.654
2378.61	101.506
2380.54	100.474
2382.47	99.6927
2384.4	99.1073
2386.33	98.6257
2388.26	98.3204
2390.18	98.2414
2392.11	98.2464
2394.04	98.1935
2395.97	98.0924
2397.9	97.9971
2399.83	97.9326
2401.76	97.9219
2403.69	98.0018
2405.62	98.1975
2407.55	98.4047
2409.48	98.4013
2411.4	98.1675
2413.33	97.9906
2415.26	98.0593
2417.19	98.2162
2419.12	98.2387
2421.05	98.1264
2422.98	98.0327
2424.91	98.061
2426.84	98.1544
2428.77	98.1738
2430.7	98.0924
2432.62	98.0112
2434.55	97.9745
2436.48	97.9431
2438.41	97.9427
2440.34	98.0328
2442.27	98.1543
2444.2	98.1903
2446.13	98.129
2448.06	98.0431
2449.99	97.9785
2451.92	97.9267
2453.85	97.8782
2455.77	97.8759
2457.7	97.9448
2459.63	98.0077
2461.56	98.0179
2463.49	98.0479
2465.42	98.0972
2467.35	98.0597
2469.28	97.9502
2471.21	97.8952
2473.14	97.9588
2475.07	98.1263
2476.99	98.301
2478.92	98.3529
2480.85	98.2946
2482.78	98.2349
2484.71	98.1937
2486.64	98.1467
2488.57	98.096
2490.5	98.0558
2492.43	98.0978
2494.36	98.2573
2496.29	98.4085
2498.22	98.4465
2500.14	98.4008
2502.07	98.2979
2504	98.2024
2505.93	98.2309
2507.86	98.3302
2509.79	98.3481
2511.72	98.2905
2513.65	98.2305
2515.58	98.2076
2517.51	98.293
2519.44	98.4606
2521.36	98.5388
2523.29	98.4449
2525.22	98.2502
2527.15	98.0871
2529.08	98.105
2531.01	98.2844
2532.94	98.398
2534.87	98.3614
2536.8	98.3092
2538.73	98.3086
2540.66	98.364
2542.58	98.4858
2544.51	98.5471
2546.44	98.4422
2548.37	98.3095
2550.3	98.2493
2552.23	98.1784
2554.16	98.1277
2556.09	98.1842
2558.02	98.2324
2559.95	98.2129
2561.88	98.2961
2563.81	98.4869
2565.73	98.5416
2567.66	98.4204
2569.59	98.3366
2571.52	98.352
2573.45	98.3458
2575.38	98.3111
2577.31	98.3522
2579.24	98.4692
2581.17	98.5725
2583.1	98.6126
2585.03	98.5972
2586.95	98.5875
2588.88	98.6268
2590.81	98.6134
2592.74	98.4592
2594.67	98.3079
2596.6	98.2841
2598.53	98.2689
2600.46	98.1916
2602.39	98.1485
2604.32	98.1289
2606.25	98.0758
2608.18	98.0862
2610.1	98.1773
2612.03	98.1722
2613.96	98.0429
2615.89	97.9656
2617.82	97.974
2619.75	97.9311
2621.68	97.8213
2623.61	97.7744
2625.54	97.8444
2627.47	97.9537
2629.4	98.0003
2631.32	97.93
2633.25	97.7865
2635.18	97.7092
2637.11	97.7641
2639.04	97.8372
2640.97	97.8237
2642.9	97.7774
2644.83	97.7517
2646.76	97.7038
2648.69	97.6353
2650.62	97.6095
2652.54	97.6058
2654.47	97.5558
2656.4	97.4891
2658.33	97.4687
2660.26	97.4508
2662.19	97.3707
2664.12	97.283
2666.05	97.2731
2667.98	97.3151
2669.91	97.3304
2671.84	97.3058
2673.77	97.2764
2675.69	97.2684
2677.62	97.2888
2679.55	97.3199
2681.48	97.3333
2683.41	97.3276
2685.34	97.3134
2687.27	97.2788
2689.2	97.2165
2691.13	97.1611
2693.06	97.1525
2694.99	97.1726
2696.91	97.1596
2698.84	97.1015
2700.77	97.0619
2702.7	97.0734
2704.63	97.0783
2706.56	97.0371
2708.49	96.9992
2710.42	97.0078
2712.35	97.0465
2714.28	97.1023
2716.21	97.1629
2718.14	97.1654
2720.06	97.0719
2721.99	96.9522
2723.92	96.8842
2725.85	96.8478
2727.78	96.8068
2729.71	96.7884
2731.64	96.8021
2733.57	96.7987
2735.5	96.765
2737.43	96.7412
2739.36	96.7397
2741.28	96.7434
2743.21	96.7457
2745.14	96.7434
2747.07	96.7433
2749	96.7619
2750.93	96.7906
2752.86	96.8267
2754.79	96.8955
2756.72	96.9715
2758.65	96.9907
2760.58	96.9592
2762.51	96.9171
2764.43	96.8572
2766.36	96.7908
2768.29	96.768
2770.22	96.7827
2772.15	96.7798
2774.08	96.7597
2776.01	96.7838
2777.94	96.8558
2779.87	96.8643
2781.8	96.7437
2783.73	96.6206
2785.65	96.6092
2787.58	96.6011
2789.51	96.4961
2791.44	96.4245
2793.37	96.5033
2795.3	96.6168
2797.23	96.6237
2799.16	96.5588
2801.09	96.52
2803.02	96.5172
2804.95	96.5008
2806.87	96.4562
2808.8	96.4128
2810.73	96.3748
2812.66	96.3
2814.59	96.173
2816.52	96.0483
2818.45	95.9815
2820.38	95.9626
2822.31	95.946
2824.24	95.8978
2826.17	95.8144
2828.1	95.7393
2830.02	95.7105
2831.95	95.6781
2833.88	95.5761
2835.81	95.4251
2837.74	95.2525
2839.67	95.0499
2841.6	94.859
2843.53	94.7069
2845.46	94.528
2847.39	94.3228
2849.32	94.1631
2851.24	93.9665
2853.17	93.5951
2855.1	93.1046
2857.03	92.6024
2858.96	92.0839
2860.89	91.5677
2862.82	91.1566
2864.75	90.9205
2866.68	90.8113
2868.61	90.6575
2870.54	90.3371
2872.47	89.9973
2874.39	89.9036
2876.32	90.1259
2878.25	90.5534
2880.18	91.0151
2882.11	91.31
2884.04	91.3961
2885.97	91.4812
2887.9	91.6938
2889.83	91.8978
2891.76	91.9761
2893.69	91.9983
2895.61	92.0296
2897.54	92.0264
2899.47	91.9635
2901.4	91.9299
2903.33	92.0238
2905.26	92.1588
2907.19	92.1145
2909.12	91.879
2911.05	91.7198
2912.98	91.7567
2914.91	91.7468
2916.83	91.4881
2918.76	91.1242
2920.69	90.7865
2922.62	90.305
2924.55	89.5881
2926.48	88.8852
2928.41	88.4046
2930.34	88.1057
2932.27	88.0182
2934.2	88.2667
2936.13	88.7182
2938.06	89.1059
2939.98	89.4407
2941.91	89.8426
2943.84	90.1595
2945.77	90.1434
2947.7	89.7818
2949.63	89.2199
2951.56	88.5805
2953.49	87.9598
2955.42	87.4063
2957.35	86.9307
2959.28	86.6676
2961.2	86.8509
2963.13	87.5442
2965.06	88.6493
2966.99	90.1295
2968.92	91.7901
2970.85	92.9894
2972.78	93.2737
2974.71	93.0541
2976.64	92.9655
2978.57	93.1188
2980.5	93.357
2982.43	93.6031
2984.35	93.8334
2986.28	94.1764
2988.21	94.7863
2990.14	95.4265
2992.07	95.7775
2994	96.0378
2995.93	96.5072
2997.86	97.0022
2999.79	97.2824
3001.72	97.4742
3003.65	97.7049
3005.57	97.8829
3007.5	97.9654
3009.43	98.0393
3011.36	98.1771
3013.29	98.4304
3015.22	98.7814
3017.15	99.0144
3019.08	98.9412
3021.01	98.7423
3022.94	98.7037
3024.87	98.7903
3026.79	98.8715
3028.72	99.0169
3030.65	99.2076
3032.58	99.2092
3034.51	98.958
3036.44	98.6372
3038.37	98.3783
3040.3	98.2202
3042.23	98.1541
3044.16	98.0631
3046.09	97.8866
3048.02	97.7821
3049.94	97.8904
3051.87	98.1098
3053.8	98.2258
3055.73	98.1317
3057.66	97.9237
3059.59	97.7794
3061.52	97.7228
3063.45	97.6965
3065.38	97.7732
3067.31	97.9707
3069.24	98.0924
3071.16	98.0665
3073.09	98.0644
3075.02	98.096
3076.95	97.9896
3078.88	97.7923
3080.81	97.6587
3082.74	97.4996
3084.67	97.2535
3086.6	97.1936
3088.53	97.4722
3090.46	97.7481
3092.39	97.7041
3094.31	97.4847
3096.24	97.3057
3098.17	97.1622
3100.1	97.0929
3102.03	97.1802
3103.96	97.2828
3105.89	97.2239
3107.82	97.0808
3109.75	97.0109
3111.68	97.0531
3113.61	97.1565
3115.53	97.2142
3117.46	97.1714
3119.39	97.1303
3121.32	97.1783
3123.25	97.2352
3125.18	97.1935
3127.11	97.0483
3129.04	96.8806
3130.97	96.8225
3132.9	96.9471
3134.83	97.1558
3136.75	97.2904
3138.68	97.3268
3140.61	97.3503
3142.54	97.376
3144.47	97.3097
3146.4	97.1582
3148.33	97.0915
3150.26	97.1348
3152.19	97.1122
3154.12	97.0468
3156.05	97.1418
3157.98	97.3229
3159.9	97.3727
3161.83	97.3537
3163.76	97.3385
3165.69	97.1715
3167.62	96.9043
3169.55	96.8236
3171.48	96.8942
3173.41	96.8696
3175.34	96.8307
3177.27	96.9719
3179.2	97.1429
3181.12	97.098
3183.05	96.9074
3184.98	96.8058
3186.91	96.8474
3188.84	96.9053
3190.77	96.9306
3192.7	96.9993
3194.63	97.088
3196.56	97.0817
3198.49	97.0161
3200.42	97.0036
3202.35	96.9947
3204.27	96.9004
3206.2	96.7869
3208.13	96.7693
3210.06	96.86
3211.99	96.9685
3213.92	96.9764
3215.85	96.8601
3217.78	96.7319
3219.71	96.7058
3221.64	96.7805
3223.57	96.8744
3225.49	96.9141
3227.42	96.8655
3229.35	96.7395
3231.28	96.6332
3233.21	96.6808
3235.14	96.8712
3237.07	97.0256
3239	97.0062
3240.93	96.8056
3242.86	96.5117
3244.79	96.3357
3246.72	96.4179
3248.64	96.564
3250.57	96.5322
3252.5	96.3982
3254.43	96.3327
3256.36	96.3693
3258.29	96.5365
3260.22	96.7754
3262.15	96.8427
3264.08	96.6916
3266.01	96.5653
3267.94	96.5163
3269.86	96.4161
3271.79	96.3709
3273.72	96.4934
3275.65	96.5637
3277.58	96.4414
3279.51	96.3218
3281.44	96.2953
3283.37	96.2538
3285.3	96.2456
3287.23	96.3675
3289.16	96.4702
3291.08	96.3841
3293.01	96.2035
3294.94	96.1128
3296.87	96.1232
3298.8	96.1032
3300.73	96.0057
3302.66	95.9527
3304.59	96.006
3306.52	96.0408
3308.45	95.9944
3310.38	95.959
3312.31	95.9251
3314.23	95.8173
3316.16	95.7743
3318.09	95.9365
3320.02	96.0875
3321.95	95.9578
3323.88	95.7081
3325.81	95.6738
3327.74	95.8148
3329.67	95.8183
3331.6	95.6288
3333.53	95.4858
3335.45	95.4894
3337.38	95.4918
3339.31	95.4087
3341.24	95.3323
3343.17	95.3403
3345.1	95.3944
3347.03	95.4097
3348.96	95.3512
3350.89	95.2941
3352.82	95.3288
3354.75	95.3869
3356.68	95.339
3358.6	95.2653
3360.53	95.335
3362.46	95.4375
3364.39	95.3281
3366.32	95.1093
3368.25	95.098
3370.18	95.2677
3372.11	95.3197
3374.04	95.1774
3375.97	95.0171
3377.9	95.007
3379.82	95.2002
3381.75	95.4417
3383.68	95.4672
3385.61	95.2798
3387.54	95.1328
3389.47	95.099
3391.4	95.0555
3393.33	94.9693
3395.26	94.8965
3397.19	94.8783
3399.12	94.9325
3401.04	94.9817
3402.97	94.918
3404.9	94.8293
3406.83	94.8769
3408.76	94.9604
3410.69	94.8845
3412.62	94.7515
3414.55	94.79
3416.48	94.9551
3418.41	95.0462
3420.34	95.0452
3422.27	95.0615
3424.19	95.0634
3426.12	94.9336
3428.05	94.7411
3429.98	94.6976
3431.91	94.8235
3433.84	94.9529
3435.77	95.0841
3437.7	95.2892
3439.63	95.373
3441.56	95.1749
3443.49	94.9816
3445.41	95.101
3447.34	95.3515
3449.27	95.3941
3451.2	95.2996
3453.13	95.3388
3455.06	95.4485
3456.99	95.3704
3458.92	95.1688
3460.85	95.0708
3462.78	95.0227
3464.71	94.9254
3466.64	94.9047
3468.56	95.0318
3470.49	95.2345
3472.42	95.4084
3474.35	95.3492
3476.28	95.0004
3478.21	94.6901
3480.14	94.6811
3482.07	94.8836
3484	95.0862
3485.93	95.1186
3487.86	94.9869
3489.78	94.8903
3491.71	94.8235
3493.64	94.6092
3495.57	94.4032
3497.5	94.4576
3499.43	94.6636
3501.36	94.8554
3503.29	94.9419
3505.22	94.7962
3507.15	94.5944
3509.08	94.6412
3511	94.7808
3512.93	94.738
3514.86	94.6969
3516.79	94.8026
3518.72	94.7973
3520.65	94.5868
3522.58	94.4938
3524.51	94.6769
3526.44	94.8527
3528.37	94.8399
3530.3	94.8045
3532.23	94.7941
3534.15	94.6843
3536.08	94.5545
3538.01	94.547
3539.94	94.5912
3541.87	94.6277
3543.8	94.6341
3545.73	94.4563
3547.66	94.1935
3549.59	94.2347
3551.52	94.577
3553.45	94.8935
3555.37	95.0823
3557.3	95.197
3559.23	95.1414
3561.16	94.9528
3563.09	94.9343
3565.02	95.1806
3566.95	95.3871
3568.88	95.2988
3570.81	95.1755
3572.74	95.2948
3574.67	95.6067
3576.6	95.798
3578.52	95.652
3580.45	95.4297
3582.38	95.579
3584.31	96.0554
3586.24	96.3882
3588.17	96.3901
3590.1	96.4128
3592.03	96.5392
3593.96	96.5742
3595.89	96.6298
3597.82	96.8935
3599.74	97.1358
3601.67	97.1342
3603.6	97.0999
3605.53	97.1966
3607.46	97.2277
3609.39	97.1183
3611.32	97.1391
3613.25	97.326
3615.18	97.4353
3617.11	97.4367
3619.04	97.4498
3620.97	97.4668
3622.89	97.5231
3624.82	97.7474
3626.75	98.1118
3628.68	98.2566
3630.61	97.926
3632.54	97.6239
3634.47	97.6582
3636.4	97.8031
3638.33	97.7379
3640.26	97.5336
3642.19	97.4921
3644.11	97.6697
3646.04	97.9502
3647.97	98.3532
3649.9	98.673
3651.83	98.5178
3653.76	98.157
3655.69	97.8481
3657.62	97.5636
3659.55	97.3251
3661.48	97.3259
3663.41	97.5838
3665.33	97.7854
3667.26	97.7906
3669.19	97.8796
3671.12	98.1895
3673.05	98.3757
3674.98	98.3032
3676.91	98.1701
3678.84	98.1253
3680.77	98.0835
3682.7	97.9288
3684.63	97.6954
3686.56	97.6438
3688.48	97.9932
3690.41	98.3866
3692.34	98.3616
3694.27	98.2341
3696.2	98.2383
3698.13	98.234
3700.06	98.2213
3701.99	98.4227
3703.92	98.7024
3705.85	98.685
3707.78	98.4255
3709.7	98.1972
3711.63	98.0356
3713.56	97.8748
3715.49	97.8786
3717.42	98.0958
3719.35	98.3292
3721.28	98.4054
3723.21	98.4011
3725.14	98.447
3727.07	98.5432
3729	98.6324
3730.93	98.698
3732.85	98.8029
3734.78	98.9387
3736.71	98.8668
3738.64	98.6282
3740.57	98.5028
3742.5	98.4629
3744.43	98.3788
3746.36	98.4446
3748.29	98.7362
3750.22	98.8549
3752.15	98.5841
3754.07	98.4043
3756	98.4057
3757.93	98.2032
3759.86	97.7828
3761.79	97.6241
3763.72	97.8342
3765.65	98.0802
3767.58	98.0996
3769.51	97.9448
3771.44	97.8284
3773.37	97.8706
3775.29	98.0113
3777.22	98.0879
3779.15	97.9478
3781.08	97.6868
3783.01	97.6186
3784.94	97.817
3786.87	97.9487
3788.8	97.7554
3790.73	97.5146
3792.66	97.5516
3794.59	97.7459
3796.52	97.8444
3798.44	97.9085
3800.37	98.0738
3802.3	98.2496
3804.23	98.351
3806.16	98.3773
3808.09	98.2062
3810.02	97.8569
3811.95	97.6055
3813.88	97.6418
3815.81	97.9529
3817.74	98.2019
3819.66	98.1773
3821.59	98.071
3823.52	98.0812
3825.45	98.1545
3827.38	98.1939
3829.31	98.1488
3831.24	98.0274
3833.17	97.9452
3835.1	97.9925
3837.03	98.1121
3838.96	98.184
3840.89	98.0977
3842.81	97.8313
3844.74	97.5911
3846.67	97.6508
3848.6	97.9512
3850.53	98.2116
3852.46	98.2566
3854.39	98.0983
3856.32	97.9136
3858.25	97.8015
3860.18	97.7717
3862.11	97.7821
3864.03	97.7995
3865.96	97.906
3867.89	98.0795
3869.82	98.0518
3871.75	97.7543
3873.68	97.5846
3875.61	97.6743
3877.54	97.7093
3879.47	97.5766
3881.4	97.5578
3883.33	97.7434
3885.25	97.8476
3887.18	97.835
3889.11	97.9353
3891.04	98.0878
3892.97	98.0398
3894.9	97.863
3896.83	97.833
3898.76	98.0207
3900.69	98.2287
3902.62	98.1489
3904.55	97.815
3906.48	97.5872
3908.4	97.629
3910.33	97.791
3912.26	97.8786
3914.19	97.8259
3916.12	97.7319
3918.05	97.7095
3919.98	97.7226
3921.91	97.7123
3923.84	97.7429
3925.77	97.8196
3927.7	97.8038
3929.62	97.6809
3931.55	97.6341
3933.48	97.746
3935.41	97.8253
3937.34	97.7484
3939.27	97.6461
3941.2	97.6216
3943.13	97.5334
3945.06	97.3144
3946.99	97.2266
3948.92	97.4253
3950.85	97.6521
3952.77	97.6665
3954.7	97.5825
3956.63	97.5259
3958.56	97.4608
3960.49	97.3862
3962.42	97.3563
3964.35	97.3695
3966.28	97.4236
3968.21	97.5233
3970.14	97.6041
3972.07	97.616
3973.99	97.5796
3975.92	97.4863
3977.85	97.3488
3979.78	97.2805
3981.71	97.3288
3983.64	97.3987
3985.57	97.4296
3987.5	97.4501
3989.43	97.4714
3991.36	97.4771
3993.29	97.4577
3995.22	97.4423
3997.14	97.5229
