499.643	86.1512
501.572	86.9305
503.501	88.3147
505.43	89.0208
507.36	88.8923
509.289	88.7402
511.218	89.0949
513.147	89.8632
515.076	90.5411
517.005	90.5209
518.934	89.7902
520.863	89.0138
522.792	88.6469
524.722	88.7757
526.651	89.1797
528.58	89.2861
530.509	88.9494
532.438	88.7119
534.367	88.9414
536.296	89.3958
538.225	89.7608
540.155	90.0321
542.084	90.2861
544.013	90.5124
545.942	90.7151
547.871	90.8979
549.8	90.9489
551.729	90.8073
553.658	90.6049
555.588	90.3997
557.517	90.1694
559.446	90.1387
561.375	90.4439
563.304	90.7053
565.233	90.6503
567.162	90.5834
569.091	90.7508
571.021	90.975
572.95	91.0598
574.879	90.9211
576.808	90.5577
578.737	90.217
580.666	90.0984
582.595	89.9155
584.524	89.304
586.454	88.4596
588.383	87.8229
590.312	87.4499
592.241	87.1484
594.17	86.91
596.099	86.8289
598.028	86.84
599.957	86.8251
601.887	86.9085
603.816	87.3881
605.745	88.2013
607.674	88.8509
609.603	89.1869
611.532	89.643
613.461	90.3316
615.39	90.7575
617.32	90.6699
619.249	90.4298
621.178	90.3516
623.107	90.3728
625.036	90.391
626.965	90.4194
628.894	90.4182
630.823	90.2565
632.753	89.8852
634.682	89.378
636.611	88.8039
638.54	88.1507
640.469	87.2997
642.398	86.1767
644.327	84.9643
646.256	83.84
648.186	82.79
650.115	81.995
652.044	81.734
653.973	81.9404
655.902	82.387
657.831	83.0185
659.76	83.9489
661.689	85.0856
663.619	86.1346
665.548	87.3932
667.477	89.5815
669.406	91.6027
671.335	92.003
673.264	92.1291
675.193	92.6256
677.122	93.1821
679.052	93.5651
680.981	93.8162
682.91	93.8962
684.839	93.8973
686.768	93.9593
688.697	94.0463
690.626	94.1698
692.555	94.3547
694.485	94.4463
696.414	94.3877
698.343	94.3271
700.272	94.2837
702.201	94.1973
704.13	94.1663
706.059	94.2312
707.988	94.245
709.917	94.1813
711.847	94.1685
713.776	94.2076
715.705	94.2402
717.634	94.3099
719.563	94.3706
721.492	94.2804
723.421	94.1238
725.35	94.0742
727.28	94.0593
729.209	93.9494
731.138	93.7849
733.067	93.5858
734.996	93.2974
736.925	92.9774
738.854	92.7491
740.783	92.6525
742.713	92.6573
744.642	92.7065
746.571	92.7676
748.5	92.8679
750.429	93.0125
752.358	93.1674
754.287	93.3462
756.216	93.5462
758.146	93.6787
760.075	93.7224
762.004	93.7829
763.933	93.915
765.862	94.0589
767.791	94.1488
769.72	94.1561
771.649	94.0876
773.579	94.0108
775.508	93.9911
777.437	93.994
779.366	93.939
781.295	93.8134
783.224	93.6625
785.153	93.5164
787.082	93.3524
789.012	93.0952
790.941	92.6895
792.87	92.1641
794.799	91.5452
796.728	90.7706
798.657	89.7621
800.586	88.4784
802.515	86.8326
804.445	84.6222
806.374	81.6232
808.303	77.9283
810.232	74.2967
812.161	71.9211
814.09	71.6106
816.019	73.2688
817.948	76.1047
819.878	79.1854
821.807	81.904
823.736	84.0926
825.665	85.79
827.594	87.0445
829.523	87.9237
831.452	88.5162
833.381	88.8725
835.311	89.009
837.24	88.9314
839.169	88.6225
841.098	88.0904
843.027	87.4522
844.956	86.8969
846.885	86.5681
848.814	86.5075
850.744	86.6669
852.673	86.965
854.602	87.3605
856.531	87.8348
858.46	88.3238
860.389	88.7408
862.318	89.0237
864.247	89.1256
866.177	89.037
868.106	88.8029
870.035	88.4461
871.964	87.9463
873.893	87.3336
875.822	86.6892
877.751	86.0557
879.68	85.4669
881.609	85.0255
883.539	84.829
885.468	84.836
887.397	84.908
889.326	84.9596
891.255	84.9805
893.184	84.9803
895.113	85.0208
897.042	85.2269
898.972	85.6865
900.901	86.4147
902.83	87.3827
904.759	88.4641
906.688	89.4321
908.617	90.1245
910.546	90.5307
912.475	90.6832
914.405	90.5826
916.334	90.2369
918.263	89.6482
920.192	88.7568
922.121	87.4759
924.05	85.752
925.979	83.5371
927.908	80.758
929.838	77.4089
931.767	73.6899
933.696	70.0025
935.625	66.7874
937.554	64.3861
939.483	63.0012
941.412	62.6459
943.341	63.104
945.271	64.0765
947.2	65.3997
949.129	67.0249
951.058	68.8533
952.987	70.7318
954.916	72.5468
956.845	74.2273
958.774	75.7383
960.704	77.1478
962.633	78.6438
964.562	80.4019
966.491	82.404
968.42	84.4173
970.349	86.174
972.278	87.5279
974.207	88.4608
976.137	89.0308
978.066	89.3187
979.995	89.3564
981.924	89.1151
983.853	88.5863
985.782	87.8595
987.711	87.128
989.64	86.598
991.57	86.3145
993.499	86.0808
995.428	85.581
997.357	84.5521
999.286	82.9254
1001.22	80.9868
1003.14	79.3046
1005.07	78.278
1007	77.8616
1008.93	77.8692
1010.86	78.2967
1012.79	79.1353
1014.72	80.0956
1016.65	80.746
1018.58	80.8233
1020.51	80.2944
1022.44	79.2162
1024.36	77.7153
1026.29	76.1276
1028.22	74.9087
1030.15	74.2125
1032.08	73.7375
1034.01	73.1463
1035.94	72.4167
1037.87	71.7044
1039.8	71.1516
1041.73	70.8989
1043.66	71.0376
1045.58	71.5145
1047.51	72.2096
1049.44	73.0229
1051.37	73.8053
1053.3	74.3655
1055.23	74.6634
1057.16	74.8917
1059.09	75.2773
1061.02	75.8455
1062.95	76.3906
1064.88	76.6354
1066.81	76.4834
1068.73	76.1951
1070.66	76.2205
1072.59	76.7822
1074.52	77.7314
1076.45	78.8146
1078.38	79.8999
1080.31	80.9309
1082.24	81.8315
1084.17	82.4974
1086.1	82.8601
1088.03	82.9576
1089.95	82.8615
1091.88	82.5275
1093.81	81.8647
1095.74	80.9329
1097.67	79.9009
1099.6	78.8557
1101.53	77.7698
1103.46	76.5936
1105.39	75.3081
1107.32	73.9225
1109.25	72.4359
1111.18	70.8155
1113.1	69.0568
1115.03	67.2363
1116.96	65.431
1118.89	63.6331
1120.82	61.8211
1122.75	60.0527
1124.68	58.3894
1126.61	56.759
1128.54	54.9724
1130.47	52.8573
1132.4	50.3216
1134.32	47.3476
1136.25	44.0458
1138.18	40.699
1140.11	37.6591
1142.04	35.2112
1143.97	33.537
1145.9	32.7133
1147.83	32.7007
1149.76	33.3794
1151.69	34.6146
1153.62	36.2941
1155.55	38.3133
1157.47	40.5446
1159.4	42.8506
1161.33	45.119
1163.26	47.2534
1165.19	49.1567
1167.12	50.7685
1169.05	52.1092
1170.98	53.2676
1172.91	54.352
1174.84	55.4553
1176.77	56.6555
1178.69	58.0197
1180.62	59.5813
1182.55	61.3349
1184.48	63.2637
1186.41	65.36
1188.34	67.6272
1190.27	70.0664
1192.2	72.6597
1194.13	75.3983
1196.06	78.2906
1197.99	81.2904
1199.91	84.2936
1201.84	87.1701
1203.77	89.7003
1205.7	91.7101
1207.63	93.3007
1209.56	94.6759
1211.49	96.1457
1213.42	98.2833
1215.35	100.895
1217.28	102.172
1219.21	101.066
1221.14	99.4552
1223.06	99.3461
1224.99	100.43
1226.92	101.367
1228.85	101.557
1230.78	100.9
1232.71	99.3169
1234.64	97.0616
1236.57	94.5957
1238.5	92.2601
1240.43	90.2835
1242.36	88.7547
1244.28	87.6299
1246.21	86.8823
1248.14	86.5007
1250.07	86.4093
1252	86.5113
1253.93	86.7123
1255.86	86.8989
1257.79	86.9791
1259.72	86.906
1261.65	86.6676
1263.58	86.293
1265.51	85.8209
1267.43	85.2571
1269.36	84.5947
1271.29	83.8508
1273.22	83.0665
1275.15	82.2793
1277.08	81.4683
1279.01	80.5026
1280.94	79.1497
1282.87	77.1432
1284.8	74.2123
1286.73	70.1743
1288.65	65.3434
1290.58	60.8223
1292.51	57.9475
1294.44	57.4485
1296.37	59.2084
1298.3	62.4745
1300.23	66.207
1302.16	69.5165
1304.09	71.9305
1306.02	73.2678
1307.95	73.4814
1309.87	72.7781
1311.8	71.7197
1313.73	70.9927
1315.66	70.8612
1317.59	71.0218
1319.52	71.2535
1321.45	71.8201
1323.38	73.0232
1325.31	74.847
1327.24	77.0848
1329.17	79.5392
1331.1	82.1121
1333.02	84.6222
1334.95	86.7935
1336.88	88.5779
1338.81	90.0806
1340.74	91.3118
1342.67	92.4292
1344.6	93.7757
1346.53	95.4599
1348.46	97.2511
1350.39	98.8529
1352.32	100.077
1354.24	100.801
1356.17	101.049
1358.1	101.076
1360.03	101.182
1361.96	101.381
1363.89	101.095
1365.82	99.8581
1367.75	98.3204
1369.68	97.6356
1371.61	97.875
1373.54	97.7842
1375.47	96.6665
1377.39	95.3725
1379.32	94.5756
1381.25	94.1376
1383.18	93.89
1385.11	93.6782
1387.04	93.2215
1388.97	92.5331
1390.9	91.8831
1392.83	91.2287
1394.76	90.4379
1396.69	89.4878
1398.61	88.3384
1400.54	87.222
1402.47	86.5645
1404.4	86.4939
1406.33	86.8736
1408.26	87.4759
1410.19	88.2109
1412.12	89.0785
1414.05	89.9374
1415.98	90.6842
1417.91	91.2893
1419.83	91.6341
1421.76	91.7333
1423.69	91.6547
1425.62	91.4194
1427.55	91.0758
1429.48	90.4997
1431.41	89.6416
1433.34	88.7523
1435.27	87.7964
1437.2	86.6132
1439.13	85.6385
1441.06	85.0723
1442.98	84.6162
1444.91	84.0695
1446.84	83.2558
1448.77	81.9992
1450.7	80.7519
1452.63	80.2786
1454.56	80.729
1456.49	82.0344
1458.42	83.573
1460.35	84.6318
1462.28	85.663
1464.2	86.9389
1466.13	88.1124
1468.06	88.9966
1469.99	89.9697
1471.92	91.106
1473.85	91.8624
1475.78	92.1445
1477.71	92.433
1479.64	92.824
1481.57	93.2878
1483.5	93.8204
1485.43	94.3897
1487.35	94.9784
1489.28	95.4501
1491.21	95.6321
1493.14	95.7811
1495.07	96.1233
1497	96.5074
1498.93	96.6455
1500.86	96.6747
1502.79	96.8401
1504.72	97.2083
1506.65	97.6471
1508.57	97.6458
1510.5	97.4078
1512.43	97.3503
1514.36	97.4844
1516.29	97.6589
1518.22	97.7596
1520.15	97.7864
1522.08	97.7573
1524.01	97.7223
1525.94	97.683
1527.87	97.6183
1529.8	97.5976
1531.72	97.6501
1533.65	97.6618
1535.58	97.6177
1537.51	97.7317
1539.44	98.0926
1541.37	98.2401
1543.3	97.8703
1545.23	97.5164
1547.16	97.393
1549.09	97.4024
1551.02	97.3936
1552.94	97.3905
1554.87	97.5557
1556.8	97.8696
1558.73	97.9073
1560.66	97.4839
1562.59	97.1896
1564.52	97.0838
1566.45	97.0812
1568.38	97.0899
1570.31	96.9758
1572.24	96.8625
1574.16	96.9074
1576.09	96.9496
1578.02	96.7522
1579.95	96.5081
1581.88	96.3724
1583.81	96.301
1585.74	96.2421
1587.67	96.1657
1589.6	96.079
1591.53	96.0298
1593.46	96.0214
1595.39	95.9909
1597.31	95.8846
1599.24	95.725
1601.17	95.5848
1603.1	95.4642
1605.03	95.303
1606.96	95.1135
1608.89	94.8774
1610.82	94.564
1612.75	94.3331
1614.68	94.2036
1616.61	93.7914
1618.53	93.0701
1620.46	92.4444
1622.39	91.6998
1624.32	90.6528
1626.25	89.5802
1628.18	88.3405
1630.11	86.8597
1632.04	85.5902
1633.97	84.4439
1635.9	82.9112
1637.83	82.0526
1639.76	83.2389
1641.68	85.8479
1643.61	88.7366
1645.54	91.3617
1647.47	93.3325
1649.4	94.2477
1651.33	94.6772
1653.26	95.0788
1655.19	95.0972
1657.12	94.9275
1659.05	94.9422
1660.98	95.0494
1662.9	94.9735
1664.83	94.7767
1666.76	94.7276
1668.69	94.7509
1670.62	94.5173
1672.55	94.158
1674.48	93.8716
1676.41	93.3689
1678.34	92.7234
1680.27	92.3212
1682.2	92.015
1684.12	91.4153
1686.05	90.6078
1687.98	89.6895
1689.91	88.5864
1691.84	87.3716
1693.77	85.8666
1695.7	83.95
1697.63	81.8061
1699.56	78.8774
1701.49	75.1075
1703.42	71.7921
1705.35	68.6867
1707.27	65.104
1709.2	61.8857
1711.13	59.5215
1713.06	57.4901
1714.99	55.9891
1716.92	55.3795
1718.85	55.1996
1720.78	56.0918
1722.71	58.6754
1724.64	62.545
1726.57	67.4252
1728.49	73.0464
1730.42	78.8423
1732.35	85.2588
1734.28	93.0665
1736.21	99.7991
1738.14	103.826
1740.07	106.542
1742	108.711
1743.93	109.961
1745.86	110.657
1747.79	111.29
1749.72	111.577
1751.64	111.48
1753.57	111.217
1755.5	110.64
1757.43	109.937
1759.36	109.346
1761.29	108.496
1763.22	107.284
1765.15	106.134
1767.08	105.161
1769.01	104.387
1770.94	103.881
1772.86	103.257
1774.79	102.312
1776.72	101.489
1778.65	100.966
1780.58	100.645
1782.51	100.466
1784.44	100.334
1786.37	100.174
1788.3	100.058
1790.23	100.012
1792.16	99.8712
1794.08	99.5481
1796.01	99.2724
1797.94	99.1613
1799.87	99.079
1801.8	98.8881
1803.73	98.6798
1805.66	98.5629
1807.59	98.5214
1809.52	98.5151
1811.45	98.4853
1813.38	98.3928
1815.31	98.2994
1817.23	98.2677
1819.16	98.2891
1821.09	98.3201
1823.02	98.3062
1824.95	98.2614
1826.88	98.2953
1828.81	98.3896
1830.74	98.4161
1832.67	98.4112
1834.6	98.4337
1836.53	98.3844
1838.45	98.2478
1840.38	98.1892
1842.31	98.2987
1844.24	98.4938
1846.17	98.5808
1848.1	98.5066
1850.03	98.3768
1851.96	98.2941
1853.89	98.3264
1855.82	98.4456
1857.75	98.498
1859.68	98.3876
1861.6	98.2507
1863.53	98.2823
1865.46	98.4894
1867.39	98.7114
1869.32	98.7614
1871.25	98.6573
1873.18	98.5536
1875.11	98.481
1877.04	98.4497
1878.97	98.5001
1880.9	98.5577
1882.82	98.5383
1884.75	98.549
1886.68	98.6687
1888.61	98.7198
1890.54	98.5848
1892.47	98.5053
1894.4	98.6547
1896.33	98.8229
1898.26	98.8317
1900.19	98.8339
1902.12	98.8911
1904.05	98.8472
1905.97	98.7744
1907.9	98.8956
1909.83	99.1389
1911.76	99.3047
1913.69	99.3772
1915.62	99.3238
1917.55	99.0997
1919.48	98.8911
1921.41	98.836
1923.34	98.8344
1925.27	98.8764
1927.19	99.0402
1929.12	99.2378
1931.05	99.3268
1932.98	99.3031
1934.91	99.2379
1936.84	99.1987
1938.77	99.2252
1940.7	99.2481
1942.63	99.2021
1944.56	99.2268
1946.49	99.3996
1948.41	99.5414
1950.34	99.6156
1952.27	99.7548
1954.2	99.7737
1956.13	99.4205
1958.06	99.0356
1959.99	99.1263
1961.92	99.6209
1963.85	100.081
1965.78	100.167
1967.71	99.8091
1969.64	99.4133
1971.56	99.4619
1973.49	99.8312
1975.42	100.055
1977.35	100.021
1979.28	99.9214
1981.21	99.8452
1983.14	99.8115
1985.07	99.8555
1987	99.9361
1988.93	99.9399
1990.86	99.7847
1992.78	99.5632
1994.71	99.5683
1996.64	99.8937
1998.57	100.167
2000.5	100.061
2002.43	99.8675
2004.36	100
2006.29	100.31
2008.22	100.466
2010.15	100.498
2012.08	100.464
2014.01	100.228
2015.93	99.8613
2017.86	99.7435
2019.79	100.027
2021.72	100.365
2023.65	100.365
2025.58	100.114
2027.51	100.049
2029.44	100.285
2031.37	100.47
2033.3	100.377
2035.23	100.158
2037.15	99.9452
2039.08	99.7311
2041.01	99.6626
2042.94	99.9237
2044.87	100.32
2046.8	100.447
2048.73	100.222
2050.66	99.8908
2052.59	99.6681
2054.52	99.6583
2056.45	99.8319
2058.37	99.9356
2060.3	99.7924
2062.23	99.6101
2064.16	99.6073
2066.09	99.6479
2068.02	99.6125
2069.95	99.6864
2071.88	99.9321
2073.81	100.058
2075.74	99.8921
2077.67	99.6656
2079.6	99.5781
2081.52	99.5208
2083.45	99.4248
2085.38	99.4348
2087.31	99.5395
2089.24	99.506
2091.17	99.344
2093.1	99.3519
2095.03	99.59
2096.96	99.7501
2098.89	99.6473
2100.82	99.4759
2102.74	99.4391
2104.67	99.4471
2106.6	99.3799
2108.53	99.3618
2110.46	99.4876
2112.39	99.5918
2114.32	99.585
2116.25	99.6279
2118.18	99.7722
2120.11	99.8497
2122.04	99.7823
2123.97	99.6751
2125.89	99.6393
2127.82	99.6819
2129.75	99.7263
2131.68	99.7679
2133.61	99.9228
2135.54	100.141
2137.47	100.179
2139.4	100.085
2141.33	100.163
2143.26	100.344
2145.19	100.33
2147.11	100.244
2149.04	100.347
2150.97	100.451
2152.9	100.359
2154.83	100.3
2156.76	100.42
2158.69	100.505
2160.62	100.416
2162.55	100.224
2164.48	100.061
2166.41	100.062
2168.33	100.117
2170.26	100.014
2172.19	99.9548
2174.12	100.142
2176.05	100.191
2177.98	99.9173
2179.91	99.8243
2181.84	100.045
2183.77	100.104
2185.7	100.018
2187.63	100.217
2189.56	100.56
2191.48	100.595
2193.41	100.4
2195.34	100.305
2197.27	100.305
2199.2	100.272
2201.13	100.262
2203.06	100.257
2204.99	100.135
2206.92	100.07
2208.85	100.263
2210.78	100.391
2212.7	100.17
2214.63	100.04
2216.56	100.36
2218.49	100.662
2220.42	100.48
2222.35	100.105
2224.28	99.9648
2226.21	100.014
2228.14	100.031
2230.07	99.9867
2232	99.9749
2233.93	99.9899
2235.85	99.9257
2237.78	99.7822
2239.71	99.6847
2241.64	99.6553
2243.57	99.6489
2245.5	99.7551
2247.43	100.007
2249.36	100.193
2251.29	100.177
2253.22	100.087
2255.15	100.018
2257.07	99.9801
2259	100.033
2260.93	100.127
2262.86	100.128
2264.79	100.093
2266.72	100.134
2268.65	100.2
2270.58	100.238
2272.51	100.194
2274.44	99.9486
2276.37	99.6155
2278.29	99.5044
2280.22	99.6238
2282.15	99.7549
2284.08	99.8563
2286.01	99.9703
2287.94	100.056
2289.87	100.107
2291.8	100.152
2293.73	100.193
2295.66	100.274
2297.59	100.466
2299.52	100.767
2301.44	101.065
2303.37	101.251
2305.3	101.423
2307.23	101.822
2309.16	102.386
2311.09	102.766
2313.02	102.929
2314.95	103.233
2316.88	103.84
2318.81	104.575
2320.74	105.172
2322.66	105.532
2324.59	105.896
2326.52	106.465
2328.45	107.013
2330.38	107.261
2332.31	107.415
2334.24	107.836
2336.17	108.415
2338.1	108.756
2340.03	108.806
2341.96	108.851
2343.89	108.525
2345.81	107.286
2347.74	106.046
2349.67	105.812
2351.6	106.736
2353.53	108.438
2355.46	110.137
2357.39	111.336
2359.32	111.895
2361.25	111.786
2363.18	111.295
2365.11	110.431
2367.03	109.163
2368.96	107.848
2370.89	106.593
2372.82	105.275
2374.75	103.963
2376.68	102.734
2378.61	101.569
2380.54	100.551
2382.47	99.7713
2384.4	99.17
2386.33	98.6866
2388.26	98.3955
2390.18	98.3164
2392.11	98.3025
2394.04	98.2458
2395.97	98.1731
2397.9	98.1146
2399.83	98.0664
2401.76	98.0345
2403.69	98.0556
2405.62	98.1719
2407.55	98.3008
2409.48	98.271
2411.4	98.1162
2413.33	98.0466
2415.26	98.1018
2417.19	98.1597
2419.12	98.1608
2421.05	98.1069
2422.98	98.0451
2424.91	98.0682
2426.84	98.15
2428.77	98.1481
2430.7	98.0517
2432.62	97.9857
2434.55	97.9798
2436.48	97.9531
2438.41	97.9005
2440.34	97.9298
2442.27	98.068
2444.2	98.1686
2446.13	98.1085
2448.06	97.9445
2449.99	97.8099
2451.92	97.7899
2453.85	97.8799
2455.77	97.9858
2457.7	98.0388
2459.63	98.07
2461.56	98.0852
2463.49	98.029
2465.42	97.9338
2467.35	97.9082
2469.28	97.9619
2471.21	98.0162
2473.14	98.0689
2475.07	98.1899
2476.99	98.345
2478.92	98.3801
2480.85	98.2467
2482.78	98.1067
2484.71	98.1242
2486.64	98.2401
2488.57	98.2652
2490.5	98.1799
2492.43	98.1689
2494.36	98.2889
2496.29	98.3622
2498.22	98.3152
2500.14	98.2842
2502.07	98.3216
2504	98.3507
2505.93	98.3646
2507.86	98.393
2509.79	98.3943
2511.72	98.3152
2513.65	98.1718
2515.58	98.07
2517.51	98.1247
2519.44	98.3111
2521.36	98.5004
2523.29	98.5907
2525.22	98.5136
2527.15	98.3331
2529.08	98.2863
2531.01	98.4231
2532.94	98.4865
2534.87	98.3968
2536.8	98.3512
2538.73	98.3875
2540.66	98.4048
2542.58	98.4181
2544.51	98.4151
2546.44	98.3403
2548.37	98.2862
2550.3	98.3034
2552.23	98.2803
2554.16	98.2376
2556.09	98.2896
2558.02	98.335
2559.95	98.2684
2561.88	98.2641
2563.81	98.4436
2565.73	98.5877
2567.66	98.4983
2569.59	98.3406
2571.52	98.3306
2573.45	98.3718
2575.38	98.3272
2577.31	98.3378
2579.24	98.5121
2581.17	98.6724
2583.1	98.7131
2585.03	98.7662
2586.95	98.841
2588.88	98.7714
2590.81	98.569
2592.74	98.4313
2594.67	98.4158
2596.6	98.391
2598.53	98.2884
2600.46	98.1807
2602.39	98.1067
2604.32	98.0372
2606.25	98.0195
2608.18	98.0991
2610.1	98.1607
2612.03	98.1099
2613.96	98.0564
2615.89	98.0895
2617.82	98.0971
2619.75	97.9762
2621.68	97.8207
2623.61	97.7767
2625.54	97.8456
2627.47	97.9204
2629.4	97.9357
2631.32	97.8908
2633.25	97.8063
2635.18	97.7487
2637.11	97.7779
2639.04	97.8306
2640.97	97.8051
2642.9	97.7198
2644.83	97.6448
2646.76	97.6036
2648.69	97.6133
2650.62	97.6607
2652.54	97.6606
2654.47	97.5851
2656.4	97.5278
2658.33	97.5335
2660.26	97.5167
2662.19	97.422
2664.12	97.3265
2666.05	97.3137
2667.98	97.3464
2669.91	97.3459
2671.84	97.3278
2673.77	97.344
2675.69	97.3555
2677.62	97.3099
2679.55	97.2668
2681.48	97.2977
2683.41	97.3519
2685.34	97.3412
2687.27	97.2648
2689.2	97.1837
2691.13	97.1475
2693.06	97.1616
2694.99	97.1818
2696.91	97.1731
2698.84	97.1661
2700.77	97.1808
2702.7	97.1458
2704.63	97.019
2706.56	96.9108
2708.49	96.9307
2710.42	97.0178
2712.35	97.0721
2714.28	97.1031
2716.21	97.1248
2718.14	97.093
2720.06	97.0212
2721.99	96.9734
2723.92	96.9434
2725.85	96.8903
2727.78	96.8339
2729.71	96.8028
2731.64	96.7656
2733.57	96.6941
2735.5	96.6407
2737.43	96.6696
2739.36	96.7436
2741.28	96.7797
2743.21	96.7832
2745.14	96.8027
2747.07	96.8279
2749	96.8445
2750.93	96.8727
2752.86	96.8971
2754.79	96.8947
2756.72	96.8923
2758.65	96.8902
2760.58	96.8608
2762.51	96.8556
2764.43	96.9244
2766.36	96.9813
2768.29	96.9454
2770.22	96.8799
2772.15	96.8393
2774.08	96.7889
2776.01	96.7585
2777.94	96.8101
2779.87	96.8565
2781.8	96.7988
2783.73	96.7297
2785.65	96.7282
2787.58	96.6907
2789.51	96.5867
2791.44	96.5605
2793.37	96.6421
2795.3	96.6904
2797.23	96.6553
2799.16	96.6063
2801.09	96.5645
2803.02	96.5154
2804.95	96.4851
2806.87	96.4921
2808.8	96.5152
2810.73	96.5222
2812.66	96.4762
2814.59	96.3698
2816.52	96.2578
2818.45	96.1878
2820.38	96.1396
2822.31	96.0815
2824.24	95.9974
2826.17	95.879
2828.1	95.775
2830.02	95.7413
2831.95	95.7166
2833.88	95.629
2835.81	95.527
2837.74	95.4141
2839.67	95.2006
2841.6	94.929
2843.53	94.7158
2845.46	94.5207
2847.39	94.2858
2849.32	94.0664
2851.24	93.8279
2853.17	93.4727
2855.1	93.0714
2857.03	92.7132
2858.96	92.3129
2860.89	91.8101
2862.82	91.3287
2864.75	91.0039
2866.68	90.8052
2868.61	90.6021
2870.54	90.3581
2872.47	90.182
2874.39	90.1702
2876.32	90.3375
2878.25	90.6789
2880.18	91.0968
2882.11	91.374
2884.04	91.4368
2885.97	91.4591
2887.9	91.5677
2889.83	91.6948
2891.76	91.7725
2893.69	91.8426
2895.61	91.947
2897.54	92.0334
2899.47	92.0138
2901.4	91.9369
2903.33	91.9836
2905.26	92.1472
2907.19	92.1481
2909.12	91.888
2911.05	91.6572
2912.98	91.6604
2914.91	91.7242
2916.83	91.6336
2918.76	91.3875
2920.69	91.0187
2922.62	90.4731
2924.55	89.7445
2926.48	88.9686
2928.41	88.3451
2930.34	87.9948
2932.27	87.943
2934.2	88.213
2936.13	88.738
2938.06	89.2538
2939.98	89.5889
2941.91	89.8835
2943.84	90.1882
2945.77	90.2116
2947.7	89.7905
2949.63	89.1686
2951.56	88.5825
2953.49	88.0228
2955.42	87.4643
2957.35	86.9879
2959.28	86.7499
2961.2	86.9451
2963.13	87.6387
2965.06	88.7351
2966.99	90.1603
2968.92	91.7023
2970.85	92.799
2972.78	93.12
2974.71	93.0408
2976.64	93.012
2978.57	93.1064
2980.5	93.3264
2982.43	93.6685
2984.35	94.0177
2986.28	94.4198
2988.21	95.015
2990.14	95.5829
2992.07	95.8339
2994	95.9981
2995.93	96.4197
2997.86	96.9339
2999.79	97.2424
3001.72	97.4528
3003.65	97.7691
3005.57	98.0542
3007.5	98.079
3009.43	97.9526
3011.36	98.0116
3013.29	98.3853
3015.22	98.8428
3017.15	99.0594
3019.08	98.9835
3021.01	98.8563
3022.94	98.8558
3024.87	98.9256
3026.79	99.0014
3028.72	99.1184
3030.65	99.2229
3032.58	99.1953
3034.51	99.0611
3036.44	98.8812
3038.37	98.6142
3040.3	98.3214
3042.23	98.1488
3044.16	98.0413
3046.09	97.9319
3048.02	97.9629
3049.94	98.0953
3051.87	98.0544
3053.8	97.8858
3055.73	97.8354
3057.66	97.8269
3059.59	97.7342
3061.52	97.7027
3063.45	97.8036
3065.38	97.9487
3067.31	98.1179
3069.24	98.2343
3071.16	98.1959
3073.09	98.1544
3075.02	98.2333
3076.95	98.223
3078.88	98.0279
3080.81	97.8754
3082.74	97.8066
3084.67	97.6389
3086.6	97.4967
3088.53	97.6356
3090.46	97.8557
3092.39	97.8077
3094.31	97.5859
3096.24	97.4091
3098.17	97.2382
3100.1	97.1141
3102.03	97.1754
3103.96	97.2555
3105.89	97.16
3107.82	97.0485
3109.75	97.0458
3111.68	97.0644
3113.61	97.1155
3115.53	97.196
3117.46	97.1633
3119.39	97.0866
3121.32	97.1582
3123.25	97.2559
3125.18	97.1696
3127.11	96.9914
3129.04	96.9035
3130.97	96.9592
3132.9	97.1303
3134.83	97.2743
3136.75	97.2624
3138.68	97.231
3140.61	97.3657
3142.54	97.5247
3144.47	97.4322
3146.4	97.1595
3148.33	97.0535
3150.26	97.2026
3152.19	97.3384
3154.12	97.3318
3156.05	97.3128
3157.98	97.2655
3159.9	97.122
3161.83	97.0876
3163.76	97.2074
3165.69	97.1391
3167.62	96.8821
3169.55	96.8671
3171.48	97.0894
3173.41	97.1552
3175.34	97.0707
3177.27	97.0821
3179.2	97.119
3181.12	97.0207
3183.05	96.8824
3184.98	96.8541
3186.91	96.9144
3188.84	96.9672
3190.77	96.9949
3192.7	97.0308
3194.63	97.0758
3196.56	97.135
3198.49	97.1947
3200.42	97.1433
3202.35	96.9598
3204.27	96.814
3206.2	96.744
3208.13	96.6412
3210.06	96.6242
3211.99	96.8339
3213.92	97.0255
3215.85	96.9584
3217.78	96.8203
3219.71	96.8469
3221.64	96.9715
3223.57	97.0278
3225.49	96.9625
3227.42	96.8249
3229.35	96.7058
3231.28	96.6839
3233.21	96.8002
3235.14	96.9991
3237.07	97.0962
3239	96.9825
3240.93	96.7765
3242.86	96.6046
3244.79	96.4767
3246.72	96.4387
3248.64	96.5255
3250.57	96.6125
3252.5	96.5768
3254.43	96.4725
3256.36	96.4142
3258.29	96.4524
3260.22	96.5646
3262.15	96.6344
3264.08	96.5516
3266.01	96.3892
3267.94	96.3272
3269.86	96.4294
3271.79	96.6219
3273.72	96.7812
3275.65	96.7922
3277.58	96.6577
3279.51	96.5023
3281.44	96.3925
3283.37	96.3244
3285.3	96.3546
3287.23	96.4778
3289.16	96.4947
3291.08	96.3017
3293.01	96.1143
3294.94	96.1386
3296.87	96.2547
3298.8	96.24
3300.73	96.103
3302.66	96.0181
3304.59	96.0436
3306.52	96.0773
3308.45	96.0542
3310.38	96.0065
3312.31	95.9284
3314.23	95.8187
3316.16	95.8144
3318.09	95.9816
3320.02	96.0957
3321.95	95.9664
3323.88	95.7783
3325.81	95.7696
3327.74	95.8458
3329.67	95.8045
3331.6	95.6751
3333.53	95.5917
3335.45	95.5644
3337.38	95.5406
3339.31	95.5069
3341.24	95.4624
3343.17	95.4266
3345.1	95.4442
3347.03	95.4785
3348.96	95.4302
3350.89	95.3364
3352.82	95.3378
3354.75	95.4186
3356.68	95.4259
3358.6	95.355
3360.53	95.3446
3362.46	95.3843
3364.39	95.3348
3366.32	95.2372
3368.25	95.2527
3370.18	95.3215
3372.11	95.2528
3374.04	95.0666
3375.97	94.9563
3377.9	95.0521
3379.82	95.3306
3381.75	95.5755
3383.68	95.5456
3385.61	95.3246
3387.54	95.2163
3389.47	95.2613
3391.4	95.2549
3393.33	95.1524
3395.26	95.0799
3397.19	95.0666
3399.12	95.0568
3401.04	95.0413
3402.97	95.0143
3404.9	94.9583
3406.83	94.9149
3408.76	94.916
3410.69	94.9097
3412.62	94.882
3414.55	94.9061
3416.48	94.9995
3418.41	95.0915
3420.34	95.1338
3422.27	95.124
3424.19	95.0561
3426.12	94.9239
3428.05	94.7908
3429.98	94.7901
3431.91	94.933
3433.84	95.0717
3435.77	95.2027
3437.7	95.4259
3439.63	95.5442
3441.56	95.3258
3443.49	95.061
3445.41	95.1658
3447.34	95.4903
3449.27	95.5742
3451.2	95.3963
3453.13	95.3435
3455.06	95.5239
3456.99	95.5988
3458.92	95.4355
3460.85	95.3394
3462.78	95.403
3464.71	95.3701
3466.64	95.2241
3468.56	95.1876
3470.49	95.3038
3472.42	95.4378
3474.35	95.4309
3476.28	95.2388
3478.21	95.053
3480.14	95.0374
3482.07	95.0792
3484	95.0279
3485.93	94.9238
3487.86	94.8692
3489.78	94.8794
3491.71	94.8423
3493.64	94.6978
3495.57	94.613
3497.5	94.7067
3499.43	94.8254
3501.36	94.8803
3503.29	94.9489
3505.22	94.9808
3507.15	94.9212
3509.08	94.917
3511	95.0169
3512.93	95.025
3514.86	94.8864
3516.79	94.7885
3518.72	94.7704
3520.65	94.6439
3522.58	94.4249
3524.51	94.3792
3526.44	94.529
3528.37	94.6729
3530.3	94.7975
3532.23	94.916
3534.15	94.9092
3536.08	94.7934
3538.01	94.6768
3539.94	94.5739
3541.87	94.5722
3543.8	94.7337
3545.73	94.7889
3547.66	94.5542
3549.59	94.3805
3551.52	94.5612
3553.45	94.967
3555.37	95.299
3557.3	95.3563
3559.23	95.1063
3561.16	94.8126
3563.09	94.898
3565.02	95.4322
3566.95	95.9401
3568.88	95.8824
3570.81	95.5449
3572.74	95.3993
3574.67	95.4547
3576.6	95.4906
3578.52	95.4465
3580.45	95.5431
3582.38	95.948
3584.31	96.4288
3586.24	96.5989
3588.17	96.5071
3590.1	96.6113
3592.03	96.842
3593.96	96.8786
3595.89	96.8631
3597.82	97.1071
3599.74	97.42
3601.67	97.4756
3603.6	97.3569
3605.53	97.2716
3607.46	97.2092
3609.39	97.1535
3611.32	97.2083
3613.25	97.3812
3615.18	97.5351
3617.11	97.5469
3619.04	97.4112
3620.97	97.2907
3622.89	97.3961
3624.82	97.75
3626.75	98.2601
3628.68	98.6085
3630.61	98.4117
3632.54	97.9757
3634.47	97.6608
3636.4	97.4937
3638.33	97.378
3640.26	97.278
3642.19	97.3293
3644.11	97.6978
3646.04	98.3422
3647.97	98.9244
3649.9	98.8576
3651.83	98.3891
3653.76	98.1988
3655.69	98.1924
3657.62	97.9783
3659.55	97.5972
3661.48	97.4527
3663.41	97.6218
3665.33	97.8049
3667.26	97.869
3669.19	98.0253
3671.12	98.3836
3673.05	98.7139
3674.98	98.7878
3676.91	98.5015
3678.84	98.1713
3680.77	98.0159
3682.7	97.8817
3684.63	97.79
3686.56	98.041
3688.48	98.6552
3690.41	98.9746
3692.34	98.7479
3694.27	98.533
3696.2	98.528
3698.13	98.5933
3700.06	98.6168
3701.99	98.5931
3703.92	98.5226
3705.85	98.3662
3707.78	98.1851
3709.7	98.1734
3711.63	98.3042
3713.56	98.2662
3715.49	98.2106
3717.42	98.4159
3719.35	98.7163
3721.28	98.7744
3723.21	98.6396
3725.14	98.5866
3727.07	98.6771
3729	98.7963
3730.93	98.8749
3732.85	98.9942
3734.78	99.1915
3736.71	99.1305
3738.64	98.7512
3740.57	98.452
3742.5	98.3464
3744.43	98.3798
3746.36	98.5829
3748.29	98.8275
3750.22	98.8378
3752.15	98.5941
3754.07	98.4162
3756	98.2738
3757.93	98.0316
3759.86	97.8351
3761.79	97.8352
3763.72	97.9549
3765.65	98.1247
3767.58	98.2392
3769.51	98.1394
3771.44	97.907
3773.37	97.8187
3775.29	97.9265
3777.22	98.064
3779.15	98.0697
3781.08	97.939
3783.01	97.8156
3784.94	97.7982
3786.87	97.8316
3788.8	97.7906
3790.73	97.7015
3792.66	97.7116
3794.59	97.8543
3796.52	98.0198
3798.44	98.1697
3800.37	98.3483
3802.3	98.4594
3804.23	98.4185
3806.16	98.3188
3808.09	98.1699
3810.02	97.9676
3811.95	97.8644
3813.88	97.9788
3815.81	98.1808
3817.74	98.1556
3819.66	97.9801
3821.59	97.9803
3823.52	98.1156
3825.45	98.136
3827.38	98.0781
3829.31	98.0585
3831.24	98.0703
3833.17	98.1226
3835.1	98.266
3837.03	98.3874
3838.96	98.2986
3840.89	98.0446
3842.81	97.7846
3844.74	97.6455
3846.67	97.7771
3848.6	98.1333
3850.53	98.4813
3852.46	98.5955
3854.39	98.353
3856.32	98.0046
3858.25	97.8094
3860.18	97.7947
3862.11	97.8777
3864.03	97.9232
3865.96	97.9503
3867.89	98.0348
3869.82	98.053
3871.75	97.8854
3873.68	97.7172
3875.61	97.7062
3877.54	97.7364
3879.47	97.7186
3881.4	97.7697
3883.33	97.917
3885.25	97.959
3887.18	97.9063
3889.11	98.0135
3891.04	98.2409
3892.97	98.2604
3894.9	98.0443
3896.83	97.8936
3898.76	97.9484
3900.69	98.0846
3902.62	98.0372
3904.55	97.8004
3906.48	97.6677
3908.4	97.7357
3910.33	97.812
3912.26	97.771
3914.19	97.7116
3916.12	97.7623
3918.05	97.8468
3919.98	97.7953
3921.91	97.6667
3923.84	97.6607
3925.77	97.7842
3927.7	97.8289
3929.62	97.7472
3931.55	97.7261
3933.48	97.8449
3935.41	97.9215
3937.34	97.8559
3939.27	97.7741
3941.2	97.7589
3943.13	97.6825
3945.06	97.4767
3946.99	97.3414
3948.92	97.441
3950.85	97.6566
3952.77	97.7858
3954.7	97.7896
3956.63	97.7031
3958.56	97.5573
3960.49	97.4181
3962.42	97.3656
3964.35	97.4431
3966.28	97.62
3968.21	97.7741
3970.14	97.7675
3972.07	97.6112
3973.99	97.4553
3975.92	97.3838
3977.85	97.3665
3979.78	97.3892
3981.71	97.4508
3983.64	97.4853
3985.57	97.4529
3987.5	97.4251
3989.43	97.4598
3991.36	97.4981
3993.29	97.4697
3995.22	97.4326
3997.14	97.5071
