499.643	84.9418
501.572	86.8465
503.501	88.2623
505.43	88.4671
507.36	88.8084
509.289	88.8532
511.218	88.5287
513.147	89.2169
515.076	90.8482
517.005	91.4686
518.934	90.2818
520.863	88.8091
522.792	88.3504
524.722	88.794
526.651	89.3475
528.58	89.3388
530.509	88.879
532.438	88.7365
534.367	89.3622
536.296	90.1195
538.225	90.213
540.155	90.0415
542.084	90.3701
544.013	90.9467
545.942	91.218
547.871	91.2841
549.8	91.1794
551.729	90.6651
553.658	90.1568
555.588	90.235
557.517	90.5304
559.446	90.5354
561.375	90.5819
563.304	90.8412
565.233	90.8278
567.162	90.565
569.091	90.6146
571.021	90.8826
572.95	90.8495
574.879	90.5656
576.808	90.4156
578.737	90.4515
580.666	90.4637
582.595	90.2828
584.524	89.8278
586.454	89.1452
588.383	88.4058
590.312	87.7638
592.241	87.2961
594.17	87.0481
596.099	86.9872
598.028	87.0056
599.957	87.0877
601.887	87.3306
603.816	87.7194
605.745	88.1045
607.674	88.4471
609.603	88.8788
611.532	89.4791
613.461	90.1216
615.39	90.5642
617.32	90.6824
619.249	90.6024
621.178	90.5088
623.107	90.4487
625.036	90.4117
626.965	90.4025
628.894	90.375
630.823	90.2044
632.753	89.8298
634.682	89.3946
636.611	89.0263
638.54	88.5079
640.469	87.515
642.398	86.135
644.327	84.786
646.256	83.666
648.186	82.7294
650.115	82.0642
652.044	81.8005
653.973	81.9452
655.902	82.4373
657.831	83.16
659.76	84.1243
661.689	85.298
663.619	86.47
665.548	87.9372
667.477	90.2527
669.406	91.9885
671.335	92.0235
673.264	92.0038
675.193	92.472
677.122	93.0307
679.052	93.4588
680.981	93.8108
682.91	93.9955
684.839	94.0517
686.768	94.1247
688.697	94.1944
690.626	94.2491
692.555	94.3373
694.485	94.4229
696.414	94.457
698.343	94.405
700.272	94.2314
702.201	94.0687
704.13	94.1139
706.059	94.2688
707.988	94.2815
709.917	94.1809
711.847	94.1414
713.776	94.1509
715.705	94.1761
717.634	94.2928
719.563	94.4018
721.492	94.2791
723.421	94.0379
725.35	93.9769
727.28	94.0527
729.209	93.986
731.138	93.7207
733.067	93.4161
734.996	93.1523
736.925	92.9027
738.854	92.6632
740.783	92.4796
742.713	92.3892
744.642	92.3819
746.571	92.4276
748.5	92.5262
750.429	92.6899
752.358	92.8921
754.287	93.0845
756.216	93.2496
758.146	93.3959
760.075	93.5212
762.004	93.625
763.933	93.7385
765.862	93.8738
767.791	93.9676
769.72	93.9694
771.649	93.9334
773.579	93.9229
775.508	93.9154
777.437	93.8747
779.366	93.7966
781.295	93.6695
783.224	93.5084
785.153	93.3722
787.082	93.252
789.012	93.0283
790.941	92.6144
792.87	92.0566
794.799	91.4306
796.728	90.7021
798.657	89.7584
800.586	88.5188
802.515	86.897
804.445	84.6912
806.374	81.6842
808.303	77.995
810.232	74.374
812.161	71.9955
814.09	71.6987
816.019	73.3901
817.948	76.221
819.878	79.2459
821.807	81.9166
823.736	84.0954
825.665	85.7726
827.594	86.9477
829.523	87.7422
831.452	88.3262
833.381	88.701
835.311	88.7991
837.24	88.6815
839.169	88.3978
841.098	87.8865
843.027	87.2164
844.956	86.6526
846.885	86.3723
848.814	86.3451
850.744	86.4841
852.673	86.7456
854.602	87.1175
856.531	87.5726
858.46	88.0366
860.389	88.436
862.318	88.7338
864.247	88.8773
866.177	88.809
868.106	88.542
870.035	88.1326
871.964	87.6322
873.893	87.0931
875.822	86.5175
877.751	85.8677
879.68	85.2235
881.609	84.7748
883.539	84.6025
885.468	84.6231
887.397	84.7213
889.326	84.8057
891.255	84.8168
893.184	84.7833
895.113	84.8175
897.042	85.0337
898.972	85.4983
900.901	86.2286
902.83	87.1907
904.759	88.2655
906.688	89.2446
908.617	89.9538
910.546	90.3716
912.475	90.5474
914.405	90.4714
916.334	90.1142
918.263	89.4818
920.192	88.5528
922.121	87.2533
924.05	85.5206
925.979	83.3129
927.908	80.5807
929.838	77.3245
931.767	73.6999
933.696	70.0527
935.625	66.8443
937.554	64.4827
939.483	63.1461
941.412	62.7674
943.341	63.1606
945.271	64.1131
947.2	65.4335
949.129	67.0055
951.058	68.7633
952.987	70.6089
954.916	72.4165
956.845	74.0924
958.774	75.6
960.704	77.003
962.633	78.491
964.562	80.2404
966.491	82.219
968.42	84.1952
970.349	85.9221
972.278	87.2649
974.207	88.2125
976.137	88.822
978.066	89.1359
979.995	89.1549
981.924	88.8897
983.853	88.3841
985.782	87.7034
987.711	86.9901
989.64	86.459
991.57	86.1855
993.499	85.9613
995.428	85.4584
997.357	84.4402
999.286	82.855
1001.22	80.9611
1003.14	79.2959
1005.07	78.261
1007	77.833
1008.93	77.8356
1010.86	78.2561
1012.79	79.0726
1014.72	79.9962
1016.65	80.6158
1018.58	80.6899
1020.51	80.1682
1022.44	79.0635
1024.36	77.5071
1026.29	75.8899
1028.22	74.676
1030.15	73.971
1032.08	73.4636
1034.01	72.8478
1035.94	72.1111
1037.87	71.4145
1039.8	70.9005
1041.73	70.6573
1043.66	70.7392
1045.58	71.153
1047.51	71.8361
1049.44	72.6639
1051.37	73.4584
1053.3	74.0265
1055.23	74.3178
1057.16	74.5392
1059.09	74.9435
1061.02	75.5238
1062.95	76.0314
1064.88	76.2167
1066.81	76.0374
1068.73	75.7588
1070.66	75.7882
1072.59	76.317
1074.52	77.229
1076.45	78.3198
1078.38	79.4332
1080.31	80.4582
1082.24	81.3224
1084.17	81.9564
1086.1	82.3026
1088.03	82.3907
1089.95	82.269
1091.88	81.877
1093.81	81.1506
1095.74	80.1832
1097.67	79.1247
1099.6	78.0194
1101.53	76.8409
1103.46	75.5835
1105.39	74.2461
1107.32	72.8073
1109.25	71.2593
1111.18	69.6168
1113.1	67.8973
1115.03	66.1336
1116.96	64.3679
1118.89	62.6084
1120.82	60.8516
1122.75	59.1367
1124.68	57.4925
1126.61	55.853
1128.54	54.0857
1130.47	52.0505
1132.4	49.6127
1134.32	46.7189
1136.25	43.5166
1138.18	40.3196
1140.11	37.4425
1142.04	35.1242
1143.97	33.541
1145.9	32.7792
1147.83	32.8
1149.76	33.4784
1151.69	34.6851
1153.62	36.3196
1155.55	38.2772
1157.47	40.4345
1159.4	42.6841
1161.33	44.929
1163.26	47.0457
1165.19	48.9192
1167.12	50.5046
1169.05	51.8393
1170.98	53.0176
1172.91	54.1356
1174.84	55.262
1176.77	56.4791
1178.69	57.8758
1180.62	59.4725
1182.55	61.2451
1184.48	63.1935
1186.41	65.316
1188.34	67.5946
1190.27	70.0288
1192.2	72.6211
1194.13	75.3776
1196.06	78.3141
1197.99	81.3808
1199.91	84.4518
1201.84	87.3659
1203.77	89.8822
1205.7	91.8489
1207.63	93.412
1209.56	94.7648
1211.49	96.1924
1213.42	98.3231
1215.35	100.993
1217.28	102.271
1219.21	101.021
1221.14	99.256
1223.06	99.0922
1224.99	100.161
1226.92	101.045
1228.85	101.164
1230.78	100.451
1232.71	98.8161
1234.64	96.5071
1236.57	93.994
1238.5	91.6335
1240.43	89.6608
1242.36	88.1401
1244.28	87.0037
1246.21	86.2428
1248.14	85.8714
1250.07	85.8031
1252	85.9108
1253.93	86.0892
1255.86	86.2482
1257.79	86.3235
1259.72	86.2587
1261.65	86.0174
1263.58	85.6361
1265.51	85.1785
1267.43	84.6662
1269.36	84.0928
1271.29	83.4474
1273.22	82.7314
1275.15	81.9816
1277.08	81.2134
1279.01	80.3234
1280.94	79.0711
1282.87	77.1593
1284.8	74.3112
1286.73	70.3739
1288.65	65.6553
1290.58	61.1936
1292.51	58.2956
1294.44	57.7333
1296.37	59.4372
1298.3	62.6728
1300.23	66.4089
1302.16	69.7458
1304.09	72.1766
1306.02	73.5008
1307.95	73.6967
1309.87	73.0017
1311.8	71.962
1313.73	71.2156
1315.66	71.0119
1317.59	71.095
1319.52	71.302
1321.45	71.8997
1323.38	73.1433
1325.31	74.989
1327.24	77.2426
1329.17	79.7179
1331.1	82.2941
1333.02	84.7693
1334.95	86.8981
1336.88	88.6756
1338.81	90.2016
1340.74	91.455
1342.67	92.5943
1344.6	93.9698
1346.53	95.6725
1348.46	97.4613
1350.39	99.0517
1352.32	100.271
1354.24	101.007
1356.17	101.273
1358.1	101.293
1360.03	101.363
1361.96	101.546
1363.89	101.303
1365.82	100.13
1367.75	98.6232
1369.68	97.9346
1371.61	98.1647
1373.54	98.0636
1375.47	96.9166
1377.39	95.5855
1379.32	94.7593
1381.25	94.2845
1383.18	93.9828
1385.11	93.7035
1387.04	93.1679
1388.97	92.4227
1390.9	91.7737
1392.83	91.1642
1394.76	90.4205
1396.69	89.4886
1398.61	88.3498
1400.54	87.265
1402.47	86.6407
1404.4	86.5626
1406.33	86.8941
1408.26	87.4646
1410.19	88.2063
1412.12	89.0842
1414.05	89.9406
1415.98	90.6897
1417.91	91.3002
1419.83	91.6481
1421.76	91.7722
1423.69	91.7282
1425.62	91.4973
1427.55	91.128
1429.48	90.5179
1431.41	89.6229
1433.34	88.6999
1435.27	87.7106
1437.2	86.4877
1439.13	85.5041
1441.06	84.9695
1442.98	84.5327
1444.91	83.9558
1446.84	83.101
1448.77	81.8561
1450.7	80.6732
1452.63	80.2635
1454.56	80.743
1456.49	82.0301
1458.42	83.5248
1460.35	84.5497
1462.28	85.5406
1464.2	86.7718
1466.13	87.9251
1468.06	88.7989
1469.99	89.7487
1471.92	90.8793
1473.85	91.6569
1475.78	91.9148
1477.71	92.1561
1479.64	92.546
1481.57	93.0279
1483.5	93.5349
1485.43	94.07
1487.35	94.6867
1489.28	95.2356
1491.21	95.4627
1493.14	95.6094
1495.07	95.9349
1497	96.3439
1498.93	96.5851
1500.86	96.6923
1502.79	96.8539
1504.72	97.1786
1506.65	97.568
1508.57	97.5135
1510.5	97.2502
1512.43	97.2067
1514.36	97.3699
1516.29	97.5734
1518.22	97.7192
1520.15	97.7939
1522.08	97.7612
1524.01	97.692
1525.94	97.6414
1527.87	97.5767
1529.8	97.5435
1531.72	97.5823
1533.65	97.613
1535.58	97.6226
1537.51	97.7692
1539.44	98.0745
1541.37	98.1161
1543.3	97.7591
1545.23	97.4662
1547.16	97.3577
1549.09	97.3589
1551.02	97.363
1552.94	97.3793
1554.87	97.5481
1556.8	97.8776
1558.73	97.9493
1560.66	97.5
1562.59	97.1528
1564.52	97.0221
1566.45	97.0189
1568.38	97.0384
1570.31	96.9435
1572.24	96.8431
1574.16	96.8786
1576.09	96.8981
1578.02	96.6963
1579.95	96.4662
1581.88	96.3482
1583.81	96.2907
1585.74	96.2327
1587.67	96.1522
1589.6	96.0738
1591.53	96.0317
1593.46	95.9918
1595.39	95.8963
1597.31	95.7619
1599.24	95.6461
1601.17	95.5521
1603.1	95.4143
1605.03	95.2243
1606.96	95.0572
1608.89	94.8575
1610.82	94.5527
1612.75	94.3303
1614.68	94.2122
1616.61	93.7676
1618.53	92.9955
1620.46	92.3738
1622.39	91.6878
1624.32	90.7068
1626.25	89.6591
1628.18	88.4083
1630.11	86.9167
1632.04	85.6653
1633.97	84.5606
1635.9	83.0444
1637.83	82.1563
1639.76	83.3226
1641.68	85.9268
1643.61	88.802
1645.54	91.3957
1647.47	93.3227
1649.4	94.1993
1651.33	94.6036
1653.26	94.9939
1655.19	95.0171
1657.12	94.8635
1659.05	94.895
1660.98	94.9993
1662.9	94.8901
1664.83	94.6432
1666.76	94.5356
1668.69	94.5485
1670.62	94.4131
1672.55	94.1214
1674.48	93.7691
1676.41	93.1902
1678.34	92.5784
1680.27	92.2309
1682.2	91.9254
1684.12	91.3008
1686.05	90.4801
1687.98	89.5483
1689.91	88.4631
1691.84	87.3168
1693.77	85.8851
1695.7	83.9943
1697.63	81.8153
1699.56	78.7977
1701.49	74.9284
1703.42	71.584
1705.35	68.5374
1707.27	65.0382
1709.2	61.8493
1711.13	59.465
1713.06	57.4182
1714.99	55.9288
1716.92	55.3286
1718.85	55.1326
1720.78	56.0259
1722.71	58.6451
1724.64	62.5342
1726.57	67.348
1728.49	72.8405
1730.42	78.5514
1732.35	84.9969
1734.28	92.8966
1736.21	99.6544
1738.14	103.661
1740.07	106.381
1742	108.573
1743.93	109.818
1745.86	110.498
1747.79	111.165
1749.72	111.562
1751.64	111.584
1753.57	111.402
1755.5	110.874
1757.43	110.183
1759.36	109.567
1761.29	108.682
1763.22	107.42
1765.15	106.216
1767.08	105.239
1769.01	104.502
1770.94	103.971
1772.86	103.257
1774.79	102.316
1776.72	101.565
1778.65	101.065
1780.58	100.71
1782.51	100.482
1784.44	100.305
1786.37	100.129
1788.3	100.029
1790.23	99.9996
1792.16	99.8686
1794.08	99.5304
1796.01	99.1888
1797.94	99.0261
1799.87	98.9878
1801.8	98.873
1803.73	98.6709
1805.66	98.5381
1807.59	98.5086
1809.52	98.494
1811.45	98.3943
1813.38	98.2366
1815.31	98.1568
1817.23	98.1687
1819.16	98.1752
1821.09	98.2007
1823.02	98.2904
1824.95	98.349
1826.88	98.3563
1828.81	98.383
1830.74	98.3671
1832.67	98.2922
1834.6	98.254
1836.53	98.2099
1838.45	98.0978
1840.38	98.0465
1842.31	98.1712
1844.24	98.3571
1846.17	98.3791
1848.1	98.2829
1850.03	98.2248
1851.96	98.2128
1853.89	98.2224
1855.82	98.2788
1857.75	98.3187
1859.68	98.2402
1861.6	98.1582
1863.53	98.285
1865.46	98.5884
1867.39	98.8211
1869.32	98.7873
1871.25	98.5934
1873.18	98.4372
1875.11	98.3427
1877.04	98.3133
1878.97	98.3868
1880.9	98.5013
1882.82	98.5355
1884.75	98.501
1886.68	98.5055
1888.61	98.5354
1890.54	98.4843
1892.47	98.4058
1894.4	98.4616
1896.33	98.6264
1898.26	98.7294
1900.19	98.7379
1902.12	98.6986
1904.05	98.6144
1905.97	98.5979
1907.9	98.7733
1909.83	98.9951
1911.76	99.0612
1913.69	99.0496
1915.62	99.0526
1917.55	98.9897
1919.48	98.8766
1921.41	98.8559
1923.34	98.9047
1925.27	98.8993
1927.19	98.8803
1929.12	98.9803
1931.05	99.1832
1932.98	99.3303
1934.91	99.3124
1936.84	99.1709
1938.77	99.0504
1940.7	99.0543
1942.63	99.1588
1944.56	99.2812
1946.49	99.3367
1948.41	99.2797
1950.34	99.2427
1952.27	99.3867
1954.2	99.5283
1956.13	99.4338
1958.06	99.3356
1959.99	99.5468
1961.92	99.937
1963.85	100.179
1965.78	100.098
1967.71	99.7754
1969.64	99.5537
1971.56	99.6067
1973.49	99.7427
1975.42	99.8123
1977.35	99.8472
1979.28	99.8442
1981.21	99.8138
1983.14	99.7908
1985.07	99.7345
1987	99.6954
1988.93	99.7458
1990.86	99.7013
1992.78	99.4912
1994.71	99.4717
1996.64	99.7471
1998.57	99.9347
2000.5	99.8944
2002.43	99.9006
2004.36	100.02
2006.29	100.08
2008.22	100.091
2010.15	100.114
2012.08	100.066
2014.01	99.9779
2015.93	99.9953
2017.86	100.085
2019.79	100.137
2021.72	100.179
2023.65	100.22
2025.58	100.196
2027.51	100.161
2029.44	100.169
2031.37	100.07
2033.3	99.8336
2035.23	99.7789
2037.15	100.022
2039.08	100.13
2041.01	99.8875
2042.94	99.7928
2044.87	100.142
2046.8	100.379
2048.73	100.061
2050.66	99.6095
2052.59	99.5135
2054.52	99.6944
2056.45	99.912
2058.37	100.015
2060.3	99.8868
2062.23	99.633
2064.16	99.506
2066.09	99.5225
2068.02	99.581
2069.95	99.7391
2071.88	99.9679
2073.81	100.046
2075.74	99.8997
2077.67	99.6588
2079.6	99.4467
2081.52	99.3253
2083.45	99.2889
2085.38	99.3032
2087.31	99.3611
2089.24	99.3841
2091.17	99.3078
2093.1	99.3139
2095.03	99.5491
2096.96	99.7867
2098.89	99.8187
2100.82	99.7653
2102.74	99.7056
2104.67	99.5679
2106.6	99.4128
2108.53	99.3548
2110.46	99.3546
2112.39	99.3608
2114.32	99.4519
2116.25	99.6753
2118.18	99.8996
2120.11	99.9586
2122.04	99.8557
2123.97	99.7127
2125.89	99.6299
2127.82	99.6557
2129.75	99.7314
2131.68	99.7294
2133.61	99.6896
2135.54	99.7926
2137.47	100.04
2139.4	100.258
2141.33	100.347
2143.26	100.309
2145.19	100.246
2147.11	100.307
2149.04	100.448
2150.97	100.462
2152.9	100.35
2154.83	100.284
2156.76	100.269
2158.69	100.198
2160.62	100.097
2162.55	100.037
2164.48	100.019
2166.41	100.042
2168.33	100.017
2170.26	99.8575
2172.19	99.7946
2174.12	100.072
2176.05	100.378
2177.98	100.309
2179.91	100.077
2181.84	100.014
2183.77	99.9963
2185.7	99.8875
2187.63	99.8999
2189.56	100.176
2191.48	100.499
2193.41	100.587
2195.34	100.43
2197.27	100.219
2199.2	100.098
2201.13	100.057
2203.06	100
2204.99	99.9537
2206.92	100.162
2208.85	100.586
2210.78	100.651
2212.7	100.193
2214.63	99.9232
2216.56	100.177
2218.49	100.359
2220.42	100.148
2222.35	99.9857
2224.28	100.114
2226.21	100.231
2228.14	100.087
2230.07	99.7969
2232	99.6392
2233.93	99.7152
2235.85	99.8486
2237.78	99.8898
2239.71	99.889
2241.64	99.8514
2243.57	99.6802
2245.5	99.48
2247.43	99.5356
2249.36	99.8604
2251.29	100.121
2253.22	100.177
2255.15	100.248
2257.07	100.384
2259	100.362
2260.93	100.222
2262.86	100.195
2264.79	100.208
2266.72	100.093
2268.65	99.9921
2270.58	100.041
2272.51	100.098
2274.44	100.048
2276.37	99.9673
2278.29	99.9368
2280.22	99.9547
2282.15	99.9707
2284.08	99.9279
2286.01	99.8541
2287.94	99.8544
2289.87	99.9745
2291.8	100.161
2293.73	100.339
2295.66	100.498
2297.59	100.72
2299.52	101.035
2301.44	101.297
2303.37	101.415
2305.3	101.587
2307.23	102.026
2309.16	102.601
2311.09	103.021
2313.02	103.258
2314.95	103.582
2316.88	104.179
2318.81	104.91
2320.74	105.515
2322.66	105.97
2324.59	106.444
2326.52	106.936
2328.45	107.31
2330.38	107.559
2332.31	107.816
2334.24	108.165
2336.17	108.556
2338.1	108.851
2340.03	109.043
2341.96	109.195
2343.89	108.835
2345.81	107.561
2347.74	106.317
2349.67	106.084
2351.6	107.139
2353.53	109.174
2355.46	111.018
2357.39	111.97
2359.32	112.439
2361.25	112.518
2363.18	112.006
2365.11	110.967
2367.03	109.699
2368.96	108.412
2370.89	107.015
2372.82	105.483
2374.75	104.028
2376.68	102.789
2378.61	101.706
2380.54	100.712
2382.47	99.8337
2384.4	99.1396
2386.33	98.6753
2388.26	98.4252
2390.18	98.3012
2392.11	98.2106
2394.04	98.1427
2395.97	98.1125
2397.9	98.0752
2399.83	98.0068
2401.76	97.9806
2403.69	98.0607
2405.62	98.186
2407.55	98.2335
2409.48	98.1703
2411.4	98.0918
2413.33	98.1047
2415.26	98.2094
2417.19	98.297
2419.12	98.2566
2421.05	98.1211
2422.98	98.0383
2424.91	98.0573
2426.84	98.0932
2428.77	98.1001
2430.7	98.0813
2432.62	98.026
2434.55	97.9782
2436.48	97.9879
2438.41	97.9961
2440.34	97.9604
2442.27	97.9474
2444.2	97.9953
2446.13	98.0677
2448.06	98.1138
2449.99	98.0741
2451.92	97.9674
2453.85	97.9285
2455.77	98.0015
2457.7	98.0468
2459.63	97.9745
2461.56	97.9001
2463.49	97.9537
2465.42	98.0553
2467.35	98.0437
2469.28	97.9549
2471.21	97.9489
2473.14	98.0468
2475.07	98.1758
2476.99	98.3192
2478.92	98.4436
2480.85	98.4726
2482.78	98.4116
2484.71	98.3364
2486.64	98.2736
2488.57	98.2009
2490.5	98.1432
2492.43	98.1718
2494.36	98.2628
2496.29	98.2893
2498.22	98.2344
2500.14	98.193
2502.07	98.1533
2504	98.0794
2505.93	98.0752
2507.86	98.1644
2509.79	98.1871
2511.72	98.1326
2513.65	98.1874
2515.58	98.3541
2517.51	98.4522
2519.44	98.4834
2521.36	98.5468
2523.29	98.5167
2525.22	98.2888
2527.15	98.1116
2529.08	98.1856
2531.01	98.3201
2532.94	98.377
2534.87	98.4866
2536.8	98.5868
2538.73	98.4609
2540.66	98.251
2542.58	98.2352
2544.51	98.3307
2546.44	98.3568
2548.37	98.3475
2550.3	98.2982
2552.23	98.1489
2554.16	98.0693
2556.09	98.2243
2558.02	98.4256
2559.95	98.4579
2561.88	98.4427
2563.81	98.5365
2565.73	98.6336
2567.66	98.5953
2569.59	98.4563
2571.52	98.2904
2573.45	98.1369
2575.38	98.0906
2577.31	98.2401
2579.24	98.4988
2581.17	98.6724
2583.1	98.7069
2585.03	98.72
2586.95	98.7732
2588.88	98.7628
2590.81	98.598
2592.74	98.3682
2594.67	98.2288
2596.6	98.2089
2598.53	98.2326
2600.46	98.2386
2602.39	98.197
2604.32	98.1273
2606.25	98.126
2608.18	98.2269
2610.1	98.2848
2612.03	98.1755
2613.96	98.0029
2615.89	97.9259
2617.82	97.9183
2619.75	97.8699
2621.68	97.8001
2623.61	97.7994
2625.54	97.8569
2627.47	97.8926
2629.4	97.875
2631.32	97.8145
2633.25	97.7533
2635.18	97.7676
2637.11	97.8398
2639.04	97.8396
2640.97	97.7491
2642.9	97.6838
2644.83	97.6497
2646.76	97.583
2648.69	97.5505
2650.62	97.6035
2652.54	97.6198
2654.47	97.54
2656.4	97.5015
2658.33	97.5645
2660.26	97.5765
2662.19	97.4315
2664.12	97.2552
2666.05	97.2202
2667.98	97.293
2669.91	97.3052
2671.84	97.2331
2673.77	97.2054
2675.69	97.2463
2677.62	97.2672
2679.55	97.2777
2681.48	97.346
2683.41	97.424
2685.34	97.4158
2687.27	97.3201
2689.2	97.2
2691.13	97.114
2693.06	97.0892
2694.99	97.0909
2696.91	97.0604
2698.84	97.0104
2700.77	97.0128
2702.7	97.0667
2704.63	97.0693
2706.56	96.9885
2708.49	96.9476
2710.42	97.0188
2712.35	97.0876
2714.28	97.0591
2716.21	97.009
2718.14	97.0135
2720.06	97.0269
2721.99	97.0025
2723.92	96.9644
2725.85	96.9206
2727.78	96.8461
2729.71	96.7823
2731.64	96.8114
2733.57	96.8872
2735.5	96.8673
2737.43	96.7455
2739.36	96.652
2741.28	96.6402
2743.21	96.67
2745.14	96.7173
2747.07	96.7482
2749	96.725
2750.93	96.7138
2752.86	96.8099
2754.79	96.9499
2756.72	96.9829
2758.65	96.9058
2760.58	96.8442
2762.51	96.8436
2764.43	96.851
2766.36	96.8421
2768.29	96.8235
2770.22	96.784
2772.15	96.7454
2774.08	96.7706
2776.01	96.857
2777.94	96.9
2779.87	96.8335
2781.8	96.7509
2783.73	96.7618
2785.65	96.7852
2787.58	96.6872
2789.51	96.5435
2791.44	96.5118
2793.37	96.5673
2795.3	96.5903
2797.23	96.5634
2799.16	96.539
2801.09	96.5464
2803.02	96.5679
2804.95	96.5454
2806.87	96.4643
2808.8	96.4049
2810.73	96.4142
2812.66	96.4144
2814.59	96.3326
2816.52	96.2024
2818.45	96.0767
2820.38	95.9716
2822.31	95.907
2824.24	95.8774
2826.17	95.8379
2828.1	95.7957
2830.02	95.7774
2831.95	95.7126
2833.88	95.5448
2835.81	95.3587
2837.74	95.2276
2839.67	95.1095
2841.6	94.9613
2843.53	94.7713
2845.46	94.5328
2847.39	94.2857
2849.32	94.057
2851.24	93.7993
2853.17	93.4982
2855.1	93.1692
2857.03	92.7606
2858.96	92.2685
2860.89	91.7996
2862.82	91.3922
2864.75	91.0116
2866.68	90.6982
2868.61	90.4863
2870.54	90.3201
2872.47	90.1942
2874.39	90.1823
2876.32	90.3312
2878.25	90.6663
2880.18	91.1291
2882.11	91.4775
2884.04	91.5446
2885.97	91.5108
2887.9	91.6141
2889.83	91.8118
2891.76	91.9596
2893.69	92.0294
2895.61	92.0266
2897.54	91.9572
2899.47	91.8765
2901.4	91.8307
2903.33	91.8396
2905.26	91.9051
2907.19	91.9308
2909.12	91.8246
2911.05	91.6976
2912.98	91.6745
2914.91	91.6475
2916.83	91.5096
2918.76	91.3211
2920.69	91.0179
2922.62	90.4239
2924.55	89.6464
2926.48	88.9725
2928.41	88.4751
2930.34	88.1232
2932.27	88.0368
2934.2	88.3207
2936.13	88.8303
2938.06	89.2916
2939.98	89.6053
2941.91	89.8938
2943.84	90.1707
2945.77	90.1986
2947.7	89.8635
2949.63	89.3549
2951.56	88.8009
2953.49	88.1501
2955.42	87.4693
2957.35	86.9567
2959.28	86.7316
2961.2	86.8531
2963.13	87.4057
2965.06	88.493
2966.99	90.1124
2968.92	91.8426
2970.85	92.9298
2972.78	93.1331
2974.71	92.9818
2976.64	92.905
2978.57	92.9374
2980.5	93.1666
2982.43	93.6179
2984.35	94.0356
2986.28	94.3672
2988.21	94.8621
2990.14	95.4484
2992.07	95.8188
2994	96.0549
2995.93	96.3948
2997.86	96.7393
2999.79	96.9552
3001.72	97.1656
3003.65	97.455
3005.57	97.7505
3007.5	97.9916
3009.43	98.1301
3011.36	98.1902
3013.29	98.3909
3015.22	98.8181
3017.15	99.1259
3019.08	99.0445
3021.01	98.8496
3022.94	98.8556
3024.87	98.9701
3026.79	99.0499
3028.72	99.1262
3030.65	99.1875
3032.58	99.1726
3034.51	99.0498
3036.44	98.7663
3038.37	98.4147
3040.3	98.2481
3042.23	98.2365
3044.16	98.0977
3046.09	97.8508
3048.02	97.7417
3049.94	97.7974
3051.87	97.9087
3053.8	97.9943
3055.73	97.9584
3057.66	97.857
3059.59	97.8497
3061.52	97.8401
3063.45	97.7188
3065.38	97.7607
3067.31	98.1023
3069.24	98.3423
3071.16	98.2602
3073.09	98.1908
3075.02	98.2773
3076.95	98.2199
3078.88	97.991
3080.81	97.9001
3082.74	97.9105
3084.67	97.7499
3086.6	97.5526
3088.53	97.5915
3090.46	97.7073
3092.39	97.6595
3094.31	97.5509
3096.24	97.4729
3098.17	97.3476
3100.1	97.2521
3102.03	97.2824
3103.96	97.2811
3105.89	97.1523
3107.82	97.042
3109.75	97.0264
3111.68	97.0839
3113.61	97.2307
3115.53	97.3574
3117.46	97.2984
3119.39	97.1643
3121.32	97.1727
3123.25	97.286
3125.18	97.3397
3127.11	97.2843
3129.04	97.1666
3130.97	97.0912
3132.9	97.1254
3134.83	97.1643
3136.75	97.134
3138.68	97.2192
3140.61	97.5167
3142.54	97.7015
3144.47	97.4759
3146.4	97.0997
3148.33	96.9989
3150.26	97.1288
3152.19	97.1836
3154.12	97.1653
3156.05	97.2567
3157.98	97.3753
3159.9	97.3368
3161.83	97.2329
3163.76	97.2094
3165.69	97.1731
3167.62	97.0583
3169.55	97.0033
3171.48	97.041
3173.41	97.0281
3175.34	96.9534
3177.27	96.9366
3179.2	96.9756
3181.12	96.982
3183.05	96.9427
3184.98	96.8803
3186.91	96.8073
3188.84	96.7736
3190.77	96.833
3192.7	96.9538
3194.63	97.0445
3196.56	97.0453
3198.49	96.9561
3200.42	96.8511
3202.35	96.8551
3204.27	96.9673
3206.2	97.0013
3208.13	96.8894
3210.06	96.8198
3211.99	96.8834
3213.92	96.9537
3215.85	96.9924
3217.78	97.0384
3219.71	97.0048
3221.64	96.8793
3223.57	96.8397
3225.49	96.9167
3227.42	96.9275
3229.35	96.8216
3231.28	96.7438
3233.21	96.7843
3235.14	96.894
3237.07	96.9566
3239	96.8817
3240.93	96.7157
3242.86	96.5997
3244.79	96.5761
3246.72	96.5814
3248.64	96.6196
3250.57	96.7236
3252.5	96.782
3254.43	96.6554
3256.36	96.416
3258.29	96.2576
3260.22	96.2501
3262.15	96.3229
3264.08	96.4022
3266.01	96.4712
3267.94	96.5344
3269.86	96.6022
3271.79	96.6842
3273.72	96.7136
3275.65	96.5769
3277.58	96.3293
3279.51	96.1775
3281.44	96.1958
3283.37	96.3063
3285.3	96.4464
3287.23	96.54
3289.16	96.5004
3291.08	96.3872
3293.01	96.3556
3294.94	96.4466
3296.87	96.54
3298.8	96.4749
3300.73	96.2469
3302.66	96.0578
3304.59	96.0376
3306.52	96.0824
3308.45	96.09
3310.38	96.0769
3312.31	96.0107
3314.23	95.8487
3316.16	95.7216
3318.09	95.7779
3320.02	95.9026
3321.95	95.8538
3323.88	95.6491
3325.81	95.5491
3327.74	95.6453
3329.67	95.7365
3331.6	95.6725
3333.53	95.563
3335.45	95.5544
3337.38	95.6025
3339.31	95.5795
3341.24	95.5135
3343.17	95.5589
3345.1	95.7101
3347.03	95.7511
3348.96	95.5965
3350.89	95.422
3352.82	95.3666
3354.75	95.3727
3356.68	95.3497
3358.6	95.3276
3360.53	95.4025
3362.46	95.5376
3364.39	95.5289
3366.32	95.3278
3368.25	95.1991
3370.18	95.2961
3372.11	95.3849
3374.04	95.264
3375.97	95.0891
3377.9	95.0554
3379.82	95.1465
3381.75	95.2888
3383.68	95.4162
3385.61	95.4275
3387.54	95.3199
3389.47	95.2051
3391.4	95.103
3393.33	94.9701
3395.26	94.8943
3397.19	94.9792
3399.12	95.1314
3401.04	95.1939
3402.97	95.1669
3404.9	95.1549
3406.83	95.2029
3408.76	95.249
3410.69	95.1986
3412.62	95.0571
3414.55	94.9643
3416.48	95.0202
3418.41	95.1281
3420.34	95.1177
3422.27	95.0007
3424.19	94.9433
3426.12	94.971
3428.05	94.9602
3429.98	94.911
3431.91	94.9456
3433.84	95.069
3435.77	95.2117
3437.7	95.3767
3439.63	95.4765
3441.56	95.3193
3443.49	95.0001
3445.41	94.8932
3447.34	95.087
3449.27	95.2637
3451.2	95.2781
3453.13	95.3083
3455.06	95.3911
3456.99	95.4165
3458.92	95.4626
3460.85	95.6033
3462.78	95.6743
3464.71	95.5679
3466.64	95.3621
3468.56	95.1725
3470.49	95.1733
3472.42	95.3903
3474.35	95.5177
3476.28	95.3994
3478.21	95.2294
3480.14	95.0655
3482.07	94.8998
3484	94.894
3485.93	94.9536
3487.86	94.8497
3489.78	94.757
3491.71	94.8098
3493.64	94.7416
3495.57	94.52
3497.5	94.4485
3499.43	94.6128
3501.36	94.9186
3503.29	95.1976
3505.22	95.1285
3507.15	94.7623
3509.08	94.597
3511	94.7694
3512.93	94.8706
3514.86	94.7299
3516.79	94.5919
3518.72	94.5946
3520.65	94.6591
3522.58	94.759
3524.51	94.8878
3526.44	94.9143
3528.37	94.8309
3530.3	94.8497
3532.23	94.9754
3534.15	94.9789
3536.08	94.8355
3538.01	94.6874
3539.94	94.5817
3541.87	94.5944
3543.8	94.782
3545.73	94.9033
3547.66	94.7872
3549.59	94.7356
3551.52	94.9396
3553.45	95.1853
3555.37	95.2802
3557.3	95.2519
3559.23	95.1224
3561.16	94.9478
3563.09	94.9123
3565.02	95.1248
3566.95	95.4344
3568.88	95.5207
3570.81	95.4397
3572.74	95.4719
3574.67	95.5844
3576.6	95.5354
3578.52	95.3841
3580.45	95.4395
3582.38	95.733
3584.31	96.0487
3586.24	96.2783
3588.17	96.389
3590.1	96.4367
3592.03	96.5673
3593.96	96.772
3595.89	96.9334
3597.82	97.0541
3599.74	97.1434
3601.67	97.154
3603.6	97.2354
3605.53	97.4754
3607.46	97.5951
3609.39	97.4601
3611.32	97.4433
3613.25	97.6138
3615.18	97.6142
3617.11	97.4729
3619.04	97.5305
3620.97	97.785
3622.89	97.9849
3624.82	98.0946
3626.75	98.1102
3628.68	97.908
3630.61	97.5866
3632.54	97.4638
3634.47	97.6161
3636.4	97.8723
3638.33	97.9166
3640.26	97.7655
3642.19	97.8475
3644.11	98.3433
3646.04	98.959
3647.97	99.3776
3649.9	99.2853
3651.83	98.7412
3653.76	98.2415
3655.69	97.9824
3657.62	97.8317
3659.55	97.5899
3661.48	97.4089
3663.41	97.5488
3665.33	97.8779
3667.26	98.0422
3669.19	97.9989
3671.12	98.0835
3673.05	98.4329
3674.98	98.7514
3676.91	98.7233
3678.84	98.4484
3680.77	98.1367
3682.7	97.8318
3684.63	97.7153
3686.56	97.9755
3688.48	98.4529
3690.41	98.5896
3692.34	98.3278
3694.27	98.2154
3696.2	98.4034
3698.13	98.6217
3700.06	98.6563
3701.99	98.6107
3703.92	98.564
3705.85	98.4002
3707.78	98.2151
3709.7	98.2615
3711.63	98.3549
3713.56	98.1273
3715.49	97.9744
3717.42	98.2664
3719.35	98.7742
3721.28	99.042
3723.21	98.9506
3725.14	98.7079
3727.07	98.5822
3729	98.6941
3730.93	98.895
3732.85	99.0175
3734.78	99.0558
3736.71	98.955
3738.64	98.6965
3740.57	98.491
3742.5	98.4557
3744.43	98.5615
3746.36	98.7189
3748.29	98.8086
3750.22	98.629
3752.15	98.1842
3754.07	97.9582
3756	98.0043
3757.93	98.0636
3759.86	98.0421
3761.79	97.996
3763.72	97.9387
3765.65	97.9333
3767.58	98.0991
3769.51	98.2524
3771.44	98.0805
3773.37	97.7955
3775.29	97.7821
3777.22	97.9572
3779.15	97.9823
3781.08	97.8373
3783.01	97.8174
3784.94	97.9647
3786.87	97.9773
3788.8	97.6821
3790.73	97.416
3792.66	97.5691
3794.59	98.0065
3796.52	98.2696
3798.44	98.2771
3800.37	98.2788
3802.3	98.3192
3804.23	98.2834
3806.16	98.1455
3808.09	97.9335
3810.02	97.7585
3811.95	97.6891
3813.88	97.73
3815.81	97.8963
3817.74	98.0145
3819.66	97.9333
3821.59	97.9085
3823.52	98.1224
3825.45	98.2551
3827.38	98.1626
3829.31	98.0629
3831.24	98.0857
3833.17	98.1207
3835.1	98.1083
3837.03	98.0782
3838.96	98.0085
3840.89	97.8729
3842.81	97.7045
3844.74	97.6084
3846.67	97.6975
3848.6	97.8988
3850.53	98.0572
3852.46	98.1498
3854.39	98.1883
3856.32	98.0975
3858.25	97.9625
3860.18	97.8815
3862.11	97.8279
3864.03	97.7951
3865.96	97.899
3867.89	98.1039
3869.82	98.1518
3871.75	97.9758
3873.68	97.8832
3875.61	97.9915
3877.54	98.0702
3879.47	97.9757
3881.4	97.8862
3883.33	97.9716
3885.25	98.0693
3887.18	98.0612
3889.11	98.1072
3891.04	98.23
3892.97	98.1997
3894.9	98.0162
3896.83	97.9575
3898.76	98.1084
3900.69	98.2391
3902.62	98.1119
3904.55	97.8475
3906.48	97.6582
3908.4	97.5758
3910.33	97.5734
3912.26	97.6339
3914.19	97.6931
3916.12	97.714
3918.05	97.7462
3919.98	97.803
3921.91	97.8376
3923.84	97.8535
3925.77	97.8629
3927.7	97.8418
3929.62	97.7987
3931.55	97.7669
3933.48	97.7276
3935.41	97.6676
3937.34	97.6643
3939.27	97.7606
3941.2	97.8252
3943.13	97.7059
3945.06	97.5215
3946.99	97.4963
3948.92	97.6132
3950.85	97.6947
3952.77	97.6583
3954.7	97.5129
3956.63	97.2967
3958.56	97.1485
3960.49	97.1974
3962.42	97.3841
3964.35	97.5612
3966.28	97.654
3968.21	97.636
3970.14	97.5368
3972.07	97.4702
3973.99	97.4637
3975.92	97.4325
3977.85	97.4075
3979.78	97.466
3981.71	97.5115
3983.64	97.4737
3985.57	97.4723
3987.5	97.5245
3989.43	97.4996
3991.36	97.43
3993.29	97.4333
3995.22	97.4764
3997.14	97.5143
