499.643	88.553
501.572	88.1995
503.501	88.3031
505.43	88.2596
507.36	88.2687
509.289	88.6106
511.218	89.2671
513.147	90.2892
515.076	91.2782
517.005	91.203
518.934	89.9831
520.863	88.9442
522.792	88.7226
524.722	88.9353
526.651	89.2414
528.58	89.2927
530.509	88.8579
532.438	88.5246
534.367	88.9418
536.296	89.5701
538.225	89.639
540.155	89.5766
542.084	89.9664
544.013	90.4114
545.942	90.5904
547.871	90.8547
549.8	91.0605
551.729	90.6101
553.658	89.9241
555.588	89.979
557.517	90.5642
559.446	90.7521
561.375	90.5673
563.304	90.5489
565.233	90.5867
567.162	90.5024
569.091	90.5792
571.021	90.7584
572.95	90.6049
574.879	90.2685
576.808	90.2994
578.737	90.6309
580.666	90.679
582.595	90.2437
584.524	89.651
586.454	89.1439
588.383	88.6096
590.312	87.972
592.241	87.4492
594.17	87.1995
596.099	87.1069
598.028	87.1007
599.957	87.1952
601.887	87.3181
603.816	87.523
605.745	87.9739
607.674	88.535
609.603	88.9878
611.532	89.487
613.461	90.1048
615.39	90.4779
617.32	90.4742
619.249	90.464
621.178	90.5852
623.107	90.6051
625.036	90.4742
626.965	90.3767
628.894	90.3734
630.823	90.3128
632.753	90.0294
634.682	89.5624
636.611	89.0937
638.54	88.5668
640.469	87.652
642.398	86.324
644.327	85.0255
646.256	83.9608
648.186	82.9475
650.115	82.143
652.044	81.9632
653.973	82.3876
655.902	83.0168
657.831	83.6051
659.76	84.3065
661.689	85.2514
663.619	86.3066
665.548	87.7362
667.477	90.0973
669.406	91.9864
671.335	92.129
673.264	92.1645
675.193	92.7345
677.122	93.4178
679.052	93.8575
680.981	94.0861
682.91	94.1289
684.839	94.1062
686.768	94.1284
688.697	94.1314
690.626	94.1262
692.555	94.2052
694.485	94.33
696.414	94.4121
698.343	94.3993
700.272	94.2647
702.201	94.1275
704.13	94.1592
706.059	94.2772
707.988	94.2714
709.917	94.1752
711.847	94.1354
713.776	94.1251
715.705	94.1138
717.634	94.1933
719.563	94.2956
721.492	94.1951
723.421	93.9548
725.35	93.8527
727.28	93.8957
729.209	93.8552
731.138	93.6408
733.067	93.3303
734.996	93.0043
736.925	92.7168
738.854	92.4728
740.783	92.2316
742.713	92.0013
744.642	91.8447
746.571	91.8034
748.5	91.885
750.429	92.0662
752.358	92.3025
754.287	92.5755
756.216	92.8604
758.146	93.0674
760.075	93.1599
762.004	93.2555
763.933	93.4514
765.862	93.6554
767.791	93.7338
769.72	93.7142
771.649	93.7048
773.579	93.7196
775.508	93.7077
777.437	93.663
779.366	93.5973
781.295	93.4947
783.224	93.3574
785.153	93.2178
787.082	93.0691
789.012	92.8433
790.941	92.482
792.87	91.9921
794.799	91.3949
796.728	90.6451
798.657	89.6638
800.586	88.3985
802.515	86.7538
804.445	84.5338
806.374	81.5771
808.303	78.0161
810.232	74.5098
812.161	72.1484
814.09	71.7941
816.019	73.421
817.948	76.225
819.878	79.2693
821.807	81.9461
823.736	84.0469
825.665	85.6188
827.594	86.7786
829.523	87.6113
831.452	88.1623
833.381	88.4605
835.311	88.5532
837.24	88.4746
839.169	88.1823
841.098	87.6519
843.027	87.0166
844.956	86.4814
846.885	86.1692
848.814	86.106
850.744	86.2319
852.673	86.459
854.602	86.7839
856.531	87.213
858.46	87.6423
860.389	87.9796
862.318	88.232
864.247	88.3733
866.177	88.3285
868.106	88.0952
870.035	87.7224
871.964	87.2397
873.893	86.6755
875.822	86.0586
877.751	85.4184
879.68	84.8317
881.609	84.4165
883.539	84.2499
885.468	84.2908
887.397	84.3956
889.326	84.4596
891.255	84.5039
893.184	84.5714
895.113	84.6695
897.042	84.8691
898.972	85.2977
900.901	86.006
902.83	86.9441
904.759	87.9943
906.688	88.9599
908.617	89.6565
910.546	90.0497
912.475	90.1911
914.405	90.0805
916.334	89.7091
918.263	89.1142
920.192	88.2746
922.121	87.0595
924.05	85.3534
925.979	83.1288
927.908	80.3852
929.838	77.1454
931.767	73.5637
933.696	69.9845
935.625	66.8575
937.554	64.5629
939.483	63.2589
941.412	62.8697
943.341	63.209
945.271	64.0901
947.2	65.3575
949.129	66.8908
951.058	68.6032
952.987	70.4088
954.916	72.1884
956.845	73.8255
958.774	75.2905
960.704	76.6783
962.633	78.1632
964.562	79.8917
966.491	81.8519
968.42	83.8331
970.349	85.5653
972.278	86.9021
974.207	87.8509
976.137	88.4719
978.066	88.8039
979.995	88.8602
981.924	88.6419
983.853	88.1547
985.782	87.4662
987.711	86.7602
989.64	86.2543
991.57	85.9903
993.499	85.7566
995.428	85.2463
997.357	84.2288
999.286	82.6547
1001.22	80.7929
1003.14	79.1726
1005.07	78.17
1007	77.7545
1008.93	77.7648
1010.86	78.1931
1012.79	79.0042
1014.72	79.8982
1016.65	80.4669
1018.58	80.4731
1020.51	79.8746
1022.44	78.7144
1024.36	77.1574
1026.29	75.5742
1028.22	74.3645
1030.15	73.6167
1032.08	73.0701
1034.01	72.452
1035.94	71.7228
1037.87	71.014
1039.8	70.4783
1041.73	70.2089
1043.66	70.2367
1045.58	70.5814
1047.51	71.2381
1049.44	72.0774
1051.37	72.8603
1053.3	73.4127
1055.23	73.7391
1057.16	73.9918
1059.09	74.3604
1061.02	74.8968
1062.95	75.3966
1064.88	75.5585
1066.81	75.332
1068.73	75.036
1070.66	75.0784
1072.59	75.6164
1074.52	76.5243
1076.45	77.591
1078.38	78.6605
1080.31	79.6418
1082.24	80.4729
1084.17	81.0842
1086.1	81.4125
1088.03	81.4577
1089.95	81.2533
1091.88	80.7788
1093.81	80.0037
1095.74	78.9951
1097.67	77.8673
1099.6	76.671
1101.53	75.4133
1103.46	74.1023
1105.39	72.716
1107.32	71.221
1109.25	69.6362
1111.18	67.994
1113.1	66.2882
1115.03	64.5303
1116.96	62.7754
1118.89	61.0537
1120.82	59.3664
1122.75	57.7396
1124.68	56.1835
1126.61	54.6176
1128.54	52.8966
1130.47	50.8908
1132.4	48.5227
1134.32	45.7888
1136.25	42.8115
1138.18	39.8429
1140.11	37.1727
1142.04	35.0354
1143.97	33.5831
1145.9	32.8787
1147.83	32.9028
1149.76	33.5767
1151.69	34.7759
1153.62	36.3605
1155.55	38.2255
1157.47	40.2963
1159.4	42.4748
1161.33	44.6294
1163.26	46.6422
1165.19	48.4467
1167.12	50.027
1169.05	51.4087
1170.98	52.6511
1172.91	53.8251
1174.84	54.9976
1176.77	56.2492
1178.69	57.6667
1180.62	59.2884
1182.55	61.0947
1184.48	63.062
1186.41	65.1869
1188.34	67.47
1190.27	69.9024
1192.2	72.4775
1194.13	75.2221
1196.06	78.1619
1197.99	81.2389
1199.91	84.3369
1201.84	87.2988
1203.77	89.8467
1205.7	91.7936
1207.63	93.2975
1209.56	94.5872
1211.49	95.9644
1213.42	98.0505
1215.35	100.675
1217.28	101.91
1219.21	100.614
1221.14	98.7774
1223.06	98.5235
1224.99	99.507
1226.92	100.306
1228.85	100.328
1230.78	99.5403
1232.71	97.8853
1234.64	95.5737
1236.57	93.0267
1238.5	90.6157
1240.43	88.6201
1242.36	87.1201
1244.28	86.0335
1246.21	85.3198
1248.14	84.9703
1250.07	84.9066
1252	85.0187
1253.93	85.197
1255.86	85.3472
1257.79	85.4189
1259.72	85.3604
1261.65	85.1182
1263.58	84.72
1265.51	84.2485
1267.43	83.7512
1269.36	83.2304
1271.29	82.6704
1273.22	82.0734
1275.15	81.468
1277.08	80.8365
1279.01	80.0454
1280.94	78.8654
1282.87	77.0455
1284.8	74.3531
1286.73	70.6317
1288.65	66.1231
1290.58	61.7905
1292.51	58.913
1294.44	58.2784
1296.37	59.8697
1298.3	63.0154
1300.23	66.6887
1302.16	69.9664
1304.09	72.3746
1306.02	73.7463
1307.95	74.0096
1309.87	73.3449
1311.8	72.3008
1313.73	71.5276
1315.66	71.2803
1317.59	71.3199
1319.52	71.4968
1321.45	72.087
1323.38	73.3574
1325.31	75.249
1327.24	77.5278
1329.17	79.9807
1331.1	82.4898
1333.02	84.8895
1334.95	86.9725
1336.88	88.7232
1338.81	90.222
1340.74	91.4765
1342.67	92.6456
1344.6	94.0226
1346.53	95.6889
1348.46	97.4557
1350.39	99.0537
1352.32	100.274
1354.24	101.004
1356.17	101.283
1358.1	101.315
1360.03	101.357
1361.96	101.492
1363.89	101.255
1365.82	100.155
1367.75	98.7231
1369.68	98.056
1371.61	98.2628
1373.54	98.142
1375.47	96.9957
1377.39	95.6554
1379.32	94.7825
1381.25	94.2225
1383.18	93.8289
1385.11	93.4923
1387.04	92.948
1388.97	92.2073
1390.9	91.5361
1392.83	90.8966
1394.76	90.1698
1396.69	89.3104
1398.61	88.2248
1400.54	87.1418
1402.47	86.5257
1404.4	86.497
1406.33	86.8732
1408.26	87.4518
1410.19	88.1961
1412.12	89.0798
1414.05	89.9277
1415.98	90.6698
1417.91	91.2935
1419.83	91.6452
1421.76	91.7414
1423.69	91.6702
1425.62	91.4332
1427.55	91.058
1429.48	90.423
1431.41	89.5071
1433.34	88.5935
1435.27	87.6314
1437.2	86.4186
1439.13	85.3958
1441.06	84.7801
1442.98	84.2666
1444.91	83.676
1446.84	82.8616
1448.77	81.6462
1450.7	80.4733
1452.63	80.0889
1454.56	80.6121
1456.49	81.9267
1458.42	83.3849
1460.35	84.3613
1462.28	85.3261
1464.2	86.5234
1466.13	87.634
1468.06	88.5109
1469.99	89.5077
1471.92	90.6495
1473.85	91.3444
1475.78	91.5389
1477.71	91.7799
1479.64	92.1567
1481.57	92.5919
1483.5	93.0734
1485.43	93.6332
1487.35	94.3042
1489.28	94.9095
1491.21	95.1674
1493.14	95.3358
1495.07	95.7213
1497	96.2163
1498.93	96.4743
1500.86	96.5649
1502.79	96.7862
1504.72	97.2307
1506.65	97.6537
1508.57	97.5001
1510.5	97.191
1512.43	97.1425
1514.36	97.3178
1516.29	97.5757
1518.22	97.7722
1520.15	97.8491
1522.08	97.8162
1524.01	97.7213
1525.94	97.5667
1527.87	97.4271
1529.8	97.4275
1531.72	97.5183
1533.65	97.5411
1535.58	97.5567
1537.51	97.7872
1539.44	98.2006
1541.37	98.2409
1543.3	97.7904
1545.23	97.4237
1547.16	97.2726
1549.09	97.2785
1551.02	97.3301
1552.94	97.3727
1554.87	97.5079
1556.8	97.7911
1558.73	97.8599
1560.66	97.4154
1562.59	97.0575
1564.52	96.9443
1566.45	96.9958
1568.38	97.0525
1570.31	96.9167
1572.24	96.7603
1574.16	96.7984
1576.09	96.8461
1578.02	96.6234
1579.95	96.3652
1581.88	96.2601
1583.81	96.226
1585.74	96.1703
1587.67	96.0857
1589.6	95.9994
1591.53	95.9379
1593.46	95.9005
1595.39	95.8529
1597.31	95.7624
1599.24	95.6407
1601.17	95.5215
1603.1	95.3831
1605.03	95.2043
1606.96	95.034
1608.89	94.8239
1610.82	94.5034
1612.75	94.2488
1614.68	94.1029
1616.61	93.6863
1618.53	92.9824
1620.46	92.4065
1622.39	91.7428
1624.32	90.7672
1626.25	89.7145
1628.18	88.4724
1630.11	87.0097
1632.04	85.7907
1633.97	84.7216
1635.9	83.2467
1637.83	82.3581
1639.76	83.4664
1641.68	86.0082
1643.61	88.8643
1645.54	91.4732
1647.47	93.3836
1649.4	94.2277
1651.33	94.6399
1653.26	95.0412
1655.19	95.0114
1657.12	94.8157
1659.05	94.8419
1660.98	94.9505
1662.9	94.8302
1664.83	94.5817
1666.76	94.5212
1668.69	94.6001
1670.62	94.4514
1672.55	94.0859
1674.48	93.6839
1676.41	93.067
1678.34	92.4303
1680.27	92.1187
1682.2	91.8848
1684.12	91.2378
1686.05	90.3245
1687.98	89.3885
1689.91	88.344
1691.84	87.2203
1693.77	85.8077
1695.7	83.9426
1697.63	81.768
1699.56	78.7439
1701.49	74.8676
1703.42	71.4798
1705.35	68.3649
1707.27	64.8075
1709.2	61.5837
1711.13	59.2011
1713.06	57.1965
1714.99	55.7382
1716.92	55.1036
1718.85	54.8713
1720.78	55.7528
1722.71	58.3337
1724.64	62.1761
1726.57	66.9582
1728.49	72.3895
1730.42	77.9823
1732.35	84.2633
1734.28	91.9633
1736.21	98.5815
1738.14	102.593
1740.07	105.445
1742	107.842
1743.93	109.3
1745.86	110.148
1747.79	110.915
1749.72	111.378
1751.64	111.484
1753.57	111.367
1755.5	110.857
1757.43	110.167
1759.36	109.558
1761.29	108.682
1763.22	107.465
1765.15	106.339
1767.08	105.403
1769.01	104.642
1770.94	104.065
1772.86	103.278
1774.79	102.227
1776.72	101.435
1778.65	100.976
1780.58	100.631
1782.51	100.351
1784.44	100.16
1786.37	100.022
1788.3	99.9586
1790.23	99.9731
1792.16	99.8915
1794.08	99.5551
1796.01	99.1884
1797.94	98.9954
1799.87	98.9025
1801.8	98.7444
1803.73	98.537
1805.66	98.3946
1807.59	98.3548
1809.52	98.3731
1811.45	98.3314
1813.38	98.203
1815.31	98.1128
1817.23	98.0883
1819.16	98.0545
1821.09	98.0398
1823.02	98.0823
1824.95	98.1453
1826.88	98.2534
1828.81	98.3788
1830.74	98.3558
1832.67	98.2122
1834.6	98.1118
1836.53	98.0341
1838.45	97.9448
1840.38	97.9156
1842.31	97.992
1844.24	98.1785
1846.17	98.3523
1848.1	98.3382
1850.03	98.2017
1851.96	98.1478
1853.89	98.2231
1855.82	98.2802
1857.75	98.2184
1859.68	98.0692
1861.6	97.9664
1863.53	98.0708
1865.46	98.3571
1867.39	98.5515
1869.32	98.4549
1871.25	98.3137
1873.18	98.3452
1875.11	98.4024
1877.04	98.3817
1878.97	98.3981
1880.9	98.4759
1882.82	98.4879
1884.75	98.4638
1886.68	98.5334
1888.61	98.6027
1890.54	98.4903
1892.47	98.3256
1894.4	98.3389
1896.33	98.4605
1898.26	98.5193
1900.19	98.5765
1902.12	98.6922
1904.05	98.7318
1905.97	98.6893
1907.9	98.7542
1909.83	98.9351
1911.76	99.048
1913.69	99.0407
1915.62	98.9448
1917.55	98.7589
1919.48	98.6047
1921.41	98.6438
1923.34	98.7986
1925.27	98.8498
1927.19	98.7738
1929.12	98.7747
1931.05	98.9671
1932.98	99.1829
1934.91	99.1816
1936.84	99.0169
1938.77	98.9724
1940.7	99.11
1942.63	99.2092
1944.56	99.1996
1946.49	99.2215
1948.41	99.297
1950.34	99.4462
1952.27	99.6915
1954.2	99.7568
1956.13	99.4618
1958.06	99.2254
1959.99	99.4201
1961.92	99.7887
1963.85	99.9481
1965.78	99.7854
1967.71	99.4223
1969.64	99.236
1971.56	99.4207
1973.49	99.7011
1975.42	99.8616
1977.35	99.953
1979.28	99.9167
1981.21	99.7496
1983.14	99.6947
1985.07	99.8075
1987	99.9216
1988.93	99.9857
1990.86	99.9361
1992.78	99.7162
1994.71	99.5924
1996.64	99.7621
1998.57	99.9791
2000.5	100.034
2002.43	100.063
2004.36	100.169
2006.29	100.247
2008.22	100.192
2010.15	100.01
2012.08	99.8617
2014.01	99.9035
2015.93	100.003
2017.86	99.9757
2019.79	99.9792
2021.72	100.152
2023.65	100.236
2025.58	100.061
2027.51	99.8924
2029.44	99.9168
2031.37	99.9471
2033.3	99.8952
2035.23	99.9861
2037.15	100.222
2039.08	100.238
2041.01	99.9814
2042.94	99.8658
2044.87	100.003
2046.8	100.056
2048.73	99.9289
2050.66	99.8109
2052.59	99.71
2054.52	99.6032
2056.45	99.5811
2058.37	99.539
2060.3	99.3448
2062.23	99.2551
2064.16	99.4988
2066.09	99.7869
2068.02	99.8085
2069.95	99.7426
2071.88	99.8497
2073.81	100.028
2075.74	100.013
2077.67	99.7677
2079.6	99.5059
2081.52	99.3991
2083.45	99.4082
2085.38	99.4089
2087.31	99.3218
2089.24	99.1647
2091.17	99.0965
2093.1	99.2483
2095.03	99.514
2096.96	99.7319
2098.89	99.8668
2100.82	99.838
2102.74	99.5585
2104.67	99.1963
2106.6	99.0157
2108.53	99.0728
2110.46	99.2419
2112.39	99.3722
2114.32	99.4709
2116.25	99.7018
2118.18	99.9751
2120.11	99.9052
2122.04	99.4905
2123.97	99.2467
2125.89	99.4291
2127.82	99.7499
2129.75	99.9236
2131.68	99.9695
2133.61	99.97
2135.54	99.9013
2137.47	99.7992
2139.4	99.8484
2141.33	100.074
2143.26	100.21
2145.19	100.164
2147.11	100.16
2149.04	100.217
2150.97	100.16
2152.9	100.15
2154.83	100.413
2156.76	100.704
2158.69	100.73
2160.62	100.591
2162.55	100.39
2164.48	100.093
2166.41	99.8578
2168.33	99.8333
2170.26	99.9227
2172.19	100.088
2174.12	100.341
2176.05	100.437
2177.98	100.219
2179.91	99.9639
2181.84	99.917
2183.77	99.9553
2185.7	99.9584
2187.63	100.051
2189.56	100.317
2191.48	100.514
2193.41	100.305
2195.34	99.8389
2197.27	99.6896
2199.2	100.011
2201.13	100.318
2203.06	100.306
2204.99	100.278
2206.92	100.543
2208.85	100.862
2210.78	100.753
2212.7	100.21
2214.63	99.7906
2216.56	99.8289
2218.49	99.9926
2220.42	99.9176
2222.35	99.8064
2224.28	99.9618
2226.21	100.199
2228.14	100.157
2230.07	99.894
2232	99.7536
2233.93	99.8306
2235.85	99.926
2237.78	99.9277
2239.71	99.8977
2241.64	99.8381
2243.57	99.7034
2245.5	99.6075
2247.43	99.6913
2249.36	99.839
2251.29	99.8626
2253.22	99.8482
2255.15	99.9525
2257.07	100.103
2259	100.22
2260.93	100.348
2262.86	100.402
2264.79	100.264
2266.72	100.091
2268.65	100.089
2270.58	100.189
2272.51	100.235
2274.44	100.187
2276.37	100.038
2278.29	99.8197
2280.22	99.6669
2282.15	99.6507
2284.08	99.6768
2286.01	99.6697
2287.94	99.6861
2289.87	99.7836
2291.8	99.9533
2293.73	100.192
2295.66	100.489
2297.59	100.8
2299.52	101.103
2301.44	101.39
2303.37	101.613
2305.3	101.812
2307.23	102.162
2309.16	102.7
2311.09	103.195
2313.02	103.506
2314.95	103.853
2316.88	104.501
2318.81	105.367
2320.74	106.123
2322.66	106.629
2324.59	107.073
2326.52	107.598
2328.45	108.152
2330.38	108.627
2332.31	108.966
2334.24	109.28
2336.17	109.676
2338.1	109.954
2340.03	109.962
2341.96	109.902
2343.89	109.454
2345.81	108.115
2347.74	106.824
2349.67	106.643
2351.6	107.763
2353.53	109.728
2355.46	111.566
2357.39	112.881
2359.32	113.734
2361.25	113.848
2363.18	113.297
2365.11	112.235
2367.03	110.743
2368.96	109.232
2370.89	107.781
2372.82	106.086
2374.75	104.294
2376.68	102.837
2378.61	101.747
2380.54	100.8
2382.47	99.9469
2384.4	99.2249
2386.33	98.6473
2388.26	98.2814
2390.18	98.1578
2392.11	98.1427
2394.04	98.1091
2395.97	98.0619
2397.9	98.0084
2399.83	97.9266
2401.76	97.8571
2403.69	97.8927
2405.62	98.0713
2407.55	98.2589
2409.48	98.2448
2411.4	98.0558
2413.33	97.9399
2415.26	97.9928
2417.19	98.084
2419.12	98.1037
2421.05	98.0521
2422.98	97.9846
2424.91	97.9847
2426.84	98.0855
2428.77	98.1989
2430.7	98.1856
2432.62	98.0199
2434.55	97.8597
2436.48	97.8648
2438.41	97.9762
2440.34	98.0316
2442.27	98.028
2444.2	98.0771
2446.13	98.1744
2448.06	98.1921
2449.99	98.078
2451.92	97.9445
2453.85	97.9161
2455.77	97.962
2457.7	97.9625
2459.63	97.893
2461.56	97.8374
2463.49	97.8431
2465.42	97.8692
2467.35	97.8744
2469.28	97.8614
2471.21	97.8583
2473.14	97.9149
2475.07	98.0372
2476.99	98.1282
2478.92	98.1411
2480.85	98.1848
2482.78	98.293
2484.71	98.3021
2486.64	98.1285
2488.57	97.9374
2490.5	97.9234
2492.43	98.0788
2494.36	98.2344
2496.29	98.2818
2498.22	98.2682
2500.14	98.2503
2502.07	98.2271
2504	98.2306
2505.93	98.2738
2507.86	98.3006
2509.79	98.3122
2511.72	98.3365
2513.65	98.329
2515.58	98.3179
2517.51	98.4047
2519.44	98.5278
2521.36	98.5497
2523.29	98.4747
2525.22	98.3582
2527.15	98.274
2529.08	98.3482
2531.01	98.52
2532.94	98.5488
2534.87	98.4298
2536.8	98.3579
2538.73	98.3603
2540.66	98.3812
2542.58	98.405
2544.51	98.3233
2546.44	98.1321
2548.37	98.0602
2550.3	98.1142
2552.23	98.0631
2554.16	98.0062
2556.09	98.1569
2558.02	98.291
2559.95	98.2229
2561.88	98.2504
2563.81	98.4944
2565.73	98.5926
2567.66	98.4017
2569.59	98.2077
2571.52	98.1572
2573.45	98.1507
2575.38	98.1991
2577.31	98.38
2579.24	98.5768
2581.17	98.6227
2583.1	98.5794
2585.03	98.5991
2586.95	98.6522
2588.88	98.6186
2590.81	98.5038
2592.74	98.3996
2594.67	98.3554
2596.6	98.3555
2598.53	98.3344
2600.46	98.2219
2602.39	98.025
2604.32	97.8606
2606.25	97.8634
2608.18	98.0155
2610.1	98.1315
2612.03	98.1015
2613.96	98.0257
2615.89	98.0083
2617.82	97.9831
2619.75	97.8461
2621.68	97.6515
2623.61	97.5731
2625.54	97.6657
2627.47	97.7746
2629.4	97.7648
2631.32	97.6925
2633.25	97.657
2635.18	97.6691
2637.11	97.7093
2639.04	97.7523
2640.97	97.7523
2642.9	97.6936
2644.83	97.5997
2646.76	97.4992
2648.69	97.4365
2650.62	97.4487
2652.54	97.5
2654.47	97.5165
2656.4	97.4955
2658.33	97.4922
2660.26	97.4885
2662.19	97.3933
2664.12	97.2208
2666.05	97.1234
2667.98	97.1681
2669.91	97.2321
2671.84	97.1999
2673.77	97.1157
2675.69	97.0951
2677.62	97.1799
2679.55	97.2918
2681.48	97.3238
2683.41	97.2745
2685.34	97.2117
2687.27	97.1421
2689.2	97.0509
2691.13	96.983
2693.06	96.968
2694.99	96.9819
2696.91	97.0024
2698.84	97.0011
2700.77	96.9647
2702.7	96.9469
2704.63	96.9593
2706.56	96.9262
2708.49	96.8744
2710.42	96.9174
2712.35	97.007
2714.28	97.0096
2716.21	96.9489
2718.14	96.9017
2720.06	96.853
2721.99	96.8044
2723.92	96.7807
2725.85	96.7405
2727.78	96.6811
2729.71	96.6746
2731.64	96.7048
2733.57	96.6938
2735.5	96.6578
2737.43	96.6307
2739.36	96.5848
2741.28	96.5507
2743.21	96.5943
2745.14	96.6691
2747.07	96.7088
2749	96.7491
2750.93	96.7985
2752.86	96.8069
2754.79	96.812
2756.72	96.8637
2758.65	96.8776
2760.58	96.7991
2762.51	96.7279
2764.43	96.7283
2766.36	96.744
2768.29	96.7449
2770.22	96.7498
2772.15	96.7427
2774.08	96.7159
2776.01	96.7213
2777.94	96.7797
2779.87	96.8007
2781.8	96.6978
2783.73	96.5516
2785.65	96.5053
2787.58	96.5332
2789.51	96.5174
2791.44	96.4706
2793.37	96.4646
2795.3	96.4788
2797.23	96.4736
2799.16	96.4567
2801.09	96.4303
2803.02	96.3971
2804.95	96.3817
2806.87	96.4041
2808.8	96.4546
2810.73	96.4413
2812.66	96.261
2814.59	96.0182
2816.52	95.9286
2818.45	95.9679
2820.38	95.957
2822.31	95.8941
2824.24	95.8584
2826.17	95.8124
2828.1	95.738
2830.02	95.6747
2831.95	95.5684
2833.88	95.3606
2835.81	95.1337
2837.74	94.9805
2839.67	94.8921
2841.6	94.8207
2843.53	94.7036
2845.46	94.4891
2847.39	94.2167
2849.32	93.9544
2851.24	93.6859
2853.17	93.3761
2855.1	93.0272
2857.03	92.6125
2858.96	92.1285
2860.89	91.6825
2862.82	91.3727
2864.75	91.1502
2866.68	90.8858
2868.61	90.5177
2870.54	90.1415
2872.47	89.9377
2874.39	89.9628
2876.32	90.1476
2878.25	90.4903
2880.18	90.9544
2882.11	91.298
2884.04	91.3739
2885.97	91.3564
2887.9	91.4019
2889.83	91.4675
2891.76	91.5441
2893.69	91.6622
2895.61	91.7566
2897.54	91.7877
2899.47	91.7988
2901.4	91.8155
2903.33	91.8697
2905.26	91.9636
2907.19	91.9456
2909.12	91.7093
2911.05	91.4574
2912.98	91.4441
2914.91	91.5611
2916.83	91.4726
2918.76	91.1155
2920.69	90.7129
2922.62	90.2697
2924.55	89.5575
2926.48	88.6704
2928.41	88.0259
2930.34	87.7859
2932.27	87.812
2934.2	88.0604
2936.13	88.524
2938.06	89.0125
2939.98	89.3974
2941.91	89.788
2943.84	90.1572
2945.77	90.1662
2947.7	89.6594
2949.63	88.9445
2951.56	88.3194
2953.49	87.7494
2955.42	87.1711
2957.35	86.6993
2959.28	86.5031
2961.2	86.7233
2963.13	87.4006
2965.06	88.4954
2966.99	90.0347
2968.92	91.7912
2970.85	92.9467
2972.78	93
2974.71	92.587
2976.64	92.4667
2978.57	92.6447
2980.5	92.9693
2982.43	93.4732
2984.35	93.99
2986.28	94.3514
2988.21	94.7157
2990.14	95.1494
2992.07	95.4638
2994	95.6663
2995.93	95.9523
2997.86	96.3357
2999.79	96.719
3001.72	97.0913
3003.65	97.4343
3005.57	97.6693
3007.5	97.7695
3009.43	97.8042
3011.36	97.9025
3013.29	98.1754
3015.22	98.5789
3017.15	98.8973
3019.08	98.972
3021.01	98.885
3022.94	98.8314
3024.87	98.9072
3026.79	99.0712
3028.72	99.2273
3030.65	99.2992
3032.58	99.2516
3034.51	99.0682
3036.44	98.7452
3038.37	98.3512
3040.3	98.0475
3042.23	97.9438
3044.16	97.9431
3046.09	97.8645
3048.02	97.726
3049.94	97.7186
3051.87	97.887
3053.8	98.0677
3055.73	98.1306
3057.66	98.0786
3059.59	97.9866
3061.52	97.9302
3063.45	97.8953
3065.38	97.8479
3067.31	97.8931
3069.24	98.0722
3071.16	98.1529
3073.09	98.0111
3075.02	97.8926
3076.95	97.9457
3078.88	97.9827
3080.81	97.8696
3082.74	97.6626
3084.67	97.4564
3086.6	97.4038
3088.53	97.5382
3090.46	97.5891
3092.39	97.4597
3094.31	97.4722
3096.24	97.6767
3098.17	97.67
3100.1	97.3979
3102.03	97.2085
3103.96	97.151
3105.89	97.0565
3107.82	96.9658
3109.75	96.9229
3111.68	96.8827
3113.61	96.9604
3115.53	97.2056
3117.46	97.373
3119.39	97.3523
3121.32	97.3371
3123.25	97.388
3125.18	97.3596
3127.11	97.2061
3129.04	96.9809
3130.97	96.7511
3132.9	96.6556
3134.83	96.7794
3136.75	97.0182
3138.68	97.2545
3140.61	97.4529
3142.54	97.5163
3144.47	97.3586
3146.4	97.1203
3148.33	96.9999
3150.26	96.9503
3152.19	96.8558
3154.12	96.846
3156.05	97.0475
3157.98	97.2525
3159.9	97.2456
3161.83	97.1409
3163.76	97.0498
3165.69	96.8924
3167.62	96.7239
3169.55	96.7247
3171.48	96.8527
3173.41	96.9334
3175.34	96.9488
3177.27	96.9664
3179.2	96.9783
3181.12	96.9402
3183.05	96.8634
3184.98	96.8204
3186.91	96.8239
3188.84	96.7805
3190.77	96.7244
3192.7	96.8626
3194.63	97.1594
3196.56	97.247
3198.49	96.9804
3200.42	96.6776
3202.35	96.6328
3204.27	96.7655
3206.2	96.8467
3208.13	96.8291
3210.06	96.8377
3211.99	96.8921
3213.92	96.8385
3215.85	96.6484
3217.78	96.5363
3219.71	96.6271
3221.64	96.7716
3223.57	96.8146
3225.49	96.7848
3227.42	96.7148
3229.35	96.5706
3231.28	96.457
3233.21	96.5698
3235.14	96.8356
3237.07	96.9412
3239	96.8036
3240.93	96.6401
3242.86	96.5537
3244.79	96.4768
3246.72	96.447
3248.64	96.5573
3250.57	96.7433
3252.5	96.8249
3254.43	96.6716
3256.36	96.3647
3258.29	96.1905
3260.22	96.2767
3262.15	96.402
3264.08	96.4155
3266.01	96.4299
3267.94	96.4135
3269.86	96.248
3271.79	96.1937
3273.72	96.4999
3275.65	96.7709
3277.58	96.5492
3279.51	96.1192
3281.44	95.9955
3283.37	96.1793
3285.3	96.3892
3287.23	96.4936
3289.16	96.4578
3291.08	96.2886
3293.01	96.1251
3294.94	96.1172
3296.87	96.2156
3298.8	96.2165
3300.73	96.026
3302.66	95.8061
3304.59	95.7587
3306.52	95.8584
3308.45	95.9534
3310.38	95.9835
3312.31	95.9461
3314.23	95.854
3316.16	95.7989
3318.09	95.8311
3320.02	95.8293
3321.95	95.7011
3323.88	95.5768
3325.81	95.6295
3327.74	95.8134
3329.67	95.9022
3331.6	95.7886
3333.53	95.6333
3335.45	95.5978
3337.38	95.574
3339.31	95.4011
3341.24	95.1867
3343.17	95.1422
3345.1	95.2466
3347.03	95.3183
3348.96	95.3257
3350.89	95.3724
3352.82	95.4407
3354.75	95.4012
3356.68	95.2526
3358.6	95.1518
3360.53	95.2099
3362.46	95.3681
3364.39	95.4466
3366.32	95.338
3368.25	95.1653
3370.18	95.1017
3372.11	95.1197
3374.04	95.1119
3375.97	95.0524
3377.9	94.935
3379.82	94.8231
3381.75	94.8614
3383.68	95.0139
3385.61	95.0784
3387.54	95.0409
3389.47	95.0363
3391.4	95.0393
3393.33	94.956
3395.26	94.8558
3397.19	94.8504
3399.12	94.9008
3401.04	94.9141
3402.97	94.8904
3404.9	94.8607
3406.83	94.817
3408.76	94.7878
3410.69	94.813
3412.62	94.8327
3414.55	94.821
3416.48	94.894
3418.41	95.0427
3420.34	95.0556
3422.27	94.9291
3424.19	94.8802
3426.12	94.8869
3428.05	94.8288
3429.98	94.8209
3431.91	94.9065
3433.84	94.9099
3435.77	94.8851
3437.7	95.0753
3439.63	95.3608
3441.56	95.3796
3443.49	95.1316
3445.41	94.9539
3447.34	95.0246
3449.27	95.241
3451.2	95.477
3453.13	95.6605
3455.06	95.6877
3456.99	95.5882
3458.92	95.568
3460.85	95.6366
3462.78	95.6033
3464.71	95.481
3466.64	95.388
3468.56	95.3097
3470.49	95.314
3472.42	95.4393
3474.35	95.3874
3476.28	95.0106
3478.21	94.7022
3480.14	94.7762
3482.07	95.0676
3484	95.2385
3485.93	95.1226
3487.86	94.8776
3489.78	94.7776
3491.71	94.7482
3493.64	94.6273
3495.57	94.6469
3497.5	94.8964
3499.43	95.0111
3501.36	94.9382
3503.29	94.9432
3505.22	94.9049
3507.15	94.7098
3509.08	94.6988
3511	94.9487
3512.93	95.0466
3514.86	94.8798
3516.79	94.6755
3518.72	94.4779
3520.65	94.289
3522.58	94.3149
3524.51	94.6066
3526.44	94.8482
3528.37	94.8352
3530.3	94.7227
3532.23	94.6511
3534.15	94.6093
3536.08	94.6237
3538.01	94.664
3539.94	94.5918
3541.87	94.4676
3543.8	94.4756
3545.73	94.5243
3547.66	94.4351
3549.59	94.3831
3551.52	94.5434
3553.45	94.7625
3555.37	94.8647
3557.3	94.8648
3559.23	94.7398
3561.16	94.5036
3563.09	94.4421
3565.02	94.794
3566.95	95.2973
3568.88	95.419
3570.81	95.3193
3572.74	95.4113
3574.67	95.5983
3576.6	95.5946
3578.52	95.5435
3580.45	95.8022
3582.38	96.2837
3584.31	96.5859
3586.24	96.5726
3588.17	96.4694
3590.1	96.4791
3592.03	96.5014
3593.96	96.5377
3595.89	96.8343
3597.82	97.3836
3599.74	97.7787
3601.67	97.8066
3603.6	97.6781
3605.53	97.5397
3607.46	97.3481
3609.39	97.2586
3611.32	97.3875
3613.25	97.4808
3615.18	97.454
3617.11	97.5645
3619.04	97.858
3620.97	98.0396
3622.89	98.0281
3624.82	98.0857
3626.75	98.3771
3628.68	98.5839
3630.61	98.1301
3632.54	97.5175
3634.47	97.4106
3636.4	97.6323
3638.33	97.6383
3640.26	97.4167
3642.19	97.3864
3644.11	97.7193
3646.04	98.319
3647.97	98.9565
3649.9	98.9623
3651.83	98.3618
3653.76	97.9821
3655.69	97.8514
3657.62	97.6255
3659.55	97.3651
3661.48	97.3375
3663.41	97.4635
3665.33	97.5307
3667.26	97.6105
3669.19	97.916
3671.12	98.3974
3673.05	98.8092
3674.98	98.9185
3676.91	98.4372
3678.84	97.8205
3680.77	97.6335
3682.7	97.7273
3684.63	97.8304
3686.56	98.0217
3688.48	98.425
3690.41	98.5804
3692.34	98.2138
3694.27	97.9222
3696.2	98.0668
3698.13	98.4184
3700.06	98.587
3701.99	98.5328
3703.92	98.4919
3705.85	98.4999
3707.78	98.4176
3709.7	98.2207
3711.63	98.0155
3713.56	97.9318
3715.49	98.0385
3717.42	98.3412
3719.35	98.7192
3721.28	98.909
3723.21	98.8107
3725.14	98.6841
3727.07	98.7904
3729	98.9898
3730.93	99.0531
3732.85	99.1106
3734.78	99.3717
3736.71	99.4148
3738.64	98.9639
3740.57	98.5323
3742.5	98.4325
3744.43	98.5692
3746.36	98.7049
3748.29	98.845
3750.22	98.9153
3752.15	98.6335
3754.07	98.2799
3756	98.2148
3757.93	98.2794
3759.86	98.2276
3761.79	98.1024
3763.72	98.0235
3765.65	97.9848
3767.58	98.0184
3769.51	98.0682
3771.44	97.9566
3773.37	97.8135
3775.29	97.8798
3777.22	98.0045
3779.15	97.8857
3781.08	97.65
3783.01	97.6162
3784.94	97.7257
3786.87	97.7411
3788.8	97.6292
3790.73	97.5907
3792.66	97.7503
3794.59	97.9741
3796.52	98.0946
3798.44	98.1944
3800.37	98.3315
3802.3	98.3194
3804.23	98.1588
3806.16	97.9998
3808.09	97.78
3810.02	97.5424
3811.95	97.4931
3813.88	97.6793
3815.81	97.9358
3817.74	97.984
3819.66	97.859
3821.59	97.8648
3823.52	98.0584
3825.45	98.1611
3827.38	98.1081
3829.31	98.0687
3831.24	98.1099
3833.17	98.1336
3835.1	98.1174
3837.03	98.1048
3838.96	98.0362
3840.89	97.8834
3842.81	97.772
3844.74	97.7763
3846.67	97.861
3848.6	98.0049
3850.53	98.2485
3852.46	98.4827
3854.39	98.3041
3856.32	97.9159
3858.25	97.7867
3860.18	97.8055
3862.11	97.7674
3864.03	97.705
3865.96	97.729
3867.89	97.7409
3869.82	97.6411
3871.75	97.527
3873.68	97.5704
3875.61	97.7919
3877.54	98.0211
3879.47	98.0664
3881.4	97.9896
3883.33	97.9693
3885.25	97.9103
3887.18	97.7925
3889.11	97.8774
3891.04	98.1189
3892.97	98.1223
3894.9	97.893
3896.83	97.8194
3898.76	97.9821
3900.69	98.0994
3902.62	97.9351
3904.55	97.6527
3906.48	97.519
3908.4	97.5516
3910.33	97.6285
3912.26	97.6918
3914.19	97.744
3916.12	97.7553
3918.05	97.6622
3919.98	97.537
3921.91	97.5743
3923.84	97.7755
3925.77	97.8833
3927.7	97.7898
3929.62	97.6987
3931.55	97.6976
3933.48	97.6667
3935.41	97.6092
3937.34	97.6094
3939.27	97.6222
3941.2	97.567
3943.13	97.4138
3945.06	97.2305
3946.99	97.2173
3948.92	97.4509
3950.85	97.6748
3952.77	97.6807
3954.7	97.587
3956.63	97.4818
3958.56	97.3442
3960.49	97.2882
3962.42	97.3963
3964.35	97.4851
3966.28	97.402
3968.21	97.27
3970.14	97.2622
3972.07	97.3833
3973.99	97.5047
3975.92	97.5011
3977.85	97.3911
3979.78	97.3151
3981.71	97.3215
3983.64	97.3375
3985.57	97.3538
3987.5	97.418
3989.43	97.4786
3991.36	97.4421
3993.29	97.3371
3995.22	97.3004
3997.14	97.4162
