499.643	86.6279
501.572	87.0278
503.501	88.325
505.43	89.1625
507.36	89.1305
509.289	88.8163
511.218	88.9647
513.147	89.8014
515.076	90.7551
517.005	90.9584
518.934	90.3107
520.863	89.5912
522.792	89.2812
524.722	89.3297
526.651	89.509
528.58	89.3444
530.509	88.6041
532.438	87.9523
534.367	88.2462
536.296	89.2634
538.225	90.0755
540.155	90.4473
542.084	90.7215
544.013	90.849
545.942	90.6731
547.871	90.4902
549.8	90.4433
551.729	90.2507
553.658	90.0243
555.588	90.195
557.517	90.5583
559.446	90.6069
561.375	90.4943
563.304	90.552
565.233	90.6025
567.162	90.5306
569.091	90.5398
571.021	90.5718
572.95	90.4169
574.879	90.2163
576.808	90.219
578.737	90.3748
580.666	90.4255
582.595	90.1827
584.524	89.6993
586.454	89.1303
588.383	88.4772
590.312	87.7693
592.241	87.2665
594.17	87.0963
596.099	87.0874
598.028	87.1453
599.957	87.2619
601.887	87.3839
603.816	87.6314
605.745	88.132
607.674	88.6411
609.603	88.977
611.532	89.4252
613.461	90.0935
615.39	90.5832
617.32	90.6729
619.249	90.613
621.178	90.5961
623.107	90.5791
625.036	90.5325
626.965	90.4687
628.894	90.3565
630.823	90.141
632.753	89.8118
634.682	89.4257
636.611	88.9978
638.54	88.4013
640.469	87.4984
642.398	86.348
644.327	85.1587
646.256	84.0414
648.186	83.0515
650.115	82.3694
652.044	82.0912
653.973	82.1783
655.902	82.6171
657.831	83.3192
659.76	84.2396
661.689	85.3208
663.619	86.3862
665.548	87.7692
667.477	90.1376
669.406	92.0762
671.335	92.1573
673.264	92.098
675.193	92.6378
677.122	93.3266
679.052	93.749
680.981	93.9697
682.91	94.0358
684.839	94.0482
686.768	94.1172
688.697	94.1542
690.626	94.1414
692.555	94.2035
694.485	94.3115
696.414	94.3425
698.343	94.2739
700.272	94.1352
702.201	94.0341
704.13	94.1124
706.059	94.2649
707.988	94.2439
709.917	94.1129
711.847	94.1
713.776	94.1434
715.705	94.1091
717.634	94.1166
719.563	94.1965
721.492	94.1349
723.421	93.9541
725.35	93.895
727.28	93.9117
729.209	93.7953
731.138	93.5691
733.067	93.3235
734.996	93.0302
736.925	92.733
738.854	92.5125
740.783	92.291
742.713	91.9994
744.642	91.7581
746.571	91.687
748.5	91.7558
750.429	91.9093
752.358	92.1531
754.287	92.4749
756.216	92.7894
758.146	93.0057
760.075	93.1268
762.004	93.236
763.933	93.3888
765.862	93.5613
767.791	93.6861
769.72	93.7215
771.649	93.7068
773.579	93.7118
775.508	93.7213
777.437	93.6716
779.366	93.5768
781.295	93.4833
783.224	93.3719
785.153	93.2248
787.082	93.0615
789.012	92.8356
790.941	92.4611
792.87	91.9463
794.799	91.3381
796.728	90.5943
798.657	89.6359
800.586	88.4096
802.515	86.8014
804.445	84.5974
806.374	81.6343
808.303	78.0605
810.232	74.5509
812.161	72.1828
814.09	71.813
816.019	73.4486
817.948	76.2727
819.878	79.2899
821.807	81.9217
823.736	84.0316
825.665	85.6284
827.594	86.7661
829.523	87.5758
831.452	88.1451
833.381	88.4564
835.311	88.5367
837.24	88.4613
839.169	88.1817
841.098	87.6177
843.027	86.9133
844.956	86.3466
846.885	86.047
848.814	85.9821
850.744	86.0968
852.673	86.3481
854.602	86.7052
856.531	87.1383
858.46	87.575
860.389	87.9266
862.318	88.1604
864.247	88.2791
866.177	88.2613
868.106	88.0704
870.035	87.707
871.964	87.2305
873.893	86.6952
875.822	86.0789
877.751	85.3721
879.68	84.7195
881.609	84.3248
883.539	84.2287
885.468	84.2972
887.397	84.3906
889.326	84.4472
891.255	84.4604
893.184	84.4699
895.113	84.5598
897.042	84.8144
898.972	85.2808
900.901	85.9798
902.83	86.9024
904.759	87.944
906.688	88.8923
908.617	89.5701
910.546	89.9644
912.475	90.1325
914.405	90.0641
916.334	89.7322
918.263	89.1518
920.192	88.2825
922.121	87.0095
924.05	85.2703
925.979	83.063
927.908	80.3518
929.838	77.1251
931.767	73.5504
933.696	69.9873
935.625	66.8675
937.554	64.5558
939.483	63.2287
941.412	62.8359
943.341	63.1879
945.271	64.0795
947.2	65.3545
949.129	66.9023
951.058	68.6263
952.987	70.4223
954.916	72.1785
956.845	73.7982
958.774	75.2508
960.704	76.6288
962.633	78.1236
964.562	79.8729
966.491	81.8155
968.42	83.7409
970.349	85.4516
972.278	86.8281
974.207	87.8199
976.137	88.4567
978.066	88.8006
979.995	88.8577
981.924	88.6032
983.853	88.0734
985.782	87.3815
987.711	86.7014
989.64	86.2176
991.57	85.9638
993.499	85.7388
995.428	85.2471
997.357	84.2494
999.286	82.6698
1001.22	80.7808
1003.14	79.146
1005.07	78.1434
1007	77.7207
1008.93	77.7259
1010.86	78.1598
1012.79	78.9634
1014.72	79.8398
1016.65	80.419
1018.58	80.4628
1020.51	79.8877
1022.44	78.723
1024.36	77.1461
1026.29	75.5318
1028.22	74.2928
1030.15	73.547
1032.08	73.0336
1034.01	72.4351
1035.94	71.6892
1037.87	70.9592
1039.8	70.4201
1041.73	70.1466
1043.66	70.1637
1045.58	70.5052
1047.51	71.163
1049.44	72.0085
1051.37	72.8175
1053.3	73.3916
1055.23	73.6975
1057.16	73.9089
1059.09	74.2503
1061.02	74.7636
1062.95	75.2461
1064.88	75.4241
1066.81	75.2312
1068.73	74.945
1070.66	74.9798
1072.59	75.5248
1074.52	76.4569
1076.45	77.5452
1078.38	78.6176
1080.31	79.5833
1082.24	80.3957
1084.17	80.9902
1086.1	81.2983
1088.03	81.3334
1089.95	81.1383
1091.88	80.663
1093.81	79.8577
1095.74	78.8204
1097.67	77.6916
1099.6	76.5054
1101.53	75.2471
1103.46	73.9269
1105.39	72.5386
1107.32	71.0588
1109.25	69.4946
1111.18	67.8621
1113.1	66.1579
1115.03	64.3969
1116.96	62.6272
1118.89	60.893
1120.82	59.2216
1122.75	57.6244
1124.68	56.0743
1126.61	54.4954
1128.54	52.7789
1130.47	50.7933
1132.4	48.4191
1134.32	45.6523
1136.25	42.6745
1138.18	39.758
1140.11	37.1403
1142.04	35.0309
1143.97	33.6068
1145.9	32.9256
1147.83	32.942
1149.76	33.5908
1151.69	34.7677
1153.62	36.3371
1155.55	38.2082
1157.47	40.296
1159.4	42.4561
1161.33	44.5616
1163.26	46.5556
1165.19	48.3833
1167.12	49.9811
1169.05	51.3521
1170.98	52.5807
1172.91	53.7673
1174.84	54.9828
1176.77	56.2793
1178.69	57.7096
1180.62	59.3131
1182.55	61.0986
1184.48	63.0518
1186.41	65.1585
1188.34	67.4228
1190.27	69.8502
1192.2	72.4341
1194.13	75.1986
1196.06	78.1741
1197.99	81.2822
1199.91	84.3651
1201.84	87.2691
1203.77	89.7733
1205.7	91.7222
1207.63	93.2487
1209.56	94.5578
1211.49	95.949
1213.42	98.0341
1215.35	100.633
1217.28	101.835
1219.21	100.524
1221.14	98.6935
1223.06	98.4511
1224.99	99.4401
1226.92	100.234
1228.85	100.248
1230.78	99.4458
1232.71	97.7545
1234.64	95.4005
1236.57	92.8508
1238.5	90.4823
1240.43	88.5288
1242.36	87.0366
1244.28	85.9363
1246.21	85.2146
1248.14	84.862
1250.07	84.7931
1252	84.9198
1253.93	85.1386
1255.86	85.3073
1257.79	85.348
1259.72	85.25
1261.65	84.9983
1263.58	84.6187
1265.51	84.1826
1267.43	83.7203
1269.36	83.2164
1271.29	82.6608
1273.22	82.0645
1275.15	81.4542
1277.08	80.8197
1279.01	80.0305
1280.94	78.8524
1282.87	77.0451
1284.8	74.3769
1286.73	70.6676
1288.65	66.1627
1290.58	61.8463
1292.51	58.9824
1294.44	58.3422
1296.37	59.9209
1298.3	63.0491
1300.23	66.7048
1302.16	69.9917
1304.09	72.4267
1306.02	73.8045
1307.95	74.0597
1309.87	73.3976
1311.8	72.3545
1313.73	71.5654
1315.66	71.291
1317.59	71.3008
1319.52	71.4665
1321.45	72.0762
1323.38	73.3604
1325.31	75.2325
1327.24	77.4886
1329.17	79.9504
1331.1	82.495
1333.02	84.9293
1334.95	87.0186
1336.88	88.7469
1338.81	90.2222
1340.74	91.4647
1342.67	92.6263
1344.6	94.0107
1346.53	95.6972
1348.46	97.4698
1350.39	99.0665
1352.32	100.304
1354.24	101.038
1356.17	101.273
1358.1	101.25
1360.03	101.286
1361.96	101.471
1363.89	101.288
1365.82	100.194
1367.75	98.7419
1369.68	98.069
1371.61	98.2821
1373.54	98.1621
1375.47	97.0161
1377.39	95.6721
1379.32	94.7836
1381.25	94.2182
1383.18	93.8378
1385.11	93.4983
1387.04	92.9213
1388.97	92.1594
1390.9	91.5019
1392.83	90.8906
1394.76	90.185
1396.69	89.3274
1398.61	88.2291
1400.54	87.13
1402.47	86.5058
1404.4	86.4884
1406.33	86.8834
1408.26	87.4585
1410.19	88.1897
1412.12	89.0822
1414.05	89.937
1415.98	90.6455
1417.91	91.2276
1419.83	91.5911
1421.76	91.7101
1423.69	91.6318
1425.62	91.4004
1427.55	91.0577
1429.48	90.4256
1431.41	89.4643
1433.34	88.5196
1435.27	87.5775
1437.2	86.4039
1439.13	85.3999
1441.06	84.7963
1442.98	84.2956
1444.91	83.702
1446.84	82.8677
1448.77	81.6352
1450.7	80.4547
1452.63	80.06
1454.56	80.5713
1456.49	81.8994
1458.42	83.3856
1460.35	84.3427
1462.28	85.2686
1464.2	86.4635
1466.13	87.6112
1468.06	88.5022
1469.99	89.4897
1471.92	90.6452
1473.85	91.3837
1475.78	91.6008
1477.71	91.827
1479.64	92.1562
1481.57	92.5346
1483.5	92.9924
1485.43	93.5571
1487.35	94.2189
1489.28	94.8047
1491.21	95.086
1493.14	95.3031
1495.07	95.7173
1497	96.2173
1498.93	96.476
1500.86	96.557
1502.79	96.7482
1504.72	97.1723
1506.65	97.6422
1508.57	97.5536
1510.5	97.2508
1512.43	97.2034
1514.36	97.3818
1516.29	97.609
1518.22	97.7539
1520.15	97.8147
1522.08	97.8135
1524.01	97.745
1525.94	97.5785
1527.87	97.4137
1529.8	97.4133
1531.72	97.5259
1533.65	97.5671
1535.58	97.586
1537.51	97.806
1539.44	98.1826
1541.37	98.186
1543.3	97.7537
1545.23	97.4275
1547.16	97.3087
1549.09	97.3183
1551.02	97.3358
1552.94	97.3443
1554.87	97.4893
1556.8	97.8109
1558.73	97.9116
1560.66	97.4818
1562.59	97.123
1564.52	96.9928
1566.45	97.0246
1568.38	97.0724
1570.31	96.9323
1572.24	96.7751
1574.16	96.8299
1576.09	96.9015
1578.02	96.6672
1579.95	96.3773
1581.88	96.2644
1583.81	96.2442
1585.74	96.1891
1587.67	96.0948
1589.6	96.0246
1591.53	95.9924
1593.46	95.9492
1595.39	95.8618
1597.31	95.7398
1599.24	95.6112
1601.17	95.5041
1603.1	95.393
1605.03	95.2327
1606.96	95.0412
1608.89	94.7863
1610.82	94.4598
1612.75	94.2514
1614.68	94.1558
1616.61	93.744
1618.53	93.0035
1620.46	92.3906
1622.39	91.7003
1624.32	90.7273
1626.25	89.7148
1628.18	88.5123
1630.11	87.0438
1632.04	85.7764
1633.97	84.6676
1635.9	83.228
1637.83	82.4087
1639.76	83.5292
1641.68	86.0514
1643.61	88.8848
1645.54	91.4551
1647.47	93.3332
1649.4	94.1965
1651.33	94.6409
1653.26	95.0479
1655.19	95.0272
1657.12	94.8536
1659.05	94.8846
1660.98	94.9825
1662.9	94.8578
1664.83	94.6138
1666.76	94.5545
1668.69	94.6256
1670.62	94.459
1672.55	94.0873
1674.48	93.706
1676.41	93.1144
1678.34	92.4821
1680.27	92.1625
1682.2	91.9136
1684.12	91.2572
1686.05	90.3632
1687.98	89.4335
1689.91	88.3487
1691.84	87.1622
1693.77	85.7136
1695.7	83.8773
1697.63	81.7831
1699.56	78.7932
1701.49	74.8698
1703.42	71.4613
1705.35	68.3839
1707.27	64.8488
1709.2	61.598
1711.13	59.1843
1713.06	57.1725
1714.99	55.7357
1716.92	55.1552
1718.85	54.9543
1720.78	55.8031
1722.71	58.3278
1724.64	62.1239
1726.57	66.8861
1728.49	72.333
1730.42	77.9646
1732.35	84.2763
1734.28	91.9843
1736.21	98.6041
1738.14	102.589
1740.07	105.362
1742	107.707
1743.93	109.234
1745.86	110.186
1747.79	110.972
1749.72	111.386
1751.64	111.504
1753.57	111.453
1755.5	110.974
1757.43	110.268
1759.36	109.637
1761.29	108.751
1763.22	107.51
1765.15	106.336
1767.08	105.357
1769.01	104.586
1770.94	104.039
1772.86	103.313
1774.79	102.316
1776.72	101.541
1778.65	101.077
1780.58	100.728
1782.51	100.433
1784.44	100.212
1786.37	100.057
1788.3	99.9952
1790.23	99.998
1792.16	99.8755
1794.08	99.5028
1796.01	99.1436
1797.94	99.0001
1799.87	98.9525
1801.8	98.7764
1803.73	98.5256
1805.66	98.386
1807.59	98.3859
1809.52	98.4353
1811.45	98.4003
1813.38	98.2658
1815.31	98.172
1817.23	98.1407
1819.16	98.073
1821.09	98.0176
1823.02	98.0671
1824.95	98.1699
1826.88	98.2776
1828.81	98.3629
1830.74	98.3257
1832.67	98.2264
1834.6	98.2031
1836.53	98.1785
1838.45	98.0836
1840.38	98.0601
1842.31	98.1931
1844.24	98.3566
1846.17	98.3844
1848.1	98.3226
1850.03	98.2852
1851.96	98.289
1853.89	98.285
1855.82	98.2452
1857.75	98.1871
1859.68	98.1243
1861.6	98.089
1863.53	98.1835
1865.46	98.4491
1867.39	98.6963
1869.32	98.6566
1871.25	98.4535
1873.18	98.3609
1875.11	98.3433
1877.04	98.3344
1878.97	98.3964
1880.9	98.4763
1882.82	98.4534
1884.75	98.4242
1886.68	98.5211
1888.61	98.6178
1890.54	98.5591
1892.47	98.4729
1894.4	98.5069
1896.33	98.5596
1898.26	98.5464
1900.19	98.6018
1902.12	98.7383
1904.05	98.741
1905.97	98.6367
1907.9	98.7169
1909.83	98.9944
1911.76	99.192
1913.69	99.2105
1915.62	99.0914
1917.55	98.8601
1919.48	98.6865
1921.41	98.7112
1923.34	98.8001
1925.27	98.822
1927.19	98.8658
1929.12	99.0053
1931.05	99.1532
1932.98	99.2209
1934.91	99.1963
1936.84	99.1035
1938.77	99.0331
1940.7	99.0599
1942.63	99.1189
1944.56	99.1455
1946.49	99.1895
1948.41	99.2611
1950.34	99.3826
1952.27	99.6223
1954.2	99.8082
1956.13	99.697
1958.06	99.5102
1959.99	99.6172
1961.92	99.912
1963.85	100.072
1965.78	99.974
1967.71	99.6802
1969.64	99.4902
1971.56	99.6773
1973.49	100.053
1975.42	100.242
1977.35	100.191
1979.28	100.022
1981.21	99.7873
1983.14	99.5899
1985.07	99.6014
1987	99.8647
1988.93	100.144
1990.86	100.093
1992.78	99.7766
1994.71	99.637
1996.64	99.7149
1998.57	99.7016
2000.5	99.6531
2002.43	99.8158
2004.36	100.071
2006.29	100.227
2008.22	100.309
2010.15	100.298
2012.08	100.174
2014.01	100.075
2015.93	100.038
2017.86	100
2019.79	100.052
2021.72	100.189
2023.65	100.18
2025.58	100.01
2027.51	99.9376
2029.44	100.011
2031.37	100.008
2033.3	99.8525
2035.23	99.7378
2037.15	99.7744
2039.08	99.7969
2041.01	99.7273
2042.94	99.806
2044.87	100.122
2046.8	100.328
2048.73	100.181
2050.66	99.8958
2052.59	99.7172
2054.52	99.6414
2056.45	99.62
2058.37	99.638
2060.3	99.6614
2062.23	99.6929
2064.16	99.7389
2066.09	99.7206
2068.02	99.6136
2069.95	99.568
2071.88	99.6912
2073.81	99.8469
2075.74	99.8415
2077.67	99.6942
2079.6	99.5526
2081.52	99.4648
2083.45	99.3996
2085.38	99.3568
2087.31	99.3061
2089.24	99.1986
2091.17	99.1271
2093.1	99.237
2095.03	99.4813
2096.96	99.6914
2098.89	99.7752
2100.82	99.7047
2102.74	99.5039
2104.67	99.2854
2106.6	99.1682
2108.53	99.209
2110.46	99.3534
2112.39	99.4279
2114.32	99.4026
2116.25	99.484
2118.18	99.6704
2120.11	99.6601
2122.04	99.4214
2123.97	99.2901
2125.89	99.4147
2127.82	99.5899
2129.75	99.6125
2131.68	99.5603
2133.61	99.6683
2135.54	99.9053
2137.47	99.9744
2139.4	99.8901
2141.33	99.935
2143.26	100.034
2145.19	99.9803
2147.11	99.9721
2149.04	100.164
2150.97	100.314
2152.9	100.341
2154.83	100.458
2156.76	100.61
2158.69	100.558
2160.62	100.366
2162.55	100.231
2164.48	100.152
2166.41	100.061
2168.33	99.9311
2170.26	99.7886
2172.19	99.7995
2174.12	100.074
2176.05	100.388
2177.98	100.449
2179.91	100.258
2181.84	99.9595
2183.77	99.682
2185.7	99.5959
2187.63	99.7933
2189.56	100.127
2191.48	100.318
2193.41	100.23
2195.34	100.006
2197.27	99.8881
2199.2	99.9489
2201.13	100.071
2203.06	100.103
2204.99	100.043
2206.92	100.112
2208.85	100.362
2210.78	100.407
2212.7	100.112
2214.63	99.9709
2216.56	100.168
2218.49	100.192
2220.42	99.8108
2222.35	99.4799
2224.28	99.5519
2226.21	99.8398
2228.14	99.9565
2230.07	99.8081
2232	99.6832
2233.93	99.7675
2235.85	99.866
2237.78	99.839
2239.71	99.8027
2241.64	99.7601
2243.57	99.6265
2245.5	99.5373
2247.43	99.6217
2249.36	99.727
2251.29	99.7299
2253.22	99.7866
2255.15	100.011
2257.07	100.253
2259	100.375
2260.93	100.405
2262.86	100.335
2264.79	100.135
2266.72	99.9406
2268.65	99.8997
2270.58	99.968
2272.51	100.026
2274.44	100.013
2276.37	99.9138
2278.29	99.7599
2280.22	99.6428
2282.15	99.6415
2284.08	99.7328
2286.01	99.8059
2287.94	99.8341
2289.87	99.9288
2291.8	100.117
2293.73	100.296
2295.66	100.481
2297.59	100.765
2299.52	101.051
2301.44	101.2
2303.37	101.329
2305.3	101.656
2307.23	102.217
2309.16	102.843
2311.09	103.294
2313.02	103.484
2314.95	103.686
2316.88	104.238
2318.81	105.077
2320.74	105.858
2322.66	106.44
2324.59	106.976
2326.52	107.573
2328.45	108.15
2330.38	108.515
2332.31	108.636
2334.24	108.907
2336.17	109.565
2338.1	110.118
2340.03	110.204
2341.96	110.236
2343.89	109.906
2345.81	108.401
2347.74	106.812
2349.67	106.508
2351.6	107.679
2353.53	109.759
2355.46	111.737
2357.39	113.161
2359.32	113.966
2361.25	113.924
2363.18	113.22
2365.11	112.007
2367.03	110.444
2368.96	108.954
2370.89	107.521
2372.82	105.914
2374.75	104.319
2376.68	102.983
2378.61	101.862
2380.54	100.864
2382.47	99.9881
2384.4	99.2303
2386.33	98.6324
2388.26	98.3011
2390.18	98.2039
2392.11	98.1351
2394.04	97.9958
2395.97	97.878
2397.9	97.849
2399.83	97.8567
2401.76	97.8472
2403.69	97.8918
2405.62	98.097
2407.55	98.3143
2409.48	98.2314
2411.4	97.9137
2413.33	97.7809
2415.26	97.9605
2417.19	98.1658
2419.12	98.1747
2421.05	98.038
2422.98	97.9179
2424.91	97.9116
2426.84	97.959
2428.77	97.9533
2430.7	97.9075
2432.62	97.8805
2434.55	97.8875
2436.48	97.9494
2438.41	98.0348
2440.34	98.0461
2442.27	98.0122
2444.2	98.0479
2446.13	98.0914
2448.06	98.0043
2449.99	97.8476
2451.92	97.79
2453.85	97.8821
2455.77	98.0272
2457.7	98.0515
2459.63	97.8936
2461.56	97.7508
2463.49	97.7956
2465.42	97.8811
2467.35	97.8296
2469.28	97.7315
2471.21	97.7231
2473.14	97.8256
2475.07	98.0306
2476.99	98.2118
2478.92	98.1708
2480.85	97.9867
2482.78	97.9263
2484.71	97.9928
2486.64	98.0072
2488.57	97.9845
2490.5	98.0376
2492.43	98.1144
2494.36	98.1111
2496.29	98.0784
2498.22	98.1268
2500.14	98.2294
2502.07	98.2785
2504	98.2616
2505.93	98.2253
2507.86	98.1858
2509.79	98.1938
2511.72	98.2881
2513.65	98.3718
2515.58	98.3743
2517.51	98.3846
2519.44	98.4205
2521.36	98.3726
2523.29	98.2659
2525.22	98.2307
2527.15	98.2909
2529.08	98.4196
2531.01	98.5637
2532.94	98.5824
2534.87	98.4599
2536.8	98.3859
2538.73	98.4084
2540.66	98.3747
2542.58	98.2502
2544.51	98.1269
2546.44	98.056
2548.37	98.047
2550.3	98.0303
2552.23	97.9436
2554.16	97.9427
2556.09	98.131
2558.02	98.2609
2559.95	98.1964
2561.88	98.192
2563.81	98.3387
2565.73	98.3935
2567.66	98.2828
2569.59	98.1744
2571.52	98.1547
2573.45	98.2047
2575.38	98.2865
2577.31	98.3565
2579.24	98.4299
2581.17	98.5459
2583.1	98.6562
2585.03	98.6853
2586.95	98.6417
2588.88	98.5715
2590.81	98.4783
2592.74	98.3641
2594.67	98.2921
2596.6	98.3044
2598.53	98.3188
2600.46	98.2226
2602.39	98.0124
2604.32	97.8003
2606.25	97.7619
2608.18	97.955
2610.1	98.1448
2612.03	98.0881
2613.96	97.9271
2615.89	97.9247
2617.82	98.0053
2619.75	97.9352
2621.68	97.7318
2623.61	97.6045
2625.54	97.6458
2627.47	97.7476
2629.4	97.7691
2631.32	97.7007
2633.25	97.6401
2635.18	97.6552
2637.11	97.7123
2639.04	97.7293
2640.97	97.6762
2642.9	97.5864
2644.83	97.4858
2646.76	97.4031
2648.69	97.4006
2650.62	97.4754
2652.54	97.5214
2654.47	97.4798
2656.4	97.4118
2658.33	97.3762
2660.26	97.3489
2662.19	97.2873
2664.12	97.2084
2666.05	97.1619
2667.98	97.1456
2669.91	97.1206
2671.84	97.1008
2673.77	97.1224
2675.69	97.163
2677.62	97.1935
2679.55	97.2287
2681.48	97.261
2683.41	97.2554
2685.34	97.216
2687.27	97.1615
2689.2	97.085
2691.13	97.0063
2693.06	96.9824
2694.99	97.0213
2696.91	97.0573
2698.84	97.0372
2700.77	96.9787
2702.7	96.9284
2704.63	96.9115
2706.56	96.9332
2708.49	96.978
2710.42	97.0036
2712.35	96.9952
2714.28	96.9952
2716.21	97.0021
2718.14	96.9276
2720.06	96.7635
2721.99	96.6523
2723.92	96.6752
2725.85	96.7352
2727.78	96.7465
2729.71	96.7462
2731.64	96.7572
2733.57	96.7246
2735.5	96.6269
2737.43	96.5177
2739.36	96.4564
2741.28	96.4625
2743.21	96.5215
2745.14	96.606
2747.07	96.6824
2749	96.7171
2750.93	96.7228
2752.86	96.7619
2754.79	96.8401
2756.72	96.8727
2758.65	96.8123
2760.58	96.7129
2762.51	96.6488
2764.43	96.6453
2766.36	96.6726
2768.29	96.6878
2770.22	96.6957
2772.15	96.7065
2774.08	96.6767
2776.01	96.615
2777.94	96.6148
2779.87	96.6658
2781.8	96.6536
2783.73	96.5966
2785.65	96.595
2787.58	96.6018
2789.51	96.5324
2791.44	96.4468
2793.37	96.4124
2795.3	96.3977
2797.23	96.3912
2799.16	96.4145
2801.09	96.4446
2803.02	96.4631
2804.95	96.4805
2806.87	96.4818
2808.8	96.4545
2810.73	96.3955
2812.66	96.2732
2814.59	96.1207
2816.52	96.0619
2818.45	96.0951
2820.38	96.0629
2822.31	95.9164
2824.24	95.7522
2826.17	95.626
2828.1	95.5613
2830.02	95.5892
2831.95	95.6308
2833.88	95.5557
2835.81	95.3794
2837.74	95.1919
2839.67	94.9998
2841.6	94.798
2843.53	94.6158
2845.46	94.4289
2847.39	94.1978
2849.32	93.9471
2851.24	93.6991
2853.17	93.448
2855.1	93.1785
2857.03	92.7905
2858.96	92.2103
2860.89	91.6323
2862.82	91.3051
2864.75	91.1343
2866.68	90.8731
2868.61	90.5287
2870.54	90.2498
2872.47	90.0849
2874.39	90.0656
2876.32	90.2619
2878.25	90.6519
2880.18	91.0731
2882.11	91.3388
2884.04	91.417
2885.97	91.4519
2887.9	91.5176
2889.83	91.5243
2891.76	91.4771
2893.69	91.5319
2895.61	91.7017
2897.54	91.8199
2899.47	91.83
2901.4	91.8537
2903.33	91.9552
2905.26	92.01
2907.19	91.8786
2909.12	91.6254
2911.05	91.4613
2912.98	91.488
2914.91	91.5565
2916.83	91.4098
2918.76	91.0192
2920.69	90.6049
2922.62	90.186
2924.55	89.529
2926.48	88.6981
2928.41	88.0725
2930.34	87.7869
2932.27	87.7562
2934.2	88.0284
2936.13	88.5615
2938.06	89.0539
2939.98	89.3893
2941.91	89.7503
2943.84	90.0938
2945.77	90.0657
2947.7	89.5818
2949.63	88.9866
2951.56	88.5001
2953.49	87.9798
2955.42	87.3373
2957.35	86.761
2959.28	86.4836
2961.2	86.6462
2963.13	87.3189
2965.06	88.5013
2966.99	90.1362
2968.92	91.8915
2970.85	92.9987
2972.78	93.0462
2974.71	92.6658
2976.64	92.6088
2978.57	92.8615
2980.5	93.1628
2982.43	93.4973
2984.35	93.8439
2986.28	94.1978
2988.21	94.6988
2990.14	95.2693
2992.07	95.6226
2994	95.7831
2995.93	96.0001
2997.86	96.3011
2999.79	96.6075
3001.72	96.9553
3003.65	97.3186
3005.57	97.5621
3007.5	97.6563
3009.43	97.7036
3011.36	97.8229
3013.29	98.1116
3015.22	98.549
3017.15	98.9082
3019.08	98.9843
3021.01	98.8914
3022.94	98.8749
3024.87	98.9308
3026.79	98.9099
3028.72	98.8596
3030.65	98.9131
3032.58	98.9856
3034.51	98.9079
3036.44	98.6862
3038.37	98.4089
3040.3	98.1339
3042.23	97.9255
3044.16	97.7615
3046.09	97.5487
3048.02	97.3888
3049.94	97.4916
3051.87	97.783
3053.8	97.9952
3055.73	98.036
3057.66	97.9956
3059.59	97.9984
3061.52	98.0793
3063.45	98.0828
3065.38	97.9309
3067.31	97.8855
3069.24	98.0661
3071.16	98.1267
3073.09	97.9302
3075.02	97.8373
3076.95	97.9462
3078.88	97.934
3080.81	97.7455
3082.74	97.5881
3084.67	97.4821
3086.6	97.435
3088.53	97.5366
3090.46	97.6284
3092.39	97.5387
3094.31	97.4717
3096.24	97.5579
3098.17	97.5573
3100.1	97.3953
3102.03	97.2715
3103.96	97.2059
3105.89	97.114
3107.82	97.0394
3109.75	96.9799
3111.68	96.9433
3113.61	97.0767
3115.53	97.3247
3117.46	97.4057
3119.39	97.312
3121.32	97.2417
3123.25	97.1887
3125.18	97.0853
3127.11	96.9753
3129.04	96.8534
3130.97	96.7406
3132.9	96.7657
3134.83	96.9272
3136.75	97.1061
3138.68	97.2689
3140.61	97.3604
3142.54	97.2985
3144.47	97.1708
3146.4	97.0777
3148.33	96.9635
3150.26	96.8294
3152.19	96.7824
3154.12	96.8639
3156.05	97.0509
3157.98	97.2431
3159.9	97.2799
3161.83	97.1656
3163.76	97.0376
3165.69	96.916
3167.62	96.7946
3169.55	96.7563
3171.48	96.8068
3173.41	96.8676
3175.34	96.8899
3177.27	96.8343
3179.2	96.7438
3181.12	96.7422
3183.05	96.8032
3184.98	96.815
3186.91	96.8087
3188.84	96.8112
3190.77	96.7685
3192.7	96.7693
3194.63	96.933
3196.56	97.1291
3198.49	97.1398
3200.42	96.9569
3202.35	96.7601
3204.27	96.6798
3206.2	96.6462
3208.13	96.6004
3210.06	96.6977
3211.99	96.94
3213.92	96.9951
3215.85	96.7906
3217.78	96.661
3219.71	96.6887
3221.64	96.6687
3223.57	96.6541
3225.49	96.7888
3227.42	96.8572
3229.35	96.6216
3231.28	96.3259
3233.21	96.3661
3235.14	96.6795
3237.07	96.87
3239	96.813
3240.93	96.7194
3242.86	96.6803
3244.79	96.6136
3246.72	96.5477
3248.64	96.5626
3250.57	96.5933
3252.5	96.535
3254.43	96.4101
3256.36	96.323
3258.29	96.3254
3260.22	96.364
3262.15	96.3642
3264.08	96.3484
3266.01	96.3798
3267.94	96.4101
3269.86	96.3827
3271.79	96.4258
3273.72	96.6164
3275.65	96.6925
3277.58	96.4686
3279.51	96.2502
3281.44	96.3094
3283.37	96.444
3285.3	96.441
3287.23	96.3817
3289.16	96.3103
3291.08	96.1898
3293.01	96.1175
3294.94	96.1626
3296.87	96.209
3298.8	96.1418
3300.73	95.9763
3302.66	95.815
3304.59	95.7625
3306.52	95.8199
3308.45	95.8971
3310.38	95.9217
3312.31	95.8539
3314.23	95.7172
3316.16	95.6401
3318.09	95.6751
3320.02	95.6744
3321.95	95.5403
3323.88	95.4173
3325.81	95.4663
3327.74	95.6242
3329.67	95.6962
3331.6	95.6099
3333.53	95.4971
3335.45	95.4902
3337.38	95.5179
3339.31	95.4353
3341.24	95.2875
3343.17	95.2399
3345.1	95.2982
3347.03	95.3333
3348.96	95.3391
3350.89	95.3819
3352.82	95.3884
3354.75	95.2838
3356.68	95.1762
3358.6	95.1795
3360.53	95.2625
3362.46	95.3571
3364.39	95.3759
3366.32	95.2453
3368.25	95.1013
3370.18	95.1264
3372.11	95.1718
3374.04	95.0192
3375.97	94.8316
3377.9	94.841
3379.82	94.965
3381.75	95.0594
3383.68	95.1092
3385.61	95.0936
3387.54	95.0202
3389.47	94.9762
3391.4	94.9779
3393.33	94.9679
3395.26	94.942
3397.19	94.9283
3399.12	94.9348
3401.04	94.9443
3402.97	94.9047
3404.9	94.8169
3406.83	94.7909
3408.76	94.861
3410.69	94.8911
3412.62	94.8124
3414.55	94.7564
3416.48	94.8274
3418.41	94.9338
3420.34	94.9442
3422.27	94.8731
3424.19	94.8039
3426.12	94.7542
3428.05	94.7499
3429.98	94.8486
3431.91	95.0024
3433.84	95.1138
3435.77	95.2114
3437.7	95.3322
3439.63	95.3557
3441.56	95.1817
3443.49	94.9535
3445.41	94.9352
3447.34	95.18
3449.27	95.4352
3451.2	95.5244
3453.13	95.564
3455.06	95.6067
3456.99	95.551
3458.92	95.4497
3460.85	95.3955
3462.78	95.3221
3464.71	95.2584
3466.64	95.3025
3468.56	95.3764
3470.49	95.4439
3472.42	95.5246
3474.35	95.4167
3476.28	95.0749
3478.21	94.8645
3480.14	94.9147
3482.07	94.98
3484	94.9901
3485.93	95.0128
3487.86	95.0073
3489.78	95.0073
3491.71	95.0221
3493.64	94.9044
3495.57	94.7042
3497.5	94.6544
3499.43	94.7198
3501.36	94.7091
3503.29	94.5974
3505.22	94.4522
3507.15	94.3901
3509.08	94.5709
3511	94.9247
3512.93	95.1264
3514.86	95.0534
3516.79	94.8554
3518.72	94.6456
3520.65	94.4766
3522.58	94.4888
3524.51	94.7538
3526.44	95.0373
3528.37	95.0691
3530.3	94.9214
3532.23	94.8145
3534.15	94.7788
3536.08	94.7197
3538.01	94.5809
3539.94	94.4172
3541.87	94.3895
3543.8	94.5402
3545.73	94.6106
3547.66	94.4449
3549.59	94.3689
3551.52	94.5886
3553.45	94.8261
3555.37	94.875
3557.3	94.8965
3559.23	94.8661
3561.16	94.6196
3563.09	94.4672
3565.02	94.8092
3566.95	95.3165
3568.88	95.354
3570.81	95.2148
3572.74	95.3378
3574.67	95.5619
3576.6	95.6262
3578.52	95.6103
3580.45	95.711
3582.38	95.9202
3584.31	96.0847
3586.24	96.1334
3588.17	96.1529
3590.1	96.2404
3592.03	96.3799
3593.96	96.5777
3595.89	96.8437
3597.82	97.1202
3599.74	97.3542
3601.67	97.4887
3603.6	97.5021
3605.53	97.4832
3607.46	97.5065
3609.39	97.5501
3611.32	97.5868
3613.25	97.6269
3615.18	97.654
3617.11	97.6997
3619.04	97.8845
3620.97	98.1483
3622.89	98.2146
3624.82	98.1088
3626.75	98.0711
3628.68	98.0564
3630.61	97.756
3632.54	97.4621
3634.47	97.503
3636.4	97.6282
3638.33	97.5134
3640.26	97.3011
3642.19	97.298
3644.11	97.6181
3646.04	98.219
3647.97	98.8482
3649.9	98.9233
3651.83	98.5263
3653.76	98.197
3655.69	97.9108
3657.62	97.5813
3659.55	97.3013
3661.48	97.2022
3663.41	97.369
3665.33	97.6029
3667.26	97.6431
3669.19	97.7135
3671.12	98.123
3673.05	98.476
3674.98	98.5068
3676.91	98.4481
3678.84	98.3003
3680.77	97.9462
3682.7	97.617
3684.63	97.5805
3686.56	97.852
3688.48	98.3692
3690.41	98.7711
3692.34	98.5957
3694.27	98.2097
3696.2	98.127
3698.13	98.303
3700.06	98.3968
3701.99	98.3688
3703.92	98.3234
3705.85	98.1905
3707.78	98.0144
3709.7	97.8941
3711.63	97.6946
3713.56	97.5347
3715.49	97.8123
3717.42	98.3964
3719.35	98.8253
3721.28	98.8644
3723.21	98.6885
3725.14	98.5793
3727.07	98.7012
3729	98.8795
3730.93	98.8556
3732.85	98.8403
3734.78	99.1739
3736.71	99.322
3738.64	98.9277
3740.57	98.6236
3742.5	98.6569
3744.43	98.7135
3746.36	98.647
3748.29	98.7119
3750.22	98.7231
3752.15	98.351
3754.07	98.0364
3756	98.0737
3757.93	98.1674
3759.86	98.0809
3761.79	97.9587
3763.72	97.9157
3765.65	97.8489
3767.58	97.7423
3769.51	97.6749
3771.44	97.6714
3773.37	97.7794
3775.29	97.9718
3777.22	98.0412
3779.15	97.8637
3781.08	97.675
3783.01	97.6684
3784.94	97.6955
3786.87	97.5782
3788.8	97.3592
3790.73	97.2598
3792.66	97.4193
3794.59	97.6943
3796.52	97.8232
3798.44	97.8512
3800.37	97.9931
3802.3	98.1265
3804.23	98.022
3806.16	97.8179
3808.09	97.6779
3810.02	97.5861
3811.95	97.5561
3813.88	97.7149
3815.81	98.0158
3817.74	98.0757
3819.66	97.8773
3821.59	97.8626
3823.52	98.0751
3825.45	98.1056
3827.38	97.9065
3829.31	97.7446
3831.24	97.7894
3833.17	98.0003
3835.1	98.2711
3837.03	98.4368
3838.96	98.3212
3840.89	98.0241
3842.81	97.8136
3844.74	97.7647
3846.67	97.8226
3848.6	97.9397
3850.53	98.103
3852.46	98.2353
3854.39	98.1136
3856.32	97.8251
3858.25	97.6471
3860.18	97.6026
3862.11	97.6293
3864.03	97.6775
3865.96	97.7519
3867.89	97.8237
3869.82	97.7496
3871.75	97.5396
3873.68	97.5148
3875.61	97.7379
3877.54	97.8974
3879.47	97.8452
3881.4	97.7807
3883.33	97.7934
3885.25	97.7239
3887.18	97.6715
3889.11	97.8461
3891.04	98.0534
3892.97	97.9498
3894.9	97.6636
3896.83	97.5823
3898.76	97.7961
3900.69	98.0213
3902.62	97.8969
3904.55	97.5645
3906.48	97.3972
3908.4	97.4161
3910.33	97.4764
3912.26	97.5431
3914.19	97.5859
3916.12	97.543
3918.05	97.4539
3919.98	97.4207
3921.91	97.4736
3923.84	97.6229
3925.77	97.8072
3927.7	97.8545
3929.62	97.7403
3931.55	97.6278
3933.48	97.6025
3935.41	97.5781
3937.34	97.5264
3939.27	97.5138
3941.2	97.5285
3943.13	97.4659
3945.06	97.3223
3946.99	97.2495
3948.92	97.3443
3950.85	97.5036
3952.77	97.5607
3954.7	97.4848
3956.63	97.3314
3958.56	97.1926
3960.49	97.2035
3962.42	97.3862
3964.35	97.5505
3966.28	97.5532
3968.21	97.4745
3970.14	97.4076
3972.07	97.3398
3973.99	97.285
3975.92	97.2887
3977.85	97.3309
3979.78	97.3685
3981.71	97.3779
3983.64	97.3544
3985.57	97.3486
3987.5	97.3901
3989.43	97.391
3991.36	97.2873
3993.29	97.1758
3995.22	97.1818
3997.14	97.3116
