499.643	85.6572
501.572	84.2613
503.501	85.5239
505.43	87.6428
507.36	88.361
509.289	87.9714
511.218	88.0505
513.147	88.8333
515.076	89.5796
517.005	89.9995
518.934	90.0571
520.863	89.7466
522.792	89.4087
524.722	89.3388
526.651	89.3782
528.58	89.1187
530.509	88.4217
532.438	87.8168
534.367	88.1467
536.296	89.3294
538.225	90.2487
540.155	90.3868
542.084	90.3471
544.013	90.5568
545.942	90.7574
547.871	90.7355
549.8	90.5919
551.729	90.4186
553.658	90.3013
555.588	90.3491
557.517	90.4724
559.446	90.5103
561.375	90.5343
563.304	90.622
565.233	90.6333
567.162	90.5029
569.091	90.3889
571.021	90.4682
572.95	90.726
574.879	90.8697
576.808	90.6794
578.737	90.4182
580.666	90.3136
582.595	90.0888
584.524	89.5744
586.454	88.9968
588.383	88.4324
590.312	87.8001
592.241	87.2595
594.17	87.0166
596.099	87.0175
598.028	87.1062
599.957	87.1877
601.887	87.2937
603.816	87.568
605.745	88.0403
607.674	88.5484
609.603	88.9716
611.532	89.36
613.461	89.8113
615.39	90.2964
617.32	90.6153
619.249	90.6587
621.178	90.5969
623.107	90.5682
625.036	90.4999
626.965	90.3673
628.894	90.2467
630.823	90.0749
632.753	89.7353
634.682	89.3052
636.611	88.8889
638.54	88.3487
640.469	87.4823
642.398	86.3435
644.327	85.1708
646.256	84.0529
648.186	82.9843
650.115	82.1897
652.044	81.9181
653.973	82.1495
655.902	82.7002
657.831	83.409
659.76	84.3198
661.689	85.3963
663.619	86.4239
665.548	87.7595
667.477	90.091
669.406	92.0042
671.335	92.1107
673.264	92.1294
675.193	92.7371
677.122	93.3944
679.052	93.7166
680.981	93.9164
682.91	94.0782
684.839	94.1476
686.768	94.1571
688.697	94.1447
690.626	94.1735
692.555	94.2708
694.485	94.3379
696.414	94.3315
698.343	94.313
700.272	94.2525
702.201	94.1379
704.13	94.1192
706.059	94.2034
707.988	94.1649
709.917	94.0033
711.847	93.9643
713.776	94.0587
715.705	94.1285
717.634	94.1895
719.563	94.2262
721.492	94.0905
723.421	93.8899
725.35	93.8611
727.28	93.8967
729.209	93.7526
731.138	93.4763
733.067	93.214
734.996	92.9417
736.925	92.63
738.854	92.3445
740.783	92.1134
742.713	91.9154
744.642	91.7634
746.571	91.6807
748.5	91.6754
750.429	91.7897
752.358	92.0707
754.287	92.4494
756.216	92.7668
758.146	92.9597
760.075	93.0944
762.004	93.2148
763.933	93.3252
765.862	93.4677
767.791	93.638
769.72	93.7335
771.649	93.7237
773.579	93.7025
775.508	93.7052
777.437	93.6611
779.366	93.5412
781.295	93.4032
783.224	93.298
785.153	93.2108
787.082	93.0849
789.012	92.8572
790.941	92.4783
792.87	91.9466
794.799	91.3057
796.728	90.5488
798.657	89.5908
800.586	88.3576
802.515	86.7595
804.445	84.5809
806.374	81.618
808.303	78.0319
810.232	74.549
812.161	72.2363
814.09	71.882
816.019	73.4652
817.948	76.226
819.878	79.2257
821.807	81.8616
823.736	83.964
825.665	85.5612
827.594	86.7032
829.523	87.4808
831.452	88.0021
833.381	88.3098
835.311	88.4237
837.24	88.3709
839.169	88.1097
841.098	87.594
843.027	86.9378
844.956	86.3663
846.885	86.0375
848.814	85.9693
850.744	86.0738
852.673	86.2868
854.602	86.6369
856.531	87.0931
858.46	87.504
860.389	87.8056
862.318	88.0556
864.247	88.2181
866.177	88.181
868.106	87.9453
870.035	87.581
871.964	87.1118
873.893	86.5575
875.822	85.949
877.751	85.3028
879.68	84.6991
881.609	84.2873
883.539	84.1377
885.468	84.1827
887.397	84.2981
889.326	84.3744
891.255	84.3714
893.184	84.3564
895.113	84.4468
897.042	84.717
898.972	85.1932
900.901	85.8989
902.83	86.8329
904.759	87.8879
906.688	88.8525
908.617	89.558
910.546	89.9821
912.475	90.1625
914.405	90.0904
916.334	89.7416
918.263	89.1184
920.192	88.1996
922.121	86.9107
924.05	85.1824
925.979	82.9932
927.908	80.3207
929.838	77.1401
931.767	73.5726
933.696	69.9812
935.625	66.8343
937.554	64.5038
939.483	63.1701
941.412	62.7999
943.341	63.1865
945.271	64.0819
947.2	65.3271
949.129	66.8561
951.058	68.5961
952.987	70.4092
954.916	72.1559
956.845	73.7627
958.774	75.2111
960.704	76.5662
962.633	78.0261
964.562	79.7718
966.491	81.739
968.42	83.6828
970.349	85.402
972.278	86.7807
974.207	87.7631
976.137	88.3931
978.066	88.7439
979.995	88.8072
981.924	88.5585
983.853	88.0463
985.782	87.3674
987.711	86.6786
989.64	86.1748
991.57	85.8982
993.499	85.6533
995.428	85.1627
997.357	84.192
999.286	82.6456
1001.22	80.7782
1003.14	79.1498
1005.07	78.1497
1007	77.7308
1008.93	77.7215
1010.86	78.1155
1012.79	78.8958
1014.72	79.7968
1016.65	80.4139
1018.58	80.458
1020.51	79.8485
1022.44	78.6577
1024.36	77.0781
1026.29	75.4557
1028.22	74.1977
1030.15	73.4589
1032.08	72.9811
1034.01	72.3992
1035.94	71.633
1037.87	70.8701
1039.8	70.3031
1041.73	70.0239
1043.66	70.0786
1045.58	70.4722
1047.51	71.1276
1049.44	71.914
1051.37	72.6806
1053.3	73.2606
1055.23	73.587
1057.16	73.825
1059.09	74.2085
1061.02	74.7406
1062.95	75.1888
1064.88	75.3184
1066.81	75.1016
1068.73	74.8121
1070.66	74.8571
1072.59	75.4163
1074.52	76.3441
1076.45	77.4139
1078.38	78.4837
1080.31	79.4673
1082.24	80.2956
1084.17	80.8913
1086.1	81.1866
1088.03	81.2013
1089.95	80.9979
1091.88	80.5342
1093.81	79.7256
1095.74	78.6472
1097.67	77.4851
1099.6	76.3096
1101.53	75.0678
1103.46	73.7411
1105.39	72.3464
1107.32	70.8567
1109.25	69.2552
1111.18	67.5844
1113.1	65.883
1115.03	64.1657
1116.96	62.4529
1118.89	60.7525
1120.82	59.0697
1122.75	57.4404
1124.68	55.8764
1126.61	54.3073
1128.54	52.6157
1130.47	50.6655
1132.4	48.327
1134.32	45.5845
1136.25	42.6144
1138.18	39.7
1140.11	37.1032
1142.04	35.0285
1143.97	33.6198
1145.9	32.9374
1147.83	32.9594
1149.76	33.6074
1151.69	34.7742
1153.62	36.352
1155.55	38.232
1157.47	40.2929
1159.4	42.424
1161.33	44.5363
1163.26	46.5458
1165.19	48.381
1167.12	49.9921
1169.05	51.3586
1170.98	52.5426
1172.91	53.689
1174.84	54.9056
1176.77	56.2181
1178.69	57.6606
1180.62	59.2891
1182.55	61.0993
1184.48	63.0444
1186.41	65.1304
1188.34	67.4069
1190.27	69.8683
1192.2	72.4619
1194.13	75.2049
1196.06	78.1559
1197.99	81.2507
1199.91	84.3235
1201.84	87.217
1203.77	89.722
1205.7	91.6823
1207.63	93.214
1209.56	94.5294
1211.49	95.9434
1213.42	98.0356
1215.35	100.6
1217.28	101.772
1219.21	100.468
1221.14	98.6357
1223.06	98.3672
1224.99	99.3367
1226.92	100.127
1228.85	100.143
1230.78	99.3375
1232.71	97.6321
1234.64	95.2686
1236.57	92.7328
1238.5	90.3716
1240.43	88.3977
1242.36	86.8944
1244.28	85.8017
1246.21	85.0672
1248.14	84.6868
1250.07	84.6133
1252	84.7483
1253.93	84.9689
1255.86	85.1462
1257.79	85.2007
1259.72	85.1075
1261.65	84.8678
1263.58	84.5109
1265.51	84.0748
1267.43	83.5881
1269.36	83.0757
1271.29	82.5405
1273.22	81.9728
1275.15	81.3841
1277.08	80.7583
1279.01	79.9758
1280.94	78.8302
1282.87	77.0816
1284.8	74.4613
1286.73	70.7727
1288.65	66.2754
1290.58	61.9562
1292.51	59.0708
1294.44	58.4023
1296.37	59.9682
1298.3	63.1073
1300.23	66.7897
1302.16	70.0962
1304.09	72.5205
1306.02	73.8628
1307.95	74.0874
1309.87	73.4112
1311.8	72.3567
1313.73	71.5536
1315.66	71.2748
1317.59	71.2965
1319.52	71.4792
1321.45	72.1012
1323.38	73.398
1325.31	75.2822
1327.24	77.5347
1329.17	79.9782
1331.1	82.5083
1333.02	84.9339
1334.95	87.0141
1336.88	88.7429
1338.81	90.2345
1340.74	91.489
1342.67	92.6432
1344.6	94.0076
1346.53	95.6767
1348.46	97.4509
1350.39	99.0619
1352.32	100.292
1354.24	100.984
1356.17	101.185
1358.1	101.185
1360.03	101.285
1361.96	101.515
1363.89	101.336
1365.82	100.246
1367.75	98.8016
1369.68	98.1082
1371.61	98.2793
1373.54	98.1212
1375.47	96.9512
1377.39	95.608
1379.32	94.7409
1381.25	94.1965
1383.18	93.8359
1385.11	93.5159
1387.04	92.9165
1388.97	92.083
1390.9	91.3856
1392.83	90.8041
1394.76	90.1487
1396.69	89.3008
1398.61	88.1958
1400.54	87.1199
1402.47	86.5296
1404.4	86.5186
1406.33	86.8979
1408.26	87.4658
1410.19	88.1899
1412.12	89.05
1414.05	89.8695
1415.98	90.5809
1417.91	91.1981
1419.83	91.5761
1421.76	91.6865
1423.69	91.6197
1425.62	91.4161
1427.55	91.0899
1429.48	90.4641
1431.41	89.508
1433.34	88.5513
1435.27	87.565
1437.2	86.3468
1439.13	85.3451
1441.06	84.7654
1442.98	84.2749
1444.91	83.6783
1446.84	82.8436
1448.77	81.6133
1450.7	80.4311
1452.63	80.0339
1454.56	80.5393
1456.49	81.8459
1458.42	83.3064
1460.35	84.2609
1462.28	85.2005
1464.2	86.4167
1466.13	87.5748
1468.06	88.46
1469.99	89.4508
1471.92	90.6262
1473.85	91.3504
1475.78	91.5084
1477.71	91.7109
1479.64	92.082
1481.57	92.5189
1483.5	92.9923
1485.43	93.5341
1487.35	94.1694
1489.28	94.7402
1491.21	95.0201
1493.14	95.244
1495.07	95.6569
1497	96.1427
1498.93	96.4062
1500.86	96.5117
1502.79	96.6999
1504.72	97.0895
1506.65	97.5723
1508.57	97.5572
1510.5	97.2548
1512.43	97.1622
1514.36	97.3134
1516.29	97.5498
1518.22	97.7279
1520.15	97.8103
1522.08	97.7787
1524.01	97.6954
1525.94	97.5927
1527.87	97.4759
1529.8	97.4493
1531.72	97.5427
1533.65	97.6056
1535.58	97.6061
1537.51	97.7743
1539.44	98.1573
1541.37	98.234
1543.3	97.8167
1545.23	97.4555
1547.16	97.2973
1549.09	97.2799
1551.02	97.2969
1552.94	97.3411
1554.87	97.559
1556.8	97.9693
1558.73	98.0686
1560.66	97.5334
1562.59	97.1323
1564.52	96.9917
1566.45	96.9926
1568.38	97.0263
1570.31	96.9303
1572.24	96.8064
1574.16	96.8382
1576.09	96.8709
1578.02	96.6352
1579.95	96.3562
1581.88	96.2407
1583.81	96.2168
1585.74	96.1564
1587.67	96.0396
1589.6	95.9454
1591.53	95.92
1593.46	95.9045
1595.39	95.8325
1597.31	95.7104
1599.24	95.5781
1601.17	95.4622
1603.1	95.3429
1605.03	95.2003
1606.96	95.0549
1608.89	94.8335
1610.82	94.4987
1612.75	94.2769
1614.68	94.1867
1616.61	93.763
1618.53	92.9929
1620.46	92.3825
1622.39	91.7075
1624.32	90.7226
1626.25	89.6982
1628.18	88.5127
1630.11	87.0741
1632.04	85.8448
1633.97	84.7718
1635.9	83.3153
1637.83	82.4458
1639.76	83.54
1641.68	86.026
1643.61	88.8219
1645.54	91.446
1647.47	93.4654
1649.4	94.3868
1651.33	94.7942
1653.26	95.1219
1655.19	95.0494
1657.12	94.8743
1659.05	94.9036
1660.98	94.9739
1662.9	94.8188
1664.83	94.5641
1666.76	94.4813
1668.69	94.5253
1670.62	94.3932
1672.55	94.0792
1674.48	93.6998
1676.41	93.0757
1678.34	92.4209
1680.27	92.0711
1682.2	91.79
1684.12	91.1757
1686.05	90.3677
1687.98	89.4687
1689.91	88.3855
1691.84	87.1949
1693.77	85.7239
1695.7	83.8357
1697.63	81.668
1699.56	78.6531
1701.49	74.8264
1703.42	71.5364
1705.35	68.4863
1707.27	64.9146
1709.2	61.6228
1711.13	59.1491
1713.06	57.0606
1714.99	55.5926
1716.92	55.0395
1718.85	54.8685
1720.78	55.7529
1722.71	58.3034
1724.64	62.085
1726.57	66.836
1728.49	72.3064
1730.42	77.9341
1732.35	84.1965
1734.28	91.8904
1736.21	98.519
1738.14	102.473
1740.07	105.227
1742	107.596
1743.93	109.142
1745.86	110.117
1747.79	110.987
1749.72	111.485
1751.64	111.54
1753.57	111.354
1755.5	110.833
1757.43	110.194
1759.36	109.619
1761.29	108.735
1763.22	107.529
1765.15	106.411
1767.08	105.414
1769.01	104.562
1770.94	103.963
1772.86	103.228
1774.79	102.234
1776.72	101.478
1778.65	101.031
1780.58	100.677
1782.51	100.39
1784.44	100.2
1786.37	100.053
1788.3	99.9552
1790.23	99.8924
1792.16	99.7153
1794.08	99.3639
1796.01	99.0665
1797.94	98.9486
1799.87	98.8886
1801.8	98.7155
1803.73	98.5013
1805.66	98.3941
1807.59	98.3819
1809.52	98.374
1811.45	98.2878
1813.38	98.1381
1815.31	98.0473
1817.23	98.0467
1819.16	98.0528
1821.09	98.0765
1823.02	98.1586
1824.95	98.1993
1826.88	98.1546
1828.81	98.1331
1830.74	98.1606
1832.67	98.1723
1834.6	98.1369
1836.53	98.0229
1838.45	97.8791
1840.38	97.8706
1842.31	98.0569
1844.24	98.2846
1846.17	98.3345
1848.1	98.245
1850.03	98.1453
1851.96	98.0883
1853.89	98.1361
1855.82	98.2684
1857.75	98.3021
1859.68	98.1584
1861.6	98.0465
1863.53	98.163
1865.46	98.4385
1867.39	98.6562
1869.32	98.631
1871.25	98.4402
1873.18	98.2868
1875.11	98.2133
1877.04	98.2305
1878.97	98.3449
1880.9	98.4301
1882.82	98.3988
1884.75	98.391
1886.68	98.4902
1888.61	98.5275
1890.54	98.417
1892.47	98.3655
1894.4	98.4863
1896.33	98.6092
1898.26	98.6136
1900.19	98.6027
1902.12	98.5996
1904.05	98.5233
1905.97	98.504
1907.9	98.6965
1909.83	98.9317
1911.76	99.023
1913.69	99.0666
1915.62	99.0717
1917.55	98.8956
1919.48	98.6611
1921.41	98.6238
1923.34	98.7086
1925.27	98.7019
1927.19	98.66
1929.12	98.7746
1931.05	98.992
1932.98	99.0915
1934.91	99.0587
1936.84	99.0455
1938.77	99.087
1940.7	99.1272
1942.63	99.1401
1944.56	99.1186
1946.49	99.0795
1948.41	99.0684
1950.34	99.1683
1952.27	99.4299
1954.2	99.6692
1956.13	99.6229
1958.06	99.4351
1959.99	99.4957
1961.92	99.8018
1963.85	99.9794
1965.78	99.785
1967.71	99.364
1969.64	99.1667
1971.56	99.4262
1973.49	99.8743
1975.42	100.172
1977.35	100.247
1979.28	100.099
1981.21	99.7909
1983.14	99.5642
1985.07	99.5707
1987	99.7317
1988.93	99.8946
1990.86	99.9038
1992.78	99.7803
1994.71	99.8002
1996.64	99.9861
1998.57	100.018
2000.5	99.8747
2002.43	99.868
2004.36	100.001
2006.29	100.069
2008.22	100.108
2010.15	100.176
2012.08	100.193
2014.01	100.189
2015.93	100.18
2017.86	100.048
2019.79	99.8881
2021.72	99.9179
2023.65	100.029
2025.58	100.036
2027.51	100.083
2029.44	100.282
2031.37	100.376
2033.3	100.166
2035.23	99.8558
2037.15	99.6883
2039.08	99.6288
2041.01	99.6263
2042.94	99.7952
2044.87	100.099
2046.8	100.228
2048.73	100.007
2050.66	99.6448
2052.59	99.4466
2054.52	99.5235
2056.45	99.727
2058.37	99.7911
2060.3	99.6848
2062.23	99.6475
2064.16	99.73
2066.09	99.706
2068.02	99.5612
2069.95	99.5478
2071.88	99.6917
2073.81	99.7464
2075.74	99.6188
2077.67	99.4656
2079.6	99.4145
2081.52	99.4436
2083.45	99.4712
2085.38	99.4252
2087.31	99.2939
2089.24	99.1747
2091.17	99.182
2093.1	99.2952
2095.03	99.4193
2096.96	99.5305
2098.89	99.6059
2100.82	99.565
2102.74	99.4293
2104.67	99.3369
2106.6	99.357
2108.53	99.4537
2110.46	99.52
2112.39	99.439
2114.32	99.3082
2116.25	99.3742
2118.18	99.5797
2120.11	99.625
2122.04	99.5099
2123.97	99.4876
2125.89	99.6048
2127.82	99.7127
2129.75	99.7269
2131.68	99.6799
2133.61	99.6735
2135.54	99.7507
2137.47	99.8158
2139.4	99.8394
2141.33	99.9374
2143.26	100.106
2145.19	100.21
2147.11	100.264
2149.04	100.332
2150.97	100.276
2152.9	100.042
2154.83	99.9221
2156.76	100.079
2158.69	100.229
2160.62	100.165
2162.55	100.046
2164.48	99.9528
2166.41	99.8328
2168.33	99.7552
2170.26	99.8184
2172.19	100.033
2174.12	100.296
2176.05	100.367
2177.98	100.214
2179.91	100.121
2181.84	100.081
2183.77	99.8423
2185.7	99.6104
2187.63	99.7367
2189.56	100.022
2191.48	100.11
2193.41	99.9867
2195.34	99.7895
2197.27	99.7138
2199.2	99.9208
2201.13	100.188
2203.06	100.168
2204.99	100.022
2206.92	100.127
2208.85	100.329
2210.78	100.196
2212.7	99.8477
2214.63	99.8037
2216.56	100.083
2218.49	100.206
2220.42	100.025
2222.35	99.8645
2224.28	99.9245
2226.21	100.076
2228.14	100.114
2230.07	99.9626
2232	99.764
2233.93	99.7137
2235.85	99.772
2237.78	99.7605
2239.71	99.6664
2241.64	99.5665
2243.57	99.4428
2245.5	99.3405
2247.43	99.4415
2249.36	99.7607
2251.29	100.042
2253.22	100.121
2255.15	100.119
2257.07	100.189
2259	100.297
2260.93	100.298
2262.86	100.136
2264.79	99.955
2266.72	99.9245
2268.65	100
2270.58	100.061
2272.51	100.103
2274.44	100.089
2276.37	99.912
2278.29	99.6604
2280.22	99.5598
2282.15	99.6423
2284.08	99.751
2286.01	99.7942
2287.94	99.8202
2289.87	99.9195
2291.8	100.104
2293.73	100.298
2295.66	100.489
2297.59	100.742
2299.52	101.029
2301.44	101.248
2303.37	101.432
2305.3	101.713
2307.23	102.149
2309.16	102.692
2311.09	103.192
2313.02	103.525
2314.95	103.866
2316.88	104.51
2318.81	105.367
2320.74	106.077
2322.66	106.583
2324.59	107.114
2326.52	107.692
2328.45	108.166
2330.38	108.466
2332.31	108.699
2334.24	109.063
2336.17	109.567
2338.1	109.963
2340.03	110.209
2341.96	110.427
2343.89	109.97
2345.81	108.325
2347.74	106.799
2349.67	106.578
2351.6	107.798
2353.53	109.971
2355.46	112.01
2357.39	113.366
2359.32	114.125
2361.25	114.146
2363.18	113.622
2365.11	112.734
2367.03	111.283
2368.96	109.362
2370.89	107.376
2372.82	105.66
2374.75	104.304
2376.68	103.142
2378.61	102
2380.54	100.905
2382.47	99.9695
2384.4	99.2235
2386.33	98.6833
2388.26	98.4065
2390.18	98.355
2392.11	98.3409
2394.04	98.229
2395.97	98.0609
2397.9	97.9263
2399.83	97.8413
2401.76	97.7907
2403.69	97.8266
2405.62	98.0133
2407.55	98.223
2409.48	98.2019
2411.4	97.9705
2413.33	97.846
2415.26	97.9514
2417.19	98.0564
2419.12	97.9926
2421.05	97.8949
2422.98	97.9072
2424.91	97.9393
2426.84	97.884
2428.77	97.8224
2430.7	97.8206
2432.62	97.8026
2434.55	97.7812
2436.48	97.8629
2438.41	97.9711
2440.34	97.9577
2442.27	97.91
2444.2	97.9794
2446.13	98.068
2448.06	97.9792
2449.99	97.7464
2451.92	97.6163
2453.85	97.7416
2455.77	97.9905
2457.7	98.0958
2459.63	97.9728
2461.56	97.8252
2463.49	97.8602
2465.42	97.9768
2467.35	97.9528
2469.28	97.8461
2471.21	97.8706
2473.14	98.0157
2475.07	98.1222
2476.99	98.1284
2478.92	98.0491
2480.85	97.9574
2482.78	97.9751
2484.71	98.086
2486.64	98.1372
2488.57	98.0933
2490.5	98.0674
2492.43	98.1228
2494.36	98.196
2496.29	98.21
2498.22	98.2232
2500.14	98.3326
2502.07	98.4149
2504	98.2822
2505.93	98.069
2507.86	98.0355
2509.79	98.135
2511.72	98.1942
2513.65	98.2499
2515.58	98.3768
2517.51	98.4927
2519.44	98.5285
2521.36	98.5011
2523.29	98.3806
2525.22	98.1576
2527.15	97.9943
2529.08	98.0432
2531.01	98.2059
2532.94	98.3033
2534.87	98.3275
2536.8	98.3378
2538.73	98.3429
2540.66	98.3619
2542.58	98.3356
2544.51	98.1397
2546.44	97.9047
2548.37	97.8843
2550.3	97.9676
2552.23	97.9491
2554.16	98.0091
2556.09	98.2553
2558.02	98.3745
2559.95	98.2632
2561.88	98.23
2563.81	98.3499
2565.73	98.393
2567.66	98.3114
2569.59	98.2288
2571.52	98.1734
2573.45	98.1216
2575.38	98.103
2577.31	98.1698
2579.24	98.3169
2581.17	98.4577
2583.1	98.538
2585.03	98.5935
2586.95	98.6283
2588.88	98.5856
2590.81	98.447
2592.74	98.2556
2594.67	98.1116
2596.6	98.1209
2598.53	98.2293
2600.46	98.2387
2602.39	98.079
2604.32	97.9017
2606.25	97.8623
2608.18	97.9331
2610.1	97.9692
2612.03	97.9138
2613.96	97.8522
2615.89	97.854
2617.82	97.8781
2619.75	97.8529
2621.68	97.758
2623.61	97.6413
2625.54	97.5901
2627.47	97.6387
2629.4	97.7062
2631.32	97.6919
2633.25	97.6211
2635.18	97.6054
2637.11	97.6593
2639.04	97.6788
2640.97	97.6101
2642.9	97.4967
2644.83	97.3875
2646.76	97.3323
2648.69	97.3832
2650.62	97.4966
2652.54	97.5408
2654.47	97.4684
2656.4	97.3794
2658.33	97.3507
2660.26	97.3071
2662.19	97.1798
2664.12	97.0852
2666.05	97.1327
2667.98	97.203
2669.91	97.1734
2671.84	97.1399
2673.77	97.1756
2675.69	97.1879
2677.62	97.1659
2679.55	97.2097
2681.48	97.2877
2683.41	97.2755
2685.34	97.1745
2687.27	97.0829
2689.2	97.0511
2691.13	97.0581
2693.06	97.0567
2694.99	97.0262
2696.91	96.9864
2698.84	96.9486
2700.77	96.9055
2702.7	96.8768
2704.63	96.889
2706.56	96.9249
2708.49	96.9512
2710.42	96.9542
2712.35	96.9278
2714.28	96.8833
2716.21	96.8526
2718.14	96.8321
2720.06	96.7819
2721.99	96.7163
2723.92	96.6968
2725.85	96.7242
2727.78	96.7438
2729.71	96.7341
2731.64	96.7
2733.57	96.6419
2735.5	96.584
2737.43	96.5552
2739.36	96.5417
2741.28	96.5243
2743.21	96.5249
2745.14	96.5761
2747.07	96.6736
2749	96.7578
2750.93	96.772
2752.86	96.753
2754.79	96.7748
2756.72	96.8148
2758.65	96.8024
2760.58	96.7395
2762.51	96.6737
2764.43	96.6443
2766.36	96.6694
2768.29	96.7077
2770.22	96.6955
2772.15	96.6473
2774.08	96.6275
2776.01	96.6531
2777.94	96.682
2779.87	96.6539
2781.8	96.5751
2783.73	96.5493
2785.65	96.61
2787.58	96.6293
2789.51	96.544
2791.44	96.4718
2793.37	96.4699
2795.3	96.447
2797.23	96.3928
2799.16	96.4037
2801.09	96.4696
2803.02	96.4869
2804.95	96.4312
2806.87	96.3563
2808.8	96.3157
2810.73	96.3075
2812.66	96.2365
2814.59	96.0634
2816.52	95.9352
2818.45	95.9283
2820.38	95.8923
2822.31	95.7735
2824.24	95.6956
2826.17	95.6536
2828.1	95.5741
2830.02	95.5162
2831.95	95.4768
2833.88	95.3583
2835.81	95.221
2837.74	95.1491
2839.67	95.0325
2841.6	94.7978
2843.53	94.5565
2845.46	94.3889
2847.39	94.2441
2849.32	94.0347
2851.24	93.7255
2853.17	93.3816
2855.1	93.0397
2857.03	92.5893
2858.96	92.0074
2860.89	91.5147
2862.82	91.2491
2864.75	91.0638
2866.68	90.8092
2868.61	90.5141
2870.54	90.248
2872.47	90.0618
2874.39	90.0155
2876.32	90.1273
2878.25	90.3908
2880.18	90.7947
2882.11	91.1943
2884.04	91.3807
2885.97	91.3973
2887.9	91.457
2889.83	91.543
2891.76	91.5119
2893.69	91.4646
2895.61	91.5621
2897.54	91.7017
2899.47	91.7551
2901.4	91.8007
2903.33	91.8773
2905.26	91.8801
2907.19	91.779
2909.12	91.6126
2911.05	91.4083
2912.98	91.308
2914.91	91.404
2916.83	91.4191
2918.76	91.0791
2920.69	90.583
2922.62	90.1292
2924.55	89.5133
2926.48	88.6853
2928.41	88.0211
2930.34	87.7572
2932.27	87.7988
2934.2	88.098
2936.13	88.6414
2938.06	89.2006
2939.98	89.5642
2941.91	89.7975
2943.84	89.9407
2945.77	89.8031
2947.7	89.35
2949.63	88.8663
2951.56	88.4916
2953.49	88.0489
2955.42	87.437
2957.35	86.805
2959.28	86.425
2961.2	86.5802
2963.13	87.3281
2965.06	88.4629
2966.99	89.8898
2968.92	91.5084
2970.85	92.717
2972.78	93.013
2974.71	92.827
2976.64	92.7888
2978.57	92.9495
2980.5	93.2285
2982.43	93.619
2984.35	93.9084
2986.28	94.0909
2988.21	94.55
2990.14	95.2386
2992.07	95.6431
2994	95.7656
2995.93	96.0365
2997.86	96.4589
2999.79	96.7649
3001.72	96.9762
3003.65	97.2335
3005.57	97.51
3007.5	97.6935
3009.43	97.7216
3011.36	97.7088
3013.29	97.9172
3015.22	98.4043
3017.15	98.8685
3019.08	99.0353
3021.01	98.9576
3022.94	98.8222
3024.87	98.7352
3026.79	98.7458
3028.72	98.8698
3030.65	99.0413
3032.58	99.1178
3034.51	98.9905
3036.44	98.7162
3038.37	98.4833
3040.3	98.3622
3042.23	98.1835
3044.16	97.8495
3046.09	97.5899
3048.02	97.614
3049.94	97.7502
3051.87	97.7925
3053.8	97.8491
3055.73	97.9848
3057.66	98.0143
3059.59	97.9345
3061.52	97.9634
3063.45	98.0448
3065.38	97.9664
3067.31	97.8556
3069.24	97.9204
3071.16	98.0151
3073.09	97.9842
3075.02	97.9511
3076.95	97.9499
3078.88	97.865
3080.81	97.7841
3082.74	97.7995
3084.67	97.7281
3086.6	97.539
3088.53	97.4814
3090.46	97.5145
3092.39	97.4012
3094.31	97.2952
3096.24	97.3853
3098.17	97.4173
3100.1	97.2533
3102.03	97.1374
3103.96	97.121
3105.89	97.0452
3107.82	96.9347
3109.75	96.8749
3111.68	96.9342
3113.61	97.1763
3115.53	97.3438
3117.46	97.1515
3119.39	96.9347
3121.32	97.0354
3123.25	97.0885
3125.18	96.8553
3127.11	96.7465
3129.04	96.9094
3130.97	97.0122
3132.9	97.0008
3134.83	97.0507
3136.75	97.1186
3138.68	97.1561
3140.61	97.2262
3142.54	97.2073
3144.47	96.9303
3146.4	96.5983
3148.33	96.5842
3150.26	96.8489
3152.19	96.9879
3154.12	96.8947
3156.05	96.8854
3157.98	97.076
3159.9	97.1955
3161.83	97.0999
3163.76	96.9339
3165.69	96.8279
3167.62	96.8025
3169.55	96.8179
3171.48	96.7988
3173.41	96.755
3175.34	96.761
3177.27	96.7809
3179.2	96.7361
3181.12	96.6508
3183.05	96.5739
3184.98	96.5389
3186.91	96.5742
3188.84	96.6221
3190.77	96.6368
3192.7	96.7277
3194.63	96.9545
3196.56	97.1758
3198.49	97.2469
3200.42	97.1293
3202.35	96.8644
3204.27	96.6029
3206.2	96.4627
3208.13	96.4119
3210.06	96.4643
3211.99	96.6731
3213.92	96.8786
3215.85	96.8929
3217.78	96.8038
3219.71	96.7537
3221.64	96.7323
3223.57	96.7414
3225.49	96.7883
3227.42	96.741
3229.35	96.5435
3231.28	96.4269
3233.21	96.5758
3235.14	96.8086
3237.07	96.8841
3239	96.8525
3240.93	96.8245
3242.86	96.7329
3244.79	96.5508
3246.72	96.3894
3248.64	96.3201
3250.57	96.3526
3252.5	96.4428
3254.43	96.4767
3256.36	96.464
3258.29	96.5277
3260.22	96.5989
3262.15	96.5497
3264.08	96.5094
3266.01	96.577
3267.94	96.5616
3269.86	96.3823
3271.79	96.2782
3273.72	96.385
3275.65	96.5111
3277.58	96.4872
3279.51	96.4187
3281.44	96.4402
3283.37	96.4889
3285.3	96.4621
3287.23	96.3749
3289.16	96.2515
3291.08	96.0848
3293.01	95.97
3294.94	96.0576
3296.87	96.2994
3298.8	96.4092
3300.73	96.212
3302.66	95.9135
3304.59	95.8041
3306.52	95.8685
3308.45	95.9297
3310.38	95.9159
3312.31	95.8183
3314.23	95.6913
3316.16	95.6729
3318.09	95.7504
3320.02	95.74
3321.95	95.6113
3323.88	95.4937
3325.81	95.4507
3327.74	95.5032
3329.67	95.6105
3331.6	95.6039
3333.53	95.4555
3335.45	95.3724
3337.38	95.3979
3339.31	95.3554
3341.24	95.2621
3343.17	95.2881
3345.1	95.3785
3347.03	95.3779
3348.96	95.3757
3350.89	95.5142
3352.82	95.6356
3354.75	95.4769
3356.68	95.1287
3358.6	94.9752
3360.53	95.142
3362.46	95.3364
3364.39	95.3005
3366.32	95.1421
3368.25	95.1324
3370.18	95.3216
3372.11	95.4346
3374.04	95.219
3375.97	94.8617
3377.9	94.7666
3379.82	94.9733
3381.75	95.1652
3383.68	95.1454
3385.61	94.9904
3387.54	94.8627
3389.47	94.8472
3391.4	94.8874
3393.33	94.8825
3395.26	94.8635
3397.19	94.9169
3399.12	94.9969
3401.04	95.0033
3402.97	94.9198
3404.9	94.7952
3406.83	94.7275
3408.76	94.7771
3410.69	94.8281
3412.62	94.7754
3414.55	94.77
3416.48	94.9489
3418.41	95.1378
3420.34	95.1203
3422.27	94.9414
3424.19	94.7591
3426.12	94.6584
3428.05	94.6689
3429.98	94.7785
3431.91	94.9469
3433.84	95.0983
3435.77	95.1437
3437.7	95.1367
3439.63	95.1935
3441.56	95.2032
3443.49	95.0359
3445.41	94.9341
3447.34	95.1451
3449.27	95.4077
3451.2	95.4068
3453.13	95.3093
3455.06	95.3257
3456.99	95.3549
3458.92	95.3356
3460.85	95.325
3462.78	95.2395
3464.71	95.1114
3466.64	95.2066
3468.56	95.4994
3470.49	95.6623
3472.42	95.5851
3474.35	95.3196
3476.28	94.9409
3478.21	94.7671
3480.14	95.0254
3482.07	95.366
3484	95.3429
3485.93	95.0565
3487.86	94.813
3489.78	94.7087
3491.71	94.7144
3493.64	94.7816
3495.57	94.8449
3497.5	94.8417
3499.43	94.766
3501.36	94.6937
3503.29	94.6867
3505.22	94.7051
3507.15	94.7432
3509.08	94.8839
3511	95.0687
3512.93	95.0748
3514.86	94.8537
3516.79	94.5955
3518.72	94.4521
3520.65	94.4309
3522.58	94.5581
3524.51	94.8266
3526.44	95.0059
3528.37	94.9317
3530.3	94.8015
3532.23	94.7787
3534.15	94.7248
3536.08	94.5769
3538.01	94.4889
3539.94	94.5272
3541.87	94.6339
3543.8	94.7552
3545.73	94.7255
3547.66	94.444
3549.59	94.2243
3551.52	94.3567
3553.45	94.6248
3555.37	94.6763
3557.3	94.587
3559.23	94.5208
3561.16	94.4524
3563.09	94.5134
3565.02	94.8924
3566.95	95.2914
3568.88	95.2919
3570.81	95.2388
3572.74	95.4118
3574.67	95.5578
3576.6	95.4974
3578.52	95.4071
3580.45	95.4635
3582.38	95.6532
3584.31	95.8363
3586.24	95.8922
3588.17	95.9695
3590.1	96.3007
3592.03	96.6746
3593.96	96.8036
3595.89	96.8129
3597.82	97.0426
3599.74	97.3667
3601.67	97.4101
3603.6	97.2615
3605.53	97.2407
3607.46	97.2856
3609.39	97.2097
3611.32	97.1499
3613.25	97.2004
3615.18	97.2322
3617.11	97.3136
3619.04	97.5926
3620.97	97.8153
3622.89	97.7351
3624.82	97.651
3626.75	97.8838
3628.68	98.2423
3630.61	98.1259
3632.54	97.7381
3634.47	97.5445
3636.4	97.546
3638.33	97.5866
3640.26	97.6134
3642.19	97.6568
3644.11	97.859
3646.04	98.4045
3647.97	99.0984
3649.9	99.0957
3651.83	98.431
3653.76	97.9727
3655.69	97.7867
3657.62	97.6255
3659.55	97.4012
3661.48	97.2566
3663.41	97.3321
3665.33	97.4849
3667.26	97.5162
3669.19	97.6819
3671.12	98.2711
3673.05	98.7376
3674.98	98.5899
3676.91	98.1245
3678.84	97.8027
3680.77	97.4907
3682.7	97.1867
3684.63	97.2102
3686.56	97.6833
3688.48	98.3853
3690.41	98.7332
3692.34	98.4322
3694.27	98.02
3696.2	97.9627
3698.13	98.1576
3700.06	98.2276
3701.99	98.2056
3703.92	98.3435
3705.85	98.448
3707.78	98.3203
3709.7	98.1172
3711.63	97.9471
3713.56	97.8034
3715.49	97.8874
3717.42	98.2416
3719.35	98.6023
3721.28	98.7407
3723.21	98.6747
3725.14	98.5201
3727.07	98.5003
3729	98.7087
3730.93	98.8908
3732.85	98.8997
3734.78	98.9057
3736.71	98.8151
3738.64	98.483
3740.57	98.2736
3742.5	98.3663
3744.43	98.475
3746.36	98.3695
3748.29	98.3459
3750.22	98.4051
3752.15	98.2482
3754.07	98.0265
3756	97.9152
3757.93	97.7665
3759.86	97.6296
3761.79	97.717
3763.72	97.8874
3765.65	97.9308
3767.58	97.9162
3769.51	97.8566
3771.44	97.6367
3773.37	97.5031
3775.29	97.6803
3777.22	97.9015
3779.15	97.8533
3781.08	97.6991
3783.01	97.6973
3784.94	97.7782
3786.87	97.7583
3788.8	97.54
3790.73	97.298
3792.66	97.3667
3794.59	97.7674
3796.52	98.1023
3798.44	98.1745
3800.37	98.195
3802.3	98.2385
3804.23	98.1696
3806.16	97.9688
3808.09	97.6796
3810.02	97.4305
3811.95	97.3782
3813.88	97.5816
3815.81	97.9078
3817.74	97.9962
3819.66	97.8526
3821.59	97.8393
3823.52	97.9741
3825.45	97.9821
3827.38	97.9141
3829.31	97.9302
3831.24	97.9348
3833.17	97.8398
3835.1	97.8475
3837.03	98.0479
3838.96	98.1197
3840.89	97.8826
3842.81	97.6025
3844.74	97.4844
3846.67	97.5678
3848.6	97.7969
3850.53	98.0392
3852.46	98.1223
3854.39	97.9548
3856.32	97.7553
3858.25	97.673
3860.18	97.6779
3862.11	97.6725
3864.03	97.587
3865.96	97.5852
3867.89	97.7716
3869.82	97.8751
3871.75	97.6828
3873.68	97.4951
3875.61	97.5352
3877.54	97.6247
3879.47	97.6449
3881.4	97.7022
3883.33	97.7958
3885.25	97.7506
3887.18	97.6335
3889.11	97.6809
3891.04	97.8043
3892.97	97.7261
3894.9	97.5582
3896.83	97.6401
3898.76	97.9828
3900.69	98.221
3902.62	98.0544
3904.55	97.6954
3906.48	97.4918
3908.4	97.4848
3910.33	97.5328
3912.26	97.5702
3914.19	97.6063
3916.12	97.5963
3918.05	97.498
3919.98	97.4397
3921.91	97.5328
3923.84	97.6688
3925.77	97.7019
3927.7	97.6601
3929.62	97.6397
3931.55	97.6364
3933.48	97.5993
3935.41	97.54
3937.34	97.5058
3939.27	97.4891
3941.2	97.407
3943.13	97.22
3945.06	97.08
3946.99	97.1773
3948.92	97.453
3950.85	97.6244
3952.77	97.5578
3954.7	97.3896
3956.63	97.2372
3958.56	97.1432
3960.49	97.1762
3962.42	97.2951
3964.35	97.3312
3966.28	97.2952
3968.21	97.3306
3970.14	97.3917
3972.07	97.3768
3973.99	97.3464
3975.92	97.3283
3977.85	97.2844
3979.78	97.2753
3981.71	97.3054
3983.64	97.2846
3985.57	97.2764
3987.5	97.3597
3989.43	97.3835
3991.36	97.2511
3993.29	97.1387
3995.22	97.2049
3997.14	97.3856
