499.643	85.5348
501.572	85.526
503.501	86.6437
505.43	87.6759
507.36	87.7721
509.289	87.5523
511.218	88.265
513.147	89.6676
515.076	90.3661
517.005	89.9345
518.934	89.2018
520.863	88.6403
522.792	88.1633
524.722	88.0062
526.651	88.2355
528.58	88.2872
530.509	88.0488
532.438	88.0967
534.367	88.6623
536.296	89.3151
538.225	89.5707
540.155	89.4557
542.084	89.4339
544.013	89.7203
545.942	90.0499
547.871	90.2993
549.8	90.5374
551.729	90.5179
553.658	90.1544
555.588	89.9658
557.517	90.2431
559.446	90.5962
561.375	90.7167
563.304	90.7124
565.233	90.6554
567.162	90.5091
569.091	90.3442
571.021	90.2191
572.95	90.0708
574.879	89.9835
576.808	90.2129
578.737	90.6339
580.666	90.6816
582.595	90.154
584.524	89.4644
586.454	88.9329
588.383	88.4659
590.312	87.9667
592.241	87.5338
594.17	87.2689
596.099	87.172
598.028	87.1856
599.957	87.2034
601.887	87.1989
603.816	87.3683
605.745	87.8444
607.674	88.382
609.603	88.7621
611.532	89.2384
613.461	89.9926
615.39	90.5948
617.32	90.6281
619.249	90.4061
621.178	90.4001
623.107	90.5113
625.036	90.4484
626.965	90.2685
628.894	90.1626
630.823	90.0687
632.753	89.8372
634.682	89.4915
636.611	89.0841
638.54	88.4915
640.469	87.5426
642.398	86.3053
644.327	85.0942
646.256	84.0706
648.186	83.1609
650.115	82.4761
652.044	82.2614
653.973	82.5184
655.902	83.0163
657.831	83.5576
659.76	84.2487
661.689	85.2323
663.619	86.3774
665.548	87.9006
667.477	90.2855
669.406	92.0392
671.335	92.0345
673.264	92.0214
675.193	92.5905
677.122	93.253
679.052	93.6927
680.981	94.0047
682.91	94.1255
684.839	94.0863
686.768	94.0714
688.697	94.0886
690.626	94.1056
692.555	94.1499
694.485	94.1746
696.414	94.1601
698.343	94.1549
700.272	94.1304
702.201	94.0762
704.13	94.0673
706.059	94.0854
707.988	94.0548
709.917	94.0163
711.847	93.9996
713.776	93.9475
715.705	93.9229
717.634	94.0529
719.563	94.2174
721.492	94.1579
723.421	93.9131
725.35	93.7326
727.28	93.6733
729.209	93.5946
731.138	93.3903
733.067	93.0687
734.996	92.7145
736.925	92.4117
738.854	92.1424
740.783	91.8373
742.713	91.5062
744.642	91.2175
746.571	91.0334
748.5	91.0162
750.429	91.1957
752.358	91.5252
754.287	91.9111
756.216	92.2589
758.146	92.5265
760.075	92.7522
762.004	92.9734
763.933	93.171
765.862	93.3293
767.791	93.4436
769.72	93.4978
771.649	93.5212
773.579	93.5573
775.508	93.5662
777.437	93.5013
779.366	93.4066
781.295	93.3253
783.224	93.2389
785.153	93.1305
787.082	92.9731
789.012	92.6996
790.941	92.2823
792.87	91.7586
794.799	91.1414
796.728	90.3923
798.657	89.4603
800.586	88.27
802.515	86.6965
804.445	84.5652
806.374	81.7029
808.303	78.188
810.232	74.6924
812.161	72.3483
814.09	71.9838
816.019	73.5264
817.948	76.1967
819.878	79.1264
821.807	81.7688
823.736	83.9108
825.665	85.5123
827.594	86.6349
829.523	87.4105
831.452	87.9243
833.381	88.1791
835.311	88.2201
837.24	88.1234
839.169	87.8326
841.098	87.2566
843.027	86.5379
844.956	85.9695
846.885	85.6886
848.814	85.6455
850.744	85.757
852.673	85.9725
854.602	86.2761
856.531	86.646
858.46	87.0164
860.389	87.3355
862.318	87.5844
864.247	87.7048
866.177	87.6439
868.106	87.4384
870.035	87.1366
871.964	86.7302
873.893	86.2124
875.822	85.6004
877.751	84.941
879.68	84.3545
881.609	83.9705
883.539	83.8142
885.468	83.8271
887.397	83.9325
889.326	84.0487
891.255	84.1234
893.184	84.1746
895.113	84.2754
897.042	84.5117
898.972	84.9462
900.901	85.6071
902.83	86.4924
904.759	87.5187
906.688	88.4869
908.617	89.2062
910.546	89.6339
912.475	89.8117
914.405	89.7479
916.334	89.4261
918.263	88.8278
920.192	87.9057
922.121	86.6059
924.05	84.902
925.979	82.7652
927.908	80.1374
929.838	76.996
931.767	73.4909
933.696	69.9995
935.625	66.9625
937.554	64.6776
939.483	63.2919
941.412	62.851
943.341	63.2201
945.271	64.109
947.2	65.3016
949.129	66.7463
951.058	68.4003
952.987	70.1438
954.916	71.8555
956.845	73.4549
958.774	74.8969
960.704	76.2373
962.633	77.6666
964.562	79.3594
966.491	81.2821
968.42	83.22
970.349	84.9527
972.278	86.3431
974.207	87.3474
976.137	88.0072
978.066	88.3783
979.995	88.4609
981.924	88.2428
983.853	87.7666
985.782	87.1325
987.711	86.4946
989.64	86.0206
991.57	85.7502
993.499	85.506
995.428	84.9982
997.357	83.9923
999.286	82.4464
1001.22	80.6352
1003.14	79.0601
1005.07	78.0659
1007	77.6343
1008.93	77.636
1010.86	78.06
1012.79	78.847
1014.72	79.7036
1016.65	80.2487
1018.58	80.2443
1020.51	79.6204
1022.44	78.3982
1024.36	76.7413
1026.29	75.0491
1028.22	73.7705
1030.15	73.0122
1032.08	72.4757
1034.01	71.8427
1035.94	71.0846
1037.87	70.377
1039.8	69.8622
1041.73	69.5847
1043.66	69.5889
1045.58	69.9293
1047.51	70.5519
1049.44	71.2913
1051.37	71.9949
1053.3	72.5529
1055.23	72.9137
1057.16	73.1877
1059.09	73.5722
1061.02	74.0793
1062.95	74.4804
1064.88	74.5512
1066.81	74.309
1068.73	74.05
1070.66	74.1387
1072.59	74.7071
1074.52	75.6142
1076.45	76.6642
1078.38	77.7189
1080.31	78.6572
1082.24	79.3893
1084.17	79.8775
1086.1	80.1091
1088.03	80.1043
1089.95	79.8806
1091.88	79.3697
1093.81	78.5081
1095.74	77.3922
1097.67	76.1835
1099.6	74.9333
1101.53	73.6191
1103.46	72.2312
1105.39	70.7486
1107.32	69.1622
1109.25	67.5269
1111.18	65.8856
1113.1	64.2113
1115.03	62.5055
1116.96	60.833
1118.89	59.215
1120.82	57.6148
1122.75	56.0331
1124.68	54.4971
1126.61	52.9671
1128.54	51.3262
1130.47	49.4407
1132.4	47.2231
1134.32	44.6857
1136.25	41.961
1138.18	39.2662
1140.11	36.8475
1142.04	34.928
1143.97	33.65
1145.9	33.0521
1147.83	33.1093
1149.76	33.7601
1151.69	34.9008
1153.62	36.4132
1155.55	38.1981
1157.47	40.162
1159.4	42.2013
1161.33	44.2183
1163.26	46.1441
1165.19	47.934
1167.12	49.5459
1169.05	50.9607
1170.98	52.2316
1172.91	53.4573
1174.84	54.7064
1176.77	56.0228
1178.69	57.4654
1180.62	59.0831
1182.55	60.8857
1184.48	62.8558
1186.41	64.9752
1188.34	67.2517
1190.27	69.6943
1192.2	72.2853
1194.13	75.0436
1196.06	78.0195
1197.99	81.1479
1199.91	84.2567
1201.84	87.1712
1203.77	89.6584
1205.7	91.5652
1207.63	93.046
1209.56	94.3205
1211.49	95.6846
1213.42	97.7421
1215.35	100.295
1217.28	101.411
1219.21	99.9872
1221.14	98.0493
1223.06	97.7056
1224.99	98.5926
1226.92	99.2986
1228.85	99.2371
1230.78	98.3511
1232.71	96.5807
1234.64	94.1994
1236.57	91.6868
1238.5	89.3654
1240.43	87.4172
1242.36	85.9102
1244.28	84.8184
1246.21	84.1215
1248.14	83.7892
1250.07	83.7398
1252	83.8798
1253.93	84.0939
1255.86	84.2528
1257.79	84.2906
1259.72	84.1979
1261.65	83.9662
1263.58	83.6106
1265.51	83.1896
1267.43	82.7649
1269.36	82.3517
1271.29	81.9153
1273.22	81.4378
1275.15	80.943
1277.08	80.4117
1279.01	79.7214
1280.94	78.672
1282.87	77.0294
1284.8	74.5488
1286.73	71.0557
1288.65	66.7626
1290.58	62.5621
1292.51	59.677
1294.44	58.9365
1296.37	60.4146
1298.3	63.4701
1300.23	67.0677
1302.16	70.3085
1304.09	72.7345
1306.02	74.1337
1307.95	74.3955
1309.87	73.724
1311.8	72.6868
1313.73	71.8947
1315.66	71.5821
1317.59	71.5641
1319.52	71.7338
1321.45	72.3418
1323.38	73.6321
1325.31	75.5466
1327.24	77.8215
1329.17	80.2293
1331.1	82.698
1333.02	85.0736
1334.95	87.0965
1336.88	88.7583
1338.81	90.2234
1340.74	91.5096
1342.67	92.6949
1344.6	94.0596
1346.53	95.7236
1348.46	97.4925
1350.39	99.0722
1352.32	100.261
1354.24	100.955
1356.17	101.201
1358.1	101.22
1360.03	101.273
1361.96	101.429
1363.89	101.227
1365.82	100.188
1367.75	98.8076
1369.68	98.1355
1371.61	98.2956
1373.54	98.1463
1375.47	97.0081
1377.39	95.6724
1379.32	94.772
1381.25	94.1543
1383.18	93.6846
1385.11	93.2551
1387.04	92.609
1388.97	91.8144
1390.9	91.1775
1392.83	90.623
1394.76	89.9556
1396.69	89.1145
1398.61	88.0873
1400.54	87.0924
1402.47	86.5003
1404.4	86.4376
1406.33	86.8071
1408.26	87.4166
1410.19	88.1816
1412.12	89.0717
1414.05	89.9288
1415.98	90.6824
1417.91	91.3192
1419.83	91.6761
1421.76	91.7402
1423.69	91.6074
1425.62	91.3339
1427.55	90.9702
1429.48	90.3397
1431.41	89.3817
1433.34	88.4202
1435.27	87.4313
1437.2	86.1896
1439.13	85.1354
1441.06	84.5117
1442.98	84.0135
1444.91	83.4382
1446.84	82.6163
1448.77	81.3864
1450.7	80.2288
1452.63	79.8768
1454.56	80.4125
1456.49	81.7135
1458.42	83.1612
1460.35	84.1379
1462.28	85.1012
1464.2	86.2881
1466.13	87.3639
1468.06	88.1888
1469.99	89.1375
1471.92	90.2482
1473.85	90.9294
1475.78	91.0954
1477.71	91.2834
1479.64	91.6131
1481.57	92.0324
1483.5	92.515
1485.43	93.0674
1487.35	93.7294
1489.28	94.3584
1491.21	94.6924
1493.14	94.9674
1495.07	95.4617
1497	96.0303
1498.93	96.3185
1500.86	96.438
1502.79	96.6748
1504.72	97.1018
1506.65	97.539
1508.57	97.4807
1510.5	97.2226
1512.43	97.1652
1514.36	97.3072
1516.29	97.5405
1518.22	97.7499
1520.15	97.8363
1522.08	97.7541
1524.01	97.6295
1525.94	97.5197
1527.87	97.4203
1529.8	97.4338
1531.72	97.5684
1533.65	97.6252
1535.58	97.5831
1537.51	97.7394
1539.44	98.1522
1541.37	98.2406
1543.3	97.8059
1545.23	97.4418
1547.16	97.2712
1549.09	97.2195
1551.02	97.2117
1552.94	97.2492
1554.87	97.4424
1556.8	97.8043
1558.73	97.9029
1560.66	97.4354
1562.59	97.0759
1564.52	96.962
1566.45	96.9893
1568.38	97.0079
1570.31	96.8457
1572.24	96.6896
1574.16	96.7499
1576.09	96.8234
1578.02	96.6175
1579.95	96.3767
1581.88	96.282
1583.81	96.2396
1585.74	96.1668
1587.67	96.0602
1589.6	95.9568
1591.53	95.9145
1593.46	95.9079
1595.39	95.8432
1597.31	95.7139
1599.24	95.5777
1601.17	95.4312
1603.1	95.2528
1605.03	95.1083
1606.96	95.0401
1608.89	94.8835
1610.82	94.5335
1612.75	94.2614
1614.68	94.1572
1616.61	93.7949
1618.53	93.0992
1620.46	92.5006
1622.39	91.7967
1624.32	90.7919
1626.25	89.7766
1628.18	88.6107
1630.11	87.1939
1632.04	86.0009
1633.97	84.9873
1635.9	83.5752
1637.83	82.6826
1639.76	83.7332
1641.68	86.1883
1643.61	88.9405
1645.54	91.4646
1647.47	93.3493
1649.4	94.2041
1651.33	94.6269
1653.26	95.0175
1655.19	94.9504
1657.12	94.7354
1659.05	94.7604
1660.98	94.8648
1662.9	94.7263
1664.83	94.4708
1666.76	94.4277
1668.69	94.5201
1670.62	94.3578
1672.55	93.999
1674.48	93.6489
1676.41	93.0726
1678.34	92.4195
1680.27	92.0698
1682.2	91.8029
1684.12	91.1523
1686.05	90.2823
1687.98	89.3739
1689.91	88.2903
1691.84	87.0824
1693.77	85.6222
1695.7	83.7931
1697.63	81.6637
1699.56	78.6188
1701.49	74.7415
1703.42	71.3837
1705.35	68.2218
1707.27	64.5451
1709.2	61.2361
1711.13	58.8076
1713.06	56.7448
1714.99	55.2738
1716.92	54.7667
1718.85	54.6569
1720.78	55.495
1722.71	57.9528
1724.64	61.6871
1726.57	66.3931
1728.49	71.7415
1730.42	77.2283
1732.35	83.4
1734.28	90.9898
1736.21	97.507
1738.14	101.474
1740.07	104.353
1742	106.851
1743.93	108.506
1745.86	109.634
1747.79	110.682
1749.72	111.312
1751.64	111.459
1753.57	111.338
1755.5	110.822
1757.43	110.155
1759.36	109.61
1761.29	108.777
1763.22	107.533
1765.15	106.365
1767.08	105.428
1769.01	104.671
1770.94	104.046
1772.86	103.222
1774.79	102.217
1776.72	101.48
1778.65	101.028
1780.58	100.66
1782.51	100.348
1784.44	100.133
1786.37	100.004
1788.3	99.946
1790.23	99.8889
1792.16	99.7055
1794.08	99.3865
1796.01	99.1059
1797.94	98.9298
1799.87	98.7803
1801.8	98.5872
1803.73	98.418
1805.66	98.3393
1807.59	98.309
1809.52	98.2472
1811.45	98.1056
1813.38	97.9545
1815.31	97.9261
1817.23	98.019
1819.16	98.1227
1821.09	98.1991
1823.02	98.2199
1824.95	98.1389
1826.88	98.0906
1828.81	98.1884
1830.74	98.2624
1832.67	98.204
1834.6	98.1382
1836.53	98.0804
1838.45	97.9794
1840.38	97.9454
1842.31	98.083
1844.24	98.2585
1846.17	98.2412
1848.1	98.1175
1850.03	98.0616
1851.96	98.0769
1853.89	98.1436
1855.82	98.2633
1857.75	98.3289
1859.68	98.2516
1861.6	98.1795
1863.53	98.3009
1865.46	98.5528
1867.39	98.6808
1869.32	98.5254
1871.25	98.3173
1873.18	98.2898
1875.11	98.3297
1877.04	98.3222
1878.97	98.3563
1880.9	98.4372
1882.82	98.4306
1884.75	98.3914
1886.68	98.4351
1888.61	98.4196
1890.54	98.2784
1892.47	98.2963
1894.4	98.5481
1896.33	98.7043
1898.26	98.6486
1900.19	98.6336
1902.12	98.6901
1904.05	98.6501
1905.97	98.6283
1907.9	98.7977
1909.83	98.9894
1911.76	99.0168
1913.69	98.9776
1915.62	98.9383
1917.55	98.8438
1919.48	98.7419
1921.41	98.7174
1923.34	98.751
1925.27	98.8085
1927.19	98.8672
1929.12	98.901
1931.05	98.9435
1932.98	99.0194
1934.91	99.0183
1936.84	98.8981
1938.77	98.8837
1940.7	99.1184
1942.63	99.3673
1944.56	99.3948
1946.49	99.3165
1948.41	99.2742
1950.34	99.3063
1952.27	99.4268
1954.2	99.4955
1956.13	99.4128
1958.06	99.4047
1959.99	99.6368
1961.92	99.9198
1963.85	100.054
1965.78	99.9511
1967.71	99.5858
1969.64	99.264
1971.56	99.3663
1973.49	99.8036
1975.42	100.19
1977.35	100.271
1979.28	100.025
1981.21	99.6568
1983.14	99.4546
1985.07	99.508
1987	99.7413
1988.93	100.047
1990.86	100.184
1992.78	99.9916
1994.71	99.7813
1996.64	99.8511
1998.57	99.9444
2000.5	99.7897
2002.43	99.6681
2004.36	99.8777
2006.29	100.223
2008.22	100.433
2010.15	100.486
2012.08	100.391
2014.01	100.197
2015.93	100.082
2017.86	100.083
2019.79	100.068
2021.72	100.021
2023.65	99.9769
2025.58	99.9389
2027.51	100.042
2029.44	100.314
2031.37	100.403
2033.3	100.115
2035.23	99.824
2037.15	99.8152
2039.08	99.8614
2041.01	99.8073
2042.94	99.8549
2044.87	100.056
2046.8	100.166
2048.73	100.063
2050.66	99.8442
2052.59	99.6397
2054.52	99.6014
2056.45	99.7632
2058.37	99.866
2060.3	99.7502
2062.23	99.6507
2064.16	99.679
2066.09	99.6134
2068.02	99.4955
2069.95	99.6259
2071.88	99.9185
2073.81	100.036
2075.74	99.935
2077.67	99.7496
2079.6	99.5211
2081.52	99.3315
2083.45	99.2976
2085.38	99.3688
2087.31	99.3774
2089.24	99.2819
2091.17	99.2164
2093.1	99.2634
2095.03	99.3479
2096.96	99.4425
2098.89	99.5894
2100.82	99.6638
2102.74	99.5142
2104.67	99.2764
2106.6	99.1995
2108.53	99.3087
2110.46	99.4331
2112.39	99.4615
2114.32	99.5048
2116.25	99.6921
2118.18	99.8607
2120.11	99.7772
2122.04	99.5398
2123.97	99.4168
2125.89	99.5196
2127.82	99.7553
2129.75	99.852
2131.68	99.6546
2133.61	99.4435
2135.54	99.4799
2137.47	99.5717
2139.4	99.6305
2141.33	99.8734
2143.26	100.148
2145.19	100.098
2147.11	99.9561
2149.04	100.112
2150.97	100.321
2152.9	100.227
2154.83	100.062
2156.76	100.141
2158.69	100.337
2160.62	100.432
2162.55	100.409
2164.48	100.266
2166.41	100.037
2168.33	99.8967
2170.26	99.9549
2172.19	100.128
2174.12	100.252
2176.05	100.222
2177.98	100.066
2179.91	99.9096
2181.84	99.849
2183.77	99.9446
2185.7	100.166
2187.63	100.365
2189.56	100.469
2191.48	100.525
2193.41	100.459
2195.34	100.188
2197.27	99.9296
2199.2	99.9522
2201.13	100.128
2203.06	100.116
2204.99	99.9136
2206.92	99.8625
2208.85	100.045
2210.78	100.118
2212.7	99.9649
2214.63	99.9336
2216.56	100.15
2218.49	100.259
2220.42	100.073
2222.35	99.8722
2224.28	99.9345
2226.21	100.198
2228.14	100.364
2230.07	100.195
2232	99.807
2233.93	99.5603
2235.85	99.5672
2237.78	99.6153
2239.71	99.6056
2241.64	99.6012
2243.57	99.5717
2245.5	99.5834
2247.43	99.8377
2249.36	100.172
2251.29	100.193
2253.22	99.9904
2255.15	99.9391
2257.07	100.04
2259	100.125
2260.93	100.199
2262.86	100.262
2264.79	100.308
2266.72	100.365
2268.65	100.326
2270.58	100.132
2272.51	99.9879
2274.44	99.9861
2276.37	99.9506
2278.29	99.8437
2280.22	99.8057
2282.15	99.8091
2284.08	99.737
2286.01	99.664
2287.94	99.7354
2289.87	99.9185
2291.8	100.079
2293.73	100.196
2295.66	100.37
2297.59	100.681
2299.52	101.077
2301.44	101.404
2303.37	101.609
2305.3	101.856
2307.23	102.295
2309.16	102.848
2311.09	103.34
2313.02	103.703
2314.95	104.041
2316.88	104.592
2318.81	105.446
2320.74	106.277
2322.66	106.786
2324.59	107.256
2326.52	107.965
2328.45	108.652
2330.38	108.997
2332.31	109.156
2334.24	109.475
2336.17	109.963
2338.1	110.332
2340.03	110.458
2341.96	110.418
2343.89	109.792
2345.81	108.338
2347.74	107.117
2349.67	106.963
2351.6	108.009
2353.53	110.106
2355.46	112.431
2357.39	113.994
2359.32	114.643
2361.25	114.682
2363.18	114.28
2365.11	113.193
2367.03	111.421
2368.96	109.472
2370.89	107.664
2372.82	105.995
2374.75	104.455
2376.68	103.094
2378.61	101.915
2380.54	100.849
2382.47	99.8897
2384.4	99.1195
2386.33	98.5967
2388.26	98.3063
2390.18	98.1837
2392.11	98.1219
2394.04	98.0374
2395.97	97.9385
2397.9	97.865
2399.83	97.82
2401.76	97.7901
2403.69	97.7968
2405.62	97.8939
2407.55	98.0544
2409.48	98.1306
2411.4	98.0548
2413.33	97.9404
2415.26	97.8911
2417.19	97.9036
2419.12	97.9578
2421.05	98.0189
2422.98	98.0176
2424.91	97.9446
2426.84	97.8861
2428.77	97.9033
2430.7	97.9244
2432.62	97.8448
2434.55	97.73
2436.48	97.7511
2438.41	97.9182
2440.34	98.0819
2442.27	98.1533
2444.2	98.1423
2446.13	98.0695
2448.06	97.9489
2449.99	97.8039
2451.92	97.695
2453.85	97.7032
2455.77	97.8218
2457.7	97.935
2459.63	97.9616
2461.56	97.9382
2463.49	97.9229
2465.42	97.8991
2467.35	97.839
2469.28	97.7927
2471.21	97.824
2473.14	97.9368
2475.07	98.1094
2476.99	98.2744
2478.92	98.3204
2480.85	98.2562
2482.78	98.2073
2484.71	98.1921
2486.64	98.1444
2488.57	98.1007
2490.5	98.1298
2492.43	98.2046
2494.36	98.2744
2496.29	98.3315
2498.22	98.3642
2500.14	98.3332
2502.07	98.2486
2504	98.2135
2505.93	98.2584
2507.86	98.2402
2509.79	98.1148
2511.72	98.0621
2513.65	98.1368
2515.58	98.1887
2517.51	98.2111
2519.44	98.3084
2521.36	98.3974
2523.29	98.337
2525.22	98.1905
2527.15	98.1221
2529.08	98.1847
2531.01	98.3055
2532.94	98.4086
2534.87	98.4752
2536.8	98.4693
2538.73	98.3764
2540.66	98.3179
2542.58	98.3497
2544.51	98.3103
2546.44	98.1617
2548.37	98.086
2550.3	98.0793
2552.23	98.0227
2554.16	98.0408
2556.09	98.1954
2558.02	98.248
2559.95	98.1646
2561.88	98.2123
2563.81	98.3874
2565.73	98.4446
2567.66	98.3835
2569.59	98.3433
2571.52	98.3089
2573.45	98.2693
2575.38	98.3071
2577.31	98.3972
2579.24	98.4314
2581.17	98.4373
2583.1	98.5237
2585.03	98.6516
2586.95	98.6662
2588.88	98.5397
2590.81	98.4093
2592.74	98.3593
2594.67	98.339
2596.6	98.3108
2598.53	98.2782
2600.46	98.176
2602.39	97.9638
2604.32	97.7896
2606.25	97.8058
2608.18	97.9147
2610.1	97.951
2612.03	97.9484
2613.96	97.9894
2615.89	98.0055
2617.82	97.9114
2619.75	97.7501
2621.68	97.6391
2623.61	97.6739
2625.54	97.8236
2627.47	97.9232
2629.4	97.8799
2631.32	97.7691
2633.25	97.6679
2635.18	97.6092
2637.11	97.6426
2639.04	97.724
2640.97	97.7173
2642.9	97.618
2644.83	97.5296
2646.76	97.461
2648.69	97.3912
2650.62	97.3697
2652.54	97.3961
2654.47	97.4073
2656.4	97.4123
2658.33	97.4438
2660.26	97.4418
2662.19	97.3377
2664.12	97.1908
2666.05	97.1342
2667.98	97.1898
2669.91	97.234
2671.84	97.2028
2673.77	97.1731
2675.69	97.1755
2677.62	97.157
2679.55	97.1447
2681.48	97.1864
2683.41	97.2154
2685.34	97.1848
2687.27	97.1498
2689.2	97.1093
2691.13	97.0132
2693.06	96.9194
2694.99	96.9132
2696.91	96.956
2698.84	96.9792
2700.77	96.9986
2702.7	97.019
2704.63	96.984
2706.56	96.9085
2708.49	96.8874
2710.42	96.9148
2712.35	96.8906
2714.28	96.8231
2716.21	96.816
2718.14	96.876
2720.06	96.908
2721.99	96.8606
2723.92	96.7715
2725.85	96.7033
2727.78	96.6773
2729.71	96.6739
2731.64	96.6714
2733.57	96.6448
2735.5	96.5838
2737.43	96.5431
2739.36	96.5706
2741.28	96.6165
2743.21	96.6367
2745.14	96.6599
2747.07	96.669
2749	96.6188
2750.93	96.5753
2752.86	96.6217
2754.79	96.7073
2756.72	96.7506
2758.65	96.7567
2760.58	96.7551
2762.51	96.759
2764.43	96.7708
2766.36	96.7549
2768.29	96.692
2770.22	96.6472
2772.15	96.6682
2774.08	96.7164
2776.01	96.7781
2777.94	96.8595
2779.87	96.8627
2781.8	96.7158
2783.73	96.5526
2785.65	96.5153
2787.58	96.5343
2789.51	96.5008
2791.44	96.4457
2793.37	96.4234
2795.3	96.4278
2797.23	96.4454
2799.16	96.4433
2801.09	96.3872
2803.02	96.3256
2804.95	96.309
2806.87	96.299
2808.8	96.2925
2810.73	96.3233
2812.66	96.3005
2814.59	96.1652
2816.52	96.0695
2818.45	96.0713
2820.38	95.9969
2822.31	95.8238
2824.24	95.7211
2826.17	95.6959
2828.1	95.6581
2830.02	95.6107
2831.95	95.507
2833.88	95.2983
2835.81	95.1091
2837.74	95.0122
2839.67	94.9063
2841.6	94.778
2843.53	94.6701
2845.46	94.488
2847.39	94.206
2849.32	93.9679
2851.24	93.7775
2853.17	93.4768
2855.1	93.0301
2857.03	92.5109
2858.96	91.9736
2860.89	91.4876
2862.82	91.1265
2864.75	90.901
2866.68	90.7519
2868.61	90.5524
2870.54	90.2165
2872.47	89.8869
2874.39	89.8205
2876.32	90.055
2878.25	90.4106
2880.18	90.7544
2882.11	91.0381
2884.04	91.2151
2885.97	91.3114
2887.9	91.4228
2889.83	91.5675
2891.76	91.6883
2893.69	91.7566
2895.61	91.7649
2897.54	91.7157
2899.47	91.656
2901.4	91.6401
2903.33	91.6901
2905.26	91.7794
2907.19	91.7831
2909.12	91.6082
2911.05	91.4137
2912.98	91.3979
2914.91	91.4291
2916.83	91.2659
2918.76	90.9498
2920.69	90.5625
2922.62	89.9673
2924.55	89.1779
2926.48	88.503
2928.41	88.0905
2930.34	87.8415
2932.27	87.8096
2934.2	88.1358
2936.13	88.6474
2938.06	89.0467
2939.98	89.3644
2941.91	89.731
2943.84	89.9289
2945.77	89.6838
2947.7	89.1752
2949.63	88.7754
2951.56	88.4924
2953.49	88.0732
2955.42	87.4473
2957.35	86.808
2959.28	86.4615
2961.2	86.6644
2963.13	87.4443
2965.06	88.6602
2966.99	90.2051
2968.92	91.7952
2970.85	92.795
2972.78	92.9173
2974.71	92.6885
2976.64	92.642
2978.57	92.7786
2980.5	93.0132
2982.43	93.3751
2984.35	93.7689
2986.28	94.1005
2988.21	94.4401
2990.14	94.8082
2992.07	95.1341
2994	95.4371
2995.93	95.8052
2997.86	96.2919
2999.79	96.8404
3001.72	97.2495
3003.65	97.4091
3005.57	97.4987
3007.5	97.685
3009.43	97.8721
3011.36	98.006
3013.29	98.263
3015.22	98.6891
3017.15	98.9759
3019.08	98.8742
3021.01	98.6018
3022.94	98.5178
3024.87	98.6438
3026.79	98.8269
3028.72	99.0403
3030.65	99.2048
3032.58	99.1449
3034.51	98.9177
3036.44	98.7085
3038.37	98.497
3040.3	98.2747
3042.23	98.1706
3044.16	98.0776
3046.09	97.8111
3048.02	97.6131
3049.94	97.7676
3051.87	98.0556
3053.8	98.1839
3055.73	98.1795
3057.66	98.0983
3059.59	97.9546
3061.52	97.8532
3063.45	97.8016
3065.38	97.7274
3067.31	97.7414
3069.24	97.9327
3071.16	98.1057
3073.09	98.0944
3075.02	98.0132
3076.95	97.9673
3078.88	97.8633
3080.81	97.639
3082.74	97.4111
3084.67	97.3083
3086.6	97.3449
3088.53	97.4845
3090.46	97.6511
3092.39	97.7182
3094.31	97.6281
3096.24	97.4387
3098.17	97.2408
3100.1	97.1294
3102.03	97.1325
3103.96	97.1376
3105.89	97.0787
3107.82	97.0406
3109.75	97.0455
3111.68	97.0716
3113.61	97.1928
3115.53	97.3295
3117.46	97.227
3119.39	96.9413
3121.32	96.8091
3123.25	96.8933
3125.18	96.962
3127.11	96.9145
3129.04	96.8721
3130.97	96.9241
3132.9	96.9672
3134.83	96.8743
3136.75	96.76
3138.68	96.8393
3140.61	97.0878
3142.54	97.2794
3144.47	97.267
3146.4	97.1351
3148.33	97.0889
3150.26	97.141
3152.19	97.0991
3154.12	96.9826
3156.05	96.9909
3157.98	97.0584
3159.9	97.0307
3161.83	96.9992
3163.76	96.9848
3165.69	96.8731
3167.62	96.7809
3169.55	96.8247
3171.48	96.8305
3173.41	96.7251
3175.34	96.6559
3177.27	96.6605
3179.2	96.7226
3181.12	96.8553
3183.05	96.9427
3184.98	96.9337
3186.91	96.9596
3188.84	96.97
3190.77	96.8101
3192.7	96.6661
3194.63	96.7876
3196.56	96.9921
3198.49	96.9488
3200.42	96.6723
3202.35	96.4444
3204.27	96.4342
3206.2	96.5386
3208.13	96.6061
3210.06	96.6909
3211.99	96.8723
3213.92	96.9995
3215.85	96.905
3217.78	96.6982
3219.71	96.6065
3221.64	96.6645
3223.57	96.7256
3225.49	96.7
3227.42	96.6086
3229.35	96.4732
3231.28	96.3817
3233.21	96.5194
3235.14	96.8592
3237.07	97.0507
3239	96.8973
3240.93	96.6459
3242.86	96.5483
3244.79	96.5186
3246.72	96.4356
3248.64	96.412
3250.57	96.5295
3252.5	96.6256
3254.43	96.5578
3256.36	96.4232
3258.29	96.3577
3260.22	96.3662
3262.15	96.4203
3264.08	96.5024
3266.01	96.5288
3267.94	96.4193
3269.86	96.2787
3271.79	96.3059
3273.72	96.4546
3275.65	96.4581
3277.58	96.2887
3279.51	96.1905
3281.44	96.2273
3283.37	96.2591
3285.3	96.254
3287.23	96.2403
3289.16	96.176
3291.08	96.0929
3293.01	96.1096
3294.94	96.2246
3296.87	96.2911
3298.8	96.1995
3300.73	96.0185
3302.66	95.9179
3304.59	95.9325
3306.52	95.9443
3308.45	95.9171
3310.38	95.9268
3312.31	95.9666
3314.23	95.9571
3316.16	95.9121
3318.09	95.9036
3320.02	95.9065
3321.95	95.8278
3323.88	95.7013
3325.81	95.6687
3327.74	95.6978
3329.67	95.5937
3331.6	95.3888
3333.53	95.3414
3335.45	95.4788
3337.38	95.5549
3339.31	95.466
3341.24	95.3626
3343.17	95.3922
3345.1	95.5088
3347.03	95.5188
3348.96	95.3684
3350.89	95.2583
3352.82	95.2884
3354.75	95.3102
3356.68	95.2617
3358.6	95.2319
3360.53	95.2372
3362.46	95.27
3364.39	95.3041
3366.32	95.2039
3368.25	95.0213
3370.18	95.0549
3372.11	95.279
3374.04	95.323
3375.97	95.14
3377.9	95.0236
3379.82	95.0872
3381.75	95.2043
3383.68	95.235
3385.61	95.1448
3387.54	95.0418
3389.47	95.0349
3391.4	95.0795
3393.33	95.0731
3395.26	94.9991
3397.19	94.9275
3399.12	94.9407
3401.04	95.017
3402.97	95.0231
3404.9	94.9194
3406.83	94.8364
3408.76	94.8504
3410.69	94.8738
3412.62	94.8447
3414.55	94.8312
3416.48	94.8804
3418.41	94.9222
3420.34	94.9041
3422.27	94.8883
3424.19	94.8992
3426.12	94.8521
3428.05	94.7582
3429.98	94.7605
3431.91	94.8799
3433.84	94.9886
3435.77	95.08
3437.7	95.264
3439.63	95.4456
3441.56	95.3342
3443.49	94.9378
3445.41	94.7204
3447.34	94.9835
3449.27	95.3734
3451.2	95.4497
3453.13	95.3491
3455.06	95.3733
3456.99	95.4889
3458.92	95.5735
3460.85	95.6322
3462.78	95.6169
3464.71	95.4939
3466.64	95.3598
3468.56	95.2613
3470.49	95.2452
3472.42	95.4447
3474.35	95.6814
3476.28	95.4859
3478.21	94.9613
3480.14	94.8106
3482.07	95.1948
3484	95.4209
3485.93	95.1249
3487.86	94.7492
3489.78	94.6284
3491.71	94.559
3493.64	94.4285
3495.57	94.4651
3497.5	94.7216
3499.43	94.9561
3501.36	95.0483
3503.29	94.995
3505.22	94.7455
3507.15	94.4611
3509.08	94.4942
3511	94.8182
3512.93	94.948
3514.86	94.7079
3516.79	94.4004
3518.72	94.2491
3520.65	94.2618
3522.58	94.4208
3524.51	94.5996
3526.44	94.6394
3528.37	94.6268
3530.3	94.6539
3532.23	94.6267
3534.15	94.5894
3536.08	94.6593
3538.01	94.7106
3539.94	94.6697
3541.87	94.6988
3543.8	94.7291
3545.73	94.5254
3547.66	94.3273
3549.59	94.514
3551.52	94.8792
3553.45	95.0111
3555.37	94.9178
3557.3	94.8544
3559.23	94.8586
3561.16	94.8867
3563.09	95.0313
3565.02	95.3154
3566.95	95.4881
3568.88	95.3779
3570.81	95.2883
3572.74	95.446
3574.67	95.7572
3576.6	95.9755
3578.52	95.9515
3580.45	95.814
3582.38	95.796
3584.31	95.8721
3586.24	95.8514
3588.17	95.8595
3590.1	96.1666
3592.03	96.5403
3593.96	96.7021
3595.89	96.8351
3597.82	97.2144
3599.74	97.5493
3601.67	97.4431
3603.6	97.1554
3605.53	97.1348
3607.46	97.3007
3609.39	97.3435
3611.32	97.3003
3613.25	97.3612
3615.18	97.5209
3617.11	97.7326
3619.04	97.9504
3620.97	98.0098
3622.89	97.8965
3624.82	97.8405
3626.75	97.9325
3628.68	97.9223
3630.61	97.5922
3632.54	97.3256
3634.47	97.325
3636.4	97.4059
3638.33	97.4345
3640.26	97.4831
3642.19	97.6015
3644.11	97.8459
3646.04	98.3788
3647.97	99.0183
3649.9	98.8927
3651.83	98.188
3653.76	97.857
3655.69	97.7855
3657.62	97.6283
3659.55	97.5041
3661.48	97.5583
3663.41	97.6651
3665.33	97.7547
3667.26	97.8629
3669.19	97.9398
3671.12	98.0034
3673.05	98.2187
3674.98	98.4394
3676.91	98.2661
3678.84	97.8767
3680.77	97.6845
3682.7	97.6759
3684.63	97.7229
3686.56	97.8083
3688.48	97.9622
3690.41	98.0524
3692.34	97.9953
3694.27	98.0573
3696.2	98.3984
3698.13	98.7371
3700.06	98.709
3701.99	98.4679
3703.92	98.4234
3705.85	98.4984
3707.78	98.4479
3709.7	98.2806
3711.63	98.036
3713.56	97.8283
3715.49	97.9127
3717.42	98.248
3719.35	98.5076
3721.28	98.5162
3723.21	98.4436
3725.14	98.4075
3727.07	98.4182
3729	98.5473
3730.93	98.808
3732.85	99.1925
3734.78	99.6348
3736.71	99.7163
3738.64	99.3093
3740.57	98.8716
3742.5	98.6098
3744.43	98.4756
3746.36	98.5015
3748.29	98.6832
3750.22	98.7559
3752.15	98.4736
3754.07	98.1484
3756	97.9943
3757.93	97.8816
3759.86	97.8428
3761.79	97.9748
3763.72	98.1001
3765.65	98.0814
3767.58	98.0628
3769.51	98.0525
3771.44	97.8442
3773.37	97.6499
3775.29	97.7554
3777.22	97.8943
3779.15	97.7291
3781.08	97.5533
3783.01	97.6784
3784.94	97.8177
3786.87	97.7032
3788.8	97.4727
3790.73	97.3422
3792.66	97.3875
3794.59	97.6059
3796.52	97.8892
3798.44	98.0744
3800.37	98.0952
3802.3	98.0232
3804.23	97.9812
3806.16	97.8899
3808.09	97.6147
3810.02	97.3654
3811.95	97.3989
3813.88	97.6474
3815.81	97.858
3817.74	97.8488
3819.66	97.8045
3821.59	97.9486
3823.52	98.1175
3825.45	98.0651
3827.38	97.9295
3829.31	97.9414
3831.24	98.0363
3833.17	98.0299
3835.1	98.0184
3837.03	98.1697
3838.96	98.3064
3840.89	98.1421
3842.81	97.7768
3844.74	97.4895
3846.67	97.4598
3848.6	97.6783
3850.53	98.0587
3852.46	98.4569
3854.39	98.4297
3856.32	97.9967
3858.25	97.7172
3860.18	97.6907
3862.11	97.7489
3864.03	97.7674
3865.96	97.8235
3867.89	97.9549
3869.82	98.0038
3871.75	97.8787
3873.68	97.7517
3875.61	97.731
3877.54	97.7034
3879.47	97.6158
3881.4	97.5907
3883.33	97.6453
3885.25	97.6537
3887.18	97.6869
3889.11	97.8526
3891.04	97.9741
3892.97	97.8804
3894.9	97.7699
3896.83	97.8363
3898.76	97.9778
3900.69	98.0024
3902.62	97.8691
3904.55	97.682
3906.48	97.5377
3908.4	97.491
3910.33	97.5315
3912.26	97.5792
3914.19	97.5688
3916.12	97.5583
3918.05	97.618
3919.98	97.664
3921.91	97.6424
3923.84	97.6587
3925.77	97.7497
3927.7	97.7896
3929.62	97.728
3931.55	97.6641
3933.48	97.6488
3935.41	97.5914
3937.34	97.4879
3939.27	97.4841
3941.2	97.5748
3943.13	97.5283
3945.06	97.3487
3946.99	97.3119
3948.92	97.4091
3950.85	97.413
3952.77	97.3654
3954.7	97.3833
3956.63	97.3582
3958.56	97.2771
3960.49	97.3132
3962.42	97.4343
3964.35	97.4585
3966.28	97.4096
3968.21	97.3805
3970.14	97.3362
3972.07	97.2869
3973.99	97.3134
3975.92	97.3641
3977.85	97.3286
3979.78	97.2464
3981.71	97.246
3983.64	97.3812
3985.57	97.5686
3987.5	97.638
3989.43	97.5122
3991.36	97.3294
3993.29	97.2618
3995.22	97.3149
3997.14	97.4164
