499.643	87.0136
501.572	89.3489
503.501	90.1227
505.43	88.5478
507.36	87.1791
509.289	87.244
511.218	88.146
513.147	89.2775
515.076	90.2916
517.005	90.6366
518.934	90.1071
520.863	89.4193
522.792	89.1221
524.722	88.9887
526.651	88.8357
528.58	88.6602
530.509	88.1725
532.438	87.5941
534.367	87.8638
536.296	88.9675
538.225	89.6997
540.155	89.6995
542.084	89.7427
544.013	90.1056
545.942	90.4032
547.871	90.51
549.8	90.5265
551.729	90.4093
553.658	90.227
555.588	90.2552
557.517	90.5199
559.446	90.6702
561.375	90.5213
563.304	90.316
565.233	90.287
567.162	90.351
569.091	90.3319
571.021	90.2475
572.95	90.2325
574.879	90.2613
576.808	90.2518
578.737	90.3388
580.666	90.5439
582.595	90.4941
584.524	89.9838
586.454	89.2698
588.383	88.5618
590.312	87.8728
592.241	87.3191
594.17	87.0571
596.099	87.0628
598.028	87.166
599.957	87.1807
601.887	87.1483
603.816	87.3737
605.745	87.968
607.674	88.6486
609.603	89.165
611.532	89.5953
613.461	90.0814
615.39	90.5054
617.32	90.6003
619.249	90.4239
621.178	90.3729
623.107	90.5591
625.036	90.6973
626.965	90.646
628.894	90.5152
630.823	90.2675
632.753	89.822
634.682	89.3863
636.611	89.1205
638.54	88.7102
640.469	87.7765
642.398	86.4639
644.327	85.22
646.256	84.1665
648.186	83.1949
650.115	82.5037
652.044	82.3595
653.973	82.6505
655.902	83.1259
657.831	83.7333
659.76	84.5718
661.689	85.5373
663.619	86.4771
665.548	87.8451
667.477	90.2187
669.406	92.0072
671.335	92.0669
673.264	92.184
675.193	92.8407
677.122	93.4501
679.052	93.7971
680.981	94.0838
682.91	94.2023
684.839	94.145
686.768	94.1472
688.697	94.2063
690.626	94.1997
692.555	94.1809
694.485	94.2111
696.414	94.2525
698.343	94.2517
700.272	94.1594
702.201	94.0286
704.13	94.0218
706.059	94.1264
707.988	94.1476
709.917	94.0926
711.847	94.1108
713.776	94.1387
715.705	94.0813
717.634	94.0581
719.563	94.1047
721.492	94.05
723.421	93.8892
725.35	93.7939
727.28	93.7502
729.209	93.5947
731.138	93.3051
733.067	92.9825
734.996	92.664
736.925	92.3409
738.854	92.036
740.783	91.7353
742.713	91.3839
744.642	91.0336
746.571	90.8343
748.5	90.8541
750.429	91.0502
752.358	91.3679
754.287	91.7602
756.216	92.1588
758.146	92.4716
760.075	92.6543
762.004	92.8029
763.933	93.0397
765.862	93.3016
767.791	93.438
769.72	93.4602
771.649	93.4847
773.579	93.536
775.508	93.5607
777.437	93.5213
779.366	93.4128
781.295	93.2683
783.224	93.1357
785.153	93.0192
787.082	92.8792
789.012	92.6607
790.941	92.3098
792.87	91.8217
794.799	91.2288
796.728	90.4887
798.657	89.5023
800.586	88.2398
802.515	86.6592
804.445	84.5433
806.374	81.6596
808.303	78.143
810.232	74.6954
812.161	72.3782
814.09	72.0098
816.019	73.5921
817.948	76.3379
819.878	79.28
821.807	81.8382
823.736	83.8802
825.665	85.4564
827.594	86.6264
829.523	87.4434
831.452	87.9475
833.381	88.1829
835.311	88.2264
837.24	88.1112
839.169	87.7767
841.098	87.2041
843.027	86.5266
844.956	85.9413
846.885	85.5983
848.814	85.5415
850.744	85.6809
852.673	85.9008
854.602	86.189
856.531	86.557
858.46	86.9326
860.389	87.2337
862.318	87.44
864.247	87.5442
866.177	87.5243
868.106	87.361
870.035	87.0423
871.964	86.592
873.893	86.0725
875.822	85.5059
877.751	84.8792
879.68	84.2673
881.609	83.8289
883.539	83.6571
885.468	83.7136
887.397	83.8734
889.326	84.0021
891.255	84.0553
893.184	84.0908
895.113	84.1801
897.042	84.3961
898.972	84.8335
900.901	85.5312
902.83	86.4387
904.759	87.4612
906.688	88.427
908.617	89.1289
910.546	89.519
912.475	89.693
914.405	89.6607
916.334	89.3424
918.263	88.726
920.192	87.8196
922.121	86.5528
924.05	84.8564
925.979	82.7144
927.908	80.086
929.838	76.9462
931.767	73.4573
933.696	69.989
935.625	66.9548
937.554	64.6778
939.483	63.3356
941.412	62.9217
943.341	63.2589
945.271	64.102
947.2	65.2807
949.129	66.7359
951.058	68.4053
952.987	70.1539
954.916	71.858
956.845	73.4462
958.774	74.8651
960.704	76.17
962.633	77.5914
964.562	79.3122
966.491	81.2426
968.42	83.1435
970.349	84.843
972.278	86.2404
974.207	87.2627
976.137	87.9151
978.066	88.2741
979.995	88.3825
981.924	88.2139
983.853	87.7569
985.782	87.1029
987.711	86.4414
989.64	85.948
991.57	85.6468
993.499	85.383
995.428	84.9043
997.357	83.9528
999.286	82.432
1001.22	80.6218
1003.14	79.0623
1005.07	78.0881
1007	77.6541
1008.93	77.6479
1010.86	78.0734
1012.79	78.8502
1014.72	79.6847
1016.65	80.2166
1018.58	80.189
1020.51	79.5161
1022.44	78.2777
1024.36	76.6763
1026.29	75.0338
1028.22	73.7249
1030.15	72.9032
1032.08	72.3444
1034.01	71.7312
1035.94	70.9956
1037.87	70.2822
1039.8	69.7363
1041.73	69.4351
1043.66	69.4297
1045.58	69.7531
1047.51	70.3641
1049.44	71.1187
1051.37	71.8359
1053.3	72.385
1055.23	72.7443
1057.16	73.0334
1059.09	73.4154
1061.02	73.8936
1062.95	74.2756
1064.88	74.3641
1066.81	74.158
1068.73	73.9041
1070.66	73.9484
1072.59	74.4707
1074.52	75.3724
1076.45	76.4235
1078.38	77.4515
1080.31	78.384
1082.24	79.1691
1084.17	79.7115
1086.1	79.9349
1088.03	79.8697
1089.95	79.5709
1091.88	78.9955
1093.81	78.0906
1095.74	76.9424
1097.67	75.7074
1099.6	74.449
1101.53	73.1321
1103.46	71.7225
1105.39	70.2262
1107.32	68.6681
1109.25	67.0648
1111.18	65.4172
1113.1	63.7335
1115.03	62.0411
1116.96	60.3634
1118.89	58.7192
1120.82	57.1323
1122.75	55.6034
1124.68	54.107
1126.61	52.6009
1128.54	50.9799
1130.47	49.0961
1132.4	46.8836
1134.32	44.3956
1136.25	41.7535
1138.18	39.1406
1140.11	36.7882
1142.04	34.9088
1143.97	33.6518
1145.9	33.0789
1147.83	33.156
1149.76	33.8013
1151.69	34.9303
1153.62	36.442
1155.55	38.2097
1157.47	40.1237
1159.4	42.1227
1161.33	44.1457
1163.26	46.0842
1165.19	47.8419
1167.12	49.4057
1169.05	50.8131
1170.98	52.1093
1172.91	53.3506
1174.84	54.6033
1176.77	55.9433
1178.69	57.4394
1180.62	59.1015
1182.55	60.9024
1184.48	62.8533
1186.41	64.9754
1188.34	67.2492
1190.27	69.6622
1192.2	72.2375
1194.13	75.0073
1196.06	77.9818
1197.99	81.0952
1199.91	84.2035
1201.84	87.127
1203.77	89.6298
1205.7	91.5575
1207.63	93.0315
1209.56	94.2732
1211.49	95.6225
1213.42	97.6753
1215.35	100.207
1217.28	101.315
1219.21	99.9025
1221.14	97.9459
1223.06	97.5517
1224.99	98.397
1226.92	99.0767
1228.85	98.9877
1230.78	98.0803
1232.71	96.3184
1234.64	93.9681
1236.57	91.4564
1238.5	89.0906
1240.43	87.1118
1242.36	85.6181
1244.28	84.5498
1246.21	83.8793
1248.14	83.5826
1250.07	83.5373
1252	83.634
1253.93	83.8108
1255.86	83.9677
1257.79	84.0123
1259.72	83.9129
1261.65	83.668
1263.58	83.3101
1265.51	82.9025
1267.43	82.4964
1269.36	82.1068
1271.29	81.7047
1273.22	81.2573
1275.15	80.7806
1277.08	80.2738
1279.01	79.6239
1280.94	78.6279
1282.87	77.057
1284.8	74.6564
1286.73	71.22
1288.65	66.9534
1290.58	62.7739
1292.51	59.9109
1294.44	59.1694
1296.37	60.6089
1298.3	63.6129
1300.23	67.182
1302.16	70.4161
1304.09	72.8277
1306.02	74.2162
1307.95	74.5131
1309.87	73.8984
1311.8	72.8605
1313.73	72.0047
1315.66	71.6321
1317.59	71.5837
1319.52	71.7528
1321.45	72.4089
1323.38	73.7688
1325.31	75.7112
1327.24	77.9677
1329.17	80.3414
1331.1	82.7663
1333.02	85.1104
1334.95	87.1449
1336.88	88.8316
1338.81	90.2847
1340.74	91.5411
1342.67	92.7258
1344.6	94.1128
1346.53	95.7895
1348.46	97.5426
1350.39	99.0905
1352.32	100.262
1354.24	100.957
1356.17	101.192
1358.1	101.185
1360.03	101.235
1361.96	101.44
1363.89	101.305
1365.82	100.285
1367.75	98.8743
1369.68	98.1609
1371.61	98.2879
1373.54	98.1114
1375.47	96.9731
1377.39	95.6733
1379.32	94.7984
1381.25	94.1649
1383.18	93.6651
1385.11	93.2183
1387.04	92.5632
1388.97	91.7649
1390.9	91.1308
1392.83	90.5816
1394.76	89.9197
1396.69	89.0708
1398.61	88.0168
1400.54	87.0196
1402.47	86.4822
1404.4	86.4885
1406.33	86.8764
1408.26	87.4698
1410.19	88.2374
1412.12	89.1342
1414.05	89.9639
1415.98	90.6728
1417.91	91.2879
1419.83	91.6533
1421.76	91.7334
1423.69	91.6205
1425.62	91.3589
1427.55	90.9768
1429.48	90.3079
1431.41	89.3276
1433.34	88.3674
1435.27	87.3868
1437.2	86.1582
1439.13	85.1233
1441.06	84.5083
1442.98	83.9899
1444.91	83.374
1446.84	82.5353
1448.77	81.3284
1450.7	80.1893
1452.63	79.8335
1454.56	80.3783
1456.49	81.7085
1458.42	83.1386
1460.35	84.0593
1462.28	84.9827
1464.2	86.156
1466.13	87.2512
1468.06	88.1124
1469.99	89.0895
1471.92	90.1957
1473.85	90.8271
1475.78	90.9631
1477.71	91.1803
1479.64	91.5482
1481.57	91.9546
1483.5	92.3984
1485.43	92.9488
1487.35	93.6396
1489.28	94.2957
1491.21	94.6558
1493.14	94.9328
1495.07	95.3765
1497	95.8991
1498.93	96.2399
1500.86	96.4306
1502.79	96.6692
1504.72	97.0606
1506.65	97.5051
1508.57	97.493
1510.5	97.2341
1512.43	97.1575
1514.36	97.2865
1516.29	97.5005
1518.22	97.7005
1520.15	97.8371
1522.08	97.8206
1524.01	97.6886
1525.94	97.5492
1527.87	97.4601
1529.8	97.4805
1531.72	97.5858
1533.65	97.6245
1535.58	97.5989
1537.51	97.749
1539.44	98.1156
1541.37	98.185
1543.3	97.7638
1545.23	97.4001
1547.16	97.2491
1549.09	97.2354
1551.02	97.24
1552.94	97.2694
1554.87	97.4773
1556.8	97.8703
1558.73	97.9628
1560.66	97.4484
1562.59	97.0592
1564.52	96.9414
1566.45	96.9957
1568.38	97.064
1570.31	96.9393
1572.24	96.7942
1574.16	96.8471
1576.09	96.8845
1578.02	96.6147
1579.95	96.3157
1581.88	96.1826
1583.81	96.1244
1585.74	96.0584
1587.67	95.988
1589.6	95.943
1591.53	95.9312
1593.46	95.9089
1595.39	95.8341
1597.31	95.7233
1599.24	95.6064
1601.17	95.4766
1603.1	95.3087
1605.03	95.1347
1606.96	95.0045
1608.89	94.8174
1610.82	94.5024
1612.75	94.2826
1614.68	94.195
1616.61	93.7965
1618.53	93.0571
1620.46	92.4536
1622.39	91.7782
1624.32	90.807
1626.25	89.7986
1628.18	88.6207
1630.11	87.1895
1632.04	85.9765
1633.97	84.9487
1635.9	83.5844
1637.83	82.7899
1639.76	83.8917
1641.68	86.3434
1643.61	89.0635
1645.54	91.5314
1647.47	93.3566
1649.4	94.1933
1651.33	94.6375
1653.26	95.0725
1655.19	95.0266
1657.12	94.8036
1659.05	94.821
1660.98	94.9245
1662.9	94.7858
1664.83	94.5227
1666.76	94.4636
1668.69	94.5337
1670.62	94.3559
1672.55	93.9906
1674.48	93.6191
1676.41	93.013
1678.34	92.3636
1680.27	92.0427
1682.2	91.793
1684.12	91.1337
1686.05	90.2492
1687.98	89.3329
1689.91	88.2556
1691.84	87.0613
1693.77	85.5802
1695.7	83.6901
1697.63	81.5361
1699.56	78.5208
1701.49	74.6443
1703.42	71.2759
1705.35	68.1336
1707.27	64.4655
1709.2	61.1348
1711.13	58.7057
1713.06	56.6755
1714.99	55.2192
1716.92	54.6814
1718.85	54.5586
1720.78	55.4306
1722.71	57.9233
1724.64	61.6409
1726.57	66.2614
1728.49	71.5286
1730.42	76.9848
1732.35	83.1118
1734.28	90.6433
1736.21	97.213
1738.14	101.255
1740.07	104.103
1742	106.566
1743.93	108.316
1745.86	109.554
1747.79	110.61
1749.72	111.204
1751.64	111.366
1753.57	111.298
1755.5	110.827
1757.43	110.164
1759.36	109.583
1761.29	108.717
1763.22	107.444
1765.15	106.247
1767.08	105.315
1769.01	104.626
1770.94	104.116
1772.86	103.37
1774.79	102.335
1776.72	101.504
1778.65	100.996
1780.58	100.667
1782.51	100.433
1784.44	100.223
1786.37	100.02
1788.3	99.9125
1790.23	99.8983
1792.16	99.7906
1794.08	99.4759
1796.01	99.1668
1797.94	98.9992
1799.87	98.8643
1801.8	98.6416
1803.73	98.4324
1805.66	98.3455
1807.59	98.3294
1809.52	98.295
1811.45	98.192
1813.38	98.0618
1815.31	98.0164
1817.23	98.059
1819.16	98.0857
1821.09	98.0919
1823.02	98.1201
1824.95	98.133
1826.88	98.1381
1828.81	98.1595
1830.74	98.1362
1832.67	98.1016
1834.6	98.1223
1836.53	98.0916
1838.45	97.9462
1840.38	97.8715
1842.31	98.0151
1844.24	98.2419
1846.17	98.2612
1848.1	98.1004
1850.03	98.0014
1851.96	98.0625
1853.89	98.1971
1855.82	98.2739
1857.75	98.2347
1859.68	98.1172
1861.6	98.0358
1863.53	98.0982
1865.46	98.2981
1867.39	98.4836
1869.32	98.4729
1871.25	98.3447
1873.18	98.2733
1875.11	98.2224
1877.04	98.1812
1878.97	98.2739
1880.9	98.4488
1882.82	98.4996
1884.75	98.4667
1886.68	98.5263
1888.61	98.5723
1890.54	98.4444
1892.47	98.3578
1894.4	98.5148
1896.33	98.6882
1898.26	98.635
1900.19	98.513
1902.12	98.5001
1904.05	98.5281
1905.97	98.5771
1907.9	98.7334
1909.83	98.9351
1911.76	99.0534
1913.69	99.0951
1915.62	99.0574
1917.55	98.8751
1919.48	98.6409
1921.41	98.567
1923.34	98.6861
1925.27	98.8193
1927.19	98.8641
1929.12	98.9467
1931.05	99.1034
1932.98	99.1126
1934.91	98.9146
1936.84	98.8085
1938.77	98.9598
1940.7	99.1599
1942.63	99.2371
1944.56	99.2843
1946.49	99.3391
1948.41	99.338
1950.34	99.4217
1952.27	99.6888
1954.2	99.8119
1956.13	99.543
1958.06	99.2346
1959.99	99.2958
1961.92	99.6426
1963.85	99.9136
1965.78	99.8235
1967.71	99.4721
1969.64	99.3688
1971.56	99.7175
1973.49	100.178
1975.42	100.45
1977.35	100.44
1979.28	100.118
1981.21	99.7201
1983.14	99.5724
1985.07	99.6718
1987	99.8974
1988.93	100.134
1990.86	100.073
1992.78	99.6977
1994.71	99.61
1996.64	99.9812
1998.57	100.182
2000.5	99.9226
2002.43	99.7145
2004.36	99.8775
2006.29	100.104
2008.22	100.152
2010.15	100.16
2012.08	100.258
2014.01	100.376
2015.93	100.353
2017.86	100.118
2019.79	99.9028
2021.72	99.9834
2023.65	100.191
2025.58	100.18
2027.51	100.073
2029.44	100.151
2031.37	100.204
2033.3	99.9734
2035.23	99.7432
2037.15	99.786
2039.08	99.8837
2041.01	99.8796
2042.94	99.9647
2044.87	100.173
2046.8	100.273
2048.73	100.163
2050.66	99.9065
2052.59	99.6034
2054.52	99.4563
2056.45	99.5694
2058.37	99.6881
2060.3	99.5968
2062.23	99.5019
2064.16	99.5766
2066.09	99.656
2068.02	99.6969
2069.95	99.8437
2071.88	99.9472
2073.81	99.773
2075.74	99.5102
2077.67	99.4573
2079.6	99.5859
2081.52	99.7289
2083.45	99.7548
2085.38	99.5846
2087.31	99.3388
2089.24	99.2149
2091.17	99.1942
2093.1	99.2023
2095.03	99.3225
2096.96	99.5633
2098.89	99.7319
2100.82	99.6793
2102.74	99.4379
2104.67	99.1703
2106.6	99.0775
2108.53	99.2121
2110.46	99.3904
2112.39	99.4423
2114.32	99.4706
2116.25	99.6369
2118.18	99.832
2120.11	99.8733
2122.04	99.8122
2123.97	99.7452
2125.89	99.6793
2127.82	99.7077
2129.75	99.8511
2131.68	99.9216
2133.61	99.9223
2135.54	100.026
2137.47	100.093
2139.4	99.9895
2141.33	99.9688
2143.26	100.103
2145.19	100.119
2147.11	100.056
2149.04	100.164
2150.97	100.312
2152.9	100.286
2154.83	100.251
2156.76	100.38
2158.69	100.522
2160.62	100.535
2162.55	100.497
2164.48	100.406
2166.41	100.167
2168.33	99.8949
2170.26	99.8317
2172.19	100.032
2174.12	100.342
2176.05	100.523
2177.98	100.423
2179.91	100.189
2181.84	100.076
2183.77	100.032
2185.7	99.9151
2187.63	99.9232
2189.56	100.219
2191.48	100.492
2193.41	100.451
2195.34	100.307
2197.27	100.326
2199.2	100.448
2201.13	100.52
2203.06	100.451
2204.99	100.253
2206.92	100.217
2208.85	100.508
2210.78	100.697
2212.7	100.449
2214.63	100.172
2216.56	100.196
2218.49	100.226
2220.42	100.087
2222.35	100.018
2224.28	100.104
2226.21	100.16
2228.14	100.054
2230.07	99.8328
2232	99.7193
2233.93	99.8377
2235.85	99.9405
2237.78	99.8195
2239.71	99.6861
2241.64	99.6778
2243.57	99.5962
2245.5	99.4911
2247.43	99.6931
2249.36	100.092
2251.29	100.254
2253.22	100.205
2255.15	100.24
2257.07	100.29
2259	100.22
2260.93	100.185
2262.86	100.239
2264.79	100.198
2266.72	100.044
2268.65	99.9628
2270.58	100.027
2272.51	100.109
2274.44	100.064
2276.37	99.9196
2278.29	99.8059
2280.22	99.7515
2282.15	99.7317
2284.08	99.8043
2286.01	99.9758
2287.94	100.14
2289.87	100.243
2291.8	100.306
2293.73	100.356
2295.66	100.454
2297.59	100.658
2299.52	100.934
2301.44	101.227
2303.37	101.542
2305.3	101.916
2307.23	102.384
2309.16	102.932
2311.09	103.455
2313.02	103.881
2314.95	104.311
2316.88	104.958
2318.81	105.887
2320.74	106.794
2322.66	107.306
2324.59	107.576
2326.52	108.009
2328.45	108.606
2330.38	109.082
2332.31	109.338
2334.24	109.597
2336.17	110.045
2338.1	110.501
2340.03	110.716
2341.96	110.781
2343.89	110.373
2345.81	108.938
2347.74	107.443
2349.67	107.131
2351.6	108.312
2353.53	110.476
2355.46	112.444
2357.39	113.748
2359.32	114.581
2361.25	114.755
2363.18	114.288
2365.11	113.227
2367.03	111.645
2368.96	109.95
2370.89	108.258
2372.82	106.444
2374.75	104.655
2376.68	103.129
2378.61	101.91
2380.54	100.91
2382.47	100.026
2384.4	99.2264
2386.33	98.6036
2388.26	98.2575
2390.18	98.1412
2392.11	98.1004
2394.04	98.0461
2395.97	98.0012
2397.9	97.9896
2399.83	97.9636
2401.76	97.8924
2403.69	97.8778
2405.62	98.0125
2407.55	98.1494
2409.48	98.087
2411.4	97.9163
2413.33	97.8583
2415.26	97.9211
2417.19	97.9941
2419.12	98.045
2421.05	98.0657
2422.98	98.0557
2424.91	98.0677
2426.84	98.0978
2428.77	98.0514
2430.7	97.9197
2432.62	97.8206
2434.55	97.8232
2436.48	97.8794
2438.41	97.9367
2440.34	97.9887
2442.27	98.0276
2444.2	98.0416
2446.13	98.0231
2448.06	97.9464
2449.99	97.8358
2451.92	97.7978
2453.85	97.8691
2455.77	97.9681
2457.7	98.0344
2459.63	98.047
2461.56	97.9996
2463.49	97.9598
2465.42	97.9629
2467.35	97.9274
2469.28	97.8554
2471.21	97.8603
2473.14	97.942
2475.07	98.035
2476.99	98.1455
2478.92	98.2438
2480.85	98.2617
2482.78	98.2212
2484.71	98.1843
2486.64	98.1741
2488.57	98.1648
2490.5	98.0907
2492.43	97.9978
2494.36	98.0487
2496.29	98.2189
2498.22	98.3069
2500.14	98.2894
2502.07	98.2842
2504	98.3046
2505.93	98.3195
2507.86	98.3054
2509.79	98.2076
2511.72	98.075
2513.65	98.051
2515.58	98.1364
2517.51	98.2258
2519.44	98.3097
2521.36	98.4086
2523.29	98.4567
2525.22	98.3864
2527.15	98.2328
2529.08	98.128
2531.01	98.184
2532.94	98.3553
2534.87	98.4943
2536.8	98.5194
2538.73	98.4461
2540.66	98.345
2542.58	98.2862
2544.51	98.262
2546.44	98.2516
2548.37	98.2798
2550.3	98.2719
2552.23	98.126
2554.16	97.9998
2556.09	98.0841
2558.02	98.2182
2559.95	98.2051
2561.88	98.1783
2563.81	98.2797
2565.73	98.4104
2567.66	98.4608
2569.59	98.4172
2571.52	98.2864
2573.45	98.1379
2575.38	98.0873
2577.31	98.1663
2579.24	98.311
2581.17	98.4564
2583.1	98.5855
2585.03	98.7022
2586.95	98.7839
2588.88	98.7772
2590.81	98.6403
2592.74	98.4134
2594.67	98.2266
2596.6	98.1539
2598.53	98.1263
2600.46	98.0636
2602.39	97.9546
2604.32	97.8212
2606.25	97.7766
2608.18	97.943
2610.1	98.1732
2612.03	98.1719
2613.96	97.9616
2615.89	97.8365
2617.82	97.8641
2619.75	97.8355
2621.68	97.7041
2623.61	97.6721
2625.54	97.7975
2627.47	97.9009
2629.4	97.8882
2631.32	97.8215
2633.25	97.7447
2635.18	97.705
2637.11	97.7365
2639.04	97.7362
2640.97	97.6419
2642.9	97.5816
2644.83	97.5961
2646.76	97.5699
2648.69	97.5307
2650.62	97.5738
2652.54	97.5842
2654.47	97.4487
2656.4	97.319
2658.33	97.3406
2660.26	97.3879
2662.19	97.3035
2664.12	97.1696
2666.05	97.1362
2667.98	97.1614
2669.91	97.1389
2671.84	97.1135
2673.77	97.1448
2675.69	97.1654
2677.62	97.1586
2679.55	97.2096
2681.48	97.2912
2683.41	97.2883
2685.34	97.2097
2687.27	97.1338
2689.2	97.0749
2691.13	97.0451
2693.06	97.0692
2694.99	97.0941
2696.91	97.034
2698.84	96.9108
2700.77	96.8482
2702.7	96.8994
2704.63	96.9502
2706.56	96.9006
2708.49	96.8545
2710.42	96.9298
2712.35	97.0233
2714.28	96.9988
2716.21	96.9221
2718.14	96.9047
2720.06	96.9113
2721.99	96.8681
2723.92	96.7955
2725.85	96.7412
2727.78	96.6983
2729.71	96.6568
2731.64	96.6455
2733.57	96.6583
2735.5	96.6419
2737.43	96.5999
2739.36	96.5863
2741.28	96.5994
2743.21	96.6126
2745.14	96.6463
2747.07	96.6996
2749	96.7111
2750.93	96.6648
2752.86	96.6336
2754.79	96.6678
2756.72	96.7225
2758.65	96.7412
2760.58	96.7348
2762.51	96.7219
2764.43	96.6846
2766.36	96.636
2768.29	96.6211
2770.22	96.632
2772.15	96.6338
2774.08	96.646
2776.01	96.6929
2777.94	96.729
2779.87	96.6998
2781.8	96.6413
2783.73	96.6259
2785.65	96.6216
2787.58	96.5409
2789.51	96.4253
2791.44	96.398
2793.37	96.4506
2795.3	96.4736
2797.23	96.4528
2799.16	96.4554
2801.09	96.4888
2803.02	96.5044
2804.95	96.48
2806.87	96.43
2808.8	96.3606
2810.73	96.2442
2812.66	96.0717
2814.59	95.9261
2816.52	95.9025
2818.45	95.9432
2820.38	95.9062
2822.31	95.7924
2824.24	95.7137
2826.17	95.6953
2828.1	95.6925
2830.02	95.6765
2831.95	95.594
2833.88	95.4173
2835.81	95.2364
2837.74	95.1259
2839.67	95.0244
2841.6	94.8534
2843.53	94.6205
2845.46	94.3867
2847.39	94.2022
2849.32	94.0226
2851.24	93.7333
2853.17	93.3305
2855.1	92.9175
2857.03	92.5055
2858.96	92.0371
2860.89	91.566
2862.82	91.2036
2864.75	90.9409
2866.68	90.6806
2868.61	90.3923
2870.54	90.1267
2872.47	89.9418
2874.39	89.9005
2876.32	90.0678
2878.25	90.4307
2880.18	90.8488
2882.11	91.1224
2884.04	91.1582
2885.97	91.0977
2887.9	91.1762
2889.83	91.4183
2891.76	91.6319
2893.69	91.7071
2895.61	91.714
2897.54	91.7199
2899.47	91.7098
2901.4	91.6782
2903.33	91.664
2905.26	91.6765
2907.19	91.6502
2909.12	91.5314
2911.05	91.3904
2912.98	91.3416
2914.91	91.3545
2916.83	91.2696
2918.76	91.0006
2920.69	90.5753
2922.62	90.0209
2924.55	89.3701
2926.48	88.7166
2928.41	88.1613
2930.34	87.7922
2932.27	87.72
2934.2	87.9998
2936.13	88.5115
2938.06	89.0189
2939.98	89.3846
2941.91	89.6605
2943.84	89.8828
2945.77	89.8884
2947.7	89.534
2949.63	88.9457
2951.56	88.3192
2953.49	87.71
2955.42	87.1573
2957.35	86.7357
2959.28	86.5117
2961.2	86.6382
2963.13	87.2709
2965.06	88.3918
2966.99	89.9253
2968.92	91.6497
2970.85	92.8838
2972.78	93.0936
2974.71	92.7233
2976.64	92.5282
2978.57	92.661
2980.5	92.9463
2982.43	93.3113
2984.35	93.7164
2986.28	94.1803
2988.21	94.7023
2990.14	95.0737
2992.07	95.2575
2994	95.5575
2995.93	95.986
2997.86	96.2837
2999.79	96.5921
3001.72	97.1138
3003.65	97.5697
3005.57	97.7636
3007.5	97.8642
3009.43	97.8682
3011.36	97.7537
3013.29	97.8854
3015.22	98.4094
3017.15	98.8491
3019.08	98.8885
3021.01	98.8169
3022.94	98.8694
3024.87	98.9031
3026.79	98.8663
3028.72	98.9433
3030.65	99.1376
3032.58	99.1932
3034.51	98.9937
3036.44	98.6674
3038.37	98.3333
3040.3	98.0659
3042.23	97.9271
3044.16	97.8362
3046.09	97.7167
3048.02	97.7256
3049.94	97.9315
3051.87	98.0561
3053.8	97.9333
3055.73	97.7675
3057.66	97.7157
3059.59	97.6964
3061.52	97.6458
3063.45	97.6131
3065.38	97.7029
3067.31	97.9785
3069.24	98.261
3071.16	98.2791
3073.09	98.1239
3075.02	98.079
3076.95	98.0867
3078.88	97.976
3080.81	97.8544
3082.74	97.7744
3084.67	97.6031
3086.6	97.4462
3088.53	97.4774
3090.46	97.5068
3092.39	97.3724
3094.31	97.2559
3096.24	97.2382
3098.17	97.2207
3100.1	97.2403
3102.03	97.2736
3103.96	97.1945
3105.89	97.1276
3107.82	97.1588
3109.75	97.0711
3111.68	96.9605
3113.61	97.1845
3115.53	97.4678
3117.46	97.3084
3119.39	97.002
3121.32	97.0118
3123.25	97.0828
3125.18	96.9122
3127.11	96.7476
3129.04	96.7891
3130.97	96.8746
3132.9	96.8805
3134.83	96.8618
3136.75	96.897
3138.68	97.0275
3140.61	97.2177
3142.54	97.3391
3144.47	97.2905
3146.4	97.1451
3148.33	97.0715
3150.26	97.0638
3152.19	96.9726
3154.12	96.8623
3156.05	96.9083
3157.98	96.9911
3159.9	96.9522
3161.83	96.9528
3163.76	97.0561
3165.69	97.0585
3167.62	97.0058
3169.55	97.1135
3171.48	97.2397
3173.41	97.1294
3175.34	96.8881
3177.27	96.7887
3179.2	96.9119
3181.12	97.0593
3183.05	96.9611
3184.98	96.68
3186.91	96.5549
3188.84	96.6444
3190.77	96.7467
3192.7	96.8629
3194.63	97.0455
3196.56	97.1172
3198.49	96.9772
3200.42	96.7931
3202.35	96.7316
3204.27	96.7964
3206.2	96.8488
3208.13	96.7457
3210.06	96.5869
3211.99	96.6093
3213.92	96.7905
3215.85	96.8751
3217.78	96.7621
3219.71	96.6153
3221.64	96.6373
3223.57	96.8288
3225.49	96.9913
3227.42	96.9666
3229.35	96.7856
3231.28	96.6163
3233.21	96.6167
3235.14	96.7452
3237.07	96.7835
3239	96.6736
3240.93	96.6016
3242.86	96.6396
3244.79	96.6402
3246.72	96.5299
3248.64	96.4422
3250.57	96.5011
3252.5	96.596
3254.43	96.5298
3256.36	96.383
3258.29	96.3848
3260.22	96.4616
3262.15	96.4146
3264.08	96.3624
3266.01	96.4414
3267.94	96.4391
3269.86	96.2638
3271.79	96.2234
3273.72	96.4154
3275.65	96.5051
3277.58	96.3907
3279.51	96.3487
3281.44	96.4144
3283.37	96.3725
3285.3	96.2538
3287.23	96.209
3289.16	96.1702
3291.08	96.0828
3293.01	96.0903
3294.94	96.245
3296.87	96.3836
3298.8	96.3646
3300.73	96.226
3302.66	96.095
3304.59	96.0174
3306.52	95.9603
3308.45	95.9545
3310.38	96.0129
3312.31	95.9831
3314.23	95.8093
3316.16	95.7219
3318.09	95.8339
3320.02	95.9121
3321.95	95.8055
3323.88	95.6833
3325.81	95.6984
3327.74	95.7767
3329.67	95.7779
3331.6	95.6765
3333.53	95.5908
3335.45	95.6146
3337.38	95.6294
3339.31	95.4929
3341.24	95.3446
3343.17	95.388
3345.1	95.5106
3347.03	95.4927
3348.96	95.3899
3350.89	95.3683
3352.82	95.4312
3354.75	95.5002
3356.68	95.5143
3358.6	95.4513
3360.53	95.3823
3362.46	95.374
3364.39	95.3535
3366.32	95.2755
3368.25	95.2691
3370.18	95.3842
3372.11	95.4435
3374.04	95.3327
3375.97	95.1722
3377.9	95.1119
3379.82	95.1647
3381.75	95.2286
3383.68	95.2019
3385.61	95.1188
3387.54	95.0828
3389.47	95.0782
3391.4	95.0404
3393.33	95.009
3395.26	95.0368
3397.19	95.0833
3399.12	95.0849
3401.04	95.0294
3402.97	94.9663
3404.9	94.953
3406.83	94.9756
3408.76	94.9966
3410.69	95.0183
3412.62	95.0047
3414.55	94.9429
3416.48	94.9774
3418.41	95.1618
3420.34	95.2496
3422.27	95.1148
3424.19	94.9962
3426.12	94.9962
3428.05	94.9705
3429.98	94.9286
3431.91	94.9415
3433.84	94.9348
3435.77	94.9562
3437.7	95.1335
3439.63	95.273
3441.56	95.1498
3443.49	95.0387
3445.41	95.2767
3447.34	95.6076
3449.27	95.6204
3451.2	95.5197
3453.13	95.675
3455.06	95.8611
3456.99	95.7153
3458.92	95.4611
3460.85	95.4224
3462.78	95.456
3464.71	95.4011
3466.64	95.3538
3468.56	95.3172
3470.49	95.2507
3472.42	95.2271
3474.35	95.1796
3476.28	95.0028
3478.21	94.878
3480.14	94.9795
3482.07	95.1902
3484	95.357
3485.93	95.4384
3487.86	95.3919
3489.78	95.2321
3491.71	95.055
3493.64	94.9003
3495.57	94.7453
3497.5	94.5999
3499.43	94.5419
3501.36	94.635
3503.29	94.789
3505.22	94.859
3507.15	94.9139
3509.08	95.0943
3511	95.293
3512.93	95.2231
3514.86	94.8228
3516.79	94.4204
3518.72	94.3557
3520.65	94.4948
3522.58	94.559
3524.51	94.6611
3526.44	94.8931
3528.37	94.9712
3530.3	94.8455
3532.23	94.8109
3534.15	94.897
3536.08	94.9355
3538.01	94.9212
3539.94	94.8852
3541.87	94.807
3543.8	94.7159
3545.73	94.5853
3547.66	94.3834
3549.59	94.2937
3551.52	94.4761
3553.45	94.7951
3555.37	95.0037
3557.3	95.0296
3559.23	94.9056
3561.16	94.7858
3563.09	94.961
3565.02	95.4354
3566.95	95.6738
3568.88	95.3559
3570.81	95.1201
3572.74	95.3486
3574.67	95.691
3576.6	95.6949
3578.52	95.4235
3580.45	95.3108
3582.38	95.5883
3584.31	96.0427
3586.24	96.3284
3588.17	96.3884
3590.1	96.4724
3592.03	96.5866
3593.96	96.6305
3595.89	96.8168
3597.82	97.259
3599.74	97.5824
3601.67	97.5881
3603.6	97.564
3605.53	97.5509
3607.46	97.2943
3609.39	97.0632
3611.32	97.3174
3613.25	97.7135
3615.18	97.8034
3617.11	97.8217
3619.04	98.0424
3620.97	98.1978
3622.89	98.101
3624.82	98.0669
3626.75	98.3298
3628.68	98.5339
3630.61	98.1135
3632.54	97.645
3634.47	97.6721
3636.4	97.9113
3638.33	97.9951
3640.26	98.0034
3642.19	98.0351
3644.11	98.0999
3646.04	98.439
3647.97	99.049
3649.9	99.0536
3651.83	98.4271
3653.76	98.1219
3655.69	98.0603
3657.62	97.845
3659.55	97.6355
3661.48	97.7116
3663.41	97.9707
3665.33	98.2044
3667.26	98.3888
3669.19	98.5699
3671.12	98.6851
3673.05	98.6853
3674.98	98.6039
3676.91	98.4375
3678.84	98.1783
3680.77	97.8713
3682.7	97.6581
3684.63	97.7248
3686.56	98.1042
3688.48	98.5786
3690.41	98.6297
3692.34	98.2554
3694.27	98.1021
3696.2	98.3173
3698.13	98.4944
3700.06	98.4496
3701.99	98.4595
3703.92	98.4847
3705.85	98.273
3707.78	98.1753
3709.7	98.5824
3711.63	98.9186
3713.56	98.5702
3715.49	98.2199
3717.42	98.2802
3719.35	98.4888
3721.28	98.613
3723.21	98.6431
3725.14	98.6107
3727.07	98.6672
3729	98.9069
3730.93	99.1784
3732.85	99.3851
3734.78	99.4631
3736.71	99.1645
3738.64	98.7217
3740.57	98.5709
3742.5	98.5776
3744.43	98.4262
3746.36	98.3597
3748.29	98.6357
3750.22	98.8816
3752.15	98.7894
3754.07	98.5841
3756	98.3665
3757.93	98.0612
3759.86	97.8649
3761.79	97.9185
3763.72	97.9962
3765.65	97.9667
3767.58	97.9641
3769.51	98.0724
3771.44	98.1445
3773.37	98.0894
3775.29	98.0076
3777.22	97.9579
3779.15	97.8827
3781.08	97.7795
3783.01	97.7589
3784.94	97.8238
3786.87	97.794
3788.8	97.5948
3790.73	97.4595
3792.66	97.5818
3794.59	97.8328
3796.52	98.0205
3798.44	98.2051
3800.37	98.4163
3802.3	98.4455
3804.23	98.3067
3806.16	98.1698
3808.09	97.9753
3810.02	97.7637
3811.95	97.7231
3813.88	97.8757
3815.81	98.0889
3817.74	98.153
3819.66	98.0314
3821.59	97.9439
3823.52	98.0631
3825.45	98.1853
3827.38	98.1702
3829.31	98.1689
3831.24	98.2409
3833.17	98.2162
3835.1	98.1279
3837.03	98.1868
3838.96	98.2599
3840.89	98.0963
3842.81	97.8704
3844.74	97.7839
3846.67	97.8626
3848.6	98.1276
3850.53	98.5435
3852.46	98.7827
3854.39	98.414
3856.32	97.9741
3858.25	97.9011
3860.18	97.9386
3862.11	97.8523
3864.03	97.7148
3865.96	97.785
3867.89	98.0414
3869.82	98.189
3871.75	98.078
3873.68	97.9327
3875.61	97.9334
3877.54	97.9843
3879.47	97.9843
3881.4	97.9687
3883.33	97.9412
3885.25	97.8318
3887.18	97.771
3889.11	97.9306
3891.04	98.1276
3892.97	98.0707
3894.9	97.9162
3896.83	97.966
3898.76	98.1441
3900.69	98.1809
3902.62	98.021
3904.55	97.7814
3906.48	97.5329
3908.4	97.4073
3910.33	97.4773
3912.26	97.6125
3914.19	97.6574
3916.12	97.6617
3918.05	97.6899
3919.98	97.6644
3921.91	97.6447
3923.84	97.7692
3925.77	97.9085
3927.7	97.8808
3929.62	97.8022
3931.55	97.7772
3933.48	97.7257
3935.41	97.6835
3937.34	97.7367
3939.27	97.7715
3941.2	97.6756
3943.13	97.5338
3945.06	97.4519
3946.99	97.4402
3948.92	97.4824
3950.85	97.5132
3952.77	97.4968
3954.7	97.4957
3956.63	97.5017
3958.56	97.447
3960.49	97.3973
3962.42	97.4199
3964.35	97.4251
3966.28	97.3909
3968.21	97.4174
3970.14	97.4893
3972.07	97.5345
3973.99	97.5695
3975.92	97.5379
3977.85	97.3676
3979.78	97.2396
3981.71	97.3525
3983.64	97.5581
3985.57	97.6028
3987.5	97.498
3989.43	97.3966
3991.36	97.35
3993.29	97.3196
3995.22	97.3035
3997.14	97.3628
