499.643	86.9307
501.572	85.8915
503.501	86.9191
505.43	88.2589
507.36	89.0613
509.289	89.1933
511.218	89.2026
513.147	89.7545
515.076	90.4007
517.005	90.1366
518.934	89.1254
520.863	88.3505
522.792	88.0341
524.722	88.067
526.651	88.4422
528.58	88.6183
530.509	88.2534
532.438	88.0998
534.367	88.7253
536.296	89.4538
538.225	89.6371
540.155	89.635
542.084	89.8158
544.013	90.0367
545.942	90.2418
547.871	90.4766
549.8	90.5747
551.729	90.4609
553.658	90.3557
555.588	90.3974
557.517	90.4674
559.446	90.5068
561.375	90.5828
563.304	90.593
565.233	90.4051
567.162	90.1961
569.091	90.166
571.021	90.2263
572.95	90.2815
574.879	90.3599
576.808	90.456
578.737	90.5638
580.666	90.6166
582.595	90.4016
584.524	89.8184
586.454	89.0244
588.383	88.2757
590.312	87.7838
592.241	87.5269
594.17	87.2838
596.099	87.0637
598.028	87.0337
599.957	87.0871
601.887	87.1343
603.816	87.454
605.745	88.1238
607.674	88.7437
609.603	89.1399
611.532	89.5759
613.461	90.083
615.39	90.3695
617.32	90.3917
619.249	90.4183
621.178	90.5485
623.107	90.64
625.036	90.6193
626.965	90.5541
628.894	90.4855
630.823	90.3517
632.753	90.0606
634.682	89.5878
636.611	89.0015
638.54	88.3358
640.469	87.4903
642.398	86.4343
644.327	85.3542
646.256	84.3485
648.186	83.3664
650.115	82.5883
652.044	82.2861
653.973	82.4664
655.902	82.9708
657.831	83.6464
659.76	84.4951
661.689	85.489
663.619	86.4953
665.548	87.8685
667.477	90.2159
669.406	92.1001
671.335	92.2144
673.264	92.2355
675.193	92.7769
677.122	93.3648
679.052	93.7146
680.981	93.9612
682.91	94.0894
684.839	94.1438
686.768	94.2419
688.697	94.2797
690.626	94.2078
692.555	94.1763
694.485	94.2169
696.414	94.2527
698.343	94.2612
700.272	94.184
702.201	94.0214
704.13	93.9641
706.059	94.0758
707.988	94.15
709.917	94.1026
711.847	94.0416
713.776	93.9712
715.705	93.9156
717.634	94.0271
719.563	94.2114
721.492	94.1443
723.421	93.8663
725.35	93.7027
727.28	93.6854
729.209	93.6001
731.138	93.3651
733.067	93.0394
734.996	92.6751
736.925	92.317
738.854	91.9898
740.783	91.6571
742.713	91.2705
744.642	90.8723
746.571	90.6073
748.5	90.5878
750.429	90.7892
752.358	91.12
754.287	91.5059
756.216	91.8829
758.146	92.2039
760.075	92.4689
762.004	92.7066
763.933	92.9435
765.862	93.1785
767.791	93.3654
769.72	93.4629
771.649	93.487
773.579	93.4653
775.508	93.3979
777.437	93.2954
779.366	93.198
781.295	93.1352
783.224	93.0935
785.153	93.0303
787.082	92.9087
789.012	92.6933
790.941	92.3266
792.87	91.7809
794.799	91.1079
796.728	90.3518
798.657	89.4428
800.586	88.2392
802.515	86.6189
804.445	84.4539
806.374	81.6007
808.303	78.1485
810.232	74.7502
812.161	72.4693
814.09	72.0897
816.019	73.6032
817.948	76.294
819.878	79.2235
821.807	81.7764
823.736	83.8285
825.665	85.4285
827.594	86.5647
829.523	87.292
831.452	87.7663
833.381	88.0594
835.311	88.135
837.24	87.9804
839.169	87.6174
841.098	87.0636
843.027	86.3966
844.956	85.8037
846.885	85.4778
848.814	85.451
850.744	85.5864
852.673	85.7675
854.602	86.0092
856.531	86.3385
858.46	86.7003
860.389	87.0318
862.318	87.299
864.247	87.4417
866.177	87.4032
868.106	87.1958
870.035	86.859
871.964	86.4183
873.893	85.9061
875.822	85.3386
877.751	84.7128
879.68	84.1047
881.609	83.6764
883.539	83.531
885.468	83.6205
887.397	83.7883
889.326	83.8956
891.255	83.9387
893.184	83.9999
895.113	84.1186
897.042	84.3332
898.972	84.7537
900.901	85.4446
902.83	86.3439
904.759	87.3383
906.688	88.2796
908.617	88.9976
910.546	89.4272
912.475	89.6131
914.405	89.5617
916.334	89.2301
918.263	88.6144
920.192	87.7141
922.121	86.4667
924.05	84.79
925.979	82.6423
927.908	80.0103
929.838	76.9072
931.767	73.4618
933.696	69.9942
935.625	66.9336
937.554	64.6433
939.483	63.3084
941.412	62.906
943.341	63.2428
945.271	64.0784
947.2	65.2516
949.129	66.6871
951.058	68.32
952.987	70.0471
954.916	71.7396
956.845	73.2944
958.774	74.6886
960.704	76.0087
962.633	77.4352
964.562	79.1285
966.491	81.0603
968.42	83.0046
970.349	84.7289
972.278	86.1217
974.207	87.1496
976.137	87.8145
978.066	88.1622
979.995	88.2465
981.924	88.0798
983.853	87.6535
985.782	87.0166
987.711	86.3405
989.64	85.8449
991.57	85.5849
993.499	85.3591
995.428	84.8646
997.357	83.8749
999.286	82.3468
1001.22	80.5484
1003.14	78.9886
1005.07	78.0249
1007	77.6341
1008.93	77.6617
1010.86	78.0725
1012.79	78.8131
1014.72	79.6222
1016.65	80.1335
1018.58	80.0905
1020.51	79.4161
1022.44	78.1695
1024.36	76.5418
1026.29	74.8925
1028.22	73.6157
1030.15	72.8222
1032.08	72.2523
1034.01	71.6036
1035.94	70.8308
1037.87	70.0882
1039.8	69.537
1041.73	69.2611
1043.66	69.2829
1045.58	69.5984
1047.51	70.1721
1049.44	70.9017
1051.37	71.6204
1053.3	72.163
1055.23	72.4861
1057.16	72.7414
1059.09	73.1265
1061.02	73.635
1062.95	74.0393
1064.88	74.1172
1066.81	73.8725
1068.73	73.5942
1070.66	73.66
1072.59	74.2172
1074.52	75.1191
1076.45	76.1471
1078.38	77.1634
1080.31	78.0832
1082.24	78.8286
1084.17	79.3299
1086.1	79.557
1088.03	79.5287
1089.95	79.2385
1091.88	78.6228
1093.81	77.6789
1095.74	76.5268
1097.67	75.2867
1099.6	73.9874
1101.53	72.6221
1103.46	71.1965
1105.39	69.6998
1107.32	68.1153
1109.25	66.4694
1111.18	64.8046
1113.1	63.1327
1115.03	61.4668
1116.96	59.837
1118.89	58.2419
1120.82	56.6631
1122.75	55.12
1124.68	53.6363
1126.61	52.1588
1128.54	50.5579
1130.47	48.7092
1132.4	46.5565
1134.32	44.1211
1136.25	41.514
1138.18	38.945
1140.11	36.6554
1142.04	34.837
1143.97	33.6227
1145.9	33.0728
1147.83	33.1554
1149.76	33.7955
1151.69	34.9119
1153.62	36.3957
1155.55	38.132
1157.47	40.0389
1159.4	42.0342
1161.33	44.0214
1163.26	45.9288
1165.19	47.7044
1167.12	49.3016
1169.05	50.7197
1170.98	52.0114
1172.91	53.2446
1174.84	54.5003
1176.77	55.862
1178.69	57.363
1180.62	58.9999
1182.55	60.7918
1184.48	62.7605
1186.41	64.8937
1188.34	67.1795
1190.27	69.6185
1192.2	72.2029
1194.13	74.9601
1196.06	77.9333
1197.99	81.0514
1199.91	84.1504
1201.84	87.0718
1203.77	89.5886
1205.7	91.5181
1207.63	92.9727
1209.56	94.1854
1211.49	95.5014
1213.42	97.536
1215.35	100.073
1217.28	101.163
1219.21	99.6812
1221.14	97.665
1223.06	97.2694
1224.99	98.1335
1226.92	98.8058
1228.85	98.7012
1230.78	97.7956
1232.71	96.024
1234.64	93.6251
1236.57	91.0622
1238.5	88.6876
1240.43	86.7286
1242.36	85.2478
1244.28	84.1822
1246.21	83.5109
1248.14	83.212
1250.07	83.1797
1252	83.3117
1253.93	83.5174
1255.86	83.6781
1257.79	83.721
1259.72	83.6312
1261.65	83.3938
1263.58	83.0277
1265.51	82.6066
1267.43	82.2025
1269.36	81.8403
1271.29	81.4888
1273.22	81.105
1275.15	80.6846
1277.08	80.2134
1279.01	79.5914
1280.94	78.63
1282.87	77.0866
1284.8	74.694
1286.73	71.2651
1288.65	67.0239
1290.58	62.8803
1292.51	60.0474
1294.44	59.3123
1296.37	60.726
1298.3	63.7001
1300.23	67.265
1302.16	70.4997
1304.09	72.8946
1306.02	74.276
1307.95	74.593
1309.87	73.996
1311.8	72.9575
1313.73	72.0957
1315.66	71.718
1317.59	71.6681
1319.52	71.8345
1321.45	72.4629
1323.38	73.7756
1325.31	75.7016
1327.24	77.9937
1329.17	80.4176
1331.1	82.8671
1333.02	85.1977
1334.95	87.1945
1336.88	88.8503
1338.81	90.2918
1340.74	91.537
1342.67	92.7112
1344.6	94.1092
1346.53	95.8075
1348.46	97.5668
1350.39	99.1104
1352.32	100.275
1354.24	100.952
1356.17	101.169
1358.1	101.156
1360.03	101.186
1361.96	101.345
1363.89	101.193
1365.82	100.215
1367.75	98.856
1369.68	98.1812
1371.61	98.3497
1373.54	98.1954
1375.47	97.0126
1377.39	95.6339
1379.32	94.7089
1381.25	94.0567
1383.18	93.5518
1385.11	93.1151
1387.04	92.4813
1388.97	91.6932
1390.9	91.0581
1392.83	90.5075
1394.76	89.8413
1396.69	88.9976
1398.61	87.972
1400.54	86.9955
1402.47	86.4453
1404.4	86.431
1406.33	86.8236
1408.26	87.4357
1410.19	88.2072
1412.12	89.0978
1414.05	89.943
1415.98	90.6937
1417.91	91.3312
1419.83	91.6724
1421.76	91.7418
1423.69	91.6397
1425.62	91.3593
1427.55	90.941
1429.48	90.2663
1431.41	89.2889
1433.34	88.3078
1435.27	87.3274
1437.2	86.1454
1439.13	85.1187
1441.06	84.4508
1442.98	83.8833
1444.91	83.2609
1446.84	82.4443
1448.77	81.2624
1450.7	80.1387
1452.63	79.7869
1454.56	80.3297
1456.49	81.6536
1458.42	83.0805
1460.35	84.0219
1462.28	84.9864
1464.2	86.1895
1466.13	87.2626
1468.06	88.0786
1469.99	89.0252
1471.92	90.1042
1473.85	90.7012
1475.78	90.807
1477.71	90.9865
1479.64	91.3179
1481.57	91.7382
1483.5	92.2466
1485.43	92.8449
1487.35	93.5421
1489.28	94.1995
1491.21	94.5708
1493.14	94.8665
1495.07	95.3606
1497	95.9358
1498.93	96.2419
1500.86	96.3653
1502.79	96.6016
1504.72	97.0492
1506.65	97.5239
1508.57	97.454
1510.5	97.1579
1512.43	97.097
1514.36	97.2639
1516.29	97.4974
1518.22	97.6675
1520.15	97.7392
1522.08	97.7023
1524.01	97.6304
1525.94	97.534
1527.87	97.397
1529.8	97.3447
1531.72	97.4318
1533.65	97.5081
1535.58	97.5402
1537.51	97.771
1539.44	98.2195
1541.37	98.253
1543.3	97.7414
1545.23	97.3528
1547.16	97.2009
1549.09	97.1932
1551.02	97.2217
1552.94	97.2583
1554.87	97.4396
1556.8	97.8242
1558.73	97.9591
1560.66	97.4626
1562.59	97.057
1564.52	96.9262
1566.45	96.9777
1568.38	97.0502
1570.31	96.9026
1572.24	96.7057
1574.16	96.7423
1576.09	96.8398
1578.02	96.6384
1579.95	96.3585
1581.88	96.2298
1583.81	96.1627
1585.74	96.0625
1587.67	95.9545
1589.6	95.8876
1591.53	95.8796
1593.46	95.8899
1595.39	95.8391
1597.31	95.7019
1599.24	95.5455
1601.17	95.4306
1603.1	95.3181
1605.03	95.1653
1606.96	95.0151
1608.89	94.8271
1610.82	94.5392
1612.75	94.3229
1614.68	94.2128
1616.61	93.81
1618.53	93.0752
1620.46	92.4502
1622.39	91.7633
1624.32	90.8266
1626.25	89.8586
1628.18	88.6948
1630.11	87.2658
1632.04	86.0492
1633.97	85.0165
1635.9	83.655
1637.83	82.8399
1639.76	83.8889
1641.68	86.3044
1643.61	89.0433
1645.54	91.5865
1647.47	93.4795
1649.4	94.3135
1651.33	94.7019
1653.26	95.0454
1655.19	94.9552
1657.12	94.7443
1659.05	94.7712
1660.98	94.8767
1662.9	94.7448
1664.83	94.4807
1666.76	94.4047
1668.69	94.4818
1670.62	94.3531
1672.55	93.9915
1674.48	93.5519
1676.41	92.8911
1678.34	92.2515
1680.27	91.9584
1682.2	91.744
1684.12	91.1377
1686.05	90.264
1687.98	89.3006
1689.91	88.1604
1691.84	86.9342
1693.77	85.4959
1695.7	83.7071
1697.63	81.6127
1699.56	78.5566
1701.49	74.6156
1703.42	71.2264
1705.35	68.0917
1707.27	64.4048
1709.2	61.0013
1711.13	58.5123
1713.06	56.4944
1714.99	55.0793
1716.92	54.5473
1718.85	54.4463
1720.78	55.3458
1722.71	57.793
1724.64	61.4415
1726.57	66.0758
1728.49	71.4032
1730.42	76.8638
1732.35	82.9329
1734.28	90.3578
1736.21	96.7947
1738.14	100.781
1740.07	103.695
1742	106.242
1743.93	107.999
1745.86	109.233
1747.79	110.346
1749.72	111.055
1751.64	111.319
1753.57	111.27
1755.5	110.752
1757.43	110.072
1759.36	109.557
1761.29	108.774
1763.22	107.518
1765.15	106.264
1767.08	105.244
1769.01	104.498
1770.94	103.98
1772.86	103.243
1774.79	102.231
1776.72	101.461
1778.65	101.018
1780.58	100.705
1782.51	100.437
1784.44	100.191
1786.37	99.9767
1788.3	99.8771
1790.23	99.8763
1792.16	99.7656
1794.08	99.4211
1796.01	99.0905
1797.94	98.9331
1799.87	98.8292
1801.8	98.636
1803.73	98.442
1805.66	98.36
1807.59	98.3656
1809.52	98.3776
1811.45	98.2779
1813.38	98.0705
1815.31	97.9525
1817.23	98.0016
1819.16	98.0809
1821.09	98.1217
1823.02	98.1505
1824.95	98.1495
1826.88	98.1725
1828.81	98.252
1830.74	98.2387
1832.67	98.1141
1834.6	98.0341
1836.53	97.98
1838.45	97.8869
1840.38	97.8755
1842.31	98.0498
1844.24	98.2743
1846.17	98.3037
1848.1	98.1882
1850.03	98.1015
1851.96	98.0897
1853.89	98.1595
1855.82	98.2911
1857.75	98.3357
1859.68	98.1752
1861.6	97.9832
1863.53	98.024
1865.46	98.287
1867.39	98.5401
1869.32	98.5745
1871.25	98.4467
1873.18	98.3494
1875.11	98.3217
1877.04	98.3206
1878.97	98.3287
1880.9	98.3312
1882.82	98.3367
1884.75	98.4216
1886.68	98.5794
1888.61	98.6108
1890.54	98.4112
1892.47	98.2498
1894.4	98.3494
1896.33	98.5279
1898.26	98.5762
1900.19	98.6134
1902.12	98.7135
1904.05	98.7141
1905.97	98.6311
1907.9	98.6656
1909.83	98.7813
1911.76	98.8188
1913.69	98.8273
1915.62	98.8659
1917.55	98.873
1919.48	98.8768
1921.41	98.9456
1923.34	98.9966
1925.27	98.9569
1927.19	98.9026
1929.12	98.9051
1931.05	98.9695
1932.98	99.0598
1934.91	99.0593
1936.84	98.9298
1938.77	98.8501
1940.7	98.915
1942.63	98.9964
1944.56	99.0843
1946.49	99.2555
1948.41	99.3734
1950.34	99.3907
1952.27	99.4591
1954.2	99.4673
1956.13	99.2287
1958.06	99.0331
1959.99	99.2067
1961.92	99.5775
1963.85	99.8533
1965.78	99.9514
1967.71	99.862
1969.64	99.65
1971.56	99.5075
1973.49	99.6541
1975.42	100.063
1977.35	100.269
1979.28	100.012
1981.21	99.7807
1983.14	99.9179
1985.07	100.033
1987	99.9179
1988.93	99.8842
1990.86	99.9201
1992.78	99.7598
1994.71	99.6407
1996.64	99.83
1998.57	100.047
2000.5	100.03
2002.43	99.953
2004.36	99.9972
2006.29	100.106
2008.22	100.159
2010.15	100.101
2012.08	100.02
2014.01	100.029
2015.93	100.005
2017.86	99.8777
2019.79	99.9588
2021.72	100.323
2023.65	100.446
2025.58	100.086
2027.51	99.7268
2029.44	99.7256
2031.37	99.8981
2033.3	100.04
2035.23	100.132
2037.15	100.115
2039.08	99.9519
2041.01	99.7834
2042.94	99.8092
2044.87	100.039
2046.8	100.217
2048.73	100.079
2050.66	99.693
2052.59	99.3664
2054.52	99.2606
2056.45	99.2914
2058.37	99.344
2060.3	99.4167
2062.23	99.522
2064.16	99.5866
2066.09	99.5606
2068.02	99.5314
2069.95	99.5921
2071.88	99.6963
2073.81	99.7454
2075.74	99.7182
2077.67	99.6662
2079.6	99.6455
2081.52	99.6453
2083.45	99.5864
2085.38	99.45
2087.31	99.3184
2089.24	99.2264
2091.17	99.1543
2093.1	99.1817
2095.03	99.383
2096.96	99.6034
2098.89	99.6293
2100.82	99.5031
2102.74	99.3949
2104.67	99.3234
2106.6	99.2583
2108.53	99.2894
2110.46	99.4396
2112.39	99.5613
2114.32	99.6349
2116.25	99.7923
2118.18	99.9258
2120.11	99.7815
2122.04	99.455
2123.97	99.2928
2125.89	99.4146
2127.82	99.6636
2129.75	99.8324
2131.68	99.8497
2133.61	99.8609
2135.54	99.9956
2137.47	100.145
2139.4	100.19
2141.33	100.146
2143.26	100.017
2145.19	99.8986
2147.11	99.9879
2149.04	100.207
2150.97	100.299
2152.9	100.295
2154.83	100.376
2156.76	100.511
2158.69	100.612
2160.62	100.657
2162.55	100.567
2164.48	100.342
2166.41	100.098
2168.33	99.8384
2170.26	99.6113
2172.19	99.6909
2174.12	100.069
2176.05	100.293
2177.98	100.219
2179.91	100.147
2181.84	100.127
2183.77	100.028
2185.7	100.008
2187.63	100.198
2189.56	100.41
2191.48	100.438
2193.41	100.243
2195.34	99.9419
2197.27	99.8111
2199.2	99.9561
2201.13	100.111
2203.06	100.092
2204.99	100.133
2206.92	100.465
2208.85	100.822
2210.78	100.709
2212.7	100.198
2214.63	99.9054
2216.56	100.047
2218.49	100.233
2220.42	100.243
2222.35	100.221
2224.28	100.21
2226.21	100.146
2228.14	100.043
2230.07	99.9284
2232	99.8903
2233.93	100.024
2235.85	100.183
2237.78	100.139
2239.71	99.9338
2241.64	99.7167
2243.57	99.5271
2245.5	99.4705
2247.43	99.6674
2249.36	99.9406
2251.29	100.016
2253.22	99.9763
2255.15	100.058
2257.07	100.209
2259	100.249
2260.93	100.177
2262.86	100.086
2264.79	100.037
2266.72	100.064
2268.65	100.132
2270.58	100.199
2272.51	100.276
2274.44	100.296
2276.37	100.166
2278.29	99.9692
2280.22	99.8468
2282.15	99.8188
2284.08	99.8369
2286.01	99.8535
2287.94	99.8821
2289.87	100.012
2291.8	100.213
2293.73	100.329
2295.66	100.409
2297.59	100.659
2299.52	101.031
2301.44	101.324
2303.37	101.574
2305.3	101.961
2307.23	102.515
2309.16	103.116
2311.09	103.589
2313.02	103.848
2314.95	104.107
2316.88	104.725
2318.81	105.728
2320.74	106.709
2322.66	107.296
2324.59	107.633
2326.52	108.08
2328.45	108.707
2330.38	109.269
2332.31	109.594
2334.24	109.902
2336.17	110.387
2338.1	110.759
2340.03	110.781
2341.96	110.694
2343.89	110.206
2345.81	108.781
2347.74	107.404
2349.67	107.197
2351.6	108.37
2353.53	110.512
2355.46	112.674
2357.39	114.277
2359.32	115.14
2361.25	115.021
2363.18	114.237
2365.11	113.106
2367.03	111.689
2368.96	110.141
2370.89	108.436
2372.82	106.57
2374.75	104.828
2376.68	103.363
2378.61	102.075
2380.54	100.918
2382.47	99.9399
2384.4	99.1381
2386.33	98.5379
2388.26	98.2309
2390.18	98.1779
2392.11	98.1636
2394.04	98.0553
2395.97	97.9078
2397.9	97.8155
2399.83	97.8156
2401.76	97.866
2403.69	97.9028
2405.62	97.9525
2407.55	98.0305
2409.48	98.0174
2411.4	97.8863
2413.33	97.8163
2415.26	97.8893
2417.19	97.9837
2419.12	98.0144
2421.05	97.99
2422.98	97.9154
2424.91	97.8304
2426.84	97.8018
2428.77	97.806
2430.7	97.7714
2432.62	97.7251
2434.55	97.7441
2436.48	97.808
2438.41	97.8567
2440.34	97.908
2442.27	97.9656
2444.2	97.9687
2446.13	97.934
2448.06	97.9255
2449.99	97.9064
2451.92	97.8497
2453.85	97.8334
2455.77	97.8747
2457.7	97.9043
2459.63	97.9233
2461.56	97.9735
2463.49	98.0195
2465.42	97.9999
2467.35	97.9389
2469.28	97.9271
2471.21	97.9862
2473.14	98.0472
2475.07	98.0991
2476.99	98.1829
2478.92	98.2433
2480.85	98.224
2482.78	98.1867
2484.71	98.1502
2486.64	98.0616
2488.57	97.9901
2490.5	98.0574
2492.43	98.2177
2494.36	98.3167
2496.29	98.2904
2498.22	98.2103
2500.14	98.1632
2502.07	98.1453
2504	98.1484
2505.93	98.234
2507.86	98.3754
2509.79	98.4176
2511.72	98.3138
2513.65	98.1807
2515.58	98.1173
2517.51	98.1541
2519.44	98.2819
2521.36	98.4187
2523.29	98.4402
2525.22	98.309
2527.15	98.1725
2529.08	98.2244
2531.01	98.3977
2532.94	98.4479
2534.87	98.3883
2536.8	98.3911
2538.73	98.3724
2540.66	98.2423
2542.58	98.2037
2544.51	98.3041
2546.44	98.283
2548.37	98.1115
2550.3	98.0032
2552.23	97.9705
2554.16	97.9489
2556.09	98.0114
2558.02	98.1322
2559.95	98.1918
2561.88	98.2538
2563.81	98.4229
2565.73	98.5788
2567.66	98.5455
2569.59	98.3693
2571.52	98.2543
2573.45	98.299
2575.38	98.4128
2577.31	98.4867
2579.24	98.5061
2581.17	98.4869
2583.1	98.4536
2585.03	98.4475
2586.95	98.4591
2588.88	98.4398
2590.81	98.3774
2592.74	98.2875
2594.67	98.2167
2596.6	98.2312
2598.53	98.2858
2600.46	98.2359
2602.39	98.0583
2604.32	97.8803
2606.25	97.8019
2608.18	97.8399
2610.1	97.9465
2612.03	97.9984
2613.96	97.924
2615.89	97.8347
2617.82	97.8373
2619.75	97.8256
2621.68	97.6991
2623.61	97.595
2625.54	97.6456
2627.47	97.754
2629.4	97.7937
2631.32	97.7554
2633.25	97.6629
2635.18	97.5931
2637.11	97.6407
2639.04	97.7311
2640.97	97.7175
2642.9	97.6236
2644.83	97.5399
2646.76	97.4709
2648.69	97.4273
2650.62	97.4225
2652.54	97.3979
2654.47	97.3435
2656.4	97.3376
2658.33	97.3719
2660.26	97.3346
2662.19	97.1879
2664.12	97.0319
2666.05	96.9885
2667.98	97.0516
2669.91	97.1001
2671.84	97.1022
2673.77	97.1442
2675.69	97.2112
2677.62	97.2031
2679.55	97.1651
2681.48	97.1998
2683.41	97.2467
2685.34	97.2089
2687.27	97.126
2689.2	97.0575
2691.13	96.9931
2693.06	96.9385
2694.99	96.9224
2696.91	96.9306
2698.84	96.9388
2700.77	96.9493
2702.7	96.9387
2704.63	96.8712
2706.56	96.8062
2708.49	96.8501
2710.42	96.9589
2712.35	96.979
2714.28	96.9084
2716.21	96.8772
2718.14	96.8922
2720.06	96.8661
2721.99	96.8201
2723.92	96.8205
2725.85	96.8237
2727.78	96.7574
2729.71	96.6547
2731.64	96.6078
2733.57	96.6369
2735.5	96.6613
2737.43	96.625
2739.36	96.5864
2741.28	96.5959
2743.21	96.5919
2745.14	96.5424
2747.07	96.5304
2749	96.5873
2750.93	96.6389
2752.86	96.676
2754.79	96.754
2756.72	96.8274
2758.65	96.805
2760.58	96.7268
2762.51	96.697
2764.43	96.7073
2766.36	96.6809
2768.29	96.6302
2770.22	96.6306
2772.15	96.6734
2774.08	96.6908
2776.01	96.6998
2777.94	96.7464
2779.87	96.7583
2781.8	96.6643
2783.73	96.5548
2785.65	96.502
2787.58	96.4171
2789.51	96.2811
2791.44	96.2407
2793.37	96.3212
2795.3	96.3672
2797.23	96.3526
2799.16	96.4007
2801.09	96.4855
2803.02	96.4733
2804.95	96.4047
2806.87	96.4089
2808.8	96.4507
2810.73	96.4089
2812.66	96.258
2814.59	96.0583
2816.52	95.908
2818.45	95.8799
2820.38	95.9107
2822.31	95.8627
2824.24	95.7158
2826.17	95.5752
2828.1	95.5175
2830.02	95.4987
2831.95	95.4163
2833.88	95.2705
2835.81	95.161
2837.74	95.0838
2839.67	94.9368
2841.6	94.7295
2843.53	94.5423
2845.46	94.3621
2847.39	94.1627
2849.32	93.9883
2851.24	93.83
2853.17	93.5919
2855.1	93.2199
2857.03	92.7331
2858.96	92.1695
2860.89	91.6003
2862.82	91.1523
2864.75	90.8831
2866.68	90.6551
2868.61	90.309
2870.54	89.9231
2872.47	89.7162
2874.39	89.7879
2876.32	90.084
2878.25	90.468
2880.18	90.7806
2882.11	90.9627
2884.04	91.0771
2885.97	91.1829
2887.9	91.2929
2889.83	91.4098
2891.76	91.5146
2893.69	91.5733
2895.61	91.57
2897.54	91.5127
2899.47	91.4583
2901.4	91.4874
2903.33	91.5906
2905.26	91.6571
2907.19	91.5916
2909.12	91.407
2911.05	91.2542
2912.98	91.2895
2914.91	91.4173
2916.83	91.3567
2918.76	91.0413
2920.69	90.6106
2922.62	90.0449
2924.55	89.2819
2926.48	88.5372
2928.41	88.0565
2930.34	87.8102
2932.27	87.736
2934.2	87.9208
2936.13	88.3246
2938.06	88.7163
2939.98	89.0312
2941.91	89.3943
2943.84	89.7095
2945.77	89.666
2947.7	89.2314
2949.63	88.6999
2951.56	88.2181
2953.49	87.7004
2955.42	87.1488
2957.35	86.6967
2959.28	86.4946
2961.2	86.7021
2963.13	87.3769
2965.06	88.4553
2966.99	89.9187
2968.92	91.5308
2970.85	92.5676
2972.78	92.6496
2974.71	92.4184
2976.64	92.5353
2978.57	92.8458
2980.5	93.0374
2982.43	93.2191
2984.35	93.5415
2986.28	93.9488
2988.21	94.3738
2990.14	94.7706
2992.07	95.0964
2994	95.4173
2995.93	95.832
2997.86	96.3001
2999.79	96.6981
3001.72	96.9898
3003.65	97.2373
3005.57	97.467
3007.5	97.6116
3009.43	97.6557
3011.36	97.7572
3013.29	98.0886
3015.22	98.5705
3017.15	98.8785
3019.08	98.8088
3021.01	98.5666
3022.94	98.4995
3024.87	98.6405
3026.79	98.771
3028.72	98.8105
3030.65	98.8371
3032.58	98.8566
3034.51	98.799
3036.44	98.6393
3038.37	98.4359
3040.3	98.2925
3042.23	98.2008
3044.16	98.0031
3046.09	97.6979
3048.02	97.559
3049.94	97.7487
3051.87	98.0875
3053.8	98.2891
3055.73	98.2032
3057.66	97.9401
3059.59	97.7943
3061.52	97.8303
3063.45	97.7995
3065.38	97.6644
3067.31	97.712
3069.24	97.9992
3071.16	98.2275
3073.09	98.2076
3075.02	98.038
3076.95	97.8766
3078.88	97.7984
3080.81	97.7919
3082.74	97.7486
3084.67	97.5953
3086.6	97.5
3088.53	97.6639
3090.46	97.8893
3092.39	97.8284
3094.31	97.5782
3096.24	97.4495
3098.17	97.4212
3100.1	97.332
3102.03	97.1874
3103.96	97.0429
3105.89	96.9734
3107.82	97.0285
3109.75	97.1036
3111.68	97.1802
3113.61	97.3715
3115.53	97.4796
3117.46	97.2264
3119.39	96.8984
3121.32	96.8982
3123.25	97.0635
3125.18	97.105
3127.11	97.0623
3129.04	96.9568
3130.97	96.7382
3132.9	96.6169
3134.83	96.7901
3136.75	97.0351
3138.68	97.1137
3140.61	97.1753
3142.54	97.3337
3144.47	97.3872
3146.4	97.2874
3148.33	97.2328
3150.26	97.1784
3152.19	96.999
3154.12	96.935
3156.05	97.1149
3157.98	97.1617
3159.9	96.9193
3161.83	96.7874
3163.76	96.91
3165.69	96.9696
3167.62	96.8952
3169.55	96.8919
3171.48	96.9325
3173.41	96.8957
3175.34	96.842
3177.27	96.7864
3179.2	96.6635
3181.12	96.5579
3183.05	96.5604
3184.98	96.5993
3186.91	96.6238
3188.84	96.6495
3190.77	96.6672
3192.7	96.7243
3194.63	96.871
3196.56	97.0144
3198.49	97.0612
3200.42	97.0099
3202.35	96.8607
3204.27	96.6957
3206.2	96.6386
3208.13	96.6539
3210.06	96.7193
3211.99	96.8936
3213.92	96.9735
3215.85	96.7555
3217.78	96.5651
3219.71	96.7021
3221.64	96.865
3223.57	96.8109
3225.49	96.7597
3227.42	96.7634
3229.35	96.6243
3231.28	96.4641
3233.21	96.5491
3235.14	96.7607
3237.07	96.7916
3239	96.6283
3240.93	96.5101
3242.86	96.5278
3244.79	96.5235
3246.72	96.4136
3248.64	96.3503
3250.57	96.4173
3252.5	96.4428
3254.43	96.2884
3256.36	96.1061
3258.29	96.1205
3260.22	96.2934
3262.15	96.4127
3264.08	96.4362
3266.01	96.4376
3267.94	96.3458
3269.86	96.1771
3271.79	96.2157
3273.72	96.5003
3275.65	96.6423
3277.58	96.5074
3279.51	96.3862
3281.44	96.3848
3283.37	96.3647
3285.3	96.3107
3287.23	96.2694
3289.16	96.2127
3291.08	96.1372
3293.01	96.0665
3294.94	96.0307
3296.87	96.051
3298.8	96.0137
3300.73	95.8377
3302.66	95.7329
3304.59	95.8293
3306.52	95.8946
3308.45	95.8365
3310.38	95.8492
3312.31	95.8663
3314.23	95.6824
3316.16	95.5095
3318.09	95.6136
3320.02	95.7813
3321.95	95.7385
3323.88	95.6163
3325.81	95.628
3327.74	95.7256
3329.67	95.7474
3331.6	95.6411
3333.53	95.5059
3335.45	95.4753
3337.38	95.5214
3339.31	95.4866
3341.24	95.3913
3343.17	95.4428
3345.1	95.6028
3347.03	95.5331
3348.96	95.1928
3350.89	94.9647
3352.82	95.023
3354.75	95.186
3356.68	95.3598
3358.6	95.5493
3360.53	95.6223
3362.46	95.4855
3364.39	95.2102
3366.32	94.9013
3368.25	94.7666
3370.18	94.9977
3372.11	95.3444
3374.04	95.3868
3375.97	95.1987
3377.9	95.0772
3379.82	95.0224
3381.75	94.988
3383.68	95.0337
3385.61	95.0645
3387.54	94.9923
3389.47	94.961
3391.4	95.0294
3393.33	95.0451
3395.26	94.9736
3397.19	94.9306
3399.12	94.9446
3401.04	94.974
3402.97	94.9904
3404.9	94.9461
3406.83	94.8493
3408.76	94.8037
3410.69	94.8294
3412.62	94.8411
3414.55	94.8572
3416.48	94.9562
3418.41	95.0482
3420.34	94.9817
3422.27	94.809
3424.19	94.6809
3426.12	94.6338
3428.05	94.6902
3429.98	94.874
3431.91	95.0306
3433.84	94.9983
3435.77	94.958
3437.7	95.1642
3439.63	95.4217
3441.56	95.3679
3443.49	95.1372
3445.41	95.1105
3447.34	95.208
3449.27	95.1128
3451.2	94.9667
3453.13	95.0695
3455.06	95.2541
3456.99	95.2387
3458.92	95.1861
3460.85	95.3297
3462.78	95.5203
3464.71	95.5288
3466.64	95.3645
3468.56	95.173
3470.49	95.1067
3472.42	95.1672
3474.35	95.1692
3476.28	95.0623
3478.21	95.0035
3480.14	95.0003
3482.07	94.95
3484	94.9174
3485.93	94.9418
3487.86	94.8985
3489.78	94.7773
3491.71	94.6934
3493.64	94.6402
3495.57	94.5594
3497.5	94.5004
3499.43	94.5561
3501.36	94.7434
3503.29	94.9312
3505.22	94.9427
3507.15	94.8262
3509.08	94.7641
3511	94.7857
3512.93	94.8018
3514.86	94.7853
3516.79	94.7209
3518.72	94.5752
3520.65	94.4558
3522.58	94.5777
3524.51	94.9308
3526.44	95.1885
3528.37	95.1426
3530.3	94.9343
3532.23	94.7296
3534.15	94.5531
3536.08	94.4592
3538.01	94.5008
3539.94	94.5953
3541.87	94.6273
3543.8	94.5144
3545.73	94.258
3547.66	94.1224
3549.59	94.3265
3551.52	94.6585
3553.45	94.8207
3555.37	94.8727
3557.3	95.0051
3559.23	95.1619
3561.16	95.2126
3563.09	95.197
3565.02	95.2102
3566.95	95.236
3568.88	95.2028
3570.81	95.1648
3572.74	95.253
3574.67	95.4783
3576.6	95.6334
3578.52	95.5553
3580.45	95.4333
3582.38	95.5685
3584.31	95.9333
3586.24	96.2434
3588.17	96.3415
3590.1	96.3766
3592.03	96.4254
3593.96	96.4568
3595.89	96.6775
3597.82	97.1976
3599.74	97.5726
3601.67	97.416
3603.6	97.0747
3605.53	97.0011
3607.46	97.1158
3609.39	97.2279
3611.32	97.3642
3613.25	97.4615
3615.18	97.424
3617.11	97.4452
3619.04	97.6971
3620.97	97.9374
3622.89	97.9574
3624.82	98.0158
3626.75	98.3365
3628.68	98.5674
3630.61	98.1443
3632.54	97.6446
3634.47	97.6359
3636.4	97.798
3638.33	97.64
3640.26	97.3843
3642.19	97.5875
3644.11	98.2775
3646.04	99.0571
3647.97	99.5201
3649.9	99.207
3651.83	98.5338
3653.76	98.1764
3655.69	98.0139
3657.62	97.8574
3659.55	97.8133
3661.48	97.859
3663.41	97.7731
3665.33	97.6104
3667.26	97.6633
3669.19	97.9925
3671.12	98.3286
3673.05	98.49
3674.98	98.4469
3676.91	98.1803
3678.84	98.0169
3680.77	98.0733
3682.7	98.0882
3684.63	97.9669
3686.56	97.9788
3688.48	98.3328
3690.41	98.6486
3692.34	98.5719
3694.27	98.5007
3696.2	98.6358
3698.13	98.6835
3700.06	98.454
3701.99	98.2151
3703.92	98.1689
3705.85	98.1428
3707.78	98.1515
3709.7	98.378
3711.63	98.5406
3713.56	98.3178
3715.49	98.1943
3717.42	98.4086
3719.35	98.5532
3721.28	98.3477
3723.21	98.1987
3725.14	98.4498
3727.07	98.8162
3729	99.0154
3730.93	99.1372
3732.85	99.2804
3734.78	99.3225
3736.71	99.0978
3738.64	98.8069
3740.57	98.6852
3742.5	98.7145
3744.43	98.8294
3746.36	99.0309
3748.29	99.2648
3750.22	99.2877
3752.15	98.8448
3754.07	98.2803
3756	97.9337
3757.93	97.7782
3759.86	97.7782
3761.79	97.8695
3763.72	97.9658
3765.65	98.0319
3767.58	98.0606
3769.51	97.9828
3771.44	97.7212
3773.37	97.4815
3775.29	97.555
3777.22	97.8566
3779.15	97.9945
3781.08	97.8639
3783.01	97.7598
3784.94	97.7365
3786.87	97.6161
3788.8	97.4033
3790.73	97.2945
3792.66	97.4061
3794.59	97.6771
3796.52	97.9552
3798.44	98.176
3800.37	98.3241
3802.3	98.2896
3804.23	98.1025
3806.16	97.8857
3808.09	97.6218
3810.02	97.3984
3811.95	97.3779
3813.88	97.5827
3815.81	97.8918
3817.74	98.0388
3819.66	97.9738
3821.59	97.9556
3823.52	98.1032
3825.45	98.174
3827.38	98.0792
3829.31	98.0192
3831.24	98.1135
3833.17	98.2401
3835.1	98.3007
3837.03	98.2861
3838.96	98.1682
3840.89	97.9599
3842.81	97.7012
3844.74	97.4851
3846.67	97.5264
3848.6	97.8663
3850.53	98.2908
3852.46	98.5416
3854.39	98.4235
3856.32	98.1413
3858.25	97.9842
3860.18	97.9612
3862.11	97.9256
3864.03	97.772
3865.96	97.6893
3867.89	97.8263
3869.82	97.9705
3871.75	97.9029
3873.68	97.8019
3875.61	97.8452
3877.54	97.8825
3879.47	97.7674
3881.4	97.6335
3883.33	97.6345
3885.25	97.6655
3887.18	97.685
3889.11	97.8126
3891.04	97.9625
3892.97	97.9044
3894.9	97.7415
3896.83	97.761
3898.76	97.987
3900.69	98.185
3902.62	98.1295
3904.55	97.8885
3906.48	97.6781
3908.4	97.5807
3910.33	97.5268
3912.26	97.4845
3914.19	97.5231
3916.12	97.6565
3918.05	97.7093
3919.98	97.5555
3921.91	97.4018
3923.84	97.4668
3925.77	97.6408
3927.7	97.6907
3929.62	97.6404
3931.55	97.6137
3933.48	97.6084
3935.41	97.6197
3937.34	97.6909
3939.27	97.7634
3941.2	97.7156
3943.13	97.537
3945.06	97.3692
3946.99	97.3642
3948.92	97.5118
3950.85	97.6027
3952.77	97.5152
3954.7	97.3941
3956.63	97.3371
3958.56	97.2687
3960.49	97.2075
3962.42	97.2586
3964.35	97.3626
3966.28	97.4163
3968.21	97.4343
3970.14	97.414
3972.07	97.3633
3973.99	97.3721
3975.92	97.3991
3977.85	97.3138
3979.78	97.2005
3981.71	97.1987
3983.64	97.2527
3985.57	97.3091
3987.5	97.393
3989.43	97.4192
3991.36	97.3269
3993.29	97.2589
3995.22	97.3355
3997.14	97.4916
