499.643	86.8138
501.572	87.3397
503.501	87.829
505.43	87.7258
507.36	86.9334
509.289	86.694
511.218	88.0349
513.147	89.8476
515.076	90.5722
517.005	90.0763
518.934	88.9807
520.863	87.7848
522.792	87.0826
524.722	87.381
526.651	88.2544
528.58	88.5526
530.509	88.0506
532.438	87.6484
534.367	88.0194
536.296	88.8142
538.225	89.3251
540.155	89.4956
542.084	89.7413
544.013	90.0915
545.942	90.234
547.871	90.2086
549.8	90.2293
551.729	90.1406
553.658	89.899
555.588	89.904
557.517	90.2105
559.446	90.387
561.375	90.4005
563.304	90.4835
565.233	90.4427
567.162	90.1834
569.091	90.0746
571.021	90.1333
572.95	90.011
574.879	89.8615
576.808	90.045
578.737	90.3445
580.666	90.3382
582.595	89.964
584.524	89.355
586.454	88.6551
588.383	88.0145
590.312	87.5333
592.241	87.2798
594.17	87.2377
596.099	87.224
598.028	87.1184
599.957	87.0239
601.887	87.093
603.816	87.4253
605.745	88.0194
607.674	88.6186
609.603	88.9845
611.532	89.327
613.461	89.8812
615.39	90.3515
617.32	90.3846
619.249	90.2051
621.178	90.1814
623.107	90.2465
625.036	90.203
626.965	90.1312
628.894	90.1425
630.823	90.0632
632.753	89.7462
634.682	89.3642
636.611	89.0153
638.54	88.4494
640.469	87.5079
642.398	86.365
644.327	85.1933
646.256	84.0122
648.186	82.9703
650.115	82.3798
652.044	82.2886
653.973	82.5125
655.902	82.9478
657.831	83.5652
659.76	84.4332
661.689	85.4833
663.619	86.4692
665.548	87.7457
667.477	90.0342
669.406	91.9735
671.335	92.1347
673.264	92.1692
675.193	92.7195
677.122	93.3045
679.052	93.647
680.981	93.8918
682.91	94.0064
684.839	94.0186
686.768	94.0631
688.697	94.1079
690.626	94.1423
692.555	94.2308
694.485	94.3104
696.414	94.2985
698.343	94.1962
700.272	94.0138
702.201	93.8583
704.13	93.8875
706.059	94.0378
707.988	94.1085
709.917	94.0731
711.847	93.9878
713.776	93.8398
715.705	93.7393
717.634	93.8633
719.563	94.0725
721.492	94.0446
723.421	93.8439
725.35	93.7585
727.28	93.7498
729.209	93.5933
731.138	93.2801
733.067	92.9269
734.996	92.574
736.925	92.2268
738.854	91.8788
740.783	91.5041
742.713	91.1022
744.642	90.7182
746.571	90.4601
748.5	90.4472
750.429	90.6648
752.358	91.0002
754.287	91.4012
756.216	91.8211
758.146	92.1507
760.075	92.3777
762.004	92.6092
763.933	92.8732
765.862	93.0911
767.791	93.2082
769.72	93.2399
771.649	93.2522
773.579	93.2965
775.508	93.3342
777.437	93.3024
779.366	93.2256
781.295	93.1564
783.224	93.0814
785.153	92.969
787.082	92.8117
789.012	92.5694
790.941	92.1802
792.87	91.6588
794.799	91.0684
796.728	90.378
798.657	89.4569
800.586	88.2111
802.515	86.5922
804.445	84.4577
806.374	81.61
808.303	78.1462
810.232	74.7515
812.161	72.4771
814.09	72.085
816.019	73.5658
817.948	76.2138
819.878	79.1304
821.807	81.7309
823.736	83.8272
825.665	85.3919
827.594	86.4641
829.523	87.19
831.452	87.7001
833.381	87.989
835.311	88.0377
837.24	87.8998
839.169	87.5825
841.098	87.0361
843.027	86.3364
844.956	85.7235
846.885	85.4005
848.814	85.3654
850.744	85.4693
852.673	85.6308
854.602	85.9066
856.531	86.3029
858.46	86.682
860.389	86.9465
862.318	87.1284
864.247	87.2408
866.177	87.2283
868.106	87.0631
870.035	86.7535
871.964	86.3171
873.893	85.7981
875.822	85.2263
877.751	84.6057
879.68	84.0151
881.609	83.6079
883.539	83.4661
885.468	83.5439
887.397	83.7193
889.326	83.8537
891.255	83.8909
893.184	83.918
895.113	84.0488
897.042	84.3102
898.972	84.717
900.901	85.3437
902.83	86.2305
904.759	87.2726
906.688	88.2408
908.617	88.9323
910.546	89.3211
912.475	89.4908
914.405	89.4435
916.334	89.1172
918.263	88.5108
920.192	87.6135
922.121	86.3319
924.05	84.6178
925.979	82.498
927.908	79.9322
929.838	76.8595
931.767	73.4222
933.696	69.9886
935.625	66.9667
937.554	64.6787
939.483	63.3191
941.412	62.8971
943.341	63.2267
945.271	64.0573
947.2	65.2295
949.129	66.6645
951.058	68.2696
952.987	69.9505
954.916	71.6371
956.845	73.2255
958.774	74.6311
960.704	75.9462
962.633	77.3841
964.562	79.0568
966.491	80.92
968.42	82.8393
970.349	84.5986
972.278	85.9964
974.207	87.0054
976.137	87.7086
978.066	88.124
979.995	88.2298
981.924	88.0477
983.853	87.6045
985.782	86.9563
987.711	86.2828
989.64	85.7919
991.57	85.5086
993.499	85.2492
995.428	84.7554
997.357	83.7949
999.286	82.2882
1001.22	80.4912
1003.14	78.9218
1005.07	77.9406
1007	77.5252
1008.93	77.5363
1010.86	77.9554
1012.79	78.7164
1014.72	79.5334
1016.65	80.0406
1018.58	79.9939
1020.51	79.3207
1022.44	78.0802
1024.36	76.45
1026.29	74.7776
1028.22	73.4837
1030.15	72.7017
1032.08	72.1401
1034.01	71.4829
1035.94	70.7249
1037.87	70.0139
1039.8	69.452
1041.73	69.1341
1043.66	69.1427
1045.58	69.4706
1047.51	70.0548
1049.44	70.806
1051.37	71.556
1053.3	72.1141
1055.23	72.4403
1057.16	72.691
1059.09	73.0481
1061.02	73.5227
1062.95	73.9244
1064.88	74.0185
1066.81	73.7681
1068.73	73.4562
1070.66	73.4874
1072.59	74.0279
1074.52	74.9296
1076.45	75.9716
1078.38	77.0125
1080.31	77.9476
1082.24	78.6923
1084.17	79.1913
1086.1	79.3974
1088.03	79.3075
1089.95	78.9667
1091.88	78.3674
1093.81	77.4602
1095.74	76.2964
1097.67	75.011
1099.6	73.6837
1101.53	72.3185
1103.46	70.8981
1105.39	69.3981
1107.32	67.8128
1109.25	66.1736
1111.18	64.512
1113.1	62.8436
1115.03	61.1872
1116.96	59.5592
1118.89	57.9684
1120.82	56.4254
1122.75	54.9292
1124.68	53.4559
1126.61	51.9624
1128.54	50.3668
1130.47	48.5485
1132.4	46.4154
1134.32	43.9796
1136.25	41.3782
1138.18	38.8318
1140.11	36.5724
1142.04	34.7924
1143.97	33.6133
1145.9	33.0675
1147.83	33.134
1149.76	33.7719
1151.69	34.8935
1153.62	36.3687
1155.55	38.0902
1157.47	39.9886
1159.4	41.9861
1161.33	43.9797
1163.26	45.8782
1165.19	47.6385
1167.12	49.2418
1169.05	50.6691
1170.98	51.953
1172.91	53.191
1174.84	54.4631
1176.77	55.8172
1178.69	57.3107
1180.62	58.9694
1182.55	60.7716
1184.48	62.7194
1186.41	64.8359
1188.34	67.1199
1190.27	69.5666
1192.2	72.1769
1194.13	74.9534
1196.06	77.9022
1197.99	80.9752
1199.91	84.058
1201.84	87.0035
1203.77	89.5651
1205.7	91.5283
1207.63	92.982
1209.56	94.1681
1211.49	95.4565
1213.42	97.4735
1215.35	100.002
1217.28	101.09
1219.21	99.6145
1221.14	97.5957
1223.06	97.171
1224.99	97.9973
1226.92	98.6617
1228.85	98.5673
1230.78	97.6415
1232.71	95.8311
1234.64	93.4373
1236.57	90.9224
1238.5	88.5682
1240.43	86.5831
1242.36	85.0876
1244.28	84.0378
1246.21	83.3719
1248.14	83.0672
1250.07	83.0442
1252	83.1792
1253.93	83.3664
1255.86	83.5142
1257.79	83.5424
1259.72	83.4126
1261.65	83.1537
1263.58	82.8267
1265.51	82.4648
1267.43	82.0906
1269.36	81.7335
1271.29	81.3812
1273.22	80.9982
1275.15	80.5907
1277.08	80.1506
1279.01	79.5564
1280.94	78.5882
1282.87	77.0182
1284.8	74.6351
1286.73	71.2681
1288.65	67.0922
1290.58	62.9733
1292.51	60.1339
1294.44	59.392
1296.37	60.7995
1298.3	63.7396
1300.23	67.2557
1302.16	70.4923
1304.09	72.9504
1306.02	74.3783
1307.95	74.6793
1309.87	74.0491
1311.8	73.0054
1313.73	72.1526
1315.66	71.7622
1317.59	71.6693
1319.52	71.8026
1321.45	72.4558
1323.38	73.8335
1325.31	75.7987
1327.24	78.0742
1329.17	80.4594
1331.1	82.8896
1333.02	85.2208
1334.95	87.2116
1336.88	88.8447
1338.81	90.2664
1340.74	91.509
1342.67	92.6814
1344.6	94.0696
1346.53	95.7669
1348.46	97.5416
1350.39	99.0981
1352.32	100.264
1354.24	100.941
1356.17	101.164
1358.1	101.163
1360.03	101.215
1361.96	101.393
1363.89	101.238
1365.82	100.243
1367.75	98.8674
1369.68	98.1611
1371.61	98.2853
1373.54	98.1115
1375.47	96.9479
1377.39	95.5922
1379.32	94.6736
1381.25	94.0182
1383.18	93.506
1385.11	93.0656
1387.04	92.4348
1388.97	91.6373
1390.9	90.9716
1392.83	90.3968
1394.76	89.7493
1396.69	88.9632
1398.61	87.9847
1400.54	87.0193
1402.47	86.4622
1404.4	86.4498
1406.33	86.862
1408.26	87.4868
1410.19	88.2318
1412.12	89.0618
1414.05	89.8629
1415.98	90.6152
1417.91	91.2843
1419.83	91.649
1421.76	91.7187
1423.69	91.6207
1425.62	91.3621
1427.55	90.952
1429.48	90.2491
1431.41	89.2601
1433.34	88.3246
1435.27	87.3755
1437.2	86.1349
1439.13	85.0487
1441.06	84.3947
1442.98	83.853
1444.91	83.2154
1446.84	82.3633
1448.77	81.1666
1450.7	80.0638
1452.63	79.7535
1454.56	80.3367
1456.49	81.6856
1458.42	83.1031
1460.35	83.9985
1462.28	84.9006
1464.2	86.0634
1466.13	87.15
1468.06	87.9826
1469.99	88.9186
1471.92	90.0021
1473.85	90.6473
1475.78	90.7933
1477.71	90.991
1479.64	91.3277
1481.57	91.7133
1483.5	92.1471
1485.43	92.6901
1487.35	93.3931
1489.28	94.0922
1491.21	94.483
1493.14	94.7751
1495.07	95.2648
1497	95.8499
1498.93	96.1879
1500.86	96.333
1502.79	96.572
1504.72	97.0372
1506.65	97.5485
1508.57	97.455
1510.5	97.1163
1512.43	97.0517
1514.36	97.2338
1516.29	97.4961
1518.22	97.7265
1520.15	97.8426
1522.08	97.7686
1524.01	97.6437
1525.94	97.5508
1527.87	97.4501
1529.8	97.423
1531.72	97.4999
1533.65	97.528
1535.58	97.5195
1537.51	97.7346
1539.44	98.1811
1541.37	98.2507
1543.3	97.778
1545.23	97.3768
1547.16	97.1903
1549.09	97.1668
1551.02	97.2088
1552.94	97.2849
1554.87	97.5139
1556.8	97.9214
1558.73	98.0257
1560.66	97.488
1562.59	97.0664
1564.52	96.9226
1566.45	96.9589
1568.38	97.0274
1570.31	96.9093
1572.24	96.7533
1574.16	96.7917
1576.09	96.8392
1578.02	96.5959
1579.95	96.3081
1581.88	96.1821
1583.81	96.147
1585.74	96.1012
1587.67	96.0047
1589.6	95.8975
1591.53	95.8576
1593.46	95.8652
1595.39	95.8167
1597.31	95.6934
1599.24	95.5679
1601.17	95.4636
1603.1	95.3264
1605.03	95.153
1606.96	95.0021
1608.89	94.7987
1610.82	94.4796
1612.75	94.2611
1614.68	94.1856
1616.61	93.8139
1618.53	93.0867
1620.46	92.4802
1622.39	91.8226
1624.32	90.8834
1626.25	89.873
1628.18	88.6722
1630.11	87.2482
1632.04	86.0689
1633.97	85.0713
1635.9	83.7219
1637.83	82.915
1639.76	83.9785
1641.68	86.3898
1643.61	89.0856
1645.54	91.5525
1647.47	93.4047
1649.4	94.2665
1651.33	94.689
1653.26	95.0488
1655.19	94.9752
1657.12	94.7753
1659.05	94.8115
1660.98	94.9384
1662.9	94.8121
1664.83	94.5188
1666.76	94.4233
1668.69	94.4978
1670.62	94.3505
1672.55	93.9944
1674.48	93.6095
1676.41	92.9649
1678.34	92.2727
1680.27	91.943
1682.2	91.7121
1684.12	91.0538
1686.05	90.144
1687.98	89.2083
1689.91	88.1156
1691.84	86.9282
1693.77	85.4989
1695.7	83.6697
1697.63	81.5306
1699.56	78.5038
1701.49	74.6051
1703.42	71.1855
1705.35	68.004
1707.27	64.3422
1709.2	61.0132
1711.13	58.5375
1713.06	56.4446
1714.99	54.9631
1716.92	54.4649
1718.85	54.4022
1720.78	55.2911
1722.71	57.7605
1724.64	61.4426
1726.57	66.0348
1728.49	71.2821
1730.42	76.724
1732.35	82.8073
1734.28	90.1771
1736.21	96.5532
1738.14	100.577
1740.07	103.585
1742	106.191
1743.93	107.947
1745.86	109.178
1747.79	110.316
1749.72	111.047
1751.64	111.308
1753.57	111.264
1755.5	110.77
1757.43	110.1
1759.36	109.557
1761.29	108.746
1763.22	107.526
1765.15	106.356
1767.08	105.39
1769.01	104.63
1770.94	104.067
1772.86	103.308
1774.79	102.298
1776.72	101.526
1778.65	101.06
1780.58	100.705
1782.51	100.415
1784.44	100.185
1786.37	99.9911
1788.3	99.8811
1790.23	99.8494
1792.16	99.7251
1794.08	99.3936
1796.01	99.0776
1797.94	98.9475
1799.87	98.8908
1801.8	98.7064
1803.73	98.4591
1805.66	98.3218
1807.59	98.2979
1809.52	98.3079
1811.45	98.2754
1813.38	98.1817
1815.31	98.1039
1817.23	98.083
1819.16	98.0715
1821.09	98.0538
1823.02	98.0354
1824.95	98.0096
1826.88	98.0426
1828.81	98.1439
1830.74	98.1659
1832.67	98.0856
1834.6	98.0302
1836.53	97.9912
1838.45	97.9245
1840.38	97.9181
1842.31	98.0314
1844.24	98.1483
1846.17	98.1152
1848.1	98.0158
1850.03	97.9856
1851.96	98.0315
1853.89	98.1061
1855.82	98.1585
1857.75	98.117
1859.68	97.9951
1861.6	97.9676
1863.53	98.1639
1865.46	98.4843
1867.39	98.6752
1869.32	98.5411
1871.25	98.2627
1873.18	98.11
1875.11	98.0622
1877.04	98.0743
1878.97	98.2089
1880.9	98.396
1882.82	98.4626
1884.75	98.4292
1886.68	98.4015
1888.61	98.3371
1890.54	98.2567
1892.47	98.325
1894.4	98.5024
1896.33	98.573
1898.26	98.5438
1900.19	98.6121
1902.12	98.7464
1904.05	98.76
1905.97	98.7183
1907.9	98.836
1909.83	99.078
1911.76	99.2197
1913.69	99.1784
1915.62	99.0104
1917.55	98.8336
1919.48	98.8064
1921.41	98.8961
1923.34	98.9186
1925.27	98.8784
1927.19	98.9359
1929.12	99.0791
1931.05	99.1709
1932.98	99.1743
1934.91	99.1037
1936.84	98.9828
1938.77	98.9407
1940.7	99.0485
1942.63	99.179
1944.56	99.2442
1946.49	99.2705
1948.41	99.2255
1950.34	99.2022
1952.27	99.3794
1954.2	99.5719
1956.13	99.505
1958.06	99.3793
1959.99	99.4527
1961.92	99.6263
1963.85	99.7936
1965.78	99.8461
1967.71	99.576
1969.64	99.2021
1971.56	99.2145
1973.49	99.5973
1975.42	99.9883
1977.35	100.196
1979.28	100.143
1981.21	99.8391
1983.14	99.5232
1985.07	99.4393
1987	99.6195
1988.93	99.8687
1990.86	99.8907
1992.78	99.7149
1994.71	99.7353
1996.64	99.9638
1998.57	100.007
2000.5	99.8592
2002.43	99.8577
2004.36	99.9928
2006.29	100.057
2008.22	100.1
2010.15	100.192
2012.08	100.232
2014.01	100.196
2015.93	100.163
2017.86	100.143
2019.79	100.106
2021.72	100.048
2023.65	99.968
2025.58	99.9016
2027.51	99.9588
2029.44	100.165
2031.37	100.318
2033.3	100.241
2035.23	100.096
2037.15	100.059
2039.08	99.9889
2041.01	99.8254
2042.94	99.8049
2044.87	99.9575
2046.8	100.04
2048.73	100.008
2050.66	99.941
2052.59	99.7913
2054.52	99.6368
2056.45	99.6579
2058.37	99.7438
2060.3	99.6882
2062.23	99.5954
2064.16	99.5884
2066.09	99.5496
2068.02	99.4849
2069.95	99.5783
2071.88	99.7576
2073.81	99.7638
2075.74	99.5983
2077.67	99.4717
2079.6	99.4594
2081.52	99.4821
2083.45	99.4741
2085.38	99.4434
2087.31	99.4068
2089.24	99.324
2091.17	99.1837
2093.1	99.1166
2095.03	99.2621
2096.96	99.5479
2098.89	99.7437
2100.82	99.7305
2102.74	99.5878
2104.67	99.3998
2106.6	99.1786
2108.53	99.0482
2110.46	99.1656
2112.39	99.3975
2114.32	99.5156
2116.25	99.5792
2118.18	99.6717
2120.11	99.6443
2122.04	99.4621
2123.97	99.3381
2125.89	99.4158
2127.82	99.6448
2129.75	99.8442
2131.68	99.8566
2133.61	99.7769
2135.54	99.7742
2137.47	99.8048
2139.4	99.8902
2141.33	100.151
2143.26	100.35
2145.19	100.249
2147.11	100.185
2149.04	100.423
2150.97	100.594
2152.9	100.468
2154.83	100.381
2156.76	100.538
2158.69	100.691
2160.62	100.623
2162.55	100.416
2164.48	100.218
2166.41	100.054
2168.33	99.882
2170.26	99.7627
2172.19	99.8649
2174.12	100.213
2176.05	100.522
2177.98	100.522
2179.91	100.345
2181.84	100.238
2183.77	100.155
2185.7	100.042
2187.63	100.112
2189.56	100.361
2191.48	100.411
2193.41	100.199
2195.34	100.071
2197.27	100.125
2199.2	100.207
2201.13	100.261
2203.06	100.213
2204.99	100.074
2206.92	100.166
2208.85	100.558
2210.78	100.733
2212.7	100.478
2214.63	100.306
2216.56	100.494
2218.49	100.626
2220.42	100.398
2222.35	100.137
2224.28	100.166
2226.21	100.255
2228.14	100.073
2230.07	99.777
2232	99.6599
2233.93	99.6687
2235.85	99.6897
2237.78	99.7941
2239.71	99.9404
2241.64	99.9351
2243.57	99.7696
2245.5	99.6834
2247.43	99.8662
2249.36	100.163
2251.29	100.224
2253.22	100.062
2255.15	100.053
2257.07	100.287
2259	100.477
2260.93	100.453
2262.86	100.276
2264.79	100.086
2266.72	100.06
2268.65	100.23
2270.58	100.397
2272.51	100.397
2274.44	100.234
2276.37	99.9607
2278.29	99.6644
2280.22	99.4865
2282.15	99.5268
2284.08	99.7372
2286.01	99.9264
2287.94	99.962
2289.87	99.933
2291.8	99.9764
2293.73	100.118
2295.66	100.393
2297.59	100.809
2299.52	101.189
2301.44	101.395
2303.37	101.592
2305.3	101.977
2307.23	102.513
2309.16	103.069
2311.09	103.559
2313.02	103.96
2314.95	104.381
2316.88	104.982
2318.81	105.731
2320.74	106.445
2322.66	107.058
2324.59	107.663
2326.52	108.308
2328.45	108.922
2330.38	109.379
2332.31	109.629
2334.24	109.853
2336.17	110.222
2338.1	110.587
2340.03	110.804
2341.96	110.977
2343.89	110.589
2345.81	109.026
2347.74	107.425
2349.67	107.067
2351.6	108.23
2353.53	110.485
2355.46	112.722
2357.39	114.232
2359.32	114.906
2361.25	114.69
2363.18	114.079
2365.11	113.238
2367.03	111.836
2368.96	110.069
2370.89	108.261
2372.82	106.413
2374.75	104.626
2376.68	103.14
2378.61	101.982
2380.54	100.99
2382.47	100.068
2384.4	99.2641
2386.33	98.6936
2388.26	98.4003
2390.18	98.2531
2392.11	98.0978
2394.04	97.9651
2395.97	97.9347
2397.9	97.9495
2399.83	97.9445
2401.76	97.9427
2403.69	97.9717
2405.62	98.0504
2407.55	98.1345
2409.48	98.0712
2411.4	97.852
2413.33	97.7292
2415.26	97.839
2417.19	97.9969
2419.12	98.0166
2421.05	97.942
2422.98	97.8991
2424.91	97.9361
2426.84	98.0172
2428.77	98.0608
2430.7	98.0104
2432.62	97.9244
2434.55	97.9158
2436.48	97.9658
2438.41	97.966
2440.34	97.9358
2442.27	97.9475
2444.2	97.9428
2446.13	97.8937
2448.06	97.8986
2449.99	97.9428
2451.92	97.9169
2453.85	97.8693
2455.77	97.8903
2457.7	97.9214
2459.63	97.9233
2461.56	97.9675
2463.49	98.0586
2465.42	98.1066
2467.35	98.058
2469.28	97.9355
2471.21	97.8385
2473.14	97.89
2475.07	98.0652
2476.99	98.1862
2478.92	98.1798
2480.85	98.1586
2482.78	98.2035
2484.71	98.2651
2486.64	98.2591
2488.57	98.1449
2490.5	98.0121
2492.43	98.0417
2494.36	98.2157
2496.29	98.3027
2498.22	98.2629
2500.14	98.2585
2502.07	98.2677
2504	98.189
2505.93	98.1383
2507.86	98.2079
2509.79	98.2598
2511.72	98.2134
2513.65	98.1639
2515.58	98.1696
2517.51	98.2326
2519.44	98.3695
2521.36	98.5022
2523.29	98.4791
2525.22	98.3156
2527.15	98.2126
2529.08	98.2703
2531.01	98.3862
2532.94	98.4769
2534.87	98.5516
2536.8	98.5402
2538.73	98.3668
2540.66	98.1621
2542.58	98.0803
2544.51	98.0769
2546.44	98.1054
2548.37	98.1992
2550.3	98.27
2552.23	98.2263
2554.16	98.1734
2556.09	98.1673
2558.02	98.1144
2559.95	98.0896
2561.88	98.2605
2563.81	98.4906
2565.73	98.5208
2567.66	98.4118
2569.59	98.3789
2571.52	98.4032
2573.45	98.3406
2575.38	98.22
2577.31	98.1936
2579.24	98.3061
2581.17	98.4613
2583.1	98.5676
2585.03	98.6194
2586.95	98.642
2588.88	98.6235
2590.81	98.5373
2592.74	98.4027
2594.67	98.283
2596.6	98.2215
2598.53	98.1812
2600.46	98.0646
2602.39	97.8586
2604.32	97.7217
2606.25	97.7836
2608.18	97.9396
2610.1	98.0152
2612.03	97.9914
2613.96	97.9411
2615.89	97.9126
2617.82	97.8962
2619.75	97.8029
2621.68	97.6141
2623.61	97.5185
2625.54	97.6379
2627.47	97.7887
2629.4	97.7713
2631.32	97.6413
2633.25	97.5516
2635.18	97.5701
2637.11	97.6507
2639.04	97.6661
2640.97	97.5683
2642.9	97.4528
2644.83	97.382
2646.76	97.3516
2648.69	97.4047
2650.62	97.522
2652.54	97.5501
2654.47	97.4361
2656.4	97.3159
2658.33	97.284
2660.26	97.2814
2662.19	97.2215
2664.12	97.1208
2666.05	97.0822
2667.98	97.1241
2669.91	97.1359
2671.84	97.1016
2673.77	97.1265
2675.69	97.1841
2677.62	97.1747
2679.55	97.1621
2681.48	97.2159
2683.41	97.2422
2685.34	97.1906
2687.27	97.128
2689.2	97.0735
2691.13	97.0219
2693.06	97.0061
2694.99	96.9956
2696.91	96.9271
2698.84	96.844
2700.77	96.8375
2702.7	96.8959
2704.63	96.9182
2706.56	96.8676
2708.49	96.8331
2710.42	96.8711
2712.35	96.8933
2714.28	96.8398
2716.21	96.7991
2718.14	96.826
2720.06	96.8413
2721.99	96.7956
2723.92	96.7429
2725.85	96.7141
2727.78	96.6715
2729.71	96.6169
2731.64	96.6116
2733.57	96.6454
2735.5	96.6261
2737.43	96.5457
2739.36	96.4933
2741.28	96.4918
2743.21	96.4943
2745.14	96.5065
2747.07	96.5698
2749	96.6664
2750.93	96.7225
2752.86	96.704
2754.79	96.6831
2756.72	96.7348
2758.65	96.789
2760.58	96.7484
2762.51	96.6837
2764.43	96.6929
2766.36	96.7053
2768.29	96.6416
2770.22	96.5724
2772.15	96.5452
2774.08	96.5002
2776.01	96.4546
2777.94	96.4937
2779.87	96.5684
2781.8	96.5717
2783.73	96.5379
2785.65	96.5348
2787.58	96.5164
2789.51	96.4484
2791.44	96.4019
2793.37	96.426
2795.3	96.4658
2797.23	96.4576
2799.16	96.4254
2801.09	96.4215
2803.02	96.4107
2804.95	96.3347
2806.87	96.2571
2808.8	96.2562
2810.73	96.2536
2812.66	96.1565
2814.59	96.0348
2816.52	95.9713
2818.45	95.9105
2820.38	95.8122
2822.31	95.7656
2824.24	95.8061
2826.17	95.809
2828.1	95.6996
2830.02	95.5761
2831.95	95.5146
2833.88	95.4577
2835.81	95.3405
2837.74	95.1488
2839.67	94.9012
2841.6	94.6745
2843.53	94.5145
2845.46	94.3504
2847.39	94.1558
2849.32	94.0067
2851.24	93.8465
2853.17	93.5023
2855.1	92.9879
2857.03	92.4578
2858.96	91.9546
2860.89	91.4729
2862.82	91.0874
2864.75	90.8148
2866.68	90.5628
2868.61	90.3036
2870.54	90.0898
2872.47	89.946
2874.39	89.9207
2876.32	90.0971
2878.25	90.4376
2880.18	90.7767
2882.11	90.99
2884.04	91.0822
2885.97	91.162
2887.9	91.3086
2889.83	91.4387
2891.76	91.4512
2893.69	91.4307
2895.61	91.4911
2897.54	91.5808
2899.47	91.6186
2901.4	91.6271
2903.33	91.67
2905.26	91.7646
2907.19	91.8194
2909.12	91.7107
2911.05	91.4918
2912.98	91.3317
2914.91	91.245
2916.83	91.1119
2918.76	90.8761
2920.69	90.5244
2922.62	89.9995
2924.55	89.2823
2926.48	88.5241
2928.41	87.9942
2930.34	87.8123
2932.27	87.871
2934.2	88.1096
2936.13	88.5241
2938.06	88.9153
2939.98	89.1393
2941.91	89.3857
2943.84	89.6799
2945.77	89.6469
2947.7	89.1969
2949.63	88.6998
2951.56	88.2694
2953.49	87.7016
2955.42	87.0511
2957.35	86.5619
2959.28	86.3367
2961.2	86.509
2963.13	87.2587
2965.06	88.535
2966.99	90.1537
2968.92	91.8247
2970.85	92.8893
2972.78	92.9221
2974.71	92.5179
2976.64	92.4388
2978.57	92.6359
2980.5	92.862
2982.43	93.2402
2984.35	93.7202
2986.28	94.044
2988.21	94.3279
2990.14	94.761
2992.07	95.1568
2994	95.4158
2995.93	95.7381
2997.86	96.1636
2999.79	96.5619
3001.72	96.9532
3003.65	97.3905
3005.57	97.7527
3007.5	97.857
3009.43	97.7183
3011.36	97.6735
3013.29	98.0309
3015.22	98.5589
3017.15	98.7511
3019.08	98.5927
3021.01	98.4957
3022.94	98.6143
3024.87	98.8103
3026.79	99.0224
3028.72	99.2161
3030.65	99.2449
3032.58	99.064
3034.51	98.8431
3036.44	98.7125
3038.37	98.6358
3040.3	98.5658
3042.23	98.4572
3044.16	98.1985
3046.09	97.8313
3048.02	97.6662
3049.94	97.8649
3051.87	98.1382
3053.8	98.1369
3055.73	97.9016
3057.66	97.7207
3059.59	97.6911
3061.52	97.6185
3063.45	97.4157
3065.38	97.3582
3067.31	97.6544
3069.24	98.0377
3071.16	98.177
3073.09	98.1369
3075.02	98.09
3076.95	98.0003
3078.88	97.8479
3080.81	97.7436
3082.74	97.7192
3084.67	97.7458
3086.6	97.8472
3088.53	97.9082
3090.46	97.6879
3092.39	97.2794
3094.31	97.0924
3096.24	97.2029
3098.17	97.2723
3100.1	97.1703
3102.03	97.0796
3103.96	97.0636
3105.89	97.0033
3107.82	96.8412
3109.75	96.7015
3111.68	96.8169
3113.61	97.1675
3115.53	97.3541
3117.46	97.2134
3119.39	97.0952
3121.32	97.1579
3123.25	97.1507
3125.18	97.0354
3127.11	96.9789
3129.04	96.912
3130.97	96.807
3132.9	96.8619
3134.83	97.0249
3136.75	97.0542
3138.68	97.0671
3140.61	97.2586
3142.54	97.3809
3144.47	97.1968
3146.4	96.9961
3148.33	97.0502
3150.26	97.1117
3152.19	96.9668
3154.12	96.8912
3156.05	97.0816
3157.98	97.2401
3159.9	97.1622
3161.83	97.0938
3163.76	97.1383
3165.69	97.038
3167.62	96.7899
3169.55	96.7437
3171.48	96.9565
3173.41	97.0869
3175.34	96.9779
3177.27	96.8438
3179.2	96.8567
3181.12	96.895
3183.05	96.7996
3184.98	96.6517
3186.91	96.6242
3188.84	96.7136
3190.77	96.8253
3192.7	96.9641
3194.63	97.1432
3196.56	97.2515
3198.49	97.1567
3200.42	96.8951
3202.35	96.6721
3204.27	96.5945
3206.2	96.5138
3208.13	96.354
3210.06	96.3572
3211.99	96.6339
3213.92	96.849
3215.85	96.7747
3217.78	96.6642
3219.71	96.7253
3221.64	96.7922
3223.57	96.7685
3225.49	96.8178
3227.42	96.9295
3229.35	96.8582
3231.28	96.6359
3233.21	96.5966
3235.14	96.8029
3237.07	96.9453
3239	96.8407
3240.93	96.648
3242.86	96.5687
3244.79	96.5822
3246.72	96.5277
3248.64	96.4038
3250.57	96.408
3252.5	96.5459
3254.43	96.5449
3256.36	96.3699
3258.29	96.3285
3260.22	96.4934
3262.15	96.5863
3264.08	96.4963
3266.01	96.3967
3267.94	96.385
3269.86	96.417
3271.79	96.4925
3273.72	96.5995
3275.65	96.5995
3277.58	96.4184
3279.51	96.2389
3281.44	96.2884
3283.37	96.5202
3285.3	96.6673
3287.23	96.5695
3289.16	96.3125
3291.08	96.0711
3293.01	95.9458
3294.94	95.9426
3296.87	95.9914
3298.8	95.9892
3300.73	95.9298
3302.66	95.9273
3304.59	96.0164
3306.52	96.0808
3308.45	96.0576
3310.38	96.0117
3312.31	95.9527
3314.23	95.8221
3316.16	95.6858
3318.09	95.6821
3320.02	95.7635
3321.95	95.7432
3323.88	95.6263
3325.81	95.6204
3327.74	95.7642
3329.67	95.8347
3331.6	95.7176
3333.53	95.5845
3335.45	95.5752
3337.38	95.5717
3339.31	95.4536
3341.24	95.3587
3343.17	95.4545
3345.1	95.6033
3347.03	95.5594
3348.96	95.3854
3350.89	95.2949
3352.82	95.2762
3354.75	95.2297
3356.68	95.2156
3358.6	95.3291
3360.53	95.5205
3362.46	95.6027
3364.39	95.4174
3366.32	95.0982
3368.25	94.9843
3370.18	95.1409
3372.11	95.2876
3374.04	95.2153
3375.97	94.9869
3377.9	94.8359
3379.82	94.9539
3381.75	95.2242
3383.68	95.3499
3385.61	95.2928
3387.54	95.2245
3389.47	95.1781
3391.4	95.0963
3393.33	94.9852
3395.26	94.8833
3397.19	94.8433
3399.12	94.8673
3401.04	94.8588
3402.97	94.7925
3404.9	94.7586
3406.83	94.7734
3408.76	94.7872
3410.69	94.7982
3412.62	94.8006
3414.55	94.8263
3416.48	94.9819
3418.41	95.2177
3420.34	95.3202
3422.27	95.2595
3424.19	95.1484
3426.12	94.9816
3428.05	94.8356
3429.98	94.8864
3431.91	95.0342
3433.84	95.0836
3435.77	95.1536
3437.7	95.3435
3439.63	95.4219
3441.56	95.2768
3443.49	95.1719
3445.41	95.3135
3447.34	95.5392
3449.27	95.5526
3451.2	95.3597
3453.13	95.2365
3455.06	95.253
3456.99	95.2369
3458.92	95.2375
3460.85	95.4237
3462.78	95.62
3464.71	95.5769
3466.64	95.3737
3468.56	95.2021
3470.49	95.222
3472.42	95.463
3474.35	95.59
3476.28	95.3611
3478.21	95.1407
3480.14	95.1821
3482.07	95.1486
3484	94.8934
3485.93	94.7286
3487.86	94.7424
3489.78	94.7886
3491.71	94.8387
3493.64	94.8484
3495.57	94.744
3497.5	94.6536
3499.43	94.7605
3501.36	95.0126
3503.29	95.1394
3505.22	94.9645
3507.15	94.73
3509.08	94.785
3511	95.0084
3512.93	94.978
3514.86	94.713
3516.79	94.5858
3518.72	94.674
3520.65	94.747
3522.58	94.7479
3524.51	94.8268
3526.44	94.9735
3528.37	94.9806
3530.3	94.7829
3532.23	94.5725
3534.15	94.5245
3536.08	94.5942
3538.01	94.6584
3539.94	94.7425
3541.87	94.8955
3543.8	94.9565
3545.73	94.7532
3547.66	94.4712
3549.59	94.3979
3551.52	94.5208
3553.45	94.6838
3555.37	94.7818
3557.3	94.8251
3559.23	94.9111
3561.16	95.0688
3563.09	95.1833
3565.02	95.1725
3566.95	95.0565
3568.88	94.94
3570.81	95.0178
3572.74	95.3706
3574.67	95.7714
3576.6	95.856
3578.52	95.646
3580.45	95.4664
3582.38	95.497
3584.31	95.753
3586.24	96.1511
3588.17	96.4199
3590.1	96.5009
3592.03	96.6597
3593.96	96.828
3595.89	96.7997
3597.82	96.8228
3599.74	97.1352
3601.67	97.4662
3603.6	97.5753
3605.53	97.5423
3607.46	97.4019
3609.39	97.2311
3611.32	97.2095
3613.25	97.2366
3615.18	97.2177
3617.11	97.4143
3619.04	97.8544
3620.97	97.9981
3622.89	97.7689
3624.82	97.7695
3626.75	98.1943
3628.68	98.4153
3630.61	97.9046
3632.54	97.4704
3634.47	97.5308
3636.4	97.7079
3638.33	97.6587
3640.26	97.4465
3642.19	97.3575
3644.11	97.7193
3646.04	98.606
3647.97	99.4725
3649.9	99.3183
3651.83	98.5992
3653.76	98.2617
3655.69	98.0653
3657.62	97.7059
3659.55	97.4175
3661.48	97.4325
3663.41	97.658
3665.33	97.8776
3667.26	98.0031
3669.19	98.1257
3671.12	98.3728
3673.05	98.7119
3674.98	98.8955
3676.91	98.5932
3678.84	98.0633
3680.77	97.748
3682.7	97.6445
3684.63	97.7005
3686.56	98.0492
3688.48	98.6822
3690.41	98.8997
3692.34	98.4217
3694.27	98.0795
3696.2	98.2188
3698.13	98.4204
3700.06	98.4017
3701.99	98.4661
3703.92	98.6727
3705.85	98.6318
3707.78	98.4851
3709.7	98.6628
3711.63	98.7933
3713.56	98.3275
3715.49	97.9799
3717.42	98.2494
3719.35	98.7214
3721.28	98.86
3723.21	98.7088
3725.14	98.5496
3727.07	98.5096
3729	98.6119
3730.93	98.8016
3732.85	99.1018
3734.78	99.5141
3736.71	99.5459
3738.64	99.0341
3740.57	98.5871
3742.5	98.4901
3744.43	98.5866
3746.36	98.7028
3748.29	98.8782
3750.22	98.9638
3752.15	98.7749
3754.07	98.6077
3756	98.5196
3757.93	98.2494
3759.86	97.939
3761.79	97.9702
3763.72	98.1495
3765.65	98.1242
3767.58	97.9839
3769.51	97.9263
3771.44	97.8444
3773.37	97.7359
3775.29	97.7571
3777.22	97.8344
3779.15	97.7802
3781.08	97.6604
3783.01	97.6704
3784.94	97.7814
3786.87	97.7848
3788.8	97.5848
3790.73	97.4098
3792.66	97.5117
3794.59	97.789
3796.52	97.9704
3798.44	98.0872
3800.37	98.2838
3802.3	98.3918
3804.23	98.2812
3806.16	98.0929
3808.09	97.8584
3810.02	97.6253
3811.95	97.5765
3813.88	97.8168
3815.81	98.2051
3817.74	98.3384
3819.66	98.1575
3821.59	97.9857
3823.52	98.0168
3825.45	98.1228
3827.38	98.1818
3829.31	98.191
3831.24	98.1911
3833.17	98.2054
3835.1	98.2255
3837.03	98.2558
3838.96	98.2454
3840.89	98.0392
3842.81	97.6806
3844.74	97.4544
3846.67	97.5227
3848.6	97.7627
3850.53	98.0335
3852.46	98.2388
3854.39	98.1503
3856.32	97.888
3858.25	97.7821
3860.18	97.7985
3862.11	97.7638
3864.03	97.6589
3865.96	97.7083
3867.89	97.9559
3869.82	98.103
3871.75	97.9857
3873.68	97.9001
3875.61	97.9796
3877.54	97.9804
3879.47	97.8401
3881.4	97.8265
3883.33	97.9713
3885.25	97.9901
3887.18	97.9496
3889.11	98.1295
3891.04	98.3236
3892.97	98.093
3894.9	97.6493
3896.83	97.5514
3898.76	97.8725
3900.69	98.1857
3902.62	98.1064
3904.55	97.829
3906.48	97.65
3908.4	97.5779
3910.33	97.5696
3912.26	97.6342
3914.19	97.7137
3916.12	97.7399
3918.05	97.7264
3919.98	97.6661
3921.91	97.5546
3923.84	97.5095
3925.77	97.5939
3927.7	97.6677
3929.62	97.665
3931.55	97.6562
3933.48	97.6101
3935.41	97.5046
3937.34	97.4874
3939.27	97.6188
3941.2	97.744
3943.13	97.7154
3945.06	97.5696
3946.99	97.4346
3948.92	97.402
3950.85	97.4605
3952.77	97.5004
3954.7	97.4675
3956.63	97.4154
3958.56	97.396
3960.49	97.3852
3962.42	97.3434
3964.35	97.3042
3966.28	97.3367
3968.21	97.4314
3970.14	97.5066
3972.07	97.5252
3973.99	97.5176
3975.92	97.4802
3977.85	97.3715
3979.78	97.2418
3981.71	97.2247
3983.64	97.3236
3985.57	97.376
3987.5	97.3247
3989.43	97.2775
3991.36	97.2668
3993.29	97.2495
3995.22	97.2691
3997.14	97.3507
