499.643	84.6961
501.572	84.391
503.501	85.6363
505.43	87.0292
507.36	87.708
509.289	87.9575
511.218	88.4102
513.147	89.174
515.076	89.7831
517.005	89.7069
518.934	88.986
520.863	88.3793
522.792	88.4301
524.722	88.8078
526.651	88.7629
528.58	88.1941
530.509	87.7254
532.438	87.7688
534.367	88.2085
536.296	88.7193
538.225	89.1822
540.155	89.7186
542.084	90.2486
544.013	90.4268
545.942	90.281
547.871	90.2497
549.8	90.3155
551.729	90.0884
553.658	89.7509
555.588	89.7937
557.517	90.1072
559.446	90.3095
561.375	90.441
563.304	90.5972
565.233	90.5683
567.162	90.2673
569.091	89.9357
571.021	89.8355
572.95	89.9997
574.879	90.2338
576.808	90.387
578.737	90.5488
580.666	90.6741
582.595	90.4201
584.524	89.7389
586.454	89.0034
588.383	88.3946
590.312	87.8402
592.241	87.3987
594.17	87.1646
596.099	87.072
598.028	87.0484
599.957	87.0762
601.887	87.2134
603.816	87.6313
605.745	88.3167
607.674	88.9349
609.603	89.3245
611.532	89.6997
613.461	90.1399
615.39	90.434
617.32	90.475
619.249	90.3932
621.178	90.3348
623.107	90.3525
625.036	90.4239
626.965	90.4676
628.894	90.3934
630.823	90.1636
632.753	89.8208
634.682	89.4417
636.611	89.0439
638.54	88.5551
640.469	87.8255
642.398	86.7674
644.327	85.5506
646.256	84.3949
648.186	83.3315
650.115	82.4975
652.044	82.1803
653.973	82.4208
655.902	82.9595
657.831	83.6156
659.76	84.515
661.689	85.5923
663.619	86.5778
665.548	87.9356
667.477	90.4501
669.406	92.4196
671.335	92.3236
673.264	92.1939
675.193	92.7714
677.122	93.4328
679.052	93.7802
680.981	94.0285
682.91	94.176
684.839	94.1947
686.768	94.2431
688.697	94.3045
690.626	94.2988
692.555	94.2875
694.485	94.2749
696.414	94.2129
698.343	94.1431
700.272	94.0879
702.201	94.0385
704.13	94.0416
706.059	94.0673
707.988	94.0084
709.917	93.9097
711.847	93.8666
713.776	93.8233
715.705	93.7975
717.634	93.9424
719.563	94.1394
721.492	94.0619
723.421	93.7904
725.35	93.6649
727.28	93.6491
729.209	93.4767
731.138	93.1565
733.067	92.853
734.996	92.5637
736.925	92.2271
738.854	91.8548
740.783	91.4294
742.713	90.9133
744.642	90.3942
746.571	90.0658
748.5	90.0488
750.429	90.3017
752.358	90.7088
754.287	91.1833
756.216	91.6444
758.146	91.9832
760.075	92.1779
762.004	92.3627
763.933	92.6452
765.862	92.9479
767.791	93.1359
769.72	93.1962
771.649	93.208
773.579	93.2242
775.508	93.2377
777.437	93.2107
779.366	93.1275
781.295	93.0257
783.224	92.9477
785.153	92.8792
787.082	92.7621
789.012	92.5232
790.941	92.1083
792.87	91.5559
794.799	90.9588
796.728	90.2902
798.657	89.3994
800.586	88.1847
802.515	86.5899
804.445	84.459
806.374	81.6097
808.303	78.1496
810.232	74.7448
812.161	72.471
814.09	72.1344
816.019	73.6758
817.948	76.3214
819.878	79.2084
821.807	81.7944
823.736	83.8628
825.665	85.3842
827.594	86.4332
829.523	87.1392
831.452	87.6052
833.381	87.8634
835.311	87.9205
837.24	87.7775
839.169	87.4052
841.098	86.8058
843.027	86.1072
844.956	85.5213
846.885	85.2103
848.814	85.1882
850.744	85.3281
852.673	85.5198
854.602	85.7749
856.531	86.0873
858.46	86.3563
860.389	86.5649
862.318	86.8012
864.247	87.0148
866.177	87.021
868.106	86.785
870.035	86.4429
871.964	86.058
873.893	85.5777
875.822	84.9805
877.751	84.3214
879.68	83.7114
881.609	83.3087
883.539	83.211
885.468	83.3402
887.397	83.5203
889.326	83.6386
891.255	83.6817
893.184	83.7035
895.113	83.798
897.042	84.042
898.972	84.4696
900.901	85.1177
902.83	86.0027
904.759	87.0203
906.688	87.9608
908.617	88.6645
910.546	89.1107
912.475	89.33
914.405	89.2931
916.334	88.9502
918.263	88.3169
920.192	87.413
922.121	86.162
924.05	84.4622
925.979	82.2996
927.908	79.7017
929.838	76.6731
931.767	73.3036
933.696	69.892
935.625	66.8748
937.554	64.6303
939.483	63.3384
941.412	62.9517
943.341	63.2585
945.271	64.0308
947.2	65.1468
949.129	66.5506
951.058	68.1478
952.987	69.8179
954.916	71.4617
956.845	72.9921
958.774	74.3789
960.704	75.7219
962.633	77.1881
964.562	78.8746
966.491	80.7453
968.42	82.6389
970.349	84.3444
972.278	85.7266
974.207	86.7652
976.137	87.4837
978.066	87.9012
979.995	88.0297
981.924	87.8623
983.853	87.4049
985.782	86.7593
987.711	86.1304
989.64	85.6918
991.57	85.4352
993.499	85.1734
995.428	84.663
997.357	83.6938
999.286	82.1939
1001.22	80.4118
1003.14	78.8558
1005.07	77.8763
1007	77.4524
1008.93	77.4679
1010.86	77.9141
1012.79	78.7004
1014.72	79.5179
1016.65	80.0049
1018.58	79.9253
1020.51	79.2015
1022.44	77.8994
1024.36	76.229
1026.29	74.5496
1028.22	73.2431
1030.15	72.4206
1032.08	71.8355
1034.01	71.1996
1035.94	70.4604
1037.87	69.7339
1039.8	69.1539
1041.73	68.8268
1043.66	68.811
1045.58	69.1141
1047.51	69.6961
1049.44	70.4345
1051.37	71.1428
1053.3	71.6795
1055.23	72.029
1057.16	72.3064
1059.09	72.6698
1061.02	73.1352
1062.95	73.4959
1064.88	73.528
1066.81	73.2663
1068.73	73.0146
1070.66	73.0996
1072.59	73.6406
1074.52	74.5239
1076.45	75.5452
1078.38	76.5493
1080.31	77.4477
1082.24	78.1626
1084.17	78.6113
1086.1	78.7635
1088.03	78.6626
1089.95	78.3258
1091.88	77.684
1093.81	76.7066
1095.74	75.5024
1097.67	74.2023
1099.6	72.8435
1101.53	71.4267
1103.46	69.9611
1105.39	68.4288
1107.32	66.8164
1109.25	65.1618
1111.18	63.4947
1113.1	61.8113
1115.03	60.1491
1116.96	58.5672
1118.89	57.0491
1120.82	55.5366
1122.75	54.0334
1124.68	52.5764
1126.61	51.1299
1128.54	49.5731
1130.47	47.7888
1132.4	45.7306
1134.32	43.4212
1136.25	40.9572
1138.18	38.5308
1140.11	36.3771
1142.04	34.6812
1143.97	33.5559
1145.9	33.0616
1147.83	33.1872
1149.76	33.8405
1151.69	34.9078
1153.62	36.3154
1155.55	38.004
1157.47	39.8769
1159.4	41.8236
1161.33	43.767
1163.26	45.6485
1165.19	47.404
1167.12	48.9895
1169.05	50.41
1170.98	51.7138
1172.91	52.9702
1174.84	54.2558
1176.77	55.6423
1178.69	57.1717
1180.62	58.8499
1182.55	60.6769
1184.48	62.6545
1186.41	64.7716
1188.34	67.0323
1190.27	69.4638
1192.2	72.0699
1194.13	74.8482
1196.06	77.817
1197.99	80.93
1199.91	84.0447
1201.84	86.973
1203.77	89.4676
1205.7	91.3759
1207.63	92.8301
1209.56	94.0377
1211.49	95.3244
1213.42	97.3217
1215.35	99.8344
1217.28	100.91
1219.21	99.4001
1221.14	97.3237
1223.06	96.8449
1224.99	97.6226
1226.92	98.2135
1228.85	98.032
1230.78	97.0588
1232.71	95.2375
1234.64	92.8205
1236.57	90.279
1238.5	87.9402
1240.43	85.9995
1242.36	84.5279
1244.28	83.4788
1246.21	82.8148
1248.14	82.5056
1250.07	82.4711
1252	82.6186
1253.93	82.8341
1255.86	82.9878
1257.79	83.0219
1259.72	82.9315
1261.65	82.6993
1263.58	82.3514
1265.51	81.9724
1267.43	81.616
1269.36	81.2749
1271.29	80.9354
1273.22	80.6066
1275.15	80.2869
1277.08	79.9179
1279.01	79.3797
1280.94	78.4959
1282.87	77.034
1284.8	74.7383
1286.73	71.4408
1288.65	67.3525
1290.58	63.3156
1292.51	60.4938
1294.44	59.7089
1296.37	61.0601
1298.3	63.9472
1300.23	67.413
1302.16	70.6175
1304.09	73.0664
1306.02	74.4995
1307.95	74.8274
1309.87	74.2424
1311.8	73.2178
1313.73	72.3268
1315.66	71.8764
1317.59	71.7604
1319.52	71.919
1321.45	72.6085
1323.38	73.993
1325.31	75.9321
1327.24	78.18
1329.17	80.5574
1331.1	82.9787
1333.02	85.2772
1334.95	87.2316
1336.88	88.8563
1338.81	90.3011
1340.74	91.5732
1342.67	92.7527
1344.6	94.1183
1346.53	95.7809
1348.46	97.5298
1350.39	99.0684
1352.32	100.218
1354.24	100.89
1356.17	101.112
1358.1	101.1
1360.03	101.146
1361.96	101.345
1363.89	101.221
1365.82	100.243
1367.75	98.8852
1369.68	98.2047
1371.61	98.3487
1373.54	98.192
1375.47	97.0407
1377.39	95.6579
1379.32	94.6696
1381.25	93.9517
1383.18	93.4106
1385.11	92.9464
1387.04	92.2872
1388.97	91.4831
1390.9	90.8318
1392.83	90.2791
1394.76	89.656
1396.69	88.8787
1398.61	87.8933
1400.54	86.9331
1402.47	86.4029
1404.4	86.4239
1406.33	86.8448
1408.26	87.4439
1410.19	88.1788
1412.12	89.0599
1414.05	89.924
1415.98	90.6756
1417.91	91.2796
1419.83	91.5806
1421.76	91.6199
1423.69	91.5042
1425.62	91.25
1427.55	90.8841
1429.48	90.2353
1431.41	89.2466
1433.34	88.2544
1435.27	87.2563
1437.2	86.0169
1439.13	84.9367
1441.06	84.2551
1442.98	83.682
1444.91	83.0481
1446.84	82.235
1448.77	81.0736
1450.7	79.9717
1452.63	79.6484
1454.56	80.2375
1456.49	81.6049
1458.42	83.0102
1460.35	83.8822
1462.28	84.7754
1464.2	85.9306
1466.13	87.0087
1468.06	87.8419
1469.99	88.7799
1471.92	89.859
1473.85	90.4938
1475.78	90.6096
1477.71	90.7584
1479.64	91.0599
1481.57	91.4479
1483.5	91.9077
1485.43	92.4767
1487.35	93.1959
1489.28	93.9023
1491.21	94.3157
1493.14	94.6631
1495.07	95.2168
1497	95.8197
1498.93	96.1152
1500.86	96.2402
1502.79	96.5
1504.72	96.9932
1506.65	97.5419
1508.57	97.4832
1510.5	97.1192
1512.43	97.006
1514.36	97.174
1516.29	97.4388
1518.22	97.6354
1520.15	97.7477
1522.08	97.7582
1524.01	97.6837
1525.94	97.5586
1527.87	97.4341
1529.8	97.4222
1531.72	97.5078
1533.65	97.5149
1535.58	97.4887
1537.51	97.7183
1539.44	98.1942
1541.37	98.2582
1543.3	97.7646
1545.23	97.3676
1547.16	97.1881
1549.09	97.1666
1551.02	97.2152
1552.94	97.2926
1554.87	97.5081
1556.8	97.8999
1558.73	97.9979
1560.66	97.4692
1562.59	97.0658
1564.52	96.9393
1566.45	96.987
1568.38	97.0544
1570.31	96.9165
1572.24	96.7427
1574.16	96.7834
1576.09	96.8337
1578.02	96.5731
1579.95	96.2791
1581.88	96.1672
1583.81	96.1385
1585.74	96.0841
1587.67	95.9933
1589.6	95.9067
1591.53	95.8681
1593.46	95.8536
1595.39	95.784
1597.31	95.6378
1599.24	95.4882
1601.17	95.3926
1603.1	95.2892
1605.03	95.1229
1606.96	94.9707
1608.89	94.8005
1610.82	94.4985
1612.75	94.245
1614.68	94.14
1616.61	93.7738
1618.53	93.0452
1620.46	92.4445
1622.39	91.8307
1624.32	90.936
1626.25	89.9434
1628.18	88.7506
1630.11	87.3096
1632.04	86.0922
1633.97	85.0767
1635.9	83.7442
1637.83	82.9537
1639.76	84.0183
1641.68	86.423
1643.61	89.1133
1645.54	91.5829
1647.47	93.4165
1649.4	94.2356
1651.33	94.635
1653.26	94.985
1655.19	94.8853
1657.12	94.6825
1659.05	94.7347
1660.98	94.8559
1662.9	94.7081
1664.83	94.4346
1666.76	94.3826
1668.69	94.4727
1670.62	94.3125
1672.55	93.953
1674.48	93.5701
1676.41	92.9243
1678.34	92.2353
1680.27	91.9069
1682.2	91.6715
1684.12	91.0212
1686.05	90.1283
1687.98	89.1936
1689.91	88.0971
1691.84	86.9049
1693.77	85.4432
1695.7	83.5414
1697.63	81.3312
1699.56	78.2963
1701.49	74.467
1703.42	71.1321
1705.35	67.9631
1707.27	64.2071
1709.2	60.7518
1711.13	58.2069
1713.06	56.1138
1714.99	54.6805
1716.92	54.2237
1718.85	54.1544
1720.78	55.0444
1722.71	57.5331
1724.64	61.2159
1726.57	65.7893
1728.49	71.0023
1730.42	76.3608
1732.35	82.3273
1734.28	89.6492
1736.21	96.0271
1738.14	100.01
1740.07	102.993
1742	105.684
1743.93	107.581
1745.86	108.907
1747.79	110.123
1749.72	110.971
1751.64	111.315
1753.57	111.26
1755.5	110.741
1757.43	110.092
1759.36	109.565
1761.29	108.731
1763.22	107.508
1765.15	106.349
1767.08	105.365
1769.01	104.577
1770.94	104.009
1772.86	103.23
1774.79	102.175
1776.72	101.39
1778.65	100.966
1780.58	100.674
1782.51	100.411
1784.44	100.166
1786.37	99.9525
1788.3	99.8472
1790.23	99.8478
1792.16	99.7698
1794.08	99.4566
1796.01	99.1135
1797.94	98.9262
1799.87	98.7982
1801.8	98.581
1803.73	98.3746
1805.66	98.2926
1807.59	98.2695
1809.52	98.2309
1811.45	98.1349
1813.38	97.9724
1815.31	97.8451
1817.23	97.8359
1819.16	97.9
1821.09	97.996
1823.02	98.0997
1824.95	98.1298
1826.88	98.1155
1828.81	98.1463
1830.74	98.1341
1832.67	98.033
1834.6	97.9605
1836.53	97.9144
1838.45	97.8338
1840.38	97.8218
1842.31	98.0042
1844.24	98.2795
1846.17	98.3422
1848.1	98.1538
1850.03	97.9436
1851.96	97.9009
1853.89	98.0501
1855.82	98.2276
1857.75	98.251
1859.68	98.1273
1861.6	98.0407
1863.53	98.1312
1865.46	98.3604
1867.39	98.5441
1869.32	98.4963
1871.25	98.3297
1873.18	98.2601
1875.11	98.2385
1877.04	98.1736
1878.97	98.1519
1880.9	98.2297
1882.82	98.3059
1884.75	98.3546
1886.68	98.4415
1888.61	98.4876
1890.54	98.4006
1892.47	98.3481
1894.4	98.4699
1896.33	98.6175
1898.26	98.6475
1900.19	98.6226
1902.12	98.5776
1904.05	98.5184
1905.97	98.5782
1907.9	98.7966
1909.83	98.9964
1911.76	99.0777
1913.69	99.1026
1915.62	99.0347
1917.55	98.8074
1919.48	98.6003
1921.41	98.6441
1923.34	98.8512
1925.27	98.9496
1927.19	98.8926
1929.12	98.8811
1931.05	98.9904
1932.98	99.0823
1934.91	99.059
1936.84	98.9801
1938.77	98.959
1940.7	99.0401
1942.63	99.1566
1944.56	99.2238
1946.49	99.2334
1948.41	99.2095
1950.34	99.2148
1952.27	99.297
1954.2	99.3729
1956.13	99.3759
1958.06	99.3733
1959.99	99.4421
1961.92	99.6795
1963.85	100.052
1965.78	100.132
1967.71	99.701
1969.64	99.3704
1971.56	99.5879
1973.49	99.9229
1975.42	99.971
1977.35	99.8768
1979.28	99.7774
1981.21	99.6516
1983.14	99.5764
1985.07	99.6354
1987	99.8652
1988.93	100.209
1990.86	100.351
1992.78	100.103
1994.71	99.872
1996.64	99.978
1998.57	100.078
2000.5	99.9102
2002.43	99.8266
2004.36	100.037
2006.29	100.21
2008.22	100.178
2010.15	100.166
2012.08	100.217
2014.01	100.166
2015.93	100.026
2017.86	99.9401
2019.79	100.023
2021.72	100.293
2023.65	100.505
2025.58	100.335
2027.51	99.9636
2029.44	99.8707
2031.37	99.9971
2033.3	99.9298
2035.23	99.752
2037.15	99.789
2039.08	99.9228
2041.01	99.962
2042.94	100.035
2044.87	100.15
2046.8	100.124
2048.73	99.9962
2050.66	99.85
2052.59	99.6404
2054.52	99.5213
2056.45	99.659
2058.37	99.7941
2060.3	99.6734
2062.23	99.513
2064.16	99.5136
2066.09	99.558
2068.02	99.6429
2069.95	99.8839
2071.88	100.08
2073.81	99.9532
2075.74	99.6477
2077.67	99.4779
2079.6	99.476
2081.52	99.5215
2083.45	99.5394
2085.38	99.4631
2087.31	99.3123
2089.24	99.2319
2091.17	99.2807
2093.1	99.3839
2095.03	99.5073
2096.96	99.6452
2098.89	99.7181
2100.82	99.6472
2102.74	99.4404
2104.67	99.2023
2106.6	99.1153
2108.53	99.2657
2110.46	99.4752
2112.39	99.5248
2114.32	99.5037
2116.25	99.6359
2118.18	99.8453
2120.11	99.8438
2122.04	99.5962
2123.97	99.3919
2125.89	99.453
2127.82	99.6505
2129.75	99.705
2131.68	99.6399
2133.61	99.7354
2135.54	99.9587
2137.47	100.014
2139.4	100.002
2141.33	100.201
2143.26	100.393
2145.19	100.306
2147.11	100.219
2149.04	100.355
2150.97	100.413
2152.9	100.229
2154.83	100.088
2156.76	100.176
2158.69	100.34
2160.62	100.426
2162.55	100.438
2164.48	100.397
2166.41	100.234
2168.33	99.927
2170.26	99.7108
2172.19	99.8531
2174.12	100.162
2176.05	100.209
2177.98	100.045
2179.91	100.019
2181.84	100.074
2183.77	99.9923
2185.7	99.9415
2187.63	100.137
2189.56	100.411
2191.48	100.509
2193.41	100.412
2195.34	100.23
2197.27	100.092
2199.2	100.098
2201.13	100.158
2203.06	100.084
2204.99	100.011
2206.92	100.248
2208.85	100.539
2210.78	100.335
2212.7	99.9136
2214.63	100.009
2216.56	100.472
2218.49	100.596
2220.42	100.369
2222.35	100.239
2224.28	100.264
2226.21	100.261
2228.14	100.146
2230.07	99.8946
2232	99.6483
2233.93	99.6332
2235.85	99.7497
2237.78	99.7486
2239.71	99.7318
2241.64	99.8774
2243.57	100.006
2245.5	99.9731
2247.43	99.9734
2249.36	100.06
2251.29	100.03
2253.22	99.9407
2255.15	100.029
2257.07	100.21
2259	100.271
2260.93	100.248
2262.86	100.225
2264.79	100.191
2266.72	100.169
2268.65	100.176
2270.58	100.155
2272.51	100.087
2274.44	100.017
2276.37	99.971
2278.29	99.9458
2280.22	99.9266
2282.15	99.891
2284.08	99.8409
2286.01	99.826
2287.94	99.9
2289.87	100.03
2291.8	100.141
2293.73	100.288
2295.66	100.608
2297.59	101.048
2299.52	101.4
2301.44	101.606
2303.37	101.807
2305.3	102.143
2307.23	102.66
2309.16	103.279
2311.09	103.838
2313.02	104.271
2314.95	104.731
2316.88	105.433
2318.81	106.395
2320.74	107.336
2322.66	107.928
2324.59	108.269
2326.52	108.703
2328.45	109.295
2330.38	109.822
2332.31	110.153
2334.24	110.465
2336.17	110.929
2338.1	111.397
2340.03	111.694
2341.96	111.824
2343.89	111.235
2345.81	109.502
2347.74	107.931
2349.67	107.737
2351.6	109.089
2353.53	111.486
2355.46	113.832
2357.39	115.543
2359.32	116.421
2361.25	116.055
2363.18	114.957
2365.11	113.829
2367.03	112.537
2368.96	110.839
2370.89	108.871
2372.82	106.923
2374.75	105.199
2376.68	103.736
2378.61	102.439
2380.54	101.188
2382.47	100.001
2384.4	99.0549
2386.33	98.4931
2388.26	98.2587
2390.18	98.1715
2392.11	98.1077
2394.04	98.0607
2395.97	98.0281
2397.9	97.9475
2399.83	97.7991
2401.76	97.674
2403.69	97.6887
2405.62	97.8558
2407.55	98.0149
2409.48	97.9878
2411.4	97.8563
2413.33	97.8468
2415.26	97.9544
2417.19	98.0043
2419.12	97.9583
2421.05	97.8736
2422.98	97.7785
2424.91	97.7483
2426.84	97.8556
2428.77	98.039
2430.7	98.1729
2432.62	98.1756
2434.55	98.0457
2436.48	97.9033
2438.41	97.8908
2440.34	97.9765
2442.27	98.0161
2444.2	97.986
2446.13	97.9665
2448.06	97.9465
2449.99	97.8598
2451.92	97.7662
2453.85	97.7829
2455.77	97.8858
2457.7	97.9577
2459.63	97.9594
2461.56	97.9312
2463.49	97.9166
2465.42	97.9283
2467.35	97.926
2469.28	97.8763
2471.21	97.8463
2473.14	97.9285
2475.07	98.0847
2476.99	98.1895
2478.92	98.1992
2480.85	98.1611
2482.78	98.1004
2484.71	98.0222
2486.64	97.9594
2488.57	97.9136
2490.5	97.872
2492.43	97.9264
2494.36	98.1532
2496.29	98.4085
2498.22	98.4962
2500.14	98.4054
2502.07	98.2132
2504	98.0219
2505.93	98.0151
2507.86	98.2319
2509.79	98.4143
2511.72	98.3893
2513.65	98.3098
2515.58	98.2969
2517.51	98.2635
2519.44	98.2072
2521.36	98.2211
2523.29	98.2329
2525.22	98.1521
2527.15	98.1172
2529.08	98.2424
2531.01	98.3864
2532.94	98.4234
2534.87	98.4315
2536.8	98.4535
2538.73	98.4042
2540.66	98.2976
2542.58	98.2547
2544.51	98.2745
2546.44	98.2653
2548.37	98.2322
2550.3	98.2121
2552.23	98.1844
2554.16	98.1897
2556.09	98.278
2558.02	98.3131
2559.95	98.186
2561.88	98.1092
2563.81	98.2759
2565.73	98.4605
2567.66	98.3939
2569.59	98.2304
2571.52	98.2285
2573.45	98.3119
2575.38	98.3061
2577.31	98.2769
2579.24	98.3337
2581.17	98.3959
2583.1	98.3827
2585.03	98.3838
2586.95	98.4761
2588.88	98.5561
2590.81	98.484
2592.74	98.2974
2594.67	98.1717
2596.6	98.1934
2598.53	98.2658
2600.46	98.2402
2602.39	98.076
2604.32	97.8745
2606.25	97.7774
2608.18	97.8181
2610.1	97.8918
2612.03	97.8879
2613.96	97.8237
2615.89	97.8111
2617.82	97.8712
2619.75	97.8778
2621.68	97.7879
2623.61	97.7364
2625.54	97.7604
2627.47	97.733
2629.4	97.6404
2631.32	97.5762
2633.25	97.5525
2635.18	97.5872
2637.11	97.7009
2639.04	97.7479
2640.97	97.6211
2642.9	97.4683
2644.83	97.3983
2646.76	97.3424
2648.69	97.321
2650.62	97.4002
2652.54	97.469
2654.47	97.4346
2656.4	97.3919
2658.33	97.3874
2660.26	97.3282
2662.19	97.198
2664.12	97.1011
2666.05	97.0917
2667.98	97.111
2669.91	97.0883
2671.84	97.0377
2673.77	97.0163
2675.69	97.0292
2677.62	97.0614
2679.55	97.1212
2681.48	97.1704
2683.41	97.1554
2685.34	97.119
2687.27	97.1089
2689.2	97.0741
2691.13	96.9931
2693.06	96.9253
2694.99	96.8857
2696.91	96.8592
2698.84	96.8709
2700.77	96.905
2702.7	96.8908
2704.63	96.8145
2706.56	96.7218
2708.49	96.6616
2710.42	96.6809
2712.35	96.7702
2714.28	96.8429
2716.21	96.8601
2718.14	96.861
2720.06	96.838
2721.99	96.7561
2723.92	96.6699
2725.85	96.6412
2727.78	96.6244
2729.71	96.5832
2731.64	96.5717
2733.57	96.5904
2735.5	96.5569
2737.43	96.4824
2739.36	96.4663
2741.28	96.4968
2743.21	96.4769
2745.14	96.4289
2747.07	96.453
2749	96.5284
2750.93	96.5738
2752.86	96.6248
2754.79	96.7378
2756.72	96.8311
2758.65	96.8123
2760.58	96.7314
2762.51	96.666
2764.43	96.6059
2766.36	96.5362
2768.29	96.4985
2770.22	96.5114
2772.15	96.5312
2774.08	96.541
2776.01	96.592
2777.94	96.6825
2779.87	96.7066
2781.8	96.6261
2783.73	96.549
2785.65	96.5458
2787.58	96.5502
2789.51	96.4971
2791.44	96.4178
2793.37	96.3753
2795.3	96.3821
2797.23	96.3978
2799.16	96.3949
2801.09	96.3912
2803.02	96.3923
2804.95	96.3648
2806.87	96.3007
2808.8	96.2378
2810.73	96.1818
2812.66	96.0889
2814.59	95.9705
2816.52	95.9097
2818.45	95.9035
2820.38	95.8475
2822.31	95.7325
2824.24	95.6472
2826.17	95.6039
2828.1	95.5633
2830.02	95.5069
2831.95	95.3951
2833.88	95.2549
2835.81	95.2046
2837.74	95.2083
2839.67	95.0873
2841.6	94.837
2843.53	94.583
2845.46	94.3453
2847.39	94.1185
2849.32	93.9178
2851.24	93.6526
2853.17	93.2753
2855.1	92.8993
2857.03	92.5398
2858.96	92.0926
2860.89	91.6307
2862.82	91.3066
2864.75	91.0631
2866.68	90.7846
2868.61	90.4915
2870.54	90.1998
2872.47	89.9221
2874.39	89.8083
2876.32	89.9687
2878.25	90.3059
2880.18	90.6846
2882.11	91.0043
2884.04	91.1534
2885.97	91.1848
2887.9	91.2987
2889.83	91.4747
2891.76	91.5048
2893.69	91.4114
2895.61	91.3967
2897.54	91.4736
2899.47	91.5202
2901.4	91.5531
2903.33	91.6677
2905.26	91.8071
2907.19	91.7864
2909.12	91.5681
2911.05	91.3519
2912.98	91.2591
2914.91	91.1373
2916.83	90.8794
2918.76	90.6274
2920.69	90.393
2922.62	89.9303
2924.55	89.2433
2926.48	88.6619
2928.41	88.2654
2930.34	87.8624
2932.27	87.5869
2934.2	87.8212
2936.13	88.4753
2938.06	88.9906
2939.98	89.1431
2941.91	89.2566
2943.84	89.5229
2945.77	89.6442
2947.7	89.3252
2949.63	88.7092
2951.56	88.1015
2953.49	87.5665
2955.42	87.0172
2957.35	86.5112
2959.28	86.2762
2961.2	86.507
2963.13	87.2435
2965.06	88.4394
2966.99	90.0033
2968.92	91.6057
2970.85	92.6373
2972.78	92.8222
2974.71	92.612
2976.64	92.5062
2978.57	92.5429
2980.5	92.6939
2982.43	93.038
2984.35	93.4618
2986.28	93.851
2988.21	94.3503
2990.14	94.9218
2992.07	95.2387
2994	95.3251
2995.93	95.5497
2997.86	95.9765
2999.79	96.4044
3001.72	96.8201
3003.65	97.2876
3005.57	97.6627
3007.5	97.7426
3009.43	97.5886
3011.36	97.5534
3013.29	97.8972
3015.22	98.4262
3017.15	98.721
3019.08	98.6782
3021.01	98.5522
3022.94	98.5526
3024.87	98.6938
3026.79	98.9136
3028.72	99.0943
3030.65	99.0658
3032.58	98.7972
3034.51	98.5007
3036.44	98.3511
3038.37	98.253
3040.3	98.0727
3042.23	97.878
3044.16	97.7813
3046.09	97.7878
3048.02	97.8677
3049.94	97.9859
3051.87	98.0809
3053.8	98.0936
3055.73	97.977
3057.66	97.7659
3059.59	97.6148
3061.52	97.5826
3063.45	97.5571
3065.38	97.5647
3067.31	97.7774
3069.24	98.0916
3071.16	98.2024
3073.09	98.1149
3075.02	98.0662
3076.95	98.0445
3078.88	97.8776
3080.81	97.5989
3082.74	97.3565
3084.67	97.2165
3086.6	97.2494
3088.53	97.4648
3090.46	97.643
3092.39	97.6221
3094.31	97.5624
3096.24	97.5709
3098.17	97.4658
3100.1	97.1875
3102.03	96.9574
3103.96	96.931
3105.89	97.0522
3107.82	97.1463
3109.75	97.0355
3111.68	96.8022
3113.61	96.7836
3115.53	97.0364
3117.46	97.1974
3119.39	97.0653
3121.32	96.8617
3123.25	96.8351
3125.18	96.9463
3127.11	96.9719
3129.04	96.8365
3130.97	96.7554
3132.9	96.8934
3134.83	97.0663
3136.75	97.0771
3138.68	97.052
3140.61	97.131
3142.54	97.2046
3144.47	97.1642
3146.4	97.0768
3148.33	97.016
3150.26	96.9671
3152.19	96.9389
3154.12	97.013
3156.05	97.1729
3157.98	97.2121
3159.9	97.053
3161.83	96.9201
3163.76	96.889
3165.69	96.7457
3167.62	96.5263
3169.55	96.513
3171.48	96.6666
3173.41	96.7542
3175.34	96.8041
3177.27	96.9171
3179.2	97.0189
3181.12	97.0179
3183.05	96.893
3184.98	96.6966
3186.91	96.562
3188.84	96.5287
3190.77	96.5454
3192.7	96.6885
3194.63	97.0024
3196.56	97.266
3198.49	97.2852
3200.42	97.1385
3202.35	96.9301
3204.27	96.6626
3206.2	96.4201
3208.13	96.371
3210.06	96.5431
3211.99	96.7544
3213.92	96.8116
3215.85	96.7176
3217.78	96.655
3219.71	96.7693
3221.64	96.9459
3223.57	96.9065
3225.49	96.6412
3227.42	96.4486
3229.35	96.4278
3231.28	96.4107
3233.21	96.4113
3235.14	96.5469
3237.07	96.6722
3239	96.6221
3240.93	96.522
3242.86	96.5154
3244.79	96.5416
3246.72	96.5358
3248.64	96.549
3250.57	96.5793
3252.5	96.4995
3254.43	96.2959
3256.36	96.1983
3258.29	96.3407
3260.22	96.5393
3262.15	96.624
3264.08	96.6423
3266.01	96.5847
3267.94	96.3562
3269.86	96.1085
3271.79	96.1213
3273.72	96.3254
3275.65	96.3936
3277.58	96.2957
3279.51	96.2889
3281.44	96.4123
3283.37	96.4753
3285.3	96.4214
3287.23	96.3171
3289.16	96.1672
3291.08	95.9993
3293.01	95.924
3294.94	95.9998
3296.87	96.1598
3298.8	96.2481
3300.73	96.1478
3302.66	95.9424
3304.59	95.81
3306.52	95.7802
3308.45	95.8035
3310.38	95.8763
3312.31	95.8962
3314.23	95.7289
3316.16	95.5408
3318.09	95.6184
3320.02	95.8474
3321.95	95.8687
3323.88	95.698
3325.81	95.6665
3327.74	95.8181
3329.67	95.863
3331.6	95.6989
3333.53	95.5304
3335.45	95.4655
3337.38	95.3941
3339.31	95.2843
3341.24	95.2637
3343.17	95.3822
3345.1	95.5179
3347.03	95.5424
3348.96	95.471
3350.89	95.4061
3352.82	95.3744
3354.75	95.3427
3356.68	95.3597
3358.6	95.4411
3360.53	95.4271
3362.46	95.2497
3364.39	95.0864
3366.32	95.0204
3368.25	94.9703
3370.18	94.9879
3372.11	95.0994
3374.04	95.0831
3375.97	94.8903
3377.9	94.8376
3379.82	95.0531
3381.75	95.2458
3383.68	95.1859
3385.61	95.0239
3387.54	95.0214
3389.47	95.1744
3391.4	95.2617
3393.33	95.1956
3395.26	95.1051
3397.19	95.0591
3399.12	94.9861
3401.04	94.8769
3402.97	94.8041
3404.9	94.7959
3406.83	94.8513
3408.76	94.95
3410.69	94.9878
3412.62	94.9012
3414.55	94.8278
3416.48	94.9173
3418.41	95.065
3420.34	95.0571
3422.27	94.9094
3424.19	94.799
3426.12	94.7374
3428.05	94.6626
3429.98	94.6873
3431.91	94.8582
3433.84	94.9329
3435.77	94.8533
3437.7	94.9876
3439.63	95.4148
3441.56	95.6309
3443.49	95.4256
3445.41	95.2564
3447.34	95.3848
3449.27	95.4772
3451.2	95.3767
3453.13	95.3779
3455.06	95.5108
3456.99	95.4595
3458.92	95.2646
3460.85	95.2372
3462.78	95.3253
3464.71	95.3284
3466.64	95.3192
3468.56	95.379
3470.49	95.4685
3472.42	95.5614
3474.35	95.4985
3476.28	95.1805
3478.21	94.9357
3480.14	95.0038
3482.07	95.0971
3484	95.0092
3485.93	94.9511
3487.86	94.9978
3489.78	94.964
3491.71	94.7715
3493.64	94.5258
3495.57	94.4178
3497.5	94.5568
3499.43	94.7813
3501.36	94.8941
3503.29	94.9013
3505.22	94.8218
3507.15	94.6547
3509.08	94.5548
3511	94.6023
3512.93	94.6236
3514.86	94.5966
3516.79	94.6812
3518.72	94.7498
3520.65	94.6097
3522.58	94.5063
3524.51	94.6525
3526.44	94.7566
3528.37	94.7149
3530.3	94.8439
3532.23	95.0155
3534.15	94.7944
3536.08	94.3799
3538.01	94.3204
3539.94	94.54
3541.87	94.6172
3543.8	94.5547
3545.73	94.5631
3547.66	94.595
3549.59	94.5452
3551.52	94.509
3553.45	94.5789
3555.37	94.6951
3557.3	94.7848
3559.23	94.8641
3561.16	94.9695
3563.09	95.0977
3565.02	95.1786
3566.95	95.128
3568.88	95.0766
3570.81	95.2288
3572.74	95.4933
3574.67	95.6753
3576.6	95.712
3578.52	95.6426
3580.45	95.5276
3582.38	95.5546
3584.31	95.8673
3586.24	96.2654
3588.17	96.4012
3590.1	96.4068
3592.03	96.606
3593.96	96.9184
3595.89	97.1493
3597.82	97.328
3599.74	97.5204
3601.67	97.654
3603.6	97.7088
3605.53	97.7081
3607.46	97.6029
3609.39	97.4592
3611.32	97.4815
3613.25	97.6705
3615.18	97.8494
3617.11	97.9548
3619.04	98.0272
3620.97	98.0092
3622.89	97.8897
3624.82	97.8785
3626.75	98.1313
3628.68	98.355
3630.61	98.0909
3632.54	97.7814
3634.47	97.7594
3636.4	97.6959
3638.33	97.3811
3640.26	97.1327
3642.19	97.2158
3644.11	97.5294
3646.04	97.9693
3647.97	98.5077
3649.9	98.7349
3651.83	98.4508
3653.76	98.0932
3655.69	97.7829
3657.62	97.541
3659.55	97.4485
3661.48	97.4116
3663.41	97.361
3665.33	97.4431
3667.26	97.7704
3669.19	98.2245
3671.12	98.5468
3673.05	98.7163
3674.98	98.8127
3676.91	98.648
3678.84	98.2104
3680.77	97.795
3682.7	97.6193
3684.63	97.7799
3686.56	98.1847
3688.48	98.5656
3690.41	98.5045
3692.34	98.1258
3694.27	98.0357
3696.2	98.327
3698.13	98.534
3700.06	98.4004
3701.99	98.3177
3703.92	98.4918
3705.85	98.4982
3707.78	98.2268
3709.7	98.0189
3711.63	98.0106
3713.56	98.0658
3715.49	98.2756
3717.42	98.6378
3719.35	98.8718
3721.28	98.849
3723.21	98.7781
3725.14	98.7474
3727.07	98.7025
3729	98.7326
3730.93	98.9144
3732.85	99.2035
3734.78	99.4197
3736.71	99.2658
3738.64	98.8689
3740.57	98.6155
3742.5	98.5772
3744.43	98.6612
3746.36	98.8326
3748.29	99.016
3750.22	98.9062
3752.15	98.3752
3754.07	98.0088
3756	97.9714
3757.93	97.9522
3759.86	97.8928
3761.79	97.9718
3763.72	98.092
3765.65	98.033
3767.58	97.8849
3769.51	97.83
3771.44	97.762
3773.37	97.6726
3775.29	97.7377
3777.22	97.8507
3779.15	97.7361
3781.08	97.5388
3783.01	97.6004
3784.94	97.7968
3786.87	97.7724
3788.8	97.4795
3790.73	97.2205
3792.66	97.2558
3794.59	97.5651
3796.52	97.9013
3798.44	98.1029
3800.37	98.218
3802.3	98.2948
3804.23	98.3231
3806.16	98.2201
3808.09	97.8941
3810.02	97.5908
3811.95	97.5929
3813.88	97.7576
3815.81	97.7555
3817.74	97.5941
3819.66	97.6278
3821.59	97.8868
3823.52	98.0726
3825.45	98.118
3827.38	98.1564
3829.31	98.2159
3831.24	98.2863
3833.17	98.3892
3835.1	98.4489
3837.03	98.3268
3838.96	98.1002
3840.89	97.965
3842.81	97.822
3844.74	97.5876
3846.67	97.5075
3848.6	97.755
3850.53	98.1699
3852.46	98.414
3854.39	98.188
3856.32	97.8305
3858.25	97.6884
3860.18	97.6937
3862.11	97.7232
3864.03	97.727
3865.96	97.7689
3867.89	97.8608
3869.82	97.8771
3871.75	97.759
3873.68	97.6755
3875.61	97.735
3877.54	97.8295
3879.47	97.8623
3881.4	97.8548
3883.33	97.7824
3885.25	97.6092
3887.18	97.5566
3889.11	97.7828
3891.04	98.0014
3892.97	97.8778
3894.9	97.6194
3896.83	97.6273
3898.76	97.9447
3900.69	98.2576
3902.62	98.2101
3904.55	97.9053
3906.48	97.6727
3908.4	97.5901
3910.33	97.5355
3912.26	97.4236
3914.19	97.3047
3916.12	97.3214
3918.05	97.4848
3919.98	97.6077
3921.91	97.6696
3923.84	97.7748
3925.77	97.7965
3927.7	97.6449
3929.62	97.5319
3931.55	97.548
3933.48	97.5463
3935.41	97.5457
3937.34	97.6362
3939.27	97.7053
3941.2	97.6467
3943.13	97.4746
3945.06	97.2448
3946.99	97.1381
3948.92	97.2907
3950.85	97.4604
3952.77	97.399
3954.7	97.2856
3956.63	97.2717
3958.56	97.2394
3960.49	97.1941
3962.42	97.2618
3964.35	97.3673
3966.28	97.4026
3968.21	97.408
3970.14	97.4033
3972.07	97.3923
3973.99	97.4112
3975.92	97.3917
3977.85	97.2822
3979.78	97.2111
3981.71	97.2322
3983.64	97.2405
3985.57	97.2482
3987.5	97.321
3989.43	97.3473
3991.36	97.235
3993.29	97.1011
3995.22	97.0905
3997.14	97.2384
