499.643	84.3352
501.572	83.4272
503.501	84.9632
505.43	86.8527
507.36	87.6482
509.289	87.7087
511.218	88.0208
513.147	88.9378
515.076	89.9055
517.005	89.9826
518.934	89.0065
520.863	88.0891
522.792	88.0647
524.722	88.5679
526.651	88.8109
528.58	88.5674
530.509	88.1658
532.438	87.98
534.367	88.2058
536.296	88.7077
538.225	89.2393
540.155	89.763
542.084	90.2042
544.013	90.3359
545.942	90.2423
547.871	90.2522
549.8	90.2618
551.729	89.9494
553.658	89.571
555.588	89.6506
557.517	90.0834
559.446	90.3565
561.375	90.4052
563.304	90.4764
565.233	90.5054
567.162	90.3151
569.091	90.0481
571.021	89.9485
572.95	90.0161
574.879	90.1217
576.808	90.2626
578.737	90.4993
580.666	90.643
582.595	90.3567
584.524	89.6641
586.454	88.8943
588.383	88.2039
590.312	87.6449
592.241	87.3234
594.17	87.1518
596.099	86.9851
598.028	86.9459
599.957	87.0996
601.887	87.2894
603.816	87.5682
605.745	88.0952
607.674	88.6835
609.603	89.1212
611.532	89.5493
613.461	90.069
615.39	90.4867
617.32	90.6157
619.249	90.5163
621.178	90.4159
623.107	90.4496
625.036	90.5208
626.965	90.4984
628.894	90.4
630.823	90.2255
632.753	89.9113
634.682	89.506
636.611	89.0853
638.54	88.5495
640.469	87.7321
642.398	86.6448
644.327	85.4856
646.256	84.3773
648.186	83.3532
650.115	82.6312
652.044	82.4203
653.973	82.6199
655.902	83.0167
657.831	83.5678
659.76	84.4156
661.689	85.4847
663.619	86.5274
665.548	87.9773
667.477	90.5431
669.406	92.4762
671.335	92.3431
673.264	92.1999
675.193	92.7688
677.122	93.4254
679.052	93.7573
680.981	93.9891
682.91	94.1662
684.839	94.2283
686.768	94.2463
688.697	94.2534
690.626	94.2924
692.555	94.3677
694.485	94.352
696.414	94.2465
698.343	94.188
700.272	94.1358
702.201	94.0265
704.13	93.9868
706.059	94.0352
707.988	94.016
709.917	93.939
711.847	93.8939
713.776	93.8209
715.705	93.7641
717.634	93.9011
719.563	94.0994
721.492	94.0243
723.421	93.7653
725.35	93.6561
727.28	93.6597
729.209	93.524
731.138	93.2353
733.067	92.9085
734.996	92.5505
736.925	92.1703
738.854	91.8079
740.783	91.4012
742.713	90.8823
744.642	90.3632
746.571	90.0509
748.5	90.043
750.429	90.2862
752.358	90.6792
754.287	91.1519
756.216	91.6266
758.146	91.9779
760.075	92.1676
762.004	92.3351
763.933	92.5968
765.862	92.8772
767.791	93.0589
769.72	93.14
771.649	93.1729
773.579	93.1867
775.508	93.1897
777.437	93.1658
779.366	93.1037
781.295	93.0325
783.224	92.9665
785.153	92.8754
787.082	92.7337
789.012	92.4947
790.941	92.0813
792.87	91.5234
794.799	90.9393
796.728	90.2912
798.657	89.3905
800.586	88.1463
802.515	86.5475
804.445	84.4495
806.374	81.631
808.303	78.1573
810.232	74.7118
812.161	72.4301
814.09	72.1221
816.019	73.674
817.948	76.3068
819.878	79.197
821.807	81.7925
823.736	83.845
825.665	85.3466
827.594	86.4061
829.523	87.137
831.452	87.6088
833.381	87.8521
835.311	87.8961
837.24	87.7527
839.169	87.3819
841.098	86.7825
843.027	86.0987
844.956	85.5381
846.885	85.2274
848.814	85.1762
850.744	85.2977
852.673	85.4933
854.602	85.7477
856.531	86.0556
858.46	86.333
860.389	86.5424
862.318	86.7548
864.247	86.9545
866.177	86.9856
868.106	86.7837
870.035	86.4408
871.964	86.0195
873.893	85.5053
875.822	84.9086
877.751	84.2768
879.68	83.6924
881.609	83.3009
883.539	83.2061
885.468	83.3341
887.397	83.5098
889.326	83.6302
891.255	83.6935
893.184	83.7383
895.113	83.8316
897.042	84.0603
898.972	84.4854
900.901	85.134
902.83	86.0118
904.759	87.0343
906.688	87.986
908.617	88.6771
910.546	89.0979
912.475	89.3035
914.405	89.2529
916.334	88.8933
918.263	88.2676
920.192	87.397
922.121	86.1701
924.05	84.4695
925.979	82.3036
927.908	79.7144
929.838	76.6885
931.767	73.3079
933.696	69.8936
935.625	66.8832
937.554	64.631
939.483	63.3224
941.412	62.9326
943.341	63.2505
945.271	64.0398
947.2	65.1708
949.129	66.5722
951.058	68.1497
952.987	69.7999
954.916	71.4368
956.845	72.9809
958.774	74.3875
960.704	75.7255
962.633	77.1697
964.562	78.852
966.491	80.7314
968.42	82.6306
970.349	84.3531
972.278	85.7559
974.207	86.7841
976.137	87.4678
978.066	87.8623
979.995	87.9911
981.924	87.8432
983.853	87.4167
985.782	86.7884
987.711	86.1465
989.64	85.6852
991.57	85.4214
993.499	85.1603
995.428	84.6419
997.357	83.6652
999.286	82.1716
1001.22	80.3988
1003.14	78.8451
1005.07	77.8705
1007	77.4565
1008.93	77.4736
1010.86	77.9152
1012.79	78.7037
1014.72	79.5209
1016.65	79.9899
1018.58	79.891
1020.51	79.1728
1022.44	77.8887
1024.36	76.217
1026.29	74.5212
1028.22	73.21
1030.15	72.3976
1032.08	71.8252
1034.01	71.201
1035.94	70.4652
1037.87	69.7249
1039.8	69.1242
1041.73	68.7867
1043.66	68.7719
1045.58	69.08
1047.51	69.6678
1049.44	70.4145
1051.37	71.1292
1053.3	71.6606
1055.23	71.9994
1057.16	72.2807
1059.09	72.6572
1061.02	73.1175
1062.95	73.4569
1064.88	73.4761
1066.81	73.2076
1068.73	72.9421
1070.66	73.0232
1072.59	73.5881
1074.52	74.5018
1076.45	75.5288
1078.38	76.5201
1080.31	77.4129
1082.24	78.1318
1084.17	78.5763
1086.1	78.7112
1088.03	78.5919
1089.95	78.2489
1091.88	77.617
1093.81	76.6536
1095.74	75.4479
1097.67	74.1332
1099.6	72.7691
1101.53	71.3597
1103.46	69.8975
1105.39	68.3614
1107.32	66.7468
1109.25	65.0882
1111.18	63.4159
1113.1	61.7413
1115.03	60.0961
1116.96	58.515
1118.89	56.9863
1120.82	55.4763
1122.75	53.9846
1124.68	52.5299
1126.61	51.0762
1128.54	49.5116
1130.47	47.7279
1132.4	45.6852
1134.32	43.3947
1136.25	40.939
1138.18	38.5172
1140.11	36.3716
1142.04	34.6831
1143.97	33.565
1145.9	33.0713
1147.83	33.184
1149.76	33.8327
1151.69	34.9184
1153.62	36.3345
1155.55	38.0009
1157.47	39.8503
1159.4	41.7928
1161.33	43.7408
1163.26	45.6313
1165.19	47.3982
1167.12	48.9838
1169.05	50.394
1170.98	51.6916
1172.91	52.9507
1174.84	54.2483
1176.77	55.6551
1178.69	57.1981
1180.62	58.871
1182.55	60.6848
1184.48	62.6521
1186.41	64.7561
1188.34	67.0017
1190.27	69.4315
1192.2	72.0535
1194.13	74.8512
1196.06	77.8269
1197.99	80.9284
1199.91	84.0226
1201.84	86.9431
1203.77	89.4511
1205.7	91.3759
1207.63	92.8311
1209.56	94.031
1211.49	95.3144
1213.42	97.3086
1215.35	99.8097
1217.28	100.874
1219.21	99.3666
1221.14	97.2972
1223.06	96.8173
1224.99	97.5916
1226.92	98.1852
1228.85	98.0074
1230.78	97.0352
1232.71	95.2178
1234.64	92.8092
1236.57	90.2716
1238.5	87.924
1240.43	85.9659
1242.36	84.4831
1244.28	83.4351
1246.21	82.7733
1248.14	82.46
1250.07	82.4241
1252	82.5773
1253.93	82.7937
1255.86	82.9368
1257.79	82.9614
1259.72	82.8736
1261.65	82.6487
1263.58	82.3009
1265.51	81.9184
1267.43	81.5694
1269.36	81.2543
1271.29	80.9429
1273.22	80.6184
1275.15	80.2806
1277.08	79.8962
1279.01	79.3556
1280.94	78.4762
1282.87	77.0273
1284.8	74.7543
1286.73	71.4748
1288.65	67.386
1290.58	63.339
1292.51	60.5158
1294.44	59.7352
1296.37	61.0785
1298.3	63.9533
1300.23	67.4321
1302.16	70.6686
1304.09	73.1289
1306.02	74.543
1307.95	74.845
1309.87	74.2418
1311.8	73.2119
1313.73	72.3321
1315.66	71.8978
1317.59	71.7853
1319.52	71.9322
1321.45	72.6041
1323.38	73.9814
1325.31	75.9353
1327.24	78.2076
1329.17	80.5926
1331.1	83.0006
1333.02	85.2874
1334.95	87.2448
1336.88	88.8728
1338.81	90.3043
1340.74	91.5598
1342.67	92.7384
1344.6	94.111
1346.53	95.7807
1348.46	97.5397
1350.39	99.0852
1352.32	100.231
1354.24	100.893
1356.17	101.108
1358.1	101.095
1360.03	101.147
1361.96	101.349
1363.89	101.223
1365.82	100.255
1367.75	98.9068
1369.68	98.2094
1371.61	98.3203
1373.54	98.1461
1375.47	96.9989
1377.39	95.6296
1379.32	94.659
1381.25	93.9564
1383.18	93.4241
1385.11	92.9663
1387.04	92.31
1388.97	91.5041
1390.9	90.8482
1392.83	90.2814
1394.76	89.6402
1396.69	88.8606
1398.61	87.8793
1400.54	86.914
1402.47	86.3882
1404.4	86.4309
1406.33	86.8646
1408.26	87.4595
1410.19	88.1924
1412.12	89.0728
1414.05	89.9273
1415.98	90.6691
1417.91	91.2771
1419.83	91.598
1421.76	91.6547
1423.69	91.5364
1425.62	91.2638
1427.55	90.8835
1429.48	90.2283
1431.41	89.2356
1433.34	88.2562
1435.27	87.2892
1437.2	86.0492
1439.13	84.9249
1441.06	84.2251
1442.98	83.6735
1444.91	83.0509
1446.84	82.2185
1448.77	81.0483
1450.7	79.9549
1452.63	79.6198
1454.56	80.1863
1456.49	81.5705
1458.42	83.0209
1460.35	83.8972
1462.28	84.7776
1464.2	85.9247
1466.13	86.9973
1468.06	87.8325
1469.99	88.7799
1471.92	89.8558
1473.85	90.4686
1475.78	90.5795
1477.71	90.7364
1479.64	91.0324
1481.57	91.4035
1483.5	91.8569
1485.43	92.4384
1487.35	93.1819
1489.28	93.9082
1491.21	94.323
1493.14	94.6648
1495.07	95.2184
1497	95.8279
1498.93	96.1306
1500.86	96.2545
1502.79	96.5076
1504.72	96.9958
1506.65	97.5421
1508.57	97.4849
1510.5	97.1362
1512.43	97.0421
1514.36	97.2154
1516.29	97.479
1518.22	97.689
1520.15	97.8029
1522.08	97.7736
1524.01	97.666
1525.94	97.5481
1527.87	97.4435
1529.8	97.4401
1531.72	97.5269
1533.65	97.5421
1535.58	97.5296
1537.51	97.7509
1539.44	98.18
1541.37	98.2204
1543.3	97.7661
1545.23	97.3917
1547.16	97.2089
1549.09	97.184
1551.02	97.2244
1552.94	97.2835
1554.87	97.494
1556.8	97.9075
1558.73	98.04
1560.66	97.5154
1562.59	97.087
1564.52	96.9313
1566.45	96.9614
1568.38	97.0268
1570.31	96.8935
1572.24	96.7295
1574.16	96.7878
1576.09	96.8569
1578.02	96.6026
1579.95	96.2997
1581.88	96.1697
1583.81	96.1211
1585.74	96.0573
1587.67	95.9739
1589.6	95.9069
1591.53	95.8775
1593.46	95.8481
1595.39	95.7704
1597.31	95.6523
1599.24	95.5328
1601.17	95.4265
1603.1	95.2934
1605.03	95.1212
1606.96	94.977
1608.89	94.8051
1610.82	94.5044
1612.75	94.2626
1614.68	94.1578
1616.61	93.7812
1618.53	93.0656
1620.46	92.4805
1622.39	91.8464
1624.32	90.9165
1626.25	89.9176
1628.18	88.7318
1630.11	87.2959
1632.04	86.0986
1633.97	85.1157
1635.9	83.7959
1637.83	82.9978
1639.76	84.0615
1641.68	86.4612
1643.61	89.14
1645.54	91.6108
1647.47	93.454
1649.4	94.26
1651.33	94.6292
1653.26	94.9546
1655.19	94.8596
1657.12	94.672
1659.05	94.7414
1660.98	94.8871
1662.9	94.7599
1664.83	94.4843
1666.76	94.409
1668.69	94.464
1670.62	94.2801
1672.55	93.9232
1674.48	93.5528
1676.41	92.9136
1678.34	92.224
1680.27	91.9009
1682.2	91.6903
1684.12	91.0786
1686.05	90.1927
1687.98	89.232
1689.91	88.1067
1691.84	86.8976
1693.77	85.4327
1695.7	83.545
1697.63	81.3706
1699.56	78.3551
1701.49	74.4854
1703.42	71.0976
1705.35	67.916
1707.27	64.1748
1709.2	60.7202
1711.13	58.157
1713.06	56.0492
1714.99	54.6081
1716.92	54.1353
1718.85	54.0572
1720.78	54.9647
1722.71	57.4738
1724.64	61.1614
1726.57	65.7263
1728.49	70.9245
1730.42	76.2734
1732.35	82.2664
1734.28	89.6484
1736.21	96.0432
1738.14	99.9939
1740.07	102.942
1742	105.61
1743.93	107.503
1745.86	108.873
1747.79	110.173
1749.72	111.058
1751.64	111.348
1753.57	111.238
1755.5	110.712
1757.43	110.074
1759.36	109.548
1761.29	108.721
1763.22	107.506
1765.15	106.349
1767.08	105.377
1769.01	104.605
1770.94	104.016
1772.86	103.187
1774.79	102.113
1776.72	101.337
1778.65	100.929
1780.58	100.668
1782.51	100.429
1784.44	100.167
1786.37	99.9265
1788.3	99.8268
1790.23	99.8519
1792.16	99.7941
1794.08	99.4929
1796.01	99.1422
1797.94	98.9325
1799.87	98.8073
1801.8	98.6174
1803.73	98.3949
1805.66	98.2535
1807.59	98.199
1809.52	98.1801
1811.45	98.1099
1813.38	97.956
1815.31	97.833
1817.23	97.8239
1819.16	97.8913
1821.09	98.0055
1823.02	98.1202
1824.95	98.134
1826.88	98.1029
1828.81	98.1299
1830.74	98.1106
1832.67	98.0156
1834.6	97.9731
1836.53	97.9508
1838.45	97.8784
1840.38	97.8717
1842.31	98.016
1844.24	98.1715
1846.17	98.1376
1848.1	97.9688
1850.03	97.8352
1851.96	97.8595
1853.89	98.0533
1855.82	98.2643
1857.75	98.3103
1859.68	98.1753
1861.6	98.0412
1863.53	98.1079
1865.46	98.3738
1867.39	98.5931
1869.32	98.517
1871.25	98.3187
1873.18	98.2699
1875.11	98.2791
1877.04	98.2085
1878.97	98.1693
1880.9	98.2682
1882.82	98.3698
1884.75	98.3703
1886.68	98.3914
1888.61	98.4713
1890.54	98.4307
1892.47	98.2968
1894.4	98.3467
1896.33	98.5833
1898.26	98.7203
1900.19	98.683
1902.12	98.5956
1904.05	98.5177
1905.97	98.5453
1907.9	98.7628
1909.83	99.0097
1911.76	99.0792
1913.69	99.022
1915.62	98.9166
1917.55	98.7333
1919.48	98.5731
1921.41	98.638
1923.34	98.9032
1925.27	99.0877
1927.19	99.0273
1929.12	98.9117
1931.05	98.9628
1932.98	99.09
1934.91	99.0837
1936.84	98.9982
1938.77	99.025
1940.7	99.1387
1942.63	99.1902
1944.56	99.204
1946.49	99.2502
1948.41	99.2728
1950.34	99.2993
1952.27	99.3753
1954.2	99.3508
1956.13	99.2127
1958.06	99.2298
1959.99	99.4491
1961.92	99.6903
1963.85	99.9115
1965.78	99.9933
1967.71	99.7789
1969.64	99.5807
1971.56	99.7408
1973.49	100.035
1975.42	100.138
1977.35	100.023
1979.28	99.7739
1981.21	99.5364
1983.14	99.46
1985.07	99.5223
1987	99.7041
1988.93	100.005
1990.86	100.16
1992.78	100.009
1994.71	99.9078
1996.64	100.03
1998.57	100.013
2000.5	99.7819
2002.43	99.7545
2004.36	99.9738
2006.29	100.066
2008.22	100.04
2010.15	100.162
2012.08	100.297
2014.01	100.202
2015.93	100.017
2017.86	99.958
2019.79	100.007
2021.72	100.118
2023.65	100.222
2025.58	100.111
2027.51	99.8098
2029.44	99.6789
2031.37	99.7885
2033.3	99.8177
2035.23	99.7348
2037.15	99.7717
2039.08	99.8477
2041.01	99.8223
2042.94	99.8718
2044.87	100.058
2046.8	100.152
2048.73	100.06
2050.66	99.8527
2052.59	99.6087
2054.52	99.5096
2056.45	99.6097
2058.37	99.6273
2060.3	99.454
2062.23	99.3857
2064.16	99.516
2066.09	99.6067
2068.02	99.658
2069.95	99.8526
2071.88	100.052
2073.81	99.9959
2075.74	99.7646
2077.67	99.6036
2079.6	99.5883
2081.52	99.6522
2083.45	99.6698
2085.38	99.5324
2087.31	99.3115
2089.24	99.1912
2091.17	99.2231
2093.1	99.346
2095.03	99.5083
2096.96	99.6245
2098.89	99.614
2100.82	99.4955
2102.74	99.3095
2104.67	99.1321
2106.6	99.1464
2108.53	99.3874
2110.46	99.5727
2112.39	99.5278
2114.32	99.5066
2116.25	99.7471
2118.18	100.029
2120.11	99.9935
2122.04	99.6613
2123.97	99.3968
2125.89	99.4538
2127.82	99.6907
2129.75	99.7842
2131.68	99.7207
2133.61	99.789
2135.54	99.9902
2137.47	100.014
2139.4	99.9339
2141.33	100.116
2143.26	100.418
2145.19	100.397
2147.11	100.183
2149.04	100.228
2150.97	100.454
2152.9	100.448
2154.83	100.206
2156.76	100.081
2158.69	100.228
2160.62	100.47
2162.55	100.594
2164.48	100.553
2166.41	100.362
2168.33	100.005
2170.26	99.6647
2172.19	99.7034
2174.12	100.081
2176.05	100.265
2177.98	100.088
2179.91	99.9445
2181.84	99.9796
2183.77	99.9903
2185.7	100.031
2187.63	100.261
2189.56	100.499
2191.48	100.518
2193.41	100.375
2195.34	100.203
2197.27	100.081
2199.2	100.117
2201.13	100.262
2203.06	100.271
2204.99	100.187
2206.92	100.332
2208.85	100.543
2210.78	100.31
2212.7	99.8706
2214.63	99.9309
2216.56	100.373
2218.49	100.54
2220.42	100.396
2222.35	100.292
2224.28	100.244
2226.21	100.158
2228.14	100.036
2230.07	99.8151
2232	99.5459
2233.93	99.4658
2235.85	99.5861
2237.78	99.6801
2239.71	99.7114
2241.64	99.756
2243.57	99.7163
2245.5	99.6031
2247.43	99.683
2249.36	99.9638
2251.29	100.106
2253.22	100.047
2255.15	100.036
2257.07	100.113
2259	100.178
2260.93	100.258
2262.86	100.339
2264.79	100.326
2266.72	100.237
2268.65	100.13
2270.58	100.038
2272.51	100.029
2274.44	100.082
2276.37	100.082
2278.29	100.017
2280.22	99.9537
2282.15	99.8846
2284.08	99.7943
2286.01	99.7576
2287.94	99.8687
2289.87	100.091
2291.8	100.264
2293.73	100.36
2295.66	100.574
2297.59	100.983
2299.52	101.379
2301.44	101.637
2303.37	101.899
2305.3	102.283
2307.23	102.768
2309.16	103.332
2311.09	103.907
2313.02	104.348
2314.95	104.742
2316.88	105.439
2318.81	106.473
2320.74	107.361
2322.66	107.833
2324.59	108.282
2326.52	108.982
2328.45	109.673
2330.38	110.082
2332.31	110.305
2334.24	110.651
2336.17	111.214
2338.1	111.698
2340.03	111.852
2341.96	111.817
2343.89	111.203
2345.81	109.51
2347.74	107.936
2349.67	107.739
2351.6	109.127
2353.53	111.587
2355.46	113.996
2357.39	115.741
2359.32	116.641
2361.25	116.359
2363.18	115.361
2365.11	114.178
2367.03	112.739
2368.96	111.021
2370.89	109.091
2372.82	107.059
2374.75	105.217
2376.68	103.751
2378.61	102.499
2380.54	101.242
2382.47	100.032
2384.4	99.0775
2386.33	98.4899
2388.26	98.2392
2390.18	98.1911
2392.11	98.1633
2394.04	98.0792
2395.97	97.9994
2397.9	97.9501
2399.83	97.8825
2401.76	97.7967
2403.69	97.7671
2405.62	97.8445
2407.55	97.9485
2409.48	97.9339
2411.4	97.8362
2413.33	97.844
2415.26	97.9662
2417.19	98.0277
2419.12	97.9706
2421.05	97.8844
2422.98	97.8435
2424.91	97.8704
2426.84	97.9443
2428.77	98.0381
2430.7	98.1448
2432.62	98.1849
2434.55	98.0577
2436.48	97.869
2438.41	97.831
2440.34	97.9286
2442.27	97.9708
2444.2	97.9073
2446.13	97.8497
2448.06	97.8442
2449.99	97.8182
2451.92	97.7491
2453.85	97.725
2455.77	97.7923
2457.7	97.8803
2459.63	97.929
2461.56	97.9605
2463.49	97.9893
2465.42	97.9745
2467.35	97.8952
2469.28	97.8118
2471.21	97.818
2473.14	97.9379
2475.07	98.0885
2476.99	98.1548
2478.92	98.1131
2480.85	98.0501
2482.78	98.0286
2484.71	98.0141
2486.64	97.9778
2488.57	97.9447
2490.5	97.9262
2492.43	97.9467
2494.36	98.0607
2496.29	98.2305
2498.22	98.3355
2500.14	98.3284
2502.07	98.2258
2504	98.0724
2505.93	98.0232
2507.86	98.1926
2509.79	98.4049
2511.72	98.4196
2513.65	98.2931
2515.58	98.2078
2517.51	98.1917
2519.44	98.2311
2521.36	98.325
2523.29	98.3448
2525.22	98.2037
2527.15	98.0875
2529.08	98.1736
2531.01	98.3426
2532.94	98.4298
2534.87	98.4656
2536.8	98.4901
2538.73	98.4456
2540.66	98.341
2542.58	98.2607
2544.51	98.2273
2546.44	98.2287
2548.37	98.2652
2550.3	98.2843
2552.23	98.2534
2554.16	98.2524
2556.09	98.2854
2558.02	98.2055
2559.95	98.0319
2561.88	98.0089
2563.81	98.1907
2565.73	98.3413
2567.66	98.3232
2569.59	98.2554
2571.52	98.2587
2573.45	98.2908
2575.38	98.2683
2577.31	98.2162
2579.24	98.2188
2581.17	98.2905
2583.1	98.386
2585.03	98.4808
2586.95	98.5594
2588.88	98.5848
2590.81	98.524
2592.74	98.3869
2594.67	98.252
2596.6	98.2091
2598.53	98.2257
2600.46	98.1576
2602.39	97.9531
2604.32	97.7503
2606.25	97.7104
2608.18	97.8143
2610.1	97.8862
2612.03	97.8172
2613.96	97.7016
2615.89	97.698
2617.82	97.8035
2619.75	97.8729
2621.68	97.8485
2623.61	97.8087
2625.54	97.7803
2627.47	97.7143
2629.4	97.6294
2631.32	97.5733
2633.25	97.5472
2635.18	97.5819
2637.11	97.673
2639.04	97.6838
2640.97	97.5732
2642.9	97.4882
2644.83	97.4554
2646.76	97.3728
2648.69	97.3149
2650.62	97.4
2652.54	97.5064
2654.47	97.486
2656.4	97.4087
2658.33	97.3737
2660.26	97.3327
2662.19	97.2081
2664.12	97.0451
2666.05	96.9756
2667.98	97.0272
2669.91	97.0739
2671.84	97.0574
2673.77	97.0565
2675.69	97.075
2677.62	97.0502
2679.55	97.0282
2681.48	97.0612
2683.41	97.0956
2685.34	97.1043
2687.27	97.0974
2689.2	97.0389
2691.13	96.948
2693.06	96.9066
2694.99	96.9015
2696.91	96.8832
2698.84	96.89
2700.77	96.9349
2702.7	96.9376
2704.63	96.8535
2706.56	96.7355
2708.49	96.6725
2710.42	96.7103
2712.35	96.7911
2714.28	96.8239
2716.21	96.8159
2718.14	96.8232
2720.06	96.826
2721.99	96.7818
2723.92	96.7133
2725.85	96.6549
2727.78	96.6109
2729.71	96.5956
2731.64	96.6065
2733.57	96.5812
2735.5	96.4942
2737.43	96.4274
2739.36	96.4443
2741.28	96.4935
2743.21	96.5129
2745.14	96.5139
2747.07	96.5197
2749	96.5291
2750.93	96.5601
2752.86	96.6411
2754.79	96.7416
2756.72	96.7758
2758.65	96.7108
2760.58	96.6282
2762.51	96.6163
2764.43	96.6455
2766.36	96.6318
2768.29	96.583
2770.22	96.5751
2772.15	96.6122
2774.08	96.6361
2776.01	96.6485
2777.94	96.6768
2779.87	96.6752
2781.8	96.6195
2783.73	96.5853
2785.65	96.5888
2787.58	96.5309
2789.51	96.4038
2791.44	96.3377
2793.37	96.3793
2795.3	96.424
2797.23	96.3955
2799.16	96.3389
2801.09	96.3158
2803.02	96.3157
2804.95	96.2992
2806.87	96.2693
2808.8	96.254
2810.73	96.2342
2812.66	96.1486
2814.59	96.0111
2816.52	95.9233
2818.45	95.8965
2820.38	95.828
2822.31	95.713
2824.24	95.6386
2826.17	95.5958
2828.1	95.5411
2830.02	95.4826
2831.95	95.3779
2833.88	95.2164
2835.81	95.1233
2837.74	95.1083
2839.67	95.0018
2841.6	94.7839
2843.53	94.5743
2845.46	94.3601
2847.39	94.1019
2849.32	93.8546
2851.24	93.5903
2853.17	93.2459
2855.1	92.8817
2857.03	92.5054
2858.96	92.0475
2860.89	91.6121
2862.82	91.3247
2864.75	91.057
2866.68	90.7063
2868.61	90.4092
2870.54	90.2054
2872.47	89.9871
2874.39	89.8464
2876.32	89.9575
2878.25	90.2676
2880.18	90.6439
2882.11	90.9869
2884.04	91.1518
2885.97	91.1701
2887.9	91.2868
2889.83	91.4923
2891.76	91.5365
2893.69	91.4655
2895.61	91.5155
2897.54	91.6262
2899.47	91.6185
2901.4	91.5717
2903.33	91.6274
2905.26	91.7019
2907.19	91.6314
2909.12	91.438
2911.05	91.2924
2912.98	91.2367
2914.91	91.1138
2916.83	90.8487
2918.76	90.5659
2920.69	90.2913
2922.62	89.867
2924.55	89.2778
2926.48	88.6955
2928.41	88.1871
2930.34	87.7483
2932.27	87.5558
2934.2	87.8147
2936.13	88.3894
2938.06	88.8845
2939.98	89.119
2941.91	89.2732
2943.84	89.4824
2945.77	89.5443
2947.7	89.2211
2949.63	88.6122
2951.56	87.994
2953.49	87.4713
2955.42	86.9802
2957.35	86.5225
2959.28	86.2816
2961.2	86.4837
2963.13	87.1966
2965.06	88.3753
2966.99	89.9564
2968.92	91.6016
2970.85	92.6278
2972.78	92.7544
2974.71	92.5167
2976.64	92.4505
2978.57	92.5529
2980.5	92.726
2982.43	93.0083
2984.35	93.3418
2986.28	93.7104
2988.21	94.2636
2990.14	94.8789
2992.07	95.1767
2994	95.2407
2995.93	95.5399
2997.86	96.0845
2999.79	96.5196
3001.72	96.8676
3003.65	97.3251
3005.57	97.6965
3007.5	97.7296
3009.43	97.5928
3011.36	97.6046
3013.29	97.8953
3015.22	98.396
3017.15	98.8088
3019.08	98.8125
3021.01	98.5344
3022.94	98.4175
3024.87	98.5915
3026.79	98.8294
3028.72	98.9863
3030.65	99.0402
3032.58	98.9215
3034.51	98.6427
3036.44	98.3775
3038.37	98.2354
3040.3	98.1427
3042.23	97.998
3044.16	97.8266
3046.09	97.754
3048.02	97.8293
3049.94	97.9295
3051.87	97.9358
3053.8	97.8713
3055.73	97.7678
3057.66	97.6502
3059.59	97.6343
3061.52	97.7131
3063.45	97.6802
3065.38	97.5909
3067.31	97.7865
3069.24	98.1746
3071.16	98.2382
3073.09	97.9407
3075.02	97.7594
3076.95	97.7824
3078.88	97.6756
3080.81	97.4185
3082.74	97.2709
3084.67	97.2757
3086.6	97.3723
3088.53	97.5606
3090.46	97.6687
3092.39	97.5283
3094.31	97.3312
3096.24	97.2661
3098.17	97.1801
3100.1	96.9999
3102.03	96.9044
3103.96	96.9456
3105.89	97.0246
3107.82	97.0776
3109.75	97.0148
3111.68	96.8508
3113.61	96.835
3115.53	97.0514
3117.46	97.207
3119.39	97.1041
3121.32	96.9311
3123.25	96.9278
3125.18	97.0419
3127.11	97.0379
3129.04	96.868
3130.97	96.7374
3132.9	96.7722
3134.83	96.8723
3136.75	96.9271
3138.68	96.9562
3140.61	97.0338
3142.54	97.1636
3144.47	97.2208
3146.4	97.1337
3148.33	97.0256
3150.26	96.9714
3152.19	96.9137
3154.12	96.9328
3156.05	97.1065
3157.98	97.1983
3159.9	97.0529
3161.83	96.9212
3163.76	96.9259
3165.69	96.8589
3167.62	96.7357
3169.55	96.7925
3171.48	96.9547
3173.41	96.9742
3175.34	96.8946
3177.27	96.9049
3179.2	96.9908
3181.12	96.994
3183.05	96.8607
3184.98	96.7112
3186.91	96.6435
3188.84	96.5638
3190.77	96.4384
3192.7	96.5166
3194.63	96.9292
3196.56	97.3415
3198.49	97.3742
3200.42	97.0886
3202.35	96.7859
3204.27	96.5944
3206.2	96.4485
3208.13	96.3547
3210.06	96.4636
3211.99	96.7404
3213.92	96.8387
3215.85	96.6252
3217.78	96.4724
3219.71	96.6539
3221.64	96.8816
3223.57	96.8056
3225.49	96.5583
3227.42	96.4327
3229.35	96.406
3231.28	96.3442
3233.21	96.3435
3235.14	96.4934
3237.07	96.6216
3239	96.6038
3240.93	96.5876
3242.86	96.6538
3244.79	96.6526
3246.72	96.5397
3248.64	96.4857
3250.57	96.5363
3252.5	96.4931
3254.43	96.2621
3256.36	96.0889
3258.29	96.2317
3260.22	96.5716
3262.15	96.7958
3264.08	96.8013
3266.01	96.6489
3267.94	96.3758
3269.86	96.1308
3271.79	96.1424
3273.72	96.3416
3275.65	96.4115
3277.58	96.3003
3279.51	96.2363
3281.44	96.2944
3283.37	96.3649
3285.3	96.379
3287.23	96.3073
3289.16	96.1413
3291.08	95.9658
3293.01	95.8951
3294.94	95.9708
3296.87	96.1425
3298.8	96.2514
3300.73	96.1634
3302.66	95.9844
3304.59	95.9202
3306.52	95.9755
3308.45	96.0271
3310.38	96.0145
3312.31	95.8972
3314.23	95.6917
3316.16	95.5936
3318.09	95.737
3320.02	95.9078
3321.95	95.8329
3323.88	95.6204
3325.81	95.5715
3327.74	95.6969
3329.67	95.7391
3331.6	95.6043
3333.53	95.482
3335.45	95.5071
3337.38	95.5608
3339.31	95.5054
3341.24	95.4098
3343.17	95.4045
3345.1	95.4558
3347.03	95.4343
3348.96	95.3458
3350.89	95.321
3352.82	95.3784
3354.75	95.4101
3356.68	95.418
3358.6	95.4908
3360.53	95.5454
3362.46	95.4306
3364.39	95.2212
3366.32	95.0844
3368.25	95.0332
3370.18	95.0398
3372.11	95.0852
3374.04	95.0405
3375.97	94.8841
3377.9	94.8744
3379.82	95.1317
3381.75	95.3652
3383.68	95.3152
3385.61	95.1262
3387.54	95.0599
3389.47	95.1191
3391.4	95.1285
3393.33	95.0138
3395.26	94.8867
3397.19	94.8659
3399.12	94.9145
3401.04	94.9259
3402.97	94.877
3404.9	94.8202
3406.83	94.8151
3408.76	94.8836
3410.69	94.9539
3412.62	94.929
3414.55	94.8578
3416.48	94.8611
3418.41	94.9057
3420.34	94.8857
3422.27	94.8426
3424.19	94.8315
3426.12	94.7638
3428.05	94.6575
3429.98	94.7103
3431.91	94.8956
3433.84	94.9204
3435.77	94.8127
3437.7	94.9687
3439.63	95.3842
3441.56	95.5428
3443.49	95.3042
3445.41	95.1317
3447.34	95.2421
3449.27	95.3116
3451.2	95.2122
3453.13	95.227
3455.06	95.3942
3456.99	95.4146
3458.92	95.2601
3460.85	95.1915
3462.78	95.2511
3464.71	95.2963
3466.64	95.318
3468.56	95.3909
3470.49	95.5387
3472.42	95.6497
3474.35	95.4606
3476.28	94.9569
3478.21	94.5758
3480.14	94.5918
3482.07	94.7727
3484	94.8468
3485.93	94.8419
3487.86	94.8954
3489.78	95.0246
3491.71	95.0035
3493.64	94.6452
3495.57	94.2452
3497.5	94.223
3499.43	94.4582
3501.36	94.6491
3503.29	94.7779
3505.22	94.8019
3507.15	94.6705
3509.08	94.6091
3511	94.7058
3512.93	94.6994
3514.86	94.6003
3516.79	94.6649
3518.72	94.7497
3520.65	94.6088
3522.58	94.4811
3524.51	94.5652
3526.44	94.5879
3528.37	94.5198
3530.3	94.6836
3532.23	94.9065
3534.15	94.7773
3536.08	94.4823
3538.01	94.4311
3539.94	94.5182
3541.87	94.5024
3543.8	94.4829
3545.73	94.5488
3547.66	94.5633
3549.59	94.5136
3551.52	94.5514
3553.45	94.6948
3555.37	94.8075
3557.3	94.8342
3559.23	94.855
3561.16	94.9381
3563.09	95.0403
3565.02	95.0828
3566.95	95.1034
3568.88	95.2469
3570.81	95.4784
3572.74	95.6407
3574.67	95.697
3576.6	95.6749
3578.52	95.533
3580.45	95.3481
3582.38	95.4331
3584.31	95.8415
3586.24	96.1657
3588.17	96.1408
3590.1	96.1581
3592.03	96.4714
3593.96	96.8527
3595.89	97.1013
3597.82	97.2886
3599.74	97.545
3601.67	97.8322
3603.6	97.9923
3605.53	97.9228
3607.46	97.6877
3609.39	97.4992
3611.32	97.4547
3613.25	97.5037
3615.18	97.6991
3617.11	97.9917
3619.04	98.0477
3620.97	97.7498
3622.89	97.5794
3624.82	97.8401
3626.75	98.3224
3628.68	98.4435
3630.61	97.9348
3632.54	97.5051
3634.47	97.4491
3636.4	97.4471
3638.33	97.2629
3640.26	97.0886
3642.19	97.1512
3644.11	97.3964
3646.04	97.7624
3647.97	98.2984
3649.9	98.6042
3651.83	98.2841
3653.76	97.8226
3655.69	97.5428
3657.62	97.4542
3659.55	97.4137
3661.48	97.3426
3663.41	97.3794
3665.33	97.6612
3667.26	98.0476
3669.19	98.3016
3671.12	98.4683
3673.05	98.7779
3674.98	99.035
3676.91	98.8009
3678.84	98.278
3680.77	97.8848
3682.7	97.6808
3684.63	97.7133
3686.56	98.0149
3688.48	98.4101
3690.41	98.4239
3692.34	98.0405
3694.27	97.8564
3696.2	98.084
3698.13	98.3829
3700.06	98.4371
3701.99	98.3963
3703.92	98.3919
3705.85	98.2554
3707.78	98.0779
3709.7	98.1418
3711.63	98.2956
3713.56	98.2468
3715.49	98.292
3717.42	98.5482
3719.35	98.7223
3721.28	98.6993
3723.21	98.6857
3725.14	98.7083
3727.07	98.6985
3729	98.7582
3730.93	98.9093
3732.85	99.0825
3734.78	99.2039
3736.71	99.0328
3738.64	98.59
3740.57	98.2653
3742.5	98.2441
3744.43	98.5198
3746.36	98.8908
3748.29	99.0735
3750.22	98.8405
3752.15	98.2614
3754.07	97.9502
3756	97.9417
3757.93	97.9061
3759.86	97.8106
3761.79	97.8434
3763.72	97.9481
3765.65	97.9408
3767.58	97.8556
3769.51	97.8061
3771.44	97.7187
3773.37	97.6188
3775.29	97.6825
3777.22	97.8469
3779.15	97.84
3781.08	97.6682
3783.01	97.6061
3784.94	97.6523
3786.87	97.5786
3788.8	97.3442
3790.73	97.1908
3792.66	97.3114
3794.59	97.6121
3796.52	97.8491
3798.44	97.9893
3800.37	98.1603
3802.3	98.3034
3804.23	98.2825
3806.16	98.0814
3808.09	97.7233
3810.02	97.4604
3811.95	97.5084
3813.88	97.7282
3815.81	97.839
3817.74	97.8146
3819.66	97.8997
3821.59	98.0682
3823.52	98.1072
3825.45	98.0681
3827.38	98.0798
3829.31	98.1298
3831.24	98.1786
3833.17	98.2322
3835.1	98.2811
3837.03	98.2902
3838.96	98.2296
3840.89	98.07
3842.81	97.8094
3844.74	97.559
3846.67	97.5311
3848.6	97.7945
3850.53	98.1889
3852.46	98.388
3854.39	98.093
3856.32	97.7483
3858.25	97.7121
3860.18	97.7976
3862.11	97.7755
3864.03	97.6636
3865.96	97.6982
3867.89	97.8297
3869.82	97.7756
3871.75	97.5719
3873.68	97.5445
3875.61	97.6889
3877.54	97.7795
3879.47	97.7654
3881.4	97.7274
3883.33	97.6419
3885.25	97.5038
3887.18	97.5601
3889.11	97.893
3891.04	98.1224
3892.97	97.9238
3894.9	97.6172
3896.83	97.6168
3898.76	97.8981
3900.69	98.2018
3902.62	98.263
3904.55	98.0383
3906.48	97.7366
3908.4	97.5578
3910.33	97.4808
3912.26	97.4193
3914.19	97.3742
3916.12	97.4008
3918.05	97.5028
3919.98	97.6108
3921.91	97.704
3923.84	97.7977
3925.77	97.8134
3927.7	97.7188
3929.62	97.6506
3931.55	97.6659
3933.48	97.6499
3935.41	97.5959
3937.34	97.6069
3939.27	97.6518
3941.2	97.6098
3943.13	97.41
3945.06	97.138
3946.99	97.0474
3948.92	97.2409
3950.85	97.4147
3952.77	97.333
3954.7	97.2189
3956.63	97.2535
3958.56	97.3135
3960.49	97.329
3962.42	97.3576
3964.35	97.3795
3966.28	97.3803
3968.21	97.389
3970.14	97.3935
3972.07	97.4306
3973.99	97.517
3975.92	97.4869
3977.85	97.2838
3979.78	97.1447
3981.71	97.1827
3983.64	97.2511
3985.57	97.2982
3987.5	97.3678
3989.43	97.3667
3991.36	97.2404
3993.29	97.133
3995.22	97.1567
3997.14	97.2737
