499.643	83.1802
501.572	83.0404
503.501	85.5436
505.43	88.2039
507.36	89.0201
509.289	88.5123
511.218	88.1578
513.147	88.5108
515.076	88.9854
517.005	88.7683
518.934	88.0139
520.863	87.7445
522.792	88.2241
524.722	88.7947
526.651	88.9489
528.58	88.6864
530.509	88.1666
532.438	87.816
534.367	88.1205
536.296	88.7601
538.225	89.0199
540.155	89.0751
542.084	89.509
544.013	90.1031
545.942	90.3976
547.871	90.5457
549.8	90.6305
551.729	90.3381
553.658	89.8695
555.588	89.8131
557.517	90.0768
559.446	90.181
561.375	90.1868
563.304	90.2933
565.233	90.3114
567.162	90.2152
569.091	90.2936
571.021	90.5327
572.95	90.6223
574.879	90.4558
576.808	90.2127
578.737	90.1405
580.666	90.2544
582.595	90.2161
584.524	89.715
586.454	88.885
588.383	88.1073
590.312	87.5995
592.241	87.3569
594.17	87.2789
596.099	87.2321
598.028	87.1
599.957	86.9213
601.887	86.9688
603.816	87.4584
605.745	88.1878
607.674	88.7379
609.603	89.0324
611.532	89.3785
613.461	89.9067
615.39	90.3441
617.32	90.4479
619.249	90.3986
621.178	90.4611
623.107	90.5352
625.036	90.4342
626.965	90.2903
628.894	90.2567
630.823	90.1361
632.753	89.7505
634.682	89.2974
636.611	88.9549
638.54	88.5249
640.469	87.765
642.398	86.7263
644.327	85.6137
646.256	84.5286
648.186	83.5306
650.115	82.8186
652.044	82.5334
653.973	82.6175
655.902	82.9691
657.831	83.5305
659.76	84.3633
661.689	85.4022
663.619	86.4159
665.548	87.728
667.477	89.9604
669.406	91.794
671.335	92.0079
673.264	92.1512
675.193	92.7182
677.122	93.2431
679.052	93.597
680.981	93.9493
682.91	94.1371
684.839	94.1263
686.768	94.137
688.697	94.1869
690.626	94.1949
692.555	94.1714
694.485	94.1144
696.414	94.061
698.343	94.0643
700.272	94.0268
702.201	93.8977
704.13	93.8486
706.059	93.9367
707.988	93.9667
709.917	93.8843
711.847	93.8336
713.776	93.83
715.705	93.8438
717.634	93.9635
719.563	94.1096
721.492	94.0228
723.421	93.7595
725.35	93.602
727.28	93.5412
729.209	93.3751
731.138	93.0823
733.067	92.7525
734.996	92.3931
736.925	91.9862
738.854	91.548
740.783	91.0808
742.713	90.5625
744.642	90.0324
746.571	89.6614
748.5	89.6259
750.429	89.9031
752.358	90.3115
754.287	90.7269
756.216	91.145
758.146	91.5671
760.075	91.9348
762.004	92.2094
763.933	92.4506
765.862	92.7136
767.791	92.9279
769.72	93.0214
771.649	93.0547
773.579	93.0854
775.508	93.0736
777.437	93.0123
779.366	92.9569
781.295	92.9078
783.224	92.8216
785.153	92.6977
787.082	92.5439
789.012	92.3108
790.941	91.938
792.87	91.4313
794.799	90.8284
796.728	90.1051
798.657	89.1872
800.586	88.0097
802.515	86.4667
804.445	84.3546
806.374	81.5038
808.303	78.067
810.232	74.7269
812.161	72.4988
814.09	72.1185
816.019	73.5692
817.948	76.1742
819.878	79.0647
821.807	81.6268
823.736	83.6425
825.665	85.1342
827.594	86.2048
829.523	86.9702
831.452	87.4763
833.381	87.7062
835.311	87.7048
837.24	87.5354
839.169	87.1474
841.098	86.5071
843.027	85.7869
844.956	85.2331
846.885	84.9484
848.814	84.8956
850.744	84.9864
852.673	85.149
854.602	85.3728
856.531	85.653
858.46	85.9384
860.389	86.1961
862.318	86.4217
864.247	86.549
866.177	86.4903
868.106	86.2628
870.035	85.9495
871.964	85.576
873.893	85.1107
875.822	84.5384
877.751	83.9035
879.68	83.3285
881.609	82.9667
883.539	82.8833
885.468	82.9961
887.397	83.1572
889.326	83.2738
891.255	83.347
893.184	83.4305
895.113	83.5767
897.042	83.8233
898.972	84.2215
900.901	84.8481
902.83	85.7343
904.759	86.7711
906.688	87.7366
908.617	88.4488
910.546	88.868
912.475	89.0365
914.405	88.969
916.334	88.6386
918.263	88.0264
920.192	87.1231
922.121	85.8836
924.05	84.226
925.979	82.0851
927.908	79.454
929.838	76.3919
931.767	73.0539
933.696	69.7347
935.625	66.8231
937.554	64.6436
939.483	63.3368
941.412	62.8819
943.341	63.1505
945.271	63.9324
947.2	65.0354
949.129	66.3852
951.058	67.9468
952.987	69.6027
954.916	71.2068
956.845	72.6939
958.774	74.07
960.704	75.3946
962.633	76.8163
964.562	78.4898
966.491	80.3917
968.42	82.3067
970.349	84.011
972.278	85.396
974.207	86.4449
976.137	87.1721
978.066	87.5908
979.995	87.7139
981.924	87.5615
983.853	87.1565
985.782	86.5616
987.711	85.9436
989.64	85.4999
991.57	85.2598
993.499	85.02
995.428	84.4944
997.357	83.4794
999.286	81.9618
1001.22	80.2149
1003.14	78.7141
1005.07	77.79
1007	77.417
1008.93	77.4433
1010.86	77.8493
1012.79	78.5919
1014.72	79.3795
1016.65	79.8246
1018.58	79.7079
1020.51	78.9848
1022.44	77.6943
1024.36	76.0063
1026.29	74.2891
1028.22	72.953
1030.15	72.1214
1032.08	71.533
1034.01	70.8664
1035.94	70.0708
1037.87	69.3183
1039.8	68.7654
1041.73	68.4571
1043.66	68.4023
1045.58	68.6445
1047.51	69.1963
1049.44	69.9257
1051.37	70.6105
1053.3	71.12
1055.23	71.4817
1057.16	71.8043
1059.09	72.1833
1061.02	72.6164
1062.95	72.9518
1064.88	72.9911
1066.81	72.7298
1068.73	72.454
1070.66	72.514
1072.59	73.0414
1074.52	73.9248
1076.45	74.956
1078.38	75.9486
1080.31	76.7981
1082.24	77.4606
1084.17	77.8722
1086.1	77.9753
1088.03	77.8044
1089.95	77.4103
1091.88	76.7398
1093.81	75.724
1095.74	74.4375
1097.67	73.0556
1099.6	71.6823
1101.53	70.2883
1103.46	68.8107
1105.39	67.2465
1107.32	65.6236
1109.25	63.9514
1111.18	62.2475
1113.1	60.5623
1115.03	58.9386
1116.96	57.3759
1118.89	55.85
1120.82	54.3603
1122.75	52.9355
1124.68	51.5701
1126.61	50.1777
1128.54	48.6451
1130.47	46.9024
1132.4	44.9124
1134.32	42.6776
1136.25	40.3151
1138.18	38.0476
1140.11	36.08
1142.04	34.5337
1143.97	33.4826
1145.9	32.9944
1147.83	33.1145
1149.76	33.7979
1151.69	34.8979
1153.62	36.2846
1155.55	37.911
1157.47	39.7252
1159.4	41.6249
1161.33	43.519
1163.26	45.3494
1165.19	47.0731
1167.12	48.6638
1169.05	50.1105
1170.98	51.4344
1172.91	52.7048
1174.84	54.0031
1176.77	55.3958
1178.69	56.9379
1180.62	58.6479
1182.55	60.5069
1184.48	62.5021
1186.41	64.6314
1188.34	66.8895
1190.27	69.2842
1192.2	71.8463
1194.13	74.6268
1196.06	77.6416
1197.99	80.7834
1199.91	83.886
1201.84	86.8068
1203.77	89.3208
1205.7	91.2343
1207.63	92.6607
1209.56	93.8381
1211.49	95.1057
1213.42	97.0722
1215.35	99.5241
1217.28	100.521
1219.21	98.9488
1221.14	96.83
1223.06	96.2926
1224.99	96.9902
1226.92	97.5171
1228.85	97.3037
1230.78	96.3175
1232.71	94.4954
1234.64	92.0773
1236.57	89.5225
1238.5	87.1766
1240.43	85.2552
1242.36	83.8219
1244.28	82.8113
1246.21	82.1706
1248.14	81.8678
1250.07	81.8386
1252	81.9925
1253.93	82.1965
1255.86	82.3211
1257.79	82.3267
1259.72	82.2156
1261.65	81.9823
1263.58	81.6657
1265.51	81.3317
1267.43	81.0157
1269.36	80.7304
1271.29	80.472
1273.22	80.2217
1275.15	79.958
1277.08	79.6262
1279.01	79.1185
1280.94	78.2854
1282.87	76.9174
1284.8	74.7482
1286.73	71.5863
1288.65	67.6184
1290.58	63.6506
1292.51	60.8326
1294.44	60.0171
1296.37	61.333
1298.3	64.1865
1300.23	67.6323
1302.16	70.8338
1304.09	73.2683
1306.02	74.6682
1307.95	74.9865
1309.87	74.4285
1311.8	73.4169
1313.73	72.4984
1315.66	72.0172
1317.59	71.8869
1319.52	72.0214
1321.45	72.6749
1323.38	74.0481
1325.31	76.0139
1327.24	78.3006
1329.17	80.6968
1331.1	83.1075
1333.02	85.3819
1334.95	87.3131
1336.88	88.903
1338.81	90.2924
1340.74	91.5354
1342.67	92.7496
1344.6	94.1628
1346.53	95.8201
1348.46	97.5243
1350.39	99.0409
1352.32	100.193
1354.24	100.846
1356.17	101.028
1358.1	100.991
1360.03	101.027
1361.96	101.212
1363.89	101.082
1365.82	100.142
1367.75	98.8693
1369.68	98.2602
1371.61	98.3977
1373.54	98.1692
1375.47	96.9599
1377.39	95.5699
1379.32	94.5853
1381.25	93.8465
1383.18	93.2663
1385.11	92.761
1387.04	92.0661
1388.97	91.249
1390.9	90.6179
1392.83	90.1101
1394.76	89.541
1396.69	88.7987
1398.61	87.8087
1400.54	86.8254
1402.47	86.2955
1404.4	86.3431
1406.33	86.7807
1408.26	87.3823
1410.19	88.133
1412.12	89.0298
1414.05	89.8773
1415.98	90.5956
1417.91	91.1948
1419.83	91.5404
1421.76	91.6289
1423.69	91.5238
1425.62	91.2369
1427.55	90.8109
1429.48	90.0955
1431.41	89.0685
1433.34	88.0865
1435.27	87.114
1437.2	85.867
1439.13	84.7624
1441.06	84.076
1442.98	83.4945
1444.91	82.8213
1446.84	81.9698
1448.77	80.8293
1450.7	79.7898
1452.63	79.4855
1454.56	80.0204
1456.49	81.3158
1458.42	82.7384
1460.35	83.663
1462.28	84.575
1464.2	85.7254
1466.13	86.7792
1468.06	87.5748
1469.99	88.482
1471.92	89.5502
1473.85	90.1746
1475.78	90.2612
1477.71	90.3927
1479.64	90.7064
1481.57	91.1163
1483.5	91.5869
1485.43	92.1573
1487.35	92.879
1489.28	93.6007
1491.21	94.039
1493.14	94.3982
1495.07	94.9607
1497	95.6119
1498.93	95.9863
1500.86	96.1537
1502.79	96.4335
1504.72	96.9568
1506.65	97.5083
1508.57	97.4155
1510.5	97.0802
1512.43	97.0208
1514.36	97.1826
1516.29	97.3891
1518.22	97.5794
1520.15	97.7506
1522.08	97.7856
1524.01	97.6683
1525.94	97.4888
1527.87	97.336
1529.8	97.3378
1531.72	97.4849
1533.65	97.5662
1535.58	97.5513
1537.51	97.7285
1539.44	98.1227
1541.37	98.1268
1543.3	97.6396
1545.23	97.2789
1547.16	97.1359
1549.09	97.1392
1551.02	97.1927
1552.94	97.2399
1554.87	97.399
1556.8	97.7516
1558.73	97.8677
1560.66	97.3624
1562.59	96.946
1564.52	96.8066
1566.45	96.8661
1568.38	96.9755
1570.31	96.8654
1572.24	96.6777
1574.16	96.7152
1576.09	96.8056
1578.02	96.5639
1579.95	96.2426
1581.88	96.1022
1583.81	96.0448
1585.74	95.9571
1587.67	95.8574
1589.6	95.7888
1591.53	95.7606
1593.46	95.7458
1595.39	95.7024
1597.31	95.6168
1599.24	95.5108
1601.17	95.4003
1603.1	95.2555
1605.03	95.0716
1606.96	94.9165
1608.89	94.7515
1610.82	94.4803
1612.75	94.2517
1614.68	94.1408
1616.61	93.7796
1618.53	93.0744
1620.46	92.461
1622.39	91.8206
1624.32	90.9356
1626.25	89.965
1628.18	88.7807
1630.11	87.3594
1632.04	86.1765
1633.97	85.1948
1635.9	83.8736
1637.83	83.0473
1639.76	84.0622
1641.68	86.4393
1643.61	89.125
1645.54	91.5939
1647.47	93.4085
1649.4	94.1929
1651.33	94.5705
1653.26	94.9602
1655.19	94.9131
1657.12	94.6787
1659.05	94.6594
1660.98	94.7236
1662.9	94.5746
1664.83	94.3254
1666.76	94.2907
1668.69	94.4037
1670.62	94.2583
1672.55	93.8791
1674.48	93.4777
1676.41	92.8459
1678.34	92.1658
1680.27	91.824
1682.2	91.5889
1684.12	90.9427
1686.05	90.0025
1687.98	89.029
1689.91	87.9384
1691.84	86.7547
1693.77	85.2959
1695.7	83.4281
1697.63	81.2318
1699.56	78.0929
1701.49	74.1417
1703.42	70.7854
1705.35	67.6384
1707.27	63.8778
1709.2	60.3876
1711.13	57.8158
1713.06	55.7399
1714.99	54.372
1716.92	53.9762
1718.85	53.9009
1720.78	54.7323
1722.71	57.1449
1724.64	60.7531
1726.57	65.2585
1728.49	70.4167
1730.42	75.7736
1732.35	81.8007
1734.28	89.115
1736.21	95.3761
1738.14	99.3192
1740.07	102.401
1742	105.221
1743.93	107.194
1745.86	108.602
1747.79	109.908
1749.72	110.759
1751.64	111.064
1753.57	111.068
1755.5	110.668
1757.43	110.088
1759.36	109.567
1761.29	108.73
1763.22	107.5
1765.15	106.336
1767.08	105.36
1769.01	104.587
1770.94	104.044
1772.86	103.309
1774.79	102.267
1776.72	101.432
1778.65	100.933
1780.58	100.59
1782.51	100.309
1784.44	100.056
1786.37	99.8407
1788.3	99.74
1790.23	99.7378
1792.16	99.6511
1794.08	99.3383
1796.01	98.9976
1797.94	98.8295
1799.87	98.7553
1801.8	98.5529
1803.73	98.2835
1805.66	98.1758
1807.59	98.2084
1809.52	98.1851
1811.45	98.0313
1813.38	97.877
1815.31	97.8341
1817.23	97.8632
1819.16	97.9046
1821.09	97.9797
1823.02	98.0622
1824.95	98.0744
1826.88	98.0746
1828.81	98.1137
1830.74	98.0817
1832.67	97.9933
1834.6	97.9708
1836.53	97.9546
1838.45	97.8725
1840.38	97.8529
1842.31	98.0039
1844.24	98.1961
1846.17	98.1943
1848.1	98.0443
1850.03	97.9155
1851.96	97.863
1853.89	97.9022
1855.82	98.0328
1857.75	98.1305
1859.68	98.0424
1861.6	97.8796
1863.53	97.9349
1865.46	98.2539
1867.39	98.5422
1869.32	98.5079
1871.25	98.314
1873.18	98.2392
1875.11	98.2078
1877.04	98.1012
1878.97	98.0508
1880.9	98.1881
1882.82	98.3886
1884.75	98.4788
1886.68	98.465
1888.61	98.4154
1890.54	98.3643
1892.47	98.3606
1894.4	98.4084
1896.33	98.4473
1898.26	98.4927
1900.19	98.5905
1902.12	98.6291
1904.05	98.5299
1905.97	98.4844
1907.9	98.6306
1909.83	98.8101
1911.76	98.8977
1913.69	98.9563
1915.62	98.9632
1917.55	98.8393
1919.48	98.6736
1921.41	98.5923
1923.34	98.5939
1925.27	98.6553
1927.19	98.7676
1929.12	98.9058
1931.05	99.0361
1932.98	99.1064
1934.91	99.0904
1936.84	99.0705
1938.77	99.1576
1940.7	99.2944
1942.63	99.2997
1944.56	99.1709
1946.49	99.0953
1948.41	99.1455
1950.34	99.2798
1952.27	99.415
1954.2	99.4153
1956.13	99.2937
1958.06	99.2786
1959.99	99.4503
1961.92	99.6526
1963.85	99.7725
1965.78	99.7286
1967.71	99.4864
1969.64	99.328
1971.56	99.5549
1973.49	99.9984
1975.42	100.249
1977.35	100.144
1979.28	99.8356
1981.21	99.5938
1983.14	99.596
1985.07	99.8136
1987	100.086
1988.93	100.216
1990.86	100.029
1992.78	99.6343
1994.71	99.4817
1996.64	99.7329
1998.57	100.01
2000.5	100.02
2002.43	99.9562
2004.36	100.036
2006.29	100.191
2008.22	100.31
2010.15	100.356
2012.08	100.311
2014.01	100.21
2015.93	100.06
2017.86	99.8535
2019.79	99.7847
2021.72	99.9905
2023.65	100.199
2025.58	100.154
2027.51	100.044
2029.44	100.069
2031.37	100.08
2033.3	99.9997
2035.23	100.013
2037.15	100.117
2039.08	100.032
2041.01	99.7698
2042.94	99.7261
2044.87	100.008
2046.8	100.233
2048.73	100.104
2050.66	99.7134
2052.59	99.3692
2054.52	99.3613
2056.45	99.617
2058.37	99.6778
2060.3	99.4112
2062.23	99.2612
2064.16	99.4569
2066.09	99.7002
2068.02	99.7927
2069.95	99.8468
2071.88	99.8966
2073.81	99.8592
2075.74	99.7349
2077.67	99.6074
2079.6	99.5695
2081.52	99.6112
2083.45	99.5808
2085.38	99.4187
2087.31	99.2448
2089.24	99.0987
2091.17	98.9558
2093.1	98.9695
2095.03	99.2337
2096.96	99.5076
2098.89	99.5976
2100.82	99.6096
2102.74	99.5613
2104.67	99.3416
2106.6	99.1148
2108.53	99.1497
2110.46	99.3505
2112.39	99.4704
2114.32	99.5534
2116.25	99.7255
2118.18	99.8511
2120.11	99.7729
2122.04	99.6254
2123.97	99.6217
2125.89	99.7439
2127.82	99.8299
2129.75	99.7891
2131.68	99.6496
2133.61	99.5273
2135.54	99.5534
2137.47	99.7444
2139.4	99.9936
2141.33	100.2
2143.26	100.304
2145.19	100.28
2147.11	100.197
2149.04	100.156
2150.97	100.147
2152.9	100.141
2154.83	100.223
2156.76	100.463
2158.69	100.758
2160.62	100.909
2162.55	100.781
2164.48	100.436
2166.41	100.111
2168.33	99.9569
2170.26	99.969
2172.19	100.148
2174.12	100.398
2176.05	100.457
2177.98	100.287
2179.91	100.159
2181.84	100.132
2183.77	100.056
2185.7	100.003
2187.63	100.142
2189.56	100.35
2191.48	100.392
2193.41	100.27
2195.34	100.135
2197.27	100.052
2199.2	100.067
2201.13	100.233
2203.06	100.429
2204.99	100.51
2206.92	100.607
2208.85	100.746
2210.78	100.57
2212.7	100.106
2214.63	99.9957
2216.56	100.389
2218.49	100.609
2220.42	100.296
2222.35	99.9108
2224.28	99.8675
2226.21	100.028
2228.14	100.078
2230.07	99.9304
2232	99.7642
2233.93	99.771
2235.85	99.8672
2237.78	99.8226
2239.71	99.689
2241.64	99.6796
2243.57	99.7102
2245.5	99.6554
2247.43	99.7438
2249.36	100.058
2251.29	100.232
2253.22	100.155
2255.15	100.152
2257.07	100.312
2259	100.416
2260.93	100.355
2262.86	100.149
2264.79	99.9426
2266.72	99.9429
2268.65	100.075
2270.58	100.095
2272.51	100.035
2274.44	100.018
2276.37	99.9543
2278.29	99.8223
2280.22	99.77
2282.15	99.8156
2284.08	99.8531
2286.01	99.8572
2287.94	99.8672
2289.87	99.9216
2291.8	100.048
2293.73	100.234
2295.66	100.453
2297.59	100.7
2299.52	100.949
2301.44	101.177
2303.37	101.449
2305.3	101.867
2307.23	102.439
2309.16	103.058
2311.09	103.582
2313.02	103.977
2314.95	104.411
2316.88	105.058
2318.81	105.843
2320.74	106.568
2322.66	107.204
2324.59	107.824
2326.52	108.344
2328.45	108.707
2330.38	109.078
2332.31	109.557
2334.24	109.986
2336.17	110.304
2338.1	110.596
2340.03	110.897
2341.96	111.079
2343.89	110.556
2345.81	109.029
2347.74	107.625
2349.67	107.362
2351.6	108.466
2353.53	110.673
2355.46	113.02
2357.39	114.68
2359.32	115.428
2361.25	115.213
2363.18	114.51
2365.11	113.557
2367.03	112.13
2368.96	110.313
2370.89	108.355
2372.82	106.423
2374.75	104.713
2376.68	103.297
2378.61	102.058
2380.54	100.925
2382.47	99.9583
2384.4	99.1889
2386.33	98.6149
2388.26	98.2775
2390.18	98.1493
2392.11	98.0707
2394.04	97.9597
2395.97	97.8813
2397.9	97.8423
2399.83	97.7838
2401.76	97.7558
2403.69	97.8649
2405.62	98.0812
2407.55	98.219
2409.48	98.1344
2411.4	97.9172
2413.33	97.7971
2415.26	97.8673
2417.19	98.0013
2419.12	98.0154
2421.05	97.8702
2422.98	97.716
2424.91	97.6903
2426.84	97.7445
2428.77	97.7959
2430.7	97.8585
2432.62	97.8998
2434.55	97.8486
2436.48	97.7779
2438.41	97.7925
2440.34	97.8374
2442.27	97.8392
2444.2	97.8409
2446.13	97.8572
2448.06	97.8193
2449.99	97.7153
2451.92	97.6168
2453.85	97.5958
2455.77	97.6989
2457.7	97.8678
2459.63	97.9117
2461.56	97.79
2463.49	97.747
2465.42	97.8837
2467.35	97.953
2469.28	97.8625
2471.21	97.8707
2473.14	98.0687
2475.07	98.2226
2476.99	98.2081
2478.92	98.1194
2480.85	98.0141
2482.78	97.9157
2484.71	97.9001
2486.64	97.9479
2488.57	97.9404
2490.5	97.9058
2492.43	97.9863
2494.36	98.1509
2496.29	98.2401
2498.22	98.2343
2500.14	98.2112
2502.07	98.1729
2504	98.1097
2505.93	98.0648
2507.86	98.0501
2509.79	98.0346
2511.72	98.0138
2513.65	98.0127
2515.58	98.0546
2517.51	98.1454
2519.44	98.2605
2521.36	98.3236
2523.29	98.2516
2525.22	98.1012
2527.15	98.0534
2529.08	98.1404
2531.01	98.208
2532.94	98.2098
2534.87	98.2335
2536.8	98.2655
2538.73	98.252
2540.66	98.2602
2542.58	98.3211
2544.51	98.3242
2546.44	98.2227
2548.37	98.1053
2550.3	98.0161
2552.23	97.9552
2554.16	97.9949
2556.09	98.1224
2558.02	98.147
2559.95	98.0297
2561.88	97.9927
2563.81	98.1211
2565.73	98.2636
2567.66	98.337
2569.59	98.3407
2571.52	98.2436
2573.45	98.1255
2575.38	98.139
2577.31	98.2619
2579.24	98.3645
2581.17	98.4146
2583.1	98.4356
2585.03	98.4325
2586.95	98.4217
2588.88	98.4141
2590.81	98.371
2592.74	98.2428
2594.67	98.0655
2596.6	97.9711
2598.53	98.0095
2600.46	98.0377
2602.39	97.9461
2604.32	97.8485
2606.25	97.8596
2608.18	97.8856
2610.1	97.8251
2612.03	97.7621
2613.96	97.7928
2615.89	97.8548
2617.82	97.8445
2619.75	97.7519
2621.68	97.6414
2623.61	97.6066
2625.54	97.688
2627.47	97.7722
2629.4	97.7067
2631.32	97.5394
2633.25	97.4655
2635.18	97.5463
2637.11	97.6476
2639.04	97.6521
2640.97	97.5945
2642.9	97.5414
2644.83	97.4645
2646.76	97.3428
2648.69	97.2639
2650.62	97.2842
2652.54	97.3215
2654.47	97.3065
2656.4	97.2908
2658.33	97.3139
2660.26	97.3018
2662.19	97.1799
2664.12	97.0099
2666.05	96.9278
2667.98	96.9584
2669.91	97.0049
2671.84	97.0229
2673.77	97.0473
2675.69	97.0715
2677.62	97.071
2679.55	97.0786
2681.48	97.1142
2683.41	97.1412
2685.34	97.123
2687.27	97.0488
2689.2	96.9512
2691.13	96.8961
2693.06	96.8823
2694.99	96.8424
2696.91	96.776
2698.84	96.7496
2700.77	96.7837
2702.7	96.8314
2704.63	96.8327
2706.56	96.7881
2708.49	96.7749
2710.42	96.814
2712.35	96.8159
2714.28	96.7561
2716.21	96.7303
2718.14	96.7703
2720.06	96.7853
2721.99	96.7123
2723.92	96.6074
2725.85	96.5659
2727.78	96.5867
2729.71	96.5937
2731.64	96.5818
2733.57	96.5876
2735.5	96.5653
2737.43	96.4865
2739.36	96.4284
2741.28	96.4175
2743.21	96.4012
2745.14	96.4035
2747.07	96.4668
2749	96.525
2750.93	96.5334
2752.86	96.5532
2754.79	96.6117
2756.72	96.6631
2758.65	96.6782
2760.58	96.646
2762.51	96.5839
2764.43	96.5522
2766.36	96.5334
2768.29	96.4426
2770.22	96.3429
2772.15	96.3719
2774.08	96.4791
2776.01	96.5507
2777.94	96.6062
2779.87	96.6333
2781.8	96.5615
2783.73	96.4775
2785.65	96.4936
2787.58	96.5159
2789.51	96.44
2791.44	96.3365
2793.37	96.2849
2795.3	96.2719
2797.23	96.2766
2799.16	96.2959
2801.09	96.317
2803.02	96.3193
2804.95	96.295
2806.87	96.266
2808.8	96.2391
2810.73	96.1609
2812.66	96.0052
2814.59	95.8591
2816.52	95.8245
2818.45	95.8777
2820.38	95.907
2822.31	95.8523
2824.24	95.7279
2826.17	95.5548
2828.1	95.3834
2830.02	95.2954
2831.95	95.2766
2833.88	95.2282
2835.81	95.1333
2837.74	95.0288
2839.67	94.8919
2841.6	94.7075
2843.53	94.5166
2845.46	94.3494
2847.39	94.203
2849.32	94.0117
2851.24	93.6802
2853.17	93.2683
2855.1	92.9258
2857.03	92.6018
2858.96	92.1568
2860.89	91.6828
2862.82	91.3539
2864.75	91.1103
2866.68	90.772
2868.61	90.3253
2870.54	89.9314
2872.47	89.7374
2874.39	89.779
2876.32	90.0341
2878.25	90.4424
2880.18	90.8461
2882.11	91.0711
2884.04	91.1076
2885.97	91.0997
2887.9	91.1663
2889.83	91.2987
2891.76	91.4068
2893.69	91.4623
2895.61	91.5302
2897.54	91.601
2899.47	91.5896
2901.4	91.5532
2903.33	91.6038
2905.26	91.6431
2907.19	91.5238
2909.12	91.3236
2911.05	91.2022
2912.98	91.2005
2914.91	91.2404
2916.83	91.1461
2918.76	90.7894
2920.69	90.2513
2922.62	89.656
2924.55	89.0246
2926.48	88.4166
2928.41	87.9328
2930.34	87.6161
2932.27	87.5599
2934.2	87.8614
2936.13	88.3547
2938.06	88.7301
2939.98	88.9471
2941.91	89.1985
2943.84	89.4679
2945.77	89.4367
2947.7	88.951
2949.63	88.3131
2951.56	87.8592
2953.49	87.527
2955.42	87.1173
2957.35	86.6851
2959.28	86.4628
2961.2	86.6285
2963.13	87.2425
2965.06	88.3205
2966.99	89.8783
2968.92	91.6401
2970.85	92.8358
2972.78	92.9828
2974.71	92.6066
2976.64	92.4322
2978.57	92.5229
2980.5	92.6804
2982.43	92.9361
2984.35	93.3404
2986.28	93.8049
2988.21	94.2302
2990.14	94.5598
2992.07	94.8338
2994	95.1666
2995.93	95.5542
2997.86	95.8992
2999.79	96.2107
3001.72	96.5409
3003.65	96.8669
3005.57	97.16
3007.5	97.3672
3009.43	97.4203
3011.36	97.4837
3013.29	97.8553
3015.22	98.4033
3017.15	98.6227
3019.08	98.4647
3021.01	98.4083
3022.94	98.5721
3024.87	98.6164
3026.79	98.5163
3028.72	98.5727
3030.65	98.7582
3032.58	98.7733
3034.51	98.5952
3036.44	98.4415
3038.37	98.3693
3040.3	98.2724
3042.23	98.1133
3044.16	97.9259
3046.09	97.734
3048.02	97.6156
3049.94	97.685
3051.87	97.8927
3053.8	98.0121
3055.73	97.908
3057.66	97.695
3059.59	97.5835
3061.52	97.6199
3063.45	97.6689
3065.38	97.6929
3067.31	97.8273
3069.24	98.0383
3071.16	98.092
3073.09	98.0026
3075.02	97.9966
3076.95	98.0281
3078.88	97.9126
3080.81	97.7231
3082.74	97.559
3084.67	97.3734
3086.6	97.3187
3088.53	97.5782
3090.46	97.8202
3092.39	97.6355
3094.31	97.2728
3096.24	97.1578
3098.17	97.2038
3100.1	97.204
3102.03	97.1921
3103.96	97.1384
3105.89	96.9993
3107.82	96.9167
3109.75	96.9184
3111.68	96.9089
3113.61	96.9671
3115.53	97.0869
3117.46	97.051
3119.39	96.9256
3121.32	96.9581
3123.25	97.0346
3125.18	96.9625
3127.11	96.8736
3129.04	96.8711
3130.97	96.8684
3132.9	96.864
3134.83	96.8911
3136.75	96.9021
3138.68	96.9216
3140.61	96.9975
3142.54	97.0315
3144.47	96.9245
3146.4	96.7708
3148.33	96.7511
3150.26	96.8985
3152.19	97.0509
3154.12	97.0838
3156.05	97.0648
3157.98	97.0579
3159.9	96.9898
3161.83	96.8362
3163.76	96.7081
3165.69	96.6685
3167.62	96.6315
3169.55	96.5156
3171.48	96.4107
3173.41	96.4681
3175.34	96.663
3177.27	96.8548
3179.2	96.9632
3181.12	96.9101
3183.05	96.6548
3184.98	96.3956
3186.91	96.3798
3188.84	96.5397
3190.77	96.6503
3192.7	96.6684
3194.63	96.7037
3196.56	96.8138
3198.49	96.8838
3200.42	96.7623
3202.35	96.5678
3204.27	96.5419
3206.2	96.6268
3208.13	96.6612
3210.06	96.7308
3211.99	96.837
3213.92	96.7478
3215.85	96.527
3217.78	96.5063
3219.71	96.6624
3221.64	96.729
3223.57	96.7202
3225.49	96.7496
3227.42	96.6958
3229.35	96.4808
3231.28	96.2919
3233.21	96.2916
3235.14	96.4201
3237.07	96.526
3239	96.5182
3240.93	96.4542
3242.86	96.4655
3244.79	96.5363
3246.72	96.5249
3248.64	96.4218
3250.57	96.3392
3252.5	96.3082
3254.43	96.2687
3256.36	96.1902
3258.29	96.1559
3260.22	96.2795
3262.15	96.4563
3264.08	96.4493
3266.01	96.3117
3267.94	96.3014
3269.86	96.4213
3271.79	96.4998
3273.72	96.4869
3275.65	96.3783
3277.58	96.1974
3279.51	96.0835
3281.44	96.1064
3283.37	96.1756
3285.3	96.2527
3287.23	96.3803
3289.16	96.502
3291.08	96.482
3293.01	96.3079
3294.94	96.1554
3296.87	96.1614
3298.8	96.1931
3300.73	96.0636
3302.66	95.8745
3304.59	95.8262
3306.52	95.89
3308.45	95.9523
3310.38	95.9919
3312.31	95.9559
3314.23	95.8101
3316.16	95.7161
3318.09	95.7903
3320.02	95.8501
3321.95	95.7414
3323.88	95.6311
3325.81	95.6734
3327.74	95.7325
3329.67	95.6508
3331.6	95.4841
3333.53	95.3653
3335.45	95.3457
3337.38	95.3763
3339.31	95.3793
3341.24	95.37
3343.17	95.4165
3345.1	95.4667
3347.03	95.432
3348.96	95.3828
3350.89	95.3793
3352.82	95.3243
3354.75	95.238
3356.68	95.3084
3358.6	95.4912
3360.53	95.5237
3362.46	95.388
3364.39	95.2771
3366.32	95.2068
3368.25	95.1232
3370.18	95.1386
3372.11	95.2672
3374.04	95.2804
3375.97	95.0816
3377.9	94.8833
3379.82	94.891
3381.75	95.0523
3383.68	95.1773
3385.61	95.2051
3387.54	95.2136
3389.47	95.1867
3391.4	95.0348
3393.33	94.8343
3395.26	94.7628
3397.19	94.8547
3399.12	95.0135
3401.04	95.1242
3402.97	95.0993
3404.9	94.9639
3406.83	94.8404
3408.76	94.77
3410.69	94.6939
3412.62	94.6271
3414.55	94.6746
3416.48	94.868
3418.41	95.0941
3420.34	95.1922
3422.27	95.1229
3424.19	95.0039
3426.12	94.9163
3428.05	94.8224
3429.98	94.7365
3431.91	94.7674
3433.84	94.9165
3435.77	95.0425
3437.7	95.0827
3439.63	95.1051
3441.56	95.1456
3443.49	95.2113
3445.41	95.3707
3447.34	95.5649
3449.27	95.501
3451.2	95.1409
3453.13	94.9235
3455.06	95.098
3456.99	95.346
3458.92	95.4029
3460.85	95.4081
3462.78	95.4065
3464.71	95.2506
3466.64	95.007
3468.56	94.9285
3470.49	95.1227
3472.42	95.3891
3474.35	95.3763
3476.28	95.0738
3478.21	94.8875
3480.14	94.9918
3482.07	95.161
3484	95.2339
3485.93	95.182
3487.86	94.96
3489.78	94.6929
3491.71	94.5901
3493.64	94.6255
3495.57	94.6551
3497.5	94.6339
3499.43	94.6404
3501.36	94.7997
3503.29	95.0075
3505.22	94.9357
3507.15	94.6461
3509.08	94.5768
3511	94.7708
3512.93	94.7516
3514.86	94.3706
3516.79	94.1056
3518.72	94.325
3520.65	94.7429
3522.58	94.9423
3524.51	94.9281
3526.44	94.816
3528.37	94.6248
3530.3	94.5486
3532.23	94.6762
3534.15	94.7573
3536.08	94.722
3538.01	94.7194
3539.94	94.6333
3541.87	94.3829
3543.8	94.2375
3545.73	94.2772
3547.66	94.2823
3549.59	94.342
3551.52	94.6163
3553.45	94.8702
3555.37	94.8763
3557.3	94.7155
3559.23	94.4618
3561.16	94.272
3563.09	94.4588
3565.02	95.0129
3566.95	95.4692
3568.88	95.4898
3570.81	95.3662
3572.74	95.3568
3574.67	95.4452
3576.6	95.5261
3578.52	95.5027
3580.45	95.4717
3582.38	95.6689
3584.31	96.0618
3586.24	96.3346
3588.17	96.3372
3590.1	96.2752
3592.03	96.1994
3593.96	96.0861
3595.89	96.2751
3597.82	96.9227
3599.74	97.4826
3601.67	97.4908
3603.6	97.2229
3605.53	97.068
3607.46	97.0378
3609.39	97.1699
3611.32	97.4531
3613.25	97.5413
3615.18	97.3408
3617.11	97.2188
3619.04	97.306
3620.97	97.4322
3622.89	97.6303
3624.82	97.9411
3626.75	98.224
3628.68	98.3151
3630.61	98.158
3632.54	97.8824
3634.47	97.6707
3636.4	97.5911
3638.33	97.4901
3640.26	97.3001
3642.19	97.2848
3644.11	97.7054
3646.04	98.5137
3647.97	99.3061
3649.9	99.2517
3651.83	98.5846
3653.76	98.2796
3655.69	98.2678
3657.62	98.0487
3659.55	97.6087
3661.48	97.3517
3663.41	97.4116
3665.33	97.5754
3667.26	97.7175
3669.19	98.0566
3671.12	98.5922
3673.05	98.8041
3674.98	98.5753
3676.91	98.2492
3678.84	97.9013
3680.77	97.4157
3682.7	97.1144
3684.63	97.3578
3686.56	97.9837
3688.48	98.6054
3690.41	98.8365
3692.34	98.6093
3694.27	98.3329
3696.2	98.2382
3698.13	98.1696
3700.06	98.0391
3701.99	98.1139
3703.92	98.3553
3705.85	98.3481
3707.78	98.2162
3709.7	98.3498
3711.63	98.4928
3713.56	98.2619
3715.49	98.1421
3717.42	98.3699
3719.35	98.6478
3721.28	98.8131
3723.21	98.9218
3725.14	98.8459
3727.07	98.6328
3729	98.633
3730.93	98.8848
3732.85	99.2341
3734.78	99.5746
3736.71	99.4964
3738.64	98.9274
3740.57	98.441
3742.5	98.2224
3744.43	98.1205
3746.36	98.2652
3748.29	98.7383
3750.22	98.9965
3752.15	98.5399
3754.07	98.0423
3756	97.9532
3757.93	97.938
3759.86	97.8327
3761.79	97.8188
3763.72	97.9028
3765.65	97.9385
3767.58	97.93
3769.51	97.8747
3771.44	97.6619
3773.37	97.451
3775.29	97.4989
3777.22	97.6788
3779.15	97.6501
3781.08	97.4538
3783.01	97.4155
3784.94	97.4962
3786.87	97.4509
3788.8	97.3211
3790.73	97.3402
3792.66	97.5188
3794.59	97.6979
3796.52	97.8687
3798.44	98.1284
3800.37	98.3404
3802.3	98.2919
3804.23	98.1466
3806.16	98.0093
3808.09	97.6986
3810.02	97.3868
3811.95	97.42
3813.88	97.7181
3815.81	97.8975
3817.74	97.7974
3819.66	97.7882
3821.59	98.0333
3823.52	98.163
3825.45	98.0431
3827.38	97.9766
3829.31	98.0677
3831.24	98.0827
3833.17	97.972
3835.1	97.9979
3837.03	98.1627
3838.96	98.1189
3840.89	97.8258
3842.81	97.5245
3844.74	97.3062
3846.67	97.3004
3848.6	97.5864
3850.53	98.001
3852.46	98.2713
3854.39	98.2181
3856.32	98.0428
3858.25	97.9347
3860.18	97.878
3862.11	97.7973
3864.03	97.6793
3865.96	97.6847
3867.89	97.8433
3869.82	97.9001
3871.75	97.7426
3873.68	97.654
3875.61	97.7606
3877.54	97.8506
3879.47	97.7896
3881.4	97.7171
3883.33	97.7428
3885.25	97.7234
3887.18	97.6618
3889.11	97.7716
3891.04	97.9563
3892.97	97.8741
3894.9	97.6132
3896.83	97.552
3898.76	97.7587
3900.69	97.998
3902.62	97.968
3904.55	97.6543
3906.48	97.4021
3908.4	97.4577
3910.33	97.6512
3912.26	97.7144
3914.19	97.6391
3916.12	97.577
3918.05	97.5215
3919.98	97.422
3921.91	97.4203
3923.84	97.5941
3925.77	97.7189
3927.7	97.6241
3929.62	97.5181
3931.55	97.5606
3933.48	97.5714
3935.41	97.4869
3937.34	97.5257
3939.27	97.6789
3941.2	97.6561
3943.13	97.3609
3945.06	97.0661
3946.99	97.0365
3948.92	97.2696
3950.85	97.5157
3952.77	97.5292
3954.7	97.3567
3956.63	97.1936
3958.56	97.1324
3960.49	97.1512
3962.42	97.2098
3964.35	97.2952
3966.28	97.4239
3968.21	97.554
3970.14	97.5637
3972.07	97.4523
3973.99	97.3628
3975.92	97.3184
3977.85	97.24
3979.78	97.1822
3981.71	97.2288
3983.64	97.3064
3985.57	97.3325
3987.5	97.3327
3989.43	97.3144
3991.36	97.2549
3993.29	97.1968
3995.22	97.2077
3997.14	97.3074
