499.643	83.643
501.572	83.7256
503.501	84.7122
505.43	85.4653
507.36	86.2844
509.289	87.1352
511.218	87.9979
513.147	88.9229
515.076	89.4894
517.005	89.2327
518.934	88.4051
520.863	87.7976
522.792	87.8045
524.722	88.218
526.651	88.624
528.58	88.7036
530.509	88.3906
532.438	88.0384
534.367	88.1789
536.296	88.7484
538.225	89.2009
540.155	89.4969
542.084	89.9369
544.013	90.3051
545.942	90.2733
547.871	90.0909
549.8	90.0191
551.729	89.8836
553.658	89.6883
555.588	89.7313
557.517	89.9672
559.446	90.087
561.375	90.0888
563.304	90.1122
565.233	90.0956
567.162	90.0178
569.091	90.0461
571.021	90.2629
572.95	90.4837
574.879	90.442
576.808	90.2195
578.737	90.2305
580.666	90.4389
582.595	90.2713
584.524	89.6177
586.454	88.9675
588.383	88.4735
590.312	87.9199
592.241	87.4118
594.17	87.1995
596.099	87.1524
598.028	87.0587
599.957	86.9888
601.887	87.1124
603.816	87.5089
605.745	88.1359
607.674	88.7599
609.603	89.154
611.532	89.4399
613.461	89.8293
615.39	90.1451
617.32	90.1271
619.249	90.0072
621.178	90.1197
623.107	90.3264
625.036	90.3828
626.965	90.3557
628.894	90.3236
630.823	90.1485
632.753	89.7887
634.682	89.3917
636.611	88.9684
638.54	88.3423
640.469	87.4098
642.398	86.251
644.327	85.0892
646.256	84.1064
648.186	83.3096
650.115	82.6976
652.044	82.3769
653.973	82.4466
655.902	82.8352
657.831	83.3853
659.76	84.185
661.689	85.2409
663.619	86.2136
665.548	87.2918
667.477	89.1894
669.406	91.0234
671.335	91.4573
673.264	91.6863
675.193	92.2617
677.122	92.7941
679.052	93.0822
680.981	93.2909
682.91	93.4181
684.839	93.4905
686.768	93.5955
688.697	93.6579
690.626	93.6701
692.555	93.7641
694.485	93.9187
696.414	93.9937
698.343	93.9454
700.272	93.8142
702.201	93.708
704.13	93.7485
706.059	93.8699
707.988	93.8877
709.917	93.8133
711.847	93.7692
713.776	93.7286
715.705	93.6836
717.634	93.7585
719.563	93.8834
721.492	93.8055
723.421	93.591
725.35	93.5133
727.28	93.5159
729.209	93.3375
731.138	92.9632
733.067	92.567
734.996	92.2251
736.925	91.8853
738.854	91.4454
740.783	90.856
742.713	90.2025
744.642	89.6272
746.571	89.2378
748.5	89.1302
750.429	89.3507
752.358	89.8189
754.287	90.3878
756.216	90.9216
758.146	91.309
760.075	91.5558
762.004	91.8138
763.933	92.1624
765.862	92.4813
767.791	92.6609
769.72	92.7777
771.649	92.9401
773.579	93.0954
775.508	93.1147
777.437	92.9943
779.366	92.8569
781.295	92.7816
783.224	92.7307
785.153	92.6336
787.082	92.4624
789.012	92.2061
790.941	91.831
792.87	91.3202
794.799	90.7136
796.728	90.0252
798.657	89.1559
800.586	87.9665
802.515	86.365
804.445	84.2316
806.374	81.4081
808.303	77.9954
810.232	74.6649
812.161	72.4579
814.09	72.1092
816.019	73.575
817.948	76.1601
819.878	79.0001
821.807	81.5001
823.736	83.4675
825.665	84.94
827.594	85.9903
829.523	86.695
831.452	87.1467
833.381	87.4034
835.311	87.4623
837.24	87.2966
839.169	86.8975
841.098	86.3099
843.027	85.6504
844.956	85.0797
846.885	84.7379
848.814	84.6577
850.744	84.7377
852.673	84.8719
854.602	85.0652
856.531	85.3387
858.46	85.6332
860.389	85.8883
862.318	86.0881
864.247	86.1901
866.177	86.1351
868.106	85.9267
870.035	85.6109
871.964	85.2074
873.893	84.711
875.822	84.1356
877.751	83.5487
879.68	83.0548
881.609	82.7313
883.539	82.6068
885.468	82.6719
887.397	82.8466
889.326	83.0058
891.255	83.1086
893.184	83.2165
895.113	83.3758
897.042	83.6084
898.972	83.9914
900.901	84.6102
902.83	85.4588
904.759	86.4342
906.688	87.3711
908.617	88.0995
910.546	88.5423
912.475	88.7245
914.405	88.6694
916.334	88.3515
918.263	87.7352
920.192	86.8026
922.121	85.5377
924.05	83.8965
925.979	81.8103
927.908	79.2411
929.838	76.2308
931.767	72.9339
933.696	69.6478
935.625	66.7537
937.554	64.5699
939.483	63.2622
941.412	62.8316
943.341	63.1127
945.271	63.863
947.2	64.9204
949.129	66.2301
951.058	67.7485
952.987	69.3844
954.916	71.0021
956.845	72.4845
958.774	73.8315
960.704	75.1585
962.633	76.6003
964.562	78.2473
966.491	80.0879
968.42	81.9659
970.349	83.6741
972.278	85.082
974.207	86.1403
976.137	86.8544
978.066	87.276
979.995	87.4459
981.924	87.3583
983.853	87.0088
985.782	86.4505
987.711	85.8352
989.64	85.3643
991.57	85.089
993.499	84.8134
995.428	84.272
997.357	83.2929
999.286	81.8375
1001.22	80.1196
1003.14	78.6064
1005.07	77.6623
1007	77.2843
1008.93	77.3209
1010.86	77.7355
1012.79	78.4697
1014.72	79.2361
1016.65	79.6559
1018.58	79.5137
1020.51	78.7681
1022.44	77.4526
1024.36	75.7339
1026.29	73.9941
1028.22	72.6491
1030.15	71.8124
1032.08	71.2219
1034.01	70.5593
1035.94	69.7689
1037.87	69.0114
1039.8	68.4228
1041.73	68.0539
1043.66	67.9605
1045.58	68.1945
1047.51	68.7212
1049.44	69.4148
1051.37	70.1066
1053.3	70.6464
1055.23	71.0002
1057.16	71.285
1059.09	71.6394
1061.02	72.059
1062.95	72.3741
1064.88	72.3951
1066.81	72.132
1068.73	71.8736
1070.66	71.9694
1072.59	72.5358
1074.52	73.425
1076.45	74.4179
1078.38	75.3614
1080.31	76.1654
1082.24	76.7625
1084.17	77.1019
1086.1	77.1673
1088.03	76.973
1089.95	76.5175
1091.88	75.7625
1093.81	74.7002
1095.74	73.4145
1097.67	72.0217
1099.6	70.5849
1101.53	69.116
1103.46	67.6055
1105.39	66.0245
1107.32	64.3649
1109.25	62.6778
1111.18	61.0155
1113.1	59.3808
1115.03	57.7792
1116.96	56.2427
1118.89	54.7745
1120.82	53.3463
1122.75	51.946
1124.68	50.5671
1126.61	49.1689
1128.54	47.677
1130.47	46.0087
1132.4	44.1011
1134.32	41.9672
1136.25	39.7398
1138.18	37.6165
1140.11	35.7614
1142.04	34.3018
1143.97	33.3535
1145.9	32.9696
1147.83	33.121
1149.76	33.7523
1151.69	34.8002
1153.62	36.1761
1155.55	37.7847
1157.47	39.5497
1159.4	41.4105
1161.33	43.297
1163.26	45.1216
1165.19	46.8152
1167.12	48.3556
1169.05	49.7579
1170.98	51.0838
1172.91	52.4261
1174.84	53.8291
1176.77	55.2826
1178.69	56.8094
1180.62	58.4705
1182.55	60.2987
1184.48	62.2866
1186.41	64.418
1188.34	66.6956
1190.27	69.1356
1192.2	71.7423
1194.13	74.5305
1196.06	77.5193
1197.99	80.6399
1199.91	83.7499
1201.84	86.688
1203.77	89.1945
1205.7	91.0751
1207.63	92.4748
1209.56	93.6388
1211.49	94.8768
1213.42	96.7915
1215.35	99.1977
1217.28	100.16
1219.21	98.5368
1221.14	96.3505
1223.06	95.7592
1224.99	96.4314
1226.92	96.95
1228.85	96.7165
1230.78	95.678
1232.71	93.7998
1234.64	91.3704
1236.57	88.836
1238.5	86.4906
1240.43	84.5445
1242.36	83.0903
1244.28	82.0808
1246.21	81.4717
1248.14	81.2089
1250.07	81.1825
1252	81.3146
1253.93	81.5302
1255.86	81.6911
1257.79	81.7033
1259.72	81.5751
1261.65	81.3396
1263.58	81.0246
1265.51	80.6728
1267.43	80.3594
1269.36	80.1611
1271.29	80.043
1273.22	79.8785
1275.15	79.6327
1277.08	79.3399
1279.01	78.9124
1280.94	78.1491
1282.87	76.8469
1284.8	74.7719
1286.73	71.7096
1288.65	67.8259
1290.58	63.9333
1292.51	61.1464
1294.44	60.2732
1296.37	61.483
1298.3	64.2726
1300.23	67.7208
1302.16	70.9408
1304.09	73.3844
1306.02	74.808
1307.95	75.1602
1309.87	74.6127
1311.8	73.5914
1313.73	72.6516
1315.66	72.1161
1317.59	71.9263
1319.52	72.0714
1321.45	72.7958
1323.38	74.2136
1325.31	76.1675
1327.24	78.4184
1329.17	80.7803
1331.1	83.1622
1333.02	85.4067
1334.95	87.3005
1336.88	88.8629
1338.81	90.2641
1340.74	91.5379
1342.67	92.7441
1344.6	94.1144
1346.53	95.7532
1348.46	97.4829
1350.39	99.0202
1352.32	100.163
1354.24	100.812
1356.17	101.009
1358.1	100.965
1360.03	100.959
1361.96	101.111
1363.89	100.995
1365.82	100.082
1367.75	98.7948
1369.68	98.1521
1371.61	98.2887
1373.54	98.0783
1375.47	96.8613
1377.39	95.4687
1379.32	94.5124
1381.25	93.7678
1383.18	93.1146
1385.11	92.5402
1387.04	91.8338
1388.97	91.026
1390.9	90.3911
1392.83	89.8819
1394.76	89.305
1396.69	88.5404
1398.61	87.5673
1400.54	86.654
1402.47	86.1882
1404.4	86.2739
1406.33	86.7397
1408.26	87.3492
1410.19	88.0888
1412.12	88.9803
1414.05	89.8193
1415.98	90.5094
1417.91	91.0907
1419.83	91.4378
1421.76	91.4986
1423.69	91.3656
1425.62	91.1059
1427.55	90.7216
1429.48	89.9978
1431.41	88.9293
1433.34	87.9072
1435.27	86.8945
1437.2	85.6309
1439.13	84.5358
1441.06	83.8383
1442.98	83.2474
1444.91	82.6167
1446.84	81.8106
1448.77	80.6369
1450.7	79.536
1452.63	79.2269
1454.56	79.7936
1456.49	81.1135
1458.42	82.5482
1460.35	83.485
1462.28	84.4079
1464.2	85.5643
1466.13	86.6067
1468.06	87.3701
1469.99	88.2329
1471.92	89.2507
1473.85	89.8442
1475.78	89.9297
1477.71	90.0633
1479.64	90.3732
1481.57	90.7776
1483.5	91.2321
1485.43	91.7664
1487.35	92.4538
1489.28	93.1988
1491.21	93.7248
1493.14	94.1666
1495.07	94.7807
1497	95.4534
1498.93	95.8315
1500.86	96.0115
1502.79	96.3056
1504.72	96.8029
1506.65	97.253
1508.57	97.1119
1510.5	96.8468
1512.43	96.8665
1514.36	97.0654
1516.29	97.2631
1518.22	97.4101
1520.15	97.5149
1522.08	97.5222
1524.01	97.4598
1525.94	97.3534
1527.87	97.217
1529.8	97.1727
1531.72	97.2562
1533.65	97.3234
1535.58	97.3485
1537.51	97.5452
1539.44	97.9317
1541.37	97.9656
1543.3	97.5169
1545.23	97.1687
1547.16	97.0434
1549.09	97.0512
1551.02	97.0755
1552.94	97.1098
1554.87	97.3013
1556.8	97.672
1558.73	97.7402
1560.66	97.205
1562.59	96.8229
1564.52	96.7337
1566.45	96.8145
1568.38	96.8851
1570.31	96.7338
1572.24	96.5501
1574.16	96.5773
1576.09	96.6299
1578.02	96.3977
1579.95	96.1131
1581.88	95.9923
1583.81	95.9661
1585.74	95.9207
1587.67	95.8344
1589.6	95.767
1591.53	95.76
1593.46	95.7567
1595.39	95.6778
1597.31	95.5264
1599.24	95.3656
1601.17	95.2378
1603.1	95.1173
1605.03	94.9759
1606.96	94.8456
1608.89	94.6682
1610.82	94.3774
1612.75	94.1646
1614.68	94.0836
1616.61	93.7184
1618.53	93.0001
1620.46	92.3944
1622.39	91.7392
1624.32	90.8109
1626.25	89.8313
1628.18	88.6945
1630.11	87.3441
1632.04	86.2036
1633.97	85.1987
1635.9	83.8326
1637.83	83.0401
1639.76	84.09
1641.68	86.4337
1643.61	89.0609
1645.54	91.4824
1647.47	93.2635
1649.4	94.0494
1651.33	94.4325
1653.26	94.7598
1655.19	94.6772
1657.12	94.5002
1659.05	94.5245
1660.98	94.5834
1662.9	94.4168
1664.83	94.1541
1666.76	94.0861
1668.69	94.1712
1670.62	94.0435
1672.55	93.6927
1674.48	93.3028
1676.41	92.6749
1678.34	91.987
1680.27	91.619
1682.2	91.3401
1684.12	90.666
1686.05	89.7478
1687.98	88.7869
1689.91	87.6711
1691.84	86.4548
1693.77	84.9863
1695.7	83.1446
1697.63	81.0251
1699.56	77.9794
1701.49	74.0382
1703.42	70.5991
1705.35	67.3394
1707.27	63.486
1709.2	59.961
1711.13	57.3884
1713.06	55.2644
1714.99	53.7555
1716.92	53.2452
1718.85	53.263
1720.78	54.2806
1722.71	56.8249
1724.64	60.4958
1726.57	64.9846
1728.49	70.0359
1730.42	75.2302
1732.35	81.0912
1734.28	88.3064
1736.21	94.5781
1738.14	98.5758
1740.07	101.676
1742	104.495
1743.93	106.543
1745.86	108.059
1747.79	109.417
1749.72	110.349
1751.64	110.846
1753.57	110.972
1755.5	110.545
1757.43	109.929
1759.36	109.446
1761.29	108.631
1763.22	107.37
1765.15	106.195
1767.08	105.236
1769.01	104.447
1770.94	103.84
1772.86	103.052
1774.79	102.017
1776.72	101.226
1778.65	100.764
1780.58	100.428
1782.51	100.155
1784.44	99.9497
1786.37	99.7737
1788.3	99.6418
1790.23	99.5836
1792.16	99.5139
1794.08	99.288
1796.01	98.9979
1797.94	98.8112
1799.87	98.703
1801.8	98.5238
1803.73	98.2817
1805.66	98.1169
1807.59	98.0857
1809.52	98.1116
1811.45	98.0394
1813.38	97.8771
1815.31	97.8233
1817.23	97.9105
1819.16	97.9708
1821.09	97.9649
1823.02	97.9521
1824.95	97.9096
1826.88	97.8714
1828.81	97.8842
1830.74	97.8731
1832.67	97.8491
1834.6	97.8716
1836.53	97.8284
1838.45	97.6733
1840.38	97.623
1842.31	97.8044
1844.24	98.0267
1846.17	98.0201
1848.1	97.8721
1850.03	97.7769
1851.96	97.7765
1853.89	97.8439
1855.82	97.927
1857.75	97.9403
1859.68	97.8658
1861.6	97.8204
1863.53	97.9165
1865.46	98.1431
1867.39	98.372
1869.32	98.4079
1871.25	98.2581
1873.18	98.1109
1875.11	98
1877.04	97.9408
1878.97	98.0534
1880.9	98.2805
1882.82	98.3723
1884.75	98.3167
1886.68	98.3156
1888.61	98.3327
1890.54	98.2263
1892.47	98.1529
1894.4	98.2631
1896.33	98.394
1898.26	98.4306
1900.19	98.4921
1902.12	98.5637
1904.05	98.5135
1905.97	98.4596
1907.9	98.5856
1909.83	98.7912
1911.76	98.8957
1913.69	98.9056
1915.62	98.8509
1917.55	98.7244
1919.48	98.6338
1921.41	98.677
1923.34	98.7257
1925.27	98.6036
1927.19	98.4455
1929.12	98.5538
1931.05	98.8737
1932.98	99.0004
1934.91	98.8035
1936.84	98.5875
1938.77	98.594
1940.7	98.788
1942.63	99.0452
1944.56	99.2316
1946.49	99.2574
1948.41	99.1859
1950.34	99.1784
1952.27	99.2666
1954.2	99.2946
1956.13	99.2263
1958.06	99.2635
1959.99	99.5252
1961.92	99.8879
1963.85	100.116
1965.78	99.9865
1967.71	99.5417
1969.64	99.2114
1971.56	99.2978
1973.49	99.6745
1975.42	100.035
1977.35	100.088
1979.28	99.7916
1981.21	99.4913
1983.14	99.441
1985.07	99.5173
1987	99.6212
1988.93	99.764
1990.86	99.7796
1992.78	99.6254
1994.71	99.618
1996.64	99.8142
1998.57	99.858
2000.5	99.6596
2002.43	99.5801
2004.36	99.8412
2006.29	100.231
2008.22	100.398
2010.15	100.249
2012.08	100.038
2014.01	100.006
2015.93	100.024
2017.86	99.8741
2019.79	99.7472
2021.72	99.9113
2023.65	100.143
2025.58	100.114
2027.51	99.9835
2029.44	100.012
2031.37	100.061
2033.3	99.9913
2035.23	99.9626
2037.15	100.001
2039.08	99.9109
2041.01	99.7304
2042.94	99.6926
2044.87	99.8274
2046.8	99.9833
2048.73	100.014
2050.66	99.8304
2052.59	99.551
2054.52	99.4688
2056.45	99.6375
2058.37	99.7514
2060.3	99.6218
2062.23	99.4318
2064.16	99.376
2066.09	99.4135
2068.02	99.4756
2069.95	99.5947
2071.88	99.7301
2073.81	99.7318
2075.74	99.5748
2077.67	99.429
2079.6	99.3926
2081.52	99.3632
2083.45	99.3215
2085.38	99.4444
2087.31	99.6703
2089.24	99.6128
2091.17	99.2515
2093.1	99.0762
2095.03	99.2709
2096.96	99.5034
2098.89	99.5899
2100.82	99.5985
2102.74	99.4893
2104.67	99.2755
2106.6	99.162
2108.53	99.232
2110.46	99.3566
2112.39	99.4397
2114.32	99.5275
2116.25	99.6919
2118.18	99.8563
2120.11	99.8361
2122.04	99.6105
2123.97	99.364
2125.89	99.2713
2127.82	99.3953
2129.75	99.6237
2131.68	99.7139
2133.61	99.6343
2135.54	99.6111
2137.47	99.7129
2139.4	99.837
2141.33	99.9991
2143.26	100.188
2145.19	100.276
2147.11	100.296
2149.04	100.388
2150.97	100.483
2152.9	100.417
2154.83	100.228
2156.76	100.105
2158.69	100.124
2160.62	100.145
2162.55	100.098
2164.48	100.131
2166.41	100.241
2168.33	100.165
2170.26	99.9545
2172.19	100.049
2174.12	100.481
2176.05	100.696
2177.98	100.46
2179.91	100.177
2181.84	100.103
2183.77	100.052
2185.7	99.9821
2187.63	100.094
2189.56	100.328
2191.48	100.423
2193.41	100.401
2195.34	100.41
2197.27	100.367
2199.2	100.244
2201.13	100.212
2203.06	100.23
2204.99	100.158
2206.92	100.208
2208.85	100.507
2210.78	100.642
2212.7	100.391
2214.63	100.148
2216.56	100.167
2218.49	100.227
2220.42	100.163
2222.35	100.07
2224.28	100.083
2226.21	100.185
2228.14	100.125
2230.07	99.7424
2232	99.3824
2233.93	99.4705
2235.85	99.8274
2237.78	99.9864
2239.71	99.8797
2241.64	99.7211
2243.57	99.6219
2245.5	99.6533
2247.43	99.8753
2249.36	100.141
2251.29	100.229
2253.22	100.169
2255.15	100.132
2257.07	100.155
2259	100.199
2260.93	100.225
2262.86	100.166
2264.79	100.034
2266.72	99.9401
2268.65	99.9104
2270.58	99.9135
2272.51	99.9862
2274.44	100.074
2276.37	100.005
2278.29	99.8003
2280.22	99.6966
2282.15	99.7476
2284.08	99.7499
2286.01	99.5988
2287.94	99.4433
2289.87	99.4385
2291.8	99.5516
2293.73	99.6766
2295.66	99.799
2297.59	99.9778
2299.52	100.217
2301.44	100.424
2303.37	100.558
2305.3	100.769
2307.23	101.19
2309.16	101.666
2311.09	101.953
2313.02	102.109
2314.95	102.413
2316.88	102.982
2318.81	103.68
2320.74	104.251
2322.66	104.552
2324.59	104.771
2326.52	105.147
2328.45	105.6
2330.38	105.875
2332.31	105.97
2334.24	106.194
2336.17	106.643
2338.1	106.997
2340.03	107.074
2341.96	107.071
2343.89	106.72
2345.81	105.61
2347.74	104.52
2349.67	104.289
2351.6	105.085
2353.53	106.676
2355.46	108.348
2357.39	109.514
2359.32	110.058
2361.25	109.941
2363.18	109.387
2365.11	108.59
2367.03	107.544
2368.96	106.311
2370.89	105.028
2372.82	103.789
2374.75	102.618
2376.68	101.559
2378.61	100.697
2380.54	99.9998
2382.47	99.3574
2384.4	98.7724
2386.33	98.3667
2388.26	98.1944
2390.18	98.1392
2392.11	98.028
2394.04	97.8329
2395.97	97.6788
2397.9	97.632
2399.83	97.6143
2401.76	97.5733
2403.69	97.588
2405.62	97.7295
2407.55	97.9102
2409.48	97.9794
2411.4	97.9351
2413.33	97.8962
2415.26	97.8846
2417.19	97.828
2419.12	97.7539
2421.05	97.7538
2422.98	97.7933
2424.91	97.7835
2426.84	97.7617
2428.77	97.7998
2430.7	97.8439
2432.62	97.8187
2434.55	97.7579
2436.48	97.7169
2438.41	97.7026
2440.34	97.7292
2442.27	97.7999
2444.2	97.864
2446.13	97.8895
2448.06	97.8955
2449.99	97.893
2451.92	97.8945
2453.85	97.929
2455.77	97.9635
2457.7	97.907
2459.63	97.7617
2461.56	97.6594
2463.49	97.676
2465.42	97.7285
2467.35	97.7466
2469.28	97.7899
2471.21	97.8916
2473.14	97.9808
2475.07	98.0203
2476.99	98.0176
2478.92	97.9562
2480.85	97.8932
2482.78	97.9418
2484.71	98.0601
2486.64	98.0937
2488.57	98.0175
2490.5	97.9424
2492.43	97.9592
2494.36	98.0618
2496.29	98.1472
2498.22	98.1201
2500.14	98.0103
2502.07	97.9028
2504	97.8372
2505.93	97.8456
2507.86	97.9334
2509.79	98.0061
2511.72	98.0006
2513.65	98.016
2515.58	98.137
2517.51	98.2774
2519.44	98.3448
2521.36	98.3515
2523.29	98.2791
2525.22	98.0935
2527.15	97.9137
2529.08	97.9018
2531.01	98.0289
2532.94	98.1688
2534.87	98.2885
2536.8	98.3644
2538.73	98.3176
2540.66	98.182
2542.58	98.1045
2544.51	98.1125
2546.44	98.101
2548.37	98.0195
2550.3	97.907
2552.23	97.8495
2554.16	97.9393
2556.09	98.1174
2558.02	98.1783
2559.95	98.0827
2561.88	98.0171
2563.81	98.071
2565.73	98.1525
2567.66	98.1897
2569.59	98.1748
2571.52	98.1071
2573.45	98.032
2575.38	98.0302
2577.31	98.1265
2579.24	98.2605
2581.17	98.3445
2583.1	98.3504
2585.03	98.3349
2586.95	98.3558
2588.88	98.3874
2590.81	98.3507
2592.74	98.2325
2594.67	98.1329
2596.6	98.128
2598.53	98.1465
2600.46	98.0804
2602.39	97.9322
2604.32	97.7786
2606.25	97.7017
2608.18	97.7536
2610.1	97.8658
2612.03	97.8818
2613.96	97.7853
2615.89	97.7267
2617.82	97.7458
2619.75	97.7091
2621.68	97.5915
2623.61	97.5361
2625.54	97.5847
2627.47	97.6291
2629.4	97.6129
2631.32	97.5511
2633.25	97.4684
2635.18	97.4491
2637.11	97.5417
2639.04	97.6089
2640.97	97.5176
2642.9	97.3669
2644.83	97.3087
2646.76	97.3284
2648.69	97.3467
2650.62	97.3424
2652.54	97.3048
2654.47	97.2333
2656.4	97.1862
2658.33	97.1936
2660.26	97.179
2662.19	97.0873
2664.12	96.9974
2666.05	96.9986
2667.98	97.0547
2669.91	97.0702
2671.84	97.0123
2673.77	96.9309
2675.69	96.9008
2677.62	96.9506
2679.55	97.0471
2681.48	97.1311
2683.41	97.1406
2685.34	97.0589
2687.27	96.9552
2689.2	96.8904
2691.13	96.8373
2693.06	96.7855
2694.99	96.779
2696.91	96.7956
2698.84	96.7833
2700.77	96.7739
2702.7	96.7737
2704.63	96.7053
2706.56	96.5992
2708.49	96.6014
2710.42	96.7155
2712.35	96.8011
2714.28	96.8131
2716.21	96.8054
2718.14	96.7757
2720.06	96.6991
2721.99	96.6114
2723.92	96.5482
2725.85	96.5045
2727.78	96.4761
2729.71	96.4623
2731.64	96.4561
2733.57	96.4546
2735.5	96.4383
2737.43	96.3931
2739.36	96.3673
2741.28	96.3966
2743.21	96.4204
2745.14	96.4072
2747.07	96.4268
2749	96.4897
2750.93	96.5257
2752.86	96.5563
2754.79	96.6383
2756.72	96.701
2758.65	96.6727
2760.58	96.6159
2762.51	96.5811
2764.43	96.5384
2766.36	96.4967
2768.29	96.4887
2770.22	96.4869
2772.15	96.4638
2774.08	96.4454
2776.01	96.4616
2777.94	96.4991
2779.87	96.5
2781.8	96.4374
2783.73	96.3847
2785.65	96.3993
2787.58	96.4025
2789.51	96.3178
2791.44	96.2207
2793.37	96.2269
2795.3	96.3235
2797.23	96.3915
2799.16	96.3696
2801.09	96.3187
2803.02	96.2898
2804.95	96.2606
2806.87	96.2352
2808.8	96.2143
2810.73	96.1341
2812.66	96.0216
2814.59	95.979
2816.52	95.9399
2818.45	95.8042
2820.38	95.6992
2822.31	95.7173
2824.24	95.6937
2826.17	95.5301
2828.1	95.3531
2830.02	95.252
2831.95	95.2091
2833.88	95.2062
2835.81	95.1748
2837.74	95.0281
2839.67	94.8167
2841.6	94.6453
2843.53	94.4851
2845.46	94.2666
2847.39	94.0327
2849.32	93.8202
2851.24	93.5604
2853.17	93.2483
2855.1	92.9585
2857.03	92.615
2858.96	92.0882
2860.89	91.5115
2862.82	91.1247
2864.75	90.9033
2866.68	90.6621
2868.61	90.3562
2870.54	90.0664
2872.47	89.8886
2874.39	89.9078
2876.32	90.1198
2878.25	90.4005
2880.18	90.6331
2882.11	90.7905
2884.04	90.8824
2885.97	90.9327
2887.9	91.0149
2889.83	91.1886
2891.76	91.373
2893.69	91.4383
2895.61	91.4235
2897.54	91.445
2899.47	91.4808
2901.4	91.491
2903.33	91.5378
2905.26	91.5866
2907.19	91.4986
2909.12	91.308
2911.05	91.1838
2912.98	91.1457
2914.91	91.066
2916.83	90.8844
2918.76	90.649
2920.69	90.3329
2922.62	89.779
2924.55	88.9797
2926.48	88.2044
2928.41	87.68
2930.34	87.4194
2932.27	87.4223
2934.2	87.7085
2936.13	88.1674
2938.06	88.6103
2939.98	88.9363
2941.91	89.1736
2943.84	89.3405
2945.77	89.2872
2947.7	88.8933
2949.63	88.3529
2951.56	87.8988
2953.49	87.4617
2955.42	86.9405
2957.35	86.4708
2959.28	86.2611
2961.2	86.4692
2963.13	87.1747
2965.06	88.3415
2966.99	89.8964
2968.92	91.5675
2970.85	92.6681
2972.78	92.7696
2974.71	92.3706
2976.64	92.1727
2978.57	92.3255
2980.5	92.6787
2982.43	93.058
2984.35	93.3012
2986.28	93.5003
2988.21	93.8875
2990.14	94.3619
2992.07	94.6751
2994	94.9143
2995.93	95.2726
2997.86	95.6849
2999.79	96.0519
3001.72	96.4496
3003.65	96.9006
3005.57	97.2316
3007.5	97.3137
3009.43	97.3004
3011.36	97.4671
3013.29	97.8484
3015.22	98.2045
3017.15	98.3496
3019.08	98.3462
3021.01	98.3671
3022.94	98.4981
3024.87	98.6556
3026.79	98.6989
3028.72	98.6857
3030.65	98.8035
3032.58	98.9695
3034.51	98.8898
3036.44	98.556
3038.37	98.2244
3040.3	97.9859
3042.23	97.7917
3044.16	97.706
3046.09	97.7901
3048.02	97.9458
3049.94	98.0288
3051.87	97.98
3053.8	97.8247
3055.73	97.5999
3057.66	97.3627
3059.59	97.2772
3061.52	97.4288
3063.45	97.5809
3065.38	97.5598
3067.31	97.6403
3069.24	97.9627
3071.16	98.1239
3073.09	97.9362
3075.02	97.807
3076.95	97.9578
3078.88	98.1204
3080.81	98.0868
3082.74	97.8619
3084.67	97.5264
3086.6	97.3245
3088.53	97.4165
3090.46	97.5371
3092.39	97.4158
3094.31	97.2152
3096.24	97.1421
3098.17	97.118
3100.1	97.0448
3102.03	96.9651
3103.96	96.9573
3105.89	97.0469
3107.82	97.1059
3109.75	96.9901
3111.68	96.8635
3113.61	96.9822
3115.53	97.1952
3117.46	97.1725
3119.39	96.9577
3121.32	96.8314
3123.25	96.8538
3125.18	96.8466
3127.11	96.7027
3129.04	96.5475
3130.97	96.5447
3132.9	96.6424
3134.83	96.6987
3136.75	96.7574
3138.68	96.9171
3140.61	97.0669
3142.54	97.0559
3144.47	96.9731
3146.4	96.9632
3148.33	96.9426
3150.26	96.8117
3152.19	96.7428
3154.12	96.912
3156.05	97.148
3157.98	97.1864
3159.9	97.0532
3161.83	96.879
3163.76	96.6461
3165.69	96.4369
3167.62	96.4975
3169.55	96.7744
3171.48	96.8888
3173.41	96.7463
3175.34	96.6322
3177.27	96.69
3179.2	96.8041
3181.12	96.8434
3183.05	96.7377
3184.98	96.5788
3186.91	96.5838
3188.84	96.6799
3190.77	96.5794
3192.7	96.4087
3194.63	96.5446
3196.56	96.8777
3198.49	96.9806
3200.42	96.7884
3202.35	96.5461
3204.27	96.3913
3206.2	96.3031
3208.13	96.2483
3210.06	96.2749
3211.99	96.435
3213.92	96.6182
3215.85	96.675
3217.78	96.66
3219.71	96.6739
3221.64	96.6605
3223.57	96.5956
3225.49	96.5652
3227.42	96.5267
3229.35	96.3652
3231.28	96.1884
3233.21	96.204
3235.14	96.4085
3237.07	96.6426
3239	96.7695
3240.93	96.7244
3242.86	96.5712
3244.79	96.4595
3246.72	96.4303
3248.64	96.4314
3250.57	96.4491
3252.5	96.4229
3254.43	96.2801
3256.36	96.152
3258.29	96.2072
3260.22	96.3422
3262.15	96.3601
3264.08	96.2655
3266.01	96.1906
3267.94	96.2204
3269.86	96.3248
3271.79	96.3808
3273.72	96.3407
3275.65	96.2908
3277.58	96.2406
3279.51	96.109
3281.44	95.9924
3283.37	96.0718
3285.3	96.2421
3287.23	96.2513
3289.16	96.1276
3291.08	96.0528
3293.01	96.0234
3294.94	95.9905
3296.87	95.9994
3298.8	95.9878
3300.73	95.8654
3302.66	95.7603
3304.59	95.7799
3306.52	95.8125
3308.45	95.8071
3310.38	95.8068
3312.31	95.7315
3314.23	95.5736
3316.16	95.5277
3318.09	95.6399
3320.02	95.7233
3321.95	95.6821
3323.88	95.6062
3325.81	95.6329
3327.74	95.7862
3329.67	95.8537
3331.6	95.6547
3333.53	95.3984
3335.45	95.355
3337.38	95.4164
3339.31	95.4124
3341.24	95.428
3343.17	95.5041
3345.1	95.5194
3347.03	95.4517
3348.96	95.3626
3350.89	95.271
3352.82	95.2077
3354.75	95.1668
3356.68	95.1144
3358.6	95.1267
3360.53	95.2294
3362.46	95.2522
3364.39	95.1241
3366.32	95.0038
3368.25	95.0017
3370.18	95.0816
3372.11	95.1337
3374.04	95.0049
3375.97	94.7356
3377.9	94.656
3379.82	94.9251
3381.75	95.2571
3383.68	95.3434
3385.61	95.218
3387.54	95.0622
3389.47	94.9574
3391.4	94.9178
3393.33	94.9284
3395.26	94.9509
3397.19	95.0122
3399.12	95.1327
3401.04	95.163
3402.97	94.9937
3404.9	94.8088
3406.83	94.7739
3408.76	94.7471
3410.69	94.6419
3412.62	94.6455
3414.55	94.8279
3416.48	95.0165
3418.41	95.1155
3420.34	95.1238
3422.27	94.9763
3424.19	94.7029
3426.12	94.509
3428.05	94.5464
3429.98	94.766
3431.91	94.9494
3433.84	94.9429
3435.77	94.9333
3437.7	95.1743
3439.63	95.4559
3441.56	95.3794
3443.49	95.057
3445.41	94.9297
3447.34	95.0941
3449.27	95.3094
3451.2	95.4408
3453.13	95.4799
3455.06	95.3866
3456.99	95.2425
3458.92	95.2413
3460.85	95.359
3462.78	95.3788
3464.71	95.2411
3466.64	95.0745
3468.56	95.0127
3470.49	95.1144
3472.42	95.2496
3474.35	95.1941
3476.28	95
3478.21	94.9211
3480.14	94.9836
3482.07	95.0411
3484	95.0273
3485.93	94.9392
3487.86	94.8315
3489.78	94.7599
3491.71	94.6255
3493.64	94.4338
3495.57	94.4614
3497.5	94.732
3499.43	94.9058
3501.36	94.9435
3503.29	95.0204
3505.22	94.9542
3507.15	94.6268
3509.08	94.4508
3511	94.6898
3512.93	94.9191
3514.86	94.7734
3516.79	94.519
3518.72	94.4608
3520.65	94.4671
3522.58	94.4108
3524.51	94.4623
3526.44	94.6715
3528.37	94.86
3530.3	94.9387
3532.23	94.8423
3534.15	94.5401
3536.08	94.3185
3538.01	94.4579
3539.94	94.7025
3541.87	94.7084
3543.8	94.5342
3545.73	94.3406
3547.66	94.2271
3549.59	94.3453
3551.52	94.6807
3553.45	94.9325
3555.37	94.9172
3557.3	94.8074
3559.23	94.7383
3561.16	94.665
3563.09	94.6093
3565.02	94.6694
3566.95	94.7788
3568.88	94.7911
3570.81	94.8639
3572.74	95.1747
3574.67	95.5711
3576.6	95.7348
3578.52	95.6052
3580.45	95.4331
3582.38	95.4667
3584.31	95.6831
3586.24	95.8719
3588.17	95.9928
3590.1	96.2032
3592.03	96.3833
3593.96	96.3307
3595.89	96.2549
3597.82	96.4875
3599.74	96.854
3601.67	97.0462
3603.6	97.1174
3605.53	97.2285
3607.46	97.3324
3609.39	97.3062
3611.32	97.1843
3613.25	97.144
3615.18	97.2495
3617.11	97.3343
3619.04	97.3213
3620.97	97.4157
3622.89	97.6507
3624.82	97.8461
3626.75	97.9671
3628.68	97.8702
3630.61	97.3846
3632.54	97.0255
3634.47	97.222
3636.4	97.6939
3638.33	97.8656
3640.26	97.6881
3642.19	97.5968
3644.11	97.8901
3646.04	98.45
3647.97	98.7904
3649.9	98.4649
3651.83	98.1155
3653.76	98.1527
3655.69	98.1035
3657.62	97.6884
3659.55	97.2514
3661.48	97.0652
3663.41	97.1144
3665.33	97.3457
3667.26	97.659
3669.19	97.9723
3671.12	98.3066
3673.05	98.6841
3674.98	98.8872
3676.91	98.5437
3678.84	97.911
3680.77	97.4834
3682.7	97.3222
3684.63	97.3887
3686.56	97.734
3688.48	98.3261
3690.41	98.5881
3692.34	98.201
3694.27	97.8139
3696.2	97.812
3698.13	97.9579
3700.06	97.9395
3701.99	97.8233
3703.92	97.7795
3705.85	97.7674
3707.78	97.7839
3709.7	97.9081
3711.63	98.0328
3713.56	98.0257
3715.49	98.0358
3717.42	98.126
3719.35	98.2245
3721.28	98.3106
3723.21	98.3147
3725.14	98.1316
3727.07	97.9937
3729	98.193
3730.93	98.5602
3732.85	98.7863
3734.78	98.8084
3736.71	98.6913
3738.64	98.5174
3740.57	98.3899
3742.5	98.2467
3744.43	98.0259
3746.36	98.0438
3748.29	98.3778
3750.22	98.584
3752.15	98.3981
3754.07	98.1785
3756	98.042
3757.93	97.8125
3759.86	97.6212
3761.79	97.6661
3763.72	97.7752
3765.65	97.7901
3767.58	97.74
3769.51	97.6064
3771.44	97.4189
3773.37	97.3912
3775.29	97.5246
3777.22	97.5935
3779.15	97.5318
3781.08	97.4734
3783.01	97.4469
3784.94	97.4405
3786.87	97.4711
3788.8	97.4405
3790.73	97.3416
3792.66	97.3637
3794.59	97.5746
3796.52	97.8528
3798.44	98.1325
3800.37	98.2952
3802.3	98.1085
3804.23	97.7779
3806.16	97.6203
3808.09	97.5242
3810.02	97.4068
3811.95	97.4449
3813.88	97.7121
3815.81	98.0237
3817.74	98.0758
3819.66	97.8925
3821.59	97.7665
3823.52	97.8684
3825.45	97.9919
3827.38	97.9422
3829.31	97.8161
3831.24	97.8224
3833.17	97.955
3835.1	98.0395
3837.03	98.0073
3838.96	97.9033
3840.89	97.698
3842.81	97.3877
3844.74	97.1996
3846.67	97.3622
3848.6	97.7433
3850.53	98.0639
3852.46	98.1838
3854.39	98.0571
3856.32	97.8011
3858.25	97.6007
3860.18	97.52
3862.11	97.5235
3864.03	97.5479
3865.96	97.6327
3867.89	97.801
3869.82	97.8766
3871.75	97.7143
3873.68	97.5307
3875.61	97.546
3877.54	97.642
3879.47	97.6426
3881.4	97.5787
3883.33	97.5308
3885.25	97.4583
3887.18	97.4659
3889.11	97.7117
3891.04	97.9837
3892.97	97.888
3894.9	97.5348
3896.83	97.3699
3898.76	97.5343
3900.69	97.8229
3902.62	97.8931
3904.55	97.6853
3906.48	97.4429
3908.4	97.3538
3910.33	97.3777
3912.26	97.3738
3914.19	97.2935
3916.12	97.2711
3918.05	97.4014
3919.98	97.5237
3921.91	97.5472
3923.84	97.6227
3925.77	97.7631
3927.7	97.7779
3929.62	97.6477
3931.55	97.5035
3933.48	97.3977
3935.41	97.3426
3937.34	97.3784
3939.27	97.4821
3941.2	97.5469
3943.13	97.4631
3945.06	97.251
3946.99	97.1085
3948.92	97.1975
3950.85	97.3831
3952.77	97.3892
3954.7	97.2187
3956.63	97.0968
3958.56	97.1255
3960.49	97.193
3962.42	97.1894
3964.35	97.1578
3966.28	97.1951
3968.21	97.2873
3970.14	97.3258
3972.07	97.2829
3973.99	97.2504
3975.92	97.2559
3977.85	97.2183
3979.78	97.1334
3981.71	97.0995
3983.64	97.1516
3985.57	97.2262
3987.5	97.2531
3989.43	97.2009
3991.36	97.0988
3993.29	97.0217
3995.22	97.0263
3997.14	97.1382
