499.643	82.3316
501.572	81.9446
503.501	83.7032
505.43	85.7851
507.36	87.2652
509.289	87.8159
511.218	87.548
513.147	87.4515
515.076	88.1499
517.005	88.8339
518.934	88.4914
520.863	87.6618
522.792	87.4534
524.722	87.9493
526.651	88.4187
528.58	88.339
530.509	87.8299
532.438	87.4155
534.367	87.6986
536.296	88.6106
538.225	89.2929
540.155	89.3937
542.084	89.5628
544.013	90.109
545.942	90.4681
547.871	90.4015
549.8	90.3174
551.729	90.2273
553.658	89.8797
555.588	89.6342
557.517	89.8358
559.446	90.0615
561.375	90.0292
563.304	90.0583
565.233	90.1338
567.162	89.9708
569.091	89.7939
571.021	89.8273
572.95	89.8227
574.879	89.7372
576.808	89.8145
578.737	89.9919
580.666	90.0431
582.595	89.9137
584.524	89.5736
586.454	89.0185
588.383	88.3974
590.312	87.8517
592.241	87.4073
594.17	87.0943
596.099	86.979
598.028	87.0493
599.957	87.162
601.887	87.2022
603.816	87.3044
605.745	87.6798
607.674	88.2346
609.603	88.7004
611.532	89.0799
613.461	89.5184
615.39	89.9061
617.32	90.0667
619.249	90.1107
621.178	90.2157
623.107	90.3563
625.036	90.4444
626.965	90.4553
628.894	90.3862
630.823	90.1955
632.753	89.8278
634.682	89.333
636.611	88.8326
638.54	88.2658
640.469	87.4094
642.398	86.2651
644.327	85.1027
646.256	84.0441
648.186	83.0683
650.115	82.3694
652.044	82.1548
653.973	82.3712
655.902	82.8473
657.831	83.4444
659.76	84.1991
661.689	85.1245
663.619	86.0818
665.548	87.3438
667.477	89.451
669.406	91.2373
671.335	91.5567
673.264	91.7425
675.193	92.2411
677.122	92.7004
679.052	93.0276
680.981	93.3218
682.91	93.4742
684.839	93.5146
686.768	93.5652
688.697	93.6012
690.626	93.6647
692.555	93.8137
694.485	93.9214
696.414	93.9082
698.343	93.8567
700.272	93.7855
702.201	93.6959
704.13	93.6935
706.059	93.777
707.988	93.7944
709.917	93.7429
711.847	93.7312
713.776	93.6982
715.705	93.5924
717.634	93.5891
719.563	93.7291
721.492	93.7372
723.421	93.5387
725.35	93.3785
727.28	93.2876
729.209	93.0704
731.138	92.7485
733.067	92.477
734.996	92.198
736.925	91.7813
738.854	91.2617
740.783	90.694
742.713	90.0348
744.642	89.3363
746.571	88.8449
748.5	88.7587
750.429	89.0267
752.358	89.4754
754.287	89.9913
756.216	90.5148
758.146	90.9911
760.075	91.3967
762.004	91.7362
763.933	92.0209
765.862	92.278
767.791	92.5067
769.72	92.6568
771.649	92.7288
773.579	92.7848
775.508	92.8263
777.437	92.8062
779.366	92.7302
781.295	92.6319
783.224	92.5265
785.153	92.4211
787.082	92.277
789.012	92.0112
790.941	91.6017
792.87	91.0976
794.799	90.5114
796.728	89.7957
798.657	88.8898
800.586	87.7159
802.515	86.166
804.445	84.1006
806.374	81.3659
808.303	78.009
810.232	74.6418
812.161	72.3653
814.09	72.0131
816.019	73.5191
817.948	76.0997
819.878	78.8906
821.807	81.3835
823.736	83.4163
825.665	84.9402
827.594	85.9555
829.523	86.5955
831.452	87.0252
833.381	87.269
835.311	87.2855
837.24	87.0842
839.169	86.6715
841.098	86.0598
843.027	85.3787
844.956	84.8285
846.885	84.5224
848.814	84.4417
850.744	84.4982
852.673	84.626
854.602	84.8134
856.531	85.039
858.46	85.2605
860.389	85.4779
862.318	85.6941
864.247	85.8374
866.177	85.8286
868.106	85.6604
870.035	85.3494
871.964	84.9082
873.893	84.3799
875.822	83.81
877.751	83.219
879.68	82.6757
881.609	82.3221
883.539	82.2542
885.468	82.4128
887.397	82.6295
889.326	82.7731
891.255	82.8378
893.184	82.9012
895.113	83.0396
897.042	83.3032
898.972	83.7326
900.901	84.368
902.83	85.2243
904.759	86.2228
906.688	87.1706
908.617	87.8842
910.546	88.3117
912.475	88.4827
914.405	88.4109
916.334	88.0904
918.263	87.5003
920.192	86.5886
922.121	85.3057
924.05	83.6381
925.979	81.5689
927.908	79.0468
929.838	76.0603
931.767	72.7668
933.696	69.5072
935.625	66.6596
937.554	64.5036
939.483	63.1965
941.412	62.7522
943.341	63.008
945.271	63.7249
947.2	64.7623
949.129	66.0832
951.058	67.6177
952.987	69.2348
954.916	70.816
956.845	72.2825
958.774	73.6137
960.704	74.9047
962.633	76.3314
964.562	78.0025
966.491	79.864
968.42	81.7357
970.349	83.4179
972.278	84.7914
974.207	85.8432
976.137	86.6036
978.066	87.084
979.995	87.2757
981.924	87.1764
983.853	86.8096
985.782	86.2496
987.711	85.6441
989.64	85.1637
991.57	84.8622
993.499	84.5916
995.428	84.0847
997.357	83.1148
999.286	81.6451
1001.22	79.9459
1003.14	78.4906
1005.07	77.5906
1007	77.2099
1008.93	77.2135
1010.86	77.5914
1012.79	78.2914
1014.72	79.033
1016.65	79.4516
1018.58	79.3143
1020.51	78.549
1022.44	77.2098
1024.36	75.4984
1026.29	73.7709
1028.22	72.4039
1030.15	71.5215
1032.08	70.886
1034.01	70.1916
1035.94	69.3959
1037.87	68.652
1039.8	68.0715
1041.73	67.7056
1043.66	67.6199
1045.58	67.851
1047.51	68.3507
1049.44	69.0063
1051.37	69.6683
1053.3	70.1989
1055.23	70.5683
1057.16	70.8814
1059.09	71.2539
1061.02	71.6655
1062.95	71.9534
1064.88	71.9545
1066.81	71.6986
1068.73	71.4688
1070.66	71.5894
1072.59	72.1545
1074.52	73.0233
1076.45	73.9997
1078.38	74.9265
1080.31	75.6982
1082.24	76.2641
1084.17	76.5822
1086.1	76.6052
1088.03	76.3455
1089.95	75.8418
1091.88	75.0556
1093.81	73.9483
1095.74	72.6205
1097.67	71.219
1099.6	69.777
1101.53	68.2681
1103.46	66.7122
1105.39	65.1269
1107.32	63.4843
1109.25	61.7887
1111.18	60.1012
1113.1	58.463
1115.03	56.8823
1116.96	55.3762
1118.89	53.9421
1120.82	52.5345
1122.75	51.1365
1124.68	49.7885
1126.61	48.4751
1128.54	47.0585
1130.47	45.4029
1132.4	43.4991
1134.32	41.4229
1136.25	39.2818
1138.18	37.2407
1140.11	35.4887
1142.04	34.1471
1143.97	33.2699
1145.9	32.9057
1147.83	33.0775
1149.76	33.7221
1151.69	34.7307
1153.62	36.0448
1155.55	37.6335
1157.47	39.4036
1159.4	41.2329
1161.33	43.0565
1163.26	44.8384
1165.19	46.5217
1167.12	48.0685
1169.05	49.4964
1170.98	50.8529
1172.91	52.1907
1174.84	53.5671
1176.77	55.0344
1178.69	56.6166
1180.62	58.3124
1182.55	60.1321
1184.48	62.1056
1186.41	64.2462
1188.34	66.54
1190.27	68.9752
1192.2	71.5717
1194.13	74.3809
1196.06	77.4055
1197.99	80.5343
1199.91	83.6328
1201.84	86.5602
1203.77	89.0472
1205.7	90.9047
1207.63	92.2881
1209.56	93.4278
1211.49	94.645
1213.42	96.5658
1215.35	98.9686
1217.28	99.8814
1219.21	98.207
1221.14	96.0005
1223.06	95.3863
1224.99	96.0128
1226.92	96.4856
1228.85	96.2275
1230.78	95.178
1232.71	93.2775
1234.64	90.8134
1236.57	88.2704
1238.5	85.9572
1240.43	84.0527
1242.36	82.6263
1244.28	81.6199
1246.21	80.9789
1248.14	80.6849
1250.07	80.6763
1252	80.8401
1253.93	81.0415
1255.86	81.1733
1257.79	81.1938
1259.72	81.0839
1261.65	80.8382
1263.58	80.5156
1265.51	80.2059
1267.43	79.9654
1269.36	79.7995
1271.29	79.6584
1273.22	79.4903
1275.15	79.3064
1277.08	79.1025
1279.01	78.751
1280.94	78.0372
1282.87	76.7522
1284.8	74.6977
1286.73	71.7023
1288.65	67.9032
1290.58	64.0652
1292.51	61.3046
1294.44	60.4358
1296.37	61.626
1298.3	64.3915
1300.23	67.8181
1302.16	71.0121
1304.09	73.4446
1306.02	74.8818
1307.95	75.2446
1309.87	74.6882
1311.8	73.6491
1313.73	72.691
1315.66	72.1357
1317.59	71.918
1319.52	72.0338
1321.45	72.7551
1323.38	74.2046
1325.31	76.2034
1327.24	78.4847
1329.17	80.8363
1331.1	83.1656
1333.02	85.3558
1334.95	87.2203
1336.88	88.7596
1338.81	90.1406
1340.74	91.4227
1342.67	92.664
1344.6	94.0744
1346.53	95.7379
1348.46	97.4578
1350.39	98.96
1352.32	100.07
1354.24	100.696
1356.17	100.876
1358.1	100.819
1360.03	100.786
1361.96	100.912
1363.89	100.821
1365.82	99.9656
1367.75	98.7049
1369.68	98.0354
1371.61	98.119
1373.54	97.8872
1375.47	96.7177
1377.39	95.3761
1379.32	94.403
1381.25	93.6146
1383.18	92.9476
1385.11	92.3546
1387.04	91.5969
1388.97	90.7691
1390.9	90.1646
1392.83	89.6731
1394.76	89.0794
1396.69	88.325
1398.61	87.4304
1400.54	86.6007
1402.47	86.1433
1404.4	86.1675
1406.33	86.586
1408.26	87.2117
1410.19	87.9836
1412.12	88.8825
1414.05	89.7245
1415.98	90.4249
1417.91	90.9828
1419.83	91.2765
1421.76	91.345
1423.69	91.2694
1425.62	91.0187
1427.55	90.5795
1429.48	89.8255
1431.41	88.7843
1433.34	87.7755
1435.27	86.7319
1437.2	85.4432
1439.13	84.352
1441.06	83.6413
1442.98	82.9981
1444.91	82.3009
1446.84	81.4714
1448.77	80.3531
1450.7	79.3468
1452.63	79.0999
1454.56	79.6704
1456.49	80.9233
1458.42	82.2793
1460.35	83.2112
1462.28	84.1522
1464.2	85.3145
1466.13	86.3673
1468.06	87.1501
1469.99	88.0048
1471.92	88.9671
1473.85	89.5136
1475.78	89.6136
1477.71	89.768
1479.64	90.0673
1481.57	90.4507
1483.5	90.9103
1485.43	91.4687
1487.35	92.1647
1489.28	92.9047
1491.21	93.4446
1493.14	93.904
1495.07	94.5226
1497	95.2167
1498.93	95.6518
1500.86	95.8674
1502.79	96.1357
1504.72	96.5459
1506.65	96.9184
1508.57	96.8349
1510.5	96.6454
1512.43	96.6779
1514.36	96.8545
1516.29	97.0198
1518.22	97.1412
1520.15	97.2453
1522.08	97.2556
1524.01	97.1805
1525.94	97.1067
1527.87	97.0573
1529.8	97.0661
1531.72	97.1383
1533.65	97.1761
1535.58	97.1737
1537.51	97.3138
1539.44	97.625
1541.37	97.6677
1543.3	97.307
1545.23	97.0177
1547.16	96.9094
1549.09	96.9073
1551.02	96.9043
1552.94	96.8895
1554.87	97.0049
1556.8	97.2962
1558.73	97.3926
1560.66	97.013
1562.59	96.7207
1564.52	96.6422
1566.45	96.6958
1568.38	96.7377
1570.31	96.5841
1572.24	96.4186
1574.16	96.4733
1576.09	96.5544
1578.02	96.3335
1579.95	96.0559
1581.88	95.9483
1583.81	95.9185
1585.74	95.8478
1587.67	95.7459
1589.6	95.679
1591.53	95.667
1593.46	95.6509
1595.39	95.565
1597.31	95.4188
1599.24	95.2723
1601.17	95.1537
1603.1	95.0257
1605.03	94.8756
1606.96	94.7579
1608.89	94.6119
1610.82	94.3376
1612.75	94.092
1614.68	93.9345
1616.61	93.5206
1618.53	92.8378
1620.46	92.2754
1622.39	91.6325
1624.32	90.7194
1626.25	89.7725
1628.18	88.6494
1630.11	87.2687
1632.04	86.075
1633.97	85.0323
1635.9	83.6759
1637.83	82.9291
1639.76	84.0263
1641.68	86.3992
1643.61	89.0005
1645.54	91.3316
1647.47	93.0516
1649.4	93.8505
1651.33	94.2493
1653.26	94.5924
1655.19	94.5451
1657.12	94.388
1659.05	94.4277
1660.98	94.5082
1662.9	94.352
1664.83	94.0842
1666.76	93.999
1668.69	94.0442
1670.62	93.8784
1672.55	93.5102
1674.48	93.0947
1676.41	92.4568
1678.34	91.797
1680.27	91.433
1682.2	91.1021
1684.12	90.3861
1686.05	89.4912
1687.98	88.5582
1689.91	87.4673
1691.84	86.2698
1693.77	84.7851
1695.7	82.8954
1697.63	80.7239
1699.56	77.6373
1701.49	73.6906
1703.42	70.2686
1705.35	66.9962
1707.27	63.099
1709.2	59.5495
1711.13	56.9937
1713.06	54.9248
1714.99	53.5162
1716.92	53.1159
1718.85	53.1478
1720.78	54.0729
1722.71	56.5032
1724.64	60.1117
1726.57	64.5965
1728.49	69.615
1730.42	74.7122
1732.35	80.4992
1734.28	87.7383
1736.21	94.0457
1738.14	98.0493
1740.07	101.173
1742	104.021
1743.93	106.057
1745.86	107.558
1747.79	108.951
1749.72	109.959
1751.64	110.533
1753.57	110.772
1755.5	110.484
1757.43	109.915
1759.36	109.361
1761.29	108.508
1763.22	107.303
1765.15	106.148
1767.08	105.136
1769.01	104.321
1770.94	103.75
1772.86	102.984
1774.79	101.946
1776.72	101.183
1778.65	100.775
1780.58	100.463
1782.51	100.145
1784.44	99.8743
1786.37	99.6818
1788.3	99.5624
1790.23	99.483
1792.16	99.369
1794.08	99.1392
1796.01	98.8735
1797.94	98.6964
1799.87	98.5704
1801.8	98.359
1803.73	98.1114
1805.66	97.9778
1807.59	97.9643
1809.52	97.9541
1811.45	97.8292
1813.38	97.6543
1815.31	97.6217
1817.23	97.736
1819.16	97.8266
1821.09	97.8562
1823.02	97.8555
1824.95	97.7769
1826.88	97.7105
1828.81	97.7814
1830.74	97.8678
1832.67	97.8498
1834.6	97.7945
1836.53	97.7117
1838.45	97.6048
1840.38	97.5911
1842.31	97.7202
1844.24	97.8666
1846.17	97.8639
1848.1	97.7717
1850.03	97.7288
1851.96	97.7591
1853.89	97.8408
1855.82	97.9667
1857.75	98.0344
1859.68	97.9086
1861.6	97.7092
1863.53	97.7089
1865.46	97.9232
1867.39	98.1128
1869.32	98.1047
1871.25	98.0112
1873.18	97.965
1875.11	97.9171
1877.04	97.857
1878.97	97.8968
1880.9	98.0421
1882.82	98.155
1884.75	98.2051
1886.68	98.2574
1888.61	98.2456
1890.54	98.1244
1892.47	98.0809
1894.4	98.2114
1896.33	98.348
1898.26	98.3898
1900.19	98.41
1902.12	98.3942
1904.05	98.3206
1905.97	98.3269
1907.9	98.4568
1909.83	98.5869
1911.76	98.6852
1913.69	98.7513
1915.62	98.6851
1917.55	98.5249
1919.48	98.4741
1921.41	98.5397
1923.34	98.59
1925.27	98.6093
1927.19	98.6454
1929.12	98.7467
1931.05	98.922
1932.98	99.0281
1934.91	98.9285
1936.84	98.7544
1938.77	98.7232
1940.7	98.8238
1942.63	98.9172
1944.56	98.9824
1946.49	99.0607
1948.41	99.1158
1950.34	99.1519
1952.27	99.2626
1954.2	99.4371
1956.13	99.5178
1958.06	99.4191
1959.99	99.2834
1961.92	99.3896
1963.85	99.768
1965.78	99.9781
1967.71	99.6705
1969.64	99.2267
1971.56	99.2131
1973.49	99.6175
1975.42	100.04
1977.35	100.158
1979.28	99.9388
1981.21	99.6135
1983.14	99.4347
1985.07	99.4929
1987	99.7391
1988.93	99.934
1990.86	99.805
1992.78	99.5467
1994.71	99.5972
1996.64	99.7852
1998.57	99.6488
2000.5	99.371
2002.43	99.4552
2004.36	99.7919
2006.29	99.9807
2008.22	100.057
2010.15	100.163
2012.08	100.131
2014.01	99.9186
2015.93	99.7989
2017.86	99.9055
2019.79	100.052
2021.72	100.063
2023.65	99.9573
2025.58	99.8682
2027.51	99.8972
2029.44	99.9852
2031.37	100.011
2033.3	100.011
2035.23	100.09
2037.15	100.157
2039.08	100.078
2041.01	99.975
2042.94	100.026
2044.87	100.11
2046.8	100.031
2048.73	99.8179
2050.66	99.5353
2052.59	99.2398
2054.52	99.2005
2056.45	99.5163
2058.37	99.7269
2060.3	99.5238
2062.23	99.3145
2064.16	99.4362
2066.09	99.6377
2068.02	99.7489
2069.95	99.9162
2071.88	100.056
2073.81	99.9353
2075.74	99.6296
2077.67	99.3487
2079.6	99.1691
2081.52	99.1136
2083.45	99.1551
2085.38	99.2011
2087.31	99.2101
2089.24	99.1995
2091.17	99.2117
2093.1	99.3164
2095.03	99.4851
2096.96	99.5724
2098.89	99.541
2100.82	99.4727
2102.74	99.3722
2104.67	99.2237
2106.6	99.1395
2108.53	99.236
2110.46	99.421
2112.39	99.502
2114.32	99.5182
2116.25	99.6427
2118.18	99.7562
2120.11	99.6271
2122.04	99.4028
2123.97	99.3501
2125.89	99.4205
2127.82	99.4885
2129.75	99.5514
2131.68	99.599
2133.61	99.6819
2135.54	99.8421
2137.47	99.9179
2139.4	99.8906
2141.33	99.9973
2143.26	100.156
2145.19	100.092
2147.11	99.9856
2149.04	100.082
2150.97	100.15
2152.9	100.033
2154.83	99.9978
2156.76	100.174
2158.69	100.37
2160.62	100.472
2162.55	100.459
2164.48	100.257
2166.41	99.9384
2168.33	99.7166
2170.26	99.6756
2172.19	99.7925
2174.12	100.03
2176.05	100.244
2177.98	100.295
2179.91	100.222
2181.84	100.044
2183.77	99.7931
2185.7	99.7695
2187.63	100.146
2189.56	100.504
2191.48	100.438
2193.41	100.212
2195.34	100.186
2197.27	100.21
2199.2	100.129
2201.13	100.101
2203.06	100.112
2204.99	100.036
2206.92	100.112
2208.85	100.386
2210.78	100.302
2212.7	99.8323
2214.63	99.7821
2216.56	100.259
2218.49	100.448
2220.42	100.154
2222.35	99.9454
2224.28	99.9797
2226.21	99.983
2228.14	99.8529
2230.07	99.6758
2232	99.6147
2233.93	99.7305
2235.85	99.7806
2237.78	99.6542
2239.71	99.6713
2241.64	99.8844
2243.57	99.864
2245.5	99.6013
2247.43	99.5746
2249.36	99.7692
2251.29	99.7469
2253.22	99.5718
2255.15	99.6358
2257.07	99.9035
2259	100.096
2260.93	100.136
2262.86	100.054
2264.79	99.9086
2266.72	99.8277
2268.65	99.8241
2270.58	99.8047
2272.51	99.7515
2274.44	99.6654
2276.37	99.5304
2278.29	99.4087
2280.22	99.3678
2282.15	99.4161
2284.08	99.5406
2286.01	99.6464
2287.94	99.6336
2289.87	99.5798
2291.8	99.5761
2293.73	99.5769
2295.66	99.6383
2297.59	99.9031
2299.52	100.26
2301.44	100.484
2303.37	100.61
2305.3	100.82
2307.23	101.2
2309.16	101.722
2311.09	102.181
2313.02	102.385
2314.95	102.575
2316.88	103.161
2318.81	104.034
2320.74	104.71
2322.66	105.027
2324.59	105.265
2326.52	105.637
2328.45	106.124
2330.38	106.559
2332.31	106.774
2334.24	106.877
2336.17	107.105
2338.1	107.455
2340.03	107.785
2341.96	107.968
2343.89	107.503
2345.81	106.121
2347.74	104.838
2349.67	104.539
2351.6	105.408
2353.53	107.207
2355.46	109.043
2357.39	110.185
2359.32	110.62
2361.25	110.513
2363.18	110.23
2365.11	109.735
2367.03	108.625
2368.96	107.056
2370.89	105.464
2372.82	103.98
2374.75	102.686
2376.68	101.697
2378.61	100.895
2380.54	100.084
2382.47	99.2869
2384.4	98.6414
2386.33	98.2077
2388.26	97.975
2390.18	97.8903
2392.11	97.8508
2394.04	97.7778
2395.97	97.6766
2397.9	97.6055
2399.83	97.6012
2401.76	97.6169
2403.69	97.6156
2405.62	97.6833
2407.55	97.8377
2409.48	97.8853
2411.4	97.7468
2413.33	97.6364
2415.26	97.6946
2417.19	97.7889
2419.12	97.8088
2421.05	97.8223
2422.98	97.8417
2424.91	97.7584
2426.84	97.6128
2428.77	97.5959
2430.7	97.6969
2432.62	97.7364
2434.55	97.7393
2436.48	97.8275
2438.41	97.9028
2440.34	97.8553
2442.27	97.8078
2444.2	97.8629
2446.13	97.9052
2448.06	97.7994
2449.99	97.6106
2451.92	97.5366
2453.85	97.6345
2455.77	97.7575
2457.7	97.8201
2459.63	97.8633
2461.56	97.8633
2463.49	97.7945
2465.42	97.7518
2467.35	97.7802
2469.28	97.8206
2471.21	97.8712
2473.14	97.9608
2475.07	98.0637
2476.99	98.1384
2478.92	98.116
2480.85	97.9573
2482.78	97.7939
2484.71	97.7644
2486.64	97.7697
2488.57	97.6957
2490.5	97.6884
2492.43	97.8781
2494.36	98.0819
2496.29	98.1034
2498.22	98.0583
2500.14	98.1113
2502.07	98.1862
2504	98.1727
2505.93	98.1074
2507.86	98.0246
2509.79	97.9282
2511.72	97.9038
2513.65	98.0116
2515.58	98.1665
2517.51	98.2635
2519.44	98.293
2521.36	98.2795
2523.29	98.2182
2525.22	98.1108
2527.15	98.0138
2529.08	98.0009
2531.01	98.0916
2532.94	98.2571
2534.87	98.4252
2536.8	98.4464
2538.73	98.242
2540.66	98.0012
2542.58	97.9462
2544.51	97.9988
2546.44	98.0061
2548.37	98.0181
2550.3	98.0261
2552.23	97.9031
2554.16	97.7893
2556.09	97.9165
2558.02	98.1106
2559.95	98.1316
2561.88	98.1528
2563.81	98.303
2565.73	98.3282
2567.66	98.1227
2569.59	97.9485
2571.52	97.9395
2573.45	97.9567
2575.38	97.9423
2577.31	98.0081
2579.24	98.188
2581.17	98.3327
2583.1	98.3078
2585.03	98.1956
2586.95	98.1762
2588.88	98.2595
2590.81	98.2976
2592.74	98.2323
2594.67	98.1556
2596.6	98.1323
2598.53	98.101
2600.46	97.9824
2602.39	97.8041
2604.32	97.6764
2606.25	97.6674
2608.18	97.7151
2610.1	97.69
2612.03	97.5819
2613.96	97.5395
2615.89	97.6374
2617.82	97.7223
2619.75	97.6286
2621.68	97.437
2623.61	97.3517
2625.54	97.405
2627.47	97.4636
2629.4	97.4545
2631.32	97.4147
2633.25	97.3922
2635.18	97.4159
2637.11	97.4639
2639.04	97.4465
2640.97	97.3484
2642.9	97.275
2644.83	97.2518
2646.76	97.2067
2648.69	97.1769
2650.62	97.2344
2652.54	97.2839
2654.47	97.2286
2656.4	97.1626
2658.33	97.1615
2660.26	97.1298
2662.19	97.0203
2664.12	96.9441
2666.05	96.9537
2667.98	96.9496
2669.91	96.8802
2671.84	96.8353
2673.77	96.8635
2675.69	96.8879
2677.62	96.8774
2679.55	96.9076
2681.48	96.9903
2683.41	97.0361
2685.34	96.9959
2687.27	96.8935
2689.2	96.7813
2691.13	96.7245
2693.06	96.726
2694.99	96.7123
2696.91	96.6738
2698.84	96.673
2700.77	96.6991
2702.7	96.6886
2704.63	96.6384
2706.56	96.6019
2708.49	96.6381
2710.42	96.736
2712.35	96.7813
2714.28	96.7209
2716.21	96.6572
2718.14	96.6458
2720.06	96.6137
2721.99	96.5467
2723.92	96.5108
2725.85	96.5075
2727.78	96.4863
2729.71	96.4243
2731.64	96.3427
2733.57	96.3028
2735.5	96.3265
2737.43	96.3385
2739.36	96.3039
2741.28	96.2966
2743.21	96.3319
2745.14	96.336
2747.07	96.3265
2749	96.3826
2750.93	96.4716
2752.86	96.5251
2754.79	96.5741
2756.72	96.6335
2758.65	96.6284
2760.58	96.5489
2762.51	96.4799
2764.43	96.439
2766.36	96.383
2768.29	96.3388
2770.22	96.3423
2772.15	96.3435
2774.08	96.3348
2776.01	96.4113
2777.94	96.5531
2779.87	96.5659
2781.8	96.3898
2783.73	96.2193
2785.65	96.1967
2787.58	96.2409
2789.51	96.2345
2791.44	96.1775
2793.37	96.1477
2795.3	96.2039
2797.23	96.2953
2799.16	96.3121
2801.09	96.2494
2803.02	96.1827
2804.95	96.1262
2806.87	96.0863
2808.8	96.1171
2810.73	96.1809
2812.66	96.147
2814.59	96.0019
2816.52	95.8615
2818.45	95.7737
2820.38	95.6879
2822.31	95.5885
2824.24	95.514
2826.17	95.477
2828.1	95.4572
2830.02	95.4297
2831.95	95.3629
2833.88	95.2489
2835.81	95.1148
2837.74	94.9611
2839.67	94.7729
2841.6	94.5829
2843.53	94.4112
2845.46	94.2259
2847.39	94.0369
2849.32	93.865
2851.24	93.6366
2853.17	93.305
2855.1	92.9369
2857.03	92.5475
2858.96	92.0785
2860.89	91.5685
2862.82	91.1293
2864.75	90.8061
2866.68	90.5743
2868.61	90.3748
2870.54	90.1578
2872.47	89.9748
2874.39	89.9302
2876.32	90.0307
2878.25	90.2247
2880.18	90.4976
2882.11	90.7875
2884.04	90.9761
2885.97	91.069
2887.9	91.1754
2889.83	91.3033
2891.76	91.3967
2893.69	91.4645
2895.61	91.4722
2897.54	91.348
2899.47	91.2282
2901.4	91.3281
2903.33	91.5348
2905.26	91.5591
2907.19	91.3944
2909.12	91.229
2911.05	91.1271
2912.98	91.078
2914.91	91.0802
2916.83	91.0464
2918.76	90.8415
2920.69	90.3941
2922.62	89.7267
2924.55	88.9856
2926.48	88.326
2928.41	87.7562
2930.34	87.3383
2932.27	87.3429
2934.2	87.8422
2936.13	88.4339
2938.06	88.7458
2939.98	88.9204
2941.91	89.2081
2943.84	89.3972
2945.77	89.1461
2947.7	88.6174
2949.63	88.1938
2951.56	87.8476
2953.49	87.3822
2955.42	86.8811
2957.35	86.469
2959.28	86.1969
2961.2	86.3223
2963.13	87.0788
2965.06	88.3357
2966.99	89.8761
2968.92	91.4713
2970.85	92.5662
2972.78	92.7572
2974.71	92.4409
2976.64	92.227
2978.57	92.2434
2980.5	92.3786
2982.43	92.5978
2984.35	92.8872
2986.28	93.2709
2988.21	93.7785
2990.14	94.2926
2992.07	94.6991
2994	95.0644
2995.93	95.4242
2997.86	95.7149
2999.79	95.9808
3001.72	96.2732
3003.65	96.5149
3005.57	96.7347
3007.5	97.049
3009.43	97.3539
3011.36	97.5383
3013.29	97.7982
3015.22	98.2454
3017.15	98.5771
3019.08	98.5462
3021.01	98.3451
3022.94	98.2534
3024.87	98.3216
3026.79	98.4971
3028.72	98.7183
3030.65	98.8475
3032.58	98.7657
3034.51	98.5462
3036.44	98.3376
3038.37	98.1671
3040.3	98.0278
3042.23	97.9318
3044.16	97.7871
3046.09	97.5709
3048.02	97.52
3049.94	97.7467
3051.87	97.9787
3053.8	97.9657
3055.73	97.7174
3057.66	97.3889
3059.59	97.2539
3061.52	97.4067
3063.45	97.5388
3065.38	97.5421
3067.31	97.7571
3069.24	98.1439
3071.16	98.2306
3073.09	98.0496
3075.02	97.9619
3076.95	97.8596
3078.88	97.574
3080.81	97.3614
3082.74	97.3312
3084.67	97.266
3086.6	97.1821
3088.53	97.2447
3090.46	97.3545
3092.39	97.4004
3094.31	97.4307
3096.24	97.3287
3098.17	96.9858
3100.1	96.7184
3102.03	96.8063
3103.96	96.9726
3105.89	96.9064
3107.82	96.7617
3109.75	96.7431
3111.68	96.8263
3113.61	96.963
3115.53	97.0541
3117.46	96.9799
3119.39	96.897
3121.32	96.9995
3123.25	97.0945
3125.18	96.9679
3127.11	96.7713
3129.04	96.662
3130.97	96.6389
3132.9	96.7662
3134.83	96.9975
3136.75	97.0994
3138.68	97.0809
3140.61	97.1375
3142.54	97.1781
3144.47	97.0342
3146.4	96.8919
3148.33	96.9583
3150.26	97.0579
3152.19	96.9581
3154.12	96.7751
3156.05	96.7594
3157.98	96.8943
3159.9	96.976
3161.83	96.9397
3163.76	96.8276
3165.69	96.6613
3167.62	96.5613
3169.55	96.6374
3171.48	96.7405
3173.41	96.715
3175.34	96.6501
3177.27	96.5901
3179.2	96.466
3181.12	96.3726
3183.05	96.4251
3184.98	96.5336
3186.91	96.6042
3188.84	96.6397
3190.77	96.6274
3192.7	96.6075
3194.63	96.6588
3196.56	96.7165
3198.49	96.6721
3200.42	96.5949
3202.35	96.6069
3204.27	96.6263
3206.2	96.4658
3208.13	96.2302
3210.06	96.2771
3211.99	96.5721
3213.92	96.6384
3215.85	96.3996
3217.78	96.2974
3219.71	96.4349
3221.64	96.5054
3223.57	96.4853
3225.49	96.5547
3227.42	96.5816
3229.35	96.402
3231.28	96.2606
3233.21	96.404
3235.14	96.6295
3237.07	96.6566
3239	96.5464
3240.93	96.4451
3242.86	96.3423
3244.79	96.2644
3246.72	96.2812
3248.64	96.3297
3250.57	96.3376
3252.5	96.3173
3254.43	96.2381
3256.36	96.1072
3258.29	96.0837
3260.22	96.2279
3262.15	96.3631
3264.08	96.371
3266.01	96.3244
3267.94	96.2623
3269.86	96.1853
3271.79	96.2111
3273.72	96.3528
3275.65	96.3558
3277.58	96.1372
3279.51	95.9828
3281.44	96.0354
3283.37	96.1259
3285.3	96.1596
3287.23	96.178
3289.16	96.1726
3291.08	96.1314
3293.01	96.0748
3294.94	96.0465
3296.87	96.1258
3298.8	96.242
3300.73	96.1749
3302.66	95.9466
3304.59	95.7982
3306.52	95.8017
3308.45	95.9011
3310.38	96.019
3312.31	95.9616
3314.23	95.7232
3316.16	95.6722
3318.09	95.9317
3320.02	96.0853
3321.95	95.8716
3323.88	95.5792
3325.81	95.5096
3327.74	95.57
3329.67	95.5535
3331.6	95.4808
3333.53	95.4934
3335.45	95.569
3337.38	95.5426
3339.31	95.3743
3341.24	95.2188
3343.17	95.2091
3345.1	95.2889
3347.03	95.3104
3348.96	95.2413
3350.89	95.1642
3352.82	95.14
3354.75	95.2021
3356.68	95.3582
3358.6	95.5079
3360.53	95.524
3362.46	95.399
3364.39	95.1968
3366.32	95.0106
3368.25	94.9692
3370.18	95.0588
3372.11	95.0939
3374.04	95.0293
3375.97	94.987
3377.9	94.9914
3379.82	95.0395
3381.75	95.1803
3383.68	95.2838
3385.61	95.1825
3387.54	95.0601
3389.47	95.1369
3391.4	95.2118
3393.33	95.0672
3395.26	94.9218
3397.19	94.9957
3399.12	95.1096
3401.04	95.0701
3402.97	94.974
3404.9	94.931
3406.83	94.8991
3408.76	94.8549
3410.69	94.8184
3412.62	94.7766
3414.55	94.7592
3416.48	94.8189
3418.41	94.8878
3420.34	94.8672
3422.27	94.8097
3424.19	94.797
3426.12	94.7899
3428.05	94.755
3429.98	94.7192
3431.91	94.6864
3433.84	94.6923
3435.77	94.8227
3437.7	95.0262
3439.63	95.1134
3441.56	95.0385
3443.49	94.9824
3445.41	95.1031
3447.34	95.3336
3449.27	95.4452
3451.2	95.3582
3453.13	95.2784
3455.06	95.3507
3456.99	95.4197
3458.92	95.4086
3460.85	95.5041
3462.78	95.6491
3464.71	95.5271
3466.64	95.2604
3468.56	95.2804
3470.49	95.5081
3472.42	95.5052
3474.35	95.2625
3476.28	95.0796
3478.21	94.9677
3480.14	94.8452
3482.07	94.8685
3484	95.0291
3485.93	95.0091
3487.86	94.767
3489.78	94.5924
3491.71	94.5584
3493.64	94.5151
3495.57	94.4524
3497.5	94.4505
3499.43	94.5294
3501.36	94.6681
3503.29	94.765
3505.22	94.7191
3507.15	94.6344
3509.08	94.7163
3511	94.99
3512.93	95.1376
3514.86	94.8424
3516.79	94.3465
3518.72	94.1984
3520.65	94.3948
3522.58	94.5068
3524.51	94.4609
3526.44	94.4151
3528.37	94.3868
3530.3	94.4292
3532.23	94.5094
3534.15	94.475
3536.08	94.4517
3538.01	94.5399
3539.94	94.4259
3541.87	94.1304
3543.8	94.1758
3545.73	94.5372
3547.66	94.5927
3549.59	94.3542
3551.52	94.2901
3553.45	94.4663
3555.37	94.6527
3557.3	94.7009
3559.23	94.5745
3561.16	94.3811
3563.09	94.2849
3565.02	94.2739
3566.95	94.3307
3568.88	94.6089
3570.81	95.0766
3572.74	95.4892
3574.67	95.6495
3576.6	95.5246
3578.52	95.2885
3580.45	95.1509
3582.38	95.2077
3584.31	95.4248
3586.24	95.7438
3588.17	96.0846
3590.1	96.3172
3592.03	96.4491
3593.96	96.574
3595.89	96.6918
3597.82	96.7225
3599.74	96.6833
3601.67	96.6719
3603.6	96.686
3605.53	96.6562
3607.46	96.6727
3609.39	96.9336
3611.32	97.3152
3613.25	97.3796
3615.18	96.9821
3617.11	96.5461
3619.04	96.5865
3620.97	97.0762
3622.89	97.5074
3624.82	97.7287
3626.75	97.8844
3628.68	97.9264
3630.61	97.7269
3632.54	97.4629
3634.47	97.2435
3636.4	97.0693
3638.33	97.0084
3640.26	97.0866
3642.19	97.2643
3644.11	97.6185
3646.04	98.2747
3647.97	98.9251
3649.9	98.6636
3651.83	97.8609
3653.76	97.5581
3655.69	97.5567
3657.62	97.3561
3659.55	97.1176
3661.48	97.1892
3663.41	97.3524
3665.33	97.2972
3667.26	97.2649
3669.19	97.6823
3671.12	98.3392
3673.05	98.667
3674.98	98.6461
3676.91	98.3505
3678.84	97.8836
3680.77	97.4451
3682.7	97.1553
3684.63	97.1111
3686.56	97.3899
3688.48	97.9549
3690.41	98.2861
3692.34	98.0439
3694.27	97.8521
3696.2	98.0943
3698.13	98.3511
3700.06	98.1565
3701.99	97.8227
3703.92	97.7954
3705.85	97.8102
3707.78	97.6845
3709.7	97.6845
3711.63	97.8033
3713.56	97.7622
3715.49	97.804
3717.42	98.0778
3719.35	98.2616
3721.28	98.1287
3723.21	97.9459
3725.14	97.9885
3727.07	98.1826
3729	98.3376
3730.93	98.4145
3732.85	98.5418
3734.78	98.7323
3736.71	98.6396
3738.64	98.2822
3740.57	98.0598
3742.5	98.0509
3744.43	98.1758
3746.36	98.4169
3748.29	98.6578
3750.22	98.5868
3752.15	98.1017
3754.07	97.7453
3756	97.6493
3757.93	97.5485
3759.86	97.4398
3761.79	97.4508
3763.72	97.4483
3765.65	97.3852
3767.58	97.5112
3769.51	97.7568
3771.44	97.661
3773.37	97.3663
3775.29	97.3991
3777.22	97.6681
3779.15	97.64
3781.08	97.3174
3783.01	97.2329
3784.94	97.4294
3786.87	97.4738
3788.8	97.2214
3790.73	97.0375
3792.66	97.1959
3794.59	97.5668
3796.52	97.8952
3798.44	98.093
3800.37	98.1143
3802.3	97.919
3804.23	97.6662
3806.16	97.4148
3808.09	97.1313
3810.02	96.9859
3811.95	97.0481
3813.88	97.2302
3815.81	97.4609
3817.74	97.576
3819.66	97.5289
3821.59	97.5457
3823.52	97.6747
3825.45	97.7065
3827.38	97.6953
3829.31	97.7906
3831.24	97.8981
3833.17	97.9293
3835.1	97.9769
3837.03	98.0015
3838.96	97.8589
3840.89	97.5997
3842.81	97.3038
3844.74	97.0802
3846.67	97.1443
3848.6	97.428
3850.53	97.6576
3852.46	97.7751
3854.39	97.8319
3856.32	97.7127
3858.25	97.5594
3860.18	97.5529
3862.11	97.5426
3864.03	97.3308
3865.96	97.2302
3867.89	97.4918
3869.82	97.6898
3871.75	97.4586
3873.68	97.2272
3875.61	97.3147
3877.54	97.4279
3879.47	97.3827
3881.4	97.4029
3883.33	97.5628
3885.25	97.5748
3887.18	97.4259
3889.11	97.4237
3891.04	97.5639
3892.97	97.5714
3894.9	97.4625
3896.83	97.5025
3898.76	97.7277
3900.69	97.8738
3902.62	97.7139
3904.55	97.395
3906.48	97.1764
3908.4	97.1496
3910.33	97.2518
3912.26	97.3354
3914.19	97.3011
3916.12	97.2499
3918.05	97.2932
3919.98	97.3363
3921.91	97.3358
3923.84	97.3834
3925.77	97.4285
3927.7	97.3854
3929.62	97.342
3931.55	97.319
3933.48	97.2347
3935.41	97.1861
3937.34	97.256
3939.27	97.2997
3941.2	97.2256
3943.13	97.121
3945.06	97.0428
3946.99	97.0343
3948.92	97.1649
3950.85	97.3102
3952.77	97.2942
3954.7	97.1944
3956.63	97.1157
3958.56	97.06
3960.49	97.1128
3962.42	97.2824
3964.35	97.3409
3966.28	97.2375
3968.21	97.1775
3970.14	97.1621
3972.07	97.0675
3973.99	96.9992
3975.92	97.0225
3977.85	96.9887
3979.78	96.9301
3981.71	97.0232
3983.64	97.1799
3985.57	97.2064
3987.5	97.1376
3989.43	97.0762
3991.36	97.0178
3993.29	96.9706
3995.22	97.0094
3997.14	97.1677
