499.643	84.4512
501.572	83.5351
503.501	82.6487
505.43	83.0159
507.36	83.5491
509.289	83.1372
511.218	82.7061
513.147	82.8385
515.076	82.7772
517.005	82.3882
518.934	82.3618
520.863	82.7118
522.792	83.0999
524.722	83.7165
526.651	84.6612
528.58	85.4331
530.509	85.7176
532.438	85.7369
534.367	85.7194
536.296	85.7699
538.225	86.0789
540.155	86.6076
542.084	86.9062
544.013	86.8505
545.942	86.8367
547.871	86.98
549.8	87.0837
551.729	87.303
553.658	87.8233
555.588	88.2632
557.517	88.2062
559.446	87.8825
561.375	87.6974
563.304	87.5882
565.233	87.3819
567.162	87.2857
569.091	87.4841
571.021	87.7667
572.95	87.9695
574.879	88.1173
576.808	88.1228
578.737	88.046
580.666	88.154
582.595	88.3214
584.524	88.1824
586.454	87.812
588.383	87.4629
590.312	87.0939
592.241	86.6984
594.17	86.4974
596.099	86.5637
598.028	86.7402
599.957	86.8323
601.887	86.7525
603.816	86.6996
605.745	86.9994
607.674	87.6242
609.603	88.2302
611.532	88.6657
613.461	88.9998
615.39	89.1932
617.32	89.1753
619.249	89.0824
621.178	89.1116
623.107	89.2812
625.036	89.4673
626.965	89.552
628.894	89.4937
630.823	89.2703
632.753	88.9163
634.682	88.5768
636.611	88.3111
638.54	87.9738
640.469	87.4179
642.398	86.6327
644.327	85.715
646.256	84.8016
648.186	84.0108
650.115	83.4845
652.044	83.3507
653.973	83.5912
655.902	83.9773
657.831	84.3198
659.76	84.8082
661.689	85.6014
663.619	86.4096
665.548	87.195
667.477	88.3707
669.406	89.5504
671.335	89.9921
673.264	90.3123
675.193	90.7498
677.122	91.0715
679.052	91.2674
680.981	91.4594
682.91	91.5771
684.839	91.6562
686.768	91.8057
688.697	91.9071
690.626	91.8411
692.555	91.7211
694.485	91.6577
696.414	91.6454
698.343	91.6837
700.272	91.765
702.201	91.8233
704.13	91.8264
706.059	91.7937
707.988	91.7177
709.917	91.6227
711.847	91.6059
713.776	91.688
715.705	91.7653
717.634	91.7765
719.563	91.7445
721.492	91.7032
723.421	91.6852
725.35	91.6639
727.28	91.5316
729.209	91.2705
731.138	90.9944
733.067	90.7226
734.996	90.39
736.925	90.0797
738.854	89.9565
740.783	90.0398
742.713	90.2316
744.642	90.4452
746.571	90.6282
748.5	90.7782
750.429	90.9204
752.358	91.0417
754.287	91.1198
756.216	91.144
758.146	91.0727
760.075	90.9043
762.004	90.725
763.933	90.5485
765.862	90.2691
767.791	89.8385
769.72	89.2806
771.649	88.5284
773.579	87.4193
775.508	85.7923
777.437	83.4618
779.366	80.2094
781.295	76.0503
783.224	71.5898
785.153	67.9405
787.082	66.1362
789.012	66.6907
790.941	69.5551
792.87	74.0106
794.799	78.685
796.728	82.2869
798.657	84.3836
800.586	85.2229
802.515	85.1182
804.445	84.2608
806.374	82.726
808.303	80.4917
810.232	77.8042
812.161	75.4718
814.09	74.3999
816.019	74.9049
817.948	76.6243
819.878	78.8681
821.807	81.0101
823.736	82.747
825.665	84.0512
827.594	84.9486
829.523	85.4756
831.452	85.7266
833.381	85.7521
835.311	85.5014
837.24	84.9416
839.169	84.1099
841.098	83.0555
843.027	81.8751
844.956	80.7601
846.885	79.8581
848.814	79.1268
850.744	78.4129
852.673	77.6124
854.602	76.7053
856.531	75.7358
858.46	74.816
860.389	74.0843
862.318	73.6388
864.247	73.5343
866.177	73.7798
868.106	74.2901
870.035	74.8878
871.964	75.3819
873.893	75.6441
875.822	75.6543
877.751	75.5142
879.68	75.3882
881.609	75.403
883.539	75.6166
885.468	76.049
887.397	76.656
889.326	77.2962
891.255	77.8154
893.184	78.1494
895.113	78.3192
897.042	78.3867
898.972	78.4517
900.901	78.6551
902.83	79.1362
904.759	79.9423
906.688	80.9953
908.617	82.1715
910.546	83.3316
912.475	84.2605
914.405	84.7409
916.334	84.7203
918.263	84.2853
920.192	83.5176
922.121	82.4669
924.05	81.1646
925.979	79.6042
927.908	77.769
929.838	75.6654
931.767	73.3289
933.696	70.8692
935.625	68.5006
937.554	66.4835
939.483	65.0252
941.412	64.1794
943.341	63.8219
945.271	63.802
947.2	64.0817
949.129	64.6607
951.058	65.4992
952.987	66.5893
954.916	67.9416
956.845	69.4743
958.774	71.0626
960.704	72.6524
962.633	74.222
964.562	75.7225
966.491	77.1013
968.42	78.3085
970.349	79.2928
972.278	80.0277
974.207	80.5128
976.137	80.7582
978.066	80.7771
979.995	80.5784
981.924	80.1883
983.853	79.6568
985.782	79.0161
987.711	78.3235
989.64	77.7311
991.57	77.3479
993.499	77.0572
995.428	76.5938
997.357	75.7389
999.286	74.4185
1001.22	72.7629
1003.14	71.0712
1005.07	69.6072
1007	68.4808
1008.93	67.731
1010.86	67.3381
1012.79	67.0995
1014.72	66.658
1016.65	65.7396
1018.58	64.2936
1020.51	62.433
1022.44	60.3756
1024.36	58.4387
1026.29	56.9773
1028.22	56.2597
1030.15	56.3233
1032.08	56.9227
1034.01	57.7299
1035.94	58.6057
1037.87	59.5666
1039.8	60.5848
1041.73	61.6141
1043.66	62.6984
1045.58	63.9016
1047.51	65.2333
1049.44	66.6664
1051.37	68.1079
1053.3	69.4291
1055.23	70.6164
1057.16	71.781
1059.09	72.9821
1061.02	74.1212
1062.95	74.9622
1064.88	75.2526
1066.81	74.976
1068.73	74.4864
1070.66	74.2552
1072.59	74.5133
1074.52	75.1868
1076.45	76.0689
1078.38	76.9913
1080.31	77.8734
1082.24	78.6457
1084.17	79.1975
1086.1	79.4591
1088.03	79.4471
1089.95	79.1777
1091.88	78.6457
1093.81	77.9153
1095.74	77.1136
1097.67	76.3338
1099.6	75.615
1101.53	74.9583
1103.46	74.3029
1105.39	73.5472
1107.32	72.6233
1109.25	71.5369
1111.18	70.3627
1113.1	69.2031
1115.03	68.0997
1116.96	67.0012
1118.89	65.8364
1120.82	64.558
1122.75	63.1352
1124.68	61.5899
1126.61	59.9965
1128.54	58.3954
1130.47	56.7811
1132.4	55.1605
1134.32	53.5347
1136.25	51.8796
1138.18	50.2051
1140.11	48.5575
1142.04	46.967
1143.97	45.4661
1145.9	44.1059
1147.83	42.8914
1149.76	41.7519
1151.69	40.6264
1153.62	39.567
1155.55	38.7394
1157.47	38.3149
1159.4	38.3753
1161.33	38.917
1163.26	39.9138
1165.19	41.3526
1167.12	43.1985
1169.05	45.3487
1170.98	47.6802
1172.91	50.1307
1174.84	52.6714
1176.77	55.2427
1178.69	57.7744
1180.62	60.2173
1182.55	62.5198
1184.48	64.6381
1186.41	66.5776
1188.34	68.3689
1190.27	70.0229
1192.2	71.5511
1194.13	72.9998
1196.06	74.4179
1197.99	75.7953
1199.91	77.0687
1201.84	78.179
1203.77	79.0792
1205.7	79.7202
1207.63	80.0858
1209.56	80.1969
1211.49	80.0807
1213.42	79.7667
1215.35	79.1627
1217.28	77.9622
1219.21	76.0068
1221.14	73.5852
1223.06	70.9675
1224.99	68.0214
1226.92	64.5239
1228.85	60.4887
1230.78	56.1041
1232.71	51.7131
1234.64	47.8159
1236.57	44.7955
1238.5	42.6704
1240.43	41.1954
1242.36	40.0963
1244.28	39.1638
1246.21	38.2641
1248.14	37.3638
1250.07	36.5258
1252	35.8692
1253.93	35.5243
1255.86	35.595
1257.79	36.1437
1259.72	37.1746
1261.65	38.63
1263.58	40.4381
1265.51	42.5287
1267.43	44.8027
1269.36	47.1521
1271.29	49.4833
1273.22	51.7192
1275.15	53.8363
1277.08	55.8517
1279.01	57.7622
1280.94	59.5539
1282.87	61.2322
1284.8	62.7891
1286.73	64.1633
1288.65	65.2412
1290.58	65.9128
1292.51	66.1412
1294.44	66.0035
1296.37	65.7477
1298.3	65.7776
1300.23	66.4573
1302.16	67.9165
1304.09	70.0298
1306.02	72.4697
1307.95	74.7894
1309.87	76.5942
1311.8	77.6395
1313.73	77.8022
1315.66	77.0961
1317.59	75.7257
1319.52	74.2261
1321.45	73.4061
1323.38	73.7795
1325.31	75.2956
1327.24	77.5347
1329.17	79.9489
1331.1	82.1031
1333.02	83.7091
1334.95	84.6905
1336.88	85.2359
1338.81	85.6005
1340.74	85.973
1342.67	86.4861
1344.6	87.2017
1346.53	88.0751
1348.46	88.9323
1350.39	89.5504
1352.32	89.7665
1354.24	89.4643
1356.17	88.7446
1358.1	88.0768
1360.03	87.8078
1361.96	87.7506
1363.89	87.4209
1365.82	86.572
1367.75	85.2019
1369.68	83.5482
1371.61	82.0581
1373.54	80.9168
1375.47	80.1219
1377.39	79.7333
1379.32	79.693
1381.25	79.8442
1383.18	80.0804
1385.11	80.5062
1387.04	81.3699
1388.97	82.4505
1390.9	83.1513
1392.83	83.3206
1394.76	83.0473
1396.69	82.4079
1398.61	81.5189
1400.54	80.6829
1402.47	80.1966
1404.4	80.1188
1406.33	80.4227
1408.26	80.9983
1410.19	81.767
1412.12	82.7318
1414.05	83.7262
1415.98	84.6585
1417.91	85.6806
1419.83	86.6784
1421.76	87.3052
1423.69	87.5772
1425.62	87.6148
1427.55	87.3994
1429.48	86.7414
1431.41	85.6955
1433.34	84.6119
1435.27	83.3511
1437.2	81.7026
1439.13	80.3382
1441.06	79.5134
1442.98	78.8635
1444.91	78.3094
1446.84	77.8296
1448.77	77.2372
1450.7	76.7023
1452.63	76.6207
1454.56	77.0486
1456.49	78.0739
1458.42	79.5708
1460.35	80.8325
1462.28	81.9947
1464.2	83.4391
1466.13	84.9861
1468.06	86.2208
1469.99	87.3595
1471.92	88.6157
1473.85	89.6644
1475.78	90.3446
1477.71	90.9575
1479.64	91.5592
1481.57	92.1373
1483.5	92.6992
1485.43	93.1968
1487.35	93.6555
1489.28	94.1357
1491.21	94.5234
1493.14	94.7806
1495.07	95.0211
1497	95.2768
1498.93	95.4981
1500.86	95.6578
1502.79	95.7597
1504.72	95.8269
1506.65	95.9394
1508.57	96.0883
1510.5	96.1534
1512.43	96.1888
1514.36	96.2552
1516.29	96.3329
1518.22	96.3547
1520.15	96.3133
1522.08	96.2868
1524.01	96.3307
1525.94	96.4146
1527.87	96.4938
1529.8	96.5444
1531.72	96.5636
1533.65	96.5578
1535.58	96.5621
1537.51	96.6053
1539.44	96.6711
1541.37	96.6817
1543.3	96.6301
1545.23	96.5838
1547.16	96.5553
1549.09	96.5569
1551.02	96.5815
1552.94	96.602
1554.87	96.6194
1556.8	96.6266
1558.73	96.5455
1560.66	96.426
1562.59	96.3777
1564.52	96.3504
1566.45	96.3289
1568.38	96.2904
1570.31	96.1732
1572.24	96.0401
1574.16	95.9778
1576.09	95.9412
1578.02	95.8637
1579.95	95.807
1581.88	95.8072
1583.81	95.8394
1585.74	95.8735
1587.67	95.8941
1589.6	95.9049
1591.53	95.9184
1593.46	95.9296
1595.39	95.9218
1597.31	95.8798
1599.24	95.7918
1601.17	95.6741
1603.1	95.5523
1605.03	95.4181
1606.96	95.2747
1608.89	95.1387
1610.82	94.9919
1612.75	94.8349
1614.68	94.6409
1616.61	94.2875
1618.53	93.8502
1620.46	93.4468
1622.39	92.8718
1624.32	92.0937
1626.25	91.3535
1628.18	90.5131
1630.11	89.5131
1632.04	88.6636
1633.97	87.9063
1635.9	86.9436
1637.83	86.4805
1639.76	87.3003
1641.68	88.9334
1643.61	90.6443
1645.54	92.1451
1647.47	93.3718
1649.4	94.0438
1651.33	94.2991
1653.26	94.4189
1655.19	94.4975
1657.12	94.553
1659.05	94.6038
1660.98	94.601
1662.9	94.4713
1664.83	94.3003
1666.76	94.1957
1668.69	94.0801
1670.62	93.8199
1672.55	93.5528
1674.48	93.3133
1676.41	92.9172
1678.34	92.5187
1680.27	92.2627
1682.2	91.8602
1684.12	91.1425
1686.05	90.5029
1687.98	89.8356
1689.91	88.9646
1691.84	87.9614
1693.77	86.601
1695.7	84.7541
1697.63	82.672
1699.56	79.9854
1701.49	76.678
1703.42	73.696
1705.35	70.6643
1707.27	67.021
1709.2	63.5454
1711.13	60.6826
1713.06	58.0843
1714.99	55.9406
1716.92	54.4883
1718.85	53.515
1720.78	53.5971
1722.71	54.99
1724.64	57.2324
1726.57	59.9873
1728.49	63.0236
1730.42	65.9174
1732.35	68.2058
1734.28	69.4391
1736.21	69.4648
1738.14	68.3793
1740.07	66.2053
1742	63.5958
1743.93	61.688
1745.86	60.635
1747.79	60.3389
1749.72	61.1624
1751.64	62.7735
1753.57	64.7253
1755.5	67.4062
1757.43	70.7635
1759.36	74.22
1761.29	77.7591
1763.22	81.2898
1765.15	84.2195
1767.08	86.5823
1769.01	88.7416
1770.94	90.6106
1772.86	92.0831
1774.79	93.2397
1776.72	94.0162
1778.65	94.5681
1780.58	95.1462
1782.51	95.6421
1784.44	95.9578
1786.37	96.2499
1788.3	96.5086
1790.23	96.6669
1792.16	96.7944
1794.08	96.8624
1796.01	96.8582
1797.94	96.9002
1799.87	96.9844
1801.8	97.0424
1803.73	97.0988
1805.66	97.1262
1807.59	97.0943
1809.52	97.1003
1811.45	97.1954
1813.38	97.2958
1815.31	97.3567
1817.23	97.4013
1819.16	97.4656
1821.09	97.5503
1823.02	97.6048
1824.95	97.6332
1826.88	97.6869
1828.81	97.7269
1830.74	97.7217
1832.67	97.7438
1834.6	97.8128
1836.53	97.883
1838.45	97.9196
1840.38	97.9186
1842.31	97.9225
1844.24	97.9746
1846.17	98.0358
1848.1	98.053
1850.03	98.0451
1851.96	98.0653
1853.89	98.1385
1855.82	98.1881
1857.75	98.1512
1859.68	98.1078
1861.6	98.1379
1863.53	98.2419
1865.46	98.4202
1867.39	98.5803
1869.32	98.5794
1871.25	98.537
1873.18	98.5519
1875.11	98.4779
1877.04	98.33
1878.97	98.3228
1880.9	98.4775
1882.82	98.6641
1884.75	98.8
1886.68	98.8152
1888.61	98.7174
1890.54	98.6524
1892.47	98.6833
1894.4	98.7122
1896.33	98.6907
1898.26	98.6791
1900.19	98.7371
1902.12	98.8458
1904.05	98.9174
1905.97	98.8893
1907.9	98.8311
1909.83	98.8669
1911.76	98.9503
1913.69	98.9414
1915.62	98.9172
1917.55	98.9983
1919.48	99.0135
1921.41	98.9014
1923.34	99.0096
1925.27	99.4183
1927.19	99.6736
1929.12	99.5748
1931.05	99.4279
1932.98	99.4612
1934.91	99.5311
1936.84	99.4675
1938.77	99.3871
1940.7	99.507
1942.63	99.7765
1944.56	99.9154
1946.49	99.8567
1948.41	99.7774
1950.34	99.783
1952.27	99.8428
1954.2	99.9048
1956.13	99.9428
1958.06	99.9205
1959.99	99.8556
1961.92	99.8984
1963.85	100.111
1965.78	100.274
1967.71	100.2
1969.64	100.055
1971.56	100.02
1973.49	99.9907
1975.42	99.8624
1977.35	99.7801
1979.28	99.8642
1981.21	100.004
1983.14	100.124
1985.07	100.282
1987	100.425
1988.93	100.488
1990.86	100.53
1992.78	100.437
1994.71	100.08
1996.64	99.7772
1998.57	99.8088
2000.5	99.9495
2002.43	100.029
2004.36	100.219
2006.29	100.47
2008.22	100.52
2010.15	100.402
2012.08	100.336
2014.01	100.432
2015.93	100.623
2017.86	100.694
2019.79	100.56
2021.72	100.398
2023.65	100.321
2025.58	100.301
2027.51	100.382
2029.44	100.574
2031.37	100.729
2033.3	100.738
2035.23	100.654
2037.15	100.597
2039.08	100.61
2041.01	100.59
2042.94	100.464
2044.87	100.375
2046.8	100.427
2048.73	100.453
2050.66	100.319
2052.59	100.208
2054.52	100.287
2056.45	100.378
2058.37	100.213
2060.3	99.8618
2062.23	99.6604
2064.16	99.7686
2066.09	99.9951
2068.02	100.094
2069.95	100.031
2071.88	99.9013
2073.81	99.8017
2075.74	99.7936
2077.67	99.8403
2079.6	99.8509
2081.52	99.8098
2083.45	99.7404
2085.38	99.6381
2087.31	99.534
2089.24	99.481
2091.17	99.4805
2093.1	99.5176
2095.03	99.5784
2096.96	99.6445
2098.89	99.7181
2100.82	99.724
2102.74	99.532
2104.67	99.2647
2106.6	99.2304
2108.53	99.4295
2110.46	99.5704
2112.39	99.5604
2114.32	99.558
2116.25	99.6469
2118.18	99.7605
2120.11	99.8098
2122.04	99.7571
2123.97	99.6532
2125.89	99.6348
2127.82	99.7884
2129.75	99.9949
2131.68	100.03
2133.61	99.8623
2135.54	99.699
2137.47	99.7002
2139.4	99.8384
2141.33	99.9927
2143.26	100.041
2145.19	99.9702
2147.11	99.918
2149.04	99.9989
2150.97	100.183
2152.9	100.397
2154.83	100.513
2156.76	100.375
2158.69	100.122
2160.62	100.133
2162.55	100.322
2164.48	100.226
2166.41	99.9281
2168.33	99.9049
2170.26	100.122
2172.19	100.229
2174.12	100.25
2176.05	100.289
2177.98	100.18
2179.91	99.9314
2181.84	99.8254
2183.77	99.9199
2185.7	100.032
2187.63	100.153
2189.56	100.374
2191.48	100.531
2193.41	100.387
2195.34	100.058
2197.27	99.8668
2199.2	99.9184
2201.13	100.058
2203.06	100.038
2204.99	99.779
2206.92	99.6123
2208.85	99.8229
2210.78	100.06
2212.7	99.9309
2214.63	99.7599
2216.56	99.8965
2218.49	100.017
2220.42	99.8275
2222.35	99.6101
2224.28	99.6168
2226.21	99.6896
2228.14	99.7092
2230.07	99.8118
2232	100.02
2233.93	100.125
2235.85	100.058
2237.78	99.9508
2239.71	99.8413
2241.64	99.7643
2243.57	99.8882
2245.5	100.156
2247.43	100.25
2249.36	100.12
2251.29	99.9502
2253.22	99.7546
2255.15	99.5491
2257.07	99.4897
2259	99.5299
2260.93	99.5171
2262.86	99.5577
2264.79	99.73
2266.72	99.8084
2268.65	99.6784
2270.58	99.5266
2272.51	99.4729
2274.44	99.4654
2276.37	99.4267
2278.29	99.2899
2280.22	99.1256
2282.15	99.1245
2284.08	99.2528
2286.01	99.3042
2287.94	99.3029
2289.87	99.3655
2291.8	99.4029
2293.73	99.386
2295.66	99.4653
2297.59	99.6095
2299.52	99.666
2301.44	99.7055
2303.37	99.8112
2305.3	99.8547
2307.23	99.7919
2309.16	99.7741
2311.09	99.9103
2313.02	100.217
2314.95	100.609
2316.88	100.893
2318.81	101.074
2320.74	101.401
2322.66	101.785
2324.59	101.88
2326.52	101.864
2328.45	102.103
2330.38	102.39
2332.31	102.373
2334.24	102.367
2336.17	102.636
2338.1	102.782
2340.03	102.665
2341.96	102.744
2343.89	102.787
2345.81	102.191
2347.74	101.573
2349.67	101.6
2351.6	102.215
2353.53	103.034
2355.46	103.762
2357.39	104.407
2359.32	104.724
2361.25	104.476
2363.18	103.903
2365.11	103.138
2367.03	102.442
2368.96	102.171
2370.89	101.98
2372.82	101.35
2374.75	100.505
2376.68	99.9017
2378.61	99.5376
2380.54	99.2084
2382.47	98.8932
2384.4	98.6338
2386.33	98.4012
2388.26	98.2166
2390.18	98.1522
2392.11	98.1636
2394.04	98.1325
2395.97	98.0596
2397.9	98.0357
2399.83	98.0671
2401.76	98.0731
2403.69	98.037
2405.62	98.0303
2407.55	98.0698
2409.48	98.1014
2411.4	98.1286
2413.33	98.1777
2415.26	98.2121
2417.19	98.2322
2419.12	98.2801
2421.05	98.3067
2422.98	98.2605
2424.91	98.1981
2426.84	98.1507
2428.77	98.0907
2430.7	98.0405
2432.62	98.021
2434.55	98.0141
2436.48	98.0497
2438.41	98.1665
2440.34	98.3345
2442.27	98.4869
2444.2	98.5293
2446.13	98.4107
2448.06	98.261
2449.99	98.2471
2451.92	98.3178
2453.85	98.334
2455.77	98.3362
2457.7	98.432
2459.63	98.5578
2461.56	98.5822
2463.49	98.5424
2465.42	98.5715
2467.35	98.6597
2469.28	98.6783
2471.21	98.6116
2473.14	98.5953
2475.07	98.7032
2476.99	98.8295
2478.92	98.8609
2480.85	98.8507
2482.78	98.8824
2484.71	98.9004
2486.64	98.8486
2488.57	98.802
2490.5	98.8109
2492.43	98.819
2494.36	98.7944
2496.29	98.7459
2498.22	98.6676
2500.14	98.6139
2502.07	98.6692
2504	98.7797
2505.93	98.8164
2507.86	98.7782
2509.79	98.7592
2511.72	98.8102
2513.65	98.9007
2515.58	98.9177
2517.51	98.8017
2519.44	98.691
2521.36	98.6915
2523.29	98.673
2525.22	98.5773
2527.15	98.5671
2529.08	98.6738
2531.01	98.7512
2532.94	98.7487
2534.87	98.6731
2536.8	98.5512
2538.73	98.5319
2540.66	98.6306
2542.58	98.6097
2544.51	98.4607
2546.44	98.4722
2548.37	98.6411
2550.3	98.6704
2552.23	98.5229
2554.16	98.3915
2556.09	98.3537
2558.02	98.453
2559.95	98.7138
2561.88	98.8861
2563.81	98.7075
2565.73	98.4106
2567.66	98.3684
2569.59	98.4594
2571.52	98.3961
2573.45	98.303
2575.38	98.3834
2577.31	98.4663
2579.24	98.368
2581.17	98.2639
2583.1	98.3435
2585.03	98.4748
2586.95	98.4703
2588.88	98.3931
2590.81	98.3797
2592.74	98.3871
2594.67	98.3077
2596.6	98.1666
2598.53	98.0699
2600.46	98.0505
2602.39	98.0438
2604.32	98.0233
2606.25	98.0717
2608.18	98.1849
2610.1	98.1768
2612.03	97.9963
2613.96	97.8589
2615.89	97.8809
2617.82	97.9399
2619.75	97.9357
2621.68	97.8568
2623.61	97.72
2625.54	97.6356
2627.47	97.682
2629.4	97.7319
2631.32	97.6826
2633.25	97.6489
2635.18	97.6932
2637.11	97.6863
2639.04	97.5861
2640.97	97.5154
2642.9	97.512
2644.83	97.494
2646.76	97.4482
2648.69	97.4262
2650.62	97.4224
2652.54	97.4055
2654.47	97.3796
2656.4	97.3393
2658.33	97.2678
2660.26	97.2025
2662.19	97.2005
2664.12	97.2474
2666.05	97.285
2667.98	97.3014
2669.91	97.3118
2671.84	97.2935
2673.77	97.2304
2675.69	97.1653
2677.62	97.1341
2679.55	97.1274
2681.48	97.1459
2683.41	97.1867
2685.34	97.2043
2687.27	97.1879
2689.2	97.1785
2691.13	97.1613
2693.06	97.1018
2694.99	97.06
2696.91	97.0914
2698.84	97.132
2700.77	97.1159
2702.7	97.066
2704.63	97.012
2706.56	96.9582
2708.49	96.9221
2710.42	96.9067
2712.35	96.8908
2714.28	96.8731
2716.21	96.8638
2718.14	96.8593
2720.06	96.8605
2721.99	96.8724
2723.92	96.8822
2725.85	96.8688
2727.78	96.8115
2729.71	96.715
2731.64	96.6468
2733.57	96.6664
2735.5	96.7166
2737.43	96.7014
2739.36	96.6217
2741.28	96.5295
2743.21	96.4605
2745.14	96.4627
2747.07	96.5355
2749	96.5751
2750.93	96.5463
2752.86	96.5579
2754.79	96.6361
2756.72	96.6687
2758.65	96.6424
2760.58	96.6451
2762.51	96.6481
2764.43	96.5603
2766.36	96.4183
2768.29	96.3325
2770.22	96.3458
2772.15	96.4125
2774.08	96.4398
2776.01	96.3794
2777.94	96.2873
2779.87	96.2345
2781.8	96.2259
2783.73	96.2341
2785.65	96.211
2787.58	96.1191
2789.51	96.0162
2791.44	95.9839
2793.37	96.0073
2795.3	96.055
2797.23	96.1274
2799.16	96.1551
2801.09	96.0655
2803.02	95.927
2804.95	95.847
2806.87	95.8305
2808.8	95.818
2810.73	95.7547
2812.66	95.6453
2814.59	95.5581
2816.52	95.5096
2818.45	95.4479
2820.38	95.3678
2822.31	95.2847
2824.24	95.1711
2826.17	95.0353
2828.1	94.9269
2830.02	94.8459
2831.95	94.7404
2833.88	94.5443
2835.81	94.2699
2837.74	94.0648
2839.67	93.9642
2841.6	93.7554
2843.53	93.3802
2845.46	93.1001
2847.39	93.0223
2849.32	92.9338
2851.24	92.6621
2853.17	92.1925
2855.1	91.5828
2857.03	90.9821
2858.96	90.4843
2860.89	90.0078
2862.82	89.5221
2864.75	89.1484
2866.68	88.9145
2868.61	88.6791
2870.54	88.3685
2872.47	88.1171
2874.39	88.0943
2876.32	88.28
2878.25	88.5447
2880.18	88.8567
2882.11	89.2159
2884.04	89.528
2885.97	89.7215
2887.9	89.8156
2889.83	89.8204
2891.76	89.7436
2893.69	89.6561
2895.61	89.6439
2897.54	89.7278
2899.47	89.835
2901.4	89.8782
2903.33	89.8678
2905.26	89.8201
2907.19	89.6597
2909.12	89.4169
2911.05	89.2637
2912.98	89.185
2914.91	88.9882
2916.83	88.6751
2918.76	88.3953
2920.69	88.1303
2922.62	87.7569
2924.55	87.2446
2926.48	86.672
2928.41	86.2097
2930.34	85.9916
2932.27	85.9617
2934.2	86.0434
2936.13	86.2953
2938.06	86.6863
2939.98	87.022
2941.91	87.2119
2943.84	87.2822
2945.77	87.2017
2947.7	86.9677
2949.63	86.6454
2951.56	86.198
2953.49	85.5612
2955.42	84.8506
2957.35	84.2844
2959.28	84.03
2961.2	84.1771
2963.13	84.718
2965.06	85.5921
2966.99	86.7378
2968.92	87.9672
2970.85	88.9653
2972.78	89.6089
2974.71	90.0739
2976.64	90.5542
2978.57	91.1113
2980.5	91.7336
2982.43	92.3478
2984.35	92.8428
2986.28	93.1867
2988.21	93.4649
2990.14	93.7368
2992.07	93.9469
2994	94.0949
2995.93	94.3435
2997.86	94.7576
2999.79	95.1482
3001.72	95.3464
3003.65	95.384
3005.57	95.3853
3007.5	95.5066
3009.43	95.8249
3011.36	96.1725
3013.29	96.345
3015.22	96.3797
3017.15	96.3629
3019.08	96.2844
3021.01	96.2624
3022.94	96.4562
3024.87	96.716
3026.79	96.771
3028.72	96.6745
3030.65	96.6778
3032.58	96.8353
3034.51	96.9923
3036.44	97.0245
3038.37	96.9532
3040.3	96.9162
3042.23	97.0257
3044.16	97.1695
3046.09	97.1284
3048.02	96.9791
3049.94	97.024
3051.87	97.265
3053.8	97.4429
3055.73	97.5096
3057.66	97.5339
3059.59	97.451
3061.52	97.3124
3063.45	97.306
3065.38	97.376
3067.31	97.3402
3069.24	97.2568
3071.16	97.2463
3073.09	97.2621
3075.02	97.2616
3076.95	97.24
3078.88	97.0892
3080.81	96.7985
3082.74	96.6689
3084.67	96.9408
3086.6	97.3568
3088.53	97.4734
3090.46	97.3109
3092.39	97.2462
3094.31	97.3217
3096.24	97.213
3098.17	96.9075
3100.1	96.7837
3102.03	96.9024
3103.96	96.9039
3105.89	96.7455
3107.82	96.7765
3109.75	96.9818
3111.68	96.9807
3113.61	96.7614
3115.53	96.6491
3117.46	96.7323
3119.39	96.9025
3121.32	97.0831
3123.25	97.1486
3125.18	97.0355
3127.11	96.8852
3129.04	96.8031
3130.97	96.7869
3132.9	96.901
3134.83	97.115
3136.75	97.2209
3138.68	97.1894
3140.61	97.1707
3142.54	97.1735
3144.47	97.1849
3146.4	97.296
3148.33	97.4178
3150.26	97.3518
3152.19	97.1722
3154.12	97.0571
3156.05	96.9951
3157.98	96.9603
3159.9	96.9857
3161.83	97.0056
3163.76	96.9817
3165.69	97.0098
3167.62	97.0891
3169.55	97.0923
3171.48	97.0235
3173.41	96.9792
3175.34	96.9094
3177.27	96.7558
3179.2	96.7255
3181.12	97.0003
3183.05	97.295
3184.98	97.2403
3186.91	96.9961
3188.84	96.8773
3190.77	96.7859
3192.7	96.6268
3194.63	96.6393
3196.56	96.8668
3198.49	96.9951
3200.42	96.8981
3202.35	96.7927
3204.27	96.8855
3206.2	97.1057
3208.13	97.1217
3210.06	96.804
3211.99	96.528
3213.92	96.5704
3215.85	96.6861
3217.78	96.7052
3219.71	96.7736
3221.64	96.8238
3223.57	96.6846
3225.49	96.516
3227.42	96.4318
3229.35	96.2894
3231.28	96.1966
3233.21	96.3923
3235.14	96.6453
3237.07	96.598
3239	96.4119
3240.93	96.3892
3242.86	96.4116
3244.79	96.2846
3246.72	96.1637
3248.64	96.2123
3250.57	96.2677
3252.5	96.2006
3254.43	96.1504
3256.36	96.1479
3258.29	96.082
3260.22	96.0991
3262.15	96.3063
3264.08	96.3696
3266.01	96.1373
3267.94	95.9902
3269.86	96.0567
3271.79	96.0365
3273.72	95.9132
3275.65	95.9002
3277.58	95.9696
3279.51	96.0599
3281.44	96.166
3283.37	96.1282
3285.3	95.9627
3287.23	95.9648
3289.16	96.0796
3291.08	95.9711
3293.01	95.7509
3294.94	95.7418
3296.87	95.8093
3298.8	95.6776
3300.73	95.4585
3302.66	95.3832
3304.59	95.4155
3306.52	95.3751
3308.45	95.2269
3310.38	95.1308
3312.31	95.1807
3314.23	95.2339
3316.16	95.1742
3318.09	95.0999
3320.02	95.0803
3321.95	95.0486
3323.88	95.0147
3325.81	95.0877
3327.74	95.2624
3329.67	95.356
3331.6	95.2268
3333.53	95.0131
3335.45	94.9608
3337.38	95.0384
3339.31	95.0461
3341.24	94.9845
3343.17	94.9554
3345.1	94.9506
3347.03	94.9499
3348.96	94.9143
3350.89	94.7856
3352.82	94.6907
3354.75	94.7621
3356.68	94.8798
3358.6	94.9716
3360.53	95.098
3362.46	95.1302
3364.39	94.97
3366.32	94.8311
3368.25	94.8529
3370.18	94.9214
3372.11	94.9434
3374.04	94.8867
3375.97	94.7937
3377.9	94.8055
3379.82	94.8947
3381.75	94.8968
3383.68	94.8349
3385.61	94.7942
3387.54	94.7438
3389.47	94.7037
3391.4	94.6941
3393.33	94.6304
3395.26	94.5413
3397.19	94.5582
3399.12	94.6404
3401.04	94.6371
3402.97	94.5209
3404.9	94.4014
3406.83	94.3935
3408.76	94.4619
3410.69	94.4736
3412.62	94.4697
3414.55	94.603
3416.48	94.7987
3418.41	94.8589
3420.34	94.7876
3422.27	94.7075
3424.19	94.6881
3426.12	94.7678
3428.05	94.868
3429.98	94.8411
3431.91	94.7491
3433.84	94.7469
3435.77	94.7788
3437.7	94.7484
3439.63	94.7028
3441.56	94.6646
3443.49	94.6303
3445.41	94.7022
3447.34	94.9489
3449.27	95.2314
3451.2	95.3081
3453.13	95.0742
3455.06	94.7062
3456.99	94.5025
3458.92	94.5247
3460.85	94.6678
3462.78	94.9171
3464.71	95.1591
3466.64	95.1254
3468.56	94.8386
3470.49	94.6449
3472.42	94.6924
3474.35	94.8164
3476.28	94.8811
3478.21	94.9022
3480.14	94.9093
3482.07	94.888
3484	94.8364
3485.93	94.8196
3487.86	94.9274
3489.78	95.159
3491.71	95.3952
3493.64	95.5035
3495.57	95.4218
3497.5	95.2002
3499.43	95.0129
3501.36	95.0577
3503.29	95.3313
3505.22	95.4887
3507.15	95.2649
3509.08	94.902
3511	94.787
3512.93	94.8703
3514.86	94.9099
3516.79	94.9901
3518.72	95.2191
3520.65	95.3682
3522.58	95.2656
3524.51	95.1163
3526.44	95.1078
3528.37	95.1138
3530.3	95.0073
3532.23	94.8914
3534.15	94.9206
3536.08	95.0977
3538.01	95.2215
3539.94	95.0846
3541.87	94.7819
3543.8	94.62
3545.73	94.7525
3547.66	95.0093
3549.59	95.2
3551.52	95.3226
3553.45	95.3353
3555.37	95.1521
3557.3	94.9181
3559.23	94.9193
3561.16	95.1481
3563.09	95.2115
3565.02	94.976
3566.95	94.9345
3568.88	95.4016
3570.81	95.799
3572.74	95.8059
3574.67	95.6851
3576.6	95.648
3578.52	95.5923
3580.45	95.4958
3582.38	95.5361
3584.31	95.7288
3586.24	95.9633
3588.17	96.2341
3590.1	96.4724
3592.03	96.5185
3593.96	96.426
3595.89	96.4969
3597.82	96.8473
3599.74	97.1646
3601.67	97.183
3603.6	97.0556
3605.53	97.066
3607.46	97.232
3609.39	97.3848
3611.32	97.4685
3613.25	97.5362
3615.18	97.5332
3617.11	97.3964
3619.04	97.2116
3620.97	97.1276
3622.89	97.1395
3624.82	97.1144
3626.75	97.0018
3628.68	96.9411
3630.61	97.1026
3632.54	97.325
3634.47	97.4748
3636.4	97.5561
3638.33	97.5771
3640.26	97.6207
3642.19	97.8115
3644.11	98.0314
3646.04	97.9379
3647.97	97.489
3649.9	97.4366
3651.83	98.0414
3653.76	98.4703
3655.69	98.5035
3657.62	98.4531
3659.55	98.4439
3661.48	98.259
3663.41	97.9424
3665.33	97.7677
3667.26	97.7748
3669.19	97.9177
3671.12	98.1275
3673.05	98.1403
3674.98	98.0444
3676.91	98.2125
3678.84	98.2994
3680.77	97.9992
3682.7	97.7865
3684.63	97.9751
3686.56	98.1673
3688.48	98.0077
3690.41	97.7828
3692.34	97.7464
3694.27	97.8112
3696.2	98.0768
3698.13	98.4737
3700.06	98.5988
3701.99	98.3089
3703.92	98.0273
3705.85	98.0608
3707.78	98.2594
3709.7	98.4225
3711.63	98.4292
3713.56	98.3295
3715.49	98.3117
3717.42	98.3304
3719.35	98.1321
3721.28	97.8046
3723.21	97.9192
3725.14	98.5014
3727.07	98.7958
3729	98.5868
3730.93	98.3767
3732.85	98.4185
3734.78	98.4589
3736.71	98.1571
3738.64	97.7681
3740.57	97.7592
3742.5	98.2164
3744.43	98.6019
3746.36	98.2766
3748.29	97.898
3750.22	97.9887
3752.15	98.1215
3754.07	97.9866
3756	97.9353
3757.93	98.0133
3759.86	97.9877
3761.79	97.893
3763.72	97.9044
3765.65	97.9075
3767.58	97.7498
3769.51	97.5964
3771.44	97.6444
3773.37	97.7936
3775.29	97.9066
3777.22	97.9602
3779.15	97.9151
3781.08	97.8022
3783.01	97.7757
3784.94	97.8656
3786.87	97.9283
3788.8	97.8694
3790.73	97.7593
3792.66	97.7239
3794.59	97.8527
3796.52	98.1023
3798.44	98.262
3800.37	98.1802
3802.3	97.9707
3804.23	97.8561
3806.16	97.8073
3808.09	97.7348
3810.02	97.7338
3811.95	97.9104
3813.88	98.2324
3815.81	98.4931
3817.74	98.4428
3819.66	98.1891
3821.59	98.0103
3823.52	98.0237
3825.45	98.0561
3827.38	97.9419
3829.31	97.7574
3831.24	97.7288
3833.17	97.8768
3835.1	97.9828
3837.03	97.9626
3838.96	97.9552
3840.89	97.9507
3842.81	97.8217
3844.74	97.6527
3846.67	97.5782
3848.6	97.5753
3850.53	97.6214
3852.46	97.8002
3854.39	97.9823
3856.32	97.9266
3858.25	97.8429
3860.18	97.8259
3862.11	97.7362
3864.03	97.5646
3865.96	97.5809
3867.89	97.83
3869.82	97.9806
3871.75	97.7962
3873.68	97.5301
3875.61	97.4982
3877.54	97.6736
3879.47	97.8804
3881.4	97.9419
3883.33	97.8062
3885.25	97.6558
3887.18	97.6995
3889.11	97.817
3891.04	97.8122
3892.97	97.8072
3894.9	97.909
3896.83	97.9137
3898.76	97.7889
3900.69	97.7854
3902.62	97.8305
3904.55	97.67
3906.48	97.5822
3908.4	97.713
3910.33	97.7498
3912.26	97.5962
3914.19	97.5316
3916.12	97.6943
3918.05	97.8948
3919.98	97.9343
3921.91	97.8161
3923.84	97.6301
3925.77	97.4933
3927.7	97.4891
3929.62	97.5849
3931.55	97.6799
3933.48	97.7224
3935.41	97.7828
3937.34	97.8674
3939.27	97.8341
3941.2	97.6588
3943.13	97.5504
3945.06	97.5823
3946.99	97.5708
3948.92	97.4879
3950.85	97.5243
3952.77	97.6854
3954.7	97.7432
3956.63	97.6002
3958.56	97.4035
3960.49	97.3089
3962.42	97.3203
3964.35	97.3952
3966.28	97.5103
3968.21	97.6009
3970.14	97.5969
3972.07	97.5294
3973.99	97.4903
3975.92	97.5324
3977.85	97.6421
3979.78	97.7325
3981.71	97.7113
3983.64	97.6109
3985.57	97.5318
3987.5	97.4779
3989.43	97.4237
3991.36	97.4389
3993.29	97.5541
3995.22	97.6377
3997.14	97.5732
