499.643	82.0954
501.572	81.8446
503.501	81.44
505.43	81.8859
507.36	83.0232
509.289	83.8676
511.218	83.9273
513.147	83.5484
515.076	83.1712
517.005	82.8826
518.934	82.7681
520.863	82.97
522.792	83.3218
524.722	83.6575
526.651	84.0666
528.58	84.4469
530.509	84.6211
532.438	84.8558
534.367	85.3977
536.296	85.9788
538.225	86.3254
540.155	86.5091
542.084	86.6287
544.013	86.7328
545.942	86.8698
547.871	86.9709
549.8	87.0446
551.729	87.303
553.658	87.7245
555.588	87.9305
557.517	87.7756
559.446	87.5731
561.375	87.5313
563.304	87.5151
565.233	87.4815
567.162	87.5718
569.091	87.7108
571.021	87.7297
572.95	87.7909
574.879	88.0163
576.808	88.0862
578.737	87.8525
580.666	87.7218
582.595	87.9257
584.524	88.1569
586.454	88.1088
588.383	87.7723
590.312	87.2754
592.241	86.8479
594.17	86.6716
596.099	86.6598
598.028	86.6657
599.957	86.6563
601.887	86.6121
603.816	86.6375
605.745	86.9873
607.674	87.6438
609.603	88.2492
611.532	88.6306
613.461	88.8913
615.39	89.0341
617.32	89.001
619.249	88.9155
621.178	88.9513
623.107	89.1138
625.036	89.2465
626.965	89.2204
628.894	89.1102
630.823	89.0024
632.753	88.8315
634.682	88.6019
636.611	88.397
638.54	88.0843
640.469	87.4818
642.398	86.6978
644.327	85.9064
646.256	85.08
648.186	84.2711
650.115	83.7456
652.044	83.5819
653.973	83.678
655.902	84.0051
657.831	84.4767
659.76	85.0696
661.689	85.8193
663.619	86.5169
665.548	87.1256
667.477	88.0551
669.406	89.2208
671.335	89.8432
673.264	90.2439
675.193	90.7096
677.122	91.1318
679.052	91.4457
680.981	91.6155
682.91	91.5615
684.839	91.4977
686.768	91.6353
688.697	91.7768
690.626	91.7203
692.555	91.6102
694.485	91.5833
696.414	91.5763
698.343	91.5614
700.272	91.6182
702.201	91.7469
704.13	91.8245
706.059	91.7555
707.988	91.5814
709.917	91.4311
711.847	91.3929
713.776	91.4586
715.705	91.5714
717.634	91.6807
719.563	91.7209
721.492	91.6538
723.421	91.5537
725.35	91.4758
727.28	91.3411
729.209	91.1064
731.138	90.8577
733.067	90.6132
734.996	90.2985
736.925	89.9612
738.854	89.7712
740.783	89.8222
742.713	90.0426
744.642	90.258
746.571	90.3609
748.5	90.4292
750.429	90.5702
752.358	90.7399
754.287	90.8492
756.216	90.8838
758.146	90.8507
760.075	90.7722
762.004	90.6726
763.933	90.4821
765.862	90.1226
767.791	89.6602
769.72	89.1456
771.649	88.4222
773.579	87.2848
775.508	85.6342
777.437	83.3088
779.366	80.0349
781.295	75.8269
783.224	71.3516
785.153	67.724
787.082	65.9458
789.012	66.5336
790.941	69.4169
792.87	73.8489
794.799	78.516
796.728	82.1779
798.657	84.3486
800.586	85.2308
802.515	85.1427
804.445	84.2527
806.374	82.6569
808.303	80.4435
810.232	77.8797
812.161	75.6496
814.09	74.5848
816.019	75.0433
817.948	76.7077
819.878	78.9038
821.807	81.0112
823.736	82.7188
825.665	83.999
827.594	84.8869
829.523	85.4018
831.452	85.6138
833.381	85.5918
835.311	85.3243
837.24	84.78
839.169	83.9561
841.098	82.876
843.027	81.6591
844.956	80.5338
846.885	79.6581
848.814	78.9675
850.744	78.2614
852.673	77.4162
854.602	76.4654
856.531	75.5032
858.46	74.61
860.389	73.8864
862.318	73.4532
864.247	73.3783
866.177	73.6341
868.106	74.1173
870.035	74.6895
871.964	75.1998
873.893	75.5036
875.822	75.5395
877.751	75.4094
879.68	75.3041
881.609	75.3482
883.539	75.5779
885.468	76.001
887.397	76.5765
889.326	77.1843
891.255	77.6829
893.184	77.9893
895.113	78.1229
897.042	78.1873
898.972	78.2885
900.901	78.5123
902.83	78.9718
904.759	79.7603
906.688	80.8374
908.617	82.0525
910.546	83.2335
912.475	84.1771
914.405	84.6698
916.334	84.637
918.263	84.1824
920.192	83.4211
922.121	82.3783
924.05	81.0627
925.979	79.5017
927.908	77.6881
929.838	75.6002
931.767	73.2874
933.696	70.8824
935.625	68.5674
937.554	66.567
939.483	65.0911
941.412	64.2197
943.341	63.8715
945.271	63.9019
947.2	64.2048
949.129	64.7413
951.058	65.5317
952.987	66.6195
954.916	67.9812
956.845	69.4871
958.774	71.0187
960.704	72.5614
962.633	74.1073
964.562	75.5803
966.491	76.9224
968.42	78.122
970.349	79.1285
972.278	79.8744
974.207	80.3604
976.137	80.6191
978.066	80.649
979.995	80.448
981.924	80.0553
983.853	79.521
985.782	78.8796
987.711	78.201
989.64	77.6237
991.57	77.2405
993.499	76.9472
995.428	76.4839
997.357	75.6293
999.286	74.3315
1001.22	72.7268
1003.14	71.0683
1005.07	69.5817
1007	68.3982
1008.93	67.6087
1010.86	67.2179
1012.79	66.9909
1014.72	66.522
1016.65	65.543
1018.58	64.0603
1020.51	62.2152
1022.44	60.1897
1024.36	58.2643
1026.29	56.8092
1028.22	56.1065
1030.15	56.1654
1032.08	56.7337
1034.01	57.523
1035.94	58.407
1037.87	59.3783
1039.8	60.403
1041.73	61.4375
1043.66	62.5236
1045.58	63.7417
1047.51	65.1029
1049.44	66.5478
1051.37	67.9875
1053.3	69.3301
1055.23	70.5468
1057.16	71.7092
1059.09	72.8886
1061.02	74.0129
1062.95	74.8427
1064.88	75.1176
1066.81	74.8125
1068.73	74.2713
1070.66	73.9879
1072.59	74.2287
1074.52	74.9176
1076.45	75.824
1078.38	76.7617
1080.31	77.6388
1082.24	78.3997
1084.17	78.9644
1086.1	79.25
1088.03	79.2318
1089.95	78.926
1091.88	78.3543
1093.81	77.5885
1095.74	76.7603
1097.67	75.9662
1099.6	75.2292
1101.53	74.5458
1103.46	73.8768
1105.39	73.1186
1107.32	72.1789
1109.25	71.0657
1111.18	69.8707
1113.1	68.6963
1115.03	67.5886
1116.96	66.5021
1118.89	65.3464
1120.82	64.0652
1122.75	62.6509
1124.68	61.1221
1126.61	59.5213
1128.54	57.9028
1130.47	56.2987
1132.4	54.7001
1134.32	53.0783
1136.25	51.4343
1138.18	49.8057
1140.11	48.2134
1142.04	46.6632
1143.97	45.2036
1145.9	43.8967
1147.83	42.7333
1149.76	41.6461
1151.69	40.6018
1153.62	39.6532
1155.55	38.9171
1157.47	38.5196
1159.4	38.5603
1161.33	39.0894
1163.26	40.0894
1165.19	41.5137
1167.12	43.3254
1169.05	45.4488
1170.98	47.7578
1172.91	50.1729
1174.84	52.6765
1176.77	55.2236
1178.69	57.7395
1180.62	60.1706
1182.55	62.4669
1184.48	64.5849
1186.41	66.5256
1188.34	68.3088
1190.27	69.9497
1192.2	71.4873
1194.13	72.9715
1196.06	74.4242
1197.99	75.8326
1199.91	77.1408
1201.84	78.2667
1203.77	79.1568
1205.7	79.7909
1207.63	80.1473
1209.56	80.2181
1211.49	80.0556
1213.42	79.7228
1215.35	79.0868
1217.28	77.7822
1219.21	75.666
1221.14	73.0982
1223.06	70.4171
1224.99	67.5109
1226.92	64.0953
1228.85	60.1065
1230.78	55.7491
1232.71	51.4226
1234.64	47.6137
1236.57	44.6598
1238.5	42.5738
1240.43	41.1176
1242.36	40.0212
1244.28	39.0941
1246.21	38.2104
1248.14	37.3238
1250.07	36.4975
1252	35.85
1253.93	35.4928
1255.86	35.5386
1257.79	36.08
1259.72	37.1071
1261.65	38.5335
1263.58	40.3075
1265.51	42.3809
1267.43	44.6385
1269.36	46.97
1271.29	49.2989
1273.22	51.5335
1275.15	53.6265
1277.08	55.6101
1279.01	57.5079
1280.94	59.3146
1282.87	61.0262
1284.8	62.6038
1286.73	63.9601
1288.65	65.0079
1290.58	65.6921
1292.51	65.9956
1294.44	65.965
1296.37	65.7976
1298.3	65.8758
1300.23	66.5869
1302.16	68.075
1304.09	70.196
1306.02	72.6208
1307.95	74.9269
1309.87	76.725
1311.8	77.768
1313.73	77.9519
1315.66	77.2963
1317.59	75.9774
1319.52	74.5045
1321.45	73.6882
1323.38	74.058
1325.31	75.5656
1327.24	77.7821
1329.17	80.1717
1331.1	82.3193
1333.02	83.9141
1334.95	84.8488
1336.88	85.3468
1338.81	85.7279
1340.74	86.174
1342.67	86.7492
1344.6	87.4939
1346.53	88.3915
1348.46	89.2908
1350.39	89.9517
1352.32	90.1792
1354.24	89.8646
1356.17	89.1412
1358.1	88.475
1360.03	88.1949
1361.96	88.1384
1363.89	87.8514
1365.82	87.0509
1367.75	85.685
1369.68	83.9952
1371.61	82.4721
1373.54	81.3217
1375.47	80.5228
1377.39	80.123
1379.32	80.0673
1381.25	80.1897
1383.18	80.38
1385.11	80.7447
1387.04	81.5267
1388.97	82.5404
1390.9	83.2293
1392.83	83.407
1394.76	83.1106
1396.69	82.4345
1398.61	81.5447
1400.54	80.7299
1402.47	80.256
1404.4	80.1797
1406.33	80.481
1408.26	81.061
1410.19	81.848
1412.12	82.831
1414.05	83.8335
1415.98	84.7782
1417.91	85.8167
1419.83	86.8102
1421.76	87.4281
1423.69	87.7163
1425.62	87.7754
1427.55	87.5483
1429.48	86.8478
1431.41	85.7723
1433.34	84.6905
1435.27	83.444
1437.2	81.8095
1439.13	80.4477
1441.06	79.6008
1442.98	78.9109
1444.91	78.3255
1446.84	77.8372
1448.77	77.2531
1450.7	76.7365
1452.63	76.669
1454.56	77.1062
1456.49	78.1593
1458.42	79.6815
1460.35	80.9173
1462.28	82.0318
1464.2	83.4343
1466.13	84.9627
1468.06	86.1967
1469.99	87.3275
1471.92	88.5482
1473.85	89.5591
1475.78	90.2486
1477.71	90.8857
1479.64	91.4826
1481.57	92.0286
1483.5	92.5653
1485.43	93.0603
1487.35	93.5227
1489.28	93.9997
1491.21	94.3894
1493.14	94.6616
1495.07	94.9301
1497	95.2356
1498.93	95.5072
1500.86	95.6893
1502.79	95.8073
1504.72	95.8937
1506.65	95.9765
1508.57	96.0461
1510.5	96.0948
1512.43	96.1558
1514.36	96.2474
1516.29	96.3506
1518.22	96.4193
1520.15	96.4383
1522.08	96.4361
1524.01	96.4413
1525.94	96.4634
1527.87	96.5102
1529.8	96.5652
1531.72	96.6006
1533.65	96.6039
1535.58	96.6037
1537.51	96.6439
1539.44	96.7354
1541.37	96.7734
1543.3	96.6805
1545.23	96.5767
1547.16	96.5233
1549.09	96.5281
1551.02	96.5658
1552.94	96.5975
1554.87	96.6258
1556.8	96.6775
1558.73	96.6743
1560.66	96.5328
1562.59	96.4109
1564.52	96.348
1566.45	96.3199
1568.38	96.2827
1570.31	96.1847
1572.24	96.0779
1574.16	96.0202
1576.09	95.9681
1578.02	95.8698
1579.95	95.789
1581.88	95.7757
1583.81	95.8216
1585.74	95.8722
1587.67	95.8872
1589.6	95.8943
1591.53	95.9144
1593.46	95.9106
1595.39	95.8672
1597.31	95.8101
1599.24	95.734
1601.17	95.6287
1603.1	95.5129
1605.03	95.3914
1606.96	95.2675
1608.89	95.1423
1610.82	94.9887
1612.75	94.8211
1614.68	94.6282
1616.61	94.2931
1618.53	93.8799
1620.46	93.495
1622.39	92.9371
1624.32	92.1825
1626.25	91.4714
1628.18	90.6462
1630.11	89.6359
1632.04	88.7707
1633.97	88.0221
1635.9	87.1143
1637.83	86.71
1639.76	87.5204
1641.68	89.0843
1643.61	90.7256
1645.54	92.2147
1647.47	93.4569
1649.4	94.104
1651.33	94.3473
1653.26	94.53
1655.19	94.6401
1657.12	94.6462
1659.05	94.6565
1660.98	94.6529
1662.9	94.5334
1664.83	94.3314
1666.76	94.1704
1668.69	94.0304
1670.62	93.8107
1672.55	93.5858
1674.48	93.352
1676.41	92.9483
1678.34	92.5468
1680.27	92.2957
1682.2	91.9091
1684.12	91.1942
1686.05	90.5343
1687.98	89.873
1689.91	89.0229
1691.84	88.0161
1693.77	86.6469
1695.7	84.8353
1697.63	82.817
1699.56	80.1735
1701.49	76.9008
1703.42	73.9559
1705.35	70.9662
1707.27	67.3776
1709.2	63.9307
1711.13	61.0403
1713.06	58.3968
1714.99	56.242
1716.92	54.817
1718.85	53.8694
1720.78	53.9568
1722.71	55.3301
1724.64	57.5182
1726.57	60.1848
1728.49	63.1185
1730.42	65.9173
1732.35	68.146
1734.28	69.3856
1736.21	69.4603
1738.14	68.4346
1740.07	66.3234
1742	63.7488
1743.93	61.8343
1745.86	60.773
1747.79	60.5
1749.72	61.3809
1751.64	63.0559
1753.57	65.0543
1755.5	67.7654
1757.43	71.134
1759.36	74.5652
1761.29	78.052
1763.22	81.559
1765.15	84.4924
1767.08	86.8107
1769.01	88.8754
1770.94	90.7249
1772.86	92.292
1774.79	93.485
1776.72	94.2042
1778.65	94.7125
1780.58	95.2803
1782.51	95.7388
1784.44	96.0077
1786.37	96.3102
1788.3	96.6076
1790.23	96.7597
1792.16	96.8307
1794.08	96.8437
1796.01	96.7978
1797.94	96.8129
1799.87	96.9224
1801.8	97.0335
1803.73	97.0846
1805.66	97.0605
1807.59	97.0064
1809.52	97.0228
1811.45	97.1151
1813.38	97.2142
1815.31	97.3039
1817.23	97.3706
1819.16	97.4176
1821.09	97.4783
1823.02	97.5355
1824.95	97.5915
1826.88	97.665
1828.81	97.6734
1830.74	97.6199
1832.67	97.6747
1834.6	97.8256
1836.53	97.9215
1838.45	97.9243
1840.38	97.8909
1842.31	97.8498
1844.24	97.8405
1846.17	97.8995
1848.1	97.9738
1850.03	98.0541
1851.96	98.1978
1853.89	98.3368
1855.82	98.2766
1857.75	98.0416
1859.68	97.9293
1861.6	98.0584
1863.53	98.2584
1865.46	98.4322
1867.39	98.5744
1869.32	98.6061
1871.25	98.5427
1873.18	98.4684
1875.11	98.3725
1877.04	98.3068
1878.97	98.3597
1880.9	98.4736
1882.82	98.5642
1884.75	98.6203
1886.68	98.6233
1888.61	98.5968
1890.54	98.6376
1892.47	98.7348
1894.4	98.7782
1896.33	98.7583
1898.26	98.7371
1900.19	98.7124
1902.12	98.6836
1904.05	98.7148
1905.97	98.7941
1907.9	98.8598
1909.83	98.9597
1911.76	99.0711
1913.69	99.0526
1915.62	99.0008
1917.55	99.0755
1919.48	99.0556
1921.41	98.8514
1923.34	98.8799
1925.27	99.2145
1927.19	99.3686
1929.12	99.2409
1931.05	99.186
1932.98	99.3184
1934.91	99.4713
1936.84	99.5385
1938.77	99.5286
1940.7	99.5322
1942.63	99.6242
1944.56	99.7248
1946.49	99.7071
1948.41	99.5748
1950.34	99.4539
1952.27	99.4833
1954.2	99.621
1956.13	99.6735
1958.06	99.6172
1959.99	99.6522
1961.92	99.8712
1963.85	100.115
1965.78	100.197
1967.71	100.112
1969.64	100.001
1971.56	99.931
1973.49	99.8804
1975.42	99.8839
1977.35	99.9824
1979.28	100.093
1981.21	100.154
1983.14	100.244
1985.07	100.375
1987	100.406
1988.93	100.308
1990.86	100.216
1992.78	100.168
1994.71	100.101
1996.64	100.028
1998.57	99.9902
2000.5	99.9924
2002.43	100.043
2004.36	100.103
2006.29	100.125
2008.22	100.168
2010.15	100.283
2012.08	100.418
2014.01	100.526
2015.93	100.574
2017.86	100.531
2019.79	100.465
2021.72	100.44
2023.65	100.384
2025.58	100.281
2027.51	100.267
2029.44	100.414
2031.37	100.585
2033.3	100.598
2035.23	100.487
2037.15	100.423
2039.08	100.403
2041.01	100.307
2042.94	100.214
2044.87	100.277
2046.8	100.389
2048.73	100.349
2050.66	100.2
2052.59	100.114
2054.52	100.127
2056.45	100.158
2058.37	100.102
2060.3	99.9066
2062.23	99.6898
2064.16	99.6781
2066.09	99.8741
2068.02	99.9924
2069.95	99.8866
2071.88	99.7301
2073.81	99.6674
2075.74	99.6406
2077.67	99.6266
2079.6	99.6904
2081.52	99.7538
2083.45	99.6815
2085.38	99.5815
2087.31	99.5915
2089.24	99.5384
2091.17	99.3208
2093.1	99.2434
2095.03	99.4462
2096.96	99.614
2098.89	99.6083
2100.82	99.5987
2102.74	99.5487
2104.67	99.3686
2106.6	99.2504
2108.53	99.3091
2110.46	99.3815
2112.39	99.3714
2114.32	99.3333
2116.25	99.2849
2118.18	99.2446
2120.11	99.2848
2122.04	99.4349
2123.97	99.642
2125.89	99.8099
2127.82	99.8555
2129.75	99.7822
2131.68	99.6607
2133.61	99.5435
2135.54	99.5172
2137.47	99.73
2139.4	100.146
2141.33	100.455
2143.26	100.465
2145.19	100.308
2147.11	100.149
2149.04	100.038
2150.97	100.04
2152.9	100.15
2154.83	100.228
2156.76	100.218
2158.69	100.209
2160.62	100.226
2162.55	100.156
2164.48	99.9608
2166.41	99.8326
2168.33	99.9428
2170.26	100.113
2172.19	100.112
2174.12	100.056
2176.05	100.082
2177.98	100.036
2179.91	99.8347
2181.84	99.655
2183.77	99.6578
2185.7	99.8666
2187.63	100.198
2189.56	100.462
2191.48	100.494
2193.41	100.315
2195.34	100.09
2197.27	100.005
2199.2	100.119
2201.13	100.276
2203.06	100.224
2204.99	99.9173
2206.92	99.6764
2208.85	99.8063
2210.78	100.068
2212.7	99.9985
2214.63	99.6952
2216.56	99.5702
2218.49	99.5726
2220.42	99.4462
2222.35	99.3432
2224.28	99.4631
2226.21	99.6252
2228.14	99.6927
2230.07	99.8136
2232	100.016
2233.93	100.138
2235.85	100.136
2237.78	100.025
2239.71	99.8141
2241.64	99.6984
2243.57	99.8227
2245.5	99.9726
2247.43	99.987
2249.36	100.043
2251.29	100.151
2253.22	100.053
2255.15	99.7763
2257.07	99.6003
2259	99.5679
2260.93	99.5531
2262.86	99.5468
2264.79	99.5805
2266.72	99.6213
2268.65	99.6382
2270.58	99.6156
2272.51	99.5281
2274.44	99.3798
2276.37	99.2269
2278.29	99.14
2280.22	99.1616
2282.15	99.2593
2284.08	99.3177
2286.01	99.2753
2287.94	99.2356
2289.87	99.3013
2291.8	99.4267
2293.73	99.5668
2295.66	99.7069
2297.59	99.7246
2299.52	99.5953
2301.44	99.5603
2303.37	99.7252
2305.3	99.9044
2307.23	100.046
2309.16	100.251
2311.09	100.432
2313.02	100.504
2314.95	100.606
2316.88	100.817
2318.81	101.125
2320.74	101.558
2322.66	101.946
2324.59	102.044
2326.52	102.016
2328.45	102.139
2330.38	102.325
2332.31	102.375
2334.24	102.396
2336.17	102.513
2338.1	102.649
2340.03	102.856
2341.96	103.221
2343.89	103.217
2345.81	102.441
2347.74	101.752
2349.67	101.793
2351.6	102.456
2353.53	103.335
2355.46	104.093
2357.39	104.763
2359.32	105.187
2361.25	105.047
2363.18	104.4
2365.11	103.445
2367.03	102.626
2368.96	102.268
2370.89	102.008
2372.82	101.438
2374.75	100.694
2376.68	100.081
2378.61	99.6696
2380.54	99.3556
2382.47	99.0389
2384.4	98.7111
2386.33	98.4247
2388.26	98.2304
2390.18	98.1308
2392.11	98.0787
2394.04	98.0316
2395.97	97.9948
2397.9	97.9897
2399.83	98.0195
2401.76	98.0785
2403.69	98.1467
2405.62	98.1746
2407.55	98.1377
2409.48	98.1017
2411.4	98.1362
2413.33	98.186
2415.26	98.1723
2417.19	98.1492
2419.12	98.1698
2421.05	98.178
2422.98	98.2032
2424.91	98.3257
2426.84	98.3942
2428.77	98.2328
2430.7	98.0222
2432.62	98.0195
2434.55	98.1612
2436.48	98.2645
2438.41	98.3098
2440.34	98.3681
2442.27	98.4522
2444.2	98.4748
2446.13	98.3711
2448.06	98.2716
2449.99	98.3283
2451.92	98.4266
2453.85	98.4103
2455.77	98.4068
2457.7	98.5428
2459.63	98.6458
2461.56	98.5786
2463.49	98.5102
2465.42	98.5816
2467.35	98.6723
2469.28	98.6658
2471.21	98.6292
2473.14	98.6548
2475.07	98.7327
2476.99	98.7831
2478.92	98.7637
2480.85	98.7578
2482.78	98.8498
2484.71	98.9516
2486.64	98.9547
2488.57	98.904
2490.5	98.8378
2492.43	98.7345
2494.36	98.6812
2496.29	98.7508
2498.22	98.812
2500.14	98.7613
2502.07	98.6958
2504	98.6904
2505.93	98.7077
2507.86	98.7403
2509.79	98.8112
2511.72	98.9093
2513.65	98.9848
2515.58	98.9293
2517.51	98.7148
2519.44	98.5365
2521.36	98.5527
2523.29	98.6409
2525.22	98.65
2527.15	98.6099
2529.08	98.5898
2531.01	98.6378
2532.94	98.7439
2534.87	98.7306
2536.8	98.5129
2538.73	98.3483
2540.66	98.403
2542.58	98.4638
2544.51	98.4427
2546.44	98.5539
2548.37	98.7649
2550.3	98.7671
2552.23	98.5285
2554.16	98.2855
2556.09	98.1633
2558.02	98.206
2559.95	98.4215
2561.88	98.6045
2563.81	98.5404
2565.73	98.3715
2567.66	98.337
2569.59	98.3562
2571.52	98.2605
2573.45	98.1511
2575.38	98.1848
2577.31	98.2725
2579.24	98.2652
2581.17	98.2437
2583.1	98.3643
2585.03	98.5371
2586.95	98.5327
2588.88	98.3705
2590.81	98.2833
2592.74	98.303
2594.67	98.2383
2596.6	98.0708
2598.53	98.0023
2600.46	98.0826
2602.39	98.1402
2604.32	98.1202
2606.25	98.1484
2608.18	98.2182
2610.1	98.1575
2612.03	97.96
2613.96	97.8326
2615.89	97.8731
2617.82	97.9598
2619.75	97.9525
2621.68	97.8299
2623.61	97.6759
2625.54	97.6081
2627.47	97.6433
2629.4	97.6657
2631.32	97.6191
2633.25	97.5892
2635.18	97.6018
2637.11	97.5649
2639.04	97.4816
2640.97	97.4571
2642.9	97.4809
2644.83	97.4579
2646.76	97.4078
2648.69	97.4104
2650.62	97.4382
2652.54	97.413
2654.47	97.3495
2656.4	97.3223
2658.33	97.3382
2660.26	97.3309
2662.19	97.2732
2664.12	97.2179
2666.05	97.2129
2667.98	97.2398
2669.91	97.2497
2671.84	97.219
2673.77	97.1674
2675.69	97.1302
2677.62	97.1123
2679.55	97.1051
2681.48	97.133
2683.41	97.2028
2685.34	97.2445
2687.27	97.2027
2689.2	97.1267
2691.13	97.0768
2693.06	97.0379
2694.99	97.004
2696.91	97.0122
2698.84	97.0394
2700.77	97.0266
2702.7	96.9969
2704.63	96.9893
2706.56	96.9711
2708.49	96.9414
2710.42	96.9428
2712.35	96.9427
2714.28	96.9144
2716.21	96.9285
2718.14	96.973
2720.06	96.9199
2721.99	96.7845
2723.92	96.7076
2725.85	96.6834
2727.78	96.6155
2729.71	96.5496
2731.64	96.5889
2733.57	96.6935
2735.5	96.7438
2737.43	96.7101
2739.36	96.6487
2741.28	96.5919
2743.21	96.5244
2745.14	96.4538
2747.07	96.4188
2749	96.413
2750.93	96.4101
2752.86	96.4568
2754.79	96.5789
2756.72	96.6531
2758.65	96.5928
2760.58	96.5264
2762.51	96.553
2764.43	96.5535
2766.36	96.4575
2768.29	96.3926
2770.22	96.4144
2772.15	96.4023
2774.08	96.2977
2776.01	96.1897
2777.94	96.1486
2779.87	96.1487
2781.8	96.1541
2783.73	96.1621
2785.65	96.1508
2787.58	96.0989
2789.51	96.0627
2791.44	96.095
2793.37	96.1361
2795.3	96.13
2797.23	96.1122
2799.16	96.082
2801.09	95.997
2803.02	95.8981
2804.95	95.8535
2806.87	95.8684
2808.8	95.9002
2810.73	95.8493
2812.66	95.6646
2814.59	95.4922
2816.52	95.4635
2818.45	95.4672
2820.38	95.3954
2822.31	95.3169
2824.24	95.2301
2826.17	95.0339
2828.1	94.7901
2830.02	94.647
2831.95	94.5633
2833.88	94.3985
2835.81	94.1682
2837.74	93.9724
2839.67	93.7812
2841.6	93.5183
2843.53	93.2467
2845.46	93.058
2847.39	92.9154
2849.32	92.7595
2851.24	92.5598
2853.17	92.2173
2855.1	91.6686
2857.03	91.025
2858.96	90.4311
2860.89	89.9281
2862.82	89.5093
2864.75	89.1609
2866.68	88.8541
2868.61	88.5506
2870.54	88.2296
2872.47	87.971
2874.39	87.9225
2876.32	88.0946
2878.25	88.3861
2880.18	88.8075
2882.11	89.3531
2884.04	89.7625
2885.97	89.8074
2887.9	89.6498
2889.83	89.5793
2891.76	89.6201
2893.69	89.662
2895.61	89.7315
2897.54	89.8729
2899.47	89.9679
2901.4	89.9199
2903.33	89.8282
2905.26	89.7685
2907.19	89.6389
2909.12	89.4151
2911.05	89.255
2912.98	89.1822
2914.91	89.0019
2916.83	88.6708
2918.76	88.3922
2920.69	88.2154
2922.62	87.9097
2924.55	87.3465
2926.48	86.696
2928.41	86.2063
2930.34	86.0046
2932.27	86.0747
2934.2	86.2865
2936.13	86.506
2938.06	86.7067
2939.98	86.9176
2941.91	87.1201
2943.84	87.2515
2945.77	87.2477
2947.7	87.0668
2949.63	86.7116
2951.56	86.2142
2953.49	85.5975
2955.42	84.9294
2957.35	84.41
2959.28	84.2458
2961.2	84.4296
2963.13	84.8519
2965.06	85.5577
2966.99	86.6173
2968.92	87.8607
2970.85	88.9735
2972.78	89.7591
2974.71	90.2585
2976.64	90.7023
2978.57	91.2624
2980.5	91.863
2982.43	92.3828
2984.35	92.8237
2986.28	93.1681
2988.21	93.422
2990.14	93.7142
2992.07	94.035
2994	94.2303
2995.93	94.373
2997.86	94.6412
2999.79	94.9457
3001.72	95.1227
3003.65	95.2225
3005.57	95.3934
3007.5	95.7089
3009.43	96.0867
3011.36	96.3239
3013.29	96.3363
3015.22	96.234
3017.15	96.1241
3019.08	96.087
3021.01	96.2269
3022.94	96.5053
3024.87	96.7154
3026.79	96.7387
3028.72	96.6623
3030.65	96.649
3032.58	96.7716
3034.51	96.9291
3036.44	96.9541
3038.37	96.8286
3040.3	96.7309
3042.23	96.8087
3044.16	96.9283
3046.09	96.8718
3048.02	96.8007
3049.94	97.0249
3051.87	97.3459
3053.8	97.3794
3055.73	97.2728
3057.66	97.2919
3059.59	97.2916
3061.52	97.2043
3063.45	97.2189
3065.38	97.2683
3067.31	97.1809
3069.24	97.0952
3071.16	97.1188
3073.09	97.1415
3075.02	97.1869
3076.95	97.291
3078.88	97.225
3080.81	96.9322
3082.74	96.7975
3084.67	97.0503
3086.6	97.4143
3088.53	97.5679
3090.46	97.5058
3092.39	97.3477
3094.31	97.1489
3096.24	96.9509
3098.17	96.8037
3100.1	96.7319
3102.03	96.7343
3103.96	96.7759
3105.89	96.8329
3107.82	96.934
3109.75	97.0606
3111.68	97.1019
3113.61	97.0087
3115.53	96.8651
3117.46	96.7758
3119.39	96.7729
3121.32	96.7925
3123.25	96.7708
3125.18	96.7864
3127.11	96.9161
3129.04	97.0389
3130.97	97.085
3132.9	97.1861
3134.83	97.2916
3136.75	97.1405
3138.68	96.8076
3140.61	96.6385
3142.54	96.6927
3144.47	96.8249
3146.4	97.0421
3148.33	97.3077
3150.26	97.4004
3152.19	97.2503
3154.12	97.0089
3156.05	96.8114
3157.98	96.746
3159.9	96.8134
3161.83	96.8628
3163.76	96.8533
3165.69	96.9362
3167.62	97.0722
3169.55	97.0437
3171.48	96.9093
3173.41	96.8798
3175.34	96.8827
3177.27	96.7857
3179.2	96.7572
3181.12	96.9506
3183.05	97.1666
3184.98	97.1527
3186.91	96.9333
3188.84	96.6682
3190.77	96.4778
3192.7	96.4755
3194.63	96.6752
3196.56	96.8838
3198.49	96.9119
3200.42	96.8017
3202.35	96.7293
3204.27	96.811
3206.2	96.976
3208.13	96.984
3210.06	96.7835
3211.99	96.679
3213.92	96.8001
3215.85	96.852
3217.78	96.7096
3219.71	96.596
3221.64	96.5324
3223.57	96.3774
3225.49	96.2625
3227.42	96.3026
3229.35	96.3132
3231.28	96.2575
3233.21	96.3422
3235.14	96.5098
3237.07	96.5086
3239	96.3835
3240.93	96.3439
3242.86	96.3512
3244.79	96.2468
3246.72	96.0719
3248.64	95.9743
3250.57	95.952
3252.5	95.9368
3254.43	95.9888
3256.36	96.1242
3258.29	96.1558
3260.22	96.0181
3262.15	95.9141
3264.08	95.9118
3266.01	95.8696
3267.94	95.8097
3269.86	95.8454
3271.79	95.878
3273.72	95.7998
3275.65	95.7467
3277.58	95.879
3279.51	96.1218
3281.44	96.2316
3283.37	96.0816
3285.3	95.8721
3287.23	95.8509
3289.16	95.8901
3291.08	95.7535
3293.01	95.5889
3294.94	95.6283
3296.87	95.7052
3298.8	95.5704
3300.73	95.3487
3302.66	95.2821
3304.59	95.3224
3306.52	95.2848
3308.45	95.1797
3310.38	95.1515
3312.31	95.211
3314.23	95.2412
3316.16	95.1985
3318.09	95.1238
3320.02	95.0303
3321.95	94.9199
3323.88	94.8333
3325.81	94.828
3327.74	94.9495
3329.67	95.1597
3331.6	95.2977
3333.53	95.2491
3335.45	95.1051
3337.38	95.021
3339.31	95.004
3341.24	94.9514
3343.17	94.8479
3345.1	94.8171
3347.03	94.8793
3348.96	94.8183
3350.89	94.5724
3352.82	94.4548
3354.75	94.6278
3356.68	94.8207
3358.6	94.8508
3360.53	94.8553
3362.46	94.8818
3364.39	94.8245
3366.32	94.7057
3368.25	94.6327
3370.18	94.6445
3372.11	94.7109
3374.04	94.7435
3375.97	94.7229
3377.9	94.7624
3379.82	94.8515
3381.75	94.8248
3383.68	94.6897
3385.61	94.5984
3387.54	94.5747
3389.47	94.579
3391.4	94.6119
3393.33	94.6359
3395.26	94.6339
3397.19	94.6506
3399.12	94.6568
3401.04	94.5921
3402.97	94.5103
3404.9	94.4813
3406.83	94.4783
3408.76	94.4626
3410.69	94.4422
3412.62	94.4441
3414.55	94.4884
3416.48	94.5511
3418.41	94.5758
3420.34	94.5306
3422.27	94.4345
3424.19	94.3952
3426.12	94.5166
3428.05	94.6712
3429.98	94.6565
3431.91	94.5751
3433.84	94.6151
3435.77	94.6787
3437.7	94.6497
3439.63	94.5808
3441.56	94.476
3443.49	94.4035
3445.41	94.5542
3447.34	94.8377
3449.27	94.9523
3451.2	94.9023
3453.13	94.8335
3455.06	94.7235
3456.99	94.6103
3458.92	94.6225
3460.85	94.7508
3462.78	94.9141
3464.71	95.0157
3466.64	94.9299
3468.56	94.7179
3470.49	94.6116
3472.42	94.6712
3474.35	94.7821
3476.28	94.8687
3478.21	94.8794
3480.14	94.7925
3482.07	94.699
3484	94.683
3485.93	94.7273
3487.86	94.8266
3489.78	94.9756
3491.71	95.0985
3493.64	95.1714
3495.57	95.225
3497.5	95.1523
3499.43	94.8531
3501.36	94.5718
3503.29	94.6319
3505.22	94.8132
3507.15	94.7167
3509.08	94.5687
3511	94.7494
3512.93	94.9724
3514.86	94.8481
3516.79	94.6098
3518.72	94.5527
3520.65	94.5604
3522.58	94.5804
3524.51	94.7792
3526.44	95.086
3528.37	95.2397
3530.3	95.1454
3532.23	94.8577
3534.15	94.522
3536.08	94.3724
3538.01	94.5028
3539.94	94.7175
3541.87	94.8234
3543.8	94.845
3545.73	94.89
3547.66	94.945
3549.59	94.9192
3551.52	94.8902
3553.45	94.979
3555.37	94.9947
3557.3	94.7488
3559.23	94.5503
3561.16	94.7327
3563.09	94.9891
3565.02	94.95
3566.95	94.8961
3568.88	95.1353
3570.81	95.321
3572.74	95.3191
3574.67	95.3866
3576.6	95.5927
3578.52	95.7309
3580.45	95.7074
3582.38	95.6034
3584.31	95.524
3586.24	95.6009
3588.17	95.8807
3590.1	96.0895
3592.03	96.0897
3593.96	96.1269
3595.89	96.4727
3597.82	97.0038
3599.74	97.3004
3601.67	97.1193
3603.6	96.711
3605.53	96.5158
3607.46	96.661
3609.39	96.951
3611.32	97.1947
3613.25	97.387
3615.18	97.4908
3617.11	97.4398
3619.04	97.2985
3620.97	97.1972
3622.89	97.1462
3624.82	97.0484
3626.75	96.8601
3628.68	96.7268
3630.61	96.8784
3632.54	97.1519
3634.47	97.3198
3636.4	97.3217
3638.33	97.1798
3640.26	97.0254
3642.19	97.0736
3644.11	97.3516
3646.04	97.5554
3647.97	97.4907
3649.9	97.5831
3651.83	98.0545
3653.76	98.3773
3655.69	98.4135
3657.62	98.3753
3659.55	98.3123
3661.48	98.0631
3663.41	97.6995
3665.33	97.4822
3667.26	97.4714
3669.19	97.5658
3671.12	97.6248
3673.05	97.6209
3674.98	97.8112
3676.91	98.2555
3678.84	98.4293
3680.77	98.2581
3682.7	98.0552
3684.63	97.902
3686.56	97.7295
3688.48	97.643
3690.41	97.7631
3692.34	97.9241
3694.27	98.0839
3696.2	98.2716
3698.13	98.3776
3700.06	98.354
3701.99	98.2056
3703.92	97.9496
3705.85	97.8246
3707.78	98.0094
3709.7	98.2628
3711.63	98.2309
3713.56	98.1547
3715.49	98.2636
3717.42	98.2738
3719.35	98.0064
3721.28	97.7326
3723.21	97.8328
3725.14	98.1958
3727.07	98.3498
3729	98.1805
3730.93	98.0075
3732.85	98.0515
3734.78	98.1479
3736.71	97.9435
3738.64	97.577
3740.57	97.4331
3742.5	97.6665
3744.43	98.0933
3746.36	98.1731
3748.29	97.997
3750.22	97.9377
3752.15	97.8994
3754.07	97.7305
3756	97.6205
3757.93	97.6784
3759.86	97.8129
3761.79	97.8685
3763.72	97.8128
3765.65	97.6778
3767.58	97.5399
3769.51	97.4899
3771.44	97.5415
3773.37	97.6733
3775.29	97.8598
3777.22	97.9833
3779.15	97.8715
3781.08	97.6272
3783.01	97.5411
3784.94	97.6179
3786.87	97.678
3788.8	97.6724
3790.73	97.6544
3792.66	97.6585
3794.59	97.7563
3796.52	97.983
3798.44	98.1981
3800.37	98.2342
3802.3	98.0643
3804.23	97.8266
3806.16	97.6612
3808.09	97.626
3810.02	97.6894
3811.95	97.8125
3813.88	98.0309
3815.81	98.2284
3817.74	98.1097
3819.66	97.7452
3821.59	97.5321
3823.52	97.6431
3825.45	97.7915
3827.38	97.7596
3829.31	97.6195
3831.24	97.5689
3833.17	97.6347
3835.1	97.6519
3837.03	97.5762
3838.96	97.5948
3840.89	97.7432
3842.81	97.7884
3844.74	97.6454
3846.67	97.4587
3848.6	97.3891
3850.53	97.4918
3852.46	97.7484
3854.39	97.9483
3856.32	97.9289
3858.25	97.8285
3860.18	97.664
3862.11	97.429
3864.03	97.32
3865.96	97.5036
3867.89	97.8108
3869.82	97.9719
3871.75	97.8959
3873.68	97.7325
3875.61	97.6184
3877.54	97.5653
3879.47	97.6221
3881.4	97.8062
3883.33	97.9019
3885.25	97.7752
3887.18	97.6791
3889.11	97.7712
3891.04	97.8496
3892.97	97.8214
3894.9	97.8236
3896.83	97.8414
3898.76	97.7988
3900.69	97.7485
3902.62	97.6356
3904.55	97.3974
3906.48	97.3231
3908.4	97.509
3910.33	97.6513
3912.26	97.5874
3914.19	97.4961
3916.12	97.5685
3918.05	97.7612
3919.98	97.8674
3921.91	97.7539
3923.84	97.4971
3925.77	97.3259
3927.7	97.3593
3929.62	97.4851
3931.55	97.599
3933.48	97.7045
3935.41	97.7763
3937.34	97.7252
3939.27	97.5812
3941.2	97.5573
3943.13	97.7567
3945.06	97.9256
3946.99	97.8428
3948.92	97.675
3950.85	97.6525
3952.77	97.6861
3954.7	97.6164
3956.63	97.5203
3958.56	97.5015
3960.49	97.4917
3962.42	97.461
3964.35	97.5087
3966.28	97.6046
3968.21	97.5963
3970.14	97.5062
3972.07	97.4887
3973.99	97.5268
3975.92	97.5007
3977.85	97.4502
3979.78	97.4681
3981.71	97.5022
3983.64	97.4863
3985.57	97.4601
3987.5	97.4444
3989.43	97.4237
3991.36	97.4485
3993.29	97.5385
3995.22	97.5991
3997.14	97.5802
