499.643	83.797
501.572	85.1571
503.501	86.6436
505.43	86.6454
507.36	85.5946
509.289	84.5876
511.218	83.7809
513.147	83.2857
515.076	83.3282
517.005	83.4194
518.934	83.1039
520.863	82.8886
522.792	83.2576
524.722	84.0324
526.651	84.7542
528.58	85.0609
530.509	85.0297
532.438	85.0275
534.367	85.2811
536.296	85.8349
538.225	86.5909
540.155	87.1295
542.084	87.1029
544.013	86.8023
545.942	86.6647
547.871	86.6712
549.8	86.6981
551.729	86.8492
553.658	87.1689
555.588	87.4872
557.517	87.6162
559.446	87.5671
561.375	87.5396
563.304	87.6385
565.233	87.745
567.162	87.7481
569.091	87.6434
571.021	87.497
572.95	87.5059
574.879	87.7708
576.808	88.0521
578.737	88.1709
580.666	88.2647
582.595	88.3489
584.524	88.2878
586.454	88.0995
588.383	87.769
590.312	87.2539
592.241	86.8229
594.17	86.6993
596.099	86.6929
598.028	86.7105
599.957	86.8278
601.887	86.861
603.816	86.7734
605.745	86.995
607.674	87.6175
609.603	88.1394
611.532	88.4009
613.461	88.7304
615.39	89.1019
617.32	89.1476
619.249	88.9347
621.178	88.9017
623.107	89.1194
625.036	89.2804
626.965	89.2466
628.894	89.1753
630.823	89.1333
632.753	89.0131
634.682	88.759
636.611	88.406
638.54	88.0054
640.469	87.565
642.398	86.9825
644.327	86.1972
646.256	85.3582
648.186	84.6613
650.115	84.1911
652.044	83.9655
653.973	84.029
655.902	84.3624
657.831	84.8282
659.76	85.4265
661.689	86.15
663.619	86.7848
665.548	87.4533
667.477	88.6395
669.406	89.8211
671.335	90.1292
673.264	90.3641
675.193	90.8673
677.122	91.2958
679.052	91.5051
680.981	91.6713
682.91	91.757
684.839	91.7378
686.768	91.7624
688.697	91.8298
690.626	91.8222
692.555	91.7476
694.485	91.6684
696.414	91.5998
698.343	91.5668
700.272	91.5984
702.201	91.6495
704.13	91.629
706.059	91.5247
707.988	91.4243
709.917	91.3795
711.847	91.3464
713.776	91.314
715.705	91.3691
717.634	91.5271
719.563	91.6197
721.492	91.5165
723.421	91.3484
725.35	91.2545
727.28	91.145
729.209	90.9086
731.138	90.5969
733.067	90.2749
734.996	89.9439
736.925	89.6489
738.854	89.4777
740.783	89.464
742.713	89.5446
744.642	89.6058
746.571	89.6043
748.5	89.6238
750.429	89.767
752.358	90.0368
754.287	90.3256
756.216	90.4906
758.146	90.4965
760.075	90.4365
762.004	90.344
763.933	90.133
765.862	89.7767
767.791	89.3388
769.72	88.8067
771.649	88.0562
773.579	86.9396
775.508	85.2936
777.437	82.8976
779.366	79.5452
781.295	75.3092
783.224	70.8241
785.153	67.1898
787.082	65.4398
789.012	66.0865
790.941	69.0295
792.87	73.5181
794.799	78.2266
796.728	81.8857
798.657	84.0273
800.586	84.9155
802.515	84.9112
804.445	84.1798
806.374	82.7691
808.303	80.7032
810.232	78.2253
812.161	76.0417
814.09	75.0042
816.019	75.4562
817.948	77.0436
819.878	79.0997
821.807	81.0789
823.736	82.7049
825.665	83.9045
827.594	84.704
829.523	85.1566
831.452	85.3079
833.381	85.2062
835.311	84.9003
837.24	84.3789
839.169	83.5657
841.098	82.4463
843.027	81.1777
844.956	80.0103
846.885	79.092
848.814	78.3645
850.744	77.6416
852.673	76.79
854.602	75.8307
856.531	74.8695
858.46	74.0012
860.389	73.3207
862.318	72.9368
864.247	72.8969
866.177	73.1552
868.106	73.6305
870.035	74.2152
871.964	74.75
873.893	75.0997
875.822	75.229
877.751	75.1767
879.68	75.0576
881.609	75.0604
883.539	75.3079
885.468	75.7638
887.397	76.3247
889.326	76.8949
891.255	77.3763
893.184	77.697
895.113	77.8527
897.042	77.9077
898.972	77.9871
900.901	78.2264
902.83	78.7101
904.759	79.4874
906.688	80.5683
908.617	81.8428
910.546	83.075
912.475	84.0022
914.405	84.4466
916.334	84.401
918.263	83.9787
920.192	83.2477
922.121	82.2085
924.05	80.8974
925.979	79.3627
927.908	77.5914
929.838	75.564
931.767	73.3264
933.696	70.9901
935.625	68.7379
937.554	66.8097
939.483	65.4043
941.412	64.5671
943.341	64.1942
945.271	64.1557
947.2	64.3903
949.129	64.8959
951.058	65.6958
952.987	66.7972
954.916	68.1273
956.845	69.5599
958.774	71.0137
960.704	72.4581
962.633	73.8727
964.562	75.2496
966.491	76.5592
968.42	77.7295
970.349	78.7126
972.278	79.4894
974.207	80.0225
976.137	80.3049
978.066	80.3701
979.995	80.2143
981.924	79.8364
983.853	79.3009
985.782	78.6598
987.711	77.9634
989.64	77.3634
991.57	76.9777
993.499	76.6811
995.428	76.207
997.357	75.368
999.286	74.1142
1001.22	72.5481
1003.14	70.917
1005.07	69.4643
1007	68.312
1008.93	67.5051
1010.86	67.0144
1012.79	66.6458
1014.72	66.0792
1016.65	65.069
1018.58	63.5727
1020.51	61.7051
1022.44	59.6612
1024.36	57.7306
1026.29	56.2957
1028.22	55.6456
1030.15	55.7521
1032.08	56.3264
1034.01	57.0973
1035.94	57.9527
1037.87	58.863
1039.8	59.8056
1041.73	60.7922
1043.66	61.887
1045.58	63.1507
1047.51	64.5802
1049.44	66.1017
1051.37	67.6001
1053.3	68.9827
1055.23	70.2447
1057.16	71.4422
1059.09	72.5941
1061.02	73.6196
1062.95	74.3281
1064.88	74.5057
1066.81	74.1616
1068.73	73.6631
1070.66	73.465
1072.59	73.7467
1074.52	74.4091
1076.45	75.2811
1078.38	76.2055
1080.31	77.0521
1082.24	77.7504
1084.17	78.26
1086.1	78.5129
1088.03	78.453
1089.95	78.1037
1091.88	77.5356
1093.81	76.8004
1095.74	75.9457
1097.67	75.0588
1099.6	74.2318
1101.53	73.483
1103.46	72.7411
1105.39	71.8972
1107.32	70.877
1109.25	69.7056
1111.18	68.4913
1113.1	67.3159
1115.03	66.175
1116.96	65.0381
1118.89	63.8798
1120.82	62.6315
1122.75	61.2214
1124.68	59.6799
1126.61	58.1024
1128.54	56.5224
1130.47	54.9233
1132.4	53.3255
1134.32	51.7647
1136.25	50.231
1138.18	48.695
1140.11	47.1698
1142.04	45.7225
1143.97	44.4263
1145.9	43.296
1147.83	42.2912
1149.76	41.3708
1151.69	40.5158
1153.62	39.7463
1155.55	39.1534
1157.47	38.8674
1159.4	38.9858
1161.33	39.5517
1163.26	40.5606
1165.19	41.9708
1167.12	43.7242
1169.05	45.7475
1170.98	47.9537
1172.91	50.2764
1174.84	52.6825
1176.77	55.1379
1178.69	57.5924
1180.62	59.9873
1182.55	62.2521
1184.48	64.3261
1186.41	66.2079
1188.34	67.9603
1190.27	69.6506
1192.2	71.2987
1194.13	72.8999
1196.06	74.4621
1197.99	75.9736
1199.91	77.3712
1201.84	78.5771
1203.77	79.5167
1205.7	80.1261
1207.63	80.3884
1209.56	80.32
1211.49	79.9981
1213.42	79.5747
1215.35	78.9315
1217.28	77.4889
1219.21	74.9737
1221.14	71.9795
1223.06	69.0829
1224.99	66.1386
1226.92	62.7765
1228.85	58.9351
1230.78	54.7852
1232.71	50.6589
1234.64	47.0185
1236.57	44.1746
1238.5	42.1235
1240.43	40.6778
1242.36	39.6102
1244.28	38.7192
1246.21	37.8787
1248.14	37.0441
1250.07	36.246
1252	35.5989
1253.93	35.2429
1255.86	35.2769
1257.79	35.7741
1259.72	36.7605
1261.65	38.1678
1263.58	39.9026
1265.51	41.8974
1267.43	44.0625
1269.36	46.3071
1271.29	48.5715
1273.22	50.7763
1275.15	52.8505
1277.08	54.8016
1279.01	56.6646
1280.94	58.4422
1282.87	60.129
1284.8	61.7188
1286.73	63.1578
1288.65	64.3367
1290.58	65.1647
1292.51	65.6284
1294.44	65.788
1296.37	65.8238
1298.3	66.0821
1300.23	66.9208
1302.16	68.468
1304.09	70.5835
1306.02	72.9757
1307.95	75.276
1309.87	77.1168
1311.8	78.2308
1313.73	78.4902
1315.66	77.921
1317.59	76.7248
1319.52	75.3975
1321.45	74.6717
1323.38	75.0295
1325.31	76.4681
1327.24	78.6044
1329.17	80.8775
1331.1	82.8653
1333.02	84.3399
1334.95	85.2666
1336.88	85.8441
1338.81	86.3204
1340.74	86.8482
1342.67	87.5376
1344.6	88.4416
1346.53	89.4636
1348.46	90.4069
1350.39	91.1013
1352.32	91.3843
1354.24	91.0856
1356.17	90.3432
1358.1	89.6987
1360.03	89.4884
1361.96	89.5123
1363.89	89.2886
1365.82	88.5085
1367.75	87.1269
1369.68	85.4338
1371.61	83.9307
1373.54	82.7625
1375.47	81.8636
1377.39	81.3137
1379.32	81.0799
1381.25	81.0057
1383.18	81.0275
1385.11	81.2641
1387.04	81.9225
1388.97	82.8171
1390.9	83.4164
1392.83	83.5406
1394.76	83.2371
1396.69	82.574
1398.61	81.6551
1400.54	80.775
1402.47	80.2668
1404.4	80.2183
1406.33	80.5714
1408.26	81.1806
1410.19	81.99
1412.12	83.018
1414.05	84.0765
1415.98	85.0719
1417.91	86.1582
1419.83	87.1903
1421.76	87.8305
1423.69	88.123
1425.62	88.173
1427.55	87.9429
1429.48	87.2371
1431.41	86.1281
1433.34	85.0084
1435.27	83.7287
1437.2	82.0064
1439.13	80.524
1441.06	79.6186
1442.98	78.9328
1444.91	78.3697
1446.84	77.9087
1448.77	77.3647
1450.7	76.8776
1452.63	76.8247
1454.56	77.293
1456.49	78.3699
1458.42	79.8247
1460.35	80.9901
1462.28	82.0918
1464.2	83.4817
1466.13	84.9567
1468.06	86.1588
1469.99	87.3249
1471.92	88.6111
1473.85	89.5942
1475.78	90.1426
1477.71	90.6472
1479.64	91.1725
1481.57	91.6928
1483.5	92.2228
1485.43	92.7315
1487.35	93.2345
1489.28	93.7601
1491.21	94.1984
1493.14	94.5497
1495.07	94.9298
1497	95.3231
1498.93	95.5943
1500.86	95.7438
1502.79	95.8675
1504.72	96.0347
1506.65	96.2815
1508.57	96.4089
1510.5	96.3875
1512.43	96.4153
1514.36	96.5352
1516.29	96.6649
1518.22	96.7254
1520.15	96.742
1522.08	96.7587
1524.01	96.7748
1525.94	96.775
1527.87	96.7669
1529.8	96.7739
1531.72	96.7864
1533.65	96.768
1535.58	96.7666
1537.51	96.8911
1539.44	97.146
1541.37	97.2189
1543.3	96.9756
1545.23	96.7595
1547.16	96.6789
1549.09	96.7063
1551.02	96.7546
1552.94	96.7653
1554.87	96.8258
1556.8	97.0172
1558.73	97.0924
1560.66	96.805
1562.59	96.5834
1564.52	96.5134
1566.45	96.5048
1568.38	96.4637
1570.31	96.3031
1572.24	96.1399
1574.16	96.1063
1576.09	96.1095
1578.02	95.9835
1579.95	95.8491
1581.88	95.8255
1583.81	95.8769
1585.74	95.9298
1587.67	95.9513
1589.6	95.9506
1591.53	95.9454
1593.46	95.9323
1595.39	95.8976
1597.31	95.8465
1599.24	95.7791
1601.17	95.6883
1603.1	95.5814
1605.03	95.4699
1606.96	95.3661
1608.89	95.2549
1610.82	95.1086
1612.75	94.9754
1614.68	94.8497
1616.61	94.5437
1618.53	94.0819
1620.46	93.6734
1622.39	93.1655
1624.32	92.4769
1626.25	91.7901
1628.18	90.9784
1630.11	90
1632.04	89.1916
1633.97	88.5497
1635.9	87.766
1637.83	87.3478
1639.76	88.0267
1641.68	89.4733
1643.61	91.072
1645.54	92.5688
1647.47	93.7853
1649.4	94.3969
1651.33	94.6498
1653.26	94.7904
1655.19	94.7374
1657.12	94.6494
1659.05	94.6408
1660.98	94.6369
1662.9	94.521
1664.83	94.3613
1666.76	94.2993
1668.69	94.2809
1670.62	94.1131
1672.55	93.8554
1674.48	93.5644
1676.41	93.1029
1678.34	92.6837
1680.27	92.4769
1682.2	92.1745
1684.12	91.5088
1686.05	90.8273
1687.98	90.1509
1689.91	89.2954
1691.84	88.2915
1693.77	86.9897
1695.7	85.3265
1697.63	83.4429
1699.56	80.8937
1701.49	77.7567
1703.42	74.9184
1705.35	71.9287
1707.27	68.2963
1709.2	64.8537
1711.13	62.0169
1713.06	59.4319
1714.99	57.3057
1716.92	55.8662
1718.85	54.8628
1720.78	54.827
1722.71	56.0148
1724.64	58.0074
1726.57	60.4892
1728.49	63.2208
1730.42	65.8209
1732.35	67.9087
1734.28	69.0625
1736.21	69.1147
1738.14	68.1869
1740.07	66.2842
1742	63.9647
1743.93	62.3001
1745.86	61.4572
1747.79	61.345
1749.72	62.3411
1751.64	64.1181
1753.57	66.1611
1755.5	68.827
1757.43	72.1367
1759.36	75.588
1761.29	79.1159
1763.22	82.5621
1765.15	85.3836
1767.08	87.6787
1769.01	89.7993
1770.94	91.6206
1772.86	93.0129
1774.79	94.0635
1776.72	94.7358
1778.65	95.1991
1780.58	95.7094
1782.51	96.1544
1784.44	96.4114
1786.37	96.6444
1788.3	96.9028
1790.23	97.1102
1792.16	97.2065
1794.08	97.1352
1796.01	97.058
1797.94	97.1253
1799.87	97.2228
1801.8	97.2166
1803.73	97.1875
1805.66	97.1789
1807.59	97.168
1809.52	97.1859
1811.45	97.2303
1813.38	97.282
1815.31	97.356
1817.23	97.4164
1819.16	97.4394
1821.09	97.4743
1823.02	97.5331
1824.95	97.6057
1826.88	97.6939
1828.81	97.7608
1830.74	97.8053
1832.67	97.8717
1834.6	97.9429
1836.53	97.9933
1838.45	98.0119
1840.38	97.9842
1842.31	97.9584
1844.24	98.0044
1846.17	98.0533
1848.1	98.0228
1850.03	98.0044
1851.96	98.1141
1853.89	98.2882
1855.82	98.2987
1857.75	98.1005
1859.68	97.9669
1861.6	98.0673
1863.53	98.2508
1865.46	98.38
1867.39	98.4517
1869.32	98.4808
1871.25	98.5215
1873.18	98.5476
1875.11	98.4737
1877.04	98.3972
1878.97	98.4662
1880.9	98.594
1882.82	98.6637
1884.75	98.6929
1886.68	98.6754
1888.61	98.6078
1890.54	98.5971
1892.47	98.6964
1894.4	98.8099
1896.33	98.8407
1898.26	98.8052
1900.19	98.7889
1902.12	98.7954
1904.05	98.7751
1905.97	98.7767
1907.9	98.8765
1909.83	99.0105
1911.76	99.0413
1913.69	98.985
1915.62	99.011
1917.55	99.1549
1919.48	99.1765
1921.41	99.0385
1923.34	99.0875
1925.27	99.3771
1927.19	99.5111
1929.12	99.4042
1931.05	99.3537
1932.98	99.4213
1934.91	99.4247
1936.84	99.3525
1938.77	99.3501
1940.7	99.5243
1942.63	99.8319
1944.56	99.9806
1946.49	99.7901
1948.41	99.5632
1950.34	99.6616
1952.27	99.971
1954.2	100.136
1956.13	100.061
1958.06	99.8387
1959.99	99.5842
1961.92	99.5241
1963.85	99.7769
1965.78	100.093
1967.71	100.184
1969.64	100.128
1971.56	100.162
1973.49	100.286
1975.42	100.328
1977.35	100.23
1979.28	100.11
1981.21	100.065
1983.14	100.101
1985.07	100.164
1987	100.141
1988.93	100.039
1990.86	100.058
1992.78	100.201
1994.71	100.185
1996.64	100.008
1998.57	99.959
2000.5	100.063
2002.43	100.112
2004.36	100.144
2006.29	100.313
2008.22	100.494
2010.15	100.508
2012.08	100.491
2014.01	100.588
2015.93	100.66
2017.86	100.609
2019.79	100.544
2021.72	100.485
2023.65	100.394
2025.58	100.371
2027.51	100.463
2029.44	100.587
2031.37	100.664
2033.3	100.608
2035.23	100.452
2037.15	100.432
2039.08	100.558
2041.01	100.564
2042.94	100.455
2044.87	100.463
2046.8	100.56
2048.73	100.588
2050.66	100.547
2052.59	100.441
2054.52	100.221
2056.45	99.9717
2058.37	99.8321
2060.3	99.7396
2062.23	99.5496
2064.16	99.4102
2066.09	99.5934
2068.02	99.9394
2069.95	100.062
2071.88	100.012
2073.81	100.038
2075.74	100.013
2077.67	99.7675
2079.6	99.5359
2081.52	99.5313
2083.45	99.615
2085.38	99.661
2087.31	99.6947
2089.24	99.6529
2091.17	99.5144
2093.1	99.4583
2095.03	99.521
2096.96	99.5145
2098.89	99.4422
2100.82	99.438
2102.74	99.4301
2104.67	99.3867
2106.6	99.4499
2108.53	99.5418
2110.46	99.4777
2112.39	99.4316
2114.32	99.5976
2116.25	99.7339
2118.18	99.6372
2120.11	99.5459
2122.04	99.6457
2123.97	99.7379
2125.89	99.6925
2127.82	99.6982
2129.75	99.8201
2131.68	99.8137
2133.61	99.6173
2135.54	99.5501
2137.47	99.7701
2139.4	100.036
2141.33	100.185
2143.26	100.287
2145.19	100.287
2147.11	100.089
2149.04	99.9269
2150.97	100.083
2152.9	100.391
2154.83	100.518
2156.76	100.471
2158.69	100.428
2160.62	100.37
2162.55	100.235
2164.48	100.14
2166.41	100.16
2168.33	100.144
2170.26	99.9712
2172.19	99.8155
2174.12	99.8924
2176.05	100.072
2177.98	100.066
2179.91	99.9021
2181.84	99.8464
2183.77	99.9836
2185.7	100.147
2187.63	100.187
2189.56	100.12
2191.48	100.07
2193.41	100.079
2195.34	99.9951
2197.27	99.7622
2199.2	99.6603
2201.13	99.8816
2203.06	100.13
2204.99	100.082
2206.92	99.8845
2208.85	99.8074
2210.78	99.8284
2212.7	99.814
2214.63	99.769
2216.56	99.7651
2218.49	99.8005
2220.42	99.8403
2222.35	99.8964
2224.28	99.8989
2226.21	99.7233
2228.14	99.5674
2230.07	99.7623
2232	100.092
2233.93	100.118
2235.85	99.977
2237.78	99.9537
2239.71	99.8849
2241.64	99.7211
2243.57	99.7271
2245.5	99.8742
2247.43	99.9394
2249.36	99.9653
2251.29	99.9898
2253.22	99.8753
2255.15	99.6783
2257.07	99.609
2259	99.6642
2260.93	99.7121
2262.86	99.7447
2264.79	99.8094
2266.72	99.8565
2268.65	99.7986
2270.58	99.6516
2272.51	99.5132
2274.44	99.4324
2276.37	99.3944
2278.29	99.4096
2280.22	99.501
2282.15	99.6036
2284.08	99.5986
2286.01	99.4941
2287.94	99.4455
2289.87	99.5397
2291.8	99.6973
2293.73	99.8166
2295.66	99.8792
2297.59	99.9358
2299.52	100.056
2301.44	100.218
2303.37	100.33
2305.3	100.43
2307.23	100.657
2309.16	101.003
2311.09	101.338
2313.02	101.599
2314.95	101.761
2316.88	101.91
2318.81	102.321
2320.74	103.041
2322.66	103.599
2324.59	103.698
2326.52	103.659
2328.45	103.785
2330.38	104.015
2332.31	104.226
2334.24	104.494
2336.17	104.876
2338.1	105.225
2340.03	105.465
2341.96	105.662
2343.89	105.405
2345.81	104.366
2347.74	103.432
2349.67	103.315
2351.6	104.024
2353.53	105.226
2355.46	106.392
2357.39	107.335
2359.32	107.934
2361.25	107.925
2363.18	107.473
2365.11	106.722
2367.03	105.713
2368.96	104.742
2370.89	103.923
2372.82	103.006
2374.75	101.897
2376.68	100.853
2378.61	100.09
2380.54	99.5546
2382.47	99.1228
2384.4	98.7506
2386.33	98.4401
2388.26	98.2242
2390.18	98.1259
2392.11	98.087
2394.04	98.0496
2395.97	98.0399
2397.9	98.0612
2399.83	98.0601
2401.76	98.0385
2403.69	98.0361
2405.62	98.0474
2407.55	98.0531
2409.48	98.0615
2411.4	98.0931
2413.33	98.1396
2415.26	98.1482
2417.19	98.1097
2419.12	98.1044
2421.05	98.1751
2422.98	98.2767
2424.91	98.352
2426.84	98.3214
2428.77	98.1423
2430.7	97.9548
2432.62	97.9382
2434.55	98.0705
2436.48	98.2313
2438.41	98.3818
2440.34	98.5106
2442.27	98.5566
2444.2	98.4642
2446.13	98.3002
2448.06	98.2473
2449.99	98.3392
2451.92	98.3665
2453.85	98.2637
2455.77	98.2597
2457.7	98.4331
2459.63	98.5713
2461.56	98.5753
2463.49	98.5602
2465.42	98.5837
2467.35	98.6194
2469.28	98.6647
2471.21	98.7094
2473.14	98.7496
2475.07	98.8175
2476.99	98.8964
2478.92	98.9249
2480.85	98.9008
2482.78	98.8728
2484.71	98.8815
2486.64	98.9103
2488.57	98.8569
2490.5	98.6968
2492.43	98.6145
2494.36	98.6999
2496.29	98.7284
2498.22	98.5625
2500.14	98.4344
2502.07	98.5366
2504	98.725
2505.93	98.8192
2507.86	98.841
2509.79	98.8626
2511.72	98.887
2513.65	98.8909
2515.58	98.8333
2517.51	98.6948
2519.44	98.5682
2521.36	98.5599
2523.29	98.6001
2525.22	98.5553
2527.15	98.4809
2529.08	98.5193
2531.01	98.645
2532.94	98.7284
2534.87	98.7154
2536.8	98.6328
2538.73	98.5651
2540.66	98.5827
2542.58	98.593
2544.51	98.4898
2546.44	98.4257
2548.37	98.5555
2550.3	98.6856
2552.23	98.5968
2554.16	98.4205
2556.09	98.3811
2558.02	98.5164
2559.95	98.7258
2561.88	98.8228
2563.81	98.7011
2565.73	98.5369
2567.66	98.5169
2569.59	98.5232
2571.52	98.4234
2573.45	98.3593
2575.38	98.4588
2577.31	98.5725
2579.24	98.5121
2581.17	98.3672
2583.1	98.3752
2585.03	98.5273
2586.95	98.5895
2588.88	98.5059
2590.81	98.3976
2592.74	98.2603
2594.67	98.0817
2596.6	98.005
2598.53	98.067
2600.46	98.1174
2602.39	98.1026
2604.32	98.1052
2606.25	98.1476
2608.18	98.1499
2610.1	98.0347
2612.03	97.8623
2613.96	97.7919
2615.89	97.8293
2617.82	97.8336
2619.75	97.7921
2621.68	97.7782
2623.61	97.7668
2625.54	97.7442
2627.47	97.7427
2629.4	97.71
2631.32	97.6374
2633.25	97.635
2635.18	97.6656
2637.11	97.5683
2639.04	97.411
2640.97	97.4047
2642.9	97.5262
2644.83	97.57
2646.76	97.4756
2648.69	97.3765
2650.62	97.3784
2652.54	97.4192
2654.47	97.3862
2656.4	97.296
2658.33	97.2386
2660.26	97.2129
2662.19	97.1712
2664.12	97.1433
2666.05	97.1761
2667.98	97.2253
2669.91	97.2092
2671.84	97.1305
2673.77	97.0866
2675.69	97.1361
2677.62	97.1965
2679.55	97.1759
2681.48	97.1358
2683.41	97.1555
2685.34	97.1648
2687.27	97.1142
2689.2	97.1056
2691.13	97.1733
2693.06	97.1975
2694.99	97.1379
2696.91	97.0742
2698.84	97.0221
2700.77	96.9585
2702.7	96.9278
2704.63	96.9412
2706.56	96.9317
2708.49	96.8962
2710.42	96.8966
2712.35	96.9173
2714.28	96.9093
2716.21	96.9163
2718.14	96.9719
2720.06	96.9825
2721.99	96.8878
2723.92	96.7741
2725.85	96.7039
2727.78	96.6527
2729.71	96.651
2731.64	96.7218
2733.57	96.7556
2735.5	96.6949
2737.43	96.6441
2739.36	96.636
2741.28	96.5763
2743.21	96.4786
2745.14	96.4618
2747.07	96.5237
2749	96.5526
2750.93	96.5297
2752.86	96.5457
2754.79	96.6195
2756.72	96.6516
2758.65	96.5957
2760.58	96.5197
2762.51	96.4638
2764.43	96.4068
2766.36	96.3709
2768.29	96.4008
2770.22	96.4676
2772.15	96.4912
2774.08	96.4305
2776.01	96.3218
2777.94	96.2312
2779.87	96.186
2781.8	96.185
2783.73	96.2127
2785.65	96.204
2787.58	96.1225
2789.51	96.0586
2791.44	96.0761
2793.37	96.0788
2795.3	96.0176
2797.23	96.0207
2799.16	96.1404
2801.09	96.2174
2803.02	96.1395
2804.95	96.0193
2806.87	95.9924
2808.8	96.0031
2810.73	95.9201
2812.66	95.7589
2814.59	95.6275
2816.52	95.526
2818.45	95.4048
2820.38	95.3238
2822.31	95.3248
2824.24	95.2889
2826.17	95.1335
2828.1	94.9509
2830.02	94.8134
2831.95	94.6804
2833.88	94.5345
2835.81	94.384
2837.74	94.1785
2839.67	93.8901
2841.6	93.5957
2843.53	93.3763
2845.46	93.2165
2847.39	93.0701
2849.32	92.9355
2851.24	92.7528
2853.17	92.3611
2855.1	91.7387
2857.03	91.0996
2858.96	90.5967
2860.89	90.1656
2862.82	89.7446
2864.75	89.3841
2866.68	89.1162
2868.61	88.8934
2870.54	88.6426
2872.47	88.3633
2874.39	88.1814
2876.32	88.2144
2878.25	88.4351
2880.18	88.7624
2882.11	89.1529
2884.04	89.5251
2885.97	89.746
2887.9	89.7626
2889.83	89.6831
2891.76	89.6625
2893.69	89.7008
2895.61	89.6915
2897.54	89.6696
2899.47	89.7608
2901.4	89.9151
2903.33	89.9745
2905.26	89.921
2907.19	89.8353
2909.12	89.7379
2911.05	89.5916
2912.98	89.3738
2914.91	89.116
2916.83	88.8778
2918.76	88.6621
2920.69	88.4195
2922.62	88.1197
2924.55	87.7289
2926.48	87.2286
2928.41	86.7507
2930.34	86.5028
2932.27	86.4984
2934.2	86.5755
2936.13	86.6759
2938.06	86.8787
2939.98	87.1959
2941.91	87.5124
2943.84	87.6672
2945.77	87.5585
2947.7	87.2517
2949.63	86.8853
2951.56	86.4187
2953.49	85.7221
2955.42	84.9322
2957.35	84.412
2959.28	84.3418
2961.2	84.6099
2963.13	85.1156
2965.06	85.9382
2966.99	87.1171
2968.92	88.4139
2970.85	89.4398
2972.78	90.0265
2974.71	90.3918
2976.64	90.8584
2978.57	91.4653
2980.5	92.0353
2982.43	92.5553
2984.35	93.0866
2986.28	93.444
2988.21	93.5257
2990.14	93.6299
2992.07	93.9337
2994	94.2156
2995.93	94.3799
2997.86	94.6081
2999.79	94.9348
3001.72	95.2162
3003.65	95.4269
3005.57	95.6825
3007.5	96.0237
3009.43	96.3105
3011.36	96.4341
3013.29	96.5183
3015.22	96.6552
3017.15	96.6966
3019.08	96.6186
3021.01	96.6805
3022.94	96.9742
3024.87	97.2589
3026.79	97.3434
3028.72	97.2939
3030.65	97.2572
3032.58	97.2906
3034.51	97.3408
3036.44	97.3042
3038.37	97.1676
3040.3	97.1152
3042.23	97.2762
3044.16	97.3713
3046.09	97.1167
3048.02	96.8935
3049.94	97.1954
3051.87	97.666
3053.8	97.684
3055.73	97.4139
3057.66	97.3257
3059.59	97.3736
3061.52	97.336
3063.45	97.2678
3065.38	97.2549
3067.31	97.2544
3069.24	97.2403
3071.16	97.2185
3073.09	97.1929
3075.02	97.1926
3076.95	97.2121
3078.88	97.1814
3080.81	97.0798
3082.74	97.0022
3084.67	97.0781
3086.6	97.3432
3088.53	97.6644
3090.46	97.8477
3092.39	97.8306
3094.31	97.6382
3096.24	97.282
3098.17	96.904
3100.1	96.7655
3102.03	96.8757
3103.96	96.9534
3105.89	96.9148
3107.82	96.9653
3109.75	97.1188
3111.68	97.1098
3113.61	96.8729
3115.53	96.7121
3117.46	96.8424
3119.39	97.0519
3121.32	97.0439
3123.25	96.9167
3125.18	96.9453
3127.11	97.076
3129.04	97.1069
3130.97	97.1254
3132.9	97.2627
3134.83	97.3388
3136.75	97.1994
3138.68	97.0006
3140.61	96.8551
3142.54	96.7111
3144.47	96.6648
3146.4	96.8456
3148.33	97.0982
3150.26	97.2401
3152.19	97.3205
3154.12	97.3389
3156.05	97.1918
3157.98	96.9845
3159.9	96.9256
3161.83	97.0138
3163.76	97.1301
3165.69	97.1884
3167.62	97.1077
3169.55	96.9213
3171.48	96.8258
3173.41	96.9034
3175.34	96.9913
3177.27	96.9688
3179.2	96.9414
3181.12	97.0141
3183.05	97.0992
3184.98	97.0808
3186.91	96.9804
3188.84	96.8548
3190.77	96.7217
3192.7	96.639
3194.63	96.661
3196.56	96.7466
3198.49	96.8471
3200.42	96.9589
3202.35	97.0479
3204.27	97.0954
3206.2	97.1288
3208.13	97.074
3210.06	96.8466
3211.99	96.6305
3213.92	96.6357
3215.85	96.6909
3217.78	96.5974
3219.71	96.5595
3221.64	96.707
3223.57	96.7368
3225.49	96.53
3227.42	96.4164
3229.35	96.523
3231.28	96.6297
3233.21	96.6998
3235.14	96.8123
3237.07	96.8
3239	96.566
3240.93	96.3574
3242.86	96.3145
3244.79	96.267
3246.72	96.1676
3248.64	96.1543
3250.57	96.1607
3252.5	96.064
3254.43	96.0478
3256.36	96.2336
3258.29	96.3438
3260.22	96.2395
3262.15	96.1727
3264.08	96.205
3266.01	96.1401
3267.94	96.0362
3269.86	96.0532
3271.79	96.0782
3273.72	96.0186
3275.65	96.0042
3277.58	96.0749
3279.51	96.1237
3281.44	96.1105
3283.37	96.0439
3285.3	95.9521
3287.23	95.9133
3289.16	95.9107
3291.08	95.8193
3293.01	95.6555
3294.94	95.5727
3296.87	95.5773
3298.8	95.5291
3300.73	95.4072
3302.66	95.3469
3304.59	95.4087
3306.52	95.4957
3308.45	95.5288
3310.38	95.5406
3312.31	95.5543
3314.23	95.5262
3316.16	95.4402
3318.09	95.3296
3320.02	95.2093
3321.95	95.0757
3323.88	94.9607
3325.81	94.9513
3327.74	95.1081
3329.67	95.3277
3331.6	95.4063
3333.53	95.3018
3335.45	95.1647
3337.38	95.1017
3339.31	95.0865
3341.24	95.0687
3343.17	95.045
3345.1	95.0375
3347.03	94.9985
3348.96	94.8323
3350.89	94.6597
3352.82	94.7642
3354.75	95.0805
3356.68	95.2081
3358.6	95.052
3360.53	94.8641
3362.46	94.7221
3364.39	94.5874
3366.32	94.6055
3368.25	94.833
3370.18	95.0207
3372.11	94.9991
3374.04	94.9001
3375.97	94.8741
3377.9	94.9001
3379.82	94.89
3381.75	94.8137
3383.68	94.74
3385.61	94.7725
3387.54	94.9023
3389.47	94.9807
3391.4	94.9062
3393.33	94.7912
3395.26	94.8146
3397.19	94.915
3399.12	94.8737
3401.04	94.698
3402.97	94.601
3404.9	94.6349
3406.83	94.6709
3408.76	94.6617
3410.69	94.6512
3412.62	94.6564
3414.55	94.6997
3416.48	94.7921
3418.41	94.854
3420.34	94.8281
3422.27	94.82
3424.19	94.9402
3426.12	95.0803
3428.05	95.0406
3429.98	94.8241
3431.91	94.6427
3433.84	94.6181
3435.77	94.6694
3437.7	94.74
3439.63	94.887
3441.56	95.0763
3443.49	95.1495
3445.41	95.0841
3447.34	95.0666
3449.27	95.1919
3451.2	95.2779
3453.13	95.1555
3455.06	94.9079
3456.99	94.6904
3458.92	94.5638
3460.85	94.6255
3462.78	94.9214
3464.71	95.1496
3466.64	95.0265
3468.56	94.8737
3470.49	95.1039
3472.42	95.4053
3474.35	95.3077
3476.28	95.0716
3478.21	95.0625
3480.14	95.049
3482.07	94.9142
3484	94.9451
3485.93	95.0311
3487.86	94.8889
3489.78	94.8498
3491.71	95.21
3493.64	95.5143
3495.57	95.38
3497.5	95.12
3499.43	95.0786
3501.36	95.1799
3503.29	95.2693
3505.22	95.2607
3507.15	95.0943
3509.08	94.8989
3511	94.9395
3512.93	95.1537
3514.86	95.1795
3516.79	95.0081
3518.72	94.9733
3520.65	95.0727
3522.58	95.0375
3524.51	94.9829
3526.44	95.1444
3528.37	95.2837
3530.3	95.1444
3532.23	94.9307
3534.15	94.9014
3536.08	95.0771
3538.01	95.2761
3539.94	95.2247
3541.87	94.9648
3543.8	94.8734
3545.73	95.0394
3547.66	95.1483
3549.59	95.1775
3551.52	95.2616
3553.45	95.1858
3555.37	94.8579
3557.3	94.6139
3559.23	94.6481
3561.16	94.8365
3563.09	94.9986
3565.02	95.0737
3566.95	95.173
3568.88	95.3452
3570.81	95.3294
3572.74	95.1215
3574.67	95.1165
3576.6	95.4371
3578.52	95.6683
3580.45	95.6129
3582.38	95.5425
3584.31	95.6864
3586.24	96.0511
3588.17	96.4109
3590.1	96.4632
3592.03	96.3383
3593.96	96.2949
3595.89	96.4563
3597.82	96.8448
3599.74	97.2509
3601.67	97.2778
3603.6	96.9287
3605.53	96.5989
3607.46	96.4402
3609.39	96.4405
3611.32	96.6329
3613.25	96.88
3615.18	97.0231
3617.11	97.1763
3619.04	97.4227
3620.97	97.5756
3622.89	97.543
3624.82	97.4402
3626.75	97.3907
3628.68	97.5573
3630.61	97.7998
3632.54	97.788
3634.47	97.6654
3636.4	97.6533
3638.33	97.68
3640.26	97.6443
3642.19	97.6928
3644.11	97.8896
3646.04	97.9522
3647.97	97.642
3649.9	97.4446
3651.83	97.845
3653.76	98.2477
3655.69	98.2994
3657.62	98.2031
3659.55	98.1678
3661.48	98.0235
3663.41	97.7174
3665.33	97.4852
3667.26	97.4416
3669.19	97.611
3671.12	98.0424
3673.05	98.5074
3674.98	98.6892
3676.91	98.4425
3678.84	98.057
3680.77	97.8597
3682.7	97.8804
3684.63	97.9509
3686.56	97.8823
3688.48	97.7538
3690.41	97.81
3692.34	97.9493
3694.27	98.001
3696.2	98.0585
3698.13	98.1827
3700.06	98.248
3701.99	98.1364
3703.92	98.0292
3705.85	98.1624
3707.78	98.4057
3709.7	98.4975
3711.63	98.4827
3713.56	98.5551
3715.49	98.5522
3717.42	98.3611
3719.35	98.0986
3721.28	97.9462
3723.21	98.1088
3725.14	98.6024
3727.07	98.8964
3729	98.6136
3730.93	98.2631
3732.85	98.495
3734.78	99.0306
3736.71	98.8756
3738.64	98.2915
3740.57	98.1074
3742.5	98.4212
3744.43	98.7535
3746.36	98.4868
3748.29	98.0144
3750.22	97.9179
3752.15	98.1529
3754.07	98.2422
3756	98.1804
3757.93	98.1533
3759.86	98.1522
3761.79	98.0742
3763.72	97.9152
3765.65	97.7497
3767.58	97.6621
3769.51	97.6637
3771.44	97.7116
3773.37	97.7819
3775.29	97.8242
3777.22	97.7566
3779.15	97.6024
3781.08	97.539
3783.01	97.6021
3784.94	97.6329
3786.87	97.5704
3788.8	97.5401
3790.73	97.6218
3792.66	97.7446
3794.59	97.8422
3796.52	97.9396
3798.44	98.0774
3800.37	98.2074
3802.3	98.1742
3804.23	97.949
3806.16	97.7184
3808.09	97.6323
3810.02	97.683
3811.95	97.8194
3813.88	98.0841
3815.81	98.3737
3817.74	98.3747
3819.66	98.1308
3821.59	97.9457
3823.52	97.9019
3825.45	97.8639
3827.38	97.7899
3829.31	97.7429
3831.24	97.792
3833.17	97.9347
3835.1	98.0695
3837.03	98.068
3838.96	97.9319
3840.89	97.8429
3842.81	97.8653
3844.74	97.8329
3846.67	97.6732
3848.6	97.5754
3850.53	97.704
3852.46	97.9329
3854.39	97.924
3856.32	97.8195
3858.25	97.8224
3860.18	97.7831
3862.11	97.6429
3864.03	97.5759
3865.96	97.7042
3867.89	97.9154
3869.82	98.052
3871.75	97.9914
3873.68	97.7635
3875.61	97.5764
3877.54	97.5885
3879.47	97.7865
3881.4	97.9534
3883.33	97.9035
3885.25	97.7792
3887.18	97.7944
3889.11	97.8642
3891.04	97.8436
3892.97	97.8303
3894.9	97.913
3896.83	97.9573
3898.76	97.917
3900.69	97.9274
3902.62	97.9411
3904.55	97.7423
3906.48	97.4921
3908.4	97.4515
3910.33	97.5484
3912.26	97.6211
3914.19	97.6504
3916.12	97.6766
3918.05	97.6712
3919.98	97.6006
3921.91	97.5059
3923.84	97.4564
3925.77	97.4881
3927.7	97.545
3929.62	97.5516
3931.55	97.5313
3933.48	97.5641
3935.41	97.6326
3937.34	97.634
3939.27	97.5347
3941.2	97.442
3943.13	97.5039
3945.06	97.6724
3946.99	97.7336
3948.92	97.6326
3950.85	97.5492
3952.77	97.5817
3954.7	97.6049
3956.63	97.5383
3958.56	97.4657
3960.49	97.451
3962.42	97.4534
3964.35	97.4514
3966.28	97.4694
3968.21	97.4919
3970.14	97.4769
3972.07	97.4352
3973.99	97.4139
3975.92	97.421
3977.85	97.4296
3979.78	97.4228
3981.71	97.3995
3983.64	97.3924
3985.57	97.446
3987.5	97.4898
3989.43	97.3918
3991.36	97.2485
3993.29	97.3059
3995.22	97.4985
3997.14	97.5269
