499.643	84.3498
501.572	84.8797
503.501	85.0769
505.43	84.2315
507.36	83.1276
509.289	82.7676
511.218	83.0064
513.147	83.1699
515.076	82.9031
517.005	82.5906
518.934	82.9758
520.863	83.7609
522.792	84.0816
524.722	84.2214
526.651	84.9337
528.58	85.6505
530.509	85.5112
532.438	85.0443
534.367	85.204
536.296	85.9953
538.225	86.8134
540.155	87.2536
542.084	87.235
544.013	86.9905
545.942	86.8433
547.871	86.7952
549.8	86.7528
551.729	86.9124
553.658	87.3409
555.588	87.7244
557.517	87.8841
559.446	87.889
561.375	87.6985
563.304	87.4012
565.233	87.3828
567.162	87.6803
569.091	87.8075
571.021	87.5689
572.95	87.3149
574.879	87.2584
576.808	87.3369
578.737	87.597
580.666	88.0097
582.595	88.2231
584.524	88.0466
586.454	87.7178
588.383	87.4174
590.312	87.1203
592.241	86.8797
594.17	86.7646
596.099	86.7581
598.028	86.8638
599.957	86.9719
601.887	86.9137
603.816	86.8945
605.745	87.247
607.674	87.7831
609.603	88.1134
611.532	88.3368
613.461	88.7077
615.39	89.0621
617.32	89.1154
619.249	88.9783
621.178	88.9896
623.107	89.2181
625.036	89.4214
626.965	89.4395
628.894	89.383
630.823	89.2823
632.753	89.0076
634.682	88.6452
636.611	88.4154
638.54	88.235
640.469	87.8595
642.398	87.2575
644.327	86.5259
646.256	85.7086
648.186	84.9053
650.115	84.3615
652.044	84.241
653.973	84.4827
655.902	84.8629
657.831	85.1899
659.76	85.5744
661.689	86.1603
663.619	86.8164
665.548	87.6484
667.477	89.0855
669.406	90.3768
671.335	90.5857
673.264	90.6629
675.193	91.0013
677.122	91.3696
679.052	91.6313
680.981	91.8075
682.91	91.84
684.839	91.8212
686.768	91.8932
688.697	91.9745
690.626	91.94
692.555	91.803
694.485	91.6333
696.414	91.5315
698.343	91.5667
700.272	91.6716
702.201	91.7372
704.13	91.7276
706.059	91.6233
707.988	91.4364
709.917	91.278
711.847	91.2253
713.776	91.2417
715.705	91.327
717.634	91.4888
719.563	91.5625
721.492	91.4213
723.421	91.2517
725.35	91.2039
727.28	91.1213
729.209	90.8745
731.138	90.5681
733.067	90.2744
734.996	89.9474
736.925	89.6259
738.854	89.4282
740.783	89.3746
742.713	89.3787
744.642	89.3737
746.571	89.3795
748.5	89.4617
750.429	89.6488
752.358	89.9064
754.287	90.1649
756.216	90.3224
758.146	90.309
760.075	90.2038
762.004	90.1327
763.933	90.0483
765.862	89.8095
767.791	89.3911
769.72	88.8076
771.649	87.9787
773.579	86.7975
775.508	85.1504
777.437	82.8185
779.366	79.5403
781.295	75.3235
783.224	70.7792
785.153	67.068
787.082	65.3071
789.012	66.001
790.941	68.9763
792.87	73.4557
794.799	78.1665
796.728	81.8968
798.657	84.1323
800.586	85.0326
802.515	84.9684
804.445	84.207
806.374	82.8113
808.303	80.7582
810.232	78.3028
812.161	76.1559
814.09	75.1121
816.019	75.5133
817.948	77.081
819.878	79.1711
821.807	81.1837
823.736	82.8083
825.665	83.9813
827.594	84.7354
829.523	85.1335
831.452	85.2604
833.381	85.1826
835.311	84.8946
837.24	84.3313
839.169	83.4562
841.098	82.3303
843.027	81.1046
844.956	79.9656
846.885	79.0403
848.814	78.2914
850.744	77.5541
852.673	76.7113
854.602	75.7772
856.531	74.8325
858.46	73.9691
860.389	73.2823
862.318	72.8677
864.247	72.7971
866.177	73.0506
868.106	73.5089
870.035	74.0596
871.964	74.6173
873.893	75.0392
875.822	75.1972
877.751	75.1364
879.68	75.0365
881.609	75.0486
883.539	75.2457
885.468	75.6588
887.397	76.2468
889.326	76.8563
891.255	77.3195
893.184	77.5956
895.113	77.7453
897.042	77.83
898.972	77.9244
900.901	78.1513
902.83	78.6279
904.759	79.4177
906.688	80.5048
908.617	81.7623
910.546	82.9813
912.475	83.9331
914.405	84.4177
916.334	84.3653
918.263	83.89
920.192	83.1357
922.121	82.1262
924.05	80.8395
925.979	79.3096
927.908	77.5648
929.838	75.578
931.767	73.3544
933.696	71.0135
935.625	68.7636
937.554	66.8389
939.483	65.4291
941.412	64.5931
943.341	64.2416
945.271	64.2322
947.2	64.4776
949.129	64.9724
951.058	65.7517
952.987	66.8174
954.916	68.0989
956.845	69.4995
958.774	70.9524
960.704	72.4077
962.633	73.8183
964.562	75.1698
966.491	76.464
968.42	77.6576
970.349	78.6639
972.278	79.4164
974.207	79.9147
976.137	80.2031
978.066	80.2908
979.995	80.1367
981.924	79.7517
983.853	79.2161
985.782	78.5796
987.711	77.8933
989.64	77.3056
991.57	76.9203
993.499	76.6117
995.428	76.1287
997.357	75.2956
999.286	74.0655
1001.22	72.5301
1003.14	70.909
1005.07	69.4389
1007	68.2731
1008.93	67.4669
1010.86	66.9611
1012.79	66.5638
1014.72	65.9991
1016.65	65.0173
1018.58	63.5157
1020.51	61.6005
1022.44	59.5349
1024.36	57.6346
1026.29	56.2134
1028.22	55.5214
1030.15	55.5946
1032.08	56.1895
1034.01	56.9821
1035.94	57.8192
1037.87	58.7119
1039.8	59.6729
1041.73	60.6869
1043.66	61.7863
1045.58	63.0394
1047.51	64.4678
1049.44	66.0101
1051.37	67.5461
1053.3	68.959
1055.23	70.2137
1057.16	71.3709
1059.09	72.4899
1061.02	73.5047
1062.95	74.2028
1064.88	74.3687
1066.81	74.0221
1068.73	73.5089
1070.66	73.2734
1072.59	73.5366
1074.52	74.2263
1076.45	75.136
1078.38	76.0698
1080.31	76.9021
1082.24	77.5779
1084.17	78.0597
1086.1	78.2988
1088.03	78.2644
1089.95	77.9513
1091.88	77.372
1093.81	76.5854
1095.74	75.6946
1097.67	74.7959
1099.6	73.9597
1101.53	73.211
1103.46	72.4789
1105.39	71.6291
1107.32	70.5946
1109.25	69.4253
1111.18	68.2096
1113.1	67.0126
1115.03	65.8696
1116.96	64.7633
1118.89	63.6125
1120.82	62.3347
1122.75	60.916
1124.68	59.4041
1126.61	57.8473
1128.54	56.2644
1130.47	54.6699
1132.4	53.0895
1134.32	51.5303
1136.25	49.9761
1138.18	48.4322
1140.11	46.9404
1142.04	45.5492
1143.97	44.3008
1145.9	43.2161
1147.83	42.2649
1149.76	41.3844
1151.69	40.5466
1153.62	39.7959
1155.55	39.2339
1157.47	38.9859
1159.4	39.1498
1161.33	39.7494
1163.26	40.7473
1165.19	42.1077
1167.12	43.8128
1169.05	45.8202
1170.98	48.0413
1172.91	50.3777
1174.84	52.7702
1176.77	55.2012
1178.69	57.6346
1180.62	59.9898
1182.55	62.2028
1184.48	64.2639
1186.41	66.1818
1188.34	67.9669
1190.27	69.6422
1192.2	71.2338
1194.13	72.7833
1196.06	74.3451
1197.99	75.904
1199.91	77.3479
1201.84	78.564
1203.77	79.4844
1205.7	80.0626
1207.63	80.2838
1209.56	80.1658
1211.49	79.802
1213.42	79.3558
1215.35	78.6918
1217.28	77.2082
1219.21	74.6415
1221.14	71.6141
1223.06	68.7114
1224.99	65.7724
1226.92	62.418
1228.85	58.5992
1230.78	54.4931
1232.71	50.4212
1234.64	46.8425
1236.57	44.0668
1238.5	42.0748
1240.43	40.6673
1242.36	39.6148
1244.28	38.7111
1246.21	37.8428
1248.14	36.9978
1250.07	36.2133
1252	35.581
1253.93	35.234
1255.86	35.2709
1257.79	35.7419
1259.72	36.6722
1261.65	38.0407
1263.58	39.7767
1265.51	41.7772
1267.43	43.9358
1269.36	46.1866
1271.29	48.4656
1273.22	50.6612
1275.15	52.7103
1277.08	54.6516
1279.01	56.5188
1280.94	58.2927
1282.87	59.9632
1284.8	61.5467
1286.73	63.0158
1288.65	64.2485
1290.58	65.1073
1292.51	65.575
1294.44	65.7655
1296.37	65.8795
1298.3	66.2081
1300.23	67.0673
1302.16	68.6146
1304.09	70.7379
1306.02	73.1259
1307.95	75.4018
1309.87	77.2217
1311.8	78.3302
1313.73	78.6121
1315.66	78.1063
1317.59	76.9724
1319.52	75.6547
1321.45	74.9165
1323.38	75.2782
1325.31	76.6981
1327.24	78.7671
1329.17	80.9726
1331.1	82.9368
1333.02	84.4225
1334.95	85.3594
1336.88	85.9295
1338.81	86.4111
1340.74	86.9756
1342.67	87.671
1344.6	88.5184
1346.53	89.4972
1348.46	90.4733
1350.39	91.2181
1352.32	91.4981
1354.24	91.1691
1356.17	90.4187
1358.1	89.7889
1360.03	89.6077
1361.96	89.6742
1363.89	89.4775
1365.82	88.682
1367.75	87.2618
1369.68	85.5431
1371.61	84.045
1373.54	82.8912
1375.47	81.9842
1377.39	81.4132
1379.32	81.1661
1381.25	81.0762
1383.18	81.079
1385.11	81.3114
1387.04	81.9649
1388.97	82.8255
1390.9	83.3982
1392.83	83.5414
1394.76	83.2681
1396.69	82.5896
1398.61	81.6355
1400.54	80.7563
1402.47	80.2749
1404.4	80.238
1406.33	80.5755
1408.26	81.1672
1410.19	81.9759
1412.12	83.016
1414.05	84.094
1415.98	85.1204
1417.91	86.251
1419.83	87.3211
1421.76	87.9649
1423.69	88.2259
1425.62	88.2387
1427.55	87.9955
1429.48	87.2871
1431.41	86.1702
1433.34	85.067
1435.27	83.8392
1437.2	82.1485
1439.13	80.6373
1441.06	79.6814
1442.98	78.9521
1444.91	78.373
1446.84	77.9252
1448.77	77.3868
1450.7	76.8901
1452.63	76.8454
1454.56	77.337
1456.49	78.4078
1458.42	79.815
1460.35	80.9627
1462.28	82.092
1464.2	83.5342
1466.13	85.0303
1468.06	86.202
1469.99	87.3385
1471.92	88.618
1473.85	89.5741
1475.78	90.0684
1477.71	90.5539
1479.64	91.0978
1481.57	91.6283
1483.5	92.1527
1485.43	92.6869
1487.35	93.2552
1489.28	93.8033
1491.21	94.1752
1493.14	94.4766
1495.07	94.8761
1497	95.3223
1498.93	95.6273
1500.86	95.8045
1502.79	95.9699
1504.72	96.1724
1506.65	96.4199
1508.57	96.5221
1510.5	96.472
1512.43	96.4653
1514.36	96.5675
1516.29	96.7218
1518.22	96.8228
1520.15	96.848
1522.08	96.8361
1524.01	96.8335
1525.94	96.8475
1527.87	96.8548
1529.8	96.8547
1531.72	96.8574
1533.65	96.8533
1535.58	96.8764
1537.51	97.0139
1539.44	97.2891
1541.37	97.4057
1543.3	97.1735
1545.23	96.9182
1547.16	96.7801
1549.09	96.7598
1551.02	96.7842
1552.94	96.7982
1554.87	96.8634
1556.8	97.0339
1558.73	97.122
1560.66	96.9094
1562.59	96.6885
1564.52	96.564
1566.45	96.5293
1568.38	96.5082
1570.31	96.3438
1572.24	96.1527
1574.16	96.1335
1576.09	96.1981
1578.02	96.0944
1579.95	95.9127
1581.88	95.8295
1583.81	95.8415
1585.74	95.8677
1587.67	95.8715
1589.6	95.8981
1591.53	95.9648
1593.46	95.999
1595.39	95.9552
1597.31	95.8809
1599.24	95.8187
1601.17	95.749
1603.1	95.629
1605.03	95.4714
1606.96	95.3624
1608.89	95.3001
1610.82	95.177
1612.75	95.0411
1614.68	94.9514
1616.61	94.6766
1618.53	94.1713
1620.46	93.7476
1622.39	93.2955
1624.32	92.6261
1626.25	91.8719
1628.18	91.0094
1630.11	90.0674
1632.04	89.3537
1633.97	88.789
1635.9	87.9608
1637.83	87.4363
1639.76	88.1048
1641.68	89.5846
1643.61	91.1877
1645.54	92.6685
1647.47	93.8655
1649.4	94.4395
1651.33	94.6692
1653.26	94.853
1655.19	94.8395
1657.12	94.7382
1659.05	94.7244
1660.98	94.7208
1662.9	94.5796
1664.83	94.4053
1666.76	94.3791
1668.69	94.4092
1670.62	94.2356
1672.55	93.9444
1674.48	93.633
1676.41	93.1466
1678.34	92.7165
1680.27	92.5461
1682.2	92.3035
1684.12	91.6402
1686.05	90.8934
1687.98	90.1774
1689.91	89.3352
1691.84	88.3891
1693.77	87.1418
1695.7	85.4824
1697.63	83.5875
1699.56	81.0452
1701.49	77.8656
1703.42	74.9738
1705.35	72.0095
1707.27	68.4439
1709.2	65.027
1711.13	62.1929
1713.06	59.6293
1714.99	57.5083
1716.92	55.9951
1718.85	54.9014
1720.78	54.8454
1722.71	56.0395
1724.64	58.0201
1726.57	60.4836
1728.49	63.2015
1730.42	65.7571
1732.35	67.7568
1734.28	68.8397
1736.21	68.8684
1738.14	67.9483
1740.07	66.1133
1742	63.8881
1743.93	62.2548
1745.86	61.4301
1747.79	61.411
1749.72	62.4998
1751.64	64.2614
1753.57	66.2815
1755.5	68.9972
1757.43	72.3544
1759.36	75.7634
1761.29	79.2001
1763.22	82.5941
1765.15	85.3994
1767.08	87.6808
1769.01	89.8113
1770.94	91.6838
1772.86	93.1146
1774.79	94.1524
1776.72	94.7937
1778.65	95.2337
1780.58	95.7415
1782.51	96.2061
1784.44	96.4871
1786.37	96.7407
1788.3	97.017
1790.23	97.2336
1792.16	97.3334
1794.08	97.2638
1796.01	97.1811
1797.94	97.2572
1799.87	97.3957
1801.8	97.4058
1803.73	97.3196
1805.66	97.2317
1807.59	97.1675
1809.52	97.1402
1811.45	97.1236
1813.38	97.1274
1815.31	97.2134
1817.23	97.3484
1819.16	97.4326
1821.09	97.4584
1823.02	97.5004
1824.95	97.6265
1826.88	97.7965
1828.81	97.8782
1830.74	97.8583
1832.67	97.8627
1834.6	97.9194
1836.53	97.9562
1838.45	97.924
1840.38	97.865
1842.31	97.8832
1844.24	97.9906
1846.17	98.0205
1848.1	97.943
1850.03	97.9286
1851.96	98.0646
1853.89	98.2464
1855.82	98.2971
1857.75	98.1987
1859.68	98.091
1861.6	98.0438
1863.53	98.0781
1865.46	98.2636
1867.39	98.5114
1869.32	98.5866
1871.25	98.5313
1873.18	98.4666
1875.11	98.3314
1877.04	98.2422
1878.97	98.3739
1880.9	98.5768
1882.82	98.6881
1884.75	98.7641
1886.68	98.8023
1888.61	98.7432
1890.54	98.6409
1892.47	98.5531
1894.4	98.5243
1896.33	98.6248
1898.26	98.7706
1900.19	98.7962
1902.12	98.7249
1904.05	98.688
1905.97	98.7432
1907.9	98.8807
1909.83	99.0326
1911.76	99.0836
1913.69	99.0455
1915.62	99.0381
1917.55	99.0192
1919.48	98.8353
1921.41	98.6673
1923.34	98.8627
1925.27	99.2812
1927.19	99.4498
1929.12	99.3281
1931.05	99.214
1932.98	99.2216
1934.91	99.2936
1936.84	99.3985
1938.77	99.5199
1940.7	99.6599
1942.63	99.7749
1944.56	99.7412
1946.49	99.6117
1948.41	99.5965
1950.34	99.7166
1952.27	99.8036
1954.2	99.7768
1956.13	99.6841
1958.06	99.5953
1959.99	99.5729
1961.92	99.6301
1963.85	99.7469
1965.78	99.9379
1967.71	100.139
1969.64	100.187
1971.56	100.12
1973.49	100.146
1975.42	100.256
1977.35	100.258
1979.28	100.171
1981.21	100.191
1983.14	100.321
1985.07	100.331
1987	100.12
1988.93	99.963
1990.86	100.122
1992.78	100.365
1994.71	100.331
1996.64	100.131
1998.57	100.042
2000.5	100.104
2002.43	100.248
2004.36	100.409
2006.29	100.485
2008.22	100.417
2010.15	100.241
2012.08	100.056
2014.01	100.018
2015.93	100.193
2017.86	100.439
2019.79	100.579
2021.72	100.578
2023.65	100.493
2025.58	100.409
2027.51	100.358
2029.44	100.338
2031.37	100.43
2033.3	100.62
2035.23	100.655
2037.15	100.457
2039.08	100.343
2041.01	100.476
2042.94	100.572
2044.87	100.45
2046.8	100.35
2048.73	100.427
2050.66	100.464
2052.59	100.311
2054.52	100.123
2056.45	100.075
2058.37	100.097
2060.3	99.9403
2062.23	99.5526
2064.16	99.3075
2066.09	99.4693
2068.02	99.7083
2069.95	99.7207
2071.88	99.7287
2073.81	99.854
2075.74	99.8668
2077.67	99.7802
2079.6	99.797
2081.52	99.8153
2083.45	99.7035
2085.38	99.6151
2087.31	99.6036
2089.24	99.506
2091.17	99.3626
2093.1	99.3903
2095.03	99.5591
2096.96	99.6553
2098.89	99.6439
2100.82	99.6163
2102.74	99.5686
2104.67	99.4847
2106.6	99.446
2108.53	99.5258
2110.46	99.6869
2112.39	99.8111
2114.32	99.8061
2116.25	99.688
2118.18	99.5415
2120.11	99.4367
2122.04	99.4156
2123.97	99.4737
2125.89	99.5623
2127.82	99.6711
2129.75	99.8197
2131.68	99.9607
2133.61	100.014
2135.54	99.9675
2137.47	99.9062
2139.4	99.9712
2141.33	100.179
2143.26	100.309
2145.19	100.192
2147.11	99.9917
2149.04	99.9608
2150.97	100.091
2152.9	100.188
2154.83	100.191
2156.76	100.229
2158.69	100.35
2160.62	100.394
2162.55	100.311
2164.48	100.254
2166.41	100.244
2168.33	100.175
2170.26	100.12
2172.19	100.218
2174.12	100.368
2176.05	100.38
2177.98	100.262
2179.91	100.107
2181.84	99.9602
2183.77	99.8825
2185.7	99.9193
2187.63	100.034
2189.56	100.182
2191.48	100.286
2193.41	100.191
2195.34	99.9089
2197.27	99.7161
2199.2	99.8267
2201.13	100.116
2203.06	100.274
2204.99	100.177
2206.92	100.015
2208.85	99.9795
2210.78	99.9951
2212.7	99.9788
2214.63	100.014
2216.56	100.067
2218.49	99.9861
2220.42	99.8235
2222.35	99.7442
2224.28	99.7515
2226.21	99.7664
2228.14	99.7775
2230.07	99.8362
2232	100.011
2233.93	100.266
2235.85	100.41
2237.78	100.29
2239.71	100.023
2241.64	99.9226
2243.57	100.085
2245.5	100.218
2247.43	100.122
2249.36	100.013
2251.29	100.008
2253.22	99.9179
2255.15	99.7962
2257.07	99.8547
2259	99.9256
2260.93	99.8403
2262.86	99.8388
2264.79	99.9702
2266.72	99.921
2268.65	99.727
2270.58	99.7089
2272.51	99.817
2274.44	99.8239
2276.37	99.729
2278.29	99.5552
2280.22	99.3286
2282.15	99.2563
2284.08	99.3987
2286.01	99.504
2287.94	99.4829
2289.87	99.5468
2291.8	99.7711
2293.73	100.001
2295.66	100.136
2297.59	100.202
2299.52	100.275
2301.44	100.431
2303.37	100.644
2305.3	100.84
2307.23	101.082
2309.16	101.447
2311.09	101.816
2313.02	102.092
2314.95	102.379
2316.88	102.749
2318.81	103.191
2320.74	103.725
2322.66	104.267
2324.59	104.667
2326.52	104.993
2328.45	105.377
2330.38	105.766
2332.31	106.068
2334.24	106.291
2336.17	106.413
2338.1	106.467
2340.03	106.679
2341.96	106.977
2343.89	106.621
2345.81	105.459
2347.74	104.624
2349.67	104.709
2351.6	105.608
2353.53	106.918
2355.46	108.009
2357.39	108.735
2359.32	109.245
2361.25	109.457
2363.18	109.304
2365.11	108.553
2367.03	107.262
2368.96	106.071
2370.89	105.135
2372.82	104.003
2374.75	102.652
2376.68	101.528
2378.61	100.748
2380.54	100.074
2382.47	99.42
2384.4	98.8793
2386.33	98.4744
2388.26	98.1938
2390.18	98.0628
2392.11	98.0304
2394.04	98.0035
2395.97	97.9875
2397.9	97.998
2399.83	97.9723
2401.76	97.9106
2403.69	97.9202
2405.62	98.0405
2407.55	98.1662
2409.48	98.2078
2411.4	98.2158
2413.33	98.2392
2415.26	98.2092
2417.19	98.1249
2419.12	98.1192
2421.05	98.1989
2422.98	98.2246
2424.91	98.1696
2426.84	98.1084
2428.77	98.0763
2430.7	98.0981
2432.62	98.1585
2434.55	98.1675
2436.48	98.1265
2438.41	98.1753
2440.34	98.3686
2442.27	98.5575
2444.2	98.5683
2446.13	98.445
2448.06	98.3909
2449.99	98.4595
2451.92	98.5186
2453.85	98.5143
2455.77	98.5001
2457.7	98.4858
2459.63	98.4737
2461.56	98.4889
2463.49	98.4994
2465.42	98.4865
2467.35	98.5163
2469.28	98.5965
2471.21	98.6329
2473.14	98.6073
2475.07	98.6075
2476.99	98.6643
2478.92	98.7468
2480.85	98.8736
2482.78	99.0263
2484.71	99.0753
2486.64	99.0053
2488.57	98.9709
2490.5	98.9732
2492.43	98.8707
2494.36	98.7282
2496.29	98.6843
2498.22	98.6458
2500.14	98.5436
2502.07	98.5239
2504	98.6156
2505.93	98.6554
2507.86	98.6
2509.79	98.5416
2511.72	98.5379
2513.65	98.6066
2515.58	98.6918
2517.51	98.6965
2519.44	98.6678
2521.36	98.6965
2523.29	98.7123
2525.22	98.6829
2527.15	98.7138
2529.08	98.7617
2531.01	98.7033
2532.94	98.6181
2534.87	98.5716
2536.8	98.4814
2538.73	98.4347
2540.66	98.5552
2542.58	98.6381
2544.51	98.5297
2546.44	98.4747
2548.37	98.6087
2550.3	98.6909
2552.23	98.5811
2554.16	98.4248
2556.09	98.3627
2558.02	98.4319
2559.95	98.5825
2561.88	98.6546
2563.81	98.557
2565.73	98.421
2567.66	98.3961
2569.59	98.4164
2571.52	98.3184
2573.45	98.1294
2575.38	98.0755
2577.31	98.2188
2579.24	98.3301
2581.17	98.3254
2583.1	98.4396
2585.03	98.7127
2586.95	98.822
2588.88	98.6332
2590.81	98.3673
2592.74	98.1723
2594.67	98.0288
2596.6	97.9668
2598.53	98.0224
2600.46	98.1384
2602.39	98.2425
2604.32	98.3029
2606.25	98.3216
2608.18	98.3066
2610.1	98.229
2612.03	98.0801
2613.96	97.9293
2615.89	97.8301
2617.82	97.7818
2619.75	97.7819
2621.68	97.7809
2623.61	97.7157
2625.54	97.6562
2627.47	97.6894
2629.4	97.7304
2631.32	97.6967
2633.25	97.6701
2635.18	97.6929
2637.11	97.6776
2639.04	97.6132
2640.97	97.5775
2642.9	97.5484
2644.83	97.457
2646.76	97.3625
2648.69	97.3676
2650.62	97.4416
2652.54	97.4819
2654.47	97.463
2656.4	97.4078
2658.33	97.3162
2660.26	97.211
2662.19	97.1576
2664.12	97.1782
2666.05	97.2323
2667.98	97.27
2669.91	97.2363
2671.84	97.1218
2673.77	97.0443
2675.69	97.096
2677.62	97.1566
2679.55	97.1113
2681.48	97.0853
2683.41	97.1679
2685.34	97.2048
2687.27	97.1226
2689.2	97.0707
2691.13	97.0848
2693.06	97.0408
2694.99	96.9591
2696.91	96.9582
2698.84	97.0044
2700.77	96.9974
2702.7	96.9461
2704.63	96.9045
2706.56	96.8941
2708.49	96.9192
2710.42	96.9475
2712.35	96.922
2714.28	96.8493
2716.21	96.7966
2718.14	96.7962
2720.06	96.8212
2721.99	96.8296
2723.92	96.7901
2725.85	96.7082
2727.78	96.6452
2729.71	96.6619
2731.64	96.738
2733.57	96.7891
2735.5	96.7673
2737.43	96.7008
2739.36	96.6222
2741.28	96.5207
2743.21	96.4157
2745.14	96.3967
2747.07	96.4943
2749	96.603
2750.93	96.6265
2752.86	96.5985
2754.79	96.5835
2756.72	96.5768
2758.65	96.5607
2760.58	96.5458
2762.51	96.5286
2764.43	96.492
2766.36	96.4503
2768.29	96.4286
2770.22	96.4142
2772.15	96.3799
2774.08	96.3261
2776.01	96.2667
2777.94	96.2293
2779.87	96.2663
2781.8	96.3631
2783.73	96.3818
2785.65	96.2472
2787.58	96.0981
2789.51	96.0892
2791.44	96.1647
2793.37	96.1844
2795.3	96.1461
2797.23	96.1342
2799.16	96.138
2801.09	96.0864
2803.02	96.0187
2804.95	96.0232
2806.87	96.05
2808.8	96.0089
2810.73	95.9404
2812.66	95.8826
2814.59	95.7725
2816.52	95.6063
2818.45	95.4556
2820.38	95.3352
2822.31	95.2436
2824.24	95.1879
2826.17	95.11
2828.1	94.9817
2830.02	94.8779
2831.95	94.8046
2833.88	94.6454
2835.81	94.3504
2837.74	94.0119
2839.67	93.7445
2841.6	93.5659
2843.53	93.416
2845.46	93.282
2847.39	93.1781
2849.32	93.005
2851.24	92.6704
2853.17	92.2508
2855.1	91.7937
2857.03	91.2366
2858.96	90.636
2860.89	90.1113
2862.82	89.6517
2864.75	89.2779
2866.68	89.0858
2868.61	88.9622
2870.54	88.6901
2872.47	88.3375
2874.39	88.1477
2876.32	88.2077
2878.25	88.4775
2880.18	88.8908
2882.11	89.3277
2884.04	89.6874
2885.97	89.9285
2887.9	89.9792
2889.83	89.8348
2891.76	89.6951
2893.69	89.7086
2895.61	89.7465
2897.54	89.7015
2899.47	89.6979
2901.4	89.7843
2903.33	89.8222
2905.26	89.7903
2907.19	89.7676
2909.12	89.6917
2911.05	89.5245
2912.98	89.3862
2914.91	89.2676
2916.83	89.0283
2918.76	88.7383
2920.69	88.5268
2922.62	88.2494
2924.55	87.7561
2926.48	87.1908
2928.41	86.7519
2930.34	86.4732
2932.27	86.3444
2934.2	86.406
2936.13	86.6636
2938.06	87.0028
2939.98	87.2919
2941.91	87.5285
2943.84	87.7095
2945.77	87.6843
2947.7	87.3857
2949.63	86.953
2951.56	86.4325
2953.49	85.7421
2955.42	85.01
2957.35	84.54
2959.28	84.4626
2961.2	84.7058
2963.13	85.2221
2965.06	86.0662
2966.99	87.2446
2968.92	88.5199
2970.85	89.5049
2972.78	90.0693
2974.71	90.4637
2976.64	90.9395
2978.57	91.4865
2980.5	92.0034
2982.43	92.4878
2984.35	92.9282
2986.28	93.2259
2988.21	93.3971
2990.14	93.626
2992.07	93.9742
2994	94.3115
2995.93	94.5917
2997.86	94.9144
2999.79	95.2889
3001.72	95.5631
3003.65	95.6484
3005.57	95.7105
3007.5	95.9571
3009.43	96.2935
3011.36	96.497
3013.29	96.5901
3015.22	96.6564
3017.15	96.5971
3019.08	96.4512
3021.01	96.4851
3022.94	96.7083
3024.87	96.8542
3026.79	96.8893
3028.72	96.9877
3030.65	97.1138
3032.58	97.1213
3034.51	97.0724
3036.44	97.0801
3038.37	97.0842
3040.3	97.0632
3042.23	97.1087
3044.16	97.115
3046.09	96.9269
3048.02	96.8112
3049.94	97.0945
3051.87	97.5084
3053.8	97.6208
3055.73	97.5263
3057.66	97.4835
3059.59	97.4429
3061.52	97.3448
3063.45	97.3131
3065.38	97.3687
3067.31	97.3832
3069.24	97.3371
3071.16	97.3511
3073.09	97.4649
3075.02	97.5435
3076.95	97.4692
3078.88	97.3084
3080.81	97.1829
3082.74	97.1412
3084.67	97.2079
3086.6	97.3411
3088.53	97.4167
3090.46	97.4385
3092.39	97.4806
3094.31	97.3984
3096.24	97.0874
3098.17	96.8729
3100.1	97.0218
3102.03	97.2073
3103.96	97.0564
3105.89	96.8083
3107.82	96.838
3109.75	97.0199
3111.68	97.071
3113.61	97.0457
3115.53	97.0798
3117.46	97.0794
3119.39	96.9492
3121.32	96.7705
3123.25	96.6528
3125.18	96.6435
3127.11	96.7319
3129.04	96.8523
3130.97	96.9721
3132.9	97.0819
3134.83	97.0944
3136.75	96.9871
3138.68	96.8967
3140.61	96.8648
3142.54	96.8327
3144.47	96.912
3146.4	97.1833
3148.33	97.4114
3150.26	97.4079
3152.19	97.2867
3154.12	97.1367
3156.05	96.9722
3157.98	96.9222
3159.9	96.9928
3161.83	97.008
3163.76	97.0049
3165.69	97.1458
3167.62	97.3152
3169.55	97.3289
3171.48	97.2459
3173.41	97.1375
3175.34	96.9568
3177.27	96.7593
3179.2	96.6968
3181.12	96.794
3183.05	96.9433
3184.98	97.038
3186.91	97.02
3188.84	96.8846
3190.77	96.6972
3192.7	96.5623
3194.63	96.5381
3196.56	96.6376
3198.49	96.8475
3200.42	97.019
3202.35	96.9612
3204.27	96.7885
3206.2	96.7875
3208.13	96.9013
3210.06	96.8731
3211.99	96.7561
3213.92	96.7079
3215.85	96.6564
3217.78	96.6062
3219.71	96.7007
3221.64	96.8058
3223.57	96.6986
3225.49	96.5409
3227.42	96.529
3229.35	96.51
3231.28	96.4154
3233.21	96.4466
3235.14	96.5837
3237.07	96.5813
3239	96.4461
3240.93	96.3632
3242.86	96.3437
3244.79	96.3134
3246.72	96.2841
3248.64	96.2735
3250.57	96.2477
3252.5	96.2058
3254.43	96.2161
3256.36	96.2822
3258.29	96.2805
3260.22	96.1871
3262.15	96.1414
3264.08	96.1449
3266.01	96.0781
3267.94	95.9924
3269.86	95.9686
3271.79	95.9467
3273.72	95.9343
3275.65	95.9752
3277.58	95.9959
3279.51	96.0099
3281.44	96.0936
3283.37	96.1333
3285.3	96.0463
3287.23	95.9531
3289.16	95.8665
3291.08	95.6882
3293.01	95.4912
3294.94	95.4115
3296.87	95.4583
3298.8	95.556
3300.73	95.6009
3302.66	95.5616
3304.59	95.4907
3306.52	95.3774
3308.45	95.2468
3310.38	95.2783
3312.31	95.486
3314.23	95.6053
3316.16	95.5005
3318.09	95.3038
3320.02	95.1699
3321.95	95.1367
3323.88	95.122
3325.81	95.0738
3327.74	95.1057
3329.67	95.2408
3331.6	95.27
3333.53	95.1413
3335.45	95.0475
3337.38	95.0481
3339.31	95.0879
3341.24	95.1717
3343.17	95.1972
3345.1	95.0485
3347.03	94.8804
3348.96	94.8429
3350.89	94.8597
3352.82	94.9073
3354.75	94.9754
3356.68	94.9429
3358.6	94.8784
3360.53	94.9318
3362.46	94.9418
3364.39	94.8002
3366.32	94.7751
3368.25	94.9477
3370.18	95.029
3372.11	94.9564
3374.04	94.9111
3375.97	94.8811
3377.9	94.8272
3379.82	94.8898
3381.75	95.0426
3383.68	95.0238
3385.61	94.8212
3387.54	94.749
3389.47	94.9061
3391.4	95.0092
3393.33	94.8749
3395.26	94.6789
3397.19	94.6035
3399.12	94.5843
3401.04	94.5347
3402.97	94.5154
3404.9	94.5803
3406.83	94.6673
3408.76	94.7079
3410.69	94.7181
3412.62	94.748
3414.55	94.8052
3416.48	94.8394
3418.41	94.7942
3420.34	94.7021
3422.27	94.7031
3424.19	94.8556
3426.12	94.9773
3428.05	94.8743
3429.98	94.6551
3431.91	94.5612
3433.84	94.5895
3435.77	94.6228
3437.7	94.7261
3439.63	94.9355
3441.56	95.0628
3443.49	95.0206
3445.41	94.9717
3447.34	95.013
3449.27	95.0726
3451.2	95.0862
3453.13	94.9956
3455.06	94.7538
3456.99	94.4899
3458.92	94.4422
3460.85	94.6951
3462.78	95.0797
3464.71	95.307
3466.64	95.2663
3468.56	95.1264
3470.49	95.041
3472.42	94.9753
3474.35	94.9201
3476.28	94.9163
3478.21	94.8525
3480.14	94.6728
3482.07	94.6238
3484	94.8281
3485.93	94.9888
3487.86	94.9922
3489.78	95.1672
3491.71	95.5634
3493.64	95.7293
3495.57	95.5126
3497.5	95.2793
3499.43	95.1909
3501.36	95.1072
3503.29	95.1184
3505.22	95.3194
3507.15	95.4456
3509.08	95.4143
3511	95.4833
3512.93	95.5707
3514.86	95.323
3516.79	94.8982
3518.72	94.7607
3520.65	94.8958
3522.58	94.9937
3524.51	95.0796
3526.44	95.3252
3528.37	95.5739
3530.3	95.5114
3532.23	95.1293
3534.15	94.7922
3536.08	94.8353
3538.01	95.0831
3539.94	95.0494
3541.87	94.7771
3543.8	94.7822
3545.73	95.1508
3547.66	95.3452
3549.59	95.1776
3551.52	95.0039
3553.45	94.9676
3555.37	94.8854
3557.3	94.746
3559.23	94.7363
3561.16	94.8151
3563.09	94.7161
3565.02	94.47
3566.95	94.5069
3568.88	94.9326
3570.81	95.2901
3572.74	95.5006
3574.67	95.7316
3576.6	95.8725
3578.52	95.7755
3580.45	95.6289
3582.38	95.6332
3584.31	95.7282
3586.24	95.8667
3588.17	96.046
3590.1	96.1312
3592.03	96.1528
3593.96	96.2823
3595.89	96.52
3597.82	96.8014
3599.74	97.1577
3601.67	97.3885
3603.6	97.2462
3605.53	96.9715
3607.46	96.9197
3609.39	97.0695
3611.32	97.2852
3613.25	97.602
3615.18	97.8291
3617.11	97.6936
3619.04	97.4135
3620.97	97.3904
3622.89	97.4985
3624.82	97.4848
3626.75	97.429
3628.68	97.4567
3630.61	97.4679
3632.54	97.4347
3634.47	97.4811
3636.4	97.5864
3638.33	97.6568
3640.26	97.7389
3642.19	97.9307
3644.11	98.144
3646.04	98.1492
3647.97	97.8967
3649.9	97.8535
3651.83	98.2156
3653.76	98.4112
3655.69	98.261
3657.62	98.0459
3659.55	97.9294
3661.48	97.7383
3663.41	97.5008
3665.33	97.4346
3667.26	97.5805
3669.19	97.906
3671.12	98.245
3673.05	98.3215
3674.98	98.2478
3676.91	98.2585
3678.84	98.1951
3680.77	98.0175
3682.7	97.9812
3684.63	98.094
3686.56	98.1113
3688.48	98.0351
3690.41	98.0382
3692.34	98.0311
3694.27	98.0378
3696.2	98.1977
3698.13	98.3433
3700.06	98.2461
3701.99	98.0596
3703.92	98.0709
3705.85	98.2528
3707.78	98.4923
3709.7	98.6939
3711.63	98.5868
3713.56	98.2176
3715.49	98.0639
3717.42	98.175
3719.35	98.2166
3721.28	98.0602
3723.21	98.0736
3725.14	98.4357
3727.07	98.6969
3729	98.5688
3730.93	98.3972
3732.85	98.5845
3734.78	98.8894
3736.71	98.5578
3738.64	97.9282
3740.57	97.7952
3742.5	98.1637
3744.43	98.4547
3746.36	98.2106
3748.29	97.8897
3750.22	97.8029
3752.15	97.8846
3754.07	98.0047
3756	98.1032
3757.93	98.1549
3759.86	98.1572
3761.79	98.1452
3763.72	98.0893
3765.65	97.9173
3767.58	97.6828
3769.51	97.5375
3771.44	97.5117
3773.37	97.5541
3775.29	97.6758
3777.22	97.8806
3779.15	98.0758
3781.08	98.1279
3783.01	97.9758
3784.94	97.6944
3786.87	97.5289
3788.8	97.5838
3790.73	97.6267
3792.66	97.5683
3794.59	97.6703
3796.52	98.0426
3798.44	98.374
3800.37	98.4086
3802.3	98.2119
3804.23	98.0238
3806.16	97.9434
3808.09	97.8791
3810.02	97.7606
3811.95	97.6975
3813.88	97.8211
3815.81	98.1018
3817.74	98.3092
3819.66	98.3532
3821.59	98.3033
3823.52	98.2007
3825.45	98.0351
3827.38	97.8056
3829.31	97.6768
3831.24	97.8244
3833.17	98.0511
3835.1	98.0385
3837.03	97.8938
3838.96	97.9178
3840.89	97.9797
3842.81	97.864
3844.74	97.6795
3846.67	97.5616
3848.6	97.5387
3850.53	97.6139
3852.46	97.7477
3854.39	97.8126
3856.32	97.7999
3858.25	97.7493
3860.18	97.6542
3862.11	97.624
3864.03	97.7315
3865.96	97.7912
3867.89	97.7532
3869.82	97.8186
3871.75	97.9233
3873.68	97.7881
3875.61	97.5515
3877.54	97.5449
3879.47	97.8229
3881.4	98.0824
3883.33	98.0264
3885.25	97.8138
3887.18	97.7852
3889.11	97.8751
3891.04	97.8159
3892.97	97.6797
3894.9	97.6747
3896.83	97.7068
3898.76	97.7156
3900.69	97.8042
3902.62	97.7955
3904.55	97.5162
3906.48	97.371
3908.4	97.5513
3910.33	97.7106
3912.26	97.6635
3914.19	97.5993
3916.12	97.635
3918.05	97.6555
3919.98	97.6086
3921.91	97.5461
3923.84	97.5032
3925.77	97.5463
3927.7	97.659
3929.62	97.7026
3931.55	97.6733
3933.48	97.7208
3935.41	97.8068
3937.34	97.7708
3939.27	97.6587
3941.2	97.6086
3943.13	97.6174
3945.06	97.6333
3946.99	97.6641
3948.92	97.6972
3950.85	97.7426
3952.77	97.8136
3954.7	97.7833
3956.63	97.5732
3958.56	97.3896
3960.49	97.4246
3962.42	97.5451
3964.35	97.5568
3966.28	97.4854
3968.21	97.4335
3970.14	97.4133
3972.07	97.398
3973.99	97.4194
3975.92	97.5235
3977.85	97.6309
3979.78	97.598
3981.71	97.453
3983.64	97.3814
3985.57	97.4438
3987.5	97.5032
3989.43	97.4705
3991.36	97.4393
3993.29	97.4985
3995.22	97.5593
3997.14	97.5033
