499.643	86.0894
501.572	84.6237
503.501	84.3642
505.43	84.6898
507.36	84.2081
509.289	83.2305
511.218	82.9283
513.147	83.4511
515.076	83.9945
517.005	84.0713
518.934	84.0112
520.863	84.1896
522.792	84.5384
524.722	85.0026
526.651	85.4636
528.58	85.5081
530.509	85.1247
532.438	84.8876
534.367	85.1793
536.296	85.8537
538.225	86.6081
540.155	87.205
542.084	87.4999
544.013	87.483
545.942	87.2279
547.871	86.9192
549.8	86.7631
551.729	86.7671
553.658	86.914
555.588	87.2563
557.517	87.5621
559.446	87.5248
561.375	87.2966
563.304	87.1102
565.233	86.9783
567.162	87.1503
569.091	87.7493
571.021	88.1316
572.95	87.9037
574.879	87.6293
576.808	87.6932
578.737	87.7894
580.666	87.8215
582.595	87.9787
584.524	88.1363
586.454	88.0542
588.383	87.7036
590.312	87.1651
592.241	86.6855
594.17	86.5761
596.099	86.7629
598.028	86.9138
599.957	86.9284
601.887	86.938
603.816	87.0255
605.745	87.216
607.674	87.5616
609.603	88.0522
611.532	88.5425
613.461	88.8796
615.39	89.0247
617.32	89.0191
619.249	88.9816
621.178	89.0776
623.107	89.299
625.036	89.4304
626.965	89.3799
628.894	89.2838
630.823	89.188
632.753	89.0071
634.682	88.7431
636.611	88.4801
638.54	88.2596
640.469	87.9758
642.398	87.4196
644.327	86.6482
646.256	85.9898
648.186	85.4916
650.115	85.0259
652.044	84.8265
653.973	85.0867
655.902	85.4359
657.831	85.6357
659.76	86.0566
661.689	86.7641
663.619	87.3553
665.548	88.1075
667.477	89.7211
669.406	91.1039
671.335	91.0941
673.264	91.0831
675.193	91.4856
677.122	91.8185
679.052	91.9653
680.981	92.1281
682.91	92.1839
684.839	92.1288
686.768	92.163
688.697	92.2049
690.626	92.1051
692.555	91.9595
694.485	91.8421
696.414	91.7156
698.343	91.6102
700.272	91.5654
702.201	91.5364
704.13	91.4816
706.059	91.395
707.988	91.2864
709.917	91.2049
711.847	91.1658
713.776	91.1136
715.705	91.0791
717.634	91.1615
719.563	91.2786
721.492	91.2581
723.421	91.1593
725.35	91.0801
727.28	90.8999
729.209	90.5714
731.138	90.2616
733.067	90.0001
734.996	89.6626
736.925	89.2968
738.854	89.0478
740.783	88.9009
742.713	88.7673
744.642	88.6479
746.571	88.6067
748.5	88.7124
750.429	88.9786
752.358	89.3196
754.287	89.6238
756.216	89.8301
758.146	89.9191
760.075	89.9158
762.004	89.8501
763.933	89.685
765.862	89.383
767.791	88.9744
769.72	88.4414
771.649	87.6599
773.579	86.5035
775.508	84.8432
777.437	82.4499
779.366	79.0853
781.295	74.8202
783.224	70.3172
785.153	66.7124
787.082	65.0438
789.012	65.7774
790.941	68.7696
792.87	73.2696
794.799	77.9877
796.728	81.7051
798.657	83.9427
800.586	84.883
802.515	84.8852
804.445	84.2249
806.374	82.9865
808.303	81.1142
810.232	78.8059
812.161	76.7606
814.09	75.7614
816.019	76.1
817.948	77.4988
819.878	79.3985
821.807	81.2577
823.736	82.7587
825.665	83.8425
827.594	84.5642
829.523	84.9706
831.452	85.0994
833.381	84.9807
835.311	84.614
837.24	83.9889
839.169	83.1041
841.098	81.9792
843.027	80.7213
844.956	79.5353
846.885	78.5735
848.814	77.8063
850.744	77.0734
852.673	76.2437
854.602	75.3172
856.531	74.3775
858.46	73.5086
860.389	72.8154
862.318	72.4351
864.247	72.4307
866.177	72.7397
868.106	73.261
870.035	73.8884
871.964	74.4643
873.893	74.828
875.822	74.9363
877.751	74.8888
879.68	74.845
881.609	74.9221
883.539	75.1519
885.468	75.5292
887.397	76.0422
889.326	76.614
891.255	77.0917
893.184	77.3712
895.113	77.4901
897.042	77.5554
898.972	77.6511
900.901	77.871
902.83	78.3531
904.759	79.1831
906.688	80.3032
908.617	81.5574
910.546	82.7578
912.475	83.6823
914.405	84.14
916.334	84.1071
918.263	83.699
920.192	82.9946
922.121	81.9911
924.05	80.7016
925.979	79.1827
927.908	77.4761
929.838	75.5778
931.767	73.4763
933.696	71.2378
935.625	69.0556
937.554	67.1782
939.483	65.7916
941.412	64.9595
943.341	64.6091
945.271	64.5824
947.2	64.7812
949.129	65.2342
951.058	65.9924
952.987	67.032
954.916	68.2726
956.845	69.6171
958.774	70.9834
960.704	72.3353
962.633	73.6607
964.562	74.936
966.491	76.14
968.42	77.2578
970.349	78.247
972.278	79.0405
974.207	79.5967
976.137	79.9207
978.066	80.0273
979.995	79.9088
981.924	79.5632
983.853	79.0259
985.782	78.3588
987.711	77.6615
989.64	77.0743
991.57	76.6672
993.499	76.3391
995.428	75.8834
997.357	75.112
999.286	73.9333
1001.22	72.4272
1003.14	70.8275
1005.07	69.3657
1007	68.1843
1008.93	67.3574
1010.86	66.8378
1012.79	66.3962
1014.72	65.7321
1016.65	64.6494
1018.58	63.108
1020.51	61.1939
1022.44	59.1176
1024.36	57.2084
1026.29	55.8263
1028.22	55.2015
1030.15	55.3038
1032.08	55.8743
1034.01	56.6247
1035.94	57.4244
1037.87	58.2769
1039.8	59.1889
1041.73	60.1686
1043.66	61.2868
1045.58	62.606
1047.51	64.1004
1049.44	65.6975
1051.37	67.3009
1053.3	68.7722
1055.23	70.0209
1057.16	71.102
1059.09	72.1204
1061.02	73.0468
1062.95	73.6783
1064.88	73.7974
1066.81	73.4138
1068.73	72.8674
1070.66	72.624
1072.59	72.9221
1074.52	73.651
1076.45	74.56
1078.38	75.48
1080.31	76.3231
1082.24	77.0095
1084.17	77.47
1086.1	77.6678
1088.03	77.5953
1089.95	77.2583
1091.88	76.6587
1093.81	75.8252
1095.74	74.8618
1097.67	73.904
1099.6	73.0305
1101.53	72.2397
1103.46	71.4555
1105.39	70.5539
1107.32	69.4648
1109.25	68.2382
1111.18	66.9771
1113.1	65.7607
1115.03	64.632
1116.96	63.5724
1118.89	62.4854
1120.82	61.2616
1122.75	59.8725
1124.68	58.3809
1126.61	56.8598
1128.54	55.3292
1130.47	53.7828
1132.4	52.2332
1134.32	50.7105
1136.25	49.2379
1138.18	47.8108
1140.11	46.4207
1142.04	45.1202
1143.97	43.9948
1145.9	43.0482
1147.83	42.2164
1149.76	41.4737
1151.69	40.8228
1153.62	40.2595
1155.55	39.8389
1157.47	39.6822
1159.4	39.8791
1161.33	40.448
1163.26	41.3848
1165.19	42.6995
1167.12	44.384
1169.05	46.3529
1170.98	48.4802
1172.91	50.6983
1174.84	52.991
1176.77	55.3204
1178.69	57.6415
1180.62	59.9273
1182.55	62.1302
1184.48	64.1879
1186.41	66.0778
1188.34	67.8181
1190.27	69.4481
1192.2	71.0239
1194.13	72.5935
1196.06	74.1574
1197.99	75.669
1199.91	77.0673
1201.84	78.2731
1203.77	79.1687
1205.7	79.667
1207.63	79.7804
1209.56	79.5494
1211.49	79.0563
1213.42	78.475
1215.35	77.6857
1217.28	76.0515
1219.21	73.2804
1221.14	70.0554
1223.06	67.0572
1224.99	64.1569
1226.92	60.9422
1228.85	57.3397
1230.78	53.5238
1232.71	49.7524
1234.64	46.3827
1236.57	43.7183
1238.5	41.8139
1240.43	40.4962
1242.36	39.5216
1244.28	38.691
1246.21	37.8809
1248.14	37.0523
1250.07	36.2603
1252	35.6232
1253.93	35.2604
1255.86	35.2722
1257.79	35.738
1259.72	36.6668
1261.65	37.9893
1263.58	39.6383
1265.51	41.5603
1267.43	43.6668
1269.36	45.8665
1271.29	48.0901
1273.22	50.2535
1275.15	52.2869
1277.08	54.1929
1279.01	56.0207
1280.94	57.8023
1282.87	59.5191
1284.8	61.1304
1286.73	62.5981
1288.65	63.8564
1290.58	64.8262
1292.51	65.4837
1294.44	65.8716
1296.37	66.1277
1298.3	66.5519
1300.23	67.4886
1302.16	69.0833
1304.09	71.2189
1306.02	73.615
1307.95	75.9022
1309.87	77.7216
1311.8	78.842
1313.73	79.1811
1315.66	78.765
1317.59	77.7351
1319.52	76.521
1321.45	75.8346
1323.38	76.1611
1325.31	77.4903
1327.24	79.4562
1329.17	81.5503
1331.1	83.3916
1333.02	84.7712
1334.95	85.6559
1336.88	86.2292
1338.81	86.7344
1340.74	87.3087
1342.67	88.0102
1344.6	88.8878
1346.53	89.9162
1348.46	90.9297
1350.39	91.6837
1352.32	91.9572
1354.24	91.6165
1356.17	90.857
1358.1	90.2374
1360.03	90.0883
1361.96	90.1861
1363.89	90.0087
1365.82	89.2403
1367.75	87.8563
1369.68	86.1619
1371.61	84.668
1373.54	83.4957
1375.47	82.5385
1377.39	81.8897
1379.32	81.5398
1381.25	81.3393
1383.18	81.2806
1385.11	81.5086
1387.04	82.1359
1388.97	82.9085
1390.9	83.403
1392.83	83.5219
1394.76	83.2708
1396.69	82.6431
1398.61	81.7303
1400.54	80.8498
1402.47	80.3506
1404.4	80.3232
1406.33	80.6859
1408.26	81.287
1410.19	82.0976
1412.12	83.1513
1414.05	84.2771
1415.98	85.4109
1417.91	86.6551
1419.83	87.6993
1421.76	88.2183
1423.69	88.3997
1425.62	88.3895
1427.55	88.1555
1429.48	87.4927
1431.41	86.4224
1433.34	85.3168
1435.27	84.049
1437.2	82.3007
1439.13	80.7156
1441.06	79.6925
1442.98	78.9298
1444.91	78.3469
1446.84	77.8995
1448.77	77.3754
1450.7	76.9264
1452.63	76.9449
1454.56	77.523
1456.49	78.7048
1458.42	80.0882
1460.35	81.0811
1462.28	82.0857
1464.2	83.4573
1466.13	84.9143
1468.06	86.0807
1469.99	87.2714
1471.92	88.65
1473.85	89.6297
1475.78	90.0326
1477.71	90.4139
1479.64	90.8745
1481.57	91.3408
1483.5	91.8322
1485.43	92.3866
1487.35	93.0418
1489.28	93.7054
1491.21	94.1318
1493.14	94.447
1495.07	94.8805
1497	95.3653
1498.93	95.6719
1500.86	95.8579
1502.79	96.1066
1504.72	96.5084
1506.65	96.9885
1508.57	97.0348
1510.5	96.7998
1512.43	96.7202
1514.36	96.8496
1516.29	97.0606
1518.22	97.1912
1520.15	97.2174
1522.08	97.2049
1524.01	97.1882
1525.94	97.123
1527.87	97.0375
1529.8	97.0467
1531.72	97.1465
1533.65	97.1896
1535.58	97.1758
1537.51	97.3305
1539.44	97.7166
1541.37	97.8507
1543.3	97.4788
1545.23	97.1251
1547.16	96.9688
1549.09	96.9732
1551.02	97.0223
1552.94	97.0548
1554.87	97.1985
1556.8	97.5619
1558.73	97.7582
1560.66	97.3011
1562.59	96.8641
1564.52	96.6964
1566.45	96.7251
1568.38	96.7866
1570.31	96.6349
1572.24	96.4131
1574.16	96.3867
1576.09	96.4231
1578.02	96.2216
1579.95	95.9859
1581.88	95.926
1583.81	95.9555
1585.74	95.9638
1587.67	95.9779
1589.6	96.0349
1591.53	96.0952
1593.46	96.1207
1595.39	96.1037
1597.31	96.0376
1599.24	95.9401
1601.17	95.8395
1603.1	95.7263
1605.03	95.6111
1606.96	95.5506
1608.89	95.4932
1610.82	95.3396
1612.75	95.2089
1614.68	95.1718
1616.61	94.9475
1618.53	94.466
1620.46	94.07
1622.39	93.6605
1624.32	93.0515
1626.25	92.3684
1628.18	91.5452
1630.11	90.5858
1632.04	89.8522
1633.97	89.3427
1635.9	88.6493
1637.83	88.1681
1639.76	88.7343
1641.68	90.1034
1643.61	91.6849
1645.54	93.1921
1647.47	94.3138
1649.4	94.7886
1651.33	95.0478
1653.26	95.2916
1655.19	95.1236
1657.12	94.8582
1659.05	94.8135
1660.98	94.8887
1662.9	94.825
1664.83	94.6428
1666.76	94.5876
1668.69	94.5939
1670.62	94.3713
1672.55	94.0512
1674.48	93.7778
1676.41	93.3361
1678.34	92.8911
1680.27	92.6996
1682.2	92.4917
1684.12	91.8907
1686.05	91.1472
1687.98	90.4266
1689.91	89.6134
1691.84	88.7115
1693.77	87.5326
1695.7	85.9928
1697.63	84.2354
1699.56	81.7872
1701.49	78.6644
1703.42	75.8105
1705.35	72.8769
1707.27	69.3454
1709.2	65.9361
1711.13	63.0741
1713.06	60.5035
1714.99	58.4215
1716.92	56.8841
1718.85	55.6143
1720.78	55.3391
1722.71	56.3156
1724.64	58.0631
1726.57	60.2983
1728.49	62.7986
1730.42	65.1234
1732.35	66.9195
1734.28	67.9645
1736.21	68.1371
1738.14	67.4174
1740.07	65.7902
1742	63.7678
1743.93	62.3194
1745.86	61.6247
1747.79	61.6416
1749.72	62.7457
1751.64	64.6001
1753.57	66.6899
1755.5	69.3871
1757.43	72.7361
1759.36	76.1995
1761.29	79.6626
1763.22	83.0291
1765.15	85.825
1767.08	88.1142
1769.01	90.2443
1770.94	92.1439
1772.86	93.6007
1774.79	94.5687
1776.72	95.1036
1778.65	95.4968
1780.58	96.0024
1782.51	96.4398
1784.44	96.6693
1786.37	96.9012
1788.3	97.1976
1790.23	97.442
1792.16	97.5606
1794.08	97.522
1796.01	97.4497
1797.94	97.4386
1799.87	97.4262
1801.8	97.3856
1803.73	97.3584
1805.66	97.3163
1807.59	97.2907
1809.52	97.3423
1811.45	97.3868
1813.38	97.3877
1815.31	97.4317
1817.23	97.4893
1819.16	97.5053
1821.09	97.5291
1823.02	97.5693
1824.95	97.6386
1826.88	97.7786
1828.81	97.8794
1830.74	97.8645
1832.67	97.8872
1834.6	97.9781
1836.53	97.9996
1838.45	97.9505
1840.38	97.9476
1842.31	98.0036
1844.24	98.0481
1846.17	98.0354
1848.1	98.0108
1850.03	98.0503
1851.96	98.166
1853.89	98.2514
1855.82	98.197
1857.75	98.0686
1859.68	98.0281
1861.6	98.122
1863.53	98.322
1865.46	98.6057
1867.39	98.8263
1869.32	98.7842
1871.25	98.6013
1873.18	98.4816
1875.11	98.4226
1877.04	98.4309
1878.97	98.4887
1880.9	98.5117
1882.82	98.5523
1884.75	98.6845
1886.68	98.7998
1888.61	98.8333
1890.54	98.8479
1892.47	98.7963
1894.4	98.6331
1896.33	98.5473
1898.26	98.7046
1900.19	98.9383
1902.12	99.0048
1904.05	98.9157
1905.97	98.8505
1907.9	98.8933
1909.83	99.0111
1911.76	99.126
1913.69	99.1881
1915.62	99.2633
1917.55	99.3842
1919.48	99.3669
1921.41	99.1599
1923.34	99.0752
1925.27	99.2851
1927.19	99.5073
1929.12	99.4727
1931.05	99.2817
1932.98	99.2031
1934.91	99.3263
1936.84	99.5059
1938.77	99.6365
1940.7	99.7677
1942.63	99.8862
1944.56	99.891
1946.49	99.8074
1948.41	99.7211
1950.34	99.6911
1952.27	99.792
1954.2	99.9759
1956.13	100.033
1958.06	99.8777
1959.99	99.6915
1961.92	99.6756
1963.85	99.7866
1965.78	99.8233
1967.71	99.7614
1969.64	99.8143
1971.56	100.044
1973.49	100.225
1975.42	100.2
1977.35	100.125
1979.28	100.193
1981.21	100.34
1983.14	100.416
1985.07	100.387
1987	100.29
1988.93	100.232
1990.86	100.382
1992.78	100.655
1994.71	100.681
1996.64	100.405
1998.57	100.184
2000.5	100.223
2002.43	100.345
2004.36	100.361
2006.29	100.323
2008.22	100.36
2010.15	100.456
2012.08	100.501
2014.01	100.472
2015.93	100.457
2017.86	100.548
2019.79	100.686
2021.72	100.681
2023.65	100.524
2025.58	100.462
2027.51	100.557
2029.44	100.601
2031.37	100.585
2033.3	100.689
2035.23	100.849
2037.15	100.878
2039.08	100.774
2041.01	100.613
2042.94	100.476
2044.87	100.477
2046.8	100.595
2048.73	100.683
2050.66	100.686
2052.59	100.592
2054.52	100.378
2056.45	100.167
2058.37	100.09
2060.3	99.9999
2062.23	99.777
2064.16	99.6713
2066.09	99.8611
2068.02	100.094
2069.95	100.167
2071.88	100.207
2073.81	100.253
2075.74	100.143
2077.67	99.9045
2079.6	99.7716
2081.52	99.801
2083.45	99.8396
2085.38	99.8023
2087.31	99.7157
2089.24	99.5907
2091.17	99.4888
2093.1	99.5313
2095.03	99.654
2096.96	99.6568
2098.89	99.5829
2100.82	99.6109
2102.74	99.6765
2104.67	99.6571
2106.6	99.6227
2108.53	99.6109
2110.46	99.5639
2112.39	99.5482
2114.32	99.6381
2116.25	99.7316
2118.18	99.7368
2120.11	99.6965
2122.04	99.6673
2123.97	99.7015
2125.89	99.8457
2127.82	100.008
2129.75	100.031
2131.68	99.9403
2133.61	99.8972
2135.54	99.9527
2137.47	100.046
2139.4	100.126
2141.33	100.157
2143.26	100.142
2145.19	100.122
2147.11	100.104
2149.04	100.161
2150.97	100.425
2152.9	100.727
2154.83	100.691
2156.76	100.429
2158.69	100.446
2160.62	100.728
2162.55	100.753
2164.48	100.412
2166.41	100.121
2168.33	100.163
2170.26	100.38
2172.19	100.478
2174.12	100.42
2176.05	100.393
2177.98	100.42
2179.91	100.35
2181.84	100.246
2183.77	100.32
2185.7	100.508
2187.63	100.576
2189.56	100.545
2191.48	100.574
2193.41	100.61
2195.34	100.475
2197.27	100.19
2199.2	100.004
2201.13	100.077
2203.06	100.229
2204.99	100.179
2206.92	99.9801
2208.85	99.906
2210.78	100.028
2212.7	100.195
2214.63	100.282
2216.56	100.254
2218.49	100.136
2220.42	99.9998
2222.35	99.9228
2224.28	99.9379
2226.21	99.997
2228.14	100.034
2230.07	100.105
2232	100.284
2233.93	100.437
2235.85	100.407
2237.78	100.282
2239.71	100.231
2241.64	100.274
2243.57	100.32
2245.5	100.265
2247.43	100.129
2249.36	100.054
2251.29	100.042
2253.22	99.9591
2255.15	99.8923
2257.07	99.9872
2259	100.057
2260.93	99.9652
2262.86	99.9754
2264.79	100.187
2266.72	100.262
2268.65	100.078
2270.58	99.9202
2272.51	99.9152
2274.44	99.9066
2276.37	99.7984
2278.29	99.635
2280.22	99.5198
2282.15	99.5466
2284.08	99.6751
2286.01	99.7897
2287.94	99.8861
2289.87	100.021
2291.8	100.194
2293.73	100.41
2295.66	100.664
2297.59	100.883
2299.52	101.058
2301.44	101.269
2303.37	101.511
2305.3	101.764
2307.23	102.164
2309.16	102.755
2311.09	103.303
2313.02	103.675
2314.95	104.049
2316.88	104.574
2318.81	105.248
2320.74	106.027
2322.66	106.718
2324.59	107.182
2326.52	107.632
2328.45	108.229
2330.38	108.691
2332.31	108.801
2334.24	108.944
2336.17	109.437
2338.1	109.946
2340.03	110.137
2341.96	110.121
2343.89	109.525
2345.81	108.056
2347.74	106.908
2349.67	107.016
2351.6	108.405
2353.53	110.477
2355.46	112.186
2357.39	113.283
2359.32	113.909
2361.25	113.889
2363.18	113.359
2365.11	112.245
2367.03	110.61
2368.96	109.078
2370.89	107.737
2372.82	106.221
2374.75	104.632
2376.68	103.246
2378.61	102.024
2380.54	100.9
2382.47	99.9802
2384.4	99.3125
2386.33	98.817
2388.26	98.4472
2390.18	98.2064
2392.11	98.0745
2394.04	98.0563
2395.97	98.1714
2397.9	98.3252
2399.83	98.3621
2401.76	98.2662
2403.69	98.1802
2405.62	98.2128
2407.55	98.3036
2409.48	98.3289
2411.4	98.2892
2413.33	98.2714
2415.26	98.291
2417.19	98.3014
2419.12	98.2792
2421.05	98.2426
2422.98	98.2489
2424.91	98.3139
2426.84	98.346
2428.77	98.2951
2430.7	98.2567
2432.62	98.2943
2434.55	98.3546
2436.48	98.4084
2438.41	98.4859
2440.34	98.6057
2442.27	98.7501
2444.2	98.8227
2446.13	98.7219
2448.06	98.5536
2449.99	98.5353
2451.92	98.6397
2453.85	98.6429
2455.77	98.524
2457.7	98.4761
2459.63	98.5615
2461.56	98.6665
2463.49	98.7288
2465.42	98.7613
2467.35	98.7514
2469.28	98.7044
2471.21	98.6803
2473.14	98.7322
2475.07	98.8727
2476.99	99.0255
2478.92	99.0467
2480.85	98.9426
2482.78	98.9017
2484.71	98.9843
2486.64	99.0553
2488.57	99.0495
2490.5	99.008
2492.43	98.9583
2494.36	98.949
2496.29	98.9869
2498.22	98.9339
2500.14	98.7425
2502.07	98.6328
2504	98.7624
2505.93	98.95
2507.86	98.9653
2509.79	98.8872
2511.72	98.9263
2513.65	99.0286
2515.58	98.9709
2517.51	98.7929
2519.44	98.7366
2521.36	98.8114
2523.29	98.834
2525.22	98.7717
2527.15	98.724
2529.08	98.7641
2531.01	98.9016
2532.94	98.9895
2534.87	98.8532
2536.8	98.636
2538.73	98.6189
2540.66	98.7312
2542.58	98.7028
2544.51	98.5465
2546.44	98.4992
2548.37	98.6337
2550.3	98.7699
2552.23	98.7328
2554.16	98.5824
2556.09	98.5084
2558.02	98.5951
2559.95	98.7829
2561.88	98.9185
2563.81	98.8598
2565.73	98.6717
2567.66	98.5375
2569.59	98.4565
2571.52	98.352
2573.45	98.3182
2575.38	98.4088
2577.31	98.4664
2579.24	98.4039
2581.17	98.3537
2583.1	98.4364
2585.03	98.6011
2586.95	98.7082
2588.88	98.6891
2590.81	98.5988
2592.74	98.4968
2594.67	98.3697
2596.6	98.2198
2598.53	98.1057
2600.46	98.0658
2602.39	98.0939
2604.32	98.1785
2606.25	98.2909
2608.18	98.3421
2610.1	98.2405
2612.03	98.0343
2613.96	97.8817
2615.89	97.8462
2617.82	97.8585
2619.75	97.8554
2621.68	97.8239
2623.61	97.7838
2625.54	97.7756
2627.47	97.7864
2629.4	97.7653
2631.32	97.7453
2633.25	97.7745
2635.18	97.78
2637.11	97.6899
2639.04	97.5727
2640.97	97.5279
2642.9	97.5702
2644.83	97.6361
2646.76	97.6357
2648.69	97.5621
2650.62	97.5161
2652.54	97.535
2654.47	97.5279
2656.4	97.4579
2658.33	97.4051
2660.26	97.403
2662.19	97.3889
2664.12	97.3334
2666.05	97.2875
2667.98	97.2881
2669.91	97.2938
2671.84	97.2564
2673.77	97.2151
2675.69	97.2303
2677.62	97.2581
2679.55	97.2339
2681.48	97.2165
2683.41	97.2546
2685.34	97.2564
2687.27	97.201
2689.2	97.2187
2691.13	97.2887
2693.06	97.2288
2694.99	97.0757
2696.91	97.0321
2698.84	97.0766
2700.77	97.0562
2702.7	96.9963
2704.63	96.9809
2706.56	96.9763
2708.49	96.9664
2710.42	96.999
2712.35	97.0516
2714.28	97.0582
2716.21	97.0119
2718.14	96.924
2720.06	96.8
2721.99	96.7039
2723.92	96.7068
2725.85	96.7601
2727.78	96.7653
2729.71	96.7444
2731.64	96.7715
2733.57	96.8018
2735.5	96.7555
2737.43	96.6704
2739.36	96.6205
2741.28	96.6071
2743.21	96.5992
2745.14	96.5777
2747.07	96.5508
2749	96.5554
2750.93	96.5988
2752.86	96.6549
2754.79	96.7181
2756.72	96.7557
2758.65	96.7057
2760.58	96.6139
2762.51	96.5929
2764.43	96.6276
2766.36	96.6069
2768.29	96.5018
2770.22	96.381
2772.15	96.3181
2774.08	96.3228
2776.01	96.3389
2777.94	96.3288
2779.87	96.3188
2781.8	96.3391
2783.73	96.3743
2785.65	96.3762
2787.58	96.3133
2789.51	96.2276
2791.44	96.1896
2793.37	96.1994
2795.3	96.2187
2797.23	96.2372
2799.16	96.2324
2801.09	96.1892
2803.02	96.1576
2804.95	96.1606
2806.87	96.1339
2808.8	96.0501
2810.73	95.9587
2812.66	95.8681
2814.59	95.7403
2816.52	95.5896
2818.45	95.4757
2820.38	95.4144
2822.31	95.3579
2824.24	95.2603
2826.17	95.1201
2828.1	94.9498
2830.02	94.7595
2831.95	94.5806
2833.88	94.4385
2835.81	94.3131
2837.74	94.1709
2839.67	93.9869
2841.6	93.7324
2843.53	93.4362
2845.46	93.2135
2847.39	93.1303
2849.32	93.0863
2851.24	92.8992
2853.17	92.4722
2855.1	91.8633
2857.03	91.2212
2858.96	90.6508
2860.89	90.1521
2862.82	89.7138
2864.75	89.3755
2866.68	89.1214
2868.61	88.8374
2870.54	88.4916
2872.47	88.2327
2874.39	88.1812
2876.32	88.2764
2878.25	88.4508
2880.18	88.7569
2882.11	89.194
2884.04	89.5912
2885.97	89.7788
2887.9	89.7793
2889.83	89.7581
2891.76	89.8105
2893.69	89.861
2895.61	89.8316
2897.54	89.8012
2899.47	89.8567
2901.4	89.9138
2903.33	89.8509
2905.26	89.7145
2907.19	89.6547
2909.12	89.6968
2911.05	89.6886
2912.98	89.5206
2914.91	89.2811
2916.83	89.0809
2918.76	88.8759
2920.69	88.5762
2922.62	88.1712
2924.55	87.7072
2926.48	87.2643
2928.41	86.8986
2930.34	86.6072
2932.27	86.4362
2934.2	86.4665
2936.13	86.6424
2938.06	86.8749
2939.98	87.2056
2941.91	87.5787
2943.84	87.7445
2945.77	87.6246
2947.7	87.376
2949.63	87.0115
2951.56	86.4121
2953.49	85.684
2955.42	85.0792
2957.35	84.6915
2959.28	84.5337
2961.2	84.7131
2963.13	85.3171
2965.06	86.2891
2966.99	87.4954
2968.92	88.7595
2970.85	89.8191
2972.78	90.474
2974.71	90.8241
2976.64	91.1476
2978.57	91.5787
2980.5	92.1084
2982.43	92.7301
2984.35	93.3099
2986.28	93.6045
2988.21	93.6552
2990.14	93.7448
2992.07	93.9276
2994	94.1042
2995.93	94.3351
2997.86	94.6706
2999.79	95.0397
3001.72	95.4117
3003.65	95.716
3005.57	95.8654
3007.5	95.9977
3009.43	96.2362
3011.36	96.4261
3013.29	96.5098
3015.22	96.6234
3017.15	96.6734
3019.08	96.52
3021.01	96.4149
3022.94	96.6222
3024.87	96.9819
3026.79	97.222
3028.72	97.3101
3030.65	97.3537
3032.58	97.4227
3034.51	97.4929
3036.44	97.4976
3038.37	97.4304
3040.3	97.3578
3042.23	97.3355
3044.16	97.3164
3046.09	97.2289
3048.02	97.2328
3049.94	97.5585
3051.87	97.9568
3053.8	97.9388
3055.73	97.6031
3057.66	97.4277
3059.59	97.4783
3061.52	97.5533
3063.45	97.6218
3065.38	97.6358
3067.31	97.5007
3069.24	97.3351
3071.16	97.2798
3073.09	97.2935
3075.02	97.3456
3076.95	97.4228
3078.88	97.3999
3080.81	97.2425
3082.74	97.1463
3084.67	97.2651
3086.6	97.4737
3088.53	97.506
3090.46	97.3181
3092.39	97.1671
3094.31	97.1855
3096.24	97.1753
3098.17	97.0458
3100.1	97
3102.03	97.0997
3103.96	97.1561
3105.89	97.1056
3107.82	97.0745
3109.75	97.1167
3111.68	97.1383
3113.61	97.0559
3115.53	96.9655
3117.46	97.0284
3119.39	97.1651
3121.32	97.1518
3123.25	97.0227
3125.18	96.9876
3127.11	97.045
3129.04	97.0715
3130.97	97.1092
3132.9	97.2337
3134.83	97.322
3136.75	97.2105
3138.68	96.9634
3140.61	96.78
3142.54	96.7624
3144.47	96.9159
3146.4	97.1905
3148.33	97.4016
3150.26	97.3705
3152.19	97.1828
3154.12	97.0431
3156.05	97.0049
3157.98	97.0075
3159.9	96.9788
3161.83	96.9064
3163.76	96.8973
3165.69	96.9854
3167.62	97.0069
3169.55	96.9133
3171.48	96.8624
3173.41	96.8597
3175.34	96.7714
3177.27	96.6657
3179.2	96.7285
3181.12	96.9508
3183.05	97.1278
3184.98	97.0873
3186.91	96.9025
3188.84	96.805
3190.77	96.8242
3192.7	96.7887
3194.63	96.7055
3196.56	96.7614
3198.49	96.9881
3200.42	97.2174
3202.35	97.2787
3204.27	97.1479
3206.2	96.9923
3208.13	96.9442
3210.06	96.8824
3211.99	96.7202
3213.92	96.6242
3215.85	96.6472
3217.78	96.6157
3219.71	96.5436
3221.64	96.5886
3223.57	96.6626
3225.49	96.6099
3227.42	96.5074
3229.35	96.4792
3231.28	96.5457
3233.21	96.6674
3235.14	96.7187
3237.07	96.6605
3239	96.6713
3240.93	96.751
3242.86	96.6222
3244.79	96.3024
3246.72	96.1148
3248.64	96.0744
3250.57	95.9697
3252.5	95.8718
3254.43	95.997
3256.36	96.2763
3258.29	96.4113
3260.22	96.2879
3262.15	96.1386
3264.08	96.1587
3266.01	96.195
3267.94	96.0996
3269.86	96.0314
3271.79	96.0873
3273.72	96.0964
3275.65	95.9763
3277.58	95.8704
3279.51	95.884
3281.44	95.9721
3283.37	96.028
3285.3	96.0007
3287.23	95.9605
3289.16	95.9509
3291.08	95.8607
3293.01	95.656
3294.94	95.5357
3296.87	95.6033
3298.8	95.6704
3300.73	95.6191
3302.66	95.5895
3304.59	95.6088
3306.52	95.5033
3308.45	95.3097
3310.38	95.2748
3312.31	95.4136
3314.23	95.5024
3316.16	95.4321
3318.09	95.2975
3320.02	95.2502
3321.95	95.2862
3323.88	95.2107
3325.81	95.0314
3327.74	95.0835
3329.67	95.4081
3331.6	95.5801
3333.53	95.4421
3335.45	95.2719
3337.38	95.1912
3339.31	95.1211
3341.24	95.0807
3343.17	95.0688
3345.1	95.0273
3347.03	94.9852
3348.96	94.9212
3350.89	94.8157
3352.82	94.8359
3354.75	94.9679
3356.68	94.9555
3358.6	94.9035
3360.53	95.0726
3362.46	95.204
3364.39	95.0182
3366.32	94.8252
3368.25	94.8711
3370.18	94.9342
3372.11	94.9117
3374.04	94.9133
3375.97	94.8957
3377.9	94.8522
3379.82	94.9179
3381.75	95.0238
3383.68	94.9749
3385.61	94.8291
3387.54	94.7709
3389.47	94.7847
3391.4	94.74
3393.33	94.6485
3395.26	94.6396
3397.19	94.7287
3399.12	94.7837
3401.04	94.7278
3402.97	94.618
3404.9	94.554
3406.83	94.6111
3408.76	94.7422
3410.69	94.7711
3412.62	94.6837
3414.55	94.7057
3416.48	94.8681
3418.41	94.9039
3420.34	94.7613
3422.27	94.7123
3424.19	94.8267
3426.12	94.8968
3428.05	94.8521
3429.98	94.7981
3431.91	94.7914
3433.84	94.8069
3435.77	94.8355
3437.7	94.8939
3439.63	94.9452
3441.56	94.9474
3443.49	95.0061
3445.41	95.2231
3447.34	95.4299
3449.27	95.4272
3451.2	95.3124
3453.13	95.1908
3455.06	95.0026
3456.99	94.8508
3458.92	94.9521
3460.85	95.2318
3462.78	95.4415
3464.71	95.5117
3466.64	95.4657
3468.56	95.3044
3470.49	95.1444
3472.42	95.1008
3474.35	95.0723
3476.28	94.9767
3478.21	94.9707
3480.14	95.1344
3482.07	95.2583
3484	95.1743
3485.93	95.0186
3487.86	95.0152
3489.78	95.2102
3491.71	95.4342
3493.64	95.5175
3495.57	95.4765
3497.5	95.3768
3499.43	95.228
3501.36	95.1794
3503.29	95.3886
3505.22	95.5591
3507.15	95.3531
3509.08	95.1009
3511	95.2621
3512.93	95.5401
3514.86	95.4037
3516.79	95.033
3518.72	94.9392
3520.65	95.1132
3522.58	95.2174
3524.51	95.2697
3526.44	95.4693
3528.37	95.6527
3530.3	95.552
3532.23	95.2732
3534.15	95.1016
3536.08	95.177
3538.01	95.4022
3539.94	95.5045
3541.87	95.4055
3543.8	95.3204
3545.73	95.3287
3547.66	95.2911
3549.59	95.3052
3551.52	95.4895
3553.45	95.5364
3555.37	95.2245
3557.3	94.9201
3559.23	94.9696
3561.16	95.2547
3563.09	95.501
3565.02	95.6344
3566.95	95.6573
3568.88	95.6057
3570.81	95.6154
3572.74	95.7099
3574.67	95.7748
3576.6	95.725
3578.52	95.5805
3580.45	95.4226
3582.38	95.4381
3584.31	95.8111
3586.24	96.492
3588.17	97.1059
3590.1	97.3198
3592.03	97.226
3593.96	96.9811
3595.89	96.8605
3597.82	97.0862
3599.74	97.3802
3601.67	97.4135
3603.6	97.3264
3605.53	97.3382
3607.46	97.3423
3609.39	97.259
3611.32	97.3235
3613.25	97.6259
3615.18	97.9194
3617.11	98.0729
3619.04	98.147
3620.97	98.0417
3622.89	97.7704
3624.82	97.6372
3626.75	97.7535
3628.68	97.8588
3630.61	97.7464
3632.54	97.7124
3634.47	97.8682
3636.4	98.0088
3638.33	97.935
3640.26	97.7593
3642.19	97.8507
3644.11	98.2971
3646.04	98.6835
3647.97	98.699
3649.9	98.6742
3651.83	98.8867
3653.76	98.96
3655.69	98.7531
3657.62	98.4435
3659.55	98.1524
3661.48	97.7985
3663.41	97.5023
3665.33	97.5589
3667.26	97.9808
3669.19	98.5002
3671.12	98.8006
3673.05	98.8987
3674.98	98.9192
3676.91	98.7239
3678.84	98.3694
3680.77	98.1737
3682.7	98.2317
3684.63	98.3685
3686.56	98.4394
3688.48	98.5579
3690.41	98.6449
3692.34	98.4369
3694.27	98.286
3696.2	98.5371
3698.13	98.8853
3700.06	98.9134
3701.99	98.7877
3703.92	98.8292
3705.85	98.9248
3707.78	98.9559
3709.7	99.0096
3711.63	99.041
3713.56	98.8686
3715.49	98.6057
3717.42	98.4615
3719.35	98.4857
3721.28	98.6101
3723.21	98.8707
3725.14	99.3277
3727.07	99.6254
3729	99.4398
3730.93	99.1311
3732.85	99.2161
3734.78	99.4574
3736.71	99.0875
3738.64	98.5166
3740.57	98.5018
3742.5	99.039
3744.43	99.5334
3746.36	99.2872
3748.29	98.7714
3750.22	98.5478
3752.15	98.5092
3754.07	98.3949
3756	98.3276
3757.93	98.3741
3759.86	98.374
3761.79	98.2908
3763.72	98.2658
3765.65	98.288
3767.58	98.2835
3769.51	98.2518
3771.44	98.1382
3773.37	97.9832
3775.29	97.9818
3777.22	98.1085
3779.15	98.0851
3781.08	97.8726
3783.01	97.7332
3784.94	97.7516
3786.87	97.8767
3788.8	98.0365
3790.73	98.1168
3792.66	98.1316
3794.59	98.2389
3796.52	98.47
3798.44	98.6985
3800.37	98.8234
3802.3	98.7367
3804.23	98.5182
3806.16	98.3738
3808.09	98.2289
3810.02	97.9997
3811.95	97.926
3813.88	98.1637
3815.81	98.4792
3817.74	98.5251
3819.66	98.4409
3821.59	98.4267
3823.52	98.4286
3825.45	98.4014
3827.38	98.3376
3829.31	98.2535
3831.24	98.2315
3833.17	98.2579
3835.1	98.2485
3837.03	98.2821
3838.96	98.4438
3840.89	98.5304
3842.81	98.3756
3844.74	98.059
3846.67	97.7787
3848.6	97.7474
3850.53	98.0437
3852.46	98.4951
3854.39	98.5739
3856.32	98.2752
3858.25	98.0487
3860.18	97.9357
3862.11	97.8994
3864.03	97.9621
3865.96	98.0729
3867.89	98.1303
3869.82	98.124
3871.75	98.1113
3873.68	98.0908
3875.61	98.0473
3877.54	98.0672
3879.47	98.2476
3881.4	98.4758
3883.33	98.4651
3885.25	98.1849
3887.18	97.9814
3889.11	98.0451
3891.04	98.1224
3892.97	97.9969
3894.9	97.8625
3896.83	97.9031
3898.76	98.0727
3900.69	98.2876
3902.62	98.3541
3904.55	98.0974
3906.48	97.7949
3908.4	97.7572
3910.33	97.8221
3912.26	97.7853
3914.19	97.7763
3916.12	97.9444
3918.05	98.117
3919.98	98.0718
3921.91	97.875
3923.84	97.6896
3925.77	97.6158
3927.7	97.6461
3929.62	97.6954
3931.55	97.7117
3933.48	97.701
3935.41	97.7011
3937.34	97.7332
3939.27	97.7666
3941.2	97.7833
3943.13	97.8407
3945.06	97.949
3946.99	98.0105
3948.92	97.9939
3950.85	97.9627
3952.77	97.8988
3954.7	97.7308
3956.63	97.5337
3958.56	97.4661
3960.49	97.5129
3962.42	97.5384
3964.35	97.5551
3966.28	97.6442
3968.21	97.7066
3970.14	97.6107
3972.07	97.4622
3973.99	97.45
3975.92	97.5827
3977.85	97.7251
3979.78	97.7403
3981.71	97.6172
3983.64	97.53
3985.57	97.5904
3987.5	97.6358
3989.43	97.5462
3991.36	97.5004
3993.29	97.6233
3995.22	97.736
3997.14	97.684
