499.643	82.393
501.572	82.4319
503.501	82.3158
505.43	82.4756
507.36	83.0517
509.289	83.5384
511.218	83.5926
513.147	83.3173
515.076	82.9299
517.005	82.6584
518.934	82.705
520.863	83.075
522.792	83.6606
524.722	84.4123
526.651	85.1799
528.58	85.6245
530.509	85.5745
532.438	85.2816
534.367	85.2601
536.296	85.7408
538.225	86.3281
540.155	86.529
542.084	86.4114
544.013	86.3171
545.942	86.3346
547.871	86.447
549.8	86.6684
551.729	86.9085
553.658	87.1398
555.588	87.4227
557.517	87.5681
559.446	87.389
561.375	87.152
563.304	87.129
565.233	87.1978
567.162	87.2407
569.091	87.2533
571.021	87.1547
572.95	87.0387
574.879	87.1095
576.808	87.2641
578.737	87.3762
580.666	87.608
582.595	87.8994
584.524	87.9094
586.454	87.668
588.383	87.466
590.312	87.2654
592.241	86.9108
594.17	86.5909
596.099	86.5509
598.028	86.7005
599.957	86.7955
601.887	86.771
603.816	86.7885
605.745	87.0122
607.674	87.4228
609.603	87.8556
611.532	88.1734
613.461	88.401
615.39	88.6394
617.32	88.8193
619.249	88.773
621.178	88.6273
623.107	88.6476
625.036	88.7853
626.965	88.854
628.894	88.9144
630.823	89.0195
632.753	88.9782
634.682	88.6893
636.611	88.3063
638.54	87.9349
640.469	87.4855
642.398	86.8681
644.327	86.1947
646.256	85.6828
648.186	85.3813
650.115	85.1707
652.044	85.0042
653.973	84.9543
655.902	85.0252
657.831	85.2134
659.76	85.6976
661.689	86.4649
663.619	87.141
665.548	87.8337
667.477	89.1183
669.406	90.3356
671.335	90.4742
673.264	90.4983
675.193	90.8413
677.122	91.1949
679.052	91.3763
680.981	91.5013
682.91	91.5599
684.839	91.5705
686.768	91.6038
688.697	91.588
690.626	91.5044
692.555	91.4237
694.485	91.2863
696.414	91.0877
698.343	91.0236
700.272	91.133
702.201	91.1996
704.13	91.1233
706.059	91.0032
707.988	90.9032
709.917	90.8175
711.847	90.7518
713.776	90.7272
715.705	90.7927
717.634	90.9409
719.563	91.0001
721.492	90.8534
723.421	90.671
725.35	90.5799
727.28	90.4386
729.209	90.158
731.138	89.8409
733.067	89.5112
734.996	89.1119
736.925	88.7206
738.854	88.4526
740.783	88.2754
742.713	88.0788
744.642	87.8319
746.571	87.6475
748.5	87.6959
750.429	88.0106
752.358	88.4578
754.287	88.8905
756.216	89.1899
758.146	89.2743
760.075	89.2338
762.004	89.2304
763.933	89.1932
765.862	88.9267
767.791	88.4568
769.72	87.9112
771.649	87.1916
773.579	86.058
775.508	84.3446
777.437	81.8769
779.366	78.4415
781.295	74.1416
783.224	69.7042
785.153	66.2392
787.082	64.675
789.012	65.4384
790.941	68.423
792.87	72.907
794.799	77.6251
796.728	81.3774
798.657	83.6709
800.586	84.6787
802.515	84.7627
804.445	84.1729
806.374	82.9882
808.303	81.2089
810.232	79.0493
812.161	77.1341
814.09	76.1889
816.019	76.5111
817.948	77.8328
819.878	79.6079
821.807	81.3329
823.736	82.7098
825.665	83.6753
827.594	84.3006
829.523	84.6474
831.452	84.7332
833.381	84.5795
835.311	84.2023
837.24	83.5732
839.169	82.6525
841.098	81.4694
843.027	80.1615
844.956	78.9362
846.885	77.9512
848.814	77.1855
850.744	76.4506
852.673	75.6025
854.602	74.6966
856.531	73.8514
858.46	73.0827
860.389	72.4065
862.318	71.9661
864.247	71.9107
866.177	72.2294
868.106	72.7822
870.035	73.4202
871.964	74.0134
873.893	74.4288
875.822	74.5989
877.751	74.6062
879.68	74.5995
881.609	74.6583
883.539	74.8336
885.468	75.2006
887.397	75.7344
889.326	76.2752
891.255	76.6997
893.184	76.9821
895.113	77.1139
897.042	77.1417
898.972	77.2159
900.901	77.4793
902.83	77.9959
904.759	78.808
906.688	79.9186
908.617	81.1978
910.546	82.4042
912.475	83.307
914.405	83.768
916.334	83.7619
918.263	83.3564
920.192	82.6473
922.121	81.6818
924.05	80.4508
925.979	78.9634
927.908	77.2767
929.838	75.4191
931.767	73.3775
933.696	71.2217
935.625	69.1484
937.554	67.3692
939.483	66.0319
941.412	65.2095
943.341	64.855
945.271	64.8155
947.2	64.9807
949.129	65.3706
951.058	66.0546
952.987	67.0438
954.916	68.2613
956.845	69.5751
958.774	70.874
960.704	72.1225
962.633	73.3333
964.562	74.5184
966.491	75.6773
968.42	76.7838
970.349	77.7718
972.278	78.567
974.207	79.1413
976.137	79.505
978.066	79.6449
979.995	79.5269
981.924	79.1722
983.853	78.6514
985.782	78.0064
987.711	77.296
989.64	76.6781
991.57	76.2731
993.499	75.98
995.428	75.5524
997.357	74.7988
999.286	73.6589
1001.22	72.213
1003.14	70.6619
1005.07	69.2144
1007	68.0011
1008.93	67.0918
1010.86	66.4753
1012.79	65.9793
1014.72	65.3017
1016.65	64.1907
1018.58	62.5942
1020.51	60.6519
1022.44	58.5957
1024.36	56.705
1026.29	55.3086
1028.22	54.6737
1030.15	54.8007
1032.08	55.4029
1034.01	56.1554
1035.94	56.9234
1037.87	57.7357
1039.8	58.6276
1041.73	59.6033
1043.66	60.7076
1045.58	62.0244
1047.51	63.5773
1049.44	65.2729
1051.37	66.9408
1053.3	68.4192
1055.23	69.6438
1057.16	70.6829
1059.09	71.6425
1061.02	72.4963
1062.95	73.0387
1064.88	73.0659
1066.81	72.6319
1068.73	72.1006
1070.66	71.901
1072.59	72.2182
1074.52	72.9275
1076.45	73.7998
1078.38	74.6937
1080.31	75.5392
1082.24	76.2449
1084.17	76.7091
1086.1	76.8816
1088.03	76.7693
1089.95	76.4002
1091.88	75.7895
1093.81	74.9466
1095.74	73.9398
1097.67	72.9196
1099.6	72.0032
1101.53	71.1655
1103.46	70.3011
1105.39	69.3342
1107.32	68.2283
1109.25	66.992
1111.18	65.7152
1113.1	64.5099
1115.03	63.4
1116.96	62.325
1118.89	61.2136
1120.82	60.0115
1122.75	58.6919
1124.68	57.272
1126.61	55.7897
1128.54	54.2756
1130.47	52.7662
1132.4	51.3006
1134.32	49.8846
1136.25	48.4988
1138.18	47.1496
1140.11	45.8744
1142.04	44.7148
1143.97	43.7083
1145.9	42.871
1147.83	42.1764
1149.76	41.5803
1151.69	41.0622
1153.62	40.6362
1155.55	40.3537
1157.47	40.2975
1159.4	40.5442
1161.33	41.1328
1163.26	42.0699
1165.19	43.3448
1167.12	44.9289
1169.05	46.7662
1170.98	48.78
1172.91	50.9044
1174.84	53.1037
1176.77	55.3528
1178.69	57.6125
1180.62	59.8303
1182.55	61.9517
1184.48	63.9365
1186.41	65.774
1188.34	67.479
1190.27	69.0842
1192.2	70.6349
1194.13	72.1697
1196.06	73.6999
1197.99	75.2049
1199.91	76.6161
1201.84	77.7981
1203.77	78.6045
1205.7	78.9915
1207.63	79.0043
1209.56	78.65
1211.49	77.9906
1213.42	77.2456
1215.35	76.336
1217.28	74.5969
1219.21	71.6955
1221.14	68.3466
1223.06	65.304
1224.99	62.4637
1226.92	59.39
1228.85	55.9992
1230.78	52.4569
1232.71	48.9742
1234.64	45.8631
1236.57	43.4138
1238.5	41.6664
1240.43	40.4323
1242.36	39.4786
1244.28	38.6361
1246.21	37.8225
1248.14	37.0349
1250.07	36.3155
1252	35.726
1253.93	35.3579
1255.86	35.3313
1257.79	35.7443
1259.72	36.6071
1261.65	37.8556
1263.58	39.4331
1265.51	41.3017
1267.43	43.3898
1269.36	45.5916
1271.29	47.7935
1273.22	49.9043
1275.15	51.8998
1277.08	53.7991
1279.01	55.6133
1280.94	57.3568
1282.87	59.052
1284.8	60.6887
1286.73	62.2044
1288.65	63.5061
1290.58	64.5309
1292.51	65.2848
1294.44	65.8188
1296.37	66.2603
1298.3	66.8686
1300.23	67.9241
1302.16	69.5344
1304.09	71.5983
1306.02	73.8893
1307.95	76.112
1309.87	77.96
1311.8	79.1816
1313.73	79.6308
1315.66	79.3126
1317.59	78.3831
1319.52	77.2533
1321.45	76.6029
1323.38	76.9158
1325.31	78.1789
1327.24	80.0215
1329.17	81.9692
1331.1	83.6754
1333.02	84.9344
1334.95	85.7313
1336.88	86.2804
1338.81	86.8069
1340.74	87.4049
1342.67	88.1429
1344.6	89.078
1346.53	90.1326
1348.46	91.1115
1350.39	91.8128
1352.32	92.0422
1354.24	91.6592
1356.17	90.8808
1358.1	90.2728
1360.03	90.1307
1361.96	90.238
1363.89	90.1047
1365.82	89.3758
1367.75	87.9997
1369.68	86.3258
1371.61	84.8756
1373.54	83.7168
1375.47	82.722
1377.39	82.0157
1379.32	81.5962
1381.25	81.3219
1383.18	81.2107
1385.11	81.3936
1387.04	81.9666
1388.97	82.7148
1390.9	83.2311
1392.83	83.3733
1394.76	83.1147
1396.69	82.4799
1398.61	81.6113
1400.54	80.7893
1402.47	80.2905
1404.4	80.2174
1406.33	80.5637
1408.26	81.1956
1410.19	82.0424
1412.12	83.1165
1414.05	84.241
1415.98	85.3455
1417.91	86.5504
1419.83	87.5872
1421.76	88.1254
1423.69	88.331
1425.62	88.3619
1427.55	88.1707
1429.48	87.5022
1431.41	86.3812
1433.34	85.2416
1435.27	83.9645
1437.2	82.1913
1439.13	80.5592
1441.06	79.4724
1442.98	78.6337
1444.91	78.0216
1446.84	77.6306
1448.77	77.1789
1450.7	76.7596
1452.63	76.8039
1454.56	77.425
1456.49	78.6153
1458.42	79.9399
1460.35	80.9
1462.28	81.9107
1464.2	83.2767
1466.13	84.6725
1468.06	85.7565
1469.99	86.8943
1471.92	88.2646
1473.85	89.2652
1475.78	89.6777
1477.71	90.0483
1479.64	90.4816
1481.57	90.9149
1483.5	91.3859
1485.43	91.9326
1487.35	92.5906
1489.28	93.2903
1491.21	93.7816
1493.14	94.1529
1495.07	94.6449
1497	95.211
1498.93	95.577
1500.86	95.7635
1502.79	95.9937
1504.72	96.3934
1506.65	96.8951
1508.57	96.9436
1510.5	96.6898
1512.43	96.6071
1514.36	96.7539
1516.29	96.9994
1518.22	97.1927
1520.15	97.2809
1522.08	97.2348
1524.01	97.1309
1525.94	97.0615
1527.87	97.0244
1529.8	97.0279
1531.72	97.0902
1533.65	97.1471
1535.58	97.1763
1537.51	97.3558
1539.44	97.7908
1541.37	97.9749
1543.3	97.5454
1545.23	97.1051
1547.16	96.9046
1549.09	96.9003
1551.02	96.959
1552.94	97.0138
1554.87	97.1657
1556.8	97.4953
1558.73	97.6579
1560.66	97.2484
1562.59	96.8525
1564.52	96.6764
1566.45	96.6678
1568.38	96.6891
1570.31	96.5192
1572.24	96.3092
1574.16	96.3084
1576.09	96.3617
1578.02	96.1592
1579.95	95.9153
1581.88	95.8442
1583.81	95.874
1585.74	95.9054
1587.67	95.9303
1589.6	95.9577
1591.53	95.9844
1593.46	96.0119
1595.39	96.0177
1597.31	95.9768
1599.24	95.9119
1601.17	95.8394
1603.1	95.7187
1605.03	95.5644
1606.96	95.4777
1608.89	95.4298
1610.82	95.2928
1612.75	95.1681
1614.68	95.1575
1616.61	94.9825
1618.53	94.5118
1620.46	94.1153
1622.39	93.7558
1624.32	93.2095
1626.25	92.5429
1628.18	91.7419
1630.11	90.8385
1632.04	90.1548
1633.97	89.7014
1635.9	89.1107
1637.83	88.6843
1639.76	89.1834
1641.68	90.4339
1643.61	91.9084
1645.54	93.3271
1647.47	94.3633
1649.4	94.7804
1651.33	95.0255
1653.26	95.2941
1655.19	95.1394
1657.12	94.8609
1659.05	94.81
1660.98	94.8807
1662.9	94.7824
1664.83	94.556
1666.76	94.4997
1668.69	94.559
1670.62	94.3867
1672.55	94.0671
1674.48	93.7802
1676.41	93.3446
1678.34	92.924
1680.27	92.765
1682.2	92.6009
1684.12	92.037
1686.05	91.2863
1687.98	90.5344
1689.91	89.6879
1691.84	88.7681
1693.77	87.6254
1695.7	86.2137
1697.63	84.6341
1699.56	82.2803
1701.49	79.1375
1703.42	76.2635
1705.35	73.3685
1707.27	69.9009
1709.2	66.517
1711.13	63.6314
1713.06	61.0243
1714.99	58.9108
1716.92	57.3192
1718.85	55.9336
1720.78	55.4952
1722.71	56.2935
1724.64	57.8691
1726.57	59.9205
1728.49	62.1943
1730.42	64.3129
1732.35	66.026
1734.28	67.0524
1736.21	67.16
1738.14	66.459
1740.07	65.0117
1742	63.2435
1743.93	62.0426
1745.86	61.5881
1747.79	61.7927
1749.72	62.9725
1751.64	64.8367
1753.57	66.9177
1755.5	69.5833
1757.43	72.8962
1759.36	76.334
1761.29	79.7863
1763.22	83.16
1765.15	85.9481
1767.08	88.1986
1769.01	90.3056
1770.94	92.2184
1772.86	93.6661
1774.79	94.6124
1776.72	95.1882
1778.65	95.6509
1780.58	96.1479
1782.51	96.5003
1784.44	96.6804
1786.37	96.9091
1788.3	97.1966
1790.23	97.4684
1792.16	97.6547
1794.08	97.5775
1796.01	97.4078
1797.94	97.4185
1799.87	97.5035
1801.8	97.4769
1803.73	97.4301
1805.66	97.4053
1807.59	97.3446
1809.52	97.3011
1811.45	97.3007
1813.38	97.2936
1815.31	97.3044
1817.23	97.3585
1819.16	97.4413
1821.09	97.56
1823.02	97.6913
1824.95	97.7949
1826.88	97.8862
1828.81	97.9472
1830.74	97.9247
1832.67	97.8892
1834.6	97.9289
1836.53	97.9968
1838.45	97.9969
1840.38	97.9469
1842.31	97.9576
1844.24	98.0435
1846.17	98.0588
1848.1	97.9723
1850.03	97.9308
1851.96	98.0386
1853.89	98.2017
1855.82	98.2032
1857.75	98.038
1859.68	97.9591
1861.6	98.0979
1863.53	98.3572
1865.46	98.6315
1867.39	98.7939
1869.32	98.7338
1871.25	98.5994
1873.18	98.4807
1875.11	98.314
1877.04	98.2311
1878.97	98.3381
1880.9	98.4623
1882.82	98.5422
1884.75	98.6711
1886.68	98.7542
1888.61	98.6896
1890.54	98.598
1892.47	98.5763
1894.4	98.6013
1896.33	98.6722
1898.26	98.7645
1900.19	98.8313
1902.12	98.861
1904.05	98.8401
1905.97	98.8186
1907.9	98.9209
1909.83	99.1301
1911.76	99.2371
1913.69	99.1749
1915.62	99.1177
1917.55	99.1583
1919.48	99.1427
1921.41	99.0263
1923.34	99.0626
1925.27	99.3312
1927.19	99.5026
1929.12	99.3904
1931.05	99.2512
1932.98	99.3405
1934.91	99.545
1936.84	99.6568
1938.77	99.6886
1940.7	99.7315
1942.63	99.7491
1944.56	99.6809
1946.49	99.6073
1948.41	99.6417
1950.34	99.7593
1952.27	99.8371
1954.2	99.8765
1956.13	99.9823
1958.06	100.088
1959.99	100.076
1961.92	100.079
1963.85	100.188
1965.78	100.202
1967.71	100.067
1969.64	100.05
1971.56	100.248
1973.49	100.446
1975.42	100.477
1977.35	100.388
1979.28	100.305
1981.21	100.292
1983.14	100.384
1985.07	100.57
1987	100.67
1988.93	100.554
1990.86	100.421
1992.78	100.441
1994.71	100.439
1996.64	100.318
1998.57	100.242
2000.5	100.282
2002.43	100.336
2004.36	100.349
2006.29	100.373
2008.22	100.467
2010.15	100.569
2012.08	100.552
2014.01	100.475
2015.93	100.504
2017.86	100.576
2019.79	100.542
2021.72	100.523
2023.65	100.647
2025.58	100.721
2027.51	100.598
2029.44	100.551
2031.37	100.803
2033.3	101.041
2035.23	100.933
2037.15	100.714
2039.08	100.674
2041.01	100.669
2042.94	100.575
2044.87	100.568
2046.8	100.654
2048.73	100.628
2050.66	100.529
2052.59	100.535
2054.52	100.55
2056.45	100.427
2058.37	100.244
2060.3	100.037
2062.23	99.7527
2064.16	99.5895
2066.09	99.7717
2068.02	100.087
2069.95	100.223
2071.88	100.203
2073.81	100.114
2075.74	99.9526
2077.67	99.83
2079.6	99.8123
2081.52	99.7512
2083.45	99.6147
2085.38	99.5856
2087.31	99.6504
2089.24	99.6152
2091.17	99.5452
2093.1	99.6174
2095.03	99.7072
2096.96	99.6823
2098.89	99.6984
2100.82	99.7328
2102.74	99.5379
2104.67	99.2797
2106.6	99.3534
2108.53	99.6579
2110.46	99.8192
2112.39	99.773
2114.32	99.6456
2116.25	99.5299
2118.18	99.501
2120.11	99.5133
2122.04	99.4665
2123.97	99.4459
2125.89	99.5725
2127.82	99.7543
2129.75	99.854
2131.68	99.861
2133.61	99.813
2135.54	99.8002
2137.47	99.9518
2139.4	100.202
2141.33	100.287
2143.26	100.138
2145.19	100.007
2147.11	100.08
2149.04	100.268
2150.97	100.471
2152.9	100.672
2154.83	100.778
2156.76	100.743
2158.69	100.708
2160.62	100.669
2162.55	100.43
2164.48	100.114
2166.41	100.057
2168.33	100.208
2170.26	100.304
2172.19	100.371
2174.12	100.452
2176.05	100.381
2177.98	100.166
2179.91	99.9951
2181.84	99.9038
2183.77	99.9074
2185.7	100.062
2187.63	100.238
2189.56	100.335
2191.48	100.474
2193.41	100.642
2195.34	100.633
2197.27	100.416
2199.2	100.179
2201.13	100.087
2203.06	100.121
2204.99	100.066
2206.92	99.8971
2208.85	99.8961
2210.78	100.085
2212.7	100.147
2214.63	100.081
2216.56	100.116
2218.49	100.124
2220.42	99.9316
2222.35	99.7629
2224.28	99.784
2226.21	99.8125
2228.14	99.7615
2230.07	99.7936
2232	99.9648
2233.93	100.119
2235.85	100.107
2237.78	99.9433
2239.71	99.7925
2241.64	99.7898
2243.57	99.8701
2245.5	99.9405
2247.43	100.072
2249.36	100.253
2251.29	100.241
2253.22	100
2255.15	99.8675
2257.07	100.001
2259	100.139
2260.93	100.112
2262.86	100.068
2264.79	100.071
2266.72	100.025
2268.65	99.9819
2270.58	100.014
2272.51	99.97
2274.44	99.7683
2276.37	99.5879
2278.29	99.5399
2280.22	99.5856
2282.15	99.6911
2284.08	99.7219
2286.01	99.5719
2287.94	99.4653
2289.87	99.6107
2291.8	99.8314
2293.73	99.9735
2295.66	100.139
2297.59	100.33
2299.52	100.478
2301.44	100.659
2303.37	100.88
2305.3	101.077
2307.23	101.368
2309.16	101.794
2311.09	102.142
2313.02	102.38
2314.95	102.696
2316.88	103.141
2318.81	103.743
2320.74	104.49
2322.66	105.049
2324.59	105.275
2326.52	105.542
2328.45	105.984
2330.38	106.299
2332.31	106.442
2334.24	106.692
2336.17	107.039
2338.1	107.295
2340.03	107.542
2341.96	107.794
2343.89	107.336
2345.81	105.915
2347.74	104.837
2349.67	104.925
2351.6	106.12
2353.53	107.884
2355.46	109.288
2357.39	110.035
2359.32	110.398
2361.25	110.516
2363.18	110.327
2365.11	109.411
2367.03	107.888
2368.96	106.48
2370.89	105.242
2372.82	103.869
2374.75	102.576
2376.68	101.645
2378.61	100.928
2380.54	100.223
2382.47	99.5585
2384.4	98.979
2386.33	98.4697
2388.26	98.1289
2390.18	98.0716
2392.11	98.1687
2394.04	98.1783
2395.97	98.0699
2397.9	97.9822
2399.83	97.9764
2401.76	98.0048
2403.69	98.0423
2405.62	98.1161
2407.55	98.1975
2409.48	98.2049
2411.4	98.1653
2413.33	98.1783
2415.26	98.2256
2417.19	98.2381
2419.12	98.2341
2421.05	98.2329
2422.98	98.232
2424.91	98.2597
2426.84	98.2661
2428.77	98.1613
2430.7	98.029
2432.62	98.0086
2434.55	98.0687
2436.48	98.1532
2438.41	98.3163
2440.34	98.553
2442.27	98.7154
2444.2	98.6762
2446.13	98.4958
2448.06	98.3874
2449.99	98.4497
2451.92	98.5294
2453.85	98.4985
2455.77	98.4646
2457.7	98.5193
2459.63	98.5706
2461.56	98.5724
2463.49	98.6103
2465.42	98.6806
2467.35	98.6879
2469.28	98.6758
2471.21	98.7666
2473.14	98.9054
2475.07	98.9323
2476.99	98.8452
2478.92	98.7752
2480.85	98.7802
2482.78	98.8097
2484.71	98.8054
2486.64	98.7739
2488.57	98.7811
2490.5	98.8527
2492.43	98.9141
2494.36	98.8825
2496.29	98.7402
2498.22	98.5242
2500.14	98.3626
2502.07	98.4162
2504	98.6501
2505.93	98.8189
2507.86	98.7756
2509.79	98.641
2511.72	98.616
2513.65	98.7216
2515.58	98.7869
2517.51	98.7163
2519.44	98.6339
2521.36	98.6434
2523.29	98.6713
2525.22	98.6478
2527.15	98.5878
2529.08	98.5298
2531.01	98.5663
2532.94	98.7045
2534.87	98.7242
2536.8	98.5319
2538.73	98.3851
2540.66	98.4272
2542.58	98.4653
2544.51	98.4212
2546.44	98.4678
2548.37	98.6288
2550.3	98.695
2552.23	98.555
2554.16	98.3223
2556.09	98.1759
2558.02	98.249
2559.95	98.5556
2561.88	98.8696
2563.81	98.8822
2565.73	98.6328
2567.66	98.463
2569.59	98.4791
2571.52	98.5055
2573.45	98.5087
2575.38	98.5673
2577.31	98.5759
2579.24	98.4266
2581.17	98.2761
2583.1	98.3149
2585.03	98.4735
2586.95	98.5482
2588.88	98.4804
2590.81	98.3821
2592.74	98.347
2594.67	98.3387
2596.6	98.2726
2598.53	98.1522
2600.46	98.0664
2602.39	98.0616
2604.32	98.1001
2606.25	98.1445
2608.18	98.1743
2610.1	98.1413
2612.03	98.0267
2613.96	97.8919
2615.89	97.8081
2617.82	97.8008
2619.75	97.8455
2621.68	97.8649
2623.61	97.8079
2625.54	97.7248
2627.47	97.6678
2629.4	97.6083
2631.32	97.5415
2633.25	97.529
2635.18	97.5608
2637.11	97.5406
2639.04	97.459
2640.97	97.416
2642.9	97.4361
2644.83	97.4363
2646.76	97.3929
2648.69	97.3621
2650.62	97.3601
2652.54	97.3711
2654.47	97.39
2656.4	97.3715
2658.33	97.2826
2660.26	97.2056
2662.19	97.2157
2664.12	97.2464
2666.05	97.2307
2667.98	97.2083
2669.91	97.1872
2671.84	97.1139
2673.77	97.036
2675.69	97.0614
2677.62	97.1533
2679.55	97.1734
2681.48	97.0991
2683.41	97.0269
2685.34	97.0112
2687.27	97.0408
2689.2	97.0949
2691.13	97.1222
2693.06	97.075
2694.99	97.0137
2696.91	97.0189
2698.84	97.0266
2700.77	96.9504
2702.7	96.8587
2704.63	96.835
2706.56	96.847
2708.49	96.8714
2710.42	96.9171
2712.35	96.9262
2714.28	96.8794
2716.21	96.8639
2718.14	96.8876
2720.06	96.8491
2721.99	96.7406
2723.92	96.6496
2725.85	96.6112
2727.78	96.6091
2729.71	96.6176
2731.64	96.606
2733.57	96.5864
2735.5	96.6017
2737.43	96.6376
2739.36	96.6339
2741.28	96.565
2743.21	96.4637
2745.14	96.3989
2747.07	96.4137
2749	96.4724
2750.93	96.5148
2752.86	96.5401
2754.79	96.5885
2756.72	96.6577
2758.65	96.6692
2760.58	96.5666
2762.51	96.4278
2764.43	96.3585
2766.36	96.3392
2768.29	96.3236
2770.22	96.3287
2772.15	96.3298
2774.08	96.2872
2776.01	96.2437
2777.94	96.2103
2779.87	96.1538
2781.8	96.1543
2783.73	96.2613
2785.65	96.3144
2787.58	96.227
2789.51	96.164
2791.44	96.2089
2793.37	96.2164
2795.3	96.1151
2797.23	96.0293
2799.16	96.0474
2801.09	96.1008
2803.02	96.1014
2804.95	96.0602
2806.87	96.0205
2808.8	95.9656
2810.73	95.8606
2812.66	95.7171
2814.59	95.5864
2816.52	95.5228
2818.45	95.513
2820.38	95.4614
2822.31	95.3294
2824.24	95.1873
2826.17	95.0626
2828.1	94.9174
2830.02	94.7731
2831.95	94.6513
2833.88	94.4749
2835.81	94.2093
2837.74	93.9647
2839.67	93.82
2841.6	93.6917
2843.53	93.4819
2845.46	93.2402
2847.39	93.0615
2849.32	92.8921
2851.24	92.5849
2853.17	92.1124
2855.1	91.5725
2857.03	91.0461
2858.96	90.5584
2860.89	90.1026
2862.82	89.6706
2864.75	89.2991
2866.68	89.0172
2868.61	88.7535
2870.54	88.444
2872.47	88.185
2874.39	88.1098
2876.32	88.1979
2878.25	88.3547
2880.18	88.5794
2882.11	88.9154
2884.04	89.2877
2885.97	89.5304
2887.9	89.5942
2889.83	89.6007
2891.76	89.6466
2893.69	89.693
2895.61	89.6907
2897.54	89.6744
2899.47	89.681
2901.4	89.6771
2903.33	89.6214
2905.26	89.5466
2907.19	89.5058
2909.12	89.4652
2911.05	89.3543
2912.98	89.1811
2914.91	88.9954
2916.83	88.8262
2918.76	88.6949
2920.69	88.5527
2922.62	88.2566
2924.55	87.7382
2926.48	87.1102
2928.41	86.576
2930.34	86.2934
2932.27	86.2524
2934.2	86.3236
2936.13	86.4947
2938.06	86.8368
2939.98	87.2425
2941.91	87.5247
2943.84	87.6535
2945.77	87.6286
2947.7	87.3813
2949.63	86.9491
2951.56	86.4479
2953.49	85.8744
2955.42	85.2035
2957.35	84.6128
2959.28	84.3907
2961.2	84.6325
2963.13	85.2007
2965.06	86.0169
2966.99	87.1562
2968.92	88.5091
2970.85	89.6387
2972.78	90.2509
2974.71	90.5659
2976.64	90.968
2978.57	91.5375
2980.5	92.13
2982.43	92.6847
2984.35	93.1806
2986.28	93.4926
2988.21	93.6083
2990.14	93.7494
2992.07	94.0192
2994	94.2618
2995.93	94.4224
2997.86	94.6766
2999.79	95.1001
3001.72	95.5046
3003.65	95.7083
3005.57	95.8115
3007.5	96.005
3009.43	96.2119
3011.36	96.2891
3013.29	96.3938
3015.22	96.6333
3017.15	96.717
3019.08	96.5493
3021.01	96.5704
3022.94	96.9461
3024.87	97.2074
3026.79	97.1151
3028.72	97.0328
3030.65	97.185
3032.58	97.3533
3034.51	97.3696
3036.44	97.2895
3038.37	97.1828
3040.3	97.1631
3042.23	97.3024
3044.16	97.3694
3046.09	97.1861
3048.02	97.0866
3049.94	97.3512
3051.87	97.6409
3053.8	97.6383
3055.73	97.5453
3057.66	97.5019
3059.59	97.3672
3061.52	97.2249
3063.45	97.2975
3065.38	97.4729
3067.31	97.5154
3069.24	97.4562
3071.16	97.4028
3073.09	97.3381
3075.02	97.2898
3076.95	97.3439
3078.88	97.4249
3080.81	97.3635
3082.74	97.2022
3084.67	97.1678
3086.6	97.3201
3088.53	97.4595
3090.46	97.4253
3092.39	97.299
3094.31	97.2381
3096.24	97.2578
3098.17	97.2695
3100.1	97.2414
3102.03	97.1958
3103.96	97.1422
3105.89	97.1216
3107.82	97.1784
3109.75	97.2436
3111.68	97.2246
3113.61	97.1496
3115.53	97.0733
3117.46	97.0306
3119.39	97.0967
3121.32	97.2109
3123.25	97.1626
3125.18	97.0049
3127.11	97.0073
3129.04	97.1232
3130.97	97.1405
3132.9	97.137
3134.83	97.1812
3136.75	97.0813
3138.68	96.8573
3140.61	96.81
3142.54	96.9881
3144.47	97.1575
3146.4	97.2129
3148.33	97.2322
3150.26	97.2598
3152.19	97.2168
3154.12	97.0318
3156.05	96.8507
3157.98	96.8877
3159.9	97.0397
3161.83	97.0489
3163.76	96.9779
3165.69	97.0269
3167.62	97.0706
3169.55	96.8972
3171.48	96.6997
3173.41	96.7879
3175.34	96.9808
3177.27	96.8858
3179.2	96.6297
3181.12	96.6097
3183.05	96.7534
3184.98	96.7708
3186.91	96.7131
3188.84	96.6783
3190.77	96.5611
3192.7	96.4171
3194.63	96.422
3196.56	96.522
3198.49	96.6188
3200.42	96.7421
3202.35	96.8377
3204.27	96.8335
3206.2	96.7929
3208.13	96.7218
3210.06	96.5922
3211.99	96.5447
3213.92	96.6336
3215.85	96.653
3217.78	96.5317
3219.71	96.4512
3221.64	96.4463
3223.57	96.3828
3225.49	96.2663
3227.42	96.1808
3229.35	96.1408
3231.28	96.2078
3233.21	96.4154
3235.14	96.5783
3237.07	96.5322
3239	96.3895
3240.93	96.2804
3242.86	96.1819
3244.79	96.1255
3246.72	96.1534
3248.64	96.1348
3250.57	96.0024
3252.5	95.9541
3254.43	96.1218
3256.36	96.2916
3258.29	96.211
3260.22	95.9727
3262.15	95.843
3264.08	95.8517
3266.01	95.8545
3267.94	95.8555
3269.86	95.9282
3271.79	96.0034
3273.72	96.0162
3275.65	96.0168
3277.58	96.0151
3279.51	95.999
3281.44	96.0314
3283.37	96.0999
3285.3	96.0807
3287.23	95.9488
3289.16	95.7932
3291.08	95.6652
3293.01	95.5654
3294.94	95.4807
3296.87	95.398
3298.8	95.3524
3300.73	95.3928
3302.66	95.4808
3304.59	95.5128
3306.52	95.429
3308.45	95.2819
3310.38	95.2005
3312.31	95.2389
3314.23	95.2987
3316.16	95.2659
3318.09	95.1417
3320.02	95.0132
3321.95	94.9598
3323.88	94.9685
3325.81	94.9741
3327.74	95.0047
3329.67	95.1169
3331.6	95.198
3333.53	95.1141
3335.45	94.978
3337.38	94.963
3339.31	94.9998
3341.24	94.9393
3343.17	94.8388
3345.1	94.8361
3347.03	94.8653
3348.96	94.7724
3350.89	94.6428
3352.82	94.6816
3354.75	94.8509
3356.68	94.9771
3358.6	95.0439
3360.53	95.05
3362.46	94.9069
3364.39	94.738
3366.32	94.8078
3368.25	95.0472
3370.18	95.1372
3372.11	94.9887
3374.04	94.7609
3375.97	94.6203
3377.9	94.6607
3379.82	94.8421
3381.75	94.9835
3383.68	94.937
3385.61	94.7536
3387.54	94.6422
3389.47	94.7098
3391.4	94.7907
3393.33	94.7119
3395.26	94.6075
3397.19	94.6663
3399.12	94.7841
3401.04	94.785
3402.97	94.7109
3404.9	94.6663
3406.83	94.6513
3408.76	94.6506
3410.69	94.6533
3412.62	94.6005
3414.55	94.5079
3416.48	94.5357
3418.41	94.7521
3420.34	94.9591
3422.27	94.9692
3424.19	94.8951
3426.12	94.8843
3428.05	94.8749
3429.98	94.8404
3431.91	94.8553
3433.84	94.8492
3435.77	94.7595
3437.7	94.7463
3439.63	94.8341
3441.56	94.8315
3443.49	94.8253
3445.41	95.0633
3447.34	95.3829
3449.27	95.461
3451.2	95.3619
3453.13	95.2347
3455.06	94.9955
3456.99	94.6679
3458.92	94.5353
3460.85	94.759
3462.78	95.1098
3464.71	95.2399
3466.64	95.1718
3468.56	95.1906
3470.49	95.2904
3472.42	95.2545
3474.35	95.1775
3476.28	95.2829
3478.21	95.4306
3480.14	95.3979
3482.07	95.2808
3484	95.221
3485.93	95.1733
3487.86	95.1949
3489.78	95.4265
3491.71	95.6723
3493.64	95.6049
3495.57	95.3713
3497.5	95.3502
3499.43	95.4417
3501.36	95.369
3503.29	95.2777
3505.22	95.3045
3507.15	95.2358
3509.08	95.1411
3511	95.3229
3512.93	95.5494
3514.86	95.4321
3516.79	95.1943
3518.72	95.1843
3520.65	95.2823
3522.58	95.3126
3524.51	95.3742
3526.44	95.4921
3528.37	95.4868
3530.3	95.2733
3532.23	94.9946
3534.15	94.8662
3536.08	94.9663
3538.01	95.124
3539.94	95.1217
3541.87	95.0049
3543.8	94.9722
3545.73	95.1029
3547.66	95.3018
3549.59	95.4523
3551.52	95.5044
3553.45	95.4294
3555.37	95.235
3557.3	95.0217
3559.23	95.0074
3561.16	95.3462
3563.09	95.7833
3565.02	95.9037
3566.95	95.6825
3568.88	95.4994
3570.81	95.4525
3572.74	95.4009
3574.67	95.4309
3576.6	95.6556
3578.52	95.9225
3580.45	96.0195
3582.38	95.9973
3584.31	96.1255
3586.24	96.5359
3588.17	96.9173
3590.1	96.9167
3592.03	96.7867
3593.96	96.8256
3595.89	97.059
3597.82	97.3688
3599.74	97.6043
3601.67	97.6393
3603.6	97.5525
3605.53	97.4644
3607.46	97.2583
3609.39	96.9432
3611.32	96.9216
3613.25	97.3312
3615.18	97.8111
3617.11	98.0734
3619.04	98.0991
3620.97	97.9142
3622.89	97.6934
3624.82	97.5978
3626.75	97.559
3628.68	97.5202
3630.61	97.6007
3632.54	97.7085
3634.47	97.7
3636.4	97.7
3638.33	97.7883
3640.26	97.8102
3642.19	97.786
3644.11	97.9388
3646.04	98.1668
3647.97	98.0846
3649.9	97.8004
3651.83	97.8655
3653.76	98.0457
3655.69	98.0837
3657.62	98.1371
3659.55	98.2157
3661.48	98.0247
3663.41	97.6552
3665.33	97.615
3667.26	98.0125
3669.19	98.4065
3671.12	98.4764
3673.05	98.5982
3674.98	99.0108
3676.91	99.1761
3678.84	98.7285
3680.77	98.184
3682.7	97.9092
3684.63	97.857
3686.56	97.8519
3688.48	97.9461
3690.41	98.196
3692.34	98.3204
3694.27	98.3188
3696.2	98.445
3698.13	98.7001
3700.06	98.8226
3701.99	98.6623
3703.92	98.4485
3705.85	98.4914
3707.78	98.7807
3709.7	99.0753
3711.63	99.0409
3713.56	98.6445
3715.49	98.2591
3717.42	98.1194
3719.35	98.2249
3721.28	98.4679
3723.21	98.8262
3725.14	99.2259
3727.07	99.3456
3729	99.1637
3730.93	99.0744
3732.85	99.2581
3734.78	99.362
3736.71	98.9207
3738.64	98.2639
3740.57	97.9741
3742.5	98.2463
3744.43	98.749
3746.36	98.745
3748.29	98.6018
3750.22	98.8993
3752.15	99.0407
3754.07	98.5687
3756	98.2011
3757.93	98.1578
3759.86	98.0665
3761.79	97.8711
3763.72	97.8507
3765.65	97.8982
3767.58	97.767
3769.51	97.5799
3771.44	97.5364
3773.37	97.6163
3775.29	97.7707
3777.22	97.9103
3779.15	97.9102
3781.08	97.8773
3783.01	97.9336
3784.94	97.924
3786.87	97.7946
3788.8	97.7008
3790.73	97.6546
3792.66	97.6346
3794.59	97.822
3796.52	98.2681
3798.44	98.6439
3800.37	98.6645
3802.3	98.424
3804.23	98.2593
3806.16	98.2272
3808.09	98.1314
3810.02	97.9845
3811.95	98.0125
3813.88	98.2582
3815.81	98.5397
3817.74	98.6646
3819.66	98.6292
3821.59	98.4378
3823.52	98.2526
3825.45	98.2255
3827.38	98.1784
3829.31	98.0023
3831.24	97.907
3833.17	98.0018
3835.1	98.0827
3837.03	98.0634
3838.96	98.1354
3840.89	98.3141
3842.81	98.3445
3844.74	98.1194
3846.67	97.8175
3848.6	97.718
3850.53	97.915
3852.46	98.2431
3854.39	98.3247
3856.32	98.1959
3858.25	98.09
3860.18	97.9542
3862.11	97.8245
3864.03	97.8852
3865.96	98.091
3867.89	98.2413
3869.82	98.3219
3871.75	98.3039
3873.68	98.0902
3875.61	97.869
3877.54	97.9024
3879.47	98.1438
3881.4	98.2843
3883.33	98.1698
3885.25	97.9529
3887.18	97.8093
3889.11	97.7338
3891.04	97.6604
3892.97	97.6576
3894.9	97.7653
3896.83	97.8698
3898.76	97.9806
3900.69	98.179
3902.62	98.1963
3904.55	97.8141
3906.48	97.4812
3908.4	97.4933
3910.33	97.5722
3912.26	97.5367
3914.19	97.532
3916.12	97.6391
3918.05	97.7453
3919.98	97.7674
3921.91	97.6895
3923.84	97.531
3925.77	97.4262
3927.7	97.4546
3929.62	97.5095
3931.55	97.5376
3933.48	97.6175
3935.41	97.7505
3937.34	97.8453
3939.27	97.8617
3941.2	97.8164
3943.13	97.7601
3945.06	97.7386
3946.99	97.725
3948.92	97.6971
3950.85	97.7069
3952.77	97.7192
3954.7	97.6039
3956.63	97.4189
3958.56	97.3776
3960.49	97.4728
3962.42	97.5285
3964.35	97.559
3966.28	97.6491
3968.21	97.6975
3970.14	97.6306
3972.07	97.5793
3973.99	97.619
3975.92	97.6469
3977.85	97.6019
3979.78	97.5279
3981.71	97.4416
3983.64	97.3452
3985.57	97.2851
3987.5	97.2845
3989.43	97.3204
3991.36	97.404
3993.29	97.5492
3995.22	97.6465
3997.14	97.5554
