499.643	81.8262
501.572	82.3753
503.501	83.0001
505.43	83.1172
507.36	82.9679
509.289	82.813
511.218	82.7154
513.147	82.7528
515.076	82.7439
517.005	82.5397
518.934	82.5237
520.863	82.7954
522.792	82.9506
524.722	83.2471
526.651	84.1616
528.58	85.0037
530.509	85.0626
532.438	84.8181
534.367	84.8557
536.296	85.2561
538.225	86.0317
540.155	86.8455
542.084	87.0305
544.013	86.6669
545.942	86.4285
547.871	86.4403
549.8	86.4511
551.729	86.5575
553.658	86.8892
555.588	87.2476
557.517	87.4109
559.446	87.3235
561.375	87.0531
563.304	86.8322
565.233	86.8214
567.162	86.8254
569.091	86.6748
571.021	86.6204
572.95	86.8545
574.879	87.1275
576.808	87.2144
578.737	87.2594
580.666	87.4103
582.595	87.5673
584.524	87.603
586.454	87.4879
588.383	87.2248
590.312	86.9063
592.241	86.7322
594.17	86.7234
596.099	86.6545
598.028	86.4819
599.957	86.4289
601.887	86.555
603.816	86.7176
605.745	86.9418
607.674	87.3242
609.603	87.7383
611.532	88.0264
613.461	88.2494
615.39	88.48
617.32	88.5984
619.249	88.5314
621.178	88.4927
623.107	88.6362
625.036	88.7568
626.965	88.6992
628.894	88.6697
630.823	88.7368
632.753	88.6499
634.682	88.372
636.611	88.1362
638.54	87.9965
640.469	87.8131
642.398	87.4633
644.327	86.9403
646.256	86.4279
648.186	86.0859
650.115	85.8376
652.044	85.6578
653.973	85.72
655.902	85.9957
657.831	86.2935
659.76	86.6659
661.689	87.0833
663.619	87.395
665.548	88.0186
667.477	89.6195
669.406	90.9395
671.335	90.7364
673.264	90.5744
675.193	90.9808
677.122	91.4029
679.052	91.5844
680.981	91.7639
682.91	91.8616
684.839	91.8007
686.768	91.7652
688.697	91.7315
690.626	91.5734
692.555	91.3685
694.485	91.1769
696.414	90.9924
698.343	90.89
700.272	90.8619
702.201	90.7813
704.13	90.6557
706.059	90.5591
707.988	90.4337
709.917	90.2737
711.847	90.2162
713.776	90.2936
715.705	90.4215
717.634	90.5631
719.563	90.612
721.492	90.4259
723.421	90.1433
725.35	89.9815
727.28	89.8556
729.209	89.5989
731.138	89.2501
733.067	88.8699
734.996	88.4441
736.925	88.0275
738.854	87.6733
740.783	87.329
742.713	86.9505
744.642	86.5746
746.571	86.3102
748.5	86.3276
750.429	86.7005
752.358	87.2638
754.287	87.7679
756.216	88.096
758.146	88.2759
760.075	88.3906
762.004	88.4687
763.933	88.4305
765.862	88.2035
767.791	87.8113
769.72	87.261
771.649	86.4503
773.579	85.2429
775.508	83.511
777.437	81.0372
779.366	77.5581
781.295	73.1792
783.224	68.7207
785.153	65.3778
787.082	64.0075
789.012	64.8894
790.941	67.8977
792.87	72.4096
794.799	77.2062
796.728	81.0381
798.657	83.378
800.586	84.4301
802.515	84.5861
804.445	84.0978
806.374	83.0706
808.303	81.5384
810.232	79.6586
812.161	77.9177
814.09	76.9732
816.019	77.1829
817.948	78.3412
819.878	79.9019
821.807	81.396
823.736	82.6038
825.665	83.4675
827.594	83.9981
829.523	84.2376
831.452	84.2257
833.381	83.9958
835.311	83.5599
837.24	82.8694
839.169	81.8687
841.098	80.6063
843.027	79.2427
844.956	77.9705
846.885	76.9317
848.814	76.1288
850.744	75.4138
852.673	74.6413
854.602	73.8012
856.531	72.9627
858.46	72.1915
860.389	71.5763
862.318	71.2361
864.247	71.2337
866.177	71.5335
868.106	72.0608
870.035	72.7274
871.964	73.3878
873.893	73.8683
875.822	74.0899
877.751	74.1278
879.68	74.1343
881.609	74.228
883.539	74.4598
885.468	74.8323
887.397	75.2909
889.326	75.7306
891.255	76.0731
893.184	76.3011
895.113	76.4226
897.042	76.4822
898.972	76.5814
900.901	76.8347
902.83	77.3513
904.759	78.2159
906.688	79.3849
908.617	80.6681
910.546	81.862
912.475	82.7994
914.405	83.3149
916.334	83.3233
918.263	82.8908
920.192	82.1405
922.121	81.1504
924.05	79.952
925.979	78.5643
927.908	77.0082
929.838	75.2891
931.767	73.4021
933.696	71.4082
935.625	69.4648
937.554	67.7587
939.483	66.4582
941.412	65.6642
943.341	65.3161
945.271	65.2403
947.2	65.3436
949.129	65.6686
951.058	66.2821
952.987	67.1918
954.916	68.3182
956.845	69.5155
958.774	70.6725
960.704	71.7698
962.633	72.8291
964.562	73.8771
966.491	74.9459
968.42	76.0278
970.349	77.0377
972.278	77.8681
974.207	78.471
976.137	78.8528
978.066	79.0085
979.995	78.921
981.924	78.6092
983.853	78.1009
985.782	77.4048
987.711	76.6131
989.64	75.9463
991.57	75.5538
993.499	75.3224
995.428	74.9694
997.357	74.2796
999.286	73.2145
1001.22	71.8671
1003.14	70.3853
1005.07	68.933
1007	67.6715
1008.93	66.7062
1010.86	66.0135
1012.79	65.4144
1014.72	64.6309
1016.65	63.4266
1018.58	61.7554
1020.51	59.7766
1022.44	57.7337
1024.36	55.8906
1026.29	54.5536
1028.22	53.9648
1030.15	54.0995
1032.08	54.6777
1034.01	55.4011
1035.94	56.1324
1037.87	56.8868
1039.8	57.729
1041.73	58.7079
1043.66	59.8646
1045.58	61.233
1047.51	62.8143
1049.44	64.561
1051.37	66.3316
1053.3	67.8928
1055.23	69.1097
1057.16	70.0785
1059.09	70.9355
1061.02	71.6382
1062.95	72.019
1064.88	71.9521
1066.81	71.4864
1068.73	70.9201
1070.66	70.6603
1072.59	70.9262
1074.52	71.6341
1076.45	72.5516
1078.38	73.4854
1080.31	74.3322
1082.24	75.0166
1084.17	75.4549
1086.1	75.6037
1088.03	75.4748
1089.95	75.0675
1091.88	74.3679
1093.81	73.4345
1095.74	72.401
1097.67	71.3826
1099.6	70.4189
1101.53	69.4826
1103.46	68.5092
1105.39	67.4362
1107.32	66.2438
1109.25	64.9789
1111.18	63.7369
1113.1	62.5896
1115.03	61.5254
1116.96	60.481
1118.89	59.3984
1120.82	58.2269
1122.75	56.9439
1124.68	55.5907
1126.61	54.216
1128.54	52.8137
1130.47	51.3877
1132.4	49.991
1134.32	48.658
1136.25	47.3945
1138.18	46.2176
1140.11	45.1306
1142.04	44.1339
1143.97	43.2841
1145.9	42.6387
1147.83	42.1697
1149.76	41.8149
1151.69	41.5478
1153.62	41.3702
1155.55	41.3053
1157.47	41.4036
1159.4	41.7218
1161.33	42.3035
1163.26	43.1754
1165.19	44.3443
1167.12	45.7926
1169.05	47.4784
1170.98	49.3554
1172.91	51.3783
1174.84	53.4737
1176.77	55.5674
1178.69	57.6474
1180.62	59.7137
1182.55	61.7019
1184.48	63.5523
1186.41	65.2792
1188.34	66.9075
1190.27	68.442
1192.2	69.9173
1194.13	71.3858
1196.06	72.8622
1197.99	74.3094
1199.91	75.6396
1201.84	76.7157
1203.77	77.4001
1205.7	77.6411
1207.63	77.4692
1209.56	76.8993
1211.49	76.0113
1213.42	75.0261
1215.35	73.8608
1217.28	71.8819
1219.21	68.821
1221.14	65.4168
1223.06	62.3921
1224.99	59.645
1226.92	56.7889
1228.85	53.7419
1230.78	50.6176
1232.71	47.5966
1234.64	44.9397
1236.57	42.8244
1238.5	41.2501
1240.43	40.1243
1242.36	39.2915
1244.28	38.56
1246.21	37.8215
1248.14	37.0795
1250.07	36.3775
1252	35.7916
1253.93	35.4312
1255.86	35.3898
1257.79	35.738
1259.72	36.5203
1261.65	37.713
1263.58	39.2403
1265.51	41.0283
1267.43	43.0127
1269.36	45.1239
1271.29	47.2672
1273.22	49.3422
1275.15	51.3103
1277.08	53.1855
1279.01	54.9811
1280.94	56.7152
1282.87	58.4043
1284.8	60.0332
1286.73	61.5698
1288.65	62.9647
1290.58	64.1482
1292.51	65.0973
1294.44	65.8677
1296.37	66.5675
1298.3	67.3781
1300.23	68.5405
1302.16	70.2006
1304.09	72.2873
1306.02	74.5666
1307.95	76.7497
1309.87	78.5662
1311.8	79.8031
1313.73	80.3407
1315.66	80.1884
1317.59	79.4743
1319.52	78.5322
1321.45	77.9494
1323.38	78.1957
1325.31	79.3083
1327.24	80.9478
1329.17	82.655
1331.1	84.1252
1333.02	85.2066
1334.95	85.8988
1336.88	86.4026
1338.81	86.9441
1340.74	87.5924
1342.67	88.3386
1344.6	89.2131
1346.53	90.1981
1348.46	91.1423
1350.39	91.8053
1352.32	91.9719
1354.24	91.5477
1356.17	90.7588
1358.1	90.1348
1360.03	89.9894
1361.96	90.1359
1363.89	90.0419
1365.82	89.3217
1367.75	87.9459
1369.68	86.2701
1371.61	84.8354
1373.54	83.7339
1375.47	82.7757
1377.39	82.0226
1379.32	81.5208
1381.25	81.1706
1383.18	80.9928
1385.11	81.144
1387.04	81.7179
1388.97	82.428
1390.9	82.8709
1392.83	82.9946
1394.76	82.8021
1396.69	82.2473
1398.61	81.422
1400.54	80.6237
1402.47	80.1457
1404.4	80.0866
1406.33	80.4185
1408.26	81.0152
1410.19	81.8556
1412.12	82.9625
1414.05	84.1143
1415.98	85.2437
1417.91	86.5218
1419.83	87.6502
1421.76	88.2076
1423.69	88.3611
1425.62	88.3099
1427.55	88.0512
1429.48	87.3527
1431.41	86.2187
1433.34	85.0745
1435.27	83.8269
1437.2	82.0815
1439.13	80.3946
1441.06	79.2268
1442.98	78.3548
1444.91	77.7301
1446.84	77.3042
1448.77	76.8448
1450.7	76.467
1452.63	76.5329
1454.56	77.1738
1456.49	78.4768
1458.42	79.8772
1460.35	80.7303
1462.28	81.6137
1464.2	82.9112
1466.13	84.2667
1468.06	85.3056
1469.99	86.4363
1471.92	87.8805
1473.85	88.936
1475.78	89.2501
1477.71	89.4771
1479.64	89.8341
1481.57	90.2439
1483.5	90.6747
1485.43	91.1841
1487.35	91.9084
1489.28	92.7925
1491.21	93.3952
1493.14	93.7565
1495.07	94.2734
1497	94.9791
1498.93	95.4686
1500.86	95.6409
1502.79	95.8161
1504.72	96.2482
1506.65	96.9693
1508.57	97.1849
1510.5	96.8503
1512.43	96.6491
1514.36	96.7563
1516.29	97.0335
1518.22	97.2541
1520.15	97.3487
1522.08	97.3381
1524.01	97.3025
1525.94	97.2462
1527.87	97.1079
1529.8	96.9989
1531.72	97.0674
1533.65	97.2189
1535.58	97.28
1537.51	97.4575
1539.44	97.9759
1541.37	98.2507
1543.3	97.764
1545.23	97.2305
1547.16	96.9645
1549.09	96.9395
1551.02	97.0137
1552.94	97.0579
1554.87	97.1733
1556.8	97.557
1558.73	97.8897
1560.66	97.4763
1562.59	96.945
1564.52	96.6702
1566.45	96.6247
1568.38	96.6662
1570.31	96.5125
1572.24	96.2788
1574.16	96.2963
1576.09	96.4492
1578.02	96.2693
1579.95	95.9205
1581.88	95.7552
1583.81	95.7551
1585.74	95.7848
1587.67	95.8207
1589.6	95.8944
1591.53	95.976
1593.46	96.0122
1595.39	95.9854
1597.31	95.9145
1599.24	95.8375
1601.17	95.7691
1603.1	95.6793
1605.03	95.5761
1606.96	95.5345
1608.89	95.505
1610.82	95.3477
1612.75	95.1958
1614.68	95.2217
1616.61	95.1651
1618.53	94.7749
1620.46	94.3963
1622.39	94.0668
1624.32	93.5633
1626.25	92.9428
1628.18	92.2177
1630.11	91.3932
1632.04	90.7777
1633.97	90.4427
1635.9	90.008
1637.83	89.5877
1639.76	89.9174
1641.68	90.931
1643.61	92.206
1645.54	93.5708
1647.47	94.6451
1649.4	95.0182
1651.33	95.2032
1653.26	95.4962
1655.19	95.2996
1657.12	94.8641
1659.05	94.6755
1660.98	94.713
1662.9	94.6961
1664.83	94.5313
1666.76	94.4908
1668.69	94.6004
1670.62	94.486
1672.55	94.1398
1674.48	93.8038
1676.41	93.3528
1678.34	92.9099
1680.27	92.7456
1682.2	92.6869
1684.12	92.2886
1686.05	91.5369
1687.98	90.7128
1689.91	89.84
1691.84	88.9402
1693.77	87.8805
1695.7	86.5847
1697.63	85.0613
1699.56	82.7996
1701.49	79.8983
1703.42	77.2075
1705.35	74.3305
1707.27	70.8057
1709.2	67.3537
1711.13	64.3932
1713.06	61.7078
1714.99	59.4859
1716.92	57.7152
1718.85	56.1154
1720.78	55.4425
1722.71	55.9538
1724.64	57.1866
1726.57	58.8431
1728.49	60.7139
1730.42	62.5189
1732.35	64.0605
1734.28	65.007
1736.21	65.1291
1738.14	64.6223
1740.07	63.5261
1742	62.1213
1743.93	61.1818
1745.86	60.957
1747.79	61.4522
1749.72	62.8974
1751.64	64.8301
1753.57	66.8693
1755.5	69.537
1757.43	72.8863
1759.36	76.3309
1761.29	79.7726
1763.22	83.1289
1765.15	85.8705
1767.08	88.084
1769.01	90.2301
1770.94	92.2543
1772.86	93.7804
1774.79	94.698
1776.72	95.1963
1778.65	95.6051
1780.58	96.0981
1782.51	96.4786
1784.44	96.6804
1786.37	96.89
1788.3	97.1283
1790.23	97.3861
1792.16	97.6256
1794.08	97.5728
1796.01	97.3484
1797.94	97.3195
1799.87	97.4266
1801.8	97.3848
1803.73	97.2228
1805.66	97.1041
1807.59	97.0914
1809.52	97.1842
1811.45	97.2448
1813.38	97.1976
1815.31	97.1892
1817.23	97.2633
1819.16	97.2963
1821.09	97.3091
1823.02	97.4386
1824.95	97.6797
1826.88	97.8836
1828.81	97.9321
1830.74	97.8216
1832.67	97.7077
1834.6	97.7276
1836.53	97.8224
1838.45	97.8485
1840.38	97.8353
1842.31	97.9397
1844.24	98.1131
1846.17	98.1015
1848.1	97.9393
1850.03	97.8588
1851.96	97.9589
1853.89	98.1219
1855.82	98.1249
1857.75	97.9726
1859.68	97.8973
1861.6	97.9621
1863.53	98.0979
1865.46	98.3591
1867.39	98.665
1869.32	98.7104
1871.25	98.5397
1873.18	98.3995
1875.11	98.261
1877.04	98.1544
1878.97	98.2235
1880.9	98.3938
1882.82	98.4917
1884.75	98.4972
1886.68	98.4895
1888.61	98.5273
1890.54	98.5887
1892.47	98.6219
1894.4	98.6554
1896.33	98.6884
1898.26	98.6525
1900.19	98.603
1902.12	98.6562
1904.05	98.7724
1905.97	98.8338
1907.9	98.8412
1909.83	98.8812
1911.76	98.9655
1913.69	99.0221
1915.62	99.0615
1917.55	99.13
1919.48	99.1411
1921.41	99.0826
1923.34	99.1444
1925.27	99.3338
1927.19	99.4132
1929.12	99.3244
1931.05	99.2002
1932.98	99.1348
1934.91	99.1862
1936.84	99.3627
1938.77	99.6142
1940.7	99.9433
1942.63	100.247
1944.56	100.18
1946.49	99.7012
1948.41	99.3185
1950.34	99.4375
1952.27	99.8462
1954.2	100.123
1956.13	100.22
1958.06	100.231
1959.99	100.113
1961.92	99.9853
1963.85	100.027
1965.78	100.053
1967.71	99.8938
1969.64	99.8125
1971.56	99.9534
1973.49	100.094
1975.42	100.156
1977.35	100.239
1979.28	100.262
1981.21	100.159
1983.14	100.129
1985.07	100.283
1987	100.435
1988.93	100.488
1990.86	100.552
1992.78	100.555
1994.71	100.376
1996.64	100.255
1998.57	100.353
2000.5	100.403
2002.43	100.271
2004.36	100.269
2006.29	100.525
2008.22	100.727
2010.15	100.673
2012.08	100.544
2014.01	100.539
2015.93	100.609
2017.86	100.627
2019.79	100.609
2021.72	100.587
2023.65	100.535
2025.58	100.524
2027.51	100.623
2029.44	100.686
2031.37	100.599
2033.3	100.516
2035.23	100.53
2037.15	100.528
2039.08	100.543
2041.01	100.69
2042.94	100.803
2044.87	100.697
2046.8	100.573
2048.73	100.61
2050.66	100.588
2052.59	100.351
2054.52	100.093
2056.45	100.009
2058.37	100.068
2060.3	100.079
2062.23	99.8914
2064.16	99.6851
2066.09	99.7723
2068.02	100.032
2069.95	100.123
2071.88	100.079
2073.81	100.045
2075.74	99.9297
2077.67	99.7748
2079.6	99.7836
2081.52	99.8495
2083.45	99.7205
2085.38	99.5177
2087.31	99.4918
2089.24	99.552
2091.17	99.53
2093.1	99.5357
2095.03	99.6481
2096.96	99.7002
2098.89	99.6346
2100.82	99.5777
2102.74	99.5391
2104.67	99.4991
2106.6	99.5327
2108.53	99.5774
2110.46	99.5148
2112.39	99.475
2114.32	99.5824
2116.25	99.6616
2118.18	99.5818
2120.11	99.5062
2122.04	99.5556
2123.97	99.6114
2125.89	99.606
2127.82	99.6782
2129.75	99.876
2131.68	99.9901
2133.61	99.8958
2135.54	99.7932
2137.47	99.8812
2139.4	100.072
2141.33	100.185
2143.26	100.148
2145.19	100.011
2147.11	99.9243
2149.04	100.008
2150.97	100.159
2152.9	100.173
2154.83	100.079
2156.76	100.114
2158.69	100.342
2160.62	100.515
2162.55	100.452
2164.48	100.299
2166.41	100.243
2168.33	100.246
2170.26	100.244
2172.19	100.301
2174.12	100.404
2176.05	100.404
2177.98	100.258
2179.91	100.069
2181.84	99.9148
2183.77	99.8469
2185.7	99.9561
2187.63	100.239
2189.56	100.492
2191.48	100.527
2193.41	100.393
2195.34	100.215
2197.27	100.013
2199.2	99.8695
2201.13	99.912
2203.06	100.035
2204.99	100.06
2206.92	100.087
2208.85	100.227
2210.78	100.319
2212.7	100.254
2214.63	100.149
2216.56	100.074
2218.49	99.9897
2220.42	99.905
2222.35	99.859
2224.28	99.8369
2226.21	99.7986
2228.14	99.8049
2230.07	99.993
2232	100.303
2233.93	100.48
2235.85	100.456
2237.78	100.353
2239.71	100.215
2241.64	100.102
2243.57	100.101
2245.5	100.101
2247.43	100.031
2249.36	100.073
2251.29	100.227
2253.22	100.193
2255.15	99.9313
2257.07	99.7448
2259	99.7917
2260.93	99.9773
2262.86	100.169
2264.79	100.251
2266.72	100.153
2268.65	99.9519
2270.58	99.8018
2272.51	99.7526
2274.44	99.7391
2276.37	99.7356
2278.29	99.784
2280.22	99.8629
2282.15	99.8697
2284.08	99.7612
2286.01	99.6379
2287.94	99.6758
2289.87	99.938
2291.8	100.276
2293.73	100.533
2295.66	100.73
2297.59	100.912
2299.52	101.049
2301.44	101.231
2303.37	101.598
2305.3	102.101
2307.23	102.64
2309.16	103.242
2311.09	103.854
2313.02	104.335
2314.95	104.72
2316.88	105.194
2318.81	105.938
2320.74	106.972
2322.66	107.935
2324.59	108.49
2326.52	108.89
2328.45	109.484
2330.38	110.129
2332.31	110.541
2334.24	110.79
2336.17	111.036
2338.1	111.337
2340.03	111.839
2341.96	112.375
2343.89	111.875
2345.81	109.951
2347.74	108.3
2349.67	108.091
2351.6	109.444
2353.53	111.895
2355.46	114.146
2357.39	115.551
2359.32	116.424
2361.25	116.52
2363.18	115.524
2365.11	113.752
2367.03	112.027
2368.96	110.706
2370.89	109.208
2372.82	107.218
2374.75	105.212
2376.68	103.565
2378.61	102.204
2380.54	101.008
2382.47	99.9829
2384.4	99.166
2386.33	98.6054
2388.26	98.3113
2390.18	98.1631
2392.11	98.0201
2394.04	97.9083
2395.97	97.9053
2397.9	97.9468
2399.83	97.9337
2401.76	97.8809
2403.69	97.8691
2405.62	97.947
2407.55	98.0567
2409.48	98.0828
2411.4	98.0523
2413.33	98.1004
2415.26	98.2155
2417.19	98.2841
2419.12	98.2993
2421.05	98.3055
2422.98	98.3018
2424.91	98.2776
2426.84	98.1988
2428.77	98.058
2430.7	97.9708
2432.62	98.0274
2434.55	98.1371
2436.48	98.1826
2438.41	98.1879
2440.34	98.2529
2442.27	98.3904
2444.2	98.4612
2446.13	98.3631
2448.06	98.2355
2449.99	98.2403
2451.92	98.2892
2453.85	98.2805
2455.77	98.3217
2457.7	98.4481
2459.63	98.5021
2461.56	98.4603
2463.49	98.4727
2465.42	98.5442
2467.35	98.5543
2469.28	98.5076
2471.21	98.4936
2473.14	98.5523
2475.07	98.6868
2476.99	98.8328
2478.92	98.8808
2480.85	98.8379
2482.78	98.7926
2484.71	98.7457
2486.64	98.6927
2488.57	98.7025
2490.5	98.7501
2492.43	98.7293
2494.36	98.6568
2496.29	98.6013
2498.22	98.5497
2500.14	98.5365
2502.07	98.6332
2504	98.7355
2505.93	98.6949
2507.86	98.5948
2509.79	98.5892
2511.72	98.6597
2513.65	98.7141
2515.58	98.6869
2517.51	98.5442
2519.44	98.3835
2521.36	98.359
2523.29	98.445
2525.22	98.4952
2527.15	98.4607
2529.08	98.4039
2531.01	98.4332
2532.94	98.5726
2534.87	98.6346
2536.8	98.4864
2538.73	98.3292
2540.66	98.351
2542.58	98.4116
2544.51	98.4034
2546.44	98.4747
2548.37	98.64
2550.3	98.6436
2552.23	98.4027
2554.16	98.1821
2556.09	98.205
2558.02	98.4216
2559.95	98.6782
2561.88	98.8163
2563.81	98.7134
2565.73	98.4829
2567.66	98.3746
2569.59	98.3546
2571.52	98.2203
2573.45	98.0921
2575.38	98.2115
2577.31	98.4108
2579.24	98.375
2581.17	98.2098
2583.1	98.2139
2585.03	98.3458
2586.95	98.3647
2588.88	98.2612
2590.81	98.1767
2592.74	98.1243
2594.67	98.0533
2596.6	97.9822
2598.53	97.9345
2600.46	97.902
2602.39	97.8814
2604.32	97.8797
2606.25	97.9162
2608.18	97.987
2610.1	98.0261
2612.03	97.9828
2613.96	97.8771
2615.89	97.7439
2617.82	97.6314
2619.75	97.5841
2621.68	97.5626
2623.61	97.523
2625.54	97.5168
2627.47	97.5522
2629.4	97.5399
2631.32	97.4829
2633.25	97.4855
2635.18	97.5378
2637.11	97.5162
2639.04	97.4012
2640.97	97.3142
2642.9	97.3171
2644.83	97.3242
2646.76	97.2785
2648.69	97.2597
2650.62	97.3046
2652.54	97.3034
2654.47	97.2074
2656.4	97.1402
2658.33	97.1741
2660.26	97.199
2662.19	97.1263
2664.12	97.0342
2666.05	97.0055
2667.98	96.9993
2669.91	96.9686
2671.84	96.9423
2673.77	96.9403
2675.69	96.9492
2677.62	96.9741
2679.55	97.0134
2681.48	97.0343
2683.41	97.0175
2685.34	96.9775
2687.27	96.9456
2689.2	96.9356
2691.13	96.9137
2693.06	96.8598
2694.99	96.8254
2696.91	96.8396
2698.84	96.8608
2700.77	96.8742
2702.7	96.8854
2704.63	96.8584
2706.56	96.8024
2708.49	96.78
2710.42	96.7715
2712.35	96.7262
2714.28	96.7031
2716.21	96.7582
2718.14	96.799
2720.06	96.7205
2721.99	96.5834
2723.92	96.5229
2725.85	96.54
2727.78	96.5218
2729.71	96.4566
2731.64	96.4497
2733.57	96.5138
2735.5	96.5363
2737.43	96.4614
2739.36	96.3443
2741.28	96.2578
2743.21	96.237
2745.14	96.2696
2747.07	96.3107
2749	96.336
2750.93	96.36
2752.86	96.4
2754.79	96.4508
2756.72	96.484
2758.65	96.4722
2760.58	96.4202
2762.51	96.3506
2764.43	96.2707
2766.36	96.191
2768.29	96.1445
2770.22	96.1339
2772.15	96.1081
2774.08	96.0529
2776.01	96.0334
2777.94	96.0883
2779.87	96.1716
2781.8	96.2227
2783.73	96.1964
2785.65	96.0717
2787.58	95.9249
2789.51	95.885
2791.44	95.9539
2793.37	95.9964
2795.3	95.9268
2797.23	95.812
2799.16	95.7746
2801.09	95.8223
2803.02	95.8385
2804.95	95.7753
2806.87	95.7163
2808.8	95.6957
2810.73	95.6434
2812.66	95.5289
2814.59	95.4001
2816.52	95.3102
2818.45	95.276
2820.38	95.2561
2822.31	95.1843
2824.24	95.0373
2826.17	94.8166
2828.1	94.5515
2830.02	94.3558
2831.95	94.3081
2833.88	94.2954
2835.81	94.1654
2837.74	93.9288
2839.67	93.6618
2841.6	93.3953
2843.53	93.1765
2845.46	93.0408
2847.39	92.9229
2849.32	92.7306
2851.24	92.4301
2853.17	92.0077
2855.1	91.4707
2857.03	90.8806
2858.96	90.3127
2860.89	89.8204
2862.82	89.4325
2864.75	89.126
2866.68	88.8349
2868.61	88.5153
2870.54	88.1842
2872.47	87.914
2874.39	87.7863
2876.32	87.8385
2878.25	88.0715
2880.18	88.4535
2882.11	88.8729
2884.04	89.1745
2885.97	89.2908
2887.9	89.2835
2889.83	89.2608
2891.76	89.2863
2893.69	89.3455
2895.61	89.3816
2897.54	89.3639
2899.47	89.3343
2901.4	89.3677
2903.33	89.4414
2905.26	89.433
2907.19	89.3237
2909.12	89.215
2911.05	89.1111
2912.98	88.9388
2914.91	88.7218
2916.83	88.5121
2918.76	88.3069
2920.69	88.1101
2922.62	87.8638
2924.55	87.4315
2926.48	86.8373
2928.41	86.3052
2930.34	85.9981
2932.27	85.9218
2934.2	86.0226
2936.13	86.2428
2938.06	86.5358
2939.98	86.8459
2941.91	87.087
2943.84	87.187
2945.77	87.1171
2947.7	86.8828
2949.63	86.5089
2951.56	85.9761
2953.49	85.2546
2955.42	84.5043
2957.35	84.0535
2959.28	84.057
2961.2	84.3915
2963.13	84.9521
2965.06	85.8157
2966.99	87.0354
2968.92	88.3872
2970.85	89.4486
2972.78	90.0251
2974.71	90.3476
2976.64	90.7004
2978.57	91.1253
2980.5	91.6203
2982.43	92.2375
2984.35	92.8114
2986.28	93.035
2988.21	92.9856
2990.14	93.1025
2992.07	93.539
2994	94.0109
2995.93	94.3025
2997.86	94.5141
2999.79	94.7668
3001.72	94.9885
3003.65	95.1201
3005.57	95.3095
3007.5	95.6521
3009.43	95.9609
3011.36	96.115
3013.29	96.2706
3015.22	96.4236
3017.15	96.365
3019.08	96.2503
3021.01	96.4382
3022.94	96.8179
3024.87	97.0206
3026.79	96.989
3028.72	96.8688
3030.65	96.7787
3032.58	96.8397
3034.51	97.0399
3036.44	97.1868
3038.37	97.1904
3040.3	97.1587
3042.23	97.1631
3044.16	97.124
3046.09	97.0173
3048.02	97.0489
3049.94	97.3393
3051.87	97.5779
3053.8	97.4964
3055.73	97.374
3057.66	97.4631
3059.59	97.503
3061.52	97.3526
3063.45	97.3171
3065.38	97.4789
3067.31	97.5117
3069.24	97.3109
3071.16	97.1299
3073.09	97.1179
3075.02	97.1945
3076.95	97.2437
3078.88	97.156
3080.81	96.9083
3082.74	96.728
3084.67	96.8534
3086.6	97.1611
3088.53	97.3715
3090.46	97.4358
3092.39	97.409
3094.31	97.2642
3096.24	97.049
3098.17	96.8934
3100.1	96.8164
3102.03	96.7488
3103.96	96.6754
3105.89	96.6929
3107.82	96.9102
3109.75	97.1895
3111.68	97.1888
3113.61	96.8702
3115.53	96.6039
3117.46	96.6062
3119.39	96.7175
3121.32	96.7768
3123.25	96.8036
3125.18	96.8221
3127.11	96.8119
3129.04	96.8113
3130.97	96.8888
3132.9	97.0085
3134.83	97.0261
3136.75	96.892
3138.68	96.7483
3140.61	96.6988
3142.54	96.6816
3144.47	96.6988
3146.4	96.8474
3148.33	97.0116
3150.26	96.9549
3152.19	96.7259
3154.12	96.5481
3156.05	96.4915
3157.98	96.5204
3159.9	96.5696
3161.83	96.5676
3163.76	96.6204
3165.69	96.8586
3167.62	97.0405
3169.55	96.8715
3171.48	96.5971
3173.41	96.6104
3175.34	96.7537
3177.27	96.6754
3179.2	96.5138
3181.12	96.5538
3183.05	96.6128
3184.98	96.4648
3186.91	96.3656
3188.84	96.4955
3190.77	96.5477
3192.7	96.3918
3194.63	96.329
3196.56	96.4508
3198.49	96.5566
3200.42	96.6008
3202.35	96.6193
3204.27	96.573
3206.2	96.4824
3208.13	96.3415
3210.06	96.132
3211.99	96.058
3213.92	96.2372
3215.85	96.3874
3217.78	96.3605
3219.71	96.38
3221.64	96.4205
3223.57	96.2143
3225.49	95.8946
3227.42	95.7779
3229.35	95.8219
3231.28	95.9184
3233.21	96.1424
3235.14	96.376
3237.07	96.3543
3239	96.1545
3240.93	96.0373
3242.86	95.9774
3244.79	95.8306
3246.72	95.6797
3248.64	95.6511
3250.57	95.6554
3252.5	95.5961
3254.43	95.5902
3256.36	95.7047
3258.29	95.7685
3260.22	95.7168
3262.15	95.695
3264.08	95.6588
3266.01	95.4644
3267.94	95.3051
3269.86	95.3958
3271.79	95.5326
3273.72	95.4984
3275.65	95.4413
3277.58	95.5447
3279.51	95.7635
3281.44	95.9423
3283.37	95.9456
3285.3	95.7771
3287.23	95.5513
3289.16	95.3094
3291.08	95.0997
3293.01	95.0732
3294.94	95.2104
3296.87	95.29
3298.8	95.2615
3300.73	95.2404
3302.66	95.2091
3304.59	95.0918
3306.52	94.9372
3308.45	94.8262
3310.38	94.7829
3312.31	94.7998
3314.23	94.8319
3316.16	94.8119
3318.09	94.7268
3320.02	94.6456
3321.95	94.626
3323.88	94.6297
3325.81	94.6474
3327.74	94.7811
3329.67	94.9817
3331.6	94.9863
3333.53	94.773
3335.45	94.6361
3337.38	94.6561
3339.31	94.6302
3341.24	94.5252
3343.17	94.4949
3345.1	94.5615
3347.03	94.5995
3348.96	94.5229
3350.89	94.3963
3352.82	94.3853
3354.75	94.5162
3356.68	94.6192
3358.6	94.6056
3360.53	94.5363
3362.46	94.4467
3364.39	94.3881
3366.32	94.4441
3368.25	94.5465
3370.18	94.5661
3372.11	94.5301
3374.04	94.4838
3375.97	94.4163
3377.9	94.433
3379.82	94.5938
3381.75	94.6814
3383.68	94.5459
3385.61	94.403
3387.54	94.4609
3389.47	94.5997
3391.4	94.6352
3393.33	94.5824
3395.26	94.5513
3397.19	94.5484
3399.12	94.4846
3401.04	94.3548
3402.97	94.2744
3404.9	94.2906
3406.83	94.3293
3408.76	94.3501
3410.69	94.3804
3412.62	94.4368
3414.55	94.5236
3416.48	94.6037
3418.41	94.5943
3420.34	94.5213
3422.27	94.5447
3424.19	94.7055
3426.12	94.8293
3428.05	94.7407
3429.98	94.4959
3431.91	94.3667
3433.84	94.4813
3435.77	94.6433
3437.7	94.7076
3439.63	94.7601
3441.56	94.7953
3443.49	94.7519
3445.41	94.787
3447.34	94.9917
3449.27	95.1256
3451.2	95.0581
3453.13	94.9931
3455.06	95.0232
3456.99	94.9762
3458.92	94.8277
3460.85	94.8261
3462.78	95.0628
3464.71	95.2633
3466.64	95.2085
3468.56	95.0555
3470.49	95.0368
3472.42	95.1126
3474.35	95.1088
3476.28	95.0105
3478.21	94.9348
3480.14	94.9508
3482.07	95.0617
3484	95.1985
3485.93	95.2359
3487.86	95.2192
3489.78	95.368
3491.71	95.6121
3493.64	95.5967
3495.57	95.3442
3497.5	95.2371
3499.43	95.3052
3501.36	95.3345
3503.29	95.4108
3505.22	95.5869
3507.15	95.5783
3509.08	95.3658
3511	95.3173
3512.93	95.4606
3514.86	95.4262
3516.79	95.1763
3518.72	95.0396
3520.65	95.1605
3522.58	95.4055
3524.51	95.6184
3526.44	95.6905
3528.37	95.6035
3530.3	95.4373
3532.23	95.2217
3534.15	94.9983
3536.08	94.9702
3538.01	95.1748
3539.94	95.2579
3541.87	95.0877
3543.8	95.0233
3545.73	95.2468
3547.66	95.428
3549.59	95.4144
3551.52	95.4251
3553.45	95.4652
3555.37	95.3419
3557.3	95.1488
3559.23	95.1516
3561.16	95.3717
3563.09	95.5945
3565.02	95.7235
3566.95	95.7967
3568.88	95.8135
3570.81	95.8033
3572.74	95.8207
3574.67	95.8298
3576.6	95.7821
3578.52	95.7237
3580.45	95.7057
3582.38	95.7689
3584.31	96.0117
3586.24	96.4047
3588.17	96.585
3590.1	96.4461
3592.03	96.4396
3593.96	96.7238
3595.89	97.0585
3597.82	97.3572
3599.74	97.721
3601.67	97.8927
3603.6	97.6154
3605.53	97.1977
3607.46	97.0417
3609.39	97.1918
3611.32	97.4909
3613.25	97.8019
3615.18	97.9068
3617.11	97.8117
3619.04	97.8741
3620.97	98.0528
3622.89	97.9086
3624.82	97.6136
3626.75	97.6264
3628.68	97.9177
3630.61	97.9218
3632.54	97.707
3634.47	97.6217
3636.4	97.6684
3638.33	97.7795
3640.26	97.9302
3642.19	98.102
3644.11	98.2855
3646.04	98.3638
3647.97	98.1421
3649.9	97.9191
3651.83	98.1861
3653.76	98.5266
3655.69	98.599
3657.62	98.4846
3659.55	98.2928
3661.48	97.9819
3663.41	97.6929
3665.33	97.672
3667.26	97.9573
3669.19	98.4967
3671.12	98.9527
3673.05	98.8821
3674.98	98.4776
3676.91	98.2833
3678.84	98.2952
3680.77	98.1936
3682.7	98.0915
3684.63	98.1281
3686.56	98.2084
3688.48	98.309
3690.41	98.4413
3692.34	98.4061
3694.27	98.2825
3696.2	98.3756
3698.13	98.6978
3700.06	98.906
3701.99	98.7451
3703.92	98.4438
3705.85	98.4144
3707.78	98.703
3709.7	99.05
3711.63	99.1111
3713.56	98.8487
3715.49	98.5308
3717.42	98.3084
3719.35	98.237
3721.28	98.304
3723.21	98.5036
3725.14	98.8898
3727.07	99.2412
3729	99.1942
3730.93	98.8911
3732.85	98.8792
3734.78	99.2613
3736.71	99.1673
3738.64	98.5291
3740.57	98.3171
3742.5	98.9084
3744.43	99.6274
3746.36	99.297
3748.29	98.5439
3750.22	98.3481
3752.15	98.5154
3754.07	98.4549
3756	98.3884
3757.93	98.4771
3759.86	98.4183
3761.79	98.1404
3763.72	97.968
3765.65	97.9568
3767.58	97.902
3769.51	97.7335
3771.44	97.5574
3773.37	97.488
3775.29	97.5538
3777.22	97.6491
3779.15	97.6593
3781.08	97.6841
3783.01	97.7963
3784.94	97.8228
3786.87	97.702
3788.8	97.5651
3790.73	97.4489
3792.66	97.4438
3794.59	97.7837
3796.52	98.3233
3798.44	98.5756
3800.37	98.5182
3802.3	98.4139
3804.23	98.222
3806.16	97.9699
3808.09	97.8441
3810.02	97.7777
3811.95	97.7451
3813.88	98.0322
3815.81	98.6365
3817.74	98.9264
3819.66	98.794
3821.59	98.6547
3823.52	98.5039
3825.45	98.2076
3827.38	97.9195
3829.31	97.8388
3831.24	98.0068
3833.17	98.2828
3835.1	98.4706
3837.03	98.4637
3838.96	98.304
3840.89	98.1571
3842.81	98.0998
3844.74	97.985
3846.67	97.7434
3848.6	97.6171
3850.53	97.8479
3852.46	98.3156
3854.39	98.4299
3856.32	98.1673
3858.25	97.9991
3860.18	97.9451
3862.11	97.9353
3864.03	97.9634
3865.96	98.0123
3867.89	98.0538
3869.82	98.0846
3871.75	98.0794
3873.68	97.9767
3875.61	97.8173
3877.54	97.781
3879.47	97.9763
3881.4	98.1837
3883.33	98.0989
3885.25	97.8499
3887.18	97.7683
3889.11	97.8648
3891.04	97.9507
3892.97	97.9596
3894.9	97.9188
3896.83	97.8317
3898.76	97.7444
3900.69	97.7784
3902.62	97.8874
3904.55	97.8706
3906.48	97.7456
3908.4	97.6141
3910.33	97.4397
3912.26	97.2392
3914.19	97.1789
3916.12	97.3644
3918.05	97.679
3919.98	97.8566
3921.91	97.8059
3923.84	97.6677
3925.77	97.5641
3927.7	97.4764
3929.62	97.4105
3931.55	97.4484
3933.48	97.5334
3935.41	97.5406
3937.34	97.5183
3939.27	97.5266
3941.2	97.5231
3943.13	97.5086
3945.06	97.5065
3946.99	97.4791
3948.92	97.4824
3950.85	97.6112
3952.77	97.7238
3954.7	97.6203
3956.63	97.3702
3958.56	97.185
3960.49	97.1304
3962.42	97.1645
3964.35	97.2756
3966.28	97.4098
3968.21	97.4426
3970.14	97.3522
3972.07	97.2849
3973.99	97.3235
3975.92	97.3667
3977.85	97.339
3979.78	97.3062
3981.71	97.3113
3983.64	97.3103
3985.57	97.3017
3987.5	97.3393
3989.43	97.4024
3991.36	97.4165
3993.29	97.4075
3995.22	97.4459
3997.14	97.4628
