499.643	82.2142
501.572	82.0376
503.501	82.8894
505.43	83.4689
507.36	83.1352
509.289	82.8331
511.218	82.9103
513.147	82.9613
515.076	82.9052
517.005	82.8248
518.934	82.796
520.863	83.0107
522.792	83.4876
524.722	84.0822
526.651	84.624
528.58	84.8751
530.509	84.787
532.438	84.6273
534.367	84.7599
536.296	85.4171
538.225	86.3665
540.155	86.8905
542.084	86.6848
544.013	86.3007
545.942	86.1877
547.871	86.1863
549.8	86.1613
551.729	86.2604
553.658	86.5269
555.588	86.8123
557.517	86.9939
559.446	87.0843
561.375	87.1304
563.304	87.1059
565.233	87.046
567.162	87.0913
569.091	87.2254
571.021	87.2989
572.95	87.3389
574.879	87.4154
576.808	87.4389
578.737	87.408
580.666	87.4448
582.595	87.5046
584.524	87.5026
586.454	87.5078
588.383	87.4622
590.312	87.1851
592.241	86.8501
594.17	86.7912
596.099	86.8391
598.028	86.6568
599.957	86.3916
601.887	86.3683
603.816	86.5787
605.745	86.8993
607.674	87.3058
609.603	87.6961
611.532	87.9398
613.461	88.105
615.39	88.3074
617.32	88.4387
619.249	88.3714
621.178	88.3124
623.107	88.491
625.036	88.7444
626.965	88.8327
628.894	88.8172
630.823	88.7481
632.753	88.5487
634.682	88.3267
636.611	88.1942
638.54	88.0096
640.469	87.7198
642.398	87.437
644.327	87.1053
646.256	86.6325
648.186	86.1635
650.115	85.918
652.044	85.9571
653.973	86.1538
655.902	86.2709
657.831	86.3131
659.76	86.6021
661.689	87.1439
663.619	87.6352
665.548	88.3989
667.477	90.066
669.406	91.3234
671.335	91.0286
673.264	90.8126
675.193	91.1951
677.122	91.6081
679.052	91.7329
680.981	91.8024
682.91	91.8407
684.839	91.7988
686.768	91.778
688.697	91.7525
690.626	91.6388
692.555	91.48
694.485	91.2966
696.414	91.0735
698.343	90.8853
700.272	90.7889
702.201	90.724
704.13	90.6205
706.059	90.467
707.988	90.291
709.917	90.1564
711.847	90.0914
713.776	90.0564
715.705	90.0872
717.634	90.2563
719.563	90.406
721.492	90.2925
723.421	90.0238
725.35	89.8324
727.28	89.6601
729.209	89.3818
731.138	89.0467
733.067	88.6692
734.996	88.2065
736.925	87.7538
738.854	87.3998
740.783	87.0356
742.713	86.5441
744.642	86.0277
746.571	85.7314
748.5	85.8129
750.429	86.2262
752.358	86.8029
754.287	87.3706
756.216	87.7909
758.146	88.0194
760.075	88.1354
762.004	88.1977
763.933	88.146
765.862	87.9304
767.791	87.5795
769.72	87.0725
771.649	86.275
773.579	85.0315
775.508	83.2237
777.437	80.6898
779.366	77.2199
781.295	72.8892
783.224	68.4373
785.153	65.0592
787.082	63.7027
789.012	64.6733
790.941	67.7588
792.87	72.2887
794.799	77.1013
796.728	80.9819
798.657	83.3577
800.586	84.4104
802.515	84.5749
804.445	84.129
806.374	83.1501
808.303	81.6582
810.232	79.8475
812.161	78.2158
814.09	77.3412
816.019	77.5074
817.948	78.5623
819.878	80.0527
821.807	81.4941
823.736	82.6252
825.665	83.4262
827.594	83.9195
829.523	84.0973
831.452	84.0223
833.381	83.7868
835.311	83.3635
837.24	82.6484
839.169	81.6092
841.098	80.3168
843.027	78.9306
844.956	77.6609
846.885	76.6386
848.814	75.8352
850.744	75.1189
852.673	74.3521
854.602	73.4896
856.531	72.6158
858.46	71.848
860.389	71.263
862.318	70.9463
864.247	70.9783
866.177	71.3352
868.106	71.9044
870.035	72.5711
871.964	73.2129
873.893	73.6907
875.822	73.9351
877.751	74.0057
879.68	74.0337
881.609	74.1299
883.539	74.3497
885.468	74.6966
887.397	75.1202
889.326	75.5398
891.255	75.8916
893.184	76.1283
895.113	76.2263
897.042	76.2534
898.972	76.3534
900.901	76.6341
902.83	77.1568
904.759	77.988
906.688	79.1227
908.617	80.409
910.546	81.6285
912.475	82.5764
914.405	83.0833
916.334	83.0964
918.263	82.7055
920.192	82.0065
922.121	81.0261
924.05	79.8039
925.979	78.4172
927.908	76.8973
929.838	75.2138
931.767	73.3614
933.696	71.4223
935.625	69.5467
937.554	67.9072
939.483	66.6565
941.412	65.8637
943.341	65.4619
945.271	65.3194
947.2	65.3844
949.129	65.7068
951.058	66.3307
952.987	67.2319
954.916	68.3286
956.845	69.499
958.774	70.6309
960.704	71.6897
962.633	72.7055
964.562	73.7135
966.491	74.7399
968.42	75.7843
970.349	76.7757
972.278	77.6082
974.207	78.23
976.137	78.6349
978.066	78.8004
979.995	78.7141
981.924	78.4078
983.853	77.9027
985.782	77.2081
987.711	76.433
989.64	75.7845
991.57	75.3781
993.499	75.1167
995.428	74.778
997.357	74.1557
999.286	73.1449
1001.22	71.7969
1003.14	70.2921
1005.07	68.822
1007	67.5307
1008.93	66.5268
1010.86	65.8106
1012.79	65.1903
1014.72	64.3675
1016.65	63.1255
1018.58	61.4364
1020.51	59.4485
1022.44	57.4042
1024.36	55.5776
1026.29	54.2654
1028.22	53.7008
1030.15	53.8623
1032.08	54.4491
1034.01	55.1343
1035.94	55.8001
1037.87	56.5059
1039.8	57.3241
1041.73	58.2921
1043.66	59.4603
1045.58	60.881
1047.51	62.5473
1049.44	64.3631
1051.37	66.1441
1053.3	67.6846
1055.23	68.8966
1057.16	69.8491
1059.09	70.6462
1061.02	71.3005
1062.95	71.6838
1064.88	71.6084
1066.81	71.0885
1068.73	70.4909
1070.66	70.2654
1072.59	70.5773
1074.52	71.295
1076.45	72.1975
1078.38	73.1041
1080.31	73.9129
1082.24	74.5767
1084.17	75.022
1086.1	75.1592
1088.03	74.9849
1089.95	74.5607
1091.88	73.9
1093.81	72.9972
1095.74	71.935
1097.67	70.8552
1099.6	69.845
1101.53	68.8912
1103.46	67.9088
1105.39	66.8165
1107.32	65.6063
1109.25	64.338
1111.18	63.0849
1113.1	61.9034
1115.03	60.8154
1116.96	59.7892
1118.89	58.7496
1120.82	57.6181
1122.75	56.3669
1124.68	55.0397
1126.61	53.6858
1128.54	52.3109
1130.47	50.928
1132.4	49.58
1134.32	48.2839
1136.25	47.0411
1138.18	45.8785
1140.11	44.8198
1142.04	43.886
1143.97	43.1286
1145.9	42.5738
1147.83	42.1775
1149.76	41.8885
1151.69	41.6851
1153.62	41.5633
1155.55	41.5625
1157.47	41.7467
1159.4	42.1357
1161.33	42.7281
1163.26	43.5645
1165.19	44.6953
1167.12	46.1146
1169.05	47.763
1170.98	49.5739
1172.91	51.5013
1174.84	53.5137
1176.77	55.5796
1178.69	57.6583
1180.62	59.6912
1182.55	61.6217
1184.48	63.4309
1186.41	65.1211
1188.34	66.692
1190.27	68.1727
1192.2	69.6236
1194.13	71.0866
1196.06	72.5683
1197.99	74.0187
1199.91	75.3122
1201.84	76.3188
1203.77	76.9576
1205.7	77.1626
1207.63	76.8989
1209.56	76.2149
1211.49	75.2763
1213.42	74.2797
1215.35	73.0574
1217.28	70.9784
1219.21	67.8418
1221.14	64.4214
1223.06	61.4349
1224.99	58.7604
1226.92	55.9898
1228.85	53.0466
1230.78	50.0608
1232.71	47.1887
1234.64	44.6508
1236.57	42.625
1238.5	41.1257
1240.43	40.0474
1242.36	39.2293
1244.28	38.5166
1246.21	37.8224
1248.14	37.1137
1250.07	36.4071
1252	35.802
1253.93	35.4217
1255.86	35.3551
1257.79	35.6928
1259.72	36.4822
1261.65	37.6541
1263.58	39.1282
1265.51	40.8817
1267.43	42.8552
1269.36	44.9486
1271.29	47.0768
1273.22	49.1449
1275.15	51.0863
1277.08	52.9301
1279.01	54.7293
1280.94	56.4819
1282.87	58.1724
1284.8	59.8096
1286.73	61.3832
1288.65	62.828
1290.58	64.0668
1292.51	65.0769
1294.44	65.9019
1296.37	66.6579
1298.3	67.5379
1300.23	68.7466
1302.16	70.4
1304.09	72.4644
1306.02	74.7367
1307.95	76.9083
1309.87	78.7148
1311.8	79.9827
1313.73	80.5813
1315.66	80.4784
1317.59	79.8084
1319.52	78.9254
1321.45	78.3869
1323.38	78.6232
1325.31	79.6814
1327.24	81.2589
1329.17	82.9047
1331.1	84.3008
1333.02	85.3148
1334.95	85.9799
1336.88	86.4822
1338.81	87.0078
1340.74	87.6236
1342.67	88.3495
1344.6	89.2283
1346.53	90.2253
1348.46	91.1573
1350.39	91.784
1352.32	91.9246
1354.24	91.4906
1356.17	90.6922
1358.1	90.0746
1360.03	89.957
1361.96	90.1052
1363.89	89.9633
1365.82	89.2034
1367.75	87.8404
1369.68	86.2162
1371.61	84.8308
1373.54	83.7446
1375.47	82.7741
1377.39	82.0117
1379.32	81.4976
1381.25	81.1101
1383.18	80.8906
1385.11	81.0251
1387.04	81.5947
1388.97	82.2906
1390.9	82.7298
1392.83	82.887
1394.76	82.7467
1396.69	82.2047
1398.61	81.347
1400.54	80.5288
1402.47	80.0649
1404.4	80.022
1406.33	80.3488
1408.26	80.9357
1410.19	81.7751
1412.12	82.8934
1414.05	84.081
1415.98	85.2586
1417.91	86.5536
1419.83	87.6667
1421.76	88.2328
1423.69	88.3983
1425.62	88.3272
1427.55	88.0468
1429.48	87.3399
1431.41	86.1805
1433.34	85.0028
1435.27	83.7434
1437.2	81.9928
1439.13	80.2864
1441.06	79.097
1442.98	78.2041
1444.91	77.5658
1446.84	77.1499
1448.77	76.721
1450.7	76.3798
1452.63	76.4833
1454.56	77.153
1456.49	78.44
1458.42	79.7813
1460.35	80.6152
1462.28	81.5158
1464.2	82.8287
1466.13	84.1804
1468.06	85.2191
1469.99	86.3507
1471.92	87.7448
1473.85	88.7056
1475.78	88.9932
1477.71	89.2417
1479.64	89.5986
1481.57	89.9937
1483.5	90.4357
1485.43	90.9905
1487.35	91.7786
1489.28	92.6951
1491.21	93.253
1493.14	93.5727
1495.07	94.1295
1497	94.9289
1498.93	95.4451
1500.86	95.5868
1502.79	95.7799
1504.72	96.3048
1506.65	97.1265
1508.57	97.323
1510.5	96.933
1512.43	96.7123
1514.36	96.8239
1516.29	97.1168
1518.22	97.3532
1520.15	97.4669
1522.08	97.4811
1524.01	97.433
1525.94	97.3121
1527.87	97.1338
1529.8	97.0546
1531.72	97.1584
1533.65	97.28
1535.58	97.2874
1537.51	97.4552
1539.44	98.0144
1541.37	98.3602
1543.3	97.8952
1545.23	97.3153
1547.16	96.9821
1549.09	96.9238
1551.02	97.0082
1552.94	97.0806
1554.87	97.2309
1556.8	97.6552
1558.73	97.9847
1560.66	97.501
1562.59	96.9262
1564.52	96.6532
1566.45	96.6431
1568.38	96.7122
1570.31	96.538
1572.24	96.2948
1574.16	96.3506
1576.09	96.5103
1578.02	96.2607
1579.95	95.8787
1581.88	95.7275
1583.81	95.7189
1585.74	95.7228
1587.67	95.7614
1589.6	95.839
1591.53	95.9004
1593.46	95.9378
1595.39	95.9432
1597.31	95.8794
1599.24	95.7855
1601.17	95.7424
1603.1	95.7207
1605.03	95.6395
1606.96	95.5431
1608.89	95.4618
1610.82	95.3178
1612.75	95.2019
1614.68	95.2524
1616.61	95.2163
1618.53	94.8296
1620.46	94.4526
1622.39	94.1665
1624.32	93.724
1626.25	93.117
1628.18	92.3846
1630.11	91.5751
1632.04	90.9879
1633.97	90.696
1635.9	90.3268
1637.83	89.9365
1639.76	90.2428
1641.68	91.2205
1643.61	92.4648
1645.54	93.7853
1647.47	94.7726
1649.4	95.0709
1651.33	95.2582
1653.26	95.6285
1655.19	95.4429
1657.12	94.9563
1659.05	94.7451
1660.98	94.7732
1662.9	94.719
1664.83	94.5236
1666.76	94.4931
1668.69	94.6165
1670.62	94.4871
1672.55	94.135
1674.48	93.8178
1676.41	93.3926
1678.34	92.9816
1680.27	92.858
1682.2	92.8426
1684.12	92.4675
1686.05	91.688
1687.98	90.8107
1689.91	89.9066
1691.84	89.0199
1693.77	88.0039
1695.7	86.7866
1697.63	85.3975
1699.56	83.2303
1701.49	80.2806
1703.42	77.5121
1705.35	74.613
1707.27	71.0682
1709.2	67.575
1711.13	64.6178
1713.06	61.9954
1714.99	59.8044
1716.92	57.9459
1718.85	56.2437
1720.78	55.5097
1722.71	55.8969
1724.64	56.935
1726.57	58.4184
1728.49	60.1563
1730.42	61.8206
1732.35	63.2695
1734.28	64.2544
1736.21	64.4378
1738.14	63.9657
1740.07	62.9604
1742	61.7243
1743.93	60.9756
1745.86	60.9247
1747.79	61.5348
1749.72	62.985
1751.64	64.877
1753.57	66.9062
1755.5	69.5529
1757.43	72.8345
1759.36	76.2176
1761.29	79.6649
1763.22	83.0587
1765.15	85.8157
1767.08	88.0542
1769.01	90.2744
1770.94	92.3599
1772.86	93.8369
1774.79	94.6594
1776.72	95.1204
1778.65	95.5429
1780.58	96.0719
1782.51	96.5038
1784.44	96.7486
1786.37	96.9504
1788.3	97.137
1790.23	97.3462
1792.16	97.5623
1794.08	97.4991
1796.01	97.2621
1797.94	97.2173
1799.87	97.3241
1801.8	97.3188
1803.73	97.2094
1805.66	97.1381
1807.59	97.1731
1809.52	97.2859
1811.45	97.2918
1813.38	97.1669
1815.31	97.1452
1817.23	97.2465
1819.16	97.2606
1821.09	97.2044
1823.02	97.2729
1824.95	97.4902
1826.88	97.7189
1828.81	97.8505
1830.74	97.8325
1832.67	97.7404
1834.6	97.7254
1836.53	97.7667
1838.45	97.7163
1840.38	97.6271
1842.31	97.7107
1844.24	97.9341
1846.17	98.0144
1848.1	97.9706
1850.03	97.9966
1851.96	98.1159
1853.89	98.2254
1855.82	98.1857
1857.75	98.0013
1859.68	97.8721
1861.6	97.8977
1863.53	98.0432
1865.46	98.3362
1867.39	98.6572
1869.32	98.6709
1871.25	98.4331
1873.18	98.2448
1875.11	98.1004
1877.04	98.014
1878.97	98.1125
1880.9	98.3356
1882.82	98.5531
1884.75	98.7358
1886.68	98.8113
1888.61	98.6879
1890.54	98.4783
1892.47	98.396
1894.4	98.4297
1896.33	98.4406
1898.26	98.4649
1900.19	98.6174
1902.12	98.7747
1904.05	98.7562
1905.97	98.6866
1907.9	98.765
1909.83	98.9208
1911.76	98.9956
1913.69	99.0069
1915.62	99.0296
1917.55	99.0178
1919.48	98.901
1921.41	98.8277
1923.34	99.0085
1925.27	99.3346
1927.19	99.4934
1929.12	99.4107
1931.05	99.2572
1932.98	99.2349
1934.91	99.3548
1936.84	99.3798
1938.77	99.2711
1940.7	99.3901
1942.63	99.807
1944.56	99.9787
1946.49	99.6978
1948.41	99.3996
1950.34	99.368
1952.27	99.49
1954.2	99.5951
1956.13	99.6263
1958.06	99.6257
1959.99	99.7054
1961.92	99.8933
1963.85	100.061
1965.78	100.109
1967.71	100.087
1969.64	100.092
1971.56	100.175
1973.49	100.32
1975.42	100.442
1977.35	100.46
1979.28	100.392
1981.21	100.308
1983.14	100.261
1985.07	100.279
1987	100.324
1988.93	100.368
1990.86	100.435
1992.78	100.454
1994.71	100.322
1996.64	100.13
1998.57	100.005
2000.5	99.9621
2002.43	100.02
2004.36	100.156
2006.29	100.215
2008.22	100.144
2010.15	100.128
2012.08	100.284
2014.01	100.498
2015.93	100.629
2017.86	100.686
2019.79	100.73
2021.72	100.702
2023.65	100.523
2025.58	100.311
2027.51	100.268
2029.44	100.422
2031.37	100.622
2033.3	100.697
2035.23	100.632
2037.15	100.588
2039.08	100.663
2041.01	100.728
2042.94	100.63
2044.87	100.466
2046.8	100.422
2048.73	100.43
2050.66	100.31
2052.59	100.165
2054.52	100.188
2056.45	100.279
2058.37	100.253
2060.3	100.092
2062.23	99.8431
2064.16	99.6756
2066.09	99.8023
2068.02	100.06
2069.95	100.128
2071.88	100.098
2073.81	100.127
2075.74	100.036
2077.67	99.7811
2079.6	99.5987
2081.52	99.5399
2083.45	99.5281
2085.38	99.6068
2087.31	99.6702
2089.24	99.5128
2091.17	99.3143
2093.1	99.3854
2095.03	99.548
2096.96	99.4686
2098.89	99.288
2100.82	99.2603
2102.74	99.2843
2104.67	99.286
2106.6	99.4025
2108.53	99.5382
2110.46	99.477
2112.39	99.3997
2114.32	99.5339
2116.25	99.631
2118.18	99.4686
2120.11	99.3015
2122.04	99.3308
2123.97	99.4094
2125.89	99.5005
2127.82	99.72
2129.75	99.938
2131.68	99.9518
2133.61	99.8704
2135.54	99.9172
2137.47	100.113
2139.4	100.325
2141.33	100.425
2143.26	100.389
2145.19	100.299
2147.11	100.219
2149.04	100.206
2150.97	100.365
2152.9	100.627
2154.83	100.728
2156.76	100.613
2158.69	100.484
2160.62	100.377
2162.55	100.197
2164.48	100.063
2166.41	100.155
2168.33	100.364
2170.26	100.467
2172.19	100.46
2174.12	100.407
2176.05	100.233
2177.98	99.9627
2179.91	99.855
2181.84	100.017
2183.77	100.243
2185.7	100.344
2187.63	100.317
2189.56	100.25
2191.48	100.271
2193.41	100.368
2195.34	100.296
2197.27	100.006
2199.2	99.8466
2201.13	99.9921
2203.06	100.146
2204.99	100.081
2206.92	99.9879
2208.85	100.064
2210.78	100.167
2212.7	100.096
2214.63	99.9641
2216.56	99.9942
2218.49	100.078
2220.42	99.9935
2222.35	99.8737
2224.28	99.8948
2226.21	99.8835
2228.14	99.7971
2230.07	99.9398
2232	100.309
2233.93	100.509
2235.85	100.414
2237.78	100.214
2239.71	100.049
2241.64	100.016
2243.57	100.087
2245.5	100.035
2247.43	99.8734
2249.36	99.905
2251.29	100.088
2253.22	100.053
2255.15	99.8138
2257.07	99.6976
2259	99.7256
2260.93	99.7525
2262.86	99.8421
2264.79	100.011
2266.72	100.081
2268.65	100.048
2270.58	100.06
2272.51	100.02
2274.44	99.8044
2276.37	99.6082
2278.29	99.5855
2280.22	99.6047
2282.15	99.6196
2284.08	99.7314
2286.01	99.86
2287.94	99.8794
2289.87	99.9163
2291.8	100.133
2293.73	100.476
2295.66	100.841
2297.59	101.21
2299.52	101.549
2301.44	101.794
2303.37	101.988
2305.3	102.302
2307.23	102.869
2309.16	103.589
2311.09	104.212
2313.02	104.686
2314.95	105.199
2316.88	105.876
2318.81	106.732
2320.74	107.736
2322.66	108.682
2324.59	109.364
2326.52	109.936
2328.45	110.676
2330.38	111.509
2332.31	112.066
2334.24	112.317
2336.17	112.578
2338.1	112.91
2340.03	113.255
2341.96	113.562
2343.89	112.956
2345.81	110.948
2347.74	109.289
2349.67	109.26
2351.6	110.878
2353.53	113.541
2355.46	116.075
2357.39	117.821
2359.32	118.715
2361.25	118.726
2363.18	117.906
2365.11	116.104
2367.03	113.887
2368.96	112.07
2370.89	110.304
2372.82	108.14
2374.75	105.985
2376.68	104.215
2378.61	102.732
2380.54	101.407
2382.47	100.276
2384.4	99.388
2386.33	98.7286
2388.26	98.276
2390.18	97.9997
2392.11	97.8513
2394.04	97.8039
2395.97	97.837
2397.9	97.8908
2399.83	97.9181
2401.76	97.9286
2403.69	97.9484
2405.62	98.0098
2407.55	98.1181
2409.48	98.1866
2411.4	98.1378
2413.33	98.0409
2415.26	98.0108
2417.19	98.0556
2419.12	98.1075
2421.05	98.1353
2422.98	98.1802
2424.91	98.258
2426.84	98.2809
2428.77	98.2008
2430.7	98.1113
2432.62	98.0812
2434.55	98.0884
2436.48	98.1477
2438.41	98.2793
2440.34	98.4265
2442.27	98.532
2444.2	98.562
2446.13	98.4998
2448.06	98.4343
2449.99	98.4764
2451.92	98.5471
2453.85	98.4833
2455.77	98.3308
2457.7	98.2947
2459.63	98.4158
2461.56	98.51
2463.49	98.4767
2465.42	98.4397
2467.35	98.487
2469.28	98.529
2471.21	98.5227
2473.14	98.569
2475.07	98.7178
2476.99	98.8811
2478.92	98.9594
2480.85	98.9353
2482.78	98.8454
2484.71	98.732
2486.64	98.6527
2488.57	98.6578
2490.5	98.7056
2492.43	98.714
2494.36	98.6932
2496.29	98.6605
2498.22	98.5582
2500.14	98.436
2502.07	98.4426
2504	98.5333
2505.93	98.5339
2507.86	98.4614
2509.79	98.4482
2511.72	98.5147
2513.65	98.6156
2515.58	98.6865
2517.51	98.6421
2519.44	98.5293
2521.36	98.5018
2523.29	98.5583
2525.22	98.575
2527.15	98.5442
2529.08	98.5262
2531.01	98.5276
2532.94	98.5525
2534.87	98.5781
2536.8	98.5377
2538.73	98.4645
2540.66	98.4469
2542.58	98.4407
2544.51	98.4008
2546.44	98.4374
2548.37	98.573
2550.3	98.6262
2552.23	98.5162
2554.16	98.3685
2556.09	98.296
2558.02	98.3423
2559.95	98.4972
2561.88	98.6014
2563.81	98.4922
2565.73	98.2865
2567.66	98.2121
2569.59	98.2488
2571.52	98.2439
2573.45	98.2166
2575.38	98.2561
2577.31	98.298
2579.24	98.2606
2581.17	98.2379
2583.1	98.3467
2585.03	98.5174
2586.95	98.5871
2588.88	98.4896
2590.81	98.2733
2592.74	98.0424
2594.67	97.9101
2596.6	97.9133
2598.53	97.9758
2600.46	98.0025
2602.39	97.9694
2604.32	97.9205
2606.25	97.9172
2608.18	97.9632
2610.1	97.9789
2612.03	97.905
2613.96	97.7911
2615.89	97.7185
2617.82	97.6965
2619.75	97.6763
2621.68	97.6201
2623.61	97.5441
2625.54	97.5
2627.47	97.5012
2629.4	97.5051
2631.32	97.4978
2633.25	97.5111
2635.18	97.5321
2637.11	97.4996
2639.04	97.405
2640.97	97.3097
2642.9	97.2577
2644.83	97.239
2646.76	97.2451
2648.69	97.2894
2650.62	97.3389
2652.54	97.3174
2654.47	97.2279
2656.4	97.1429
2658.33	97.0596
2660.26	96.9486
2662.19	96.8906
2664.12	96.9438
2666.05	97.0048
2667.98	96.9926
2669.91	96.9696
2671.84	96.967
2673.77	96.9385
2675.69	96.9028
2677.62	96.9054
2679.55	96.9284
2681.48	96.9585
2683.41	96.9797
2685.34	96.9293
2687.27	96.8399
2689.2	96.839
2691.13	96.8896
2693.06	96.8439
2694.99	96.7601
2696.91	96.7826
2698.84	96.8274
2700.77	96.7572
2702.7	96.6549
2704.63	96.6401
2706.56	96.6759
2708.49	96.7007
2710.42	96.7027
2712.35	96.6644
2714.28	96.6108
2716.21	96.6128
2718.14	96.6561
2720.06	96.6508
2721.99	96.5787
2723.92	96.4979
2725.85	96.4459
2727.78	96.4268
2729.71	96.4394
2731.64	96.4653
2733.57	96.4714
2735.5	96.4446
2737.43	96.3972
2739.36	96.3312
2741.28	96.2368
2743.21	96.1415
2745.14	96.1119
2747.07	96.166
2749	96.2327
2750.93	96.2614
2752.86	96.3064
2754.79	96.4037
2756.72	96.4537
2758.65	96.3752
2760.58	96.2598
2762.51	96.213
2764.43	96.2015
2766.36	96.1778
2768.29	96.1607
2770.22	96.1427
2772.15	96.1026
2774.08	96.0617
2776.01	96.0132
2777.94	95.9384
2779.87	95.9028
2781.8	95.9436
2783.73	95.9611
2785.65	95.9063
2787.58	95.8972
2789.51	95.9963
2791.44	96.0753
2793.37	96.0169
2795.3	95.8882
2797.23	95.8163
2799.16	95.8096
2801.09	95.7998
2803.02	95.7693
2804.95	95.7457
2806.87	95.7446
2808.8	95.7558
2810.73	95.7258
2812.66	95.6196
2814.59	95.5045
2816.52	95.4182
2818.45	95.2702
2820.38	95.0633
2822.31	94.9487
2824.24	94.9121
2826.17	94.772
2828.1	94.5351
2830.02	94.3753
2831.95	94.3127
2833.88	94.2055
2835.81	93.9757
2837.74	93.681
2839.67	93.4179
2841.6	93.2217
2843.53	93.0738
2845.46	92.9638
2847.39	92.8777
2849.32	92.7505
2851.24	92.4863
2853.17	92.023
2855.1	91.3958
2857.03	90.7338
2858.96	90.1382
2860.89	89.6192
2862.82	89.1889
2864.75	88.8716
2866.68	88.6036
2868.61	88.2771
2870.54	87.8919
2872.47	87.5784
2874.39	87.4791
2876.32	87.6316
2878.25	87.9658
2880.18	88.3931
2882.11	88.8279
2884.04	89.1497
2885.97	89.2735
2887.9	89.2475
2889.83	89.2019
2891.76	89.2176
2893.69	89.2579
2895.61	89.2456
2897.54	89.2196
2899.47	89.2755
2901.4	89.3424
2903.33	89.2801
2905.26	89.1423
2907.19	89.036
2909.12	88.9132
2911.05	88.764
2912.98	88.6806
2914.91	88.604
2916.83	88.4011
2918.76	88.1271
2920.69	87.8739
2922.62	87.5797
2924.55	87.1709
2926.48	86.6782
2928.41	86.2272
2930.34	85.9579
2932.27	85.8537
2934.2	85.8339
2936.13	85.9987
2938.06	86.4107
2939.98	86.8338
2941.91	87.0526
2943.84	87.097
2945.77	86.9981
2947.7	86.7329
2949.63	86.3462
2951.56	85.8566
2953.49	85.2336
2955.42	84.5407
2957.35	83.9613
2959.28	83.7286
2961.2	83.9859
2963.13	84.68
2965.06	85.7229
2966.99	87.0631
2968.92	88.4052
2970.85	89.2849
2972.78	89.667
2974.71	90.0005
2976.64	90.561
2978.57	91.1962
2980.5	91.7494
2982.43	92.2946
2984.35	92.7989
2986.28	93.0124
2988.21	92.9712
2990.14	93.0695
2992.07	93.4245
2994	93.7755
2995.93	94.0163
2997.86	94.2718
2999.79	94.5826
3001.72	94.8434
3003.65	94.9536
3005.57	95.0313
3007.5	95.3421
3009.43	95.8029
3011.36	96.0265
3013.29	96.0116
3015.22	96.0715
3017.15	96.1907
3019.08	96.229
3021.01	96.3555
3022.94	96.6602
3024.87	96.9005
3026.79	96.9286
3028.72	96.8668
3030.65	96.8517
3032.58	96.9311
3034.51	97.0617
3036.44	97.1133
3038.37	97.0453
3040.3	97.0132
3042.23	97.1192
3044.16	97.2079
3046.09	97.1471
3048.02	97.1197
3049.94	97.3124
3051.87	97.5344
3053.8	97.5222
3055.73	97.3591
3057.66	97.2363
3059.59	97.1321
3061.52	97.0244
3063.45	97.0653
3065.38	97.2754
3067.31	97.3948
3069.24	97.2705
3071.16	97.0734
3073.09	97.0051
3075.02	97.0869
3076.95	97.2159
3078.88	97.2275
3080.81	97.0772
3082.74	96.9684
3084.67	97.0221
3086.6	97.0899
3088.53	97.1189
3090.46	97.2062
3092.39	97.2371
3094.31	97.0388
3096.24	96.7641
3098.17	96.6721
3100.1	96.7385
3102.03	96.7422
3103.96	96.6077
3105.89	96.5701
3107.82	96.8261
3109.75	97.1046
3111.68	97.016
3113.61	96.6936
3115.53	96.536
3117.46	96.586
3119.39	96.6698
3121.32	96.7497
3123.25	96.791
3125.18	96.6999
3127.11	96.5604
3129.04	96.555
3130.97	96.679
3132.9	96.8119
3134.83	96.8673
3136.75	96.767
3138.68	96.5769
3140.61	96.5404
3142.54	96.6951
3144.47	96.8335
3146.4	96.954
3148.33	97.1287
3150.26	97.101
3152.19	96.7339
3154.12	96.3954
3156.05	96.355
3157.98	96.4018
3159.9	96.3395
3161.83	96.2961
3163.76	96.4306
3165.69	96.68
3167.62	96.8277
3169.55	96.753
3171.48	96.581
3173.41	96.4916
3175.34	96.4728
3177.27	96.3974
3179.2	96.2446
3181.12	96.1406
3183.05	96.2002
3184.98	96.3626
3186.91	96.4389
3188.84	96.3489
3190.77	96.195
3192.7	96.0942
3194.63	96.0845
3196.56	96.1836
3198.49	96.3731
3200.42	96.531
3202.35	96.5538
3204.27	96.5086
3206.2	96.4894
3208.13	96.4285
3210.06	96.2663
3211.99	96.141
3213.92	96.1581
3215.85	96.2074
3217.78	96.1979
3219.71	96.1641
3221.64	96.072
3223.57	95.8885
3225.49	95.7543
3227.42	95.7598
3229.35	95.8159
3231.28	95.9315
3233.21	96.1788
3235.14	96.3634
3237.07	96.2438
3239	95.9695
3240.93	95.842
3242.86	95.843
3244.79	95.7563
3246.72	95.57
3248.64	95.4633
3250.57	95.4604
3252.5	95.4333
3254.43	95.4437
3256.36	95.6266
3258.29	95.7932
3260.22	95.7266
3262.15	95.6045
3264.08	95.5874
3266.01	95.5281
3267.94	95.418
3269.86	95.4263
3271.79	95.4816
3273.72	95.4259
3275.65	95.3201
3277.58	95.2487
3279.51	95.2162
3281.44	95.2584
3283.37	95.3162
3285.3	95.2442
3287.23	95.0967
3289.16	95.0375
3291.08	95.0323
3293.01	94.9893
3294.94	94.9795
3296.87	95.0171
3298.8	94.9434
3300.73	94.7665
3302.66	94.7293
3304.59	94.8519
3306.52	94.8674
3308.45	94.7312
3310.38	94.6981
3312.31	94.8181
3314.23	94.84
3316.16	94.6579
3318.09	94.465
3320.02	94.4265
3321.95	94.4522
3323.88	94.3979
3325.81	94.3545
3327.74	94.5027
3329.67	94.7492
3331.6	94.8425
3333.53	94.7601
3335.45	94.6453
3337.38	94.5457
3339.31	94.4559
3341.24	94.379
3343.17	94.3004
3345.1	94.2867
3347.03	94.4021
3348.96	94.4842
3350.89	94.4158
3352.82	94.3856
3354.75	94.4758
3356.68	94.5115
3358.6	94.5063
3360.53	94.5996
3362.46	94.6699
3364.39	94.5999
3366.32	94.5102
3368.25	94.4125
3370.18	94.2392
3372.11	94.1455
3374.04	94.1917
3375.97	94.1951
3377.9	94.2222
3379.82	94.4751
3381.75	94.7401
3383.68	94.7339
3385.61	94.6339
3387.54	94.6561
3389.47	94.6525
3391.4	94.4892
3393.33	94.311
3395.26	94.2808
3397.19	94.362
3399.12	94.4041
3401.04	94.3269
3402.97	94.1913
3404.9	94.0987
3406.83	94.1071
3408.76	94.2426
3410.69	94.4413
3412.62	94.5366
3414.55	94.47
3416.48	94.3765
3418.41	94.3468
3420.34	94.3499
3422.27	94.442
3424.19	94.71
3426.12	94.9837
3428.05	94.9888
3429.98	94.7697
3431.91	94.625
3433.84	94.6228
3435.77	94.5632
3437.7	94.4461
3439.63	94.5147
3441.56	94.772
3443.49	94.9299
3445.41	94.9072
3447.34	94.919
3449.27	95.0383
3451.2	95.0823
3453.13	94.9559
3455.06	94.7573
3456.99	94.611
3458.92	94.6193
3460.85	94.8612
3462.78	95.2293
3464.71	95.4293
3466.64	95.3443
3468.56	95.1825
3470.49	95.1474
3472.42	95.1837
3474.35	95.1166
3476.28	94.9096
3478.21	94.7484
3480.14	94.8437
3482.07	95.1023
3484	95.1703
3485.93	94.9798
3487.86	94.8685
3489.78	95.0232
3491.71	95.2244
3493.64	95.2665
3495.57	95.2291
3497.5	95.254
3499.43	95.3381
3501.36	95.4201
3503.29	95.5039
3505.22	95.599
3507.15	95.63
3509.08	95.5578
3511	95.5002
3512.93	95.5378
3514.86	95.5331
3516.79	95.3526
3518.72	95.067
3520.65	94.8541
3522.58	94.8611
3524.51	95.1026
3526.44	95.3932
3528.37	95.5111
3530.3	95.3679
3532.23	95.0479
3534.15	94.8353
3536.08	94.9929
3538.01	95.3291
3539.94	95.4139
3541.87	95.3024
3543.8	95.3107
3545.73	95.3436
3547.66	95.1446
3549.59	94.9517
3551.52	95.1017
3553.45	95.4172
3555.37	95.4423
3557.3	95.1703
3559.23	95.0015
3561.16	95.1364
3563.09	95.3826
3565.02	95.5899
3566.95	95.7502
3568.88	95.7119
3570.81	95.4888
3572.74	95.387
3574.67	95.5883
3576.6	95.9513
3578.52	96.1746
3580.45	96.082
3582.38	95.7913
3584.31	95.6956
3586.24	96.0995
3588.17	96.7308
3590.1	96.9445
3592.03	96.8472
3593.96	96.9055
3595.89	97.2223
3597.82	97.5486
3599.74	97.7172
3601.67	97.6721
3603.6	97.403
3605.53	97.0452
3607.46	96.8337
3609.39	96.9849
3611.32	97.4649
3613.25	97.9677
3615.18	98.1967
3617.11	98.1966
3619.04	98.2333
3620.97	98.2462
3622.89	97.9617
3624.82	97.4862
3626.75	97.1764
3628.68	97.3662
3630.61	97.6994
3632.54	97.6086
3634.47	97.4118
3636.4	97.5124
3638.33	97.7008
3640.26	97.6361
3642.19	97.5657
3644.11	97.7973
3646.04	98.0391
3647.97	97.9748
3649.9	97.9932
3651.83	98.299
3653.76	98.4017
3655.69	98.2669
3657.62	98.1704
3659.55	98.0769
3661.48	97.7388
3663.41	97.291
3665.33	97.1475
3667.26	97.4448
3669.19	97.9865
3671.12	98.4459
3673.05	98.8421
3674.98	99.336
3676.91	99.4335
3678.84	98.8812
3680.77	98.3293
3682.7	98.0859
3684.63	98.0371
3686.56	98.1254
3688.48	98.4275
3690.41	98.6502
3692.34	98.4877
3694.27	98.3549
3696.2	98.5673
3698.13	98.9236
3700.06	99.0611
3701.99	98.8838
3703.92	98.6115
3705.85	98.4808
3707.78	98.5529
3709.7	98.7933
3711.63	98.9734
3713.56	98.8538
3715.49	98.6636
3717.42	98.6507
3719.35	98.7323
3721.28	98.7134
3723.21	98.7152
3725.14	98.956
3727.07	99.1828
3729	99.1073
3730.93	99.0297
3732.85	99.3847
3734.78	99.8474
3736.71	99.4471
3738.64	98.5679
3740.57	98.234
3742.5	98.6096
3744.43	99.1284
3746.36	99.0135
3748.29	98.6895
3750.22	98.6765
3752.15	98.6247
3754.07	98.2994
3756	98.1617
3757.93	98.3634
3759.86	98.5376
3761.79	98.3823
3763.72	98.086
3765.65	97.8491
3767.58	97.7479
3769.51	97.7592
3771.44	97.6995
3773.37	97.5058
3775.29	97.4021
3777.22	97.5338
3779.15	97.737
3781.08	97.7541
3783.01	97.5939
3784.94	97.4172
3786.87	97.3656
3788.8	97.4289
3790.73	97.4525
3792.66	97.4949
3794.59	97.8376
3796.52	98.422
3798.44	98.8139
3800.37	98.8777
3802.3	98.7201
3804.23	98.3964
3806.16	98.0344
3808.09	97.7479
3810.02	97.5568
3811.95	97.581
3813.88	98.0046
3815.81	98.6086
3817.74	98.7833
3819.66	98.593
3821.59	98.3804
3823.52	98.144
3825.45	97.9273
3827.38	97.7887
3829.31	97.6772
3831.24	97.6948
3833.17	98.0069
3835.1	98.4612
3837.03	98.7584
3838.96	98.7811
3840.89	98.5369
3842.81	98.1377
3844.74	97.7582
3846.67	97.5006
3848.6	97.4003
3850.53	97.5628
3852.46	98.09
3854.39	98.4902
3856.32	98.2756
3858.25	97.9828
3860.18	97.9179
3862.11	97.9953
3864.03	98.0277
3865.96	98.0035
3867.89	98.0507
3869.82	98.1677
3871.75	98.1639
3873.68	97.9067
3875.61	97.6247
3877.54	97.6778
3879.47	98.1015
3881.4	98.4317
3883.33	98.3638
3885.25	98.202
3887.18	98.1407
3889.11	98.0009
3891.04	97.7751
3892.97	97.6817
3894.9	97.7241
3896.83	97.7397
3898.76	97.7677
3900.69	97.9358
3902.62	98.083
3904.55	97.9156
3906.48	97.583
3908.4	97.4437
3910.33	97.4856
3912.26	97.4436
3914.19	97.2722
3916.12	97.2799
3918.05	97.6256
3919.98	97.9118
3921.91	97.8044
3923.84	97.5294
3925.77	97.4279
3927.7	97.4597
3929.62	97.4042
3931.55	97.2976
3933.48	97.3146
3935.41	97.3956
3937.34	97.3727
3939.27	97.2938
3941.2	97.3546
3943.13	97.5759
3945.06	97.7179
3946.99	97.6588
3948.92	97.5707
3950.85	97.6114
3952.77	97.6698
3954.7	97.56
3956.63	97.2922
3958.56	97.0535
3960.49	96.9698
3962.42	96.9869
3964.35	97.0449
3966.28	97.1907
3968.21	97.3826
3970.14	97.4247
3972.07	97.2729
3973.99	97.1433
3975.92	97.1705
3977.85	97.2376
3979.78	97.2397
3981.71	97.2426
3983.64	97.2982
3985.57	97.3365
3987.5	97.3203
3989.43	97.2971
3991.36	97.2637
3993.29	97.1989
3995.22	97.1649
3997.14	97.1701
