499.643	82.4277
501.572	82.3941
503.501	82.0873
505.43	82.9497
507.36	83.6677
509.289	83.2931
511.218	82.9888
513.147	83.2995
515.076	83.3432
517.005	83.0233
518.934	83.0884
520.863	83.358
522.792	83.3972
524.722	83.6594
526.651	84.3772
528.58	84.8445
530.509	84.8054
532.438	84.8331
534.367	85.2305
536.296	85.7914
538.225	86.3332
540.155	86.6736
542.084	86.5662
544.013	86.1808
545.942	86.0014
547.871	86.0901
549.8	86.15
551.729	86.2189
553.658	86.5289
555.588	86.9212
557.517	87.0575
559.446	86.9675
561.375	86.873
563.304	86.7998
565.233	86.7661
567.162	86.9172
569.091	87.1554
571.021	87.1799
572.95	87.0584
574.879	87.0859
576.808	87.2451
578.737	87.3711
580.666	87.4426
582.595	87.3965
584.524	87.2121
586.454	87.0801
588.383	87.0529
590.312	86.9408
592.241	86.7199
594.17	86.5746
596.099	86.5782
598.028	86.6822
599.957	86.8044
601.887	86.8652
603.816	86.9354
605.745	87.1571
607.674	87.4769
609.603	87.7469
611.532	87.9991
613.461	88.3282
615.39	88.6321
617.32	88.6831
619.249	88.4676
621.178	88.2916
623.107	88.3738
625.036	88.5666
626.965	88.6448
628.894	88.6438
630.823	88.6465
632.753	88.5749
634.682	88.3833
636.611	88.1488
638.54	87.9427
640.469	87.7788
642.398	87.5783
644.327	87.2328
646.256	86.8019
648.186	86.4357
650.115	86.1827
652.044	86.0886
653.973	86.211
655.902	86.3936
657.831	86.5123
659.76	86.7654
661.689	87.1693
663.619	87.5225
665.548	88.2254
667.477	89.9644
669.406	91.3555
671.335	91.0768
673.264	90.7994
675.193	91.0727
677.122	91.3808
679.052	91.5246
680.981	91.7389
682.91	91.899
684.839	91.8588
686.768	91.7695
688.697	91.684
690.626	91.5548
692.555	91.3731
694.485	91.0941
696.414	90.7851
698.343	90.6317
700.272	90.603
702.201	90.5305
704.13	90.4436
706.059	90.4065
707.988	90.3207
709.917	90.176
711.847	90.0856
713.776	90.0414
715.705	90.0295
717.634	90.1316
719.563	90.2251
721.492	90.0616
723.421	89.7723
725.35	89.6452
727.28	89.5847
729.209	89.34
731.138	88.9319
733.067	88.4809
734.996	87.9996
736.925	87.5401
738.854	87.1722
740.783	86.8032
742.713	86.3057
744.642	85.7727
746.571	85.4653
748.5	85.5534
750.429	85.9863
752.358	86.5787
754.287	87.1522
756.216	87.5891
758.146	87.8431
760.075	87.9649
762.004	88.0252
763.933	87.9905
765.862	87.7806
767.791	87.3913
769.72	86.836
771.649	86.0424
773.579	84.866
775.508	83.1157
777.437	80.5441
779.366	76.9669
781.295	72.5735
783.224	68.1502
785.153	64.8422
787.082	63.5596
789.012	64.6014
790.941	67.7065
792.87	72.1608
794.799	76.8716
796.728	80.7318
798.657	83.1699
800.586	84.3071
802.515	84.5536
804.445	84.1767
806.374	83.2476
808.303	81.8069
810.232	80.0482
812.161	78.441
814.09	77.5673
816.019	77.7232
817.948	78.7424
819.878	80.1684
821.807	81.5336
823.736	82.589
825.665	83.334
827.594	83.806
829.523	83.9827
831.452	83.9116
833.381	83.6872
835.311	83.2763
837.24	82.5596
839.169	81.5027
841.098	80.1772
843.027	78.7298
844.956	77.3834
846.885	76.3259
848.814	75.5425
850.744	74.8445
852.673	74.0886
854.602	73.284
856.531	72.4894
858.46	71.7464
860.389	71.1425
862.318	70.8084
864.247	70.8119
866.177	71.1238
868.106	71.6728
870.035	72.3558
871.964	73.016
873.893	73.4997
875.822	73.7573
877.751	73.858
879.68	73.9219
881.609	74.0441
883.539	74.2583
885.468	74.5631
887.397	74.9567
889.326	75.399
891.255	75.7814
893.184	76.0105
895.113	76.1012
897.042	76.1506
898.972	76.2591
900.901	76.5151
902.83	77.0208
904.759	77.8605
906.688	79.0057
908.617	80.2938
910.546	81.5161
912.475	82.4759
914.405	82.9991
916.334	83.0077
918.263	82.5761
920.192	81.8428
922.121	80.8885
924.05	79.721
925.979	78.3446
927.908	76.8079
929.838	75.1536
931.767	73.3715
933.696	71.4836
935.625	69.6291
937.554	67.9967
939.483	66.7349
941.412	65.9276
943.341	65.5464
945.271	65.4545
947.2	65.5479
949.129	65.8425
951.058	66.4016
952.987	67.2492
954.916	68.3244
956.845	69.471
958.774	70.5433
960.704	71.5292
962.633	72.506
964.562	73.5172
966.491	74.5479
968.42	75.5675
970.349	76.5437
972.278	77.4175
974.207	78.0967
976.137	78.5153
978.066	78.6732
979.995	78.5925
981.924	78.2904
983.853	77.7905
985.782	77.1085
987.711	76.3134
989.64	75.6176
991.57	75.2107
993.499	74.9944
995.428	74.6667
997.357	74.0202
999.286	73.0193
1001.22	71.7193
1003.14	70.24
1005.07	68.7472
1007	67.421
1008.93	66.4093
1010.86	65.705
1012.79	65.0792
1014.72	64.2263
1016.65	62.9584
1018.58	61.2612
1020.51	59.2789
1022.44	57.2611
1024.36	55.4725
1026.29	54.1689
1028.22	53.5708
1030.15	53.6881
1032.08	54.2416
1034.01	54.9136
1035.94	55.5982
1037.87	56.3348
1039.8	57.1601
1041.73	58.119
1043.66	59.2876
1045.58	60.7128
1047.51	62.3792
1049.44	64.2053
1051.37	66.0157
1053.3	67.5838
1055.23	68.791
1057.16	69.7108
1059.09	70.4793
1061.02	71.1073
1062.95	71.4484
1064.88	71.3451
1066.81	70.8375
1068.73	70.2461
1070.66	69.9858
1072.59	70.2633
1074.52	70.9848
1076.45	71.9171
1078.38	72.8567
1080.31	73.68
1082.24	74.3254
1084.17	74.7457
1086.1	74.8861
1088.03	74.728
1089.95	74.2977
1091.88	73.6022
1093.81	72.6496
1095.74	71.553
1097.67	70.4838
1099.6	69.498
1101.53	68.5217
1103.46	67.4871
1105.39	66.377
1107.32	65.187
1109.25	63.9381
1111.18	62.6844
1113.1	61.4807
1115.03	60.3685
1116.96	59.3448
1118.89	58.3245
1120.82	57.2067
1122.75	55.975
1124.68	54.6758
1126.61	53.344
1128.54	52.0011
1130.47	50.6701
1132.4	49.3603
1134.32	48.0727
1136.25	46.8298
1138.18	45.6759
1140.11	44.6478
1142.04	43.7676
1143.97	43.0604
1145.9	42.5428
1147.83	42.1871
1149.76	41.9394
1151.69	41.7775
1153.62	41.7187
1155.55	41.7802
1157.47	41.9789
1159.4	42.3617
1161.33	42.9839
1163.26	43.862
1165.19	44.9876
1167.12	46.3576
1169.05	47.9542
1170.98	49.7288
1172.91	51.6289
1174.84	53.6113
1176.77	55.6314
1178.69	57.648
1180.62	59.6288
1182.55	61.5424
1184.48	63.3564
1186.41	65.0459
1188.34	66.6098
1190.27	68.0828
1192.2	69.5168
1194.13	70.9535
1196.06	72.4043
1197.99	73.8209
1199.91	75.0919
1201.84	76.0911
1203.77	76.7048
1205.7	76.8511
1207.63	76.5234
1209.56	75.7836
1211.49	74.7817
1213.42	73.7114
1215.35	72.4257
1217.28	70.3198
1219.21	67.1993
1221.14	63.8069
1223.06	60.8329
1224.99	58.1691
1226.92	55.4357
1228.85	52.5649
1230.78	49.677
1232.71	46.9052
1234.64	44.4555
1236.57	42.5129
1238.5	41.0837
1240.43	40.0356
1242.36	39.2191
1244.28	38.5171
1246.21	37.8431
1248.14	37.1459
1250.07	36.4496
1252	35.8575
1253.93	35.4776
1255.86	35.3977
1257.79	35.7128
1259.72	36.4628
1261.65	37.5929
1263.58	39.0564
1265.51	40.829
1267.43	42.8166
1269.36	44.8927
1271.29	46.9683
1273.22	48.9784
1275.15	50.9106
1277.08	52.8008
1279.01	54.6352
1280.94	56.3663
1282.87	58.0209
1284.8	59.6594
1286.73	61.2476
1288.65	62.6806
1290.58	63.9122
1292.51	64.9696
1294.44	65.8803
1296.37	66.7096
1298.3	67.6414
1300.23	68.9016
1302.16	70.5962
1304.09	72.6609
1306.02	74.9062
1307.95	77.0722
1309.87	78.8975
1311.8	80.1705
1313.73	80.764
1315.66	80.6821
1317.59	80.0571
1319.52	79.2158
1321.45	78.7027
1323.38	78.9388
1325.31	79.9622
1327.24	81.4854
1329.17	83.083
1331.1	84.4421
1333.02	85.4181
1334.95	86.0379
1336.88	86.4979
1338.81	86.9998
1340.74	87.6107
1342.67	88.3426
1344.6	89.2378
1346.53	90.2561
1348.46	91.1957
1350.39	91.8017
1352.32	91.9032
1354.24	91.4389
1356.17	90.635
1358.1	90.0249
1360.03	89.9169
1361.96	90.0756
1363.89	89.9324
1365.82	89.156
1367.75	87.7804
1369.68	86.1613
1371.61	84.8006
1373.54	83.7437
1375.47	82.7644
1377.39	81.9419
1379.32	81.3725
1381.25	80.988
1383.18	80.8086
1385.11	80.9573
1387.04	81.5067
1388.97	82.2044
1390.9	82.6742
1392.83	82.8446
1394.76	82.7031
1396.69	82.1941
1398.61	81.3853
1400.54	80.578
1402.47	80.1014
1404.4	80.052
1406.33	80.3689
1408.26	80.94
1410.19	81.7777
1412.12	82.9005
1414.05	84.0762
1415.98	85.2408
1417.91	86.5511
1419.83	87.6849
1421.76	88.2425
1423.69	88.4049
1425.62	88.3547
1427.55	88.0832
1429.48	87.3517
1431.41	86.1672
1433.34	84.9951
1435.27	83.7632
1437.2	82.0228
1439.13	80.2804
1441.06	79.0431
1442.98	78.1222
1444.91	77.4695
1446.84	77.0361
1448.77	76.6025
1450.7	76.2907
1452.63	76.4397
1454.56	77.1563
1456.49	78.4817
1458.42	79.8012
1460.35	80.5754
1462.28	81.4357
1464.2	82.7395
1466.13	84.0897
1468.06	85.1024
1469.99	86.2156
1471.92	87.6565
1473.85	88.6835
1475.78	88.9473
1477.71	89.1499
1479.64	89.5005
1481.57	89.8935
1483.5	90.318
1485.43	90.8667
1487.35	91.6438
1489.28	92.523
1491.21	93.1027
1493.14	93.5191
1495.07	94.1474
1497	94.9362
1498.93	95.4247
1500.86	95.5888
1502.79	95.8095
1504.72	96.3309
1506.65	97.1064
1508.57	97.2391
1510.5	96.8208
1512.43	96.6119
1514.36	96.7642
1516.29	97.1018
1518.22	97.3857
1520.15	97.5574
1522.08	97.5781
1524.01	97.4666
1525.94	97.2967
1527.87	97.1181
1529.8	97.0498
1531.72	97.1579
1533.65	97.2799
1535.58	97.2799
1537.51	97.4414
1539.44	98.0073
1541.37	98.3425
1543.3	97.8439
1545.23	97.2719
1547.16	96.9921
1549.09	96.9712
1551.02	97.0299
1552.94	97.049
1554.87	97.1889
1556.8	97.6423
1558.73	97.978
1560.66	97.4857
1562.59	96.9309
1564.52	96.6618
1566.45	96.6235
1568.38	96.6865
1570.31	96.548
1572.24	96.2935
1574.16	96.2824
1576.09	96.4216
1578.02	96.225
1579.95	95.8596
1581.88	95.7026
1583.81	95.7281
1585.74	95.7657
1587.67	95.7869
1589.6	95.8456
1591.53	95.9217
1593.46	95.9652
1595.39	95.9637
1597.31	95.9187
1599.24	95.8438
1601.17	95.7632
1603.1	95.6653
1605.03	95.5524
1606.96	95.5074
1608.89	95.5127
1610.82	95.4104
1612.75	95.2886
1614.68	95.3362
1616.61	95.3009
1618.53	94.883
1620.46	94.4676
1622.39	94.1718
1624.32	93.7535
1626.25	93.187
1628.18	92.4903
1630.11	91.6867
1632.04	91.0829
1633.97	90.8052
1635.9	90.5055
1637.83	90.1341
1639.76	90.3734
1641.68	91.2921
1643.61	92.5419
1645.54	93.9151
1647.47	94.9226
1649.4	95.2089
1651.33	95.4077
1653.26	95.7562
1655.19	95.4611
1657.12	94.9211
1659.05	94.7309
1660.98	94.8043
1662.9	94.7467
1664.83	94.4991
1666.76	94.44
1668.69	94.5901
1670.62	94.494
1672.55	94.1327
1674.48	93.8118
1676.41	93.4155
1678.34	93.0209
1680.27	92.8839
1682.2	92.8236
1684.12	92.3445
1686.05	91.5051
1687.98	90.6978
1689.91	89.896
1691.84	89.0415
1693.77	88.0154
1695.7	86.841
1697.63	85.5216
1699.56	83.366
1701.49	80.4372
1703.42	77.7206
1705.35	74.8306
1707.27	71.2587
1709.2	67.7392
1711.13	64.7367
1713.06	62.0633
1714.99	59.889
1716.92	58.0832
1718.85	56.3071
1720.78	55.439
1722.71	55.7506
1724.64	56.7423
1726.57	58.1622
1728.49	59.8473
1730.42	61.4923
1732.35	62.9
1734.28	63.7929
1736.21	63.9474
1738.14	63.5364
1740.07	62.6099
1742	61.4425
1743.93	60.7507
1745.86	60.7132
1747.79	61.3014
1749.72	62.7904
1751.64	64.7791
1753.57	66.8345
1755.5	69.4494
1757.43	72.7482
1759.36	76.1975
1761.29	79.6538
1763.22	82.9904
1765.15	85.7272
1767.08	88.0152
1769.01	90.2805
1770.94	92.3288
1772.86	93.7352
1774.79	94.565
1776.72	95.0699
1778.65	95.4871
1780.58	95.9691
1782.51	96.3708
1784.44	96.6089
1786.37	96.8222
1788.3	97.0496
1790.23	97.298
1792.16	97.5252
1794.08	97.5062
1796.01	97.3442
1797.94	97.3067
1799.87	97.3411
1801.8	97.2874
1803.73	97.1761
1805.66	97.0885
1807.59	97.1096
1809.52	97.2481
1811.45	97.2818
1813.38	97.1345
1815.31	97.0536
1817.23	97.1254
1819.16	97.1984
1821.09	97.2272
1823.02	97.2998
1824.95	97.4683
1826.88	97.6843
1828.81	97.7937
1830.74	97.7119
1832.67	97.6214
1834.6	97.6791
1836.53	97.7698
1838.45	97.7382
1840.38	97.6871
1842.31	97.8049
1844.24	97.986
1846.17	97.934
1848.1	97.7531
1850.03	97.7104
1851.96	97.8253
1853.89	97.9393
1855.82	97.9278
1857.75	97.8541
1859.68	97.8678
1861.6	97.9589
1863.53	98.0763
1865.46	98.3171
1867.39	98.6296
1869.32	98.6839
1871.25	98.4747
1873.18	98.3081
1875.11	98.2301
1877.04	98.1992
1878.97	98.2266
1880.9	98.2825
1882.82	98.3679
1884.75	98.4789
1886.68	98.5135
1888.61	98.4726
1890.54	98.4923
1892.47	98.5635
1894.4	98.5993
1896.33	98.6267
1898.26	98.6374
1900.19	98.5783
1902.12	98.5355
1904.05	98.603
1905.97	98.7045
1907.9	98.8011
1909.83	98.9543
1911.76	99.0476
1913.69	98.9718
1915.62	98.9564
1917.55	99.136
1919.48	99.1658
1921.41	98.9239
1923.34	98.835
1925.27	99.0468
1927.19	99.1966
1929.12	99.1215
1931.05	99.0554
1932.98	99.2072
1934.91	99.4707
1936.84	99.5817
1938.77	99.5531
1940.7	99.652
1942.63	99.8323
1944.56	99.7608
1946.49	99.5059
1948.41	99.4005
1950.34	99.5083
1952.27	99.6886
1954.2	99.8047
1956.13	99.7806
1958.06	99.6817
1959.99	99.6503
1961.92	99.746
1963.85	99.9598
1965.78	100.2
1967.71	100.266
1969.64	100.141
1971.56	100.089
1973.49	100.232
1975.42	100.38
1977.35	100.354
1979.28	100.208
1981.21	100.131
1983.14	100.239
1985.07	100.388
1987	100.339
1988.93	100.225
1990.86	100.327
1992.78	100.447
1994.71	100.263
1996.64	100.024
1998.57	100.058
2000.5	100.191
2002.43	100.176
2004.36	100.131
2006.29	100.22
2008.22	100.336
2010.15	100.305
2012.08	100.216
2014.01	100.304
2015.93	100.528
2017.86	100.59
2019.79	100.455
2021.72	100.391
2023.65	100.495
2025.58	100.593
2027.51	100.531
2029.44	100.377
2031.37	100.295
2033.3	100.317
2035.23	100.383
2037.15	100.528
2039.08	100.733
2041.01	100.761
2042.94	100.515
2044.87	100.281
2046.8	100.312
2048.73	100.459
2050.66	100.479
2052.59	100.366
2054.52	100.217
2056.45	100.054
2058.37	99.9027
2060.3	99.7512
2062.23	99.5396
2064.16	99.3973
2066.09	99.5429
2068.02	99.8503
2069.95	100.006
2071.88	99.9793
2073.81	99.877
2075.74	99.7047
2077.67	99.5557
2079.6	99.5712
2081.52	99.6515
2083.45	99.603
2085.38	99.4549
2087.31	99.3699
2089.24	99.4148
2091.17	99.5244
2093.1	99.5677
2095.03	99.4828
2096.96	99.3965
2098.89	99.45
2100.82	99.5348
2102.74	99.4773
2104.67	99.3668
2106.6	99.3783
2108.53	99.467
2110.46	99.5341
2112.39	99.6148
2114.32	99.6906
2116.25	99.6556
2118.18	99.5507
2120.11	99.5001
2122.04	99.4816
2123.97	99.4702
2125.89	99.6015
2127.82	99.8739
2129.75	100.009
2131.68	99.9095
2133.61	99.8257
2135.54	99.8642
2137.47	99.8907
2139.4	99.9582
2141.33	100.192
2143.26	100.426
2145.19	100.469
2147.11	100.405
2149.04	100.383
2150.97	100.44
2152.9	100.527
2154.83	100.551
2156.76	100.527
2158.69	100.588
2160.62	100.701
2162.55	100.658
2164.48	100.412
2166.41	100.186
2168.33	100.204
2170.26	100.388
2172.19	100.436
2174.12	100.269
2176.05	100.109
2177.98	100.079
2179.91	100.102
2181.84	100.15
2183.77	100.217
2185.7	100.248
2187.63	100.309
2189.56	100.486
2191.48	100.603
2193.41	100.442
2195.34	100.122
2197.27	99.946
2199.2	100.035
2201.13	100.28
2203.06	100.427
2204.99	100.278
2206.92	99.9975
2208.85	99.9452
2210.78	100.1
2212.7	100.097
2214.63	99.8887
2216.56	99.8186
2218.49	99.9763
2220.42	100.08
2222.35	100.029
2224.28	100.006
2226.21	100.052
2228.14	100.081
2230.07	100.149
2232	100.265
2233.93	100.26
2235.85	100.135
2237.78	100.061
2239.71	100.019
2241.64	99.9395
2243.57	99.9629
2245.5	100.133
2247.43	100.277
2249.36	100.323
2251.29	100.292
2253.22	100.151
2255.15	99.9827
2257.07	99.9396
2259	99.9626
2260.93	99.9459
2262.86	99.9869
2264.79	100.149
2266.72	100.279
2268.65	100.261
2270.58	100.154
2272.51	100.027
2274.44	99.8887
2276.37	99.7482
2278.29	99.6491
2280.22	99.6423
2282.15	99.736
2284.08	99.8635
2286.01	99.9465
2287.94	100.006
2289.87	100.147
2291.8	100.42
2293.73	100.743
2295.66	101.012
2297.59	101.239
2299.52	101.529
2301.44	101.881
2303.37	102.167
2305.3	102.439
2307.23	102.992
2309.16	103.848
2311.09	104.558
2313.02	104.954
2314.95	105.457
2316.88	106.268
2318.81	107.169
2320.74	108.137
2322.66	109.174
2324.59	109.9
2326.52	110.301
2328.45	110.913
2330.38	111.793
2332.31	112.32
2334.24	112.469
2336.17	112.775
2338.1	113.185
2340.03	113.422
2341.96	113.556
2343.89	112.956
2345.81	111.12
2347.74	109.59
2349.67	109.636
2351.6	111.394
2353.53	114.252
2355.46	116.772
2357.39	118.293
2359.32	119.004
2361.25	118.798
2363.18	117.823
2365.11	116.223
2367.03	114.258
2368.96	112.403
2370.89	110.539
2372.82	108.354
2374.75	106.101
2376.68	104.171
2378.61	102.607
2380.54	101.319
2382.47	100.282
2384.4	99.4411
2386.33	98.7437
2388.26	98.2773
2390.18	98.1111
2392.11	98.0864
2394.04	98.0262
2395.97	97.9618
2397.9	97.9439
2399.83	97.9131
2401.76	97.8756
2403.69	97.9356
2405.62	98.1037
2407.55	98.2436
2409.48	98.2436
2411.4	98.1736
2413.33	98.1684
2415.26	98.204
2417.19	98.1758
2419.12	98.122
2421.05	98.1499
2422.98	98.2561
2424.91	98.3435
2426.84	98.3125
2428.77	98.1703
2430.7	98.0776
2432.62	98.1323
2434.55	98.2264
2436.48	98.2911
2438.41	98.4218
2440.34	98.6188
2442.27	98.7048
2444.2	98.5906
2446.13	98.4014
2448.06	98.3077
2449.99	98.3482
2451.92	98.4283
2453.85	98.4568
2455.77	98.4596
2457.7	98.5125
2459.63	98.5744
2461.56	98.5168
2463.49	98.3561
2465.42	98.2812
2467.35	98.3855
2469.28	98.5556
2471.21	98.661
2473.14	98.7007
2475.07	98.7474
2476.99	98.8164
2478.92	98.836
2480.85	98.7985
2482.78	98.8145
2484.71	98.8876
2486.64	98.8796
2488.57	98.7871
2490.5	98.7255
2492.43	98.6839
2494.36	98.6272
2496.29	98.6337
2498.22	98.6895
2500.14	98.665
2502.07	98.5961
2504	98.6383
2505.93	98.7634
2507.86	98.797
2509.79	98.691
2511.72	98.5592
2513.65	98.4971
2515.58	98.4989
2517.51	98.5501
2519.44	98.6709
2521.36	98.7891
2523.29	98.75
2525.22	98.5718
2527.15	98.4608
2529.08	98.5117
2531.01	98.6401
2532.94	98.7274
2534.87	98.6583
2536.8	98.4596
2538.73	98.3934
2540.66	98.5513
2542.58	98.6244
2544.51	98.4646
2546.44	98.3724
2548.37	98.5026
2550.3	98.6071
2552.23	98.5421
2554.16	98.4469
2556.09	98.4162
2558.02	98.4461
2559.95	98.5452
2561.88	98.6123
2563.81	98.4895
2565.73	98.2906
2567.66	98.2796
2569.59	98.3853
2571.52	98.33
2573.45	98.1856
2575.38	98.2201
2577.31	98.3452
2579.24	98.3077
2581.17	98.182
2583.1	98.1739
2585.03	98.262
2586.95	98.3403
2588.88	98.3663
2590.81	98.2777
2592.74	98.0768
2594.67	97.9153
2596.6	97.8919
2598.53	97.9544
2600.46	98.041
2602.39	98.1
2604.32	98.0733
2606.25	98.0155
2608.18	98.0203
2610.1	98.0136
2612.03	97.8909
2613.96	97.7493
2615.89	97.7293
2617.82	97.7995
2619.75	97.8407
2621.68	97.7899
2623.61	97.6827
2625.54	97.6204
2627.47	97.6303
2629.4	97.6268
2631.32	97.5907
2633.25	97.5983
2635.18	97.6159
2637.11	97.5237
2639.04	97.3559
2640.97	97.2693
2642.9	97.293
2644.83	97.3103
2646.76	97.2585
2648.69	97.1955
2650.62	97.1783
2652.54	97.1935
2654.47	97.2068
2656.4	97.1945
2658.33	97.1368
2660.26	97.0481
2662.19	96.9849
2664.12	96.982
2666.05	97.0196
2667.98	97.0513
2669.91	97.0294
2671.84	96.9532
2673.77	96.9041
2675.69	96.9431
2677.62	97.0071
2679.55	97.017
2681.48	96.9958
2683.41	96.9724
2685.34	96.9089
2687.27	96.8199
2689.2	96.798
2691.13	96.8505
2693.06	96.8793
2694.99	96.8561
2696.91	96.8422
2698.84	96.8386
2700.77	96.7974
2702.7	96.7457
2704.63	96.735
2706.56	96.7446
2708.49	96.7426
2710.42	96.7311
2712.35	96.7001
2714.28	96.6617
2716.21	96.6617
2718.14	96.6703
2720.06	96.6119
2721.99	96.519
2723.92	96.4751
2725.85	96.4743
2727.78	96.478
2729.71	96.4811
2731.64	96.4692
2733.57	96.4379
2735.5	96.4135
2737.43	96.3805
2739.36	96.2958
2741.28	96.182
2743.21	96.0993
2745.14	96.0687
2747.07	96.0952
2749	96.1845
2750.93	96.2994
2752.86	96.3782
2754.79	96.407
2756.72	96.4161
2758.65	96.4167
2760.58	96.3924
2762.51	96.3315
2764.43	96.2418
2766.36	96.1547
2768.29	96.0929
2770.22	96.0303
2772.15	95.9586
2774.08	95.9408
2776.01	95.9827
2777.94	95.9968
2779.87	95.9862
2781.8	96.031
2783.73	96.0757
2785.65	96.0206
2787.58	95.935
2789.51	95.9126
2791.44	95.8945
2793.37	95.8293
2795.3	95.7939
2797.23	95.8333
2799.16	95.8674
2801.09	95.8316
2803.02	95.779
2804.95	95.7715
2806.87	95.7726
2808.8	95.7231
2810.73	95.6183
2812.66	95.4644
2814.59	95.2925
2816.52	95.1885
2818.45	95.1644
2820.38	95.1113
2822.31	94.9826
2824.24	94.846
2826.17	94.712
2828.1	94.5217
2830.02	94.3129
2831.95	94.1972
2833.88	94.1525
2835.81	94.0214
2837.74	93.7678
2839.67	93.5256
2841.6	93.3357
2843.53	93.1053
2845.46	92.8586
2847.39	92.699
2849.32	92.5442
2851.24	92.2255
2853.17	91.7517
2855.1	91.2228
2857.03	90.6714
2858.96	90.1212
2860.89	89.6198
2862.82	89.1946
2864.75	88.8705
2866.68	88.6339
2868.61	88.3635
2870.54	87.9741
2872.47	87.6099
2874.39	87.4818
2876.32	87.5993
2878.25	87.8713
2880.18	88.2895
2882.11	88.7793
2884.04	89.1175
2885.97	89.2189
2887.9	89.2404
2889.83	89.2918
2891.76	89.334
2893.69	89.3383
2895.61	89.2924
2897.54	89.1742
2899.47	89.0588
2901.4	89.0421
2903.33	89.0532
2905.26	88.9998
2907.19	88.9583
2909.12	88.9692
2911.05	88.8945
2912.98	88.6688
2914.91	88.4125
2916.83	88.2194
2918.76	88.0698
2920.69	87.8985
2922.62	87.6096
2924.55	87.159
2926.48	86.6386
2928.41	86.1761
2930.34	85.862
2932.27	85.7682
2934.2	85.8803
2936.13	86.1129
2938.06	86.4408
2939.98	86.8155
2941.91	87.0448
2943.84	86.9936
2945.77	86.7475
2947.7	86.437
2949.63	86.0771
2951.56	85.6271
2953.49	85.0874
2955.42	84.5381
2957.35	84.1245
2959.28	83.9707
2961.2	84.113
2963.13	84.5879
2965.06	85.5165
2966.99	86.9047
2968.92	88.3809
2970.85	89.4273
2972.78	89.941
2974.71	90.2644
2976.64	90.669
2978.57	91.1563
2980.5	91.6809
2982.43	92.2225
2984.35	92.6507
2986.28	92.8295
2988.21	92.896
2990.14	93.1182
2992.07	93.4755
2994	93.7563
2995.93	93.9731
2997.86	94.2782
2999.79	94.6336
3001.72	94.8811
3003.65	94.9749
3005.57	95.0691
3007.5	95.4049
3009.43	95.9483
3011.36	96.3195
3013.29	96.3566
3015.22	96.3216
3017.15	96.3401
3019.08	96.2794
3021.01	96.233
3022.94	96.4283
3024.87	96.7763
3026.79	97.0385
3028.72	97.1656
3030.65	97.1885
3032.58	97.1261
3034.51	97.0519
3036.44	97.0057
3038.37	96.9855
3040.3	97.057
3042.23	97.1637
3044.16	97.0491
3046.09	96.7654
3048.02	96.7899
3049.94	97.2037
3051.87	97.4387
3053.8	97.2551
3055.73	97.1217
3057.66	97.2874
3059.59	97.4036
3061.52	97.3079
3063.45	97.2801
3065.38	97.3802
3067.31	97.3457
3069.24	97.1721
3071.16	97.0976
3073.09	97.132
3075.02	97.1727
3076.95	97.2837
3078.88	97.4029
3080.81	97.2694
3082.74	96.9672
3084.67	96.9005
3086.6	97.1054
3088.53	97.2708
3090.46	97.309
3092.39	97.2871
3094.31	97.1419
3096.24	96.9215
3098.17	96.8374
3100.1	96.8882
3102.03	96.8828
3103.96	96.768
3105.89	96.6613
3107.82	96.692
3109.75	96.838
3111.68	96.8652
3113.61	96.6578
3115.53	96.49
3117.46	96.591
3119.39	96.7323
3121.32	96.6301
3123.25	96.4389
3125.18	96.4935
3127.11	96.7782
3129.04	96.983
3130.97	97.0015
3132.9	96.9974
3134.83	96.9706
3136.75	96.7392
3138.68	96.3884
3140.61	96.2141
3142.54	96.2981
3144.47	96.5204
3146.4	96.7815
3148.33	96.9869
3150.26	97.0408
3152.19	96.9063
3154.12	96.6079
3156.05	96.3198
3157.98	96.2989
3159.9	96.5229
3161.83	96.7045
3163.76	96.7281
3165.69	96.695
3167.62	96.6505
3169.55	96.5944
3171.48	96.5711
3173.41	96.5864
3175.34	96.5884
3177.27	96.5436
3179.2	96.4721
3181.12	96.444
3183.05	96.4999
3184.98	96.5639
3186.91	96.5292
3188.84	96.3827
3190.77	96.1784
3192.7	96.0098
3194.63	96.0169
3196.56	96.2418
3198.49	96.4794
3200.42	96.4743
3202.35	96.3063
3204.27	96.3139
3206.2	96.5456
3208.13	96.6246
3210.06	96.3711
3211.99	96.1315
3213.92	96.1772
3215.85	96.2989
3217.78	96.2882
3219.71	96.2434
3221.64	96.1937
3223.57	96.0359
3225.49	95.8772
3227.42	95.8725
3229.35	95.909
3231.28	95.8901
3233.21	95.9227
3235.14	95.9713
3237.07	95.867
3239	95.7032
3240.93	95.68
3242.86	95.7108
3244.79	95.6339
3246.72	95.5363
3248.64	95.5168
3250.57	95.4506
3252.5	95.3016
3254.43	95.3089
3256.36	95.5322
3258.29	95.6564
3260.22	95.572
3262.15	95.5415
3264.08	95.5848
3266.01	95.4625
3267.94	95.2633
3269.86	95.251
3271.79	95.3642
3273.72	95.4043
3275.65	95.3671
3277.58	95.3623
3279.51	95.4574
3281.44	95.5565
3283.37	95.446
3285.3	95.1645
3287.23	95.0269
3289.16	95.1033
3291.08	95.1509
3293.01	95.0862
3294.94	95.0397
3296.87	95.0318
3298.8	94.9745
3300.73	94.8706
3302.66	94.7878
3304.59	94.7168
3306.52	94.5826
3308.45	94.4148
3310.38	94.3968
3312.31	94.5999
3314.23	94.7828
3316.16	94.7019
3318.09	94.4916
3320.02	94.4363
3321.95	94.5276
3323.88	94.5748
3325.81	94.5661
3327.74	94.592
3329.67	94.6129
3331.6	94.5607
3333.53	94.4607
3335.45	94.3334
3337.38	94.212
3339.31	94.2014
3341.24	94.3012
3343.17	94.3785
3345.1	94.4284
3347.03	94.5087
3348.96	94.4919
3350.89	94.3441
3352.82	94.2881
3354.75	94.3543
3356.68	94.379
3358.6	94.4301
3360.53	94.5238
3362.46	94.3789
3364.39	94.0768
3366.32	94.1174
3368.25	94.4727
3370.18	94.6317
3372.11	94.526
3374.04	94.4405
3375.97	94.4258
3377.9	94.4264
3379.82	94.4666
3381.75	94.5147
3383.68	94.5386
3385.61	94.5844
3387.54	94.6399
3389.47	94.6008
3391.4	94.4097
3393.33	94.1787
3395.26	94.1159
3397.19	94.2269
3399.12	94.2861
3401.04	94.2425
3402.97	94.3078
3404.9	94.5159
3406.83	94.6282
3408.76	94.5685
3410.69	94.5193
3412.62	94.5469
3414.55	94.5344
3416.48	94.468
3418.41	94.4369
3420.34	94.4249
3422.27	94.4059
3424.19	94.4813
3426.12	94.6436
3428.05	94.6949
3429.98	94.581
3431.91	94.4806
3433.84	94.4966
3435.77	94.5693
3437.7	94.6567
3439.63	94.7447
3441.56	94.7709
3443.49	94.7311
3445.41	94.7565
3447.34	94.932
3449.27	95.1026
3451.2	95.0444
3453.13	94.7761
3455.06	94.5343
3456.99	94.5163
3458.92	94.754
3460.85	95.1811
3462.78	95.605
3464.71	95.705
3466.64	95.4028
3468.56	95.094
3470.49	95.0902
3472.42	95.106
3474.35	94.8558
3476.28	94.6637
3478.21	94.7852
3480.14	94.8979
3482.07	94.8383
3484	94.8957
3485.93	95.0894
3487.86	95.1868
3489.78	95.2964
3491.71	95.5781
3493.64	95.7852
3495.57	95.655
3497.5	95.3454
3499.43	95.2152
3501.36	95.3504
3503.29	95.4407
3505.22	95.2521
3507.15	95.0966
3509.08	95.3066
3511	95.6379
3512.93	95.6709
3514.86	95.4247
3516.79	95.1462
3518.72	94.9924
3520.65	95.0288
3522.58	95.214
3524.51	95.4092
3526.44	95.5282
3528.37	95.5947
3530.3	95.6099
3532.23	95.5068
3534.15	95.3355
3536.08	95.3101
3538.01	95.4281
3539.94	95.3517
3541.87	95.0555
3543.8	94.94
3545.73	95.1033
3547.66	95.2277
3549.59	95.2977
3551.52	95.4341
3553.45	95.3983
3555.37	95.0884
3557.3	94.857
3559.23	94.9205
3561.16	95.1489
3563.09	95.3884
3565.02	95.6621
3566.95	95.9786
3568.88	96.081
3570.81	95.8388
3572.74	95.5818
3574.67	95.6639
3576.6	95.9398
3578.52	95.9612
3580.45	95.7355
3582.38	95.6139
3584.31	95.7545
3586.24	96.2101
3588.17	96.8168
3590.1	96.9912
3592.03	96.7442
3593.96	96.6462
3595.89	96.9682
3597.82	97.4402
3599.74	97.8067
3601.67	97.9318
3603.6	97.7334
3605.53	97.3892
3607.46	97.1405
3609.39	97.1425
3611.32	97.477
3613.25	97.932
3615.18	98.0572
3617.11	97.8701
3619.04	97.8424
3620.97	97.934
3622.89	97.7635
3624.82	97.5577
3626.75	97.6927
3628.68	98.0337
3630.61	98.0382
3632.54	97.8334
3634.47	97.7519
3636.4	97.7607
3638.33	97.7637
3640.26	97.8072
3642.19	97.9806
3644.11	98.2551
3646.04	98.4856
3647.97	98.5604
3649.9	98.576
3651.83	98.6809
3653.76	98.6955
3655.69	98.4749
3657.62	98.1711
3659.55	97.9549
3661.48	97.6922
3663.41	97.419
3665.33	97.4526
3667.26	97.8521
3669.19	98.3346
3671.12	98.6334
3673.05	98.9492
3674.98	99.4945
3676.91	99.7217
3678.84	99.156
3680.77	98.3916
3682.7	97.9862
3684.63	98.0286
3686.56	98.2906
3688.48	98.5996
3690.41	98.8186
3692.34	98.8597
3694.27	98.8962
3696.2	99.0304
3698.13	99.1229
3700.06	99.0201
3701.99	98.7782
3703.92	98.5938
3705.85	98.5649
3707.78	98.6955
3709.7	98.9771
3711.63	99.1526
3713.56	98.893
3715.49	98.4901
3717.42	98.3388
3719.35	98.4624
3721.28	98.7019
3723.21	99.0687
3725.14	99.4929
3727.07	99.5381
3729	99.1882
3730.93	99.0373
3732.85	99.4567
3734.78	99.9935
3736.71	99.7122
3738.64	98.8806
3740.57	98.4517
3742.5	98.7697
3744.43	99.4149
3746.36	99.4287
3748.29	99.1497
3750.22	99.2097
3752.15	99.0916
3754.07	98.5414
3756	98.2862
3757.93	98.4281
3759.86	98.4195
3761.79	98.1475
3763.72	98.0249
3765.65	97.9969
3767.58	97.7717
3769.51	97.4791
3771.44	97.3338
3773.37	97.2832
3775.29	97.3395
3777.22	97.5441
3779.15	97.7477
3781.08	97.8203
3783.01	97.7995
3784.94	97.6886
3786.87	97.5766
3788.8	97.5958
3790.73	97.6379
3792.66	97.6423
3794.59	97.8357
3796.52	98.2738
3798.44	98.6364
3800.37	98.7409
3802.3	98.6562
3804.23	98.5111
3806.16	98.3666
3808.09	98.131
3810.02	97.8317
3811.95	97.7725
3813.88	98.1462
3815.81	98.7268
3817.74	98.981
3819.66	98.8765
3821.59	98.6661
3823.52	98.4895
3825.45	98.3554
3827.38	98.1539
3829.31	97.9474
3831.24	98.0044
3833.17	98.2846
3835.1	98.4604
3837.03	98.536
3838.96	98.6924
3840.89	98.6863
3842.81	98.3719
3844.74	98.0203
3846.67	97.8378
3848.6	97.8417
3850.53	98.0588
3852.46	98.5109
3854.39	98.8197
3856.32	98.6303
3858.25	98.2696
3860.18	97.9816
3862.11	97.8651
3864.03	97.8971
3865.96	97.9552
3867.89	98.0673
3869.82	98.2935
3871.75	98.4422
3873.68	98.2997
3875.61	98.0295
3877.54	97.932
3879.47	98.0962
3881.4	98.2844
3883.33	98.2491
3885.25	98.092
3887.18	97.9906
3889.11	97.9519
3891.04	97.9493
3892.97	97.9214
3894.9	97.764
3896.83	97.5841
3898.76	97.6651
3900.69	98.0515
3902.62	98.2531
3904.55	97.9982
3906.48	97.6788
3908.4	97.5643
3910.33	97.5057
3912.26	97.4115
3914.19	97.4216
3916.12	97.6073
3918.05	97.7808
3919.98	97.7615
3921.91	97.6382
3923.84	97.5482
3925.77	97.5073
3927.7	97.4618
3929.62	97.4166
3931.55	97.4628
3933.48	97.5971
3935.41	97.6527
3937.34	97.576
3939.27	97.488
3941.2	97.4858
3943.13	97.5745
3945.06	97.6954
3946.99	97.7246
3948.92	97.6027
3950.85	97.4647
3952.77	97.4147
3954.7	97.3631
3956.63	97.3011
3958.56	97.3472
3960.49	97.4487
3962.42	97.4597
3964.35	97.4388
3966.28	97.4788
3968.21	97.4857
3970.14	97.3977
3972.07	97.3077
3973.99	97.2687
3975.92	97.2729
3977.85	97.3349
3979.78	97.3902
3981.71	97.3375
3983.64	97.2482
3985.57	97.258
3987.5	97.3198
3989.43	97.3357
3991.36	97.3652
3993.29	97.4733
3995.22	97.5611
3997.14	97.5074
