499.643	83.6141
501.572	84.3216
503.501	84.3439
505.43	84.3294
507.36	83.922
509.289	83.0672
511.218	82.4101
513.147	82.233
515.076	82.3007
517.005	82.4871
518.934	82.8561
520.863	83.2528
522.792	83.464
524.722	83.662
526.651	84.0192
528.58	84.2145
530.509	84.1533
532.438	84.323
534.367	84.9623
536.296	85.7868
538.225	86.5179
540.155	86.9692
542.084	87.0094
544.013	86.7952
545.942	86.6043
547.871	86.5387
549.8	86.5528
551.729	86.5732
553.658	86.6425
555.588	86.8252
557.517	86.896
559.446	86.6935
561.375	86.5657
563.304	86.7059
565.233	86.7824
567.162	86.7588
569.091	86.9424
571.021	87.2142
572.95	87.3351
574.879	87.4347
576.808	87.5558
578.737	87.5596
580.666	87.4839
582.595	87.3896
584.524	87.3035
586.454	87.3487
588.383	87.4171
590.312	87.1881
592.241	86.7757
594.17	86.6071
596.099	86.6553
598.028	86.6535
599.957	86.6298
601.887	86.6617
603.816	86.7086
605.745	86.9029
607.674	87.3713
609.603	87.8536
611.532	88.0654
613.461	88.161
615.39	88.3582
617.32	88.4897
619.249	88.3729
621.178	88.2787
623.107	88.4794
625.036	88.7569
626.965	88.798
628.894	88.684
630.823	88.574
632.753	88.4437
634.682	88.3071
636.611	88.2035
638.54	88.0833
640.469	87.9542
642.398	87.7993
644.327	87.4743
646.256	87.0027
648.186	86.5907
650.115	86.3218
652.044	86.2113
653.973	86.2993
655.902	86.4592
657.831	86.5832
659.76	86.8285
661.689	87.2224
663.619	87.672
665.548	88.5729
667.477	90.3667
669.406	91.4929
671.335	91.0818
673.264	90.8481
675.193	91.1484
677.122	91.4791
679.052	91.6702
680.981	91.8222
682.91	91.8239
684.839	91.7589
686.768	91.8011
688.697	91.7958
690.626	91.6064
692.555	91.3467
694.485	91.0768
696.414	90.8031
698.343	90.6105
700.272	90.5359
702.201	90.5207
704.13	90.4911
706.059	90.3805
707.988	90.2007
709.917	90.0559
711.847	89.9749
713.776	89.9203
715.705	89.9647
717.634	90.1517
719.563	90.2748
721.492	90.1389
723.421	89.889
725.35	89.7032
727.28	89.4999
729.209	89.1832
731.138	88.811
733.067	88.4083
734.996	87.9464
736.925	87.5021
738.854	87.1451
740.783	86.7457
742.713	86.1549
744.642	85.5135
746.571	85.1691
748.5	85.3132
750.429	85.8363
752.358	86.4875
754.287	87.0572
756.216	87.4614
758.146	87.738
760.075	87.9449
762.004	88.0507
763.933	87.9762
765.862	87.7195
767.791	87.3429
769.72	86.8295
771.649	86.0375
773.579	84.8086
775.508	83.018
777.437	80.4674
779.366	76.9272
781.295	72.5383
783.224	68.1114
785.153	64.8055
787.082	63.4915
789.012	64.4759
790.941	67.5871
792.87	72.147
794.799	76.962
796.728	80.832
798.657	83.2373
800.586	84.3777
802.515	84.637
804.445	84.2434
806.374	83.3007
808.303	81.8818
810.232	80.1657
812.161	78.589
814.09	77.7109
816.019	77.8345
817.948	78.8174
819.878	80.214
821.807	81.5609
823.736	82.6083
825.665	83.342
827.594	83.8027
829.523	83.9737
831.452	83.8702
833.381	83.5768
835.311	83.1198
837.24	82.4227
839.169	81.4169
841.098	80.1208
843.027	78.6652
844.956	77.2914
846.885	76.2167
848.814	75.4504
850.744	74.7941
852.673	74.0488
854.602	73.201
856.531	72.3749
858.46	71.6544
860.389	71.0775
862.318	70.7519
864.247	70.7736
866.177	71.0852
868.106	71.5829
870.035	72.2236
871.964	72.8975
873.893	73.4113
875.822	73.6923
877.751	73.8244
879.68	73.9039
881.609	74.0037
883.539	74.202
885.468	74.5365
887.397	74.9643
889.326	75.3929
891.255	75.734
893.184	75.9408
895.113	76.0218
897.042	76.0453
898.972	76.1315
900.901	76.4092
902.83	76.9676
904.759	77.8336
906.688	78.9605
908.617	80.2258
910.546	81.4513
912.475	82.4185
914.405	82.9289
916.334	82.9307
918.263	82.53
920.192	81.8295
922.121	80.8525
924.05	79.6392
925.979	78.2762
927.908	76.7993
929.838	75.1762
931.767	73.4018
933.696	71.5418
935.625	69.712
937.554	68.0769
939.483	66.8179
941.412	66.024
943.341	65.6365
945.271	65.5286
947.2	65.6136
949.129	65.8895
951.058	66.4231
952.987	67.2587
954.916	68.3119
956.845	69.4175
958.774	70.4824
960.704	71.5116
962.633	72.5177
964.562	73.5053
966.491	74.5028
968.42	75.5225
970.349	76.5046
972.278	77.3441
974.207	77.9724
976.137	78.3862
978.066	78.5833
979.995	78.5292
981.924	78.2273
983.853	77.7244
985.782	77.0362
987.711	76.2279
989.64	75.5225
991.57	75.1089
993.499	74.8895
995.428	74.5831
997.357	73.9774
999.286	72.9963
1001.22	71.6868
1003.14	70.2118
1005.07	68.755
1007	67.452
1008.93	66.4149
1010.86	65.6671
1012.79	65.0202
1014.72	64.1544
1016.65	62.8557
1018.58	61.1334
1020.51	59.1586
1022.44	57.1525
1024.36	55.3538
1026.29	54.0507
1028.22	53.4842
1030.15	53.6246
1032.08	54.1699
1034.01	54.8284
1035.94	55.5013
1037.87	56.2147
1039.8	57.0235
1041.73	57.9949
1043.66	59.1854
1045.58	60.6126
1047.51	62.2639
1049.44	64.0793
1051.37	65.8876
1053.3	67.4499
1055.23	68.6481
1057.16	69.5644
1059.09	70.3254
1061.02	70.9395
1062.95	71.2794
1064.88	71.1875
1066.81	70.6832
1068.73	70.0852
1070.66	69.8161
1072.59	70.0865
1074.52	70.8137
1076.45	71.757
1078.38	72.687
1080.31	73.4902
1082.24	74.1352
1084.17	74.5658
1086.1	74.7051
1088.03	74.5378
1089.95	74.0981
1091.88	73.4006
1093.81	72.4606
1095.74	71.3681
1097.67	70.2694
1099.6	69.2506
1101.53	68.2775
1103.46	67.2591
1105.39	66.1356
1107.32	64.9122
1109.25	63.6496
1111.18	62.4178
1113.1	61.2526
1115.03	60.1673
1116.96	59.1522
1118.89	58.1361
1120.82	57.0247
1122.75	55.7989
1124.68	54.5046
1126.61	53.1629
1128.54	51.7816
1130.47	50.4159
1132.4	49.1202
1134.32	47.8851
1136.25	46.6913
1138.18	45.5662
1140.11	44.5507
1142.04	43.6779
1143.97	42.9843
1145.9	42.4856
1147.83	42.1601
1149.76	41.9707
1151.69	41.872
1153.62	41.8349
1155.55	41.8894
1157.47	42.0996
1159.4	42.5093
1161.33	43.1428
1163.26	44.0131
1165.19	45.1175
1167.12	46.4531
1169.05	48.0071
1170.98	49.7387
1172.91	51.611
1174.84	53.5966
1176.77	55.6395
1178.69	57.6763
1180.62	59.6665
1182.55	61.5591
1184.48	63.3082
1186.41	64.9384
1188.34	66.5038
1190.27	68.0053
1192.2	69.4369
1194.13	70.8509
1196.06	72.2867
1197.99	73.6832
1199.91	74.9249
1201.84	75.9035
1203.77	76.4998
1205.7	76.6264
1207.63	76.2974
1209.56	75.5615
1211.49	74.5183
1213.42	73.3758
1215.35	72.0567
1217.28	69.9638
1219.21	66.8505
1221.14	63.445
1223.06	60.4617
1224.99	57.8092
1226.92	55.1134
1228.85	52.2968
1230.78	49.4565
1232.71	46.7163
1234.64	44.2889
1236.57	42.3711
1238.5	40.982
1240.43	39.9763
1242.36	39.1721
1244.28	38.4574
1246.21	37.7876
1248.14	37.12
1250.07	36.4409
1252	35.8313
1253.93	35.4292
1255.86	35.3575
1257.79	35.6916
1259.72	36.4401
1261.65	37.577
1263.58	39.0739
1265.51	40.8471
1267.43	42.7775
1269.36	44.8057
1271.29	46.8777
1273.22	48.8885
1275.15	50.8043
1277.08	52.6723
1279.01	54.4966
1280.94	56.2561
1282.87	57.96
1284.8	59.6072
1286.73	61.1747
1288.65	62.6268
1290.58	63.9071
1292.51	64.988
1294.44	65.9096
1296.37	66.7675
1298.3	67.7266
1300.23	68.9946
1302.16	70.6943
1304.09	72.7743
1306.02	75.0268
1307.95	77.1639
1309.87	78.9384
1311.8	80.1984
1313.73	80.8393
1315.66	80.815
1317.59	80.2169
1319.52	79.3829
1321.45	78.8778
1323.38	79.1243
1325.31	80.1434
1327.24	81.6237
1329.17	83.1506
1331.1	84.4517
1333.02	85.3996
1334.95	86.0146
1336.88	86.4979
1338.81	87.0464
1340.74	87.6881
1342.67	88.414
1344.6	89.2852
1346.53	90.2789
1348.46	91.2026
1350.39	91.8026
1352.32	91.8872
1354.24	91.3852
1356.17	90.5545
1358.1	89.9508
1360.03	89.8578
1361.96	90.0182
1363.89	89.876
1365.82	89.1127
1367.75	87.7631
1369.68	86.1819
1371.61	84.8483
1373.54	83.7765
1375.47	82.7565
1377.39	81.9185
1379.32	81.3554
1381.25	80.9591
1383.18	80.7568
1385.11	80.9185
1387.04	81.5157
1388.97	82.2294
1390.9	82.6727
1392.83	82.8235
1394.76	82.6867
1396.69	82.1835
1398.61	81.3661
1400.54	80.5425
1402.47	80.0532
1404.4	79.999
1406.33	80.3138
1408.26	80.8892
1410.19	81.749
1412.12	82.9001
1414.05	84.0914
1415.98	85.2657
1417.91	86.5826
1419.83	87.7116
1421.76	88.2675
1423.69	88.4288
1425.62	88.3593
1427.55	88.0665
1429.48	87.3354
1431.41	86.156
1433.34	84.97
1435.27	83.7069
1437.2	81.9374
1439.13	80.1979
1441.06	78.9899
1442.98	78.1007
1444.91	77.4732
1446.84	77.0644
1448.77	76.6451
1450.7	76.3179
1452.63	76.4389
1454.56	77.1459
1456.49	78.4939
1458.42	79.8336
1460.35	80.5882
1462.28	81.413
1464.2	82.6905
1466.13	84.0494
1468.06	85.0875
1469.99	86.1934
1471.92	87.5696
1473.85	88.5457
1475.78	88.8434
1477.71	89.0824
1479.64	89.4273
1481.57	89.8104
1483.5	90.2393
1485.43	90.7804
1487.35	91.5513
1489.28	92.4655
1491.21	93.0744
1493.14	93.473
1495.07	94.0816
1497	94.8781
1498.93	95.3882
1500.86	95.576
1502.79	95.8303
1504.72	96.4104
1506.65	97.2658
1508.57	97.3947
1510.5	96.9066
1512.43	96.6627
1514.36	96.8155
1516.29	97.1429
1518.22	97.4125
1520.15	97.6033
1522.08	97.6304
1524.01	97.4921
1525.94	97.3263
1527.87	97.1678
1529.8	97.0851
1531.72	97.1707
1533.65	97.3034
1535.58	97.3243
1537.51	97.4988
1539.44	98.0837
1541.37	98.4323
1543.3	97.9514
1545.23	97.4041
1547.16	97.0969
1549.09	96.9976
1551.02	97.0149
1552.94	97.07
1554.87	97.259
1556.8	97.742
1558.73	98.0952
1560.66	97.5597
1562.59	96.9391
1564.52	96.647
1566.45	96.6365
1568.38	96.7259
1570.31	96.5528
1572.24	96.2528
1574.16	96.2504
1576.09	96.4377
1578.02	96.2603
1579.95	95.8848
1581.88	95.7188
1583.81	95.7278
1585.74	95.7447
1587.67	95.7611
1589.6	95.8282
1591.53	95.9138
1593.46	95.9658
1595.39	95.964
1597.31	95.9042
1599.24	95.8099
1601.17	95.7165
1603.1	95.625
1605.03	95.5387
1606.96	95.5112
1608.89	95.5063
1610.82	95.3959
1612.75	95.2951
1614.68	95.3721
1616.61	95.3387
1618.53	94.9013
1620.46	94.482
1622.39	94.2029
1624.32	93.8191
1626.25	93.3029
1628.18	92.6515
1630.11	91.8618
1632.04	91.2518
1633.97	90.9695
1635.9	90.6615
1637.83	90.2751
1639.76	90.4958
1641.68	91.3834
1643.61	92.6003
1645.54	93.9521
1647.47	94.9219
1649.4	95.1575
1651.33	95.3542
1653.26	95.7822
1655.19	95.5273
1657.12	94.9459
1659.05	94.7225
1660.98	94.8065
1662.9	94.7915
1664.83	94.5605
1666.76	94.4826
1668.69	94.6169
1670.62	94.5462
1672.55	94.2224
1674.48	93.9043
1676.41	93.4672
1678.34	93.0199
1680.27	92.8475
1682.2	92.7974
1684.12	92.4297
1686.05	91.6911
1687.98	90.8403
1689.91	89.9284
1691.84	89.0307
1693.77	88.0719
1695.7	86.977
1697.63	85.6429
1699.56	83.4484
1701.49	80.5618
1703.42	77.8942
1705.35	74.995
1707.27	71.3915
1709.2	67.8672
1711.13	64.8732
1713.06	62.1924
1714.99	59.9999
1716.92	58.1674
1718.85	56.328
1720.78	55.3826
1722.71	55.6403
1724.64	56.5998
1726.57	57.993
1728.49	59.6472
1730.42	61.2669
1732.35	62.6787
1734.28	63.5806
1736.21	63.6878
1738.14	63.2307
1740.07	62.3413
1742	61.2701
1743.93	60.6484
1745.86	60.6706
1747.79	61.3414
1749.72	62.8677
1751.64	64.8186
1753.57	66.8498
1755.5	69.4661
1757.43	72.7341
1759.36	76.1221
1761.29	79.5578
1763.22	82.9382
1765.15	85.7199
1767.08	87.9973
1769.01	90.2133
1770.94	92.2574
1772.86	93.7444
1774.79	94.6351
1776.72	95.1313
1778.65	95.5255
1780.58	95.9918
1782.51	96.3698
1784.44	96.5975
1786.37	96.83
1788.3	97.089
1790.23	97.3954
1792.16	97.6892
1794.08	97.6251
1796.01	97.3349
1797.94	97.2315
1799.87	97.2929
1801.8	97.2816
1803.73	97.1856
1805.66	97.0933
1807.59	97.0833
1809.52	97.1826
1811.45	97.2129
1813.38	97.1046
1815.31	97.0696
1817.23	97.1557
1819.16	97.2239
1821.09	97.3004
1823.02	97.4636
1824.95	97.6299
1826.88	97.7196
1828.81	97.7554
1830.74	97.7507
1832.67	97.7521
1834.6	97.8216
1836.53	97.8933
1838.45	97.8304
1840.38	97.7052
1842.31	97.7428
1844.24	97.9264
1846.17	97.9479
1848.1	97.8151
1850.03	97.7896
1851.96	97.917
1853.89	98.0342
1855.82	98.0099
1857.75	97.9053
1859.68	97.8661
1861.6	97.9032
1863.53	97.9904
1865.46	98.197
1867.39	98.4472
1869.32	98.4936
1871.25	98.371
1873.18	98.2502
1875.11	98.1263
1877.04	98.083
1878.97	98.1864
1880.9	98.2895
1882.82	98.3682
1884.75	98.541
1886.68	98.7179
1888.61	98.7518
1890.54	98.6803
1892.47	98.5666
1894.4	98.4351
1896.33	98.3772
1898.26	98.4442
1900.19	98.5725
1902.12	98.6942
1904.05	98.7658
1905.97	98.7835
1907.9	98.7986
1909.83	98.8066
1911.76	98.7372
1913.69	98.674
1915.62	98.8163
1917.55	99.1019
1919.48	99.1975
1921.41	99.1062
1923.34	99.113
1925.27	99.2075
1927.19	99.2459
1929.12	99.2873
1931.05	99.3456
1932.98	99.3584
1934.91	99.3917
1936.84	99.4466
1938.77	99.4693
1940.7	99.6005
1942.63	99.8424
1944.56	99.8782
1946.49	99.7161
1948.41	99.668
1950.34	99.7351
1952.27	99.7638
1954.2	99.8028
1956.13	99.8737
1958.06	99.8552
1959.99	99.7847
1961.92	99.857
1963.85	100.079
1965.78	100.224
1967.71	100.148
1969.64	100.026
1971.56	100.121
1973.49	100.398
1975.42	100.567
1977.35	100.462
1979.28	100.241
1981.21	100.154
1983.14	100.25
1985.07	100.34
1987	100.26
1988.93	100.153
1990.86	100.256
1992.78	100.454
1994.71	100.468
1996.64	100.31
1998.57	100.145
2000.5	100.038
2002.43	100.003
2004.36	100.047
2006.29	100.16
2008.22	100.318
2010.15	100.43
2012.08	100.427
2014.01	100.383
2015.93	100.402
2017.86	100.498
2019.79	100.58
2021.72	100.521
2023.65	100.395
2025.58	100.432
2027.51	100.559
2029.44	100.578
2031.37	100.66
2033.3	100.874
2035.23	100.808
2037.15	100.405
2039.08	100.221
2041.01	100.446
2042.94	100.659
2044.87	100.656
2046.8	100.629
2048.73	100.65
2050.66	100.601
2052.59	100.458
2054.52	100.292
2056.45	100.152
2058.37	100.042
2060.3	99.8808
2062.23	99.6362
2064.16	99.5022
2066.09	99.6619
2068.02	99.9368
2069.95	100.036
2071.88	99.9684
2073.81	99.8896
2075.74	99.8001
2077.67	99.6641
2079.6	99.5959
2081.52	99.7026
2083.45	99.8563
2085.38	99.8293
2087.31	99.6035
2089.24	99.3738
2091.17	99.3036
2093.1	99.3871
2095.03	99.4936
2096.96	99.5298
2098.89	99.5247
2100.82	99.4772
2102.74	99.3451
2104.67	99.2745
2106.6	99.4414
2108.53	99.6794
2110.46	99.7092
2112.39	99.591
2114.32	99.5594
2116.25	99.636
2118.18	99.6808
2120.11	99.6373
2122.04	99.5549
2123.97	99.4816
2125.89	99.4736
2127.82	99.6061
2129.75	99.8183
2131.68	99.9179
2133.61	99.8771
2135.54	99.8752
2137.47	99.9952
2139.4	100.157
2141.33	100.286
2143.26	100.337
2145.19	100.295
2147.11	100.24
2149.04	100.29
2150.97	100.419
2152.9	100.476
2154.83	100.465
2156.76	100.568
2158.69	100.771
2160.62	100.815
2162.55	100.607
2164.48	100.275
2166.41	99.9843
2168.33	99.9552
2170.26	100.231
2172.19	100.501
2174.12	100.517
2176.05	100.363
2177.98	100.168
2179.91	99.9975
2181.84	99.9449
2183.77	100.009
2185.7	100.144
2187.63	100.375
2189.56	100.588
2191.48	100.592
2193.41	100.458
2195.34	100.3
2197.27	100.043
2199.2	99.8181
2201.13	99.9118
2203.06	100.123
2204.99	100.046
2206.92	99.8557
2208.85	99.914
2210.78	100.076
2212.7	100.089
2214.63	100.033
2216.56	99.9869
2218.49	99.9015
2220.42	99.862
2222.35	99.9367
2224.28	99.9541
2226.21	99.8112
2228.14	99.7432
2230.07	99.9642
2232	100.281
2233.93	100.397
2235.85	100.359
2237.78	100.321
2239.71	100.216
2241.64	100.024
2243.57	99.9278
2245.5	100.004
2247.43	100.158
2249.36	100.279
2251.29	100.262
2253.22	100.119
2255.15	100.037
2257.07	100.066
2259	100.057
2260.93	99.9897
2262.86	99.9619
2264.79	99.963
2266.72	99.9643
2268.65	99.9948
2270.58	100.005
2272.51	99.9287
2274.44	99.8346
2276.37	99.7914
2278.29	99.7371
2280.22	99.6748
2282.15	99.7344
2284.08	99.8621
2286.01	99.835
2287.94	99.7334
2289.87	99.9037
2291.8	100.366
2293.73	100.799
2295.66	101.08
2297.59	101.324
2299.52	101.552
2301.44	101.745
2303.37	102.009
2305.3	102.486
2307.23	103.218
2309.16	104.047
2311.09	104.701
2313.02	105.138
2314.95	105.597
2316.88	106.253
2318.81	107.168
2320.74	108.327
2322.66	109.388
2324.59	110.008
2326.52	110.484
2328.45	111.275
2330.38	112.199
2332.31	112.694
2334.24	112.859
2336.17	113.237
2338.1	113.825
2340.03	114.289
2341.96	114.52
2343.89	113.793
2345.81	111.655
2347.74	109.834
2349.67	109.733
2351.6	111.497
2353.53	114.418
2355.46	116.959
2357.39	118.584
2359.32	119.613
2361.25	119.728
2363.18	118.828
2365.11	117.146
2367.03	115.107
2368.96	113.106
2370.89	110.918
2372.82	108.428
2374.75	106.139
2376.68	104.379
2378.61	102.938
2380.54	101.58
2382.47	100.367
2384.4	99.4189
2386.33	98.7148
2388.26	98.2239
2390.18	97.9779
2392.11	97.9421
2394.04	97.9764
2395.97	97.9691
2397.9	97.9173
2399.83	97.8582
2401.76	97.8045
2403.69	97.7929
2405.62	97.8881
2407.55	98.0505
2409.48	98.1525
2411.4	98.1755
2413.33	98.1922
2415.26	98.2133
2417.19	98.2252
2419.12	98.2313
2421.05	98.2137
2422.98	98.1923
2424.91	98.2065
2426.84	98.2146
2428.77	98.1971
2430.7	98.2216
2432.62	98.2694
2434.55	98.2463
2436.48	98.1833
2438.41	98.2033
2440.34	98.3392
2442.27	98.4781
2444.2	98.4682
2446.13	98.3324
2448.06	98.2693
2449.99	98.3449
2451.92	98.4078
2453.85	98.3751
2455.77	98.3417
2457.7	98.3973
2459.63	98.5218
2461.56	98.6285
2463.49	98.6289
2465.42	98.5083
2467.35	98.3663
2469.28	98.3365
2471.21	98.4514
2473.14	98.6297
2475.07	98.7926
2476.99	98.9115
2478.92	98.9661
2480.85	98.9473
2482.78	98.8909
2484.71	98.8452
2486.64	98.8128
2488.57	98.7579
2490.5	98.6841
2492.43	98.6434
2494.36	98.6194
2496.29	98.5276
2498.22	98.3877
2500.14	98.3301
2502.07	98.407
2504	98.5387
2505.93	98.6273
2507.86	98.6545
2509.79	98.6852
2511.72	98.7531
2513.65	98.7681
2515.58	98.6443
2517.51	98.4879
2519.44	98.4995
2521.36	98.6766
2523.29	98.8013
2525.22	98.7781
2527.15	98.7383
2529.08	98.7555
2531.01	98.7687
2532.94	98.7334
2534.87	98.5908
2536.8	98.339
2538.73	98.2139
2540.66	98.3536
2542.58	98.4853
2544.51	98.4422
2546.44	98.4882
2548.37	98.7193
2550.3	98.8251
2552.23	98.6593
2554.16	98.4279
2556.09	98.3367
2558.02	98.4509
2559.95	98.6898
2561.88	98.8336
2563.81	98.759
2565.73	98.5694
2567.66	98.3855
2569.59	98.2444
2571.52	98.1805
2573.45	98.2001
2575.38	98.257
2577.31	98.2914
2579.24	98.2391
2581.17	98.1437
2583.1	98.1937
2585.03	98.4203
2586.95	98.578
2588.88	98.5205
2590.81	98.355
2592.74	98.1718
2594.67	97.9904
2596.6	97.8825
2598.53	97.8778
2600.46	97.904
2602.39	97.9252
2604.32	97.9801
2606.25	98.0838
2608.18	98.1787
2610.1	98.1694
2612.03	98.0171
2613.96	97.804
2615.89	97.6649
2617.82	97.663
2619.75	97.7321
2621.68	97.7391
2623.61	97.6519
2625.54	97.5861
2627.47	97.604
2629.4	97.6094
2631.32	97.5521
2633.25	97.5313
2635.18	97.5694
2637.11	97.5273
2639.04	97.376
2640.97	97.2791
2642.9	97.2964
2644.83	97.3005
2646.76	97.2534
2648.69	97.2606
2650.62	97.3279
2652.54	97.3334
2654.47	97.2279
2656.4	97.0818
2658.33	96.9827
2660.26	96.9649
2662.19	96.9846
2664.12	96.9767
2666.05	96.9598
2667.98	96.9953
2669.91	97.0443
2671.84	97.0115
2673.77	96.9222
2675.69	96.8846
2677.62	96.8985
2679.55	96.8791
2681.48	96.835
2683.41	96.8412
2685.34	96.8883
2687.27	96.9143
2689.2	96.9054
2691.13	96.8647
2693.06	96.7991
2694.99	96.7676
2696.91	96.8038
2698.84	96.8429
2700.77	96.8358
2702.7	96.8122
2704.63	96.7766
2706.56	96.7192
2708.49	96.7016
2710.42	96.7413
2712.35	96.7318
2714.28	96.6409
2716.21	96.5876
2718.14	96.6096
2720.06	96.6069
2721.99	96.5676
2723.92	96.5733
2725.85	96.5811
2727.78	96.4818
2729.71	96.3398
2731.64	96.3181
2733.57	96.4008
2735.5	96.4238
2737.43	96.3481
2739.36	96.2849
2741.28	96.2719
2743.21	96.2504
2745.14	96.239
2747.07	96.2986
2749	96.3664
2750.93	96.3569
2752.86	96.3331
2754.79	96.3688
2756.72	96.3878
2758.65	96.3168
2760.58	96.2305
2762.51	96.2146
2764.43	96.2372
2766.36	96.2307
2768.29	96.1931
2770.22	96.1532
2772.15	96.1082
2774.08	96.045
2776.01	95.9766
2777.94	95.9335
2779.87	95.9544
2781.8	96.0438
2783.73	96.1063
2785.65	96.0519
2787.58	95.961
2789.51	95.9544
2791.44	95.9857
2793.37	95.9647
2795.3	95.9266
2797.23	95.927
2799.16	95.9456
2801.09	95.9379
2803.02	95.8737
2804.95	95.7745
2806.87	95.7045
2808.8	95.6418
2810.73	95.4994
2812.66	95.3222
2814.59	95.2392
2816.52	95.2403
2818.45	95.2175
2820.38	95.1376
2822.31	95.0215
2824.24	94.8789
2826.17	94.7207
2828.1	94.5468
2830.02	94.3662
2831.95	94.2263
2833.88	94.1055
2835.81	93.9036
2837.74	93.6514
2839.67	93.4727
2841.6	93.3205
2843.53	93.0768
2845.46	92.8065
2847.39	92.6091
2849.32	92.4295
2851.24	92.1825
2853.17	91.8247
2855.1	91.3219
2857.03	90.7203
2858.96	90.1246
2860.89	89.5941
2862.82	89.1683
2864.75	88.8564
2866.68	88.5838
2868.61	88.2954
2870.54	88.0071
2872.47	87.7377
2874.39	87.5716
2876.32	87.6389
2878.25	87.8908
2880.18	88.163
2882.11	88.4491
2884.04	88.7869
2885.97	89.0517
2887.9	89.1471
2889.83	89.1529
2891.76	89.1404
2893.69	89.1059
2895.61	89.0949
2897.54	89.1635
2899.47	89.2751
2901.4	89.3458
2903.33	89.3147
2905.26	89.1807
2907.19	89.0176
2909.12	88.8754
2911.05	88.7127
2912.98	88.5166
2914.91	88.3398
2916.83	88.1732
2918.76	87.9738
2920.69	87.7505
2922.62	87.459
2924.55	87.0239
2926.48	86.5425
2928.41	86.1996
2930.34	86.0106
2932.27	85.8845
2934.2	85.8508
2936.13	86.0312
2938.06	86.4063
2939.98	86.7517
2941.91	86.8849
2943.84	86.8449
2945.77	86.7145
2947.7	86.4595
2949.63	86.0482
2951.56	85.5304
2953.49	84.9737
2955.42	84.4687
2957.35	84.126
2959.28	84.0101
2961.2	84.1797
2963.13	84.7422
2965.06	85.7554
2966.99	87.0988
2968.92	88.443
2970.85	89.4017
2972.78	89.8928
2974.71	90.2208
2976.64	90.6287
2978.57	91.0678
2980.5	91.5233
2982.43	92.1027
2984.35	92.6589
2986.28	92.878
2988.21	92.8626
2990.14	93.0215
2992.07	93.3963
2994	93.7205
2995.93	93.9587
2997.86	94.2434
2999.79	94.5603
3001.72	94.843
3003.65	95.081
3005.57	95.2746
3007.5	95.4699
3009.43	95.6982
3011.36	95.8974
3013.29	96.0544
3015.22	96.1978
3017.15	96.2522
3019.08	96.2308
3021.01	96.3311
3022.94	96.585
3024.87	96.8059
3026.79	96.8998
3028.72	96.8921
3030.65	96.862
3032.58	96.9454
3034.51	97.0997
3036.44	97.1025
3038.37	96.9943
3040.3	97.0417
3042.23	97.2236
3044.16	97.2713
3046.09	97.1316
3048.02	97.0288
3049.94	97.1098
3051.87	97.2123
3053.8	97.1572
3055.73	97.1063
3057.66	97.2155
3059.59	97.2828
3061.52	97.226
3063.45	97.2833
3065.38	97.4208
3067.31	97.3561
3069.24	97.1739
3071.16	97.1314
3073.09	97.1685
3075.02	97.1352
3076.95	97.0527
3078.88	96.9544
3080.81	96.8705
3082.74	96.9192
3084.67	97.156
3086.6	97.4375
3088.53	97.5476
3090.46	97.4394
3092.39	97.2489
3094.31	97.051
3096.24	96.8403
3098.17	96.7392
3100.1	96.837
3102.03	96.9341
3103.96	96.8558
3105.89	96.7648
3107.82	96.8227
3109.75	96.915
3111.68	96.8844
3113.61	96.7312
3115.53	96.5817
3117.46	96.5819
3119.39	96.7149
3121.32	96.7901
3123.25	96.7327
3125.18	96.6658
3127.11	96.6367
3129.04	96.5709
3130.97	96.5168
3132.9	96.5893
3134.83	96.6825
3136.75	96.6203
3138.68	96.5216
3140.61	96.5625
3142.54	96.6343
3144.47	96.6825
3146.4	96.8992
3148.33	97.1952
3150.26	97.191
3152.19	96.898
3154.12	96.6529
3156.05	96.5551
3157.98	96.5247
3159.9	96.5141
3161.83	96.4677
3163.76	96.431
3165.69	96.5127
3167.62	96.6115
3169.55	96.5845
3171.48	96.5467
3173.41	96.6133
3175.34	96.6509
3177.27	96.5293
3179.2	96.3672
3181.12	96.3807
3183.05	96.5489
3184.98	96.5963
3186.91	96.4207
3188.84	96.255
3190.77	96.243
3192.7	96.2938
3194.63	96.381
3196.56	96.4994
3198.49	96.4871
3200.42	96.3095
3202.35	96.2199
3204.27	96.3535
3206.2	96.4866
3208.13	96.3689
3210.06	96.0987
3211.99	95.9789
3213.92	96.0574
3215.85	96.1034
3217.78	96.0442
3219.71	96.0288
3221.64	96.0778
3223.57	96.0936
3225.49	96.0778
3227.42	96.0079
3229.35	95.8188
3231.28	95.6941
3233.21	95.9053
3235.14	96.2966
3237.07	96.4117
3239	96.1422
3240.93	95.8047
3242.86	95.6025
3244.79	95.4722
3246.72	95.4059
3248.64	95.4521
3250.57	95.4725
3252.5	95.3701
3254.43	95.3546
3256.36	95.5338
3258.29	95.6367
3260.22	95.5037
3262.15	95.3264
3264.08	95.2313
3266.01	95.1608
3267.94	95.1264
3269.86	95.1849
3271.79	95.2916
3273.72	95.3311
3275.65	95.2265
3277.58	95.0871
3279.51	95.1345
3281.44	95.3199
3283.37	95.3388
3285.3	95.1613
3287.23	95.0707
3289.16	95.136
3291.08	95.1693
3293.01	95.1232
3294.94	95.086
3296.87	95.0371
3298.8	94.935
3300.73	94.8659
3302.66	94.8854
3304.59	94.8779
3306.52	94.7452
3308.45	94.5943
3310.38	94.5686
3312.31	94.6244
3314.23	94.6406
3316.16	94.6031
3318.09	94.5573
3320.02	94.533
3321.95	94.5251
3323.88	94.4655
3325.81	94.3635
3327.74	94.3922
3329.67	94.5712
3331.6	94.643
3333.53	94.5121
3335.45	94.3532
3337.38	94.2399
3339.31	94.182
3341.24	94.2795
3343.17	94.4491
3345.1	94.4849
3347.03	94.4578
3348.96	94.4392
3350.89	94.2622
3352.82	94.0515
3354.75	94.1469
3356.68	94.421
3358.6	94.5413
3360.53	94.5559
3362.46	94.5726
3364.39	94.5078
3366.32	94.4121
3368.25	94.4016
3370.18	94.3735
3372.11	94.2457
3374.04	94.1656
3375.97	94.265
3377.9	94.4831
3379.82	94.6442
3381.75	94.607
3383.68	94.4106
3385.61	94.2392
3387.54	94.2068
3389.47	94.2644
3391.4	94.308
3393.33	94.3335
3395.26	94.4442
3397.19	94.6073
3399.12	94.588
3401.04	94.3425
3402.97	94.1663
3404.9	94.2289
3406.83	94.3434
3408.76	94.3378
3410.69	94.273
3412.62	94.238
3414.55	94.2377
3416.48	94.2716
3418.41	94.3496
3420.34	94.4479
3422.27	94.5278
3424.19	94.5888
3426.12	94.6098
3428.05	94.5071
3429.98	94.3461
3431.91	94.3693
3433.84	94.5595
3435.77	94.6278
3437.7	94.58
3439.63	94.6288
3441.56	94.7176
3443.49	94.7875
3445.41	94.9936
3447.34	95.2582
3449.27	95.3133
3451.2	95.2046
3453.13	95.0852
3455.06	94.9286
3456.99	94.769
3458.92	94.713
3460.85	94.7927
3462.78	95.0379
3464.71	95.3161
3466.64	95.3216
3468.56	95.135
3470.49	95.149
3472.42	95.2826
3474.35	95.1828
3476.28	95.0215
3478.21	95.0819
3480.14	95.1102
3482.07	94.9324
3484	94.8618
3485.93	94.9551
3487.86	94.9487
3489.78	94.9831
3491.71	95.3151
3493.64	95.6777
3495.57	95.728
3497.5	95.5185
3499.43	95.2036
3501.36	94.9629
3503.29	95.0941
3505.22	95.4635
3507.15	95.5295
3509.08	95.2983
3511	95.23
3512.93	95.2913
3514.86	95.1366
3516.79	94.9324
3518.72	95.0006
3520.65	95.1493
3522.58	95.1093
3524.51	95.0932
3526.44	95.3343
3528.37	95.5622
3530.3	95.3945
3532.23	94.9351
3534.15	94.6661
3536.08	94.8488
3538.01	95.1882
3539.94	95.3049
3541.87	95.3443
3543.8	95.5313
3545.73	95.6304
3547.66	95.4798
3549.59	95.4242
3551.52	95.5439
3553.45	95.446
3555.37	95.0524
3557.3	94.7843
3559.23	94.8977
3561.16	95.2302
3563.09	95.4233
3565.02	95.3537
3566.95	95.31
3568.88	95.5724
3570.81	95.8699
3572.74	95.9594
3574.67	95.9466
3576.6	95.9974
3578.52	96.0858
3580.45	96.0616
3582.38	95.9559
3584.31	96.0731
3586.24	96.5861
3588.17	97.0687
3590.1	97.0521
3592.03	96.8868
3593.96	96.9187
3595.89	97.1485
3597.82	97.5343
3599.74	97.9573
3601.67	98.0877
3603.6	97.8273
3605.53	97.4545
3607.46	97.188
3609.39	97.1828
3611.32	97.5412
3613.25	98.0828
3615.18	98.4562
3617.11	98.4834
3619.04	98.2404
3620.97	97.9662
3622.89	97.8669
3624.82	97.8313
3626.75	97.6924
3628.68	97.6395
3630.61	97.9457
3632.54	98.172
3634.47	98.0488
3636.4	97.886
3638.33	97.9259
3640.26	97.9932
3642.19	98.0115
3644.11	98.1339
3646.04	98.2463
3647.97	98.0755
3649.9	97.9017
3651.83	98.1166
3653.76	98.3288
3655.69	98.3505
3657.62	98.3447
3659.55	98.326
3661.48	98.0855
3663.41	97.6753
3665.33	97.5139
3667.26	97.8706
3669.19	98.5062
3671.12	98.8035
3673.05	98.8174
3674.98	99.0341
3676.91	99.0659
3678.84	98.4863
3680.77	97.9246
3682.7	97.7891
3684.63	97.8992
3686.56	98.0932
3688.48	98.5189
3690.41	98.9011
3692.34	98.7767
3694.27	98.5676
3696.2	98.6278
3698.13	98.7797
3700.06	98.8428
3701.99	98.8572
3703.92	98.8295
3705.85	98.8118
3707.78	98.9761
3709.7	99.3379
3711.63	99.5162
3713.56	99.1862
3715.49	98.7076
3717.42	98.4719
3719.35	98.4901
3721.28	98.5735
3723.21	98.8284
3725.14	99.4065
3727.07	99.7505
3729	99.4681
3730.93	99.1793
3732.85	99.516
3734.78	100.064
3736.71	99.8304
3738.64	99.1315
3740.57	98.7911
3742.5	98.9898
3744.43	99.4029
3746.36	99.3753
3748.29	99.1105
3750.22	99.0349
3752.15	98.8721
3754.07	98.4922
3756	98.3229
3757.93	98.429
3759.86	98.4849
3761.79	98.3663
3763.72	98.2527
3765.65	98.1019
3767.58	97.8225
3769.51	97.6293
3771.44	97.6734
3773.37	97.7494
3775.29	97.7337
3777.22	97.7375
3779.15	97.8255
3781.08	97.8912
3783.01	97.8424
3784.94	97.7257
3786.87	97.6448
3788.8	97.5973
3790.73	97.5119
3792.66	97.5288
3794.59	97.8802
3796.52	98.4017
3798.44	98.7315
3800.37	98.9122
3802.3	98.9847
3804.23	98.7683
3806.16	98.4157
3808.09	98.1097
3810.02	97.8083
3811.95	97.6488
3813.88	97.8947
3815.81	98.3964
3817.74	98.6026
3819.66	98.5776
3821.59	98.6117
3823.52	98.56
3825.45	98.3645
3827.38	98.1261
3829.31	97.9262
3831.24	97.9151
3833.17	98.0801
3835.1	98.2225
3837.03	98.3835
3838.96	98.6412
3840.89	98.6457
3842.81	98.3225
3844.74	98.0307
3846.67	97.9091
3848.6	97.9079
3850.53	98.135
3852.46	98.674
3854.39	98.9077
3856.32	98.4399
3858.25	97.9581
3860.18	97.7593
3862.11	97.7783
3864.03	97.8702
3865.96	97.931
3867.89	97.9609
3869.82	98.0455
3871.75	98.2168
3873.68	98.234
3875.61	97.9733
3877.54	97.7519
3879.47	97.8525
3881.4	98.0393
3883.33	97.9713
3885.25	97.8303
3887.18	97.8419
3889.11	97.8808
3891.04	97.8596
3892.97	97.8345
3894.9	97.8049
3896.83	97.7853
3898.76	97.9044
3900.69	98.1987
3902.62	98.3439
3904.55	98.0562
3906.48	97.6297
3908.4	97.4607
3910.33	97.4808
3912.26	97.4605
3914.19	97.4313
3916.12	97.5512
3918.05	97.7059
3919.98	97.6696
3921.91	97.532
3923.84	97.4593
3925.77	97.4544
3927.7	97.5131
3929.62	97.6637
3931.55	97.7916
3933.48	97.7256
3935.41	97.5493
3937.34	97.4538
3939.27	97.4604
3941.2	97.5267
3943.13	97.6537
3945.06	97.749
3946.99	97.6621
3948.92	97.4606
3950.85	97.3917
3952.77	97.4864
3954.7	97.5288
3956.63	97.4338
3958.56	97.3303
3960.49	97.3015
3962.42	97.2932
3964.35	97.2921
3966.28	97.3553
3968.21	97.4424
3970.14	97.4244
3972.07	97.2927
3973.99	97.1956
3975.92	97.2272
3977.85	97.3182
3979.78	97.3668
3981.71	97.3686
3983.64	97.3774
3985.57	97.4013
3987.5	97.3907
3989.43	97.3266
3991.36	97.2676
3993.29	97.2732
3995.22	97.322
3997.14	97.3454
