499.643	81.623
501.572	82.1831
503.501	82.4141
505.43	82.7649
507.36	82.954
509.289	82.3373
511.218	81.6509
513.147	81.7926
515.076	82.1272
517.005	81.9168
518.934	81.8009
520.863	82.3569
522.792	83.1441
524.722	83.8914
526.651	84.6274
528.58	85.0842
530.509	85.1496
532.438	85.1375
534.367	85.3521
536.296	85.8328
538.225	86.3142
540.155	86.5132
542.084	86.5755
544.013	86.722
545.942	86.7489
547.871	86.5272
549.8	86.3225
551.729	86.2772
553.658	86.3296
555.588	86.4565
557.517	86.5763
559.446	86.677
561.375	86.8477
563.304	86.8786
565.233	86.6014
567.162	86.4453
569.091	86.7212
571.021	87.0472
572.95	87.1421
574.879	87.1529
576.808	87.1583
578.737	87.1968
580.666	87.3345
582.595	87.4325
584.524	87.3847
586.454	87.2804
588.383	87.0789
590.312	86.7583
592.241	86.5994
594.17	86.6694
596.099	86.6539
598.028	86.5483
599.957	86.5845
601.887	86.641
603.816	86.6229
605.745	86.8581
607.674	87.3944
609.603	87.7463
611.532	87.775
613.461	87.8785
615.39	88.166
617.32	88.3153
619.249	88.2373
621.178	88.2165
623.107	88.3646
625.036	88.4762
626.965	88.4201
628.894	88.3191
630.823	88.2606
632.753	88.1971
634.682	88.1153
636.611	88.0151
638.54	87.8644
640.469	87.6851
642.398	87.4673
644.327	87.1517
646.256	86.8131
648.186	86.5484
650.115	86.3253
652.044	86.2061
653.973	86.3005
655.902	86.4253
657.831	86.4421
659.76	86.6311
661.689	87.0932
663.619	87.5752
665.548	88.3616
667.477	90.063
669.406	91.3546
671.335	91.0387
673.264	90.7061
675.193	90.8948
677.122	91.2019
679.052	91.433
680.981	91.6877
682.91	91.7975
684.839	91.7123
686.768	91.6322
688.697	91.5351
690.626	91.3193
692.555	91.0741
694.485	90.8588
696.414	90.6544
698.343	90.5127
700.272	90.454
702.201	90.4061
704.13	90.3331
706.059	90.2188
707.988	90.0363
709.917	89.8635
711.847	89.7993
713.776	89.8106
715.705	89.8739
717.634	90.012
719.563	90.0773
721.492	89.9182
723.421	89.6933
725.35	89.5453
727.28	89.3464
729.209	89.0358
731.138	88.7053
733.067	88.3219
734.996	87.8348
736.925	87.357
738.854	86.9325
740.783	86.4461
742.713	85.8727
744.642	85.353
746.571	85.0669
748.5	85.1401
750.429	85.5583
752.358	86.154
754.287	86.7253
756.216	87.1469
758.146	87.4215
760.075	87.6482
762.004	87.8447
763.933	87.8641
765.862	87.6066
767.791	87.1582
769.72	86.5905
771.649	85.7848
773.579	84.5539
775.508	82.7658
777.437	80.2288
779.366	76.6952
781.295	72.2975
783.224	67.8883
785.153	64.6525
787.082	63.4078
789.012	64.4016
790.941	67.4732
792.87	71.9812
794.799	76.7519
796.728	80.6123
798.657	83.0589
800.586	84.2521
802.515	84.5317
804.445	84.1532
806.374	83.2583
808.303	81.8827
810.232	80.1712
812.161	78.6154
814.09	77.8068
816.019	77.9764
817.948	78.9252
819.878	80.2437
821.807	81.5255
823.736	82.5447
825.665	83.269
827.594	83.707
829.523	83.865
831.452	83.7901
833.381	83.5103
835.311	83.0101
837.24	82.2845
839.169	81.2996
841.098	80.0032
843.027	78.5077
844.956	77.1076
846.885	76.0185
848.814	75.22
850.744	74.5455
852.673	73.8373
854.602	73.0448
856.531	72.2142
858.46	71.4368
860.389	70.8474
862.318	70.578
864.247	70.6422
866.177	70.9544
868.106	71.4578
870.035	72.1138
871.964	72.8019
873.893	73.3519
875.822	73.6665
877.751	73.7707
879.68	73.7875
881.609	73.874
883.539	74.1195
885.468	74.4891
887.397	74.8897
889.326	75.2701
891.255	75.6074
893.184	75.836
895.113	75.909
897.042	75.9121
898.972	76.0016
900.901	76.2791
902.83	76.823
904.759	77.7046
906.688	78.8745
908.617	80.155
910.546	81.36
912.475	82.3037
914.405	82.8025
916.334	82.8107
918.263	82.4319
920.192	81.7432
922.121	80.7577
924.05	79.5355
925.979	78.1773
927.908	76.7236
929.838	75.1352
931.767	73.374
933.696	71.504
935.625	69.6952
937.554	68.1157
939.483	66.8777
941.412	66.0627
943.341	65.6729
945.271	65.5816
947.2	65.6554
949.129	65.9047
951.058	66.4326
952.987	67.2711
954.916	68.3209
956.845	69.4275
958.774	70.484
960.704	71.465
962.633	72.4016
964.562	73.3469
966.491	74.3394
968.42	75.3639
970.349	76.3465
972.278	77.1948
974.207	77.8499
976.137	78.2889
978.066	78.4807
979.995	78.3944
981.924	78.0647
983.853	77.5584
985.782	76.8889
987.711	76.1032
989.64	75.4044
991.57	74.9869
993.499	74.7735
995.428	74.4784
997.357	73.8805
999.286	72.9181
1001.22	71.6338
1003.14	70.1601
1005.07	68.6785
1007	67.3477
1008.93	66.2948
1010.86	65.5538
1012.79	64.9295
1014.72	64.0696
1016.65	62.7497
1018.58	60.9921
1020.51	58.9699
1022.44	56.9269
1024.36	55.1386
1026.29	53.872
1028.22	53.3231
1030.15	53.4698
1032.08	54.0235
1034.01	54.6753
1035.94	55.3362
1037.87	56.0572
1039.8	56.8763
1041.73	57.8325
1043.66	58.9962
1045.58	60.4227
1047.51	62.1116
1049.44	63.9754
1051.37	65.8199
1053.3	67.4103
1055.23	68.6169
1057.16	69.5025
1059.09	70.2241
1061.02	70.8237
1062.95	71.1527
1064.88	71.0317
1066.81	70.4947
1068.73	69.8752
1070.66	69.6048
1072.59	69.888
1074.52	70.609
1076.45	71.5271
1078.38	72.4545
1080.31	73.2761
1082.24	73.9222
1084.17	74.343
1086.1	74.4928
1088.03	74.3482
1089.95	73.907
1091.88	73.1762
1093.81	72.2107
1095.74	71.127
1097.67	70.0347
1099.6	68.9915
1101.53	67.9951
1103.46	66.9745
1105.39	65.847
1107.32	64.6072
1109.25	63.3167
1111.18	62.047
1113.1	60.866
1115.03	59.8097
1116.96	58.8376
1118.89	57.8497
1120.82	56.7517
1122.75	55.5204
1124.68	54.2144
1126.61	52.8922
1128.54	51.5555
1130.47	50.2104
1132.4	48.9061
1134.32	47.6781
1136.25	46.5226
1138.18	45.4329
1140.11	44.4285
1142.04	43.5657
1143.97	42.9008
1145.9	42.4327
1147.83	42.124
1149.76	41.9482
1151.69	41.8763
1153.62	41.8909
1155.55	42.0206
1157.47	42.2945
1159.4	42.7196
1161.33	43.3292
1163.26	44.1658
1165.19	45.2425
1167.12	46.5726
1169.05	48.1461
1170.98	49.881
1172.91	51.7069
1174.84	53.6357
1176.77	55.6547
1178.69	57.6605
1180.62	59.578
1182.55	61.4284
1184.48	63.2196
1186.41	64.8895
1188.34	66.4178
1190.27	67.8748
1192.2	69.3108
1194.13	70.7235
1196.06	72.1273
1197.99	73.5126
1199.91	74.7723
1201.84	75.7579
1203.77	76.3384
1205.7	76.4286
1207.63	76.0446
1209.56	75.2555
1211.49	74.1708
1213.42	72.9835
1215.35	71.6205
1217.28	69.4998
1219.21	66.3582
1221.14	62.9149
1223.06	59.9249
1224.99	57.3242
1226.92	54.701
1228.85	51.9377
1230.78	49.1509
1232.71	46.4934
1234.64	44.1546
1236.57	42.2844
1238.5	40.8948
1240.43	39.8852
1242.36	39.1153
1244.28	38.4583
1246.21	37.8185
1248.14	37.1375
1250.07	36.4416
1252	35.8442
1253.93	35.4601
1255.86	35.3831
1257.79	35.7106
1259.72	36.4693
1261.65	37.589
1263.58	39.0194
1265.51	40.7349
1267.43	42.6473
1269.36	44.6622
1271.29	46.7301
1273.22	48.7827
1275.15	50.7486
1277.08	52.6203
1279.01	54.4257
1280.94	56.1798
1282.87	57.8803
1284.8	59.5202
1286.73	61.0863
1288.65	62.5316
1290.58	63.8001
1292.51	64.8975
1294.44	65.8764
1296.37	66.8032
1298.3	67.8125
1300.23	69.0983
1302.16	70.7828
1304.09	72.8367
1306.02	75.0878
1307.95	77.2615
1309.87	79.0872
1311.8	80.3734
1313.73	80.9985
1315.66	80.9492
1317.59	80.3615
1319.52	79.5699
1321.45	79.0975
1323.38	79.3438
1325.31	80.3362
1327.24	81.7803
1329.17	83.2753
1331.1	84.5447
1333.02	85.4533
1334.95	86.0376
1336.88	86.5168
1338.81	87.0768
1340.74	87.7235
1342.67	88.4472
1344.6	89.3111
1346.53	90.2834
1348.46	91.1766
1350.39	91.7582
1352.32	91.8429
1354.24	91.3526
1356.17	90.539
1358.1	89.9447
1360.03	89.8422
1361.96	89.9888
1363.89	89.8523
1365.82	89.1035
1367.75	87.7583
1369.68	86.176
1371.61	84.8494
1373.54	83.8056
1375.47	82.828
1377.39	82.0022
1379.32	81.3961
1381.25	80.9322
1383.18	80.6801
1385.11	80.8124
1387.04	81.3877
1388.97	82.0923
1390.9	82.5521
1392.83	82.7503
1394.76	82.6564
1396.69	82.1342
1398.61	81.2748
1400.54	80.4582
1402.47	79.9996
1404.4	79.9593
1406.33	80.2919
1408.26	80.894
1410.19	81.7486
1412.12	82.8631
1414.05	84.0413
1415.98	85.2501
1417.91	86.611
1419.83	87.7259
1421.76	88.223
1423.69	88.353
1425.62	88.3041
1427.55	88.0568
1429.48	87.3566
1431.41	86.1709
1433.34	84.9531
1435.27	83.6632
1437.2	81.889
1439.13	80.146
1441.06	78.9191
1442.98	78.0091
1444.91	77.3701
1446.84	76.9577
1448.77	76.547
1450.7	76.2432
1452.63	76.3815
1454.56	77.0847
1456.49	78.4134
1458.42	79.7401
1460.35	80.4967
1462.28	81.3308
1464.2	82.6111
1466.13	83.9492
1468.06	84.9715
1469.99	86.1014
1471.92	87.5246
1473.85	88.4974
1475.78	88.7459
1477.71	88.9572
1479.64	89.2989
1481.57	89.6792
1483.5	90.0966
1485.43	90.6348
1487.35	91.4346
1489.28	92.3934
1491.21	93.0111
1493.14	93.4069
1495.07	94.0481
1497	94.8942
1498.93	95.4083
1500.86	95.5619
1502.79	95.7829
1504.72	96.3423
1506.65	97.2196
1508.57	97.3985
1510.5	96.922
1512.43	96.6806
1514.36	96.8497
1516.29	97.1751
1518.22	97.3985
1520.15	97.5499
1522.08	97.6097
1524.01	97.532
1525.94	97.3816
1527.87	97.2028
1529.8	97.1058
1531.72	97.178
1533.65	97.2771
1535.58	97.2841
1537.51	97.5065
1539.44	98.1863
1541.37	98.5738
1543.3	98.0293
1545.23	97.4114
1547.16	97.0658
1549.09	96.9695
1551.02	97.016
1552.94	97.0941
1554.87	97.2863
1556.8	97.7556
1558.73	98.0888
1560.66	97.5689
1562.59	96.9761
1564.52	96.6862
1566.45	96.6565
1568.38	96.7383
1570.31	96.5853
1572.24	96.3028
1574.16	96.3016
1576.09	96.4783
1578.02	96.2757
1579.95	95.869
1581.88	95.6876
1583.81	95.7124
1585.74	95.755
1587.67	95.769
1589.6	95.8101
1591.53	95.8824
1593.46	95.9449
1595.39	95.9506
1597.31	95.8832
1599.24	95.7964
1601.17	95.7416
1603.1	95.681
1605.03	95.5837
1606.96	95.5298
1608.89	95.5146
1610.82	95.404
1612.75	95.2988
1614.68	95.3793
1616.61	95.387
1618.53	95.0117
1620.46	94.6227
1622.39	94.3373
1624.32	93.9328
1626.25	93.3889
1628.18	92.6963
1630.11	91.8897
1632.04	91.3267
1633.97	91.1368
1635.9	90.8839
1637.83	90.4491
1639.76	90.6009
1641.68	91.4499
1643.61	92.6446
1645.54	93.9833
1647.47	94.9825
1649.4	95.2736
1651.33	95.4777
1653.26	95.8241
1655.19	95.5082
1657.12	94.9388
1659.05	94.7299
1660.98	94.831
1662.9	94.8408
1664.83	94.61
1666.76	94.5157
1668.69	94.6484
1670.62	94.5721
1672.55	94.2161
1674.48	93.8844
1676.41	93.4725
1678.34	93.0403
1680.27	92.8657
1682.2	92.84
1684.12	92.5191
1686.05	91.7863
1687.98	90.9415
1689.91	90.061
1691.84	89.165
1693.77	88.1439
1695.7	86.9798
1697.63	85.6593
1699.56	83.5327
1701.49	80.6658
1703.42	77.9993
1705.35	75.1478
1707.27	71.6135
1709.2	68.1122
1711.13	65.0924
1713.06	62.3713
1714.99	60.1304
1716.92	58.2453
1718.85	56.3837
1720.78	55.437
1722.71	55.6698
1724.64	56.5558
1726.57	57.8405
1728.49	59.4057
1730.42	60.996
1732.35	62.4391
1734.28	63.3798
1736.21	63.4714
1738.14	62.9838
1740.07	62.1115
1742	61.1139
1743.93	60.5585
1745.86	60.6188
1747.79	61.3661
1749.72	63.0119
1751.64	64.988
1753.57	66.9333
1755.5	69.498
1757.43	72.8257
1759.36	76.2935
1761.29	79.7111
1763.22	83.0076
1765.15	85.7346
1767.08	87.9985
1769.01	90.214
1770.94	92.2658
1772.86	93.7705
1774.79	94.674
1776.72	95.1667
1778.65	95.5505
1780.58	96.0259
1782.51	96.4306
1784.44	96.6574
1786.37	96.8556
1788.3	97.0916
1790.23	97.3962
1792.16	97.6934
1794.08	97.6555
1796.01	97.4194
1797.94	97.367
1799.87	97.4445
1801.8	97.4027
1803.73	97.2689
1805.66	97.1705
1807.59	97.1639
1809.52	97.2445
1811.45	97.2706
1813.38	97.1976
1815.31	97.1827
1817.23	97.2501
1819.16	97.2873
1821.09	97.3133
1823.02	97.4237
1824.95	97.6243
1826.88	97.8116
1828.81	97.8561
1830.74	97.7604
1832.67	97.698
1834.6	97.7437
1836.53	97.8015
1838.45	97.7767
1840.38	97.728
1842.31	97.801
1844.24	97.9752
1846.17	98.0059
1848.1	97.8934
1850.03	97.8639
1851.96	97.9634
1853.89	98.0377
1855.82	97.9846
1857.75	97.9034
1859.68	97.908
1861.6	97.9275
1863.53	97.9365
1865.46	98.1129
1867.39	98.4643
1869.32	98.6445
1871.25	98.5102
1873.18	98.2901
1875.11	98.1108
1877.04	98.0687
1878.97	98.2234
1880.9	98.4296
1882.82	98.5404
1884.75	98.5828
1886.68	98.6096
1888.61	98.5923
1890.54	98.5066
1892.47	98.4303
1894.4	98.4629
1896.33	98.5575
1898.26	98.593
1900.19	98.607
1902.12	98.6867
1904.05	98.7556
1905.97	98.7339
1907.9	98.7204
1909.83	98.819
1911.76	98.9557
1913.69	99.0298
1915.62	99.0771
1917.55	99.1043
1919.48	98.9998
1921.41	98.8115
1923.34	98.7717
1925.27	98.9454
1927.19	99.1726
1929.12	99.3301
1931.05	99.3835
1932.98	99.3582
1934.91	99.3353
1936.84	99.3494
1938.77	99.4268
1940.7	99.6409
1942.63	99.8944
1944.56	99.89
1946.49	99.6029
1948.41	99.3646
1950.34	99.414
1952.27	99.6193
1954.2	99.7249
1956.13	99.7661
1958.06	99.8962
1959.99	99.9856
1961.92	99.8821
1963.85	99.7659
1965.78	99.8067
1967.71	99.8954
1969.64	99.9661
1971.56	100.127
1973.49	100.35
1975.42	100.431
1977.35	100.309
1979.28	100.143
1981.21	100.071
1983.14	100.093
1985.07	100.124
1987	100.084
1988.93	100.049
1990.86	100.154
1992.78	100.277
1994.71	100.249
1996.64	100.195
1998.57	100.215
2000.5	100.209
2002.43	100.185
2004.36	100.21
2006.29	100.212
2008.22	100.208
2010.15	100.308
2012.08	100.433
2014.01	100.472
2015.93	100.492
2017.86	100.575
2019.79	100.697
2021.72	100.77
2023.65	100.739
2025.58	100.68
2027.51	100.65
2029.44	100.599
2031.37	100.539
2033.3	100.486
2035.23	100.349
2037.15	100.26
2039.08	100.491
2041.01	100.875
2042.94	100.987
2044.87	100.846
2046.8	100.745
2048.73	100.705
2050.66	100.605
2052.59	100.449
2054.52	100.279
2056.45	100.126
2058.37	100.012
2060.3	99.8705
2062.23	99.6871
2064.16	99.6648
2066.09	99.8759
2068.02	100.023
2069.95	99.967
2071.88	99.9703
2073.81	100.1
2075.74	100.071
2077.67	99.8509
2079.6	99.7103
2081.52	99.7087
2083.45	99.7122
2085.38	99.6901
2087.31	99.6276
2089.24	99.4917
2091.17	99.4131
2093.1	99.4993
2095.03	99.5717
2096.96	99.4912
2098.89	99.4241
2100.82	99.4469
2102.74	99.4152
2104.67	99.3814
2106.6	99.5074
2108.53	99.6359
2110.46	99.5469
2112.39	99.3805
2114.32	99.3379
2116.25	99.3648
2118.18	99.4153
2120.11	99.578
2122.04	99.8007
2123.97	99.9003
2125.89	99.8694
2127.82	99.823
2129.75	99.7546
2131.68	99.6571
2133.61	99.6619
2135.54	99.8207
2137.47	100.033
2139.4	100.235
2141.33	100.383
2143.26	100.396
2145.19	100.295
2147.11	100.179
2149.04	100.148
2150.97	100.276
2152.9	100.447
2154.83	100.444
2156.76	100.365
2158.69	100.471
2160.62	100.651
2162.55	100.651
2164.48	100.5
2166.41	100.344
2168.33	100.255
2170.26	100.261
2172.19	100.287
2174.12	100.222
2176.05	100.089
2177.98	99.9959
2179.91	100.04
2181.84	100.245
2183.77	100.477
2185.7	100.573
2187.63	100.537
2189.56	100.438
2191.48	100.283
2193.41	100.099
2195.34	99.9414
2197.27	99.8647
2199.2	99.9364
2201.13	100.115
2203.06	100.218
2204.99	100.209
2206.92	100.241
2208.85	100.32
2210.78	100.299
2212.7	100.181
2214.63	100.098
2216.56	100.054
2218.49	99.9882
2220.42	99.9508
2222.35	99.9938
2224.28	100.005
2226.21	99.8781
2228.14	99.7933
2230.07	100.007
2232	100.387
2233.93	100.543
2235.85	100.392
2237.78	100.151
2239.71	99.9685
2241.64	99.9107
2243.57	100.014
2245.5	100.166
2247.43	100.246
2249.36	100.292
2251.29	100.284
2253.22	100.121
2255.15	99.9306
2257.07	99.9324
2259	100.051
2260.93	100.099
2262.86	100.116
2264.79	100.171
2266.72	100.196
2268.65	100.185
2270.58	100.168
2272.51	100.043
2274.44	99.8196
2276.37	99.6938
2278.29	99.6532
2280.22	99.5576
2282.15	99.5399
2284.08	99.7371
2286.01	99.9668
2287.94	100.095
2289.87	100.239
2291.8	100.461
2293.73	100.728
2295.66	101.02
2297.59	101.27
2299.52	101.469
2301.44	101.77
2303.37	102.204
2305.3	102.67
2307.23	103.241
2309.16	103.978
2311.09	104.651
2313.02	105.136
2314.95	105.667
2316.88	106.407
2318.81	107.37
2320.74	108.58
2322.66	109.764
2324.59	110.483
2326.52	110.863
2328.45	111.365
2330.38	112.029
2332.31	112.524
2334.24	112.9
2336.17	113.45
2338.1	114.034
2340.03	114.448
2341.96	114.689
2343.89	113.926
2345.81	111.698
2347.74	109.889
2349.67	109.848
2351.6	111.549
2353.53	114.298
2355.46	116.979
2357.39	119.091
2359.32	120.23
2361.25	119.96
2363.18	118.847
2365.11	117.13
2367.03	114.974
2368.96	113.048
2370.89	111.2
2372.82	108.935
2374.75	106.603
2376.68	104.658
2378.61	103.01
2380.54	101.535
2382.47	100.31
2384.4	99.3619
2386.33	98.6612
2388.26	98.2318
2390.18	98.0342
2392.11	97.9553
2394.04	97.9474
2395.97	97.9757
2397.9	97.9635
2399.83	97.9086
2401.76	97.8632
2403.69	97.8582
2405.62	97.9413
2407.55	98.0827
2409.48	98.1422
2411.4	98.1172
2413.33	98.1253
2415.26	98.1485
2417.19	98.1536
2419.12	98.2239
2421.05	98.3396
2422.98	98.3911
2424.91	98.3676
2426.84	98.2345
2428.77	97.9637
2430.7	97.7786
2432.62	97.876
2434.55	98.0692
2436.48	98.1559
2438.41	98.2673
2440.34	98.5023
2442.27	98.656
2444.2	98.5742
2446.13	98.4172
2448.06	98.3811
2449.99	98.4175
2451.92	98.3957
2453.85	98.3425
2455.77	98.3632
2457.7	98.4639
2459.63	98.5659
2461.56	98.5999
2463.49	98.5579
2465.42	98.4955
2467.35	98.4632
2469.28	98.4629
2471.21	98.4932
2473.14	98.5567
2475.07	98.6296
2476.99	98.6967
2478.92	98.7544
2480.85	98.7671
2482.78	98.7297
2484.71	98.7137
2486.64	98.7389
2488.57	98.7205
2490.5	98.6353
2492.43	98.6034
2494.36	98.6941
2496.29	98.761
2498.22	98.6451
2500.14	98.4636
2502.07	98.4425
2504	98.5534
2505.93	98.6087
2507.86	98.5715
2509.79	98.5247
2511.72	98.5314
2513.65	98.6117
2515.58	98.6797
2517.51	98.6404
2519.44	98.59
2521.36	98.6182
2523.29	98.6012
2525.22	98.4846
2527.15	98.3807
2529.08	98.3059
2531.01	98.2808
2532.94	98.4119
2534.87	98.5589
2536.8	98.5035
2538.73	98.4265
2540.66	98.5073
2542.58	98.4926
2544.51	98.2932
2546.44	98.2512
2548.37	98.4339
2550.3	98.5113
2552.23	98.3915
2554.16	98.2545
2556.09	98.1899
2558.02	98.2553
2559.95	98.4677
2561.88	98.6005
2563.81	98.4835
2565.73	98.3436
2567.66	98.3857
2569.59	98.4268
2571.52	98.3154
2573.45	98.2327
2575.38	98.3066
2577.31	98.3797
2579.24	98.3343
2581.17	98.2987
2583.1	98.3942
2585.03	98.5094
2586.95	98.4811
2588.88	98.3543
2590.81	98.2578
2592.74	98.161
2594.67	98.0131
2596.6	97.9282
2598.53	97.9678
2600.46	97.9837
2602.39	97.8927
2604.32	97.8349
2606.25	97.9081
2608.18	97.9998
2610.1	97.985
2612.03	97.8983
2613.96	97.8357
2615.89	97.8102
2617.82	97.7822
2619.75	97.7371
2621.68	97.657
2623.61	97.5225
2625.54	97.4035
2627.47	97.391
2629.4	97.4383
2631.32	97.46
2633.25	97.4837
2635.18	97.5177
2637.11	97.4843
2639.04	97.4044
2640.97	97.3687
2642.9	97.3448
2644.83	97.2828
2646.76	97.2572
2648.69	97.304
2650.62	97.3332
2652.54	97.2937
2654.47	97.2265
2656.4	97.1562
2658.33	97.0767
2660.26	97.0026
2662.19	96.9534
2664.12	96.921
2666.05	96.8997
2667.98	96.9118
2669.91	96.9443
2671.84	96.9291
2673.77	96.8718
2675.69	96.871
2677.62	96.9266
2679.55	96.9294
2681.48	96.871
2683.41	96.843
2685.34	96.8691
2687.27	96.9173
2689.2	96.9595
2691.13	96.9357
2693.06	96.8177
2694.99	96.6977
2696.91	96.6723
2698.84	96.7111
2700.77	96.7367
2702.7	96.7356
2704.63	96.7229
2706.56	96.6917
2708.49	96.6468
2710.42	96.6105
2712.35	96.5764
2714.28	96.5455
2716.21	96.5644
2718.14	96.6133
2720.06	96.5843
2721.99	96.4891
2723.92	96.4642
2725.85	96.5012
2727.78	96.4727
2729.71	96.4073
2731.64	96.4025
2733.57	96.4036
2735.5	96.3536
2737.43	96.3207
2739.36	96.31
2741.28	96.253
2743.21	96.2004
2745.14	96.2267
2747.07	96.2616
2749	96.238
2750.93	96.2181
2752.86	96.2603
2754.79	96.3312
2756.72	96.3675
2758.65	96.34
2760.58	96.2794
2762.51	96.2323
2764.43	96.1829
2766.36	96.108
2768.29	96.0556
2770.22	96.0528
2772.15	96.0459
2774.08	96.019
2776.01	96.0162
2777.94	96.0238
2779.87	96.0001
2781.8	95.9748
2783.73	95.9697
2785.65	95.94
2787.58	95.8928
2789.51	95.8965
2791.44	95.9404
2793.37	95.9643
2795.3	95.9758
2797.23	96.0043
2799.16	96.0367
2801.09	96.046
2803.02	95.9811
2804.95	95.8073
2806.87	95.6172
2808.8	95.5433
2810.73	95.5602
2812.66	95.5349
2814.59	95.4216
2816.52	95.2897
2818.45	95.2012
2820.38	95.1241
2822.31	94.9949
2824.24	94.8332
2826.17	94.6936
2828.1	94.57
2830.02	94.4485
2831.95	94.3165
2833.88	94.1048
2835.81	93.8135
2837.74	93.5748
2839.67	93.4218
2841.6	93.2462
2843.53	93.0411
2845.46	92.8932
2847.39	92.7764
2849.32	92.5706
2851.24	92.1981
2853.17	91.6926
2855.1	91.177
2857.03	90.7032
2858.96	90.2014
2860.89	89.6877
2862.82	89.2785
2864.75	88.9566
2866.68	88.6116
2868.61	88.2362
2870.54	87.8792
2872.47	87.5919
2874.39	87.4747
2876.32	87.5848
2878.25	87.8718
2880.18	88.277
2882.11	88.7332
2884.04	89.0937
2885.97	89.2382
2887.9	89.2009
2889.83	89.1109
2891.76	89.0561
2893.69	89.0358
2895.61	89.0386
2897.54	89.0959
2899.47	89.1924
2901.4	89.2291
2903.33	89.1573
2905.26	89.0405
2907.19	88.9455
2909.12	88.8655
2911.05	88.759
2912.98	88.6204
2914.91	88.4779
2916.83	88.3
2918.76	88.0152
2920.69	87.6775
2922.62	87.3974
2924.55	87.0907
2926.48	86.6148
2928.41	86.1119
2930.34	85.834
2932.27	85.7751
2934.2	85.8312
2936.13	86.0511
2938.06	86.424
2939.98	86.7615
2941.91	86.9467
2943.84	86.9684
2945.77	86.7849
2947.7	86.4386
2949.63	86.0601
2951.56	85.6376
2953.49	85.0978
2955.42	84.5333
2957.35	84.0995
2959.28	83.9053
2961.2	84.0744
2963.13	84.6718
2965.06	85.6415
2966.99	86.887
2968.92	88.199
2970.85	89.221
2972.78	89.8121
2974.71	90.2425
2976.64	90.762
2978.57	91.2788
2980.5	91.6744
2982.43	92.0811
2984.35	92.5569
2986.28	92.8699
2988.21	92.9389
2990.14	93.0352
2992.07	93.3084
2994	93.6343
2995.93	93.955
2997.86	94.2893
2999.79	94.5721
3001.72	94.7748
3003.65	94.9455
3005.57	95.1217
3007.5	95.361
3009.43	95.665
3011.36	95.9289
3013.29	96.1442
3015.22	96.3349
3017.15	96.314
3019.08	96.0395
3021.01	95.9294
3022.94	96.2365
3024.87	96.6162
3026.79	96.7631
3028.72	96.8483
3030.65	97.0305
3032.58	97.1825
3034.51	97.2137
3036.44	97.1545
3038.37	97.0131
3040.3	96.91
3042.23	97.0159
3044.16	97.1443
3046.09	96.997
3048.02	96.8343
3049.94	97.0943
3051.87	97.5256
3053.8	97.6079
3055.73	97.4353
3057.66	97.3488
3059.59	97.2985
3061.52	97.1917
3063.45	97.2091
3065.38	97.4081
3067.31	97.5684
3069.24	97.5398
3071.16	97.361
3073.09	97.1199
3075.02	96.9208
3076.95	96.8341
3078.88	96.7939
3080.81	96.708
3082.74	96.685
3084.67	96.9131
3086.6	97.2629
3088.53	97.3689
3090.46	97.2159
3092.39	97.1271
3094.31	97.1345
3096.24	97.0215
3098.17	96.863
3100.1	96.8318
3102.03	96.7888
3103.96	96.6131
3105.89	96.4951
3107.82	96.5881
3109.75	96.762
3111.68	96.7714
3113.61	96.5451
3115.53	96.3421
3117.46	96.4134
3119.39	96.5777
3121.32	96.5688
3123.25	96.526
3125.18	96.6282
3127.11	96.7192
3129.04	96.6936
3130.97	96.7028
3132.9	96.7947
3134.83	96.8097
3136.75	96.676
3138.68	96.5168
3140.61	96.4504
3142.54	96.4643
3144.47	96.5201
3146.4	96.6302
3148.33	96.7375
3150.26	96.6966
3152.19	96.4799
3154.12	96.2647
3156.05	96.2467
3157.98	96.3794
3159.9	96.419
3161.83	96.3523
3163.76	96.4436
3165.69	96.6905
3167.62	96.7946
3169.55	96.7353
3171.48	96.7192
3173.41	96.7216
3175.34	96.632
3177.27	96.5167
3179.2	96.4681
3181.12	96.5057
3183.05	96.5722
3184.98	96.5037
3186.91	96.2794
3188.84	96.1548
3190.77	96.2313
3192.7	96.2796
3194.63	96.1994
3196.56	96.1712
3198.49	96.2577
3200.42	96.3187
3202.35	96.3274
3204.27	96.3666
3206.2	96.3708
3208.13	96.2304
3210.06	96.0726
3211.99	96.1042
3213.92	96.2601
3215.85	96.3119
3217.78	96.2276
3219.71	96.1563
3221.64	96.1235
3223.57	96.0029
3225.49	95.795
3227.42	95.6662
3229.35	95.6733
3231.28	95.7399
3233.21	95.8703
3235.14	96.0303
3237.07	96.0045
3239	95.7681
3240.93	95.6297
3242.86	95.6789
3244.79	95.6363
3246.72	95.4521
3248.64	95.3982
3250.57	95.4724
3252.5	95.4236
3254.43	95.3299
3256.36	95.429
3258.29	95.5648
3260.22	95.5281
3262.15	95.5154
3264.08	95.6084
3266.01	95.5067
3267.94	95.2205
3269.86	95.1543
3271.79	95.3493
3273.72	95.4601
3275.65	95.3565
3277.58	95.1865
3279.51	95.1001
3281.44	95.1581
3283.37	95.2888
3285.3	95.363
3287.23	95.3401
3289.16	95.2
3291.08	94.9389
3293.01	94.7203
3294.94	94.6967
3296.87	94.7664
3298.8	94.7901
3300.73	94.7943
3302.66	94.7888
3304.59	94.7004
3306.52	94.5404
3308.45	94.406
3310.38	94.3802
3312.31	94.499
3314.23	94.67
3316.16	94.6831
3318.09	94.4867
3320.02	94.3066
3321.95	94.3098
3323.88	94.3669
3325.81	94.3447
3327.74	94.3497
3329.67	94.4519
3331.6	94.4984
3333.53	94.4192
3335.45	94.3694
3337.38	94.4287
3339.31	94.4934
3341.24	94.4761
3343.17	94.3656
3345.1	94.1989
3347.03	94.0832
3348.96	94.0815
3350.89	94.1318
3352.82	94.1771
3354.75	94.2042
3356.68	94.2068
3358.6	94.2308
3360.53	94.2852
3362.46	94.2853
3364.39	94.2484
3366.32	94.2576
3368.25	94.235
3370.18	94.1533
3372.11	94.1862
3374.04	94.3305
3375.97	94.3894
3377.9	94.3821
3379.82	94.4412
3381.75	94.5338
3383.68	94.5902
3385.61	94.5726
3387.54	94.4527
3389.47	94.3381
3391.4	94.3364
3393.33	94.3381
3395.26	94.2613
3397.19	94.2266
3399.12	94.2687
3401.04	94.2637
3402.97	94.1812
3404.9	94.107
3406.83	94.0968
3408.76	94.1379
3410.69	94.175
3412.62	94.2026
3414.55	94.3041
3416.48	94.4674
3418.41	94.5218
3420.34	94.4209
3422.27	94.3782
3424.19	94.5412
3426.12	94.726
3428.05	94.6522
3429.98	94.364
3431.91	94.2253
3433.84	94.3827
3435.77	94.5577
3437.7	94.5554
3439.63	94.5143
3441.56	94.5622
3443.49	94.6902
3445.41	94.8897
3447.34	95.098
3449.27	95.2081
3451.2	95.2118
3453.13	95.1152
3455.06	94.9053
3456.99	94.7305
3458.92	94.7941
3460.85	95.0562
3462.78	95.2785
3464.71	95.3223
3466.64	95.2859
3468.56	95.3189
3470.49	95.3714
3472.42	95.2662
3474.35	95.002
3476.28	94.7586
3478.21	94.6382
3480.14	94.669
3482.07	94.893
3484	95.1808
3485.93	95.2656
3487.86	95.1436
3489.78	95.0909
3491.71	95.2193
3493.64	95.3524
3495.57	95.3297
3497.5	95.1739
3499.43	95.0636
3501.36	95.1902
3503.29	95.463
3505.22	95.5263
3507.15	95.3633
3509.08	95.3589
3511	95.6209
3512.93	95.7752
3514.86	95.5704
3516.79	95.1961
3518.72	94.9611
3520.65	94.9507
3522.58	95.0897
3524.51	95.3753
3526.44	95.7576
3528.37	95.9336
3530.3	95.7017
3532.23	95.3414
3534.15	95.2071
3536.08	95.2891
3538.01	95.3472
3539.94	95.243
3541.87	95.1292
3543.8	95.2661
3545.73	95.5755
3547.66	95.6618
3549.59	95.5592
3551.52	95.6085
3553.45	95.6719
3555.37	95.3772
3557.3	94.9287
3559.23	94.8277
3561.16	95.1533
3563.09	95.5286
3565.02	95.7103
3566.95	95.7785
3568.88	95.8502
3570.81	95.9039
3572.74	95.9537
3574.67	96.0692
3576.6	96.1888
3578.52	96.1475
3580.45	95.963
3582.38	95.8463
3584.31	95.9156
3586.24	96.1781
3588.17	96.6119
3590.1	96.9655
3592.03	97.02
3593.96	96.916
3595.89	97.0126
3597.82	97.3767
3599.74	97.6765
3601.67	97.7564
3603.6	97.7458
3605.53	97.6989
3607.46	97.6322
3609.39	97.7225
3611.32	97.9489
3613.25	98.0201
3615.18	97.9475
3617.11	97.9997
3619.04	98.1244
3620.97	98.0092
3622.89	97.7078
3624.82	97.5195
3626.75	97.5823
3628.68	97.8678
3630.61	98.0925
3632.54	98.1608
3634.47	98.2077
3636.4	98.1656
3638.33	97.9386
3640.26	97.7282
3642.19	97.8087
3644.11	98.1051
3646.04	98.3028
3647.97	98.2811
3649.9	98.2355
3651.83	98.3007
3653.76	98.332
3655.69	98.2892
3657.62	98.2406
3659.55	98.1783
3661.48	97.9984
3663.41	97.7422
3665.33	97.6716
3667.26	97.9805
3669.19	98.5197
3671.12	98.7723
3673.05	98.7234
3674.98	98.8756
3676.91	99.08
3678.84	98.8114
3680.77	98.3804
3682.7	98.1937
3684.63	98.198
3686.56	98.2135
3688.48	98.3342
3690.41	98.5765
3692.34	98.6208
3694.27	98.5302
3696.2	98.5793
3698.13	98.7483
3700.06	98.778
3701.99	98.5917
3703.92	98.4898
3705.85	98.6532
3707.78	98.8845
3709.7	99.0087
3711.63	99.0398
3713.56	98.96
3715.49	98.758
3717.42	98.5707
3719.35	98.5017
3721.28	98.5832
3723.21	98.8812
3725.14	99.297
3727.07	99.4589
3729	99.3189
3730.93	99.2583
3732.85	99.5582
3734.78	100.02
3736.71	99.8898
3738.64	99.1431
3740.57	98.6345
3742.5	98.8234
3744.43	99.3119
3746.36	99.1277
3748.29	98.672
3750.22	98.7384
3752.15	98.9715
3754.07	98.7237
3756	98.3927
3757.93	98.2768
3759.86	98.2014
3761.79	98.0777
3763.72	98.0381
3765.65	97.9722
3767.58	97.7236
3769.51	97.5081
3771.44	97.5013
3773.37	97.5614
3775.29	97.6576
3777.22	97.7923
3779.15	97.7623
3781.08	97.593
3783.01	97.5718
3784.94	97.6213
3786.87	97.5689
3788.8	97.5478
3790.73	97.6121
3792.66	97.6804
3794.59	97.8898
3796.52	98.3157
3798.44	98.6857
3800.37	98.8323
3802.3	98.7769
3804.23	98.5278
3806.16	98.2022
3808.09	97.9462
3810.02	97.8117
3811.95	97.8579
3813.88	98.1915
3815.81	98.6707
3817.74	98.8868
3819.66	98.8668
3821.59	98.8069
3823.52	98.6501
3825.45	98.3847
3827.38	98.0956
3829.31	97.9243
3831.24	98.0031
3833.17	98.2074
3835.1	98.333
3837.03	98.4655
3838.96	98.6713
3840.89	98.6562
3842.81	98.3921
3844.74	98.1558
3846.67	98.0205
3848.6	97.9509
3850.53	98.0706
3852.46	98.5043
3854.39	98.7577
3856.32	98.3681
3858.25	97.9082
3860.18	97.7592
3862.11	97.9334
3864.03	98.1803
3865.96	98.2876
3867.89	98.3797
3869.82	98.5505
3871.75	98.5626
3873.68	98.2188
3875.61	97.7899
3877.54	97.6613
3879.47	97.92
3881.4	98.2067
3883.33	98.1322
3885.25	97.8544
3887.18	97.7549
3889.11	97.844
3891.04	97.8917
3892.97	97.8259
3894.9	97.7569
3896.83	97.7676
3898.76	97.9232
3900.69	98.2336
3902.62	98.3882
3904.55	98.0955
3906.48	97.6507
3908.4	97.4401
3910.33	97.3987
3912.26	97.3553
3914.19	97.3688
3916.12	97.5663
3918.05	97.8161
3919.98	97.8288
3921.91	97.6299
3923.84	97.481
3925.77	97.4747
3927.7	97.4726
3929.62	97.4377
3931.55	97.4948
3933.48	97.6368
3935.41	97.7192
3937.34	97.7258
3939.27	97.7044
3941.2	97.6621
3943.13	97.6488
3945.06	97.713
3946.99	97.7796
3948.92	97.759
3950.85	97.6571
3952.77	97.5198
3954.7	97.403
3956.63	97.3726
3958.56	97.4058
3960.49	97.4046
3962.42	97.3577
3964.35	97.3152
3966.28	97.2784
3968.21	97.2531
3970.14	97.2534
3972.07	97.2552
3973.99	97.3043
3975.92	97.4576
3977.85	97.5465
3979.78	97.3956
3981.71	97.1783
3983.64	97.1326
3985.57	97.1798
3987.5	97.1706
3989.43	97.1735
3991.36	97.2901
3993.29	97.4536
3995.22	97.521
3997.14	97.4519
