499.643	83.2392
501.572	82.2666
503.501	82.7799
505.43	83.7343
507.36	83.7188
509.289	83.0771
511.218	82.6588
513.147	82.6347
515.076	82.6156
517.005	82.3171
518.934	82.1671
520.863	82.5863
522.792	83.2502
524.722	83.9287
526.651	84.6421
528.58	85.0551
530.509	85.0609
532.438	85.0516
534.367	85.177
536.296	85.4255
538.225	85.93
540.155	86.4308
542.084	86.5055
544.013	86.4158
545.942	86.5713
547.871	86.7782
549.8	86.7772
551.729	86.7327
553.658	86.7988
555.588	86.7928
557.517	86.5705
559.446	86.4262
561.375	86.5965
563.304	86.7195
565.233	86.5603
567.162	86.5399
569.091	86.7924
571.021	86.8942
572.95	86.8728
574.879	87.0418
576.808	87.2085
578.737	87.1764
580.666	87.1854
582.595	87.3237
584.524	87.4543
586.454	87.553
588.383	87.5202
590.312	87.2224
592.241	86.8846
594.17	86.7812
596.099	86.7624
598.028	86.6545
599.957	86.5687
601.887	86.5697
603.816	86.6091
605.745	86.7842
607.674	87.1593
609.603	87.515
611.532	87.7068
613.461	87.972
615.39	88.4272
617.32	88.6575
619.249	88.4113
621.178	88.1807
623.107	88.3334
625.036	88.5429
626.965	88.5024
628.894	88.348
630.823	88.1559
632.753	87.9012
634.682	87.7441
636.611	87.7252
638.54	87.6599
640.469	87.5409
642.398	87.4383
644.327	87.2418
646.256	86.9473
648.186	86.697
650.115	86.4722
652.044	86.259
653.973	86.2283
655.902	86.3837
657.831	86.5647
659.76	86.8336
661.689	87.2001
663.619	87.5287
665.548	88.1772
667.477	89.7276
669.406	90.9227
671.335	90.6643
673.264	90.4898
675.193	90.8348
677.122	91.1428
679.052	91.2439
680.981	91.3643
682.91	91.3394
684.839	91.1632
686.768	91.1486
688.697	91.1964
690.626	91.0217
692.555	90.7361
694.485	90.5057
696.414	90.3007
698.343	90.1647
700.272	90.1696
702.201	90.2214
704.13	90.1844
706.059	89.9949
707.988	89.7013
709.917	89.502
711.847	89.4879
713.776	89.4828
715.705	89.4309
717.634	89.5078
719.563	89.6408
721.492	89.5547
723.421	89.322
725.35	89.1381
727.28	88.8908
729.209	88.4941
731.138	88.104
733.067	87.7525
734.996	87.3182
736.925	86.8295
738.854	86.3747
740.783	85.8954
742.713	85.305
744.642	84.676
746.571	84.2465
748.5	84.2562
750.429	84.7329
752.358	85.4638
754.287	86.1696
756.216	86.6778
758.146	86.9962
760.075	87.2378
762.004	87.4112
763.933	87.3796
765.862	87.0955
767.791	86.6841
769.72	86.1938
771.649	85.4485
773.579	84.2142
775.508	82.3332
777.437	79.639
779.366	75.992
781.295	71.6059
783.224	67.2667
785.153	64.0725
787.082	62.8764
789.012	63.9618
790.941	67.1187
792.87	71.6937
794.799	76.5452
796.728	80.4766
798.657	82.9561
800.586	84.1754
802.515	84.5048
804.445	84.1936
806.374	83.377
808.303	82.1104
810.232	80.5603
812.161	79.1645
814.09	78.3954
816.019	78.4463
817.948	79.2033
819.878	80.355
821.807	81.538
823.736	82.5098
825.665	83.1898
827.594	83.5684
829.523	83.6589
831.452	83.5082
833.381	83.1721
835.311	82.6556
837.24	81.8928
839.169	80.8082
841.098	79.4229
843.027	77.922
844.956	76.5759
846.885	75.5343
848.814	74.7258
850.744	73.9935
852.673	73.2524
854.602	72.4856
856.531	71.6987
858.46	70.9468
860.389	70.3544
862.318	70.0677
864.247	70.1529
866.177	70.5333
868.106	71.0765
870.035	71.7169
871.964	72.3969
873.893	72.9701
875.822	73.3106
877.751	73.4558
879.68	73.5384
881.609	73.6528
883.539	73.8471
885.468	74.1539
887.397	74.5487
889.326	74.9392
891.255	75.2469
893.184	75.4469
895.113	75.5359
897.042	75.5571
898.972	75.6336
900.901	75.8961
902.83	76.4323
904.759	77.3075
906.688	78.4964
908.617	79.8119
910.546	81.0158
912.475	81.9374
914.405	82.4576
916.334	82.5159
918.263	82.1484
920.192	81.4381
922.121	80.4619
924.05	79.2903
925.979	77.9795
927.908	76.5606
929.838	75.0294
931.767	73.3611
933.696	71.5971
935.625	69.8908
937.554	68.4101
939.483	67.2568
941.412	66.4797
943.341	66.0636
945.271	65.9251
947.2	65.9807
949.129	66.2046
951.058	66.6395
952.987	67.3522
954.916	68.3137
956.845	69.3603
958.774	70.3396
960.704	71.2303
962.633	72.0917
964.562	72.9773
966.491	73.9135
968.42	74.8965
970.349	75.8765
972.278	76.7582
974.207	77.4469
976.137	77.8917
978.066	78.0709
979.995	77.9878
981.924	77.6891
983.853	77.2076
985.782	76.5275
987.711	75.7148
989.64	74.9976
991.57	74.573
993.499	74.3783
995.428	74.1366
997.357	73.5893
999.286	72.6495
1001.22	71.3965
1003.14	69.9786
1005.07	68.5299
1007	67.178
1008.93	66.0676
1010.86	65.249
1012.79	64.5317
1014.72	63.5828
1016.65	62.2082
1018.58	60.456
1020.51	58.4822
1022.44	56.4656
1024.36	54.6605
1026.29	53.3908
1028.22	52.8748
1030.15	53.0439
1032.08	53.5906
1034.01	54.222
1035.94	54.8361
1037.87	55.483
1039.8	56.2552
1041.73	57.2282
1043.66	58.4364
1045.58	59.8943
1047.51	61.6203
1049.44	63.551
1051.37	65.4524
1053.3	67.0427
1055.23	68.2093
1057.16	69.0428
1059.09	69.6914
1061.02	70.203
1062.95	70.4587
1064.88	70.2915
1066.81	69.7332
1068.73	69.105
1070.66	68.8209
1072.59	69.0976
1074.52	69.8311
1076.45	70.7459
1078.38	71.6453
1080.31	72.4671
1082.24	73.1521
1084.17	73.597
1086.1	73.7316
1088.03	73.5505
1089.95	73.0707
1091.88	72.3111
1093.81	71.3189
1095.74	70.1951
1097.67	69.0672
1099.6	68.0071
1101.53	66.9799
1103.46	65.8995
1105.39	64.7224
1107.32	63.4601
1109.25	62.1508
1111.18	60.875
1113.1	59.7306
1115.03	58.7289
1116.96	57.7787
1118.89	56.7928
1120.82	55.7291
1122.75	54.5622
1124.68	53.3055
1126.61	52.011
1128.54	50.7083
1130.47	49.4126
1132.4	48.1633
1134.32	46.9847
1136.25	45.8715
1138.18	44.8464
1140.11	43.9625
1142.04	43.2535
1143.97	42.7239
1145.9	42.3642
1147.83	42.1683
1149.76	42.1326
1151.69	42.2247
1153.62	42.3967
1155.55	42.647
1157.47	43.008
1159.4	43.4964
1161.33	44.1345
1163.26	44.9652
1165.19	46.0134
1167.12	47.2817
1169.05	48.758
1170.98	50.3906
1172.91	52.1135
1174.84	53.9031
1176.77	55.7627
1178.69	57.6645
1180.62	59.5391
1182.55	61.3183
1184.48	62.9822
1186.41	64.5523
1188.34	66.041
1190.27	67.4472
1192.2	68.7966
1194.13	70.1467
1196.06	71.528
1197.99	72.8829
1199.91	74.0825
1201.84	74.9966
1203.77	75.505
1205.7	75.5074
1207.63	74.9967
1209.56	74.0555
1211.49	72.8382
1213.42	71.5384
1215.35	70.0512
1217.28	67.8264
1219.21	64.662
1221.14	61.2501
1223.06	58.2857
1224.99	55.7272
1226.92	53.2243
1228.85	50.6665
1230.78	48.1349
1232.71	45.7472
1234.64	43.6552
1236.57	41.9693
1238.5	40.6924
1240.43	39.7561
1242.36	39.0512
1244.28	38.4495
1246.21	37.8482
1248.14	37.1956
1250.07	36.5156
1252	35.9224
1253.93	35.5499
1255.86	35.4754
1257.79	35.7487
1259.72	36.4175
1261.65	37.4795
1263.58	38.873
1265.51	40.526
1267.43	42.388
1269.36	44.4063
1271.29	46.4732
1273.22	48.4674
1275.15	50.3699
1277.08	52.2332
1279.01	54.063
1280.94	55.824
1282.87	57.5067
1284.8	59.1364
1286.73	60.7297
1288.65	62.2419
1290.58	63.6012
1292.51	64.8091
1294.44	65.9243
1296.37	66.9958
1298.3	68.1189
1300.23	69.4766
1302.16	71.2098
1304.09	73.2862
1306.02	75.5121
1307.95	77.6277
1309.87	79.4099
1311.8	80.698
1313.73	81.3819
1315.66	81.4568
1317.59	81.0389
1319.52	80.3954
1321.45	79.9894
1323.38	80.2145
1325.31	81.1077
1327.24	82.3898
1329.17	83.7087
1331.1	84.8267
1333.02	85.606
1334.95	86.086
1336.88	86.5055
1338.81	87.0494
1340.74	87.7072
1342.67	88.4603
1344.6	89.3468
1346.53	90.2922
1348.46	91.1047
1350.39	91.6096
1352.32	91.6741
1354.24	91.2087
1356.17	90.4116
1358.1	89.8035
1360.03	89.6855
1361.96	89.8259
1363.89	89.6634
1365.82	88.8792
1367.75	87.5361
1369.68	85.9968
1371.61	84.7167
1373.54	83.6986
1375.47	82.7177
1377.39	81.8605
1379.32	81.2106
1381.25	80.7187
1383.18	80.4768
1385.11	80.6428
1387.04	81.2325
1388.97	81.9153
1390.9	82.3411
1392.83	82.4969
1394.76	82.3663
1396.69	81.8774
1398.61	81.1229
1400.54	80.3873
1402.47	79.9411
1404.4	79.8825
1406.33	80.1962
1408.26	80.7797
1410.19	81.6273
1412.12	82.7565
1414.05	83.9527
1415.98	85.1667
1417.91	86.533
1419.83	87.6693
1421.76	88.1869
1423.69	88.31
1425.62	88.2184
1427.55	87.9167
1429.48	87.1948
1431.41	86.026
1433.34	84.8149
1435.27	83.5004
1437.2	81.7125
1439.13	79.9842
1441.06	78.7446
1442.98	77.7747
1444.91	77.0763
1446.84	76.6577
1448.77	76.2817
1450.7	76.0092
1452.63	76.167
1454.56	76.8954
1456.49	78.252
1458.42	79.5717
1460.35	80.2947
1462.28	81.0944
1464.2	82.3348
1466.13	83.6267
1468.06	84.6112
1469.99	85.729
1471.92	87.175
1473.85	88.1491
1475.78	88.3363
1477.71	88.5015
1479.64	88.8461
1481.57	89.2417
1483.5	89.6637
1485.43	90.2117
1487.35	91.0321
1489.28	92.0135
1491.21	92.658
1493.14	93.0881
1495.07	93.7747
1497	94.6793
1498.93	95.2377
1500.86	95.4131
1502.79	95.6624
1504.72	96.2577
1506.65	97.1375
1508.57	97.29
1510.5	96.8179
1512.43	96.5786
1514.36	96.7295
1516.29	97.0659
1518.22	97.3574
1520.15	97.5574
1522.08	97.5813
1524.01	97.464
1525.94	97.3288
1527.87	97.1646
1529.8	97.05
1531.72	97.117
1533.65	97.2511
1535.58	97.2713
1537.51	97.4475
1539.44	98.0666
1541.37	98.4582
1543.3	97.9522
1545.23	97.3549
1547.16	97.0313
1549.09	96.9563
1551.02	96.999
1552.94	97.0405
1554.87	97.1968
1556.8	97.6959
1558.73	98.1518
1560.66	97.6541
1562.59	96.9674
1564.52	96.6075
1566.45	96.5684
1568.38	96.6673
1570.31	96.5086
1572.24	96.2159
1574.16	96.2225
1576.09	96.3912
1578.02	96.1532
1579.95	95.7483
1581.88	95.6099
1583.81	95.6608
1585.74	95.6941
1587.67	95.7135
1589.6	95.7773
1591.53	95.8438
1593.46	95.8879
1595.39	95.9094
1597.31	95.8793
1599.24	95.8116
1601.17	95.7482
1603.1	95.669
1605.03	95.5813
1606.96	95.5663
1608.89	95.5567
1610.82	95.3947
1612.75	95.2527
1614.68	95.3552
1616.61	95.415
1618.53	95.0637
1620.46	94.6873
1622.39	94.4484
1624.32	94.1116
1626.25	93.6072
1628.18	92.9416
1630.11	92.1836
1632.04	91.6743
1633.97	91.5316
1635.9	91.342
1637.83	90.9582
1639.76	91.0838
1641.68	91.8398
1643.61	92.9183
1645.54	94.1473
1647.47	95.0624
1649.4	95.3089
1651.33	95.502
1653.26	95.8609
1655.19	95.5332
1657.12	94.9375
1659.05	94.7177
1660.98	94.7946
1662.9	94.7446
1664.83	94.4981
1666.76	94.4665
1668.69	94.6597
1670.62	94.5639
1672.55	94.1743
1674.48	93.8438
1676.41	93.4383
1678.34	93.0217
1680.27	92.9
1682.2	92.966
1684.12	92.6899
1686.05	91.8803
1687.98	90.9762
1689.91	90.1193
1691.84	89.2822
1693.77	88.3159
1695.7	87.2168
1697.63	85.9736
1699.56	83.9264
1701.49	81.1562
1703.42	78.5643
1705.35	75.7217
1707.27	72.1516
1709.2	68.6098
1711.13	65.5567
1713.06	62.8069
1714.99	60.5201
1716.92	58.5352
1718.85	56.5253
1720.78	55.3823
1722.71	55.3597
1724.64	55.989
1726.57	57.0561
1728.49	58.3679
1730.42	59.6516
1732.35	60.9
1734.28	61.9031
1736.21	62.1657
1738.14	61.8591
1740.07	61.1994
1742	60.3838
1743.93	59.9601
1745.86	60.1479
1747.79	60.9723
1749.72	62.6327
1751.64	64.6944
1753.57	66.7913
1755.5	69.4375
1757.43	72.7416
1759.36	76.1507
1761.29	79.5346
1763.22	82.837
1765.15	85.604
1767.08	87.9205
1769.01	90.1853
1770.94	92.2786
1772.86	93.788
1774.79	94.6416
1776.72	95.0873
1778.65	95.4713
1780.58	95.9643
1782.51	96.3706
1784.44	96.6197
1786.37	96.8677
1788.3	97.1167
1790.23	97.3785
1792.16	97.6187
1794.08	97.5362
1796.01	97.2573
1797.94	97.1645
1799.87	97.231
1801.8	97.2373
1803.73	97.1826
1805.66	97.124
1807.59	97.0825
1809.52	97.0887
1811.45	97.0711
1813.38	97.0079
1815.31	97.0079
1817.23	97.0615
1819.16	97.1067
1821.09	97.1991
1823.02	97.3507
1824.95	97.509
1826.88	97.6856
1828.81	97.8182
1830.74	97.7644
1832.67	97.6273
1834.6	97.6135
1836.53	97.6939
1838.45	97.7216
1840.38	97.6945
1842.31	97.7346
1844.24	97.8397
1846.17	97.836
1848.1	97.7217
1850.03	97.6845
1851.96	97.8126
1853.89	97.9611
1855.82	97.9347
1857.75	97.7984
1859.68	97.7433
1861.6	97.7684
1863.53	97.8696
1865.46	98.1722
1867.39	98.5352
1869.32	98.5556
1871.25	98.2995
1873.18	98.1094
1875.11	98.0202
1877.04	98.0506
1878.97	98.2184
1880.9	98.3724
1882.82	98.454
1884.75	98.546
1886.68	98.5998
1888.61	98.5173
1890.54	98.3642
1892.47	98.2864
1894.4	98.3592
1896.33	98.532
1898.26	98.64
1900.19	98.6314
1902.12	98.6215
1904.05	98.6475
1905.97	98.658
1907.9	98.7209
1909.83	98.923
1911.76	99.1082
1913.69	99.1136
1915.62	99.0806
1917.55	99.1298
1919.48	99.0696
1921.41	98.8808
1923.34	98.9215
1925.27	99.2622
1927.19	99.501
1929.12	99.4298
1931.05	99.2428
1932.98	99.1811
1934.91	99.2957
1936.84	99.4724
1938.77	99.6248
1940.7	99.7912
1942.63	99.9298
1944.56	99.8633
1946.49	99.6176
1948.41	99.435
1950.34	99.4525
1952.27	99.6027
1954.2	99.77
1956.13	99.899
1958.06	99.9279
1959.99	99.8317
1961.92	99.7623
1963.85	99.8512
1965.78	99.9762
1967.71	100.058
1969.64	100.247
1971.56	100.522
1973.49	100.627
1975.42	100.531
1977.35	100.428
1979.28	100.381
1981.21	100.383
1983.14	100.459
1985.07	100.504
1987	100.391
1988.93	100.255
1990.86	100.251
1992.78	100.262
1994.71	100.206
1996.64	100.21
1998.57	100.283
2000.5	100.286
2002.43	100.204
2004.36	100.134
2006.29	100.113
2008.22	100.143
2010.15	100.242
2012.08	100.421
2014.01	100.617
2015.93	100.696
2017.86	100.638
2019.79	100.574
2021.72	100.569
2023.65	100.616
2025.58	100.686
2027.51	100.663
2029.44	100.539
2031.37	100.57
2033.3	100.826
2035.23	100.988
2037.15	100.888
2039.08	100.695
2041.01	100.546
2042.94	100.449
2044.87	100.437
2046.8	100.517
2048.73	100.588
2050.66	100.54
2052.59	100.38
2054.52	100.234
2056.45	100.197
2058.37	100.17
2060.3	99.9507
2062.23	99.5913
2064.16	99.465
2066.09	99.7299
2068.02	100.037
2069.95	100.098
2071.88	100.056
2073.81	100.026
2075.74	99.8931
2077.67	99.7086
2079.6	99.6885
2081.52	99.7988
2083.45	99.8436
2085.38	99.7998
2087.31	99.6956
2089.24	99.4772
2091.17	99.267
2093.1	99.3159
2095.03	99.5447
2096.96	99.645
2098.89	99.6102
2100.82	99.5959
2102.74	99.5343
2104.67	99.3993
2106.6	99.3751
2108.53	99.4881
2110.46	99.5812
2112.39	99.6262
2114.32	99.6599
2116.25	99.6541
2118.18	99.6385
2120.11	99.6481
2122.04	99.6196
2123.97	99.564
2125.89	99.5844
2127.82	99.642
2129.75	99.6334
2131.68	99.6147
2133.61	99.6582
2135.54	99.7265
2137.47	99.868
2139.4	100.155
2141.33	100.401
2143.26	100.375
2145.19	100.179
2147.11	100.057
2149.04	100.087
2150.97	100.239
2152.9	100.41
2154.83	100.468
2156.76	100.47
2158.69	100.558
2160.62	100.612
2162.55	100.495
2164.48	100.352
2166.41	100.275
2168.33	100.15
2170.26	100.028
2172.19	100.092
2174.12	100.267
2176.05	100.348
2177.98	100.3
2179.91	100.173
2181.84	100.071
2183.77	100.166
2185.7	100.411
2187.63	100.571
2189.56	100.671
2191.48	100.813
2193.41	100.752
2195.34	100.355
2197.27	100.019
2199.2	100.055
2201.13	100.23
2203.06	100.227
2204.99	100.042
2206.92	99.8506
2208.85	99.812
2210.78	99.9532
2212.7	100.138
2214.63	100.22
2216.56	100.182
2218.49	100.085
2220.42	100.016
2222.35	100.017
2224.28	100.012
2226.21	99.9263
2228.14	99.8981
2230.07	100.09
2232	100.359
2233.93	100.436
2235.85	100.342
2237.78	100.264
2239.71	100.25
2241.64	100.245
2243.57	100.196
2245.5	100.099
2247.43	100.092
2249.36	100.254
2251.29	100.31
2253.22	100.066
2255.15	99.8771
2257.07	100.036
2259	100.242
2260.93	100.23
2262.86	100.191
2264.79	100.216
2266.72	100.142
2268.65	100.003
2270.58	99.9459
2272.51	99.9102
2274.44	99.8421
2276.37	99.786
2278.29	99.697
2280.22	99.6132
2282.15	99.6988
2284.08	99.8459
2286.01	99.8184
2287.94	99.7588
2289.87	99.9149
2291.8	100.199
2293.73	100.493
2295.66	100.835
2297.59	101.136
2299.52	101.304
2301.44	101.507
2303.37	101.861
2305.3	102.292
2307.23	102.851
2309.16	103.582
2311.09	104.248
2313.02	104.717
2314.95	105.231
2316.88	105.977
2318.81	106.904
2320.74	107.887
2322.66	108.731
2324.59	109.353
2326.52	109.928
2328.45	110.572
2330.38	111.165
2332.31	111.625
2334.24	112.102
2336.17	112.643
2338.1	113.03
2340.03	113.289
2341.96	113.62
2343.89	113.14
2345.81	111.122
2347.74	109.311
2349.67	109.181
2351.6	110.851
2353.53	113.647
2355.46	116.183
2357.39	117.74
2359.32	118.36
2361.25	118.209
2363.18	117.525
2365.11	115.893
2367.03	113.616
2368.96	111.87
2370.89	110.451
2372.82	108.439
2374.75	106.117
2376.68	104.214
2378.61	102.725
2380.54	101.379
2382.47	100.219
2384.4	99.3276
2386.33	98.6369
2388.26	98.1584
2390.18	97.9814
2392.11	98.0021
2394.04	97.9981
2395.97	97.9376
2397.9	97.9276
2399.83	97.9583
2401.76	97.9521
2403.69	97.951
2405.62	98.0135
2407.55	98.0501
2409.48	98.0064
2411.4	98.006
2413.33	98.0754
2415.26	98.0745
2417.19	98.0399
2419.12	98.1314
2421.05	98.2699
2422.98	98.3049
2424.91	98.2798
2426.84	98.2056
2428.77	98.0227
2430.7	97.8751
2432.62	97.9335
2434.55	98.0905
2436.48	98.1928
2438.41	98.2787
2440.34	98.3993
2442.27	98.4965
2444.2	98.4999
2446.13	98.4006
2448.06	98.2913
2449.99	98.301
2451.92	98.3965
2453.85	98.4243
2455.77	98.4038
2457.7	98.4694
2459.63	98.5257
2461.56	98.3803
2463.49	98.1756
2465.42	98.2184
2467.35	98.4629
2469.28	98.6096
2471.21	98.5887
2473.14	98.5834
2475.07	98.6905
2476.99	98.7972
2478.92	98.7752
2480.85	98.6877
2482.78	98.685
2484.71	98.7398
2486.64	98.7241
2488.57	98.6665
2490.5	98.6509
2492.43	98.6438
2494.36	98.6305
2496.29	98.6529
2498.22	98.6442
2500.14	98.5314
2502.07	98.4295
2504	98.4797
2505.93	98.6191
2507.86	98.6799
2509.79	98.6287
2511.72	98.5741
2513.65	98.5544
2515.58	98.4947
2517.51	98.4151
2519.44	98.4164
2521.36	98.4596
2523.29	98.4673
2525.22	98.503
2527.15	98.5857
2529.08	98.6283
2531.01	98.6535
2532.94	98.685
2534.87	98.5861
2536.8	98.3741
2538.73	98.3063
2540.66	98.4092
2542.58	98.4384
2544.51	98.3877
2546.44	98.481
2548.37	98.673
2550.3	98.6752
2552.23	98.4377
2554.16	98.2015
2556.09	98.1515
2558.02	98.2989
2559.95	98.549
2561.88	98.7113
2563.81	98.6542
2565.73	98.501
2567.66	98.4257
2569.59	98.3781
2571.52	98.2763
2573.45	98.2349
2575.38	98.321
2577.31	98.3502
2579.24	98.1982
2581.17	98.0739
2583.1	98.2008
2585.03	98.4329
2586.95	98.4676
2588.88	98.2797
2590.81	98.0877
2592.74	98.0239
2594.67	98.0383
2596.6	98.0402
2598.53	98.0251
2600.46	98.0465
2602.39	98.0934
2604.32	98.0983
2606.25	98.0617
2608.18	98.0298
2610.1	97.984
2612.03	97.8828
2613.96	97.7581
2615.89	97.6908
2617.82	97.712
2619.75	97.7422
2621.68	97.6748
2623.61	97.5302
2625.54	97.4406
2627.47	97.4727
2629.4	97.5519
2631.32	97.5745
2633.25	97.5568
2635.18	97.5806
2637.11	97.5903
2639.04	97.467
2640.97	97.3022
2642.9	97.2687
2644.83	97.2973
2646.76	97.236
2648.69	97.1358
2650.62	97.0851
2652.54	97.043
2654.47	96.9984
2656.4	97.0046
2658.33	97.036
2660.26	97.0325
2662.19	97.0049
2664.12	96.9838
2666.05	96.9756
2667.98	96.983
2669.91	96.9729
2671.84	96.8901
2673.77	96.774
2675.69	96.7501
2677.62	96.8463
2679.55	96.9399
2681.48	96.9402
2683.41	96.8954
2685.34	96.8704
2687.27	96.8566
2689.2	96.8377
2691.13	96.8109
2693.06	96.7556
2694.99	96.6882
2696.91	96.6765
2698.84	96.7212
2700.77	96.7411
2702.7	96.7108
2704.63	96.6796
2706.56	96.667
2708.49	96.6609
2710.42	96.6645
2712.35	96.6687
2714.28	96.6568
2716.21	96.6476
2718.14	96.6463
2720.06	96.6153
2721.99	96.5598
2723.92	96.5138
2725.85	96.4376
2727.78	96.3071
2729.71	96.2347
2731.64	96.2977
2733.57	96.3826
2735.5	96.3734
2737.43	96.3158
2739.36	96.2748
2741.28	96.2237
2743.21	96.1523
2745.14	96.1209
2747.07	96.1615
2749	96.2382
2750.93	96.3229
2752.86	96.4081
2754.79	96.4394
2756.72	96.3596
2758.65	96.2276
2760.58	96.1594
2762.51	96.1611
2764.43	96.1542
2766.36	96.1199
2768.29	96.0907
2770.22	96.0603
2772.15	96.0063
2774.08	95.9556
2776.01	95.9505
2777.94	95.9828
2779.87	96.0106
2781.8	96.0122
2783.73	95.9861
2785.65	95.9318
2787.58	95.8631
2789.51	95.8081
2791.44	95.7818
2793.37	95.7851
2795.3	95.8203
2797.23	95.8808
2799.16	95.9407
2801.09	95.9598
2803.02	95.9092
2804.95	95.8152
2806.87	95.7368
2808.8	95.6733
2810.73	95.5695
2812.66	95.4354
2814.59	95.3487
2816.52	95.3232
2818.45	95.2847
2820.38	95.1795
2822.31	95.0244
2824.24	94.8601
2826.17	94.6939
2828.1	94.5067
2830.02	94.3266
2831.95	94.2055
2833.88	94.0809
2835.81	93.8557
2837.74	93.6139
2839.67	93.4625
2841.6	93.2786
2843.53	92.9671
2845.46	92.718
2847.39	92.6635
2849.32	92.6113
2851.24	92.3595
2853.17	91.9277
2855.1	91.3778
2857.03	90.7356
2858.96	90.0871
2860.89	89.5369
2862.82	89.0967
2864.75	88.7083
2866.68	88.3578
2868.61	88.0841
2870.54	87.8676
2872.47	87.6452
2874.39	87.4552
2876.32	87.4245
2878.25	87.6297
2880.18	88.0558
2882.11	88.5856
2884.04	89.0014
2885.97	89.1599
2887.9	89.1402
2889.83	89.0965
2891.76	89.0784
2893.69	89.0737
2895.61	89.0649
2897.54	89.0081
2899.47	88.9137
2901.4	88.9061
2903.33	89.0314
2905.26	89.1249
2907.19	89.0474
2909.12	88.8652
2911.05	88.6679
2912.98	88.4523
2914.91	88.2284
2916.83	88.0117
2918.76	87.779
2920.69	87.54
2922.62	87.268
2924.55	86.8299
2926.48	86.2309
2928.41	85.7175
2930.34	85.4723
2932.27	85.4735
2934.2	85.6699
2936.13	86.0195
2938.06	86.3957
2939.98	86.6413
2941.91	86.7031
2943.84	86.6615
2945.77	86.608
2947.7	86.4967
2949.63	86.1722
2951.56	85.5721
2953.49	84.837
2955.42	84.1927
2957.35	83.7937
2959.28	83.707
2961.2	83.9669
2963.13	84.5844
2965.06	85.5535
2966.99	86.8447
2968.92	88.2781
2970.85	89.4551
2972.78	90.0663
2974.71	90.2608
2976.64	90.4774
2978.57	90.9465
2980.5	91.5454
2982.43	92.0958
2984.35	92.5271
2986.28	92.7609
2988.21	92.8053
2990.14	92.8905
2992.07	93.1521
2994	93.4424
2995.93	93.6934
2997.86	94.0148
2999.79	94.3617
3001.72	94.6142
3003.65	94.8574
3005.57	95.2024
3007.5	95.5493
3009.43	95.725
3011.36	95.7349
3013.29	95.8001
3015.22	96.028
3017.15	96.171
3019.08	96.0749
3021.01	96.0514
3022.94	96.3199
3024.87	96.6174
3026.79	96.7467
3028.72	96.8681
3030.65	97.0612
3032.58	97.1828
3034.51	97.1539
3036.44	97.0408
3038.37	96.9598
3040.3	96.9909
3042.23	97.0387
3044.16	96.9014
3046.09	96.6466
3048.02	96.6423
3049.94	96.9766
3051.87	97.2439
3053.8	97.2267
3055.73	97.2314
3057.66	97.4057
3059.59	97.4509
3061.52	97.2899
3063.45	97.2211
3065.38	97.3016
3067.31	97.3095
3069.24	97.2282
3071.16	97.1997
3073.09	97.2115
3075.02	97.1742
3076.95	97.0804
3078.88	96.9488
3080.81	96.8232
3082.74	96.8451
3084.67	97.0959
3086.6	97.3642
3088.53	97.3462
3090.46	97.1114
3092.39	96.9922
3094.31	97.0209
3096.24	96.9477
3098.17	96.7681
3100.1	96.7201
3102.03	96.8181
3103.96	96.8266
3105.89	96.6653
3107.82	96.5278
3109.75	96.5683
3111.68	96.6694
3113.61	96.6319
3115.53	96.5089
3117.46	96.5391
3119.39	96.7643
3121.32	96.9375
3123.25	96.8892
3125.18	96.7646
3127.11	96.7349
3129.04	96.7438
3130.97	96.7532
3132.9	96.8452
3134.83	96.907
3136.75	96.7406
3138.68	96.4811
3140.61	96.3495
3142.54	96.3299
3144.47	96.4606
3146.4	96.8163
3148.33	97.1105
3150.26	97.0385
3152.19	96.7671
3154.12	96.55
3156.05	96.4162
3157.98	96.3948
3159.9	96.4584
3161.83	96.436
3163.76	96.3333
3165.69	96.347
3167.62	96.4947
3169.55	96.6041
3171.48	96.5898
3173.41	96.505
3175.34	96.3821
3177.27	96.1923
3179.2	96.0523
3181.12	96.2059
3183.05	96.5683
3184.98	96.708
3186.91	96.4999
3188.84	96.2545
3190.77	96.1306
3192.7	96.0323
3194.63	95.969
3196.56	96.0297
3198.49	96.1451
3200.42	96.1642
3202.35	96.1095
3204.27	96.1689
3206.2	96.3352
3208.13	96.3066
3210.06	96.0213
3211.99	95.8454
3213.92	95.8986
3215.85	95.875
3217.78	95.7486
3219.71	95.8016
3221.64	95.9267
3223.57	95.795
3225.49	95.5338
3227.42	95.4543
3229.35	95.5007
3231.28	95.5393
3233.21	95.6682
3235.14	95.8746
3237.07	95.9171
3239	95.7283
3240.93	95.5124
3242.86	95.4195
3244.79	95.4095
3246.72	95.402
3248.64	95.4116
3250.57	95.4684
3252.5	95.4695
3254.43	95.3135
3256.36	95.1276
3258.29	95.0857
3260.22	95.1457
3262.15	95.1993
3264.08	95.217
3266.01	95.1506
3267.94	95.0041
3269.86	94.9197
3271.79	94.9529
3273.72	94.9797
3275.65	94.9443
3277.58	94.9447
3279.51	95.0315
3281.44	95.1315
3283.37	95.1764
3285.3	95.1773
3287.23	95.1374
3289.16	94.9989
3291.08	94.7925
3293.01	94.6916
3294.94	94.7564
3296.87	94.8171
3298.8	94.7495
3300.73	94.6451
3302.66	94.6078
3304.59	94.5992
3306.52	94.5652
3308.45	94.5285
3310.38	94.4853
3312.31	94.4034
3314.23	94.3613
3316.16	94.4232
3318.09	94.427
3320.02	94.2558
3321.95	94.1164
3323.88	94.1797
3325.81	94.31
3327.74	94.3991
3329.67	94.478
3331.6	94.4606
3333.53	94.2834
3335.45	94.1341
3337.38	94.1564
3339.31	94.2135
3341.24	94.1666
3343.17	94.0925
3345.1	94.1154
3347.03	94.2025
3348.96	94.2486
3350.89	94.2526
3352.82	94.222
3354.75	94.0859
3356.68	93.9268
3358.6	93.931
3360.53	94.0145
3362.46	94.022
3364.39	94.0833
3366.32	94.2487
3368.25	94.3046
3370.18	94.2443
3372.11	94.2211
3374.04	94.17
3375.97	94.0796
3377.9	94.1236
3379.82	94.2595
3381.75	94.2914
3383.68	94.2179
3385.61	94.1595
3387.54	94.2125
3389.47	94.3841
3391.4	94.5209
3393.33	94.5144
3395.26	94.4629
3397.19	94.412
3399.12	94.3048
3401.04	94.2225
3402.97	94.2261
3404.9	94.1756
3406.83	94.0426
3408.76	94.0156
3410.69	94.1313
3412.62	94.2334
3414.55	94.2802
3416.48	94.3401
3418.41	94.4008
3420.34	94.4073
3422.27	94.372
3424.19	94.3488
3426.12	94.3521
3428.05	94.3468
3429.98	94.3422
3431.91	94.4233
3433.84	94.5859
3435.77	94.7014
3437.7	94.7567
3439.63	94.8447
3441.56	94.9124
3443.49	94.8951
3445.41	94.9406
3447.34	95.1099
3449.27	95.1876
3451.2	95.1148
3453.13	95.0832
3455.06	95.0799
3456.99	94.9426
3458.92	94.7828
3460.85	94.8219
3462.78	95.0093
3464.71	95.1338
3466.64	95.121
3468.56	95.0826
3470.49	95.1417
3472.42	95.2369
3474.35	95.2601
3476.28	95.2972
3478.21	95.3732
3480.14	95.2978
3482.07	95.1279
3484	95.1501
3485.93	95.2765
3487.86	95.3116
3489.78	95.4276
3491.71	95.62
3493.64	95.5468
3495.57	95.3214
3497.5	95.3722
3499.43	95.563
3501.36	95.5716
3503.29	95.5603
3505.22	95.6348
3507.15	95.5467
3509.08	95.3896
3511	95.5217
3512.93	95.8084
3514.86	95.8582
3516.79	95.6841
3518.72	95.4956
3520.65	95.3319
3522.58	95.2011
3524.51	95.2156
3526.44	95.445
3528.37	95.7715
3530.3	95.8858
3532.23	95.6499
3534.15	95.4297
3536.08	95.581
3538.01	95.7996
3539.94	95.6533
3541.87	95.4001
3543.8	95.4255
3545.73	95.5904
3547.66	95.6807
3549.59	95.7937
3551.52	95.8942
3553.45	95.7885
3555.37	95.4952
3557.3	95.1873
3559.23	95.0719
3561.16	95.3314
3563.09	95.7477
3565.02	95.9093
3566.95	95.8436
3568.88	95.8715
3570.81	95.9325
3572.74	95.9145
3574.67	95.9522
3576.6	96.0774
3578.52	96.1067
3580.45	95.9658
3582.38	95.8461
3584.31	95.9972
3586.24	96.4476
3588.17	96.8726
3590.1	97.0074
3592.03	97.0514
3593.96	97.1141
3595.89	97.1914
3597.82	97.4306
3599.74	97.784
3601.67	97.8926
3603.6	97.7197
3605.53	97.5892
3607.46	97.5404
3609.39	97.435
3611.32	97.4526
3613.25	97.7224
3615.18	97.9383
3617.11	97.9436
3619.04	98.0467
3620.97	98.3049
3622.89	98.2981
3624.82	98.0303
3626.75	97.9186
3628.68	98.1264
3630.61	98.0859
3632.54	97.6729
3634.47	97.4884
3636.4	97.719
3638.33	97.9745
3640.26	98.0284
3642.19	98.0943
3644.11	98.2506
3646.04	98.3155
3647.97	98.2921
3649.9	98.3763
3651.83	98.4733
3653.76	98.4927
3655.69	98.5431
3657.62	98.5717
3659.55	98.3982
3661.48	98.0484
3663.41	97.7149
3665.33	97.5662
3667.26	97.673
3669.19	98.0548
3671.12	98.4324
3673.05	98.5383
3674.98	98.7338
3676.91	99.1997
3678.84	99.2872
3680.77	98.8733
3682.7	98.4397
3684.63	98.2342
3686.56	98.1504
3688.48	98.2099
3690.41	98.498
3692.34	98.6834
3694.27	98.7171
3696.2	98.853
3698.13	99.0274
3700.06	99.0005
3701.99	98.8505
3703.92	98.8478
3705.85	98.9736
3707.78	99.0831
3709.7	99.1506
3711.63	99.0958
3713.56	98.8299
3715.49	98.5758
3717.42	98.5314
3719.35	98.5927
3721.28	98.6316
3723.21	98.8814
3725.14	99.3749
3727.07	99.5117
3729	99.1999
3730.93	99.1434
3732.85	99.6678
3734.78	100.135
3736.71	99.7763
3738.64	99.0991
3740.57	98.8515
3742.5	99.1626
3744.43	99.6075
3746.36	99.4875
3748.29	99.1889
3750.22	99.1725
3752.15	99.0454
3754.07	98.6583
3756	98.4663
3757.93	98.5226
3759.86	98.5558
3761.79	98.4394
3763.72	98.2518
3765.65	98.0317
3767.58	97.8896
3769.51	97.8927
3771.44	97.8404
3773.37	97.6698
3775.29	97.6427
3777.22	97.8261
3779.15	97.9214
3781.08	97.7979
3783.01	97.705
3784.94	97.6794
3786.87	97.5835
3788.8	97.4739
3790.73	97.4507
3792.66	97.5533
3794.59	97.8859
3796.52	98.3936
3798.44	98.8018
3800.37	99
3802.3	98.9416
3804.23	98.6276
3806.16	98.3099
3808.09	98.1052
3810.02	97.9154
3811.95	97.9029
3813.88	98.3526
3815.81	98.9827
3817.74	99.0748
3819.66	98.8322
3821.59	98.7429
3823.52	98.6342
3825.45	98.3707
3827.38	98.1129
3829.31	97.9641
3831.24	98.002
3833.17	98.2196
3835.1	98.4363
3837.03	98.5632
3838.96	98.6623
3840.89	98.6494
3842.81	98.4796
3844.74	98.2639
3846.67	98.0324
3848.6	97.8211
3850.53	97.8459
3852.46	98.3518
3854.39	98.8297
3856.32	98.5042
3858.25	97.953
3860.18	97.7375
3862.11	97.9239
3864.03	98.1719
3865.96	98.2277
3867.89	98.3152
3869.82	98.5317
3871.75	98.5321
3873.68	98.1598
3875.61	97.789
3877.54	97.7386
3879.47	97.9797
3881.4	98.1943
3883.33	98.155
3885.25	98.002
3887.18	97.9312
3889.11	97.9486
3891.04	97.9782
3892.97	97.9491
3894.9	97.871
3896.83	97.8724
3898.76	98.0611
3900.69	98.3441
3902.62	98.3982
3904.55	98.0813
3906.48	97.6538
3908.4	97.3701
3910.33	97.2132
3912.26	97.1823
3914.19	97.3871
3916.12	97.7415
3918.05	97.9233
3919.98	97.8585
3921.91	97.7615
3923.84	97.6341
3925.77	97.4229
3927.7	97.3001
3929.62	97.3651
3931.55	97.5158
3933.48	97.6442
3935.41	97.6945
3937.34	97.657
3939.27	97.6035
3941.2	97.5908
3943.13	97.582
3945.06	97.5546
3946.99	97.5207
3948.92	97.4908
3950.85	97.5481
3952.77	97.6909
3954.7	97.7064
3956.63	97.5321
3958.56	97.4051
3960.49	97.3996
3962.42	97.3389
3964.35	97.2657
3966.28	97.3424
3968.21	97.435
3970.14	97.3617
3972.07	97.2575
3973.99	97.3124
3975.92	97.4595
3977.85	97.5268
3979.78	97.5002
3981.71	97.5045
3983.64	97.5593
3985.57	97.5197
3987.5	97.3684
3989.43	97.2898
3991.36	97.3356
3993.29	97.3703
3995.22	97.3556
3997.14	97.3438
