499.643	80.6624
501.572	80.0231
503.501	80.3947
505.43	81.3564
507.36	82.312
509.289	82.8705
511.218	83.0568
513.147	82.8042
515.076	82.1686
517.005	81.8761
518.934	82.3524
520.863	82.8238
522.792	82.8431
524.722	83.1013
526.651	83.948
528.58	84.6298
530.509	84.7025
532.438	84.5657
534.367	84.6712
536.296	85.1451
538.225	85.7547
540.155	86.1324
542.084	86.2987
544.013	86.5178
545.942	86.6853
547.871	86.5784
549.8	86.3662
551.729	86.2818
553.658	86.27
555.588	86.2156
557.517	86.1444
559.446	86.1564
561.375	86.285
563.304	86.4619
565.233	86.626
567.162	86.6889
569.091	86.4822
571.021	86.1216
572.95	86.0469
574.879	86.3588
576.808	86.7123
578.737	86.9662
580.666	87.2269
582.595	87.3581
584.524	87.2166
586.454	87.0356
588.383	86.9881
590.312	86.8772
592.241	86.6271
594.17	86.4965
596.099	86.548
598.028	86.5627
599.957	86.4967
601.887	86.4781
603.816	86.5226
605.745	86.6486
607.674	86.9646
609.603	87.4011
611.532	87.73
613.461	87.9193
615.39	88.0651
617.32	88.104
619.249	88.0025
621.178	87.9728
623.107	88.137
625.036	88.3292
626.965	88.3813
628.894	88.2942
630.823	88.0923
632.753	87.8418
634.682	87.6833
636.611	87.6253
638.54	87.563
640.469	87.4892
642.398	87.4044
644.327	87.2424
646.256	87.0354
648.186	86.8573
650.115	86.6972
652.044	86.5999
653.973	86.6425
655.902	86.7368
657.831	86.8139
659.76	86.9868
661.689	87.2421
663.619	87.5344
665.548	88.2749
667.477	89.9061
669.406	90.9706
671.335	90.5554
673.264	90.2795
675.193	90.5109
677.122	90.7506
679.052	90.8756
680.981	91.043
682.91	91.0434
684.839	90.877
686.768	90.8585
688.697	90.9077
690.626	90.7661
692.555	90.5248
694.485	90.2999
696.414	90.0381
698.343	89.82
700.272	89.7878
702.201	89.8511
704.13	89.8087
706.059	89.6083
707.988	89.3617
709.917	89.2001
711.847	89.1323
713.776	89.1035
715.705	89.16
717.634	89.3266
719.563	89.3991
721.492	89.2094
723.421	88.9496
725.35	88.8076
727.28	88.6396
729.209	88.2824
731.138	87.8172
733.067	87.3522
734.996	86.8947
736.925	86.4697
738.854	86.0664
740.783	85.525
742.713	84.7238
744.642	83.8428
746.571	83.2832
748.5	83.3182
750.429	83.8978
752.358	84.7463
754.287	85.5382
756.216	86.0607
758.146	86.3514
760.075	86.603
762.004	86.8378
763.933	86.8679
765.862	86.6352
767.791	86.2683
769.72	85.7683
771.649	84.9629
773.579	83.7134
775.508	81.8842
777.437	79.229
779.366	75.5726
781.295	71.1501
783.224	66.767
785.153	63.5649
787.082	62.4399
789.012	63.641
790.941	66.8808
792.87	71.4774
794.799	76.3281
796.728	80.2778
798.657	82.7836
800.586	84.0162
802.515	84.3613
804.445	84.0829
806.374	83.3323
808.303	82.2104
810.232	80.8672
812.161	79.6239
814.09	78.8898
816.019	78.9077
817.948	79.6116
819.878	80.685
821.807	81.7396
823.736	82.5244
825.665	83.0171
827.594	83.2888
829.523	83.3359
831.452	83.1354
833.381	82.7551
835.311	82.2365
837.24	81.4745
839.169	80.365
841.098	78.967
843.027	77.4641
844.956	76.0828
846.885	75.0011
848.814	74.2026
850.744	73.5035
852.673	72.7792
854.602	72.0284
856.531	71.2576
858.46	70.5059
860.389	69.9236
862.318	69.6654
864.247	69.7604
866.177	70.1488
868.106	70.7522
870.035	71.4631
871.964	72.1404
873.893	72.6656
875.822	72.9919
877.751	73.1514
879.68	73.2443
881.609	73.3858
883.539	73.6284
885.468	73.9539
887.397	74.3167
889.326	74.6608
891.255	74.9291
893.184	75.0908
895.113	75.1536
897.042	75.1776
898.972	75.2809
900.901	75.5847
902.83	76.1648
904.759	77.0539
906.688	78.2108
908.617	79.486
910.546	80.6847
912.475	81.6295
914.405	82.1619
916.334	82.2109
918.263	81.8491
920.192	81.1813
922.121	80.2462
924.05	79.0882
925.979	77.7987
927.908	76.4284
929.838	74.9577
931.767	73.3745
933.696	71.7264
935.625	70.114
937.554	68.6701
939.483	67.5256
941.412	66.7596
943.341	66.3505
945.271	66.1792
947.2	66.1385
949.129	66.2629
951.058	66.6819
952.987	67.4307
954.916	68.3783
956.845	69.3473
958.774	70.2322
960.704	71.0223
962.633	71.7799
964.562	72.5904
966.491	73.4953
968.42	74.4788
970.349	75.4773
972.278	76.3781
974.207	77.0769
976.137	77.5405
978.066	77.7599
979.995	77.7086
981.924	77.3996
983.853	76.8854
985.782	76.1982
987.711	75.4069
989.64	74.6886
991.57	74.2143
993.499	73.9707
995.428	73.7423
997.357	73.2694
999.286	72.4248
1001.22	71.252
1003.14	69.8648
1005.07	68.3831
1007	66.9716
1008.93	65.8124
1010.86	64.9455
1012.79	64.1751
1014.72	63.1942
1016.65	61.8072
1018.58	60.0312
1020.51	58.0299
1022.44	56.0078
1024.36	54.2008
1026.29	52.9157
1028.22	52.4081
1030.15	52.6218
1032.08	53.1912
1034.01	53.7945
1035.94	54.3712
1037.87	54.9888
1039.8	55.7159
1041.73	56.6509
1043.66	57.8777
1045.58	59.3916
1047.51	61.154
1049.44	63.1039
1051.37	65.0427
1053.3	66.6767
1055.23	67.8575
1057.16	68.668
1059.09	69.2561
1061.02	69.6716
1062.95	69.8334
1064.88	69.616
1066.81	69.0436
1068.73	68.4136
1070.66	68.1281
1072.59	68.3919
1074.52	69.1111
1076.45	70.037
1078.38	70.9546
1080.31	71.7626
1082.24	72.4156
1084.17	72.8391
1086.1	72.9548
1088.03	72.7572
1089.95	72.2842
1091.88	71.5455
1093.81	70.5586
1095.74	69.4139
1097.67	68.2389
1099.6	67.1166
1101.53	66.0455
1103.46	64.9551
1105.39	63.7749
1107.32	62.501
1109.25	61.1898
1111.18	59.9172
1113.1	58.7502
1115.03	57.7151
1116.96	56.7757
1118.89	55.85
1120.82	54.8464
1122.75	53.7197
1124.68	52.5071
1126.61	51.265
1128.54	50.0086
1130.47	48.7598
1132.4	47.5672
1134.32	46.4457
1136.25	45.394
1138.18	44.4488
1140.11	43.6486
1142.04	43.0103
1143.97	42.5625
1145.9	42.3161
1147.83	42.2317
1149.76	42.2754
1151.69	42.4476
1153.62	42.7406
1155.55	43.1311
1157.47	43.6101
1159.4	44.1855
1161.33	44.8709
1163.26	45.6917
1165.19	46.6866
1167.12	47.8755
1169.05	49.2332
1170.98	50.7304
1172.91	52.3643
1174.84	54.1113
1176.77	55.9089
1178.69	57.7039
1180.62	59.4615
1182.55	61.156
1184.48	62.7811
1186.41	64.3179
1188.34	65.7339
1190.27	67.0646
1192.2	68.3963
1194.13	69.753
1196.06	71.1019
1197.99	72.4036
1199.91	73.5597
1201.84	74.4018
1203.77	74.788
1205.7	74.6739
1207.63	74.0874
1209.56	73.0645
1211.49	71.719
1213.42	70.284
1215.35	68.7102
1217.28	66.4468
1219.21	63.2676
1221.14	59.8721
1223.06	56.966
1224.99	54.4927
1226.92	52.099
1228.85	49.6887
1230.78	47.3272
1232.71	45.098
1234.64	43.1503
1236.57	41.6078
1238.5	40.4643
1240.43	39.626
1242.36	38.9675
1244.28	38.3793
1246.21	37.8042
1248.14	37.2027
1250.07	36.5697
1252	36.0009
1253.93	35.6209
1255.86	35.4986
1257.79	35.7162
1259.72	36.3624
1261.65	37.4149
1263.58	38.7874
1265.51	40.433
1267.43	42.2924
1269.36	44.2606
1271.29	46.2443
1273.22	48.1889
1275.15	50.0794
1277.08	51.9283
1279.01	53.7316
1280.94	55.4641
1282.87	57.1292
1284.8	58.7732
1286.73	60.4248
1288.65	62.0241
1290.58	63.4731
1292.51	64.7582
1294.44	65.9427
1296.37	67.0932
1298.3	68.3185
1300.23	69.7867
1302.16	71.5915
1304.09	73.6659
1306.02	75.8446
1307.95	77.9221
1309.87	79.6884
1311.8	80.9834
1313.73	81.722
1315.66	81.8996
1317.59	81.6013
1319.52	81.07
1321.45	80.7277
1323.38	80.9297
1325.31	81.7403
1327.24	82.9261
1329.17	84.1233
1331.1	85.0831
1333.02	85.7196
1334.95	86.1145
1336.88	86.4953
1338.81	87.0278
1340.74	87.6805
1342.67	88.4191
1344.6	89.2996
1346.53	90.2574
1348.46	91.0741
1350.39	91.5523
1352.32	91.5679
1354.24	91.055
1356.17	90.2402
1358.1	89.6345
1360.03	89.4892
1361.96	89.5783
1363.89	89.428
1365.82	88.7222
1367.75	87.4271
1369.68	85.8756
1371.61	84.5835
1373.54	83.5845
1375.47	82.6094
1377.39	81.7215
1379.32	81.0406
1381.25	80.5401
1383.18	80.3015
1385.11	80.4661
1387.04	81.0364
1388.97	81.6784
1390.9	82.0709
1392.83	82.2373
1394.76	82.1661
1396.69	81.7336
1398.61	80.9902
1400.54	80.2454
1402.47	79.8056
1404.4	79.7757
1406.33	80.1177
1408.26	80.7033
1410.19	81.5367
1412.12	82.6629
1414.05	83.8649
1415.98	85.0696
1417.91	86.4244
1419.83	87.5814
1421.76	88.1141
1423.69	88.217
1425.62	88.1174
1427.55	87.8317
1429.48	87.0812
1431.41	85.843
1433.34	84.6207
1435.27	83.3479
1437.2	81.5395
1439.13	79.7348
1441.06	78.4663
1442.98	77.5067
1444.91	76.8178
1446.84	76.4189
1448.77	76.0868
1450.7	75.8494
1452.63	76.0185
1454.56	76.7513
1456.49	78.0835
1458.42	79.3337
1460.35	80.0262
1462.28	80.8451
1464.2	82.119
1466.13	83.4177
1468.06	84.3661
1469.99	85.4164
1471.92	86.786
1473.85	87.7357
1475.78	87.9555
1477.71	88.1548
1479.64	88.5137
1481.57	88.8929
1483.5	89.2768
1485.43	89.7964
1487.35	90.6219
1489.28	91.6529
1491.21	92.3563
1493.14	92.8129
1495.07	93.516
1497	94.4653
1498.93	95.0805
1500.86	95.2761
1502.79	95.5141
1504.72	96.0923
1506.65	97.0014
1508.57	97.2321
1510.5	96.782
1512.43	96.5279
1514.36	96.679
1516.29	97.0222
1518.22	97.2825
1520.15	97.4471
1522.08	97.5064
1524.01	97.4456
1525.94	97.3034
1527.87	97.0867
1529.8	96.9354
1531.72	97.0107
1533.65	97.2043
1535.58	97.2981
1537.51	97.5243
1539.44	98.15
1541.37	98.4652
1543.3	97.8602
1545.23	97.2101
1547.16	96.8843
1549.09	96.8418
1551.02	96.9153
1552.94	96.9579
1554.87	97.0935
1556.8	97.567
1558.73	98.0008
1560.66	97.5046
1562.59	96.8422
1564.52	96.5136
1566.45	96.4989
1568.38	96.6138
1570.31	96.4738
1572.24	96.1843
1574.16	96.1712
1576.09	96.3501
1578.02	96.1764
1579.95	95.8007
1581.88	95.6305
1583.81	95.632
1585.74	95.6344
1587.67	95.6439
1589.6	95.7178
1591.53	95.8114
1593.46	95.8771
1595.39	95.8916
1597.31	95.8197
1599.24	95.7072
1601.17	95.645
1603.1	95.6074
1605.03	95.5371
1606.96	95.5141
1608.89	95.541
1610.82	95.4541
1612.75	95.3436
1614.68	95.4233
1616.61	95.4561
1618.53	95.1011
1620.46	94.7322
1622.39	94.5211
1624.32	94.2345
1626.25	93.7858
1628.18	93.1883
1630.11	92.4947
1632.04	92.0164
1633.97	91.9004
1635.9	91.7856
1637.83	91.4538
1639.76	91.5122
1641.68	92.1256
1643.61	93.0712
1645.54	94.236
1647.47	95.1265
1649.4	95.321
1651.33	95.467
1653.26	95.8543
1655.19	95.5794
1657.12	94.964
1659.05	94.7054
1660.98	94.7672
1662.9	94.7252
1664.83	94.4656
1666.76	94.3973
1668.69	94.5778
1670.62	94.524
1672.55	94.1656
1674.48	93.813
1676.41	93.3744
1678.34	92.9576
1680.27	92.8398
1682.2	92.8786
1684.12	92.5847
1686.05	91.8398
1687.98	91.0109
1689.91	90.1913
1691.84	89.3948
1693.77	88.507
1695.7	87.4635
1697.63	86.1966
1699.56	84.1725
1701.49	81.5351
1703.42	79.041
1705.35	76.2436
1707.27	72.7201
1709.2	69.1793
1711.13	66.0437
1713.06	63.174
1714.99	60.7553
1716.92	58.6181
1718.85	56.4918
1720.78	55.2786
1722.71	55.1486
1724.64	55.6013
1726.57	56.4768
1728.49	57.648
1730.42	58.8425
1732.35	60.0207
1734.28	60.9476
1736.21	61.159
1738.14	60.8787
1740.07	60.3453
1742	59.7444
1743.93	59.5477
1745.86	59.9077
1747.79	60.8391
1749.72	62.5531
1751.64	64.6388
1753.57	66.7399
1755.5	69.3662
1757.43	72.6315
1759.36	76.0094
1761.29	79.3902
1763.22	82.6887
1765.15	85.4265
1767.08	87.7321
1769.01	90.039
1770.94	92.1844
1772.86	93.7036
1774.79	94.5326
1776.72	94.943
1778.65	95.3316
1780.58	95.9039
1782.51	96.3572
1784.44	96.5287
1786.37	96.6945
1788.3	96.9663
1790.23	97.2809
1792.16	97.5202
1794.08	97.4254
1796.01	97.1707
1797.94	97.1081
1799.87	97.1722
1801.8	97.141
1803.73	97.0431
1805.66	96.9401
1807.59	96.8757
1809.52	96.9418
1811.45	97.0186
1813.38	96.9573
1815.31	96.9357
1817.23	97.0809
1819.16	97.2189
1821.09	97.2455
1823.02	97.2741
1824.95	97.3915
1826.88	97.5706
1828.81	97.7001
1830.74	97.6581
1832.67	97.5283
1834.6	97.5184
1836.53	97.6209
1838.45	97.6422
1840.38	97.5742
1842.31	97.6328
1844.24	97.8119
1846.17	97.7957
1848.1	97.6086
1850.03	97.5566
1851.96	97.7302
1853.89	97.9518
1855.82	97.9895
1857.75	97.8213
1859.68	97.6554
1861.6	97.6417
1863.53	97.7867
1865.46	98.1173
1867.39	98.5467
1869.32	98.7096
1871.25	98.4799
1873.18	98.1626
1875.11	97.9456
1877.04	97.9032
1878.97	98.0532
1880.9	98.2879
1882.82	98.4738
1884.75	98.5267
1886.68	98.4478
1888.61	98.3674
1890.54	98.41
1892.47	98.5103
1894.4	98.5482
1896.33	98.5225
1898.26	98.5165
1900.19	98.5647
1902.12	98.5827
1904.05	98.5302
1905.97	98.5454
1907.9	98.72
1909.83	98.9158
1911.76	98.9692
1913.69	98.9298
1915.62	98.9339
1917.55	98.9727
1919.48	98.915
1921.41	98.8068
1923.34	98.8501
1925.27	99.0642
1927.19	99.2781
1929.12	99.3615
1931.05	99.2823
1932.98	99.1895
1934.91	99.2673
1936.84	99.3743
1938.77	99.3454
1940.7	99.4084
1942.63	99.6808
1944.56	99.7958
1946.49	99.5933
1948.41	99.3625
1950.34	99.3112
1952.27	99.4314
1954.2	99.6209
1956.13	99.7624
1958.06	99.8389
1959.99	99.8826
1961.92	99.8879
1963.85	99.9327
1965.78	100.072
1967.71	100.134
1969.64	100.066
1971.56	100.145
1973.49	100.422
1975.42	100.573
1977.35	100.518
1979.28	100.52
1981.21	100.638
1983.14	100.688
1985.07	100.55
1987	100.269
1988.93	100.101
1990.86	100.285
1992.78	100.567
1994.71	100.493
1996.64	100.194
1998.57	100.103
2000.5	100.232
2002.43	100.297
2004.36	100.275
2006.29	100.376
2008.22	100.552
2010.15	100.492
2012.08	100.239
2014.01	100.237
2015.93	100.536
2017.86	100.7
2019.79	100.624
2021.72	100.579
2023.65	100.584
2025.58	100.535
2027.51	100.518
2029.44	100.571
2031.37	100.593
2033.3	100.554
2035.23	100.532
2037.15	100.588
2039.08	100.681
2041.01	100.71
2042.94	100.659
2044.87	100.605
2046.8	100.588
2048.73	100.608
2050.66	100.616
2052.59	100.47
2054.52	100.174
2056.45	99.9987
2058.37	100.032
2060.3	99.9436
2062.23	99.5977
2064.16	99.3965
2066.09	99.6054
2068.02	99.928
2069.95	100.071
2071.88	100.099
2073.81	100.077
2075.74	99.9488
2077.67	99.782
2079.6	99.7134
2081.52	99.7262
2083.45	99.6944
2085.38	99.5773
2087.31	99.4482
2089.24	99.3648
2091.17	99.3198
2093.1	99.3102
2095.03	99.3438
2096.96	99.3962
2098.89	99.4151
2100.82	99.34
2102.74	99.2147
2104.67	99.249
2106.6	99.4928
2108.53	99.6346
2110.46	99.511
2112.39	99.4371
2114.32	99.6048
2116.25	99.7125
2118.18	99.5682
2120.11	99.4429
2122.04	99.5263
2123.97	99.6228
2125.89	99.6139
2127.82	99.6609
2129.75	99.7944
2131.68	99.8318
2133.61	99.7598
2135.54	99.7527
2137.47	99.8794
2139.4	100.078
2141.33	100.253
2143.26	100.312
2145.19	100.279
2147.11	100.264
2149.04	100.305
2150.97	100.378
2152.9	100.446
2154.83	100.432
2156.76	100.345
2158.69	100.305
2160.62	100.341
2162.55	100.383
2164.48	100.441
2166.41	100.517
2168.33	100.52
2170.26	100.458
2172.19	100.467
2174.12	100.527
2176.05	100.457
2177.98	100.239
2179.91	100.05
2181.84	100.003
2183.77	100.111
2185.7	100.342
2187.63	100.529
2189.56	100.485
2191.48	100.28
2193.41	100.107
2195.34	99.9719
2197.27	99.8209
2199.2	99.8261
2201.13	100.147
2203.06	100.504
2204.99	100.47
2206.92	100.153
2208.85	99.9812
2210.78	99.9713
2212.7	99.9045
2214.63	99.91
2216.56	100.16
2218.49	100.4
2220.42	100.364
2222.35	100.155
2224.28	99.9132
2226.21	99.6952
2228.14	99.7063
2230.07	100.037
2232	100.36
2233.93	100.402
2235.85	100.315
2237.78	100.239
2239.71	100.114
2241.64	100.022
2243.57	100.094
2245.5	100.198
2247.43	100.198
2249.36	100.137
2251.29	100.03
2253.22	99.897
2255.15	99.8715
2257.07	99.9646
2259	100.021
2260.93	100.015
2262.86	100.055
2264.79	100.155
2266.72	100.202
2268.65	100.125
2270.58	99.9946
2272.51	99.8906
2274.44	99.7484
2276.37	99.5358
2278.29	99.4241
2280.22	99.5271
2282.15	99.7081
2284.08	99.8143
2286.01	99.8415
2287.94	99.8455
2289.87	99.9006
2291.8	100.088
2293.73	100.417
2295.66	100.794
2297.59	101.113
2299.52	101.384
2301.44	101.687
2303.37	102.017
2305.3	102.343
2307.23	102.796
2309.16	103.458
2311.09	104.115
2313.02	104.588
2314.95	105.047
2316.88	105.754
2318.81	106.824
2320.74	108.086
2322.66	109.019
2324.59	109.434
2326.52	109.863
2328.45	110.645
2330.38	111.374
2332.31	111.67
2334.24	111.906
2336.17	112.443
2338.1	112.998
2340.03	113.379
2341.96	113.725
2343.89	113.2
2345.81	111.124
2347.74	109.312
2349.67	109.251
2351.6	110.961
2353.53	113.589
2355.46	115.827
2357.39	117.424
2359.32	118.45
2361.25	118.422
2363.18	117.463
2365.11	115.876
2367.03	114.049
2368.96	112.375
2370.89	110.543
2372.82	108.329
2374.75	106.145
2376.68	104.252
2378.61	102.563
2380.54	101.093
2382.47	99.9737
2384.4	99.1928
2386.33	98.6204
2388.26	98.1999
2390.18	97.9474
2392.11	97.8407
2394.04	97.8272
2395.97	97.8699
2397.9	97.9
2399.83	97.8356
2401.76	97.7143
2403.69	97.6905
2405.62	97.8241
2407.55	97.9806
2409.48	98.0417
2411.4	98.0671
2413.33	98.1044
2415.26	98.0772
2417.19	98.0079
2419.12	98.0467
2421.05	98.2027
2422.98	98.3362
2424.91	98.3605
2426.84	98.2559
2428.77	98.0585
2430.7	97.8976
2432.62	97.8805
2434.55	97.9918
2436.48	98.16
2438.41	98.3287
2440.34	98.4733
2442.27	98.5686
2444.2	98.5476
2446.13	98.41
2448.06	98.3095
2449.99	98.3525
2451.92	98.4359
2453.85	98.4337
2455.77	98.386
2457.7	98.384
2459.63	98.4029
2461.56	98.3866
2463.49	98.4084
2465.42	98.5461
2467.35	98.6766
2469.28	98.6399
2471.21	98.4936
2473.14	98.4103
2475.07	98.4741
2476.99	98.642
2478.92	98.7693
2480.85	98.7553
2482.78	98.687
2484.71	98.6752
2486.64	98.6688
2488.57	98.6083
2490.5	98.5637
2492.43	98.6027
2494.36	98.6874
2496.29	98.7283
2498.22	98.6592
2500.14	98.4965
2502.07	98.3478
2504	98.3316
2505.93	98.4565
2507.86	98.5605
2509.79	98.4813
2511.72	98.3225
2513.65	98.3142
2515.58	98.4113
2517.51	98.4116
2519.44	98.3822
2521.36	98.4921
2523.29	98.618
2525.22	98.5597
2527.15	98.3901
2529.08	98.3036
2531.01	98.3655
2532.94	98.4683
2534.87	98.4356
2536.8	98.2937
2538.73	98.2851
2540.66	98.4173
2542.58	98.4299
2544.51	98.3331
2546.44	98.3753
2548.37	98.4979
2550.3	98.4523
2552.23	98.2914
2554.16	98.2383
2556.09	98.3141
2558.02	98.4183
2559.95	98.5134
2561.88	98.5677
2563.81	98.5331
2565.73	98.4387
2567.66	98.3317
2569.59	98.1804
2571.52	98.0203
2573.45	98.031
2575.38	98.2257
2577.31	98.3221
2579.24	98.1861
2581.17	98.0764
2583.1	98.2003
2585.03	98.3994
2586.95	98.4597
2588.88	98.3873
2590.81	98.2619
2592.74	98.1057
2594.67	97.966
2596.6	97.9227
2598.53	97.9678
2600.46	98.0006
2602.39	97.9783
2604.32	97.9744
2606.25	98.0259
2608.18	98.0414
2610.1	97.9552
2612.03	97.8303
2613.96	97.7312
2615.89	97.66
2617.82	97.6225
2619.75	97.6002
2621.68	97.534
2623.61	97.4459
2625.54	97.4263
2627.47	97.4674
2629.4	97.4875
2631.32	97.4859
2633.25	97.4999
2635.18	97.4875
2637.11	97.401
2639.04	97.287
2640.97	97.2064
2642.9	97.1551
2644.83	97.1244
2646.76	97.1287
2648.69	97.1426
2650.62	97.1156
2652.54	97.0525
2654.47	96.9994
2656.4	96.9708
2658.33	96.9413
2660.26	96.8913
2662.19	96.8396
2664.12	96.8258
2666.05	96.8589
2667.98	96.8993
2669.91	96.889
2671.84	96.8082
2673.77	96.7292
2675.69	96.7483
2677.62	96.8247
2679.55	96.8283
2681.48	96.7691
2683.41	96.7615
2685.34	96.792
2687.27	96.7805
2689.2	96.765
2691.13	96.7905
2693.06	96.7844
2694.99	96.7187
2696.91	96.681
2698.84	96.6946
2700.77	96.6739
2702.7	96.5874
2704.63	96.5027
2706.56	96.4832
2708.49	96.5225
2710.42	96.5584
2712.35	96.5462
2714.28	96.5233
2716.21	96.5342
2718.14	96.5271
2720.06	96.4519
2721.99	96.3827
2723.92	96.3834
2725.85	96.3676
2727.78	96.2641
2729.71	96.1745
2731.64	96.2072
2733.57	96.3032
2735.5	96.3401
2737.43	96.2749
2739.36	96.1515
2741.28	96.0624
2743.21	96.062
2745.14	96.1001
2747.07	96.1233
2749	96.1581
2750.93	96.2061
2752.86	96.2177
2754.79	96.2094
2756.72	96.221
2758.65	96.2033
2760.58	96.1153
2762.51	96.0184
2764.43	95.964
2766.36	95.9345
2768.29	95.934
2770.22	95.978
2772.15	96.0041
2774.08	95.9517
2776.01	95.8856
2777.94	95.886
2779.87	95.9045
2781.8	95.877
2783.73	95.8476
2785.65	95.8577
2787.58	95.8719
2789.51	95.8596
2791.44	95.8068
2793.37	95.7069
2795.3	95.6283
2797.23	95.6464
2799.16	95.7131
2801.09	95.7531
2803.02	95.7688
2804.95	95.7463
2806.87	95.6462
2808.8	95.5053
2810.73	95.3726
2812.66	95.2443
2814.59	95.1586
2816.52	95.1601
2818.45	95.1546
2820.38	95.025
2822.31	94.8311
2824.24	94.6869
2826.17	94.559
2828.1	94.3748
2830.02	94.1914
2831.95	94.0611
2833.88	93.8831
2835.81	93.5951
2837.74	93.3347
2839.67	93.2008
2841.6	93.0753
2843.53	92.856
2845.46	92.6205
2847.39	92.452
2849.32	92.3102
2851.24	92.0791
2853.17	91.6511
2855.1	91.049
2857.03	90.43
2858.96	89.8899
2860.89	89.4005
2862.82	88.9473
2864.75	88.5434
2866.68	88.1765
2868.61	87.8523
2870.54	87.5755
2872.47	87.3246
2874.39	87.1602
2876.32	87.2132
2878.25	87.4957
2880.18	87.888
2882.11	88.2824
2884.04	88.5955
2885.97	88.7579
2887.9	88.8101
2889.83	88.8709
2891.76	88.948
2893.69	88.9209
2895.61	88.7666
2897.54	88.6548
2899.47	88.7188
2901.4	88.839
2903.33	88.8052
2905.26	88.6338
2907.19	88.5153
2909.12	88.4865
2911.05	88.4142
2912.98	88.2578
2914.91	88.0877
2916.83	87.9309
2918.76	87.7723
2920.69	87.565
2922.62	87.215
2924.55	86.715
2926.48	86.1885
2928.41	85.7485
2930.34	85.4745
2932.27	85.4176
2934.2	85.5125
2936.13	85.6753
2938.06	85.9235
2939.98	86.2028
2941.91	86.3536
2943.84	86.3717
2945.77	86.3542
2947.7	86.222
2949.63	85.8502
2951.56	85.3322
2953.49	84.8016
2955.42	84.2258
2957.35	83.6664
2959.28	83.4263
2961.2	83.6672
2963.13	84.2764
2965.06	85.2545
2966.99	86.6763
2968.92	88.2083
2970.85	89.2799
2972.78	89.7592
2974.71	89.9808
2976.64	90.2472
2978.57	90.6594
2980.5	91.2289
2982.43	91.9136
2984.35	92.5393
2986.28	92.8473
2988.21	92.8521
2990.14	92.9344
2992.07	93.2662
2994	93.5712
2995.93	93.7101
2997.86	93.9159
2999.79	94.2605
3001.72	94.4917
3003.65	94.5045
3005.57	94.5577
3007.5	94.8977
3009.43	95.3687
3011.36	95.6532
3013.29	95.8005
3015.22	96.0374
3017.15	96.1989
3019.08	96.0697
3021.01	96.0113
3022.94	96.3906
3024.87	96.8225
3026.79	96.7964
3028.72	96.5337
3030.65	96.516
3032.58	96.7128
3034.51	96.8025
3036.44	96.7427
3038.37	96.7224
3040.3	96.814
3042.23	96.9123
3044.16	96.8781
3046.09	96.7249
3048.02	96.6961
3049.94	96.9123
3051.87	97.0741
3053.8	96.9807
3055.73	96.9565
3057.66	97.197
3059.59	97.3607
3061.52	97.2847
3063.45	97.2528
3065.38	97.332
3067.31	97.2903
3069.24	97.1096
3071.16	96.9533
3073.09	96.8864
3075.02	96.9042
3076.95	96.9328
3078.88	96.838
3080.81	96.642
3082.74	96.5487
3084.67	96.6738
3086.6	96.9282
3088.53	97.1519
3090.46	97.2699
3092.39	97.2805
3094.31	97.1233
3096.24	96.7781
3098.17	96.4799
3100.1	96.4601
3102.03	96.5628
3103.96	96.5216
3105.89	96.4322
3107.82	96.5241
3109.75	96.7153
3111.68	96.7645
3113.61	96.6501
3115.53	96.5501
3117.46	96.5863
3119.39	96.7089
3121.32	96.7518
3123.25	96.6271
3125.18	96.4775
3127.11	96.4828
3129.04	96.5831
3130.97	96.6461
3132.9	96.6986
3134.83	96.7148
3136.75	96.5613
3138.68	96.3417
3140.61	96.2702
3142.54	96.3047
3144.47	96.4257
3146.4	96.7858
3148.33	97.1732
3150.26	97.1376
3152.19	96.7655
3154.12	96.4543
3156.05	96.2711
3157.98	96.1796
3159.9	96.2477
3161.83	96.3731
3163.76	96.4048
3165.69	96.3819
3167.62	96.3276
3169.55	96.2187
3171.48	96.171
3173.41	96.2721
3175.34	96.3967
3177.27	96.3758
3179.2	96.2075
3181.12	96.0706
3183.05	96.1154
3184.98	96.2445
3186.91	96.2476
3188.84	96.0868
3190.77	95.872
3192.7	95.7227
3194.63	95.7304
3196.56	95.8708
3198.49	95.9853
3200.42	95.9621
3202.35	95.8705
3204.27	95.8568
3206.2	95.9242
3208.13	95.9074
3210.06	95.7888
3211.99	95.7833
3213.92	95.9046
3215.85	95.9065
3217.78	95.796
3219.71	95.7969
3221.64	95.8308
3223.57	95.6822
3225.49	95.4726
3227.42	95.422
3229.35	95.4661
3231.28	95.473
3233.21	95.4886
3235.14	95.5447
3237.07	95.5309
3239	95.4187
3240.93	95.3344
3242.86	95.2638
3244.79	95.0565
3246.72	94.8434
3248.64	94.8736
3250.57	94.9547
3252.5	94.8302
3254.43	94.7952
3256.36	95.0611
3258.29	95.2145
3260.22	95.0612
3262.15	94.9658
3264.08	94.9934
3266.01	94.8885
3267.94	94.7595
3269.86	94.795
3271.79	94.842
3273.72	94.8221
3275.65	94.86
3277.58	94.904
3279.51	94.8536
3281.44	94.8248
3283.37	94.8909
3285.3	94.9278
3287.23	94.8577
3289.16	94.7175
3291.08	94.5556
3293.01	94.4556
3294.94	94.4669
3296.87	94.469
3298.8	94.3633
3300.73	94.2772
3302.66	94.2828
3304.59	94.2189
3306.52	94.0631
3308.45	94.0246
3310.38	94.1135
3312.31	94.1385
3314.23	94.0825
3316.16	94.015
3318.09	93.9143
3320.02	93.8571
3321.95	93.9297
3323.88	93.9676
3325.81	93.8897
3327.74	93.9559
3329.67	94.2179
3331.6	94.2958
3333.53	94.0759
3335.45	93.9213
3337.38	93.9846
3339.31	94.0269
3341.24	93.9582
3343.17	93.9424
3345.1	94.0147
3347.03	94.0245
3348.96	93.9171
3350.89	93.8159
3352.82	93.8087
3354.75	93.8254
3356.68	93.8207
3358.6	93.8642
3360.53	93.8986
3362.46	93.7876
3364.39	93.692
3366.32	93.8551
3368.25	94.0931
3370.18	94.1122
3372.11	94.0259
3374.04	94.0374
3375.97	94.0737
3377.9	94.0429
3379.82	94.0031
3381.75	94.0017
3383.68	94.0343
3385.61	94.0954
3387.54	94.1605
3389.47	94.1833
3391.4	94.1232
3393.33	94.011
3395.26	93.9765
3397.19	94.0569
3399.12	94.0862
3401.04	93.9909
3402.97	93.9604
3404.9	94.1012
3406.83	94.2423
3408.76	94.2568
3410.69	94.2283
3412.62	94.2353
3414.55	94.2927
3416.48	94.414
3418.41	94.499
3420.34	94.3917
3422.27	94.1856
3424.19	94.1384
3426.12	94.2606
3428.05	94.3718
3429.98	94.4288
3431.91	94.5045
3433.84	94.5691
3435.77	94.5291
3437.7	94.4288
3439.63	94.4109
3441.56	94.5067
3443.49	94.6426
3445.41	94.8101
3447.34	95.051
3449.27	95.2944
3451.2	95.3544
3453.13	95.1415
3455.06	94.8361
3456.99	94.7211
3458.92	94.8162
3460.85	94.9755
3462.78	95.1644
3464.71	95.2713
3466.64	95.1136
3468.56	94.8986
3470.49	94.9663
3472.42	95.1251
3474.35	95.0743
3476.28	95.0726
3478.21	95.3684
3480.14	95.6505
3482.07	95.6325
3484	95.4635
3485.93	95.3197
3487.86	95.2549
3489.78	95.3828
3491.71	95.6618
3493.64	95.7846
3495.57	95.6026
3497.5	95.3619
3499.43	95.3188
3501.36	95.423
3503.29	95.5198
3505.22	95.5568
3507.15	95.5481
3509.08	95.5665
3511	95.7033
3512.93	95.8222
3514.86	95.6636
3516.79	95.3332
3518.72	95.2289
3520.65	95.4079
3522.58	95.5273
3524.51	95.4708
3526.44	95.5295
3528.37	95.8004
3530.3	95.8685
3532.23	95.4651
3534.15	95.0359
3536.08	95.1264
3538.01	95.4968
3539.94	95.5127
3541.87	95.2689
3543.8	95.3278
3545.73	95.6983
3547.66	95.8243
3549.59	95.573
3551.52	95.3525
3553.45	95.4052
3555.37	95.5036
3557.3	95.4187
3559.23	95.3722
3561.16	95.6032
3563.09	95.8371
3565.02	95.7853
3566.95	95.6958
3568.88	95.8281
3570.81	95.9591
3572.74	96.0083
3574.67	96.0528
3576.6	96.0484
3578.52	96.0071
3580.45	95.9891
3582.38	95.9796
3584.31	96.1496
3586.24	96.6922
3588.17	97.1479
3590.1	97.0592
3592.03	96.9974
3593.96	97.2805
3595.89	97.5122
3597.82	97.5708
3599.74	97.7596
3601.67	97.9034
3603.6	97.6893
3605.53	97.3803
3607.46	97.3573
3609.39	97.5813
3611.32	97.7511
3613.25	97.8236
3615.18	97.9988
3617.11	98.3369
3619.04	98.5602
3620.97	98.3638
3622.89	97.9783
3624.82	97.7661
3626.75	97.732
3628.68	97.752
3630.61	97.8038
3632.54	97.8792
3634.47	97.8848
3636.4	97.8087
3638.33	97.7371
3640.26	97.7099
3642.19	97.7779
3644.11	98.022
3646.04	98.3125
3647.97	98.3739
3649.9	98.3025
3651.83	98.4289
3653.76	98.4881
3655.69	98.2797
3657.62	98.0135
3659.55	97.8279
3661.48	97.552
3663.41	97.2296
3665.33	97.1001
3667.26	97.2446
3669.19	97.724
3671.12	98.3933
3673.05	98.8626
3674.98	99.19
3676.91	99.3529
3678.84	98.994
3680.77	98.3686
3682.7	97.9912
3684.63	97.9918
3686.56	98.186
3688.48	98.5504
3690.41	98.8725
3692.34	98.7087
3694.27	98.3616
3696.2	98.2788
3698.13	98.4397
3700.06	98.629
3701.99	98.7399
3703.92	98.7115
3705.85	98.6512
3707.78	98.8068
3709.7	99.2049
3711.63	99.4049
3713.56	99.0914
3715.49	98.681
3717.42	98.4994
3719.35	98.4635
3721.28	98.4013
3723.21	98.5094
3725.14	99.0317
3727.07	99.5046
3729	99.4629
3730.93	99.3328
3732.85	99.679
3734.78	100.155
3736.71	99.8048
3738.64	98.9879
3740.57	98.634
3742.5	98.9995
3744.43	99.6677
3746.36	99.6261
3748.29	99.1369
3750.22	99.0324
3752.15	99.0506
3754.07	98.6384
3756	98.3257
3757.93	98.4691
3759.86	98.6456
3761.79	98.4792
3763.72	98.2557
3765.65	98.089
3767.58	97.8395
3769.51	97.6165
3771.44	97.5458
3773.37	97.5345
3775.29	97.5993
3777.22	97.7834
3779.15	97.9084
3781.08	97.836
3783.01	97.695
3784.94	97.5985
3786.87	97.5832
3788.8	97.5922
3790.73	97.5083
3792.66	97.4683
3794.59	97.7641
3796.52	98.2856
3798.44	98.6674
3800.37	98.8946
3802.3	98.9103
3804.23	98.5248
3806.16	98.0334
3808.09	97.7991
3810.02	97.7724
3811.95	97.8743
3813.88	98.2688
3815.81	98.7855
3817.74	98.8484
3819.66	98.581
3821.59	98.4666
3823.52	98.4772
3825.45	98.3555
3827.38	98.0525
3829.31	97.7457
3831.24	97.7931
3833.17	98.2377
3835.1	98.6244
3837.03	98.6623
3838.96	98.6044
3840.89	98.6386
3842.81	98.5456
3844.74	98.1793
3846.67	97.7199
3848.6	97.5177
3850.53	97.778
3852.46	98.4286
3854.39	98.8364
3856.32	98.5958
3858.25	98.1871
3860.18	97.9238
3862.11	97.9437
3864.03	98.1088
3865.96	98.1028
3867.89	98.068
3869.82	98.326
3871.75	98.5961
3873.68	98.3503
3875.61	97.8438
3877.54	97.6592
3879.47	97.917
3881.4	98.1972
3883.33	98.1685
3885.25	98.0475
3887.18	98.074
3889.11	98.1299
3891.04	98.0575
3892.97	97.8811
3894.9	97.7019
3896.83	97.5785
3898.76	97.6378
3900.69	97.9839
3902.62	98.2541
3904.55	98.0171
3906.48	97.5833
3908.4	97.4091
3910.33	97.3858
3912.26	97.2762
3914.19	97.178
3916.12	97.3045
3918.05	97.5796
3919.98	97.7403
3921.91	97.7336
3923.84	97.6492
3925.77	97.537
3927.7	97.4527
3929.62	97.4712
3931.55	97.6122
3933.48	97.7492
3935.41	97.7105
3937.34	97.5216
3939.27	97.3717
3941.2	97.3753
3943.13	97.4464
3945.06	97.4802
3946.99	97.517
3948.92	97.5913
3950.85	97.6551
3952.77	97.6563
3954.7	97.5294
3956.63	97.2932
3958.56	97.1745
3960.49	97.2654
3962.42	97.3117
3964.35	97.236
3966.28	97.2818
3968.21	97.4018
3970.14	97.3288
3972.07	97.1925
3973.99	97.2546
3975.92	97.3925
3977.85	97.4496
3979.78	97.4944
3981.71	97.5175
3983.64	97.4711
3985.57	97.4239
3987.5	97.3561
3989.43	97.2512
3991.36	97.3009
3993.29	97.5008
3995.22	97.5037
3997.14	97.2641
