499.643	80.6968
501.572	80.534
503.501	81.3224
505.43	82.1506
507.36	81.8572
509.289	81.4671
511.218	81.7407
513.147	81.8996
515.076	81.5408
517.005	81.1716
518.934	81.2805
520.863	81.9586
522.792	82.9638
524.722	83.9361
526.651	84.6001
528.58	84.799
530.509	84.6525
532.438	84.6256
534.367	85.0024
536.296	85.4767
538.225	85.6753
540.155	85.6304
542.084	85.5612
544.013	85.6393
545.942	85.8514
547.871	85.939
549.8	85.8038
551.729	85.7547
553.658	85.975
555.588	86.2108
557.517	86.275
559.446	86.3339
561.375	86.4703
563.304	86.5451
565.233	86.58
567.162	86.6769
569.091	86.6542
571.021	86.3866
572.95	86.2163
574.879	86.4496
576.808	86.8836
578.737	87.1899
580.666	87.335
582.595	87.3769
584.524	87.3212
586.454	87.2135
588.383	87.0825
590.312	86.9289
592.241	86.807
594.17	86.6992
596.099	86.5316
598.028	86.4469
599.957	86.601
601.887	86.7653
603.816	86.7368
605.745	86.7889
607.674	87.1254
609.603	87.462
611.532	87.5741
613.461	87.6274
615.39	87.7316
617.32	87.7405
619.249	87.6296
621.178	87.6636
623.107	87.9473
625.036	88.1693
626.965	88.1146
628.894	88.0319
630.823	88.0361
632.753	87.8909
634.682	87.6573
636.611	87.6504
638.54	87.7478
640.469	87.643
642.398	87.4219
644.327	87.2586
646.256	87.0936
648.186	86.8864
650.115	86.7343
652.044	86.7133
653.973	86.7963
655.902	86.8673
657.831	86.9187
659.76	87.1088
661.689	87.3801
663.619	87.5993
665.548	88.1908
667.477	89.693
669.406	90.7215
671.335	90.3054
673.264	90.0883
675.193	90.4518
677.122	90.7487
679.052	90.7942
680.981	90.9101
682.91	90.9751
684.839	90.8616
686.768	90.7754
688.697	90.7196
690.626	90.5793
692.555	90.4172
694.485	90.229
696.414	89.9717
698.343	89.7793
700.272	89.7157
702.201	89.6547
704.13	89.5384
706.059	89.3942
707.988	89.2266
709.917	89.0966
711.847	89.0597
713.776	89.0618
715.705	89.1071
717.634	89.2507
719.563	89.3302
721.492	89.1387
723.421	88.8276
725.35	88.6113
727.28	88.3813
729.209	87.997
731.138	87.556
733.067	87.1431
734.996	86.7081
736.925	86.2457
738.854	85.7704
740.783	85.1894
742.713	84.4202
744.642	83.5894
746.571	83.0411
748.5	83.0763
750.429	83.6372
752.358	84.3898
754.287	85.1067
756.216	85.7284
758.146	86.182
760.075	86.4605
762.004	86.6604
763.933	86.744
765.862	86.5656
767.791	86.1449
769.72	85.5782
771.649	84.7685
773.579	83.4895
775.508	81.568
777.437	78.8444
779.366	75.1771
781.295	70.7677
783.224	66.4496
785.153	63.3896
787.082	62.391
789.012	63.6068
790.941	66.7907
792.87	71.3578
794.799	76.226
796.728	80.1938
798.657	82.6899
800.586	83.9065
802.515	84.2644
804.445	84.0332
806.374	83.3527
808.303	82.3175
810.232	81.0553
812.161	79.8499
814.09	79.107
816.019	79.1005
817.948	79.7657
819.878	80.7625
821.807	81.7278
823.736	82.4663
825.665	82.9468
827.594	83.1911
829.523	83.212
831.452	83.024
833.381	82.6463
835.311	82.0662
837.24	81.2308
839.169	80.1015
841.098	78.7157
843.027	77.217
844.956	75.8217
846.885	74.6942
848.814	73.8376
850.744	73.1249
852.673	72.4264
854.602	71.6983
856.531	70.9814
858.46	70.3432
860.389	69.8467
862.318	69.5712
864.247	69.5931
866.177	69.9161
868.106	70.4742
870.035	71.1839
871.964	71.92
873.893	72.5115
875.822	72.8617
877.751	73.0226
879.68	73.1191
881.609	73.2577
883.539	73.4916
885.468	73.8092
887.397	74.1571
889.326	74.4889
891.255	74.7672
893.184	74.9431
895.113	75.0037
897.042	75.028
898.972	75.1338
900.901	75.4046
902.83	75.9273
904.759	76.8023
906.688	78.0096
908.617	79.3447
910.546	80.5652
912.475	81.5037
914.405	82.0304
916.334	82.0727
918.263	81.685
920.192	80.9803
922.121	80.0367
924.05	78.9222
925.979	77.7044
927.908	76.3876
929.838	74.9355
931.767	73.3736
933.696	71.787
935.625	70.2416
937.554	68.8111
939.483	67.649
941.412	66.8893
943.341	66.4898
945.271	66.3006
947.2	66.247
949.129	66.3599
951.058	66.716
952.987	67.378
954.916	68.2906
956.845	69.2726
958.774	70.176
960.704	70.9685
962.633	71.6867
964.562	72.4245
966.491	73.2837
968.42	74.2623
970.349	75.2662
972.278	76.1861
974.207	76.9093
976.137	77.3649
978.066	77.5646
979.995	77.5321
981.924	77.2644
983.853	76.7728
985.782	76.0787
987.711	75.2511
989.64	74.4981
991.57	74.0379
993.499	73.8367
995.428	73.6257
997.357	73.1561
999.286	72.3248
1001.22	71.1547
1003.14	69.7578
1005.07	68.2749
1007	66.8513
1008.93	65.6594
1010.86	64.7774
1012.79	64.0101
1014.72	63.0083
1016.65	61.5852
1018.58	59.7941
1020.51	57.7898
1022.44	55.7669
1024.36	53.9816
1026.29	52.7317
1028.22	52.2375
1030.15	52.4449
1032.08	53.0055
1034.01	53.5772
1035.94	54.0921
1037.87	54.6752
1039.8	55.4336
1041.73	56.4066
1043.66	57.6237
1045.58	59.1253
1047.51	60.9192
1049.44	62.9053
1051.37	64.8494
1053.3	66.4817
1055.23	67.6602
1057.16	68.4377
1059.09	68.9673
1061.02	69.3416
1062.95	69.4946
1064.88	69.275
1066.81	68.6903
1068.73	68.053
1070.66	67.7726
1072.59	68.0341
1074.52	68.7437
1076.45	69.6788
1078.38	70.6192
1080.31	71.4324
1082.24	72.0769
1084.17	72.499
1086.1	72.6119
1088.03	72.399
1089.95	71.9083
1091.88	71.1495
1093.81	70.1327
1095.74	68.9621
1097.67	67.777
1099.6	66.6488
1101.53	65.5664
1103.46	64.4614
1105.39	63.2654
1107.32	61.9866
1109.25	60.6944
1111.18	59.4499
1113.1	58.2968
1115.03	57.2628
1116.96	56.3253
1118.89	55.4115
1120.82	54.4382
1122.75	53.3528
1124.68	52.1656
1126.61	50.9256
1128.54	49.666
1130.47	48.4187
1132.4	47.2341
1134.32	46.1387
1136.25	45.1368
1138.18	44.254
1140.11	43.5139
1142.04	42.921
1143.97	42.4967
1145.9	42.2678
1147.83	42.2294
1149.76	42.356
1151.69	42.6101
1153.62	42.9556
1155.55	43.3881
1157.47	43.9121
1159.4	44.5175
1161.33	45.2196
1163.26	46.0542
1165.19	47.0355
1167.12	48.1822
1169.05	49.5172
1170.98	51.0028
1172.91	52.5706
1174.84	54.2061
1176.77	55.9182
1178.69	57.6733
1180.62	59.4096
1182.55	61.0795
1184.48	62.6672
1186.41	64.1778
1188.34	65.6062
1190.27	66.9469
1192.2	68.2388
1194.13	69.5467
1196.06	70.8862
1197.99	72.185
1199.91	73.3104
1201.84	74.1155
1203.77	74.4679
1205.7	74.2998
1207.63	73.6395
1209.56	72.5456
1211.49	71.1431
1213.42	69.6661
1215.35	68.056
1217.28	65.742
1219.21	62.5124
1221.14	59.1254
1223.06	56.3036
1224.99	53.9304
1226.92	51.602
1228.85	49.244
1230.78	46.9484
1232.71	44.7883
1234.64	42.9145
1236.57	41.4573
1238.5	40.3775
1240.43	39.5629
1242.36	38.9271
1244.28	38.3753
1246.21	37.8144
1248.14	37.217
1250.07	36.6227
1252	36.0902
1253.93	35.6877
1255.86	35.5277
1257.79	35.739
1259.72	36.3674
1261.65	37.3739
1263.58	38.7188
1265.51	40.3446
1267.43	42.1543
1269.36	44.0807
1271.29	46.0719
1273.22	48.0442
1275.15	49.9529
1277.08	51.8034
1279.01	53.5835
1280.94	55.3005
1282.87	56.9972
1284.8	58.6793
1286.73	60.3218
1288.65	61.8982
1290.58	63.3647
1292.51	64.7091
1294.44	65.9787
1296.37	67.2205
1298.3	68.5078
1300.23	69.9919
1302.16	71.7796
1304.09	73.8196
1306.02	75.9689
1307.95	78.0497
1309.87	79.8525
1311.8	81.19
1313.73	81.9586
1315.66	82.1591
1317.59	81.8894
1319.52	81.3944
1321.45	81.082
1323.38	81.2881
1325.31	82.0698
1327.24	83.2083
1329.17	84.3543
1331.1	85.2574
1333.02	85.8394
1334.95	86.1971
1336.88	86.5498
1338.81	87.0598
1340.74	87.7146
1342.67	88.4602
1344.6	89.3199
1346.53	90.2547
1348.46	91.0709
1350.39	91.5349
1352.32	91.507
1354.24	90.9675
1356.17	90.1613
1358.1	89.5665
1360.03	89.4239
1361.96	89.5237
1363.89	89.3774
1365.82	88.6448
1367.75	87.3293
1369.68	85.8144
1371.61	84.577
1373.54	83.5674
1375.47	82.5408
1377.39	81.6464
1379.32	80.9865
1381.25	80.484
1383.18	80.2256
1385.11	80.3673
1387.04	80.9163
1388.97	81.5541
1390.9	81.952
1392.83	82.1204
1394.76	82.0568
1396.69	81.6337
1398.61	80.8952
1400.54	80.1632
1402.47	79.7271
1404.4	79.675
1406.33	80.0096
1408.26	80.6238
1410.19	81.481
1412.12	82.6178
1414.05	83.8411
1415.98	85.062
1417.91	86.3978
1419.83	87.5283
1421.76	88.0731
1423.69	88.2012
1425.62	88.0969
1427.55	87.7856
1429.48	87.0459
1431.41	85.851
1433.34	84.6155
1435.27	83.2628
1437.2	81.4256
1439.13	79.6691
1441.06	78.4051
1442.98	77.3948
1444.91	76.6677
1446.84	76.2627
1448.77	75.9356
1450.7	75.7238
1452.63	75.9367
1454.56	76.69
1456.49	77.9759
1458.42	79.1627
1460.35	79.8638
1462.28	80.7088
1464.2	81.9791
1466.13	83.268
1468.06	84.2409
1469.99	85.3247
1471.92	86.6947
1473.85	87.6056
1475.78	87.7772
1477.71	87.9244
1479.64	88.245
1481.57	88.6348
1483.5	89.0708
1485.43	89.6335
1487.35	90.4605
1489.28	91.4837
1491.21	92.2394
1493.14	92.7783
1495.07	93.5273
1497	94.4633
1498.93	95.0386
1500.86	95.214
1502.79	95.4529
1504.72	96.0508
1506.65	96.9927
1508.57	97.2333
1510.5	96.7643
1512.43	96.4736
1514.36	96.5841
1516.29	96.9226
1518.22	97.2132
1520.15	97.3892
1522.08	97.426
1524.01	97.3437
1525.94	97.2012
1527.87	97.0122
1529.8	96.9005
1531.72	96.993
1533.65	97.1548
1535.58	97.1931
1537.51	97.3908
1539.44	98.0441
1541.37	98.4102
1543.3	97.8022
1545.23	97.157
1547.16	96.8674
1549.09	96.8397
1551.02	96.901
1552.94	96.9656
1554.87	97.1603
1556.8	97.6564
1558.73	98.034
1560.66	97.5079
1562.59	96.8561
1564.52	96.5146
1566.45	96.4739
1568.38	96.581
1570.31	96.4427
1572.24	96.1543
1574.16	96.1591
1576.09	96.3451
1578.02	96.1236
1579.95	95.7065
1581.88	95.5437
1583.81	95.5782
1585.74	95.6098
1587.67	95.631
1589.6	95.692
1591.53	95.76
1593.46	95.8107
1595.39	95.827
1597.31	95.7809
1599.24	95.706
1601.17	95.6477
1603.1	95.5839
1605.03	95.5193
1606.96	95.5228
1608.89	95.5306
1610.82	95.395
1612.75	95.2672
1614.68	95.3592
1616.61	95.4171
1618.53	95.1007
1620.46	94.7819
1622.39	94.6245
1624.32	94.3667
1626.25	93.9139
1628.18	93.3113
1630.11	92.6159
1632.04	92.134
1633.97	92.0465
1635.9	91.9981
1637.83	91.6618
1639.76	91.6547
1641.68	92.2426
1643.61	93.2099
1645.54	94.3745
1647.47	95.205
1649.4	95.3484
1651.33	95.4649
1653.26	95.811
1655.19	95.5022
1657.12	94.8754
1659.05	94.6222
1660.98	94.7234
1662.9	94.7302
1664.83	94.4808
1666.76	94.4067
1668.69	94.5923
1670.62	94.5444
1672.55	94.1919
1674.48	93.8686
1676.41	93.4665
1678.34	93.0331
1680.27	92.8397
1682.2	92.7906
1684.12	92.4823
1686.05	91.8023
1687.98	91.0319
1689.91	90.2528
1691.84	89.4563
1693.77	88.5336
1695.7	87.52
1697.63	86.3913
1699.56	84.4424
1701.49	81.7608
1703.42	79.2611
1705.35	76.4873
1707.27	72.9225
1709.2	69.3164
1711.13	66.1748
1713.06	63.3409
1714.99	60.9515
1716.92	58.7981
1718.85	56.5792
1720.78	55.2439
1722.71	55.0111
1724.64	55.36
1726.57	56.1049
1728.49	57.1584
1730.42	58.2912
1732.35	59.4457
1734.28	60.3545
1736.21	60.5835
1738.14	60.3848
1740.07	59.9676
1742	59.457
1743.93	59.3141
1745.86	59.7505
1747.79	60.7888
1749.72	62.5673
1751.64	64.6515
1753.57	66.7466
1755.5	69.3692
1757.43	72.6114
1759.36	75.9733
1761.29	79.3929
1763.22	82.768
1765.15	85.5384
1767.08	87.8028
1769.01	90.0571
1770.94	92.1908
1772.86	93.691
1774.79	94.4882
1776.72	94.9221
1778.65	95.3545
1780.58	95.9126
1782.51	96.3349
1784.44	96.5338
1786.37	96.7215
1788.3	96.9318
1790.23	97.1498
1792.16	97.3628
1794.08	97.324
1796.01	97.1152
1797.94	97.0914
1799.87	97.2294
1801.8	97.2249
1803.73	97.0568
1805.66	96.942
1807.59	97.0001
1809.52	97.1436
1811.45	97.132
1813.38	96.9734
1815.31	96.9239
1817.23	97.017
1819.16	97.094
1821.09	97.1309
1823.02	97.2086
1824.95	97.371
1826.88	97.5839
1828.81	97.6951
1830.74	97.584
1832.67	97.4203
1834.6	97.4349
1836.53	97.5847
1838.45	97.6417
1840.38	97.5743
1842.31	97.6276
1844.24	97.8555
1846.17	97.9198
1848.1	97.7577
1850.03	97.6519
1851.96	97.728
1853.89	97.8799
1855.82	97.9085
1857.75	97.7668
1859.68	97.6711
1861.6	97.7781
1863.53	97.9886
1865.46	98.2304
1867.39	98.4762
1869.32	98.5258
1871.25	98.3216
1873.18	98.0878
1875.11	97.9458
1877.04	97.9304
1878.97	98.0268
1880.9	98.153
1882.82	98.2862
1884.75	98.4201
1886.68	98.4892
1888.61	98.4977
1890.54	98.4837
1892.47	98.3954
1894.4	98.2622
1896.33	98.241
1898.26	98.3589
1900.19	98.4796
1902.12	98.5284
1904.05	98.5409
1905.97	98.5905
1907.9	98.7081
1909.83	98.8178
1911.76	98.8123
1913.69	98.7593
1915.62	98.8433
1917.55	99.0378
1919.48	99.0729
1921.41	98.9557
1923.34	98.9775
1925.27	99.138
1927.19	99.1934
1929.12	99.1355
1931.05	99.1178
1932.98	99.2045
1934.91	99.3569
1936.84	99.4585
1938.77	99.4851
1940.7	99.5962
1942.63	99.7819
1944.56	99.7761
1946.49	99.5865
1948.41	99.4928
1950.34	99.6218
1952.27	99.8892
1954.2	100.057
1956.13	99.8996
1958.06	99.5681
1959.99	99.4482
1961.92	99.5925
1963.85	99.795
1965.78	100.012
1967.71	100.217
1969.64	100.288
1971.56	100.294
1973.49	100.355
1975.42	100.341
1977.35	100.192
1979.28	100.111
1981.21	100.186
1983.14	100.321
1985.07	100.451
1987	100.49
1988.93	100.425
1990.86	100.409
1992.78	100.428
1994.71	100.296
1996.64	100.132
1998.57	100.159
2000.5	100.252
2002.43	100.19
2004.36	100.072
2006.29	100.13
2008.22	100.358
2010.15	100.536
2012.08	100.576
2014.01	100.623
2015.93	100.749
2017.86	100.849
2019.79	100.832
2021.72	100.701
2023.65	100.533
2025.58	100.44
2027.51	100.436
2029.44	100.498
2031.37	100.666
2033.3	100.844
2035.23	100.826
2037.15	100.669
2039.08	100.609
2041.01	100.669
2042.94	100.704
2044.87	100.669
2046.8	100.654
2048.73	100.697
2050.66	100.667
2052.59	100.487
2054.52	100.283
2056.45	100.159
2058.37	100.063
2060.3	99.9166
2062.23	99.7223
2064.16	99.6282
2066.09	99.808
2068.02	100.113
2069.95	100.211
2071.88	100.101
2073.81	99.9818
2075.74	99.8311
2077.67	99.6281
2079.6	99.5799
2081.52	99.7327
2083.45	99.8149
2085.38	99.6935
2087.31	99.5523
2089.24	99.5173
2091.17	99.5116
2093.1	99.5132
2095.03	99.5824
2096.96	99.6513
2098.89	99.6176
2100.82	99.5446
2102.74	99.5396
2104.67	99.6211
2106.6	99.7634
2108.53	99.8606
2110.46	99.7644
2112.39	99.5363
2114.32	99.4111
2116.25	99.432
2118.18	99.4505
2120.11	99.457
2122.04	99.5408
2123.97	99.6377
2125.89	99.6694
2127.82	99.7196
2129.75	99.805
2131.68	99.7947
2133.61	99.7229
2135.54	99.7965
2137.47	100.039
2139.4	100.28
2141.33	100.419
2143.26	100.433
2145.19	100.307
2147.11	100.131
2149.04	100.093
2150.97	100.26
2152.9	100.549
2154.83	100.838
2156.76	100.965
2158.69	100.834
2160.62	100.65
2162.55	100.624
2164.48	100.593
2166.41	100.437
2168.33	100.394
2170.26	100.55
2172.19	100.646
2174.12	100.59
2176.05	100.504
2177.98	100.37
2179.91	100.172
2181.84	100.098
2183.77	100.239
2185.7	100.423
2187.63	100.514
2189.56	100.54
2191.48	100.506
2193.41	100.364
2195.34	100.154
2197.27	100.003
2199.2	100.015
2201.13	100.175
2203.06	100.293
2204.99	100.195
2206.92	100.003
2208.85	99.9572
2210.78	100.023
2212.7	100.021
2214.63	99.9822
2216.56	100.02
2218.49	100.095
2220.42	100.145
2222.35	100.173
2224.28	100.108
2226.21	99.9361
2228.14	99.9172
2230.07	100.181
2232	100.401
2233.93	100.378
2235.85	100.401
2237.78	100.55
2239.71	100.512
2241.64	100.306
2243.57	100.229
2245.5	100.225
2247.43	100.145
2249.36	100.129
2251.29	100.197
2253.22	100.139
2255.15	100.012
2257.07	100.048
2259	100.179
2260.93	100.194
2262.86	100.125
2264.79	100.107
2266.72	100.131
2268.65	100.13
2270.58	100.063
2272.51	99.8992
2274.44	99.7083
2276.37	99.6257
2278.29	99.6376
2280.22	99.6709
2282.15	99.7953
2284.08	99.9999
2286.01	100.085
2287.94	100.052
2289.87	100.143
2291.8	100.385
2293.73	100.585
2295.66	100.743
2297.59	101.004
2299.52	101.373
2301.44	101.753
2303.37	102.118
2305.3	102.54
2307.23	103.122
2309.16	103.846
2311.09	104.504
2313.02	104.994
2314.95	105.487
2316.88	106.173
2318.81	107.123
2320.74	108.287
2322.66	109.343
2324.59	109.985
2326.52	110.435
2328.45	111.091
2330.38	111.948
2332.31	112.667
2334.24	113.17
2336.17	113.606
2338.1	113.946
2340.03	114.276
2341.96	114.701
2343.89	114.177
2345.81	111.961
2347.74	110.015
2349.67	109.918
2351.6	111.682
2353.53	114.391
2355.46	116.729
2357.39	118.589
2359.32	119.942
2361.25	119.937
2363.18	118.804
2365.11	117.133
2367.03	115.141
2368.96	113.147
2370.89	111.111
2372.82	108.811
2374.75	106.459
2376.68	104.416
2378.61	102.764
2380.54	101.391
2382.47	100.24
2384.4	99.3332
2386.33	98.6621
2388.26	98.1797
2390.18	97.8805
2392.11	97.7773
2394.04	97.8102
2395.97	97.8734
2397.9	97.9221
2399.83	97.9508
2401.76	97.9217
2403.69	97.8596
2405.62	97.8856
2407.55	97.9905
2409.48	98.0167
2411.4	97.9842
2413.33	98.0474
2415.26	98.1469
2417.19	98.1318
2419.12	98.0597
2421.05	98.0462
2422.98	98.0902
2424.91	98.163
2426.84	98.1995
2428.77	98.1148
2430.7	97.9931
2432.62	98.0051
2434.55	98.1299
2436.48	98.2357
2438.41	98.3338
2440.34	98.4902
2442.27	98.6046
2444.2	98.5253
2446.13	98.3219
2448.06	98.2253
2449.99	98.3065
2451.92	98.3946
2453.85	98.3522
2455.77	98.2914
2457.7	98.3835
2459.63	98.5412
2461.56	98.5489
2463.49	98.4596
2465.42	98.4838
2467.35	98.5624
2469.28	98.4926
2471.21	98.3424
2473.14	98.3369
2475.07	98.5069
2476.99	98.7127
2478.92	98.8476
2480.85	98.8978
2482.78	98.8945
2484.71	98.8358
2486.64	98.6935
2488.57	98.5404
2490.5	98.5252
2492.43	98.654
2494.36	98.7579
2496.29	98.7065
2498.22	98.5297
2500.14	98.3833
2502.07	98.4273
2504	98.6235
2505.93	98.7334
2507.86	98.6369
2509.79	98.4732
2511.72	98.4051
2513.65	98.4428
2515.58	98.479
2517.51	98.4326
2519.44	98.3951
2521.36	98.4774
2523.29	98.5469
2525.22	98.4406
2527.15	98.2814
2529.08	98.2546
2531.01	98.3293
2532.94	98.3711
2534.87	98.3189
2536.8	98.2569
2538.73	98.3247
2540.66	98.469
2542.58	98.5054
2544.51	98.4497
2546.44	98.4519
2548.37	98.4943
2550.3	98.4527
2552.23	98.3207
2554.16	98.2178
2556.09	98.2461
2558.02	98.3889
2559.95	98.5743
2561.88	98.7368
2563.81	98.7561
2565.73	98.5752
2567.66	98.3631
2569.59	98.2677
2571.52	98.2062
2573.45	98.1291
2575.38	98.1241
2577.31	98.1699
2579.24	98.1742
2581.17	98.1861
2583.1	98.2799
2585.03	98.3842
2586.95	98.3896
2588.88	98.292
2590.81	98.1515
2592.74	97.9999
2594.67	97.8559
2596.6	97.778
2598.53	97.8072
2600.46	97.8886
2602.39	97.9356
2604.32	97.9352
2606.25	97.9267
2608.18	97.9165
2610.1	97.8656
2612.03	97.7579
2613.96	97.6318
2615.89	97.5366
2617.82	97.5088
2619.75	97.5425
2621.68	97.5308
2623.61	97.3934
2625.54	97.2702
2627.47	97.3113
2629.4	97.3826
2631.32	97.344
2633.25	97.3428
2635.18	97.4539
2637.11	97.4576
2639.04	97.2723
2640.97	97.1119
2642.9	97.0747
2644.83	97.0421
2646.76	96.9754
2648.69	96.9658
2650.62	97.0443
2652.54	97.1267
2654.47	97.1279
2656.4	97.0711
2658.33	97.0195
2660.26	96.9497
2662.19	96.8368
2664.12	96.7577
2666.05	96.754
2667.98	96.7641
2669.91	96.7627
2671.84	96.7652
2673.77	96.7503
2675.69	96.7365
2677.62	96.7754
2679.55	96.8281
2681.48	96.8299
2683.41	96.7891
2685.34	96.7246
2687.27	96.6753
2689.2	96.7091
2691.13	96.7653
2693.06	96.7069
2694.99	96.6032
2696.91	96.6318
2698.84	96.7337
2700.77	96.7184
2702.7	96.6033
2704.63	96.5476
2706.56	96.5735
2708.49	96.5703
2710.42	96.4935
2712.35	96.4227
2714.28	96.437
2716.21	96.507
2718.14	96.5365
2720.06	96.4701
2721.99	96.3427
2723.92	96.2377
2725.85	96.189
2727.78	96.1623
2729.71	96.1568
2731.64	96.2044
2733.57	96.2569
2735.5	96.2543
2737.43	96.2392
2739.36	96.2308
2741.28	96.1678
2743.21	96.0801
2745.14	96.0603
2747.07	96.0782
2749	96.0646
2750.93	96.0549
2752.86	96.0943
2754.79	96.1402
2756.72	96.1201
2758.65	96.0348
2760.58	95.9963
2762.51	96.068
2764.43	96.1072
2766.36	95.993
2768.29	95.8687
2770.22	95.8843
2772.15	95.9376
2774.08	95.9018
2776.01	95.8265
2777.94	95.7877
2779.87	95.7857
2781.8	95.8127
2783.73	95.8574
2785.65	95.8784
2787.58	95.8482
2789.51	95.7783
2791.44	95.6948
2793.37	95.6306
2795.3	95.6293
2797.23	95.7032
2799.16	95.7818
2801.09	95.7666
2803.02	95.6579
2804.95	95.5568
2806.87	95.5287
2808.8	95.5226
2810.73	95.4402
2812.66	95.2788
2814.59	95.1523
2816.52	95.1107
2818.45	95.0649
2820.38	94.9663
2822.31	94.8493
2824.24	94.678
2826.17	94.4206
2828.1	94.1949
2830.02	94.0945
2831.95	94.0276
2833.88	93.8768
2835.81	93.6457
2837.74	93.4016
2839.67	93.1871
2841.6	92.9924
2843.53	92.793
2845.46	92.6045
2847.39	92.4582
2849.32	92.3386
2851.24	92.1392
2853.17	91.7061
2855.1	91.0424
2857.03	90.371
2858.96	89.8251
2860.89	89.2993
2862.82	88.7679
2864.75	88.3905
2866.68	88.181
2868.61	87.9423
2870.54	87.5779
2872.47	87.2022
2874.39	86.9842
2876.32	87.0315
2878.25	87.3407
2880.18	87.7885
2882.11	88.2211
2884.04	88.5611
2885.97	88.8003
2887.9	88.9124
2889.83	88.8614
2891.76	88.7306
2893.69	88.6846
2895.61	88.7387
2897.54	88.7824
2899.47	88.8152
2901.4	88.8533
2903.33	88.7632
2905.26	88.5311
2907.19	88.3845
2909.12	88.3906
2911.05	88.3532
2912.98	88.1735
2914.91	87.9145
2916.83	87.6495
2918.76	87.4586
2920.69	87.315
2922.62	87.039
2924.55	86.5714
2926.48	86.0407
2928.41	85.5904
2930.34	85.3553
2932.27	85.3464
2934.2	85.3853
2936.13	85.4526
2938.06	85.7165
2939.98	86.0668
2941.91	86.2243
2943.84	86.2036
2945.77	86.126
2947.7	85.9404
2949.63	85.6358
2951.56	85.2703
2953.49	84.7659
2955.42	84.0938
2957.35	83.5104
2959.28	83.2933
2961.2	83.4621
2963.13	83.9902
2965.06	85.0098
2966.99	86.5205
2968.92	88.0975
2970.85	89.1943
2972.78	89.6935
2974.71	89.9439
2976.64	90.2739
2978.57	90.7053
2980.5	91.185
2982.43	91.7738
2984.35	92.3637
2986.28	92.6297
2988.21	92.5716
2990.14	92.5551
2992.07	92.6942
2994	92.8552
2995.93	93.0981
2997.86	93.5099
2999.79	93.9383
3001.72	94.2363
3003.65	94.4403
3005.57	94.6731
3007.5	95.0041
3009.43	95.3239
3011.36	95.5127
3013.29	95.6968
3015.22	95.9308
3017.15	95.9645
3019.08	95.8223
3021.01	95.9616
3022.94	96.4565
3024.87	96.845
3026.79	96.9098
3028.72	96.8375
3030.65	96.7466
3032.58	96.6734
3034.51	96.7187
3036.44	96.8593
3038.37	96.9422
3040.3	96.9625
3042.23	97.0017
3044.16	96.9777
3046.09	96.8543
3048.02	96.8816
3049.94	97.1798
3051.87	97.4236
3053.8	97.3753
3055.73	97.2415
3057.66	97.2026
3059.59	97.186
3061.52	97.1602
3063.45	97.1302
3065.38	97.0498
3067.31	96.9981
3069.24	97.0443
3071.16	97.024
3073.09	96.8593
3075.02	96.7549
3076.95	96.8127
3078.88	96.8723
3080.81	96.819
3082.74	96.7606
3084.67	96.8672
3086.6	97.091
3088.53	97.162
3090.46	97.0182
3092.39	96.9275
3094.31	96.9594
3096.24	96.8444
3098.17	96.5521
3100.1	96.3901
3102.03	96.4206
3103.96	96.3964
3105.89	96.3119
3107.82	96.4194
3109.75	96.6616
3111.68	96.6599
3113.61	96.3466
3115.53	96.0995
3117.46	96.161
3119.39	96.3583
3121.32	96.4332
3123.25	96.3465
3125.18	96.2434
3127.11	96.2498
3129.04	96.3368
3130.97	96.4242
3132.9	96.5206
3134.83	96.6172
3136.75	96.6134
3138.68	96.4854
3140.61	96.3173
3142.54	96.1987
3144.47	96.2392
3146.4	96.4398
3148.33	96.5533
3150.26	96.432
3152.19	96.2792
3154.12	96.2493
3156.05	96.2625
3157.98	96.2933
3159.9	96.3559
3161.83	96.3791
3163.76	96.3732
3165.69	96.3853
3167.62	96.3412
3169.55	96.2466
3171.48	96.2373
3173.41	96.2952
3175.34	96.2665
3177.27	96.1131
3179.2	95.9562
3181.12	95.9528
3183.05	96.1137
3184.98	96.2418
3186.91	96.1727
3188.84	95.9554
3190.77	95.7293
3192.7	95.6272
3194.63	95.7167
3196.56	95.8841
3198.49	95.9407
3200.42	95.87
3202.35	95.8108
3204.27	95.8543
3206.2	95.9482
3208.13	95.9695
3210.06	95.9033
3211.99	95.8592
3213.92	95.8563
3215.85	95.7972
3217.78	95.6943
3219.71	95.6644
3221.64	95.6952
3223.57	95.6554
3225.49	95.5081
3227.42	95.3322
3229.35	95.228
3231.28	95.3124
3233.21	95.5925
3235.14	95.799
3237.07	95.6602
3239	95.3184
3240.93	95.1123
3242.86	95.1086
3244.79	95.1614
3246.72	95.1614
3248.64	95.0435
3250.57	94.8336
3252.5	94.7351
3254.43	94.8683
3256.36	94.9868
3258.29	94.8447
3260.22	94.686
3262.15	94.8114
3264.08	94.9626
3266.01	94.8328
3267.94	94.6692
3269.86	94.685
3271.79	94.6453
3273.72	94.4819
3275.65	94.436
3277.58	94.5169
3279.51	94.5841
3281.44	94.6592
3283.37	94.7215
3285.3	94.7006
3287.23	94.6842
3289.16	94.689
3291.08	94.5555
3293.01	94.3082
3294.94	94.165
3296.87	94.1662
3298.8	94.1743
3300.73	94.138
3302.66	94.1131
3304.59	94.0924
3306.52	93.9923
3308.45	93.8522
3310.38	93.8563
3312.31	94.02
3314.23	94.1196
3316.16	94.0556
3318.09	93.9558
3320.02	93.9175
3321.95	93.9388
3323.88	93.9805
3325.81	93.9662
3327.74	93.9116
3329.67	93.9592
3331.6	94.1046
3333.53	94.1481
3335.45	94.0318
3337.38	93.9109
3339.31	93.8633
3341.24	93.8166
3343.17	93.762
3345.1	93.8001
3347.03	93.902
3348.96	93.8733
3350.89	93.7172
3352.82	93.6852
3354.75	93.8384
3356.68	94.0025
3358.6	94.1242
3360.53	94.2015
3362.46	94.1147
3364.39	93.9105
3366.32	93.8183
3368.25	93.8347
3370.18	93.7976
3372.11	93.7525
3374.04	93.8114
3375.97	93.9195
3377.9	94.0104
3379.82	94.119
3381.75	94.2448
3383.68	94.2714
3385.61	94.1137
3387.54	93.9116
3389.47	93.8874
3391.4	94.0077
3393.33	94.0573
3395.26	94.0107
3397.19	94.0024
3399.12	94.0152
3401.04	93.9304
3402.97	93.7989
3404.9	93.7908
3406.83	93.9067
3408.76	93.9725
3410.69	93.9688
3412.62	94.0672
3414.55	94.2428
3416.48	94.2678
3418.41	94.1672
3420.34	94.1585
3422.27	94.1972
3424.19	94.1851
3426.12	94.2824
3428.05	94.4733
3429.98	94.5022
3431.91	94.4273
3433.84	94.4598
3435.77	94.4759
3437.7	94.3679
3439.63	94.3415
3441.56	94.4858
3443.49	94.669
3445.41	94.8819
3447.34	95.1498
3449.27	95.297
3451.2	95.1873
3453.13	94.9167
3455.06	94.6142
3456.99	94.385
3458.92	94.4418
3460.85	94.8918
3462.78	95.3808
3464.71	95.4345
3466.64	95.1244
3468.56	94.8627
3470.49	94.7841
3472.42	94.7751
3474.35	94.8009
3476.28	94.8807
3478.21	94.9643
3480.14	95.0273
3482.07	95.1313
3484	95.2465
3485.93	95.224
3487.86	95.1174
3489.78	95.1626
3491.71	95.3144
3493.64	95.3681
3495.57	95.4533
3497.5	95.727
3499.43	95.9441
3501.36	95.894
3503.29	95.6788
3505.22	95.389
3507.15	95.0904
3509.08	95.0452
3511	95.4051
3512.93	95.8258
3514.86	95.8634
3516.79	95.5603
3518.72	95.3243
3520.65	95.3348
3522.58	95.4037
3524.51	95.4529
3526.44	95.6097
3528.37	95.787
3530.3	95.7311
3532.23	95.4682
3534.15	95.3061
3536.08	95.4539
3538.01	95.7042
3539.94	95.6414
3541.87	95.326
3543.8	95.209
3545.73	95.366
3547.66	95.4385
3549.59	95.3986
3551.52	95.4809
3553.45	95.5988
3555.37	95.4951
3557.3	95.24
3559.23	95.1715
3561.16	95.4207
3563.09	95.6608
3565.02	95.6834
3566.95	95.8116
3568.88	96.1241
3570.81	96.1742
3572.74	96.0498
3574.67	96.1037
3576.6	96.2479
3578.52	96.2605
3580.45	96.2166
3582.38	96.1705
3584.31	96.18
3586.24	96.478
3588.17	96.9193
3590.1	96.9836
3592.03	96.8413
3593.96	96.8769
3595.89	97.1295
3597.82	97.5212
3599.74	97.9171
3601.67	98.0307
3603.6	97.8442
3605.53	97.6149
3607.46	97.4021
3609.39	97.2678
3611.32	97.4156
3613.25	97.7291
3615.18	97.8759
3617.11	97.8394
3619.04	97.8503
3620.97	97.9468
3622.89	97.9467
3624.82	97.8131
3626.75	97.7125
3628.68	97.869
3630.61	98.1326
3632.54	98.1529
3634.47	98.0042
3636.4	97.8546
3638.33	97.728
3640.26	97.6246
3642.19	97.6686
3644.11	97.9073
3646.04	98.1304
3647.97	98.1878
3649.9	98.3305
3651.83	98.6077
3653.76	98.6143
3655.69	98.3029
3657.62	98.0228
3659.55	97.9386
3661.48	97.7627
3663.41	97.4272
3665.33	97.2625
3667.26	97.4998
3669.19	98.0475
3671.12	98.5274
3673.05	98.8204
3674.98	99.1417
3676.91	99.2145
3678.84	98.8113
3680.77	98.433
3682.7	98.3192
3684.63	98.2802
3686.56	98.2738
3688.48	98.5556
3690.41	98.8748
3692.34	98.6956
3694.27	98.4445
3696.2	98.5802
3698.13	98.9063
3700.06	99.0241
3701.99	98.8658
3703.92	98.6789
3705.85	98.6734
3707.78	98.8495
3709.7	99.1171
3711.63	99.2979
3713.56	99.2048
3715.49	98.9438
3717.42	98.7204
3719.35	98.6016
3721.28	98.5908
3723.21	98.7745
3725.14	99.11
3727.07	99.2708
3729	99.2073
3730.93	99.2843
3732.85	99.7535
3734.78	100.342
3736.71	100.184
3738.64	99.2062
3740.57	98.3805
3742.5	98.4066
3744.43	99.1486
3746.36	99.3745
3748.29	99.0694
3750.22	99.1211
3752.15	99.1971
3754.07	98.6875
3756	98.221
3757.93	98.1985
3759.86	98.2719
3761.79	98.0832
3763.72	97.8725
3765.65	97.8404
3767.58	97.8474
3769.51	97.7357
3771.44	97.5586
3773.37	97.4812
3775.29	97.5882
3777.22	97.7715
3779.15	97.8047
3781.08	97.6752
3783.01	97.5907
3784.94	97.5893
3786.87	97.6037
3788.8	97.6041
3790.73	97.5617
3792.66	97.5667
3794.59	97.821
3796.52	98.2667
3798.44	98.6119
3800.37	98.784
3802.3	98.7397
3804.23	98.4378
3806.16	98.1524
3808.09	98.0289
3810.02	97.8713
3811.95	97.7433
3813.88	97.9891
3815.81	98.5532
3817.74	98.8435
3819.66	98.8365
3821.59	98.8477
3823.52	98.7222
3825.45	98.357
3827.38	97.9805
3829.31	97.8464
3831.24	97.9835
3833.17	98.1283
3835.1	98.1456
3837.03	98.2523
3838.96	98.4647
3840.89	98.4275
3842.81	98.1628
3844.74	97.8845
3846.67	97.6283
3848.6	97.5008
3850.53	97.6896
3852.46	98.2334
3854.39	98.6751
3856.32	98.5669
3858.25	98.2293
3860.18	97.9699
3862.11	97.9363
3864.03	98.0396
3865.96	98.0701
3867.89	98.11
3869.82	98.2889
3871.75	98.3775
3873.68	98.1167
3875.61	97.7435
3877.54	97.6462
3879.47	97.9033
3881.4	98.1952
3883.33	98.2269
3885.25	98.0843
3887.18	97.9354
3889.11	97.8443
3891.04	97.8335
3892.97	97.8438
3894.9	97.7734
3896.83	97.683
3898.76	97.752
3900.69	98.0364
3902.62	98.2203
3904.55	97.9915
3906.48	97.5762
3908.4	97.345
3910.33	97.3024
3912.26	97.3189
3914.19	97.4022
3916.12	97.5829
3918.05	97.7357
3919.98	97.7316
3921.91	97.6129
3923.84	97.4482
3925.77	97.3155
3927.7	97.3
3929.62	97.3669
3931.55	97.4362
3933.48	97.4986
3935.41	97.5345
3937.34	97.4821
3939.27	97.3763
3941.2	97.3574
3943.13	97.4822
3945.06	97.6182
3946.99	97.6342
3948.92	97.5804
3950.85	97.5747
3952.77	97.5774
3954.7	97.4806
3956.63	97.353
3958.56	97.3255
3960.49	97.3332
3962.42	97.2643
3964.35	97.2021
3966.28	97.2452
3968.21	97.3097
3970.14	97.2872
3972.07	97.213
3973.99	97.2227
3975.92	97.4025
3977.85	97.6257
3979.78	97.6309
3981.71	97.3923
3983.64	97.1786
3985.57	97.1155
3987.5	97.0508
3989.43	96.9526
3991.36	96.9948
3993.29	97.1948
3995.22	97.35
3997.14	97.3253
