499.643	80.9288
501.572	81.2403
503.501	81.6177
505.43	82.2594
507.36	82.8805
509.289	82.9592
511.218	82.5745
513.147	82.2355
515.076	81.9935
517.005	81.6859
518.934	81.7185
520.863	82.3379
522.792	82.9984
524.722	83.4853
526.651	84.1398
528.58	84.6641
530.509	84.4699
532.438	83.9871
534.367	84.1491
536.296	85.0523
538.225	85.9229
540.155	86.1942
542.084	86.0898
544.013	86.0548
545.942	86.067
547.871	85.9171
549.8	85.7456
551.729	85.819
553.658	86.1162
555.588	86.4263
557.517	86.604
559.446	86.5919
561.375	86.3548
563.304	86.0203
565.233	85.911
567.162	86.1104
569.091	86.3257
571.021	86.4114
572.95	86.4862
574.879	86.5593
576.808	86.656
578.737	86.9098
580.666	87.1817
582.595	87.2192
584.524	87.1221
586.454	87.0729
588.383	86.9754
590.312	86.7618
592.241	86.5887
594.17	86.5266
596.099	86.4738
598.028	86.4134
599.957	86.3957
601.887	86.4066
603.816	86.4961
605.745	86.7753
607.674	87.1325
609.603	87.3043
611.532	87.3128
613.461	87.436
615.39	87.727
617.32	87.9207
619.249	87.882
621.178	87.8305
623.107	87.9065
625.036	87.9411
626.965	87.8429
628.894	87.78
630.823	87.812
632.753	87.8121
634.682	87.7337
636.611	87.6321
638.54	87.5929
640.469	87.6726
642.398	87.7134
644.327	87.5299
646.256	87.2867
648.186	87.1732
650.115	87.0741
652.044	86.9722
653.973	86.9932
655.902	87.015
657.831	86.9937
659.76	87.1465
661.689	87.376
663.619	87.55
665.548	88.2521
667.477	90.0633
669.406	91.1923
671.335	90.583
673.264	90.1935
675.193	90.4282
677.122	90.69
679.052	90.8324
680.981	91.0228
682.91	91.0407
684.839	90.8815
686.768	90.8213
688.697	90.768
690.626	90.5473
692.555	90.2993
694.485	90.1148
696.414	89.899
698.343	89.6479
700.272	89.4705
702.201	89.4142
704.13	89.401
706.059	89.3056
707.988	89.1209
709.917	88.9611
711.847	88.8605
713.776	88.7922
715.705	88.8488
717.634	89.0687
719.563	89.1898
721.492	88.9798
723.421	88.6446
725.35	88.4127
727.28	88.156
729.209	87.7597
731.138	87.3441
733.067	86.9431
734.996	86.4697
736.925	85.9631
738.854	85.4667
740.783	84.8525
742.713	84.0323
744.642	83.1771
746.571	82.6401
748.5	82.6817
750.429	83.237
752.358	84.0226
754.287	84.8126
756.216	85.4615
758.146	85.8666
760.075	86.0991
762.004	86.2939
763.933	86.3832
765.862	86.2375
767.791	85.8901
769.72	85.3621
771.649	84.5207
773.579	83.2155
775.508	81.2957
777.437	78.5432
779.366	74.8392
781.295	70.4445
783.224	66.1433
785.153	63.0626
787.082	62.0831
789.012	63.3855
790.941	66.6393
792.87	71.2161
794.799	76.0512
796.728	79.9662
798.657	82.458
800.586	83.7646
802.515	84.228
804.445	84.0477
806.374	83.4097
808.303	82.4387
810.232	81.2339
812.161	80.0837
814.09	79.3851
816.019	79.3566
817.948	79.9508
819.878	80.8932
821.807	81.804
823.736	82.465
825.665	82.9001
827.594	83.1397
829.523	83.1318
831.452	82.894
833.381	82.4918
835.311	81.8948
837.24	81.035
839.169	79.9
841.098	78.4975
843.027	76.9269
844.956	75.4662
846.885	74.3586
848.814	73.5702
850.744	72.9013
852.673	72.2203
854.602	71.5055
856.531	70.7811
858.46	70.0991
860.389	69.5552
862.318	69.2756
864.247	69.3412
866.177	69.7167
868.106	70.2968
870.035	70.9906
871.964	71.699
873.893	72.2816
875.822	72.6506
877.751	72.8543
879.68	73.0025
881.609	73.1643
883.539	73.3725
885.468	73.652
887.397	73.9917
889.326	74.3289
891.255	74.5904
893.184	74.7351
895.113	74.7742
897.042	74.779
898.972	74.8599
900.901	75.1362
902.83	75.7133
904.759	76.6345
906.688	77.8269
908.617	79.1273
910.546	80.354
912.475	81.3249
914.405	81.869
916.334	81.9126
918.263	81.5211
920.192	80.8156
922.121	79.888
924.05	78.7901
925.979	77.558
927.908	76.2368
929.838	74.8599
931.767	73.4157
933.696	71.8953
935.625	70.3668
937.554	68.9641
939.483	67.8317
941.412	67.0675
943.341	66.6539
945.271	66.47
947.2	66.4116
949.129	66.4862
951.058	66.7992
952.987	67.43
954.916	68.3048
956.845	69.242
958.774	70.1057
960.704	70.8523
962.633	71.5152
964.562	72.2144
966.491	73.06
968.42	74.0262
970.349	75.0031
972.278	75.8957
974.207	76.6193
976.137	77.1065
978.066	77.3362
979.995	77.3103
981.924	77.0403
983.853	76.5472
985.782	75.8489
987.711	75.0262
989.64	74.2876
991.57	73.8232
993.499	73.5983
995.428	73.3867
997.357	72.9555
999.286	72.1686
1001.22	71.0185
1003.14	69.6244
1005.07	68.1475
1007	66.7304
1008.93	65.5207
1010.86	64.5913
1012.79	63.773
1014.72	62.7298
1016.65	61.2637
1018.58	59.4401
1020.51	57.4456
1022.44	55.4632
1024.36	53.7025
1026.29	52.4523
1028.22	51.9575
1030.15	52.1629
1032.08	52.7008
1034.01	53.2462
1035.94	53.7704
1037.87	54.3832
1039.8	55.13
1041.73	56.0457
1043.66	57.2252
1045.58	58.7406
1047.51	60.568
1049.44	62.5809
1051.37	64.5399
1053.3	66.1649
1055.23	67.315
1057.16	68.0669
1059.09	68.5904
1061.02	68.9644
1062.95	69.0908
1064.88	68.8109
1066.81	68.1695
1068.73	67.5058
1070.66	67.2076
1072.59	67.4407
1074.52	68.1317
1076.45	69.085
1078.38	70.0753
1080.31	70.9295
1082.24	71.5673
1084.17	71.955
1086.1	72.0592
1088.03	71.8639
1089.95	71.3733
1091.88	70.593
1093.81	69.5632
1095.74	68.3965
1097.67	67.2198
1099.6	66.0907
1101.53	64.9907
1103.46	63.8667
1105.39	62.667
1107.32	61.382
1109.25	60.0737
1111.18	58.8396
1113.1	57.7347
1115.03	56.7412
1116.96	55.8085
1118.89	54.8851
1120.82	53.9111
1122.75	52.8389
1124.68	51.674
1126.61	50.4599
1128.54	49.2369
1130.47	48.0423
1132.4	46.9123
1134.32	45.8617
1136.25	44.8966
1138.18	44.0383
1140.11	43.3153
1142.04	42.7553
1143.97	42.3859
1145.9	42.2181
1147.83	42.2396
1149.76	42.4268
1151.69	42.7512
1153.62	43.1873
1155.55	43.7177
1157.47	44.3207
1159.4	44.9803
1161.33	45.7083
1163.26	46.5332
1165.19	47.4868
1167.12	48.6019
1169.05	49.8774
1170.98	51.2695
1172.91	52.7532
1174.84	54.3402
1176.77	56.0183
1178.69	57.7284
1180.62	59.409
1182.55	61.0277
1184.48	62.5703
1186.41	64.0211
1188.34	65.374
1190.27	66.6606
1192.2	67.933
1194.13	69.2257
1196.06	70.5439
1197.99	71.8281
1199.91	72.9277
1201.84	73.6788
1203.77	73.9819
1205.7	73.7876
1207.63	73.0805
1209.56	71.902
1211.49	70.4242
1213.42	68.897
1215.35	67.2349
1217.28	64.886
1219.21	61.6656
1221.14	58.2836
1223.06	55.439
1224.99	53.0884
1226.92	50.8662
1228.85	48.6349
1230.78	46.4563
1232.71	44.4419
1234.64	42.7248
1236.57	41.3624
1238.5	40.3057
1240.43	39.4941
1242.36	38.8644
1244.28	38.3205
1246.21	37.7833
1248.14	37.2129
1250.07	36.61
1252	36.0607
1253.93	35.6969
1255.86	35.5963
1257.79	35.8045
1259.72	36.3817
1261.65	37.3467
1263.58	38.6496
1265.51	40.222
1267.43	42.0117
1269.36	43.9668
1271.29	45.9812
1273.22	47.9239
1275.15	49.7715
1277.08	51.5893
1279.01	53.3842
1280.94	55.1176
1282.87	56.8047
1284.8	58.4885
1286.73	60.1647
1288.65	61.774
1290.58	63.2607
1292.51	64.6375
1294.44	65.9563
1296.37	67.258
1298.3	68.6208
1300.23	70.176
1302.16	71.9969
1304.09	74.0458
1306.02	76.213
1307.95	78.3088
1309.87	80.0954
1311.8	81.4014
1313.73	82.1694
1315.66	82.4259
1317.59	82.2526
1319.52	81.8467
1321.45	81.5694
1323.38	81.748
1325.31	82.4681
1327.24	83.538
1329.17	84.6045
1331.1	85.4066
1333.02	85.895
1334.95	86.1998
1336.88	86.5262
1338.81	87.0229
1340.74	87.6956
1342.67	88.4762
1344.6	89.3465
1346.53	90.2607
1348.46	91.0432
1350.39	91.4702
1352.32	91.4077
1354.24	90.8425
1356.17	90.0259
1358.1	89.449
1360.03	89.3512
1361.96	89.4747
1363.89	89.2968
1365.82	88.5408
1367.75	87.2567
1369.68	85.7822
1371.61	84.5616
1373.54	83.5765
1375.47	82.5657
1377.39	81.617
1379.32	80.8646
1381.25	80.3149
1383.18	80.0732
1385.11	80.245
1387.04	80.7939
1388.97	81.4132
1390.9	81.8219
1392.83	82.0279
1394.76	81.9752
1396.69	81.5196
1398.61	80.7611
1400.54	80.0448
1402.47	79.641
1404.4	79.6209
1406.33	79.9658
1408.26	80.5721
1410.19	81.4301
1412.12	82.5691
1414.05	83.7813
1415.98	85.0037
1417.91	86.3678
1419.83	87.5115
1421.76	88.036
1423.69	88.145
1425.62	88.0464
1427.55	87.7593
1429.48	87.0161
1431.41	85.7706
1433.34	84.5056
1435.27	83.1811
1437.2	81.3545
1439.13	79.5498
1441.06	78.2598
1442.98	77.2726
1444.91	76.5785
1446.84	76.1897
1448.77	75.872
1450.7	75.6648
1452.63	75.8767
1454.56	76.6651
1456.49	78.063
1458.42	79.2928
1460.35	79.8865
1462.28	80.6219
1464.2	81.8196
1466.13	83.0415
1468.06	83.9738
1469.99	85.0892
1471.92	86.5445
1473.85	87.4956
1475.78	87.6562
1477.71	87.803
1479.64	88.1051
1481.57	88.4311
1483.5	88.7982
1485.43	89.348
1487.35	90.2397
1489.28	91.3474
1491.21	92.1057
1493.14	92.6023
1495.07	93.3393
1497	94.3121
1498.93	94.9551
1500.86	95.191
1502.79	95.4756
1504.72	96.1158
1506.65	97.0749
1508.57	97.2641
1510.5	96.7526
1512.43	96.4693
1514.36	96.6146
1516.29	96.9884
1518.22	97.3138
1520.15	97.5231
1522.08	97.5539
1524.01	97.4198
1525.94	97.2188
1527.87	96.998
1529.8	96.8918
1531.72	97.0082
1533.65	97.1846
1535.58	97.2301
1537.51	97.4552
1539.44	98.1685
1541.37	98.6088
1543.3	98.0314
1545.23	97.3513
1547.16	96.9934
1549.09	96.9347
1551.02	97.0104
1552.94	97.0719
1554.87	97.2523
1556.8	97.7816
1558.73	98.1844
1560.66	97.5848
1562.59	96.8902
1564.52	96.5564
1566.45	96.5236
1568.38	96.615
1570.31	96.4513
1572.24	96.1456
1574.16	96.1375
1576.09	96.3161
1578.02	96.1072
1579.95	95.7078
1581.88	95.5383
1583.81	95.54
1585.74	95.5461
1587.67	95.5707
1589.6	95.6516
1591.53	95.7401
1593.46	95.8027
1595.39	95.8149
1597.31	95.7568
1599.24	95.6878
1601.17	95.6536
1603.1	95.5905
1605.03	95.4952
1606.96	95.4933
1608.89	95.5407
1610.82	95.4382
1612.75	95.3259
1614.68	95.4502
1616.61	95.5309
1618.53	95.1855
1620.46	94.8378
1622.39	94.6859
1624.32	94.4619
1626.25	94.0581
1628.18	93.5014
1630.11	92.8353
1632.04	92.3782
1633.97	92.3229
1635.9	92.3034
1637.83	91.9778
1639.76	91.961
1641.68	92.5242
1643.61	93.4627
1645.54	94.5705
1647.47	95.3103
1649.4	95.4393
1651.33	95.6359
1653.26	96.0217
1655.19	95.6177
1657.12	94.9399
1659.05	94.6819
1660.98	94.7565
1662.9	94.7206
1664.83	94.4677
1666.76	94.4222
1668.69	94.6328
1670.62	94.5845
1672.55	94.2316
1674.48	93.9189
1676.41	93.5018
1678.34	93.0454
1680.27	92.9001
1682.2	92.985
1684.12	92.7394
1686.05	91.9219
1687.98	91.0322
1689.91	90.2498
1691.84	89.524
1693.77	88.6978
1695.7	87.7765
1697.63	86.6974
1699.56	84.7542
1701.49	82.0954
1703.42	79.6394
1705.35	76.9038
1707.27	73.3801
1709.2	69.8002
1711.13	66.6219
1713.06	63.6864
1714.99	61.1686
1716.92	58.902
1718.85	56.6189
1720.78	55.2327
1722.71	54.8859
1724.64	55.0557
1726.57	55.6523
1728.49	56.6336
1730.42	57.7079
1732.35	58.8211
1734.28	59.7897
1736.21	60.1283
1738.14	60.0012
1740.07	59.6293
1742	59.1553
1743.93	59.053
1745.86	59.5424
1747.79	60.6418
1749.72	62.4842
1751.64	64.6215
1753.57	66.7558
1755.5	69.4289
1757.43	72.7328
1759.36	76.1064
1761.29	79.4514
1763.22	82.7312
1765.15	85.4563
1767.08	87.7117
1769.01	89.9657
1770.94	92.1279
1772.86	93.6937
1774.79	94.5311
1776.72	94.9583
1778.65	95.3664
1780.58	95.8977
1782.51	96.2951
1784.44	96.4768
1786.37	96.6695
1788.3	96.9362
1790.23	97.2474
1792.16	97.484
1794.08	97.3724
1796.01	97.1337
1797.94	97.1107
1799.87	97.1851
1801.8	97.1398
1803.73	97.0419
1805.66	96.9679
1807.59	96.9667
1809.52	97.0738
1811.45	97.0988
1813.38	96.9605
1815.31	96.897
1817.23	96.9514
1819.16	96.9578
1821.09	96.9879
1823.02	97.1847
1824.95	97.4467
1826.88	97.6249
1828.81	97.6856
1830.74	97.5892
1832.67	97.4428
1834.6	97.4591
1836.53	97.5975
1838.45	97.6162
1840.38	97.5329
1842.31	97.6107
1844.24	97.8234
1846.17	97.8332
1848.1	97.6742
1850.03	97.6041
1851.96	97.6854
1853.89	97.8274
1855.82	97.856
1857.75	97.719
1859.68	97.636
1861.6	97.7533
1863.53	97.9547
1865.46	98.1916
1867.39	98.4457
1869.32	98.4738
1871.25	98.2464
1873.18	98.063
1875.11	97.9928
1877.04	97.9608
1878.97	97.9838
1880.9	98.0911
1882.82	98.2544
1884.75	98.4184
1886.68	98.5207
1888.61	98.5301
1890.54	98.4824
1892.47	98.4548
1894.4	98.4704
1896.33	98.4639
1898.26	98.3972
1900.19	98.3434
1902.12	98.3657
1904.05	98.4448
1905.97	98.5361
1907.9	98.6221
1909.83	98.7219
1911.76	98.8122
1913.69	98.8252
1915.62	98.8324
1917.55	98.9347
1919.48	98.9558
1921.41	98.8105
1923.34	98.8431
1925.27	99.143
1927.19	99.2691
1929.12	99.1112
1931.05	99.0491
1932.98	99.1878
1934.91	99.2765
1936.84	99.2787
1938.77	99.3693
1940.7	99.5707
1942.63	99.7442
1944.56	99.7763
1946.49	99.6838
1948.41	99.5764
1950.34	99.57
1952.27	99.6718
1954.2	99.7548
1956.13	99.7316
1958.06	99.6848
1959.99	99.7549
1961.92	99.9589
1963.85	100.162
1965.78	100.214
1967.71	100.131
1969.64	100.093
1971.56	100.162
1973.49	100.174
1975.42	100.07
1977.35	100.032
1979.28	100.128
1981.21	100.267
1983.14	100.492
1985.07	100.712
1987	100.576
1988.93	100.19
1990.86	100.112
1992.78	100.336
1994.71	100.376
1996.64	100.224
1998.57	100.138
2000.5	100.104
2002.43	100.04
2004.36	99.9822
2006.29	100.022
2008.22	100.229
2010.15	100.427
2012.08	100.41
2014.01	100.361
2015.93	100.47
2017.86	100.544
2019.79	100.499
2021.72	100.527
2023.65	100.602
2025.58	100.571
2027.51	100.523
2029.44	100.625
2031.37	100.816
2033.3	100.865
2035.23	100.699
2037.15	100.542
2039.08	100.533
2041.01	100.535
2042.94	100.503
2044.87	100.576
2046.8	100.697
2048.73	100.667
2050.66	100.507
2052.59	100.396
2054.52	100.386
2056.45	100.362
2058.37	100.184
2060.3	99.8498
2062.23	99.5458
2064.16	99.5016
2066.09	99.7279
2068.02	99.9702
2069.95	100.044
2071.88	100.031
2073.81	99.9926
2075.74	99.8417
2077.67	99.6554
2079.6	99.6233
2081.52	99.6816
2083.45	99.677
2085.38	99.6623
2087.31	99.6505
2089.24	99.5261
2091.17	99.3753
2093.1	99.3647
2095.03	99.3986
2096.96	99.376
2098.89	99.3981
2100.82	99.4268
2102.74	99.3186
2104.67	99.2075
2106.6	99.287
2108.53	99.4565
2110.46	99.5571
2112.39	99.5961
2114.32	99.589
2116.25	99.5187
2118.18	99.4383
2120.11	99.409
2122.04	99.4093
2123.97	99.3915
2125.89	99.3759
2127.82	99.4399
2129.75	99.6059
2131.68	99.7677
2133.61	99.7856
2135.54	99.7089
2137.47	99.8065
2139.4	100.179
2141.33	100.523
2143.26	100.581
2145.19	100.486
2147.11	100.397
2149.04	100.334
2150.97	100.406
2152.9	100.593
2154.83	100.613
2156.76	100.462
2158.69	100.475
2160.62	100.684
2162.55	100.795
2164.48	100.706
2166.41	100.56
2168.33	100.519
2170.26	100.601
2172.19	100.649
2174.12	100.581
2176.05	100.498
2177.98	100.406
2179.91	100.215
2181.84	100.044
2183.77	100.074
2185.7	100.245
2187.63	100.421
2189.56	100.52
2191.48	100.44
2193.41	100.181
2195.34	99.9315
2197.27	99.8584
2199.2	100.013
2201.13	100.335
2203.06	100.524
2204.99	100.324
2206.92	99.9947
2208.85	99.948
2210.78	100.092
2212.7	100.143
2214.63	100.155
2216.56	100.228
2218.49	100.196
2220.42	99.9773
2222.35	99.7672
2224.28	99.7189
2226.21	99.7814
2228.14	99.8895
2230.07	100.068
2232	100.308
2233.93	100.488
2235.85	100.483
2237.78	100.328
2239.71	100.207
2241.64	100.233
2243.57	100.285
2245.5	100.222
2247.43	100.142
2249.36	100.169
2251.29	100.168
2253.22	100.029
2255.15	99.9455
2257.07	100.049
2259	100.173
2260.93	100.22
2262.86	100.266
2264.79	100.269
2266.72	100.174
2268.65	100.144
2270.58	100.237
2272.51	100.201
2274.44	99.9514
2276.37	99.7324
2278.29	99.6484
2280.22	99.5925
2282.15	99.6079
2284.08	99.7728
2286.01	99.9512
2287.94	100.055
2289.87	100.206
2291.8	100.452
2293.73	100.713
2295.66	100.989
2297.59	101.312
2299.52	101.649
2301.44	101.994
2303.37	102.355
2305.3	102.752
2307.23	103.329
2309.16	104.136
2311.09	104.871
2313.02	105.326
2314.95	105.788
2316.88	106.574
2318.81	107.668
2320.74	108.909
2322.66	110.015
2324.59	110.723
2326.52	111.232
2328.45	111.922
2330.38	112.741
2332.31	113.351
2334.24	113.84
2336.17	114.409
2338.1	114.782
2340.03	114.875
2341.96	115.022
2343.89	114.446
2345.81	112.333
2347.74	110.437
2349.67	110.356
2351.6	112.247
2353.53	115.244
2355.46	117.77
2357.39	119.581
2359.32	121.007
2361.25	121.309
2363.18	120.292
2365.11	118.321
2367.03	115.869
2368.96	113.557
2370.89	111.319
2372.82	108.862
2374.75	106.545
2376.68	104.73
2378.61	103.206
2380.54	101.721
2382.47	100.375
2384.4	99.3152
2386.33	98.5479
2388.26	98.073
2390.18	97.8652
2392.11	97.8107
2394.04	97.8179
2395.97	97.8441
2397.9	97.8349
2399.83	97.7887
2401.76	97.7687
2403.69	97.8168
2405.62	97.9301
2407.55	98.0263
2409.48	98.0083
2411.4	97.9451
2413.33	97.94
2415.26	97.9251
2417.19	97.8851
2419.12	97.9469
2421.05	98.0684
2422.98	98.1082
2424.91	98.1284
2426.84	98.1964
2428.77	98.1944
2430.7	98.0931
2432.62	98.0399
2434.55	98.1025
2436.48	98.2082
2438.41	98.2984
2440.34	98.3933
2442.27	98.5005
2444.2	98.5307
2446.13	98.4217
2448.06	98.2992
2449.99	98.3169
2451.92	98.4165
2453.85	98.442
2455.77	98.3924
2457.7	98.3795
2459.63	98.4068
2461.56	98.3691
2463.49	98.2739
2465.42	98.2625
2467.35	98.3603
2469.28	98.4289
2471.21	98.4124
2473.14	98.3958
2475.07	98.423
2476.99	98.4754
2478.92	98.5626
2480.85	98.6704
2482.78	98.7221
2484.71	98.6735
2486.64	98.5417
2488.57	98.3817
2490.5	98.3202
2492.43	98.4512
2494.36	98.6391
2496.29	98.6467
2498.22	98.4711
2500.14	98.329
2502.07	98.3449
2504	98.446
2505.93	98.5126
2507.86	98.4845
2509.79	98.3644
2511.72	98.254
2513.65	98.3065
2515.58	98.4869
2517.51	98.5676
2519.44	98.5097
2521.36	98.4868
2523.29	98.4927
2525.22	98.4165
2527.15	98.3607
2529.08	98.4134
2531.01	98.4541
2532.94	98.4451
2534.87	98.4616
2536.8	98.4606
2538.73	98.3915
2540.66	98.3002
2542.58	98.2245
2544.51	98.2469
2546.44	98.4422
2548.37	98.637
2550.3	98.5906
2552.23	98.3534
2554.16	98.1304
2556.09	98.0474
2558.02	98.1796
2559.95	98.4591
2561.88	98.609
2563.81	98.493
2565.73	98.3426
2567.66	98.3648
2569.59	98.4019
2571.52	98.2663
2573.45	98.1126
2575.38	98.1347
2577.31	98.2127
2579.24	98.1951
2581.17	98.1744
2583.1	98.2181
2585.03	98.2172
2586.95	98.1402
2588.88	98.0802
2590.81	98.0487
2592.74	97.989
2594.67	97.915
2596.6	97.8724
2598.53	97.8522
2600.46	97.8265
2602.39	97.8269
2604.32	97.9094
2606.25	98.0281
2608.18	98.0579
2610.1	97.9775
2612.03	97.8858
2613.96	97.8303
2615.89	97.7737
2617.82	97.7015
2619.75	97.6386
2621.68	97.5932
2623.61	97.5446
2625.54	97.4756
2627.47	97.4104
2629.4	97.3895
2631.32	97.4007
2633.25	97.3897
2635.18	97.3302
2637.11	97.2401
2639.04	97.1625
2640.97	97.1284
2642.9	97.1095
2644.83	97.0586
2646.76	96.9949
2648.69	96.9673
2650.62	96.9645
2652.54	96.9446
2654.47	96.9122
2656.4	96.9051
2658.33	96.9209
2660.26	96.9038
2662.19	96.8372
2664.12	96.796
2666.05	96.8377
2667.98	96.9021
2669.91	96.885
2671.84	96.7657
2673.77	96.6325
2675.69	96.5875
2677.62	96.6211
2679.55	96.6523
2681.48	96.6811
2683.41	96.7292
2685.34	96.7247
2687.27	96.6616
2689.2	96.66
2691.13	96.7103
2693.06	96.6832
2694.99	96.6115
2696.91	96.5985
2698.84	96.5915
2700.77	96.5361
2702.7	96.4911
2704.63	96.4588
2706.56	96.4025
2708.49	96.3837
2710.42	96.4302
2712.35	96.4524
2714.28	96.435
2716.21	96.4619
2718.14	96.5081
2720.06	96.455
2721.99	96.3052
2723.92	96.1853
2725.85	96.1664
2727.78	96.2094
2729.71	96.2496
2731.64	96.26
2733.57	96.2473
2735.5	96.2194
2737.43	96.1617
2739.36	96.0623
2741.28	95.9582
2743.21	95.9101
2745.14	95.9296
2747.07	95.9739
2749	96.003
2750.93	96.0074
2752.86	96.0031
2754.79	96.0198
2756.72	96.0704
2758.65	96.1286
2760.58	96.1579
2762.51	96.1367
2764.43	96.0569
2766.36	95.9481
2768.29	95.8764
2770.22	95.8624
2772.15	95.8559
2774.08	95.8283
2776.01	95.8064
2777.94	95.8059
2779.87	95.8155
2781.8	95.83
2783.73	95.8427
2785.65	95.8282
2787.58	95.7637
2789.51	95.6665
2791.44	95.5942
2793.37	95.5832
2795.3	95.618
2797.23	95.6732
2799.16	95.713
2801.09	95.6759
2803.02	95.5694
2804.95	95.4898
2806.87	95.4619
2808.8	95.4047
2810.73	95.2855
2812.66	95.1636
2814.59	95.0917
2816.52	95.0444
2818.45	94.9318
2820.38	94.7326
2822.31	94.5721
2824.24	94.5204
2826.17	94.4443
2828.1	94.2512
2830.02	94.0605
2831.95	93.9484
2833.88	93.7845
2835.81	93.4868
2837.74	93.189
2839.67	93.0155
2841.6	92.8877
2843.53	92.6841
2845.46	92.4539
2847.39	92.3126
2849.32	92.2092
2851.24	91.9786
2853.17	91.5655
2855.1	91.0136
2857.03	90.3669
2858.96	89.7351
2860.89	89.2406
2862.82	88.8316
2864.75	88.4007
2866.68	88.0041
2868.61	87.6899
2870.54	87.3677
2872.47	87.0725
2874.39	86.9799
2876.32	87.0954
2878.25	87.3287
2880.18	87.7096
2882.11	88.1742
2884.04	88.4636
2885.97	88.4858
2887.9	88.4244
2889.83	88.4238
2891.76	88.462
2893.69	88.4748
2895.61	88.4447
2897.54	88.4421
2899.47	88.5314
2901.4	88.5997
2903.33	88.4916
2905.26	88.2957
2907.19	88.2094
2909.12	88.2127
2911.05	88.1453
2912.98	87.9694
2914.91	87.7526
2916.83	87.5472
2918.76	87.3868
2920.69	87.2616
2922.62	87.0677
2924.55	86.6815
2926.48	86.1138
2928.41	85.561
2930.34	85.2272
2932.27	85.1008
2934.2	85.0552
2936.13	85.1059
2938.06	85.3312
2939.98	85.654
2941.91	85.9183
2943.84	86.0315
2945.77	85.9589
2947.7	85.7347
2949.63	85.4158
2951.56	84.9624
2953.49	84.3455
2955.42	83.7147
2957.35	83.2861
2959.28	83.1798
2961.2	83.4253
2963.13	84.0231
2965.06	85.0022
2966.99	86.3478
2968.92	87.7904
2970.85	88.8897
2972.78	89.4739
2974.71	89.767
2976.64	90.0609
2978.57	90.4953
2980.5	91.0832
2982.43	91.7366
2984.35	92.243
2986.28	92.4072
2988.21	92.3546
2990.14	92.4185
2992.07	92.6434
2994	92.8553
2995.93	93.1296
2997.86	93.5937
2999.79	94.0311
3001.72	94.2141
3003.65	94.2653
3005.57	94.4369
3007.5	94.8314
3009.43	95.3182
3011.36	95.6484
3013.29	95.78
3015.22	95.8689
3017.15	95.9213
3019.08	95.8974
3021.01	95.9586
3022.94	96.1813
3024.87	96.408
3026.79	96.5611
3028.72	96.6717
3030.65	96.7153
3032.58	96.7258
3034.51	96.7639
3036.44	96.7368
3038.37	96.6229
3040.3	96.6542
3042.23	96.8895
3044.16	96.9914
3046.09	96.8029
3048.02	96.6925
3049.94	96.9138
3051.87	97.1265
3053.8	97.052
3055.73	96.992
3057.66	97.1643
3059.59	97.2678
3061.52	97.1488
3063.45	97.0629
3065.38	97.0833
3067.31	97.0548
3069.24	97.0019
3071.16	96.9697
3073.09	96.8804
3075.02	96.8212
3076.95	96.8818
3078.88	96.8261
3080.81	96.5445
3082.74	96.4081
3084.67	96.6516
3086.6	96.9823
3088.53	97.1231
3090.46	97.1645
3092.39	97.1783
3094.31	97.011
3096.24	96.6574
3098.17	96.4188
3100.1	96.4689
3102.03	96.6139
3103.96	96.6399
3105.89	96.5798
3107.82	96.5182
3109.75	96.4465
3111.68	96.3747
3113.61	96.3563
3115.53	96.4133
3117.46	96.5226
3119.39	96.622
3121.32	96.6262
3123.25	96.4987
3125.18	96.3373
3127.11	96.3245
3129.04	96.4814
3130.97	96.6063
3132.9	96.5929
3134.83	96.5371
3136.75	96.4474
3138.68	96.2369
3140.61	95.9722
3142.54	95.8106
3144.47	95.857
3146.4	96.1497
3148.33	96.5387
3150.26	96.7256
3152.19	96.625
3154.12	96.4185
3156.05	96.254
3157.98	96.1568
3159.9	96.1152
3161.83	96.11
3163.76	96.141
3165.69	96.2207
3167.62	96.3107
3169.55	96.3261
3171.48	96.238
3173.41	96.1208
3175.34	96.0117
3177.27	95.8424
3179.2	95.6802
3181.12	95.7303
3183.05	95.9082
3184.98	95.9244
3186.91	95.8347
3188.84	95.8619
3190.77	95.8754
3192.7	95.7075
3194.63	95.5655
3196.56	95.6572
3198.49	95.8599
3200.42	95.9642
3202.35	95.9298
3204.27	95.8687
3206.2	95.8713
3208.13	95.8508
3210.06	95.7116
3211.99	95.5798
3213.92	95.5738
3215.85	95.5862
3217.78	95.5585
3219.71	95.5917
3221.64	95.636
3223.57	95.5383
3225.49	95.385
3227.42	95.3356
3229.35	95.3362
3231.28	95.3459
3233.21	95.4218
3235.14	95.4202
3237.07	95.1813
3239	94.9141
3240.93	94.8227
3242.86	94.7594
3244.79	94.6755
3246.72	94.7608
3248.64	94.9191
3250.57	94.8422
3252.5	94.6281
3254.43	94.6632
3256.36	94.9406
3258.29	95.0607
3260.22	94.8898
3262.15	94.7156
3264.08	94.687
3266.01	94.6217
3267.94	94.4735
3269.86	94.4499
3271.79	94.5848
3273.72	94.6826
3275.65	94.6558
3277.58	94.5916
3279.51	94.597
3281.44	94.6961
3283.37	94.7535
3285.3	94.6198
3287.23	94.3888
3289.16	94.244
3291.08	94.1811
3293.01	94.1554
3294.94	94.2151
3296.87	94.2874
3298.8	94.2007
3300.73	94.0094
3302.66	93.9348
3304.59	93.9869
3306.52	93.9827
3308.45	93.9001
3310.38	93.9078
3312.31	94.0378
3314.23	94.1084
3316.16	94.0202
3318.09	93.8749
3320.02	93.7767
3321.95	93.7224
3323.88	93.6834
3325.81	93.6847
3327.74	93.7929
3329.67	93.9898
3331.6	94.1061
3333.53	94.0193
3335.45	93.8178
3337.38	93.6585
3339.31	93.6145
3341.24	93.6722
3343.17	93.7457
3345.1	93.7843
3347.03	93.8335
3348.96	93.8542
3350.89	93.7733
3352.82	93.7309
3354.75	93.8366
3356.68	93.9387
3358.6	93.9649
3360.53	93.9938
3362.46	93.9538
3364.39	93.8177
3366.32	93.7821
3368.25	93.8818
3370.18	93.9434
3372.11	93.9438
3374.04	93.9466
3375.97	93.9471
3377.9	93.9561
3379.82	93.9486
3381.75	93.8924
3383.68	93.8859
3385.61	93.9619
3387.54	94.0019
3389.47	94.0144
3391.4	94.0599
3393.33	94.0298
3395.26	93.911
3397.19	93.8854
3399.12	93.9431
3401.04	93.904
3402.97	93.8163
3404.9	93.8584
3406.83	93.9899
3408.76	94.0503
3410.69	94.0225
3412.62	93.9962
3414.55	94.0362
3416.48	94.1416
3418.41	94.2126
3420.34	94.1477
3422.27	94.0742
3424.19	94.2076
3426.12	94.4138
3428.05	94.3823
3429.98	94.2083
3431.91	94.2545
3433.84	94.5063
3435.77	94.6484
3437.7	94.6328
3439.63	94.6289
3441.56	94.6756
3443.49	94.7657
3445.41	94.9391
3447.34	95.0847
3449.27	95.0032
3451.2	94.7457
3453.13	94.5393
3455.06	94.4561
3456.99	94.4424
3458.92	94.5713
3460.85	94.9402
3462.78	95.3294
3464.71	95.3729
3466.64	95.1157
3468.56	94.9426
3470.49	94.9994
3472.42	95.108
3474.35	95.1535
3476.28	95.1867
3478.21	95.2013
3480.14	95.1036
3482.07	94.9415
3484	94.9166
3485.93	95.052
3487.86	95.1933
3489.78	95.3623
3491.71	95.633
3493.64	95.8015
3495.57	95.7032
3497.5	95.5333
3499.43	95.4671
3501.36	95.4757
3503.29	95.5687
3505.22	95.6424
3507.15	95.505
3509.08	95.3622
3511	95.533
3512.93	95.7446
3514.86	95.6162
3516.79	95.4195
3518.72	95.5254
3520.65	95.6953
3522.58	95.6016
3524.51	95.4997
3526.44	95.7308
3528.37	96.0213
3530.3	95.9262
3532.23	95.5623
3534.15	95.3689
3536.08	95.4701
3538.01	95.5619
3539.94	95.411
3541.87	95.279
3543.8	95.4823
3545.73	95.8042
3547.66	95.8543
3549.59	95.7755
3551.52	95.7932
3553.45	95.7696
3555.37	95.6011
3557.3	95.4436
3559.23	95.4907
3561.16	95.7934
3563.09	96.0864
3565.02	96.0942
3566.95	96.0383
3568.88	96.2261
3570.81	96.3269
3572.74	96.1727
3574.67	96.072
3576.6	96.1491
3578.52	96.1276
3580.45	95.9033
3582.38	95.7804
3584.31	96.0554
3586.24	96.6511
3588.17	97.0809
3590.1	97.1198
3592.03	97.1627
3593.96	97.3617
3595.89	97.6033
3597.82	97.8871
3599.74	98.0742
3601.67	97.8442
3603.6	97.4085
3605.53	97.3225
3607.46	97.6407
3609.39	97.9545
3611.32	98.0614
3613.25	98.0733
3615.18	98.0246
3617.11	97.9579
3619.04	97.9705
3620.97	97.9838
3622.89	97.8981
3624.82	97.863
3626.75	98.0503
3628.68	98.3386
3630.61	98.2593
3632.54	97.8422
3634.47	97.4976
3636.4	97.4396
3638.33	97.558
3640.26	97.6389
3642.19	97.74
3644.11	97.9874
3646.04	98.2414
3647.97	98.3658
3649.9	98.5322
3651.83	98.7159
3653.76	98.634
3655.69	98.3224
3657.62	98.0575
3659.55	97.9247
3661.48	97.7189
3663.41	97.4727
3665.33	97.5176
3667.26	97.98
3669.19	98.5021
3671.12	98.584
3673.05	98.5979
3674.98	99.0253
3676.91	99.2087
3678.84	98.6866
3680.77	98.2132
3682.7	98.0561
3684.63	97.9436
3686.56	97.9592
3688.48	98.5253
3690.41	99.2398
3692.34	99.2311
3694.27	98.8777
3696.2	98.7424
3698.13	98.8505
3700.06	98.9653
3701.99	98.8986
3703.92	98.7441
3705.85	98.7817
3707.78	99.0613
3709.7	99.3725
3711.63	99.3845
3713.56	99.0338
3715.49	98.6798
3717.42	98.5627
3719.35	98.629
3721.28	98.7272
3723.21	98.9752
3725.14	99.4621
3727.07	99.6822
3729	99.3633
3730.93	99.1557
3732.85	99.7222
3734.78	100.507
3736.71	100.095
3738.64	98.972
3740.57	98.4562
3742.5	98.793
3744.43	99.413
3746.36	99.3646
3748.29	99.0295
3750.22	99.1121
3752.15	99.1484
3754.07	98.6541
3756	98.2954
3757.93	98.3625
3759.86	98.396
3761.79	98.1386
3763.72	97.9488
3765.65	97.9304
3767.58	97.9038
3769.51	97.8602
3771.44	97.816
3773.37	97.7174
3775.29	97.6553
3777.22	97.6915
3779.15	97.7529
3781.08	97.7894
3783.01	97.7538
3784.94	97.6004
3786.87	97.4682
3788.8	97.4434
3790.73	97.3912
3792.66	97.3961
3794.59	97.7429
3796.52	98.3099
3798.44	98.7241
3800.37	98.9803
3802.3	99.0431
3804.23	98.7511
3806.16	98.3474
3808.09	98.0597
3810.02	97.8322
3811.95	97.731
3813.88	97.9928
3815.81	98.5239
3817.74	98.7616
3819.66	98.6545
3821.59	98.5571
3823.52	98.4896
3825.45	98.3287
3827.38	98.1209
3829.31	98.0086
3831.24	98.0921
3833.17	98.2689
3835.1	98.3713
3837.03	98.4589
3838.96	98.6463
3840.89	98.7256
3842.81	98.5251
3844.74	98.1738
3846.67	97.8476
3848.6	97.6567
3850.53	97.719
3852.46	98.1861
3854.39	98.6828
3856.32	98.5509
3858.25	98.1857
3860.18	98.0004
3862.11	98.011
3864.03	98.0565
3865.96	98.114
3867.89	98.2971
3869.82	98.5528
3871.75	98.6157
3873.68	98.323
3875.61	97.9183
3877.54	97.7857
3879.47	98.0232
3881.4	98.2562
3883.33	98.1428
3885.25	97.9017
3887.18	97.8714
3889.11	98.0214
3891.04	98.133
3892.97	98.073
3894.9	97.905
3896.83	97.7868
3898.76	97.8518
3900.69	98.141
3902.62	98.3351
3904.55	98.1048
3906.48	97.7438
3908.4	97.607
3910.33	97.5383
3912.26	97.367
3914.19	97.2763
3916.12	97.4188
3918.05	97.6113
3919.98	97.6686
3921.91	97.6545
3923.84	97.6161
3925.77	97.5248
3927.7	97.4389
3929.62	97.46
3931.55	97.5788
3933.48	97.6438
3935.41	97.5651
3937.34	97.4319
3939.27	97.3542
3941.2	97.3961
3943.13	97.5685
3945.06	97.7362
3946.99	97.7272
3948.92	97.5907
3950.85	97.515
3952.77	97.4895
3954.7	97.3594
3956.63	97.1781
3958.56	97.15
3960.49	97.2599
3962.42	97.3217
3964.35	97.3284
3966.28	97.3628
3968.21	97.328
3970.14	97.1681
3972.07	97.0895
3973.99	97.2104
3975.92	97.3295
3977.85	97.2822
3979.78	97.1878
3981.71	97.213
3983.64	97.3373
3985.57	97.3992
3987.5	97.3159
3989.43	97.2115
3991.36	97.2325
3993.29	97.3085
3995.22	97.2908
3997.14	97.2036
