499.643	81.4764
501.572	81.3544
503.501	81.6603
505.43	82.681
507.36	83.4851
509.289	83.2546
511.218	82.4251
513.147	81.8041
515.076	81.5453
517.005	81.5224
518.934	81.757
520.863	82.0835
522.792	82.3503
524.722	82.9495
526.651	84.0525
528.58	84.8127
530.509	84.7462
532.438	84.5551
534.367	84.8906
536.296	85.569
538.225	86.087
540.155	86.1038
542.084	85.6636
544.013	85.2813
545.942	85.366
547.871	85.7124
549.8	85.9419
551.729	86.0459
553.658	86.1852
555.588	86.3461
557.517	86.3704
559.446	86.2099
561.375	86.0636
563.304	86.1437
565.233	86.3493
567.162	86.4253
569.091	86.3753
571.021	86.3867
572.95	86.4566
574.879	86.4702
576.808	86.4889
578.737	86.6464
580.666	86.8712
582.595	86.9646
584.524	86.9196
586.454	86.9369
588.383	87.0364
590.312	87.0007
592.241	86.8126
594.17	86.6809
596.099	86.6108
598.028	86.5225
599.957	86.5096
601.887	86.5599
603.816	86.5432
605.745	86.6038
607.674	86.9226
609.603	87.2681
611.532	87.3946
613.461	87.5073
615.39	87.791
617.32	87.9593
619.249	87.7978
621.178	87.6682
623.107	87.8425
625.036	88.0165
626.965	87.9548
628.894	87.9112
630.823	87.9784
632.753	87.8921
634.682	87.6477
636.611	87.5222
638.54	87.5668
640.469	87.6504
642.398	87.6814
644.327	87.5641
646.256	87.3051
648.186	87.0686
650.115	86.9551
652.044	86.9249
653.973	86.9188
655.902	86.8867
657.831	86.8849
659.76	87.0543
661.689	87.3158
663.619	87.5833
665.548	88.3395
667.477	90.123
669.406	91.2556
671.335	90.6082
673.264	90.0773
675.193	90.2462
677.122	90.6252
679.052	90.8702
680.981	91.0449
682.91	91.0796
684.839	91.0144
686.768	90.9783
688.697	90.8236
690.626	90.4872
692.555	90.1841
694.485	89.9698
696.414	89.7448
698.343	89.5457
700.272	89.4412
702.201	89.4039
704.13	89.3758
706.059	89.2661
707.988	89.0424
709.917	88.8553
711.847	88.8041
713.776	88.7703
715.705	88.7326
717.634	88.8468
719.563	89.0243
721.492	88.9507
723.421	88.6452
725.35	88.3688
727.28	88.1144
729.209	87.7417
731.138	87.3016
733.067	86.863
734.996	86.3755
736.925	85.8657
738.854	85.4008
740.783	84.853
742.713	84.0416
744.642	83.1149
746.571	82.5273
748.5	82.5754
750.429	83.1426
752.358	83.9353
754.287	84.7307
756.216	85.3619
758.146	85.746
760.075	85.9841
762.004	86.1978
763.933	86.3067
765.862	86.1635
767.791	85.7858
769.72	85.2545
771.649	84.4805
773.579	83.2287
775.508	81.2956
777.437	78.5282
779.366	74.8149
781.295	70.3769
783.224	66.0611
785.153	63.0344
787.082	62.0832
789.012	63.3453
790.941	66.5666
792.87	71.1573
794.799	76.037
796.728	80.0186
798.657	82.5463
800.586	83.8088
802.515	84.2202
804.445	84.0584
806.374	83.4445
808.303	82.4373
810.232	81.2054
812.161	80.094
814.09	79.4461
816.019	79.4318
817.948	80.0031
819.878	80.8902
821.807	81.7516
823.736	82.4101
825.665	82.8587
827.594	83.0982
829.523	83.1044
831.452	82.8908
833.381	82.4871
835.311	81.8803
837.24	81.0237
839.169	79.8777
841.098	78.4496
843.027	76.8688
844.956	75.4078
846.885	74.3026
848.814	73.5324
850.744	72.8682
852.673	72.1473
854.602	71.399
856.531	70.7029
858.46	70.0723
860.389	69.54
862.318	69.2371
864.247	69.2828
866.177	69.6555
868.106	70.2427
870.035	70.9473
871.964	71.6687
873.893	72.2655
875.822	72.6445
877.751	72.841
879.68	72.9591
881.609	73.0914
883.539	73.3045
885.468	73.6196
887.397	73.9799
889.326	74.2987
891.255	74.5378
893.184	74.6974
895.113	74.7746
897.042	74.7973
898.972	74.8659
900.901	75.1194
902.83	75.6785
904.759	76.5959
906.688	77.8002
908.617	79.107
910.546	80.3198
912.475	81.2759
914.405	81.8202
916.334	81.8699
918.263	81.4944
920.192	80.8182
922.121	79.8941
924.05	78.7552
925.979	77.491
927.908	76.179
929.838	74.812
931.767	73.3598
933.696	71.85
935.625	70.3622
937.554	68.9999
939.483	67.8831
941.412	67.1025
943.341	66.6555
945.271	66.4554
947.2	66.4068
949.129	66.4925
951.058	66.8042
952.987	67.4278
954.916	68.2915
956.845	69.2109
958.774	70.0545
960.704	70.7935
962.633	71.4712
964.562	72.1864
966.491	73.0224
968.42	73.968
970.349	74.9391
972.278	75.8323
974.207	76.5595
976.137	77.0735
978.066	77.3366
979.995	77.3016
981.924	76.9786
983.853	76.4389
985.782	75.7308
987.711	74.9263
989.64	74.2228
991.57	73.8079
993.499	73.6285
995.428	73.4276
997.357	72.9719
999.286	72.1546
1001.22	70.9814
1003.14	69.5668
1005.07	68.0811
1007	66.6769
1008.93	65.4889
1010.86	64.5734
1012.79	63.7586
1014.72	62.7116
1016.65	61.24
1018.58	59.4148
1020.51	57.4231
1022.44	55.4517
1024.36	53.7094
1026.29	52.4595
1028.22	51.9278
1030.15	52.0906
1032.08	52.6222
1034.01	53.1817
1035.94	53.6989
1037.87	54.2939
1039.8	55.0514
1041.73	55.9974
1043.66	57.1865
1045.58	58.6905
1047.51	60.5173
1049.44	62.5475
1051.37	64.5254
1053.3	66.1579
1055.23	67.2943
1057.16	68.0135
1059.09	68.5115
1061.02	68.8865
1062.95	69.0275
1064.88	68.7554
1066.81	68.1132
1068.73	67.4545
1070.66	67.1792
1072.59	67.4364
1074.52	68.1149
1076.45	69.0189
1078.38	69.9734
1080.31	70.8304
1082.24	71.4819
1084.17	71.8797
1086.1	72.0063
1088.03	71.8354
1089.95	71.3444
1091.88	70.5517
1093.81	69.5238
1095.74	68.3584
1097.67	67.1657
1099.6	66.0235
1101.53	64.9241
1103.46	63.7949
1105.39	62.5876
1107.32	61.3142
1109.25	60.0187
1111.18	58.7641
1113.1	57.624
1115.03	56.6291
1116.96	55.7292
1118.89	54.8264
1120.82	53.844
1122.75	52.7677
1124.68	51.6221
1126.61	50.4206
1128.54	49.1833
1130.47	47.9741
1132.4	46.8499
1134.32	45.8095
1136.25	44.8454
1138.18	43.9862
1140.11	43.2713
1142.04	42.7332
1143.97	42.3859
1145.9	42.2137
1147.83	42.2122
1149.76	42.4011
1151.69	42.7618
1153.62	43.2305
1155.55	43.7659
1157.47	44.3633
1159.4	45.0276
1161.33	45.7662
1163.26	46.589
1165.19	47.5249
1167.12	48.6232
1169.05	49.8934
1170.98	51.2871
1172.91	52.7697
1174.84	54.3472
1176.77	56.0154
1178.69	57.729
1180.62	59.4128
1182.55	61.0113
1184.48	62.528
1186.41	63.9749
1188.34	65.3311
1190.27	66.6121
1192.2	67.8933
1194.13	69.2168
1196.06	70.5472
1197.99	71.8029
1199.91	72.8718
1201.84	73.6222
1203.77	73.9264
1205.7	73.7038
1207.63	72.963
1209.56	71.7757
1211.49	70.3057
1213.42	68.7868
1215.35	67.1241
1217.28	64.7606
1219.21	61.5387
1221.14	58.1977
1223.06	55.3975
1224.99	53.0349
1226.92	50.7674
1228.85	48.5295
1230.78	46.3885
1232.71	44.398
1234.64	42.6686
1236.57	41.2978
1238.5	40.268
1240.43	39.4936
1242.36	38.8772
1244.28	38.3275
1246.21	37.7867
1248.14	37.225
1250.07	36.638
1252	36.0876
1253.93	35.6934
1255.86	35.5659
1257.79	35.7811
1259.72	36.3714
1261.65	37.3237
1263.58	38.6117
1265.51	40.1944
1267.43	41.9987
1269.36	43.949
1271.29	45.9562
1273.22	47.905
1275.15	49.7564
1277.08	51.572
1279.01	53.3815
1280.94	55.1391
1282.87	56.8184
1284.8	58.4581
1286.73	60.0996
1288.65	61.7142
1290.58	63.2321
1292.51	64.6408
1294.44	65.9799
1296.37	67.287
1298.3	68.6447
1300.23	70.1947
1302.16	72.0191
1304.09	74.0765
1306.02	76.2413
1307.95	78.3194
1309.87	80.0964
1311.8	81.42
1313.73	82.2156
1315.66	82.487
1317.59	82.3189
1319.52	81.9149
1321.45	81.6338
1323.38	81.8004
1325.31	82.491
1327.24	83.5171
1329.17	84.5635
1331.1	85.3888
1333.02	85.9071
1334.95	86.2192
1336.88	86.5412
1338.81	87.0282
1340.74	87.6834
1342.67	88.4474
1344.6	89.305
1346.53	90.2222
1348.46	91.0404
1350.39	91.5006
1352.32	91.4252
1354.24	90.8373
1356.17	90.0343
1358.1	89.4715
1360.03	89.3487
1361.96	89.4324
1363.89	89.2382
1365.82	88.4913
1367.75	87.2232
1369.68	85.754
1371.61	84.5341
1373.54	83.5654
1375.47	82.5648
1377.39	81.5979
1379.32	80.8385
1381.25	80.3129
1383.18	80.0831
1385.11	80.239
1387.04	80.7792
1388.97	81.3994
1390.9	81.7886
1392.83	81.9713
1394.76	81.9325
1396.69	81.5221
1398.61	80.7887
1400.54	80.0651
1402.47	79.647
1404.4	79.6158
1406.33	79.9414
1408.26	80.521
1410.19	81.3651
1412.12	82.5124
1414.05	83.7402
1415.98	84.9677
1417.91	86.3255
1419.83	87.4684
1421.76	88.0136
1423.69	88.151
1425.62	88.0574
1427.55	87.7418
1429.48	86.9719
1431.41	85.7371
1433.34	84.5084
1435.27	83.2173
1437.2	81.3994
1439.13	79.5738
1441.06	78.2584
1442.98	77.2581
1444.91	76.56
1446.84	76.1615
1448.77	75.8256
1450.7	75.6136
1452.63	75.8475
1454.56	76.6642
1456.49	78.0572
1458.42	79.2505
1460.35	79.8357
1462.28	80.5852
1464.2	81.8144
1466.13	83.0788
1468.06	84.0229
1469.99	85.116
1471.92	86.558
1473.85	87.5186
1475.78	87.6512
1477.71	87.7503
1479.64	88.0479
1481.57	88.4097
1483.5	88.7984
1485.43	89.3359
1487.35	90.2039
1489.28	91.3005
1491.21	92.0671
1493.14	92.5815
1495.07	93.3414
1497	94.3261
1498.93	94.9499
1500.86	95.166
1502.79	95.447
1504.72	96.0736
1506.65	97.0052
1508.57	97.2232
1510.5	96.7598
1512.43	96.4811
1514.36	96.606
1516.29	96.9869
1518.22	97.3639
1520.15	97.622
1522.08	97.6436
1524.01	97.4636
1525.94	97.2384
1527.87	97.0168
1529.8	96.8929
1531.72	96.9683
1533.65	97.1348
1535.58	97.2359
1537.51	97.5274
1539.44	98.2554
1541.37	98.6116
1543.3	97.9451
1545.23	97.2536
1547.16	96.951
1549.09	96.9561
1551.02	97.0372
1552.94	97.0555
1554.87	97.2187
1556.8	97.7857
1558.73	98.2398
1560.66	97.6275
1562.59	96.8869
1564.52	96.5172
1566.45	96.4779
1568.38	96.5909
1570.31	96.4451
1572.24	96.1508
1574.16	96.1627
1576.09	96.3423
1578.02	96.1014
1579.95	95.6931
1581.88	95.5475
1583.81	95.5656
1585.74	95.5569
1587.67	95.5574
1589.6	95.6246
1591.53	95.7069
1593.46	95.7745
1595.39	95.8154
1597.31	95.7876
1599.24	95.7099
1601.17	95.6439
1603.1	95.5795
1605.03	95.5035
1606.96	95.4945
1608.89	95.5306
1610.82	95.4561
1612.75	95.3757
1614.68	95.4952
1616.61	95.5574
1618.53	95.213
1620.46	94.859
1622.39	94.6799
1624.32	94.4345
1626.25	94.0298
1628.18	93.4872
1630.11	92.8592
1632.04	92.4561
1633.97	92.4312
1635.9	92.3838
1637.83	92.0246
1639.76	92.0008
1641.68	92.5394
1643.61	93.4433
1645.54	94.5666
1647.47	95.3534
1649.4	95.4595
1651.33	95.597
1653.26	95.979
1655.19	95.6091
1657.12	94.9189
1659.05	94.6423
1660.98	94.7239
1662.9	94.7082
1664.83	94.4609
1666.76	94.4029
1668.69	94.581
1670.62	94.5109
1672.55	94.1875
1674.48	93.9246
1676.41	93.5322
1678.34	93.0813
1680.27	92.9415
1682.2	93.0052
1684.12	92.7092
1686.05	91.9072
1687.98	91.0702
1689.91	90.2965
1691.84	89.5491
1693.77	88.724
1695.7	87.8251
1697.63	86.7596
1699.56	84.8469
1701.49	82.2285
1703.42	79.76
1705.35	76.9748
1707.27	73.4128
1709.2	69.8111
1711.13	66.6208
1713.06	63.7037
1714.99	61.2401
1716.92	59.0095
1718.85	56.6956
1720.78	55.2595
1722.71	54.8947
1724.64	55.1023
1726.57	55.7588
1728.49	56.7324
1730.42	57.723
1732.35	58.7693
1734.28	59.7469
1736.21	60.0805
1738.14	59.9156
1740.07	59.5574
1742	59.1625
1743.93	59.1057
1745.86	59.5721
1747.79	60.6565
1749.72	62.5507
1751.64	64.7368
1753.57	66.8385
1755.5	69.4249
1757.43	72.6586
1759.36	76.0287
1761.29	79.4099
1763.22	82.6994
1765.15	85.4118
1767.08	87.6807
1769.01	89.9638
1770.94	92.1311
1772.86	93.6931
1774.79	94.5214
1776.72	94.9039
1778.65	95.2826
1780.58	95.8673
1782.51	96.3333
1784.44	96.5005
1786.37	96.6427
1788.3	96.8964
1790.23	97.2204
1792.16	97.4722
1794.08	97.367
1796.01	97.126
1797.94	97.1271
1799.87	97.2469
1801.8	97.1836
1803.73	97.0103
1805.66	96.9038
1807.59	96.9112
1809.52	97
1811.45	96.9899
1813.38	96.8384
1815.31	96.7742
1817.23	96.8469
1819.16	96.8864
1821.09	96.9202
1823.02	97.1219
1824.95	97.4549
1826.88	97.6945
1828.81	97.7039
1830.74	97.5132
1832.67	97.3338
1834.6	97.347
1836.53	97.4861
1838.45	97.5383
1840.38	97.5028
1842.31	97.6056
1844.24	97.8325
1846.17	97.8583
1848.1	97.7065
1850.03	97.6444
1851.96	97.721
1853.89	97.8055
1855.82	97.777
1857.75	97.6812
1859.68	97.6697
1861.6	97.7536
1863.53	97.8805
1865.46	98.1099
1867.39	98.35
1869.32	98.3208
1871.25	98.1379
1873.18	98.0775
1875.11	98.0532
1877.04	97.9852
1878.97	97.9766
1880.9	98.0543
1882.82	98.182
1884.75	98.345
1886.68	98.4517
1888.61	98.4339
1890.54	98.3993
1892.47	98.4583
1894.4	98.5339
1896.33	98.515
1898.26	98.4553
1900.19	98.4844
1902.12	98.5768
1904.05	98.6233
1905.97	98.6535
1907.9	98.7568
1909.83	98.8633
1911.76	98.8306
1913.69	98.728
1915.62	98.7617
1917.55	98.9054
1919.48	98.889
1921.41	98.7704
1923.34	98.8956
1925.27	99.202
1927.19	99.2972
1929.12	99.1631
1931.05	99.0998
1932.98	99.2063
1934.91	99.3035
1936.84	99.2891
1938.77	99.3326
1940.7	99.5744
1942.63	99.7866
1944.56	99.6848
1946.49	99.4265
1948.41	99.3126
1950.34	99.4227
1952.27	99.6579
1954.2	99.8392
1956.13	99.8735
1958.06	99.8596
1959.99	99.903
1961.92	99.9892
1963.85	100.076
1965.78	100.11
1967.71	100.055
1969.64	99.9857
1971.56	99.9551
1973.49	99.8939
1975.42	99.8189
1977.35	99.8918
1979.28	100.124
1981.21	100.318
1983.14	100.38
1985.07	100.364
1987	100.29
1988.93	100.221
1990.86	100.285
1992.78	100.393
1994.71	100.357
1996.64	100.285
1998.57	100.345
2000.5	100.423
2002.43	100.365
2004.36	100.265
2006.29	100.296
2008.22	100.415
2010.15	100.407
2012.08	100.288
2014.01	100.334
2015.93	100.54
2017.86	100.599
2019.79	100.54
2021.72	100.618
2023.65	100.748
2025.58	100.73
2027.51	100.641
2029.44	100.633
2031.37	100.701
2033.3	100.706
2035.23	100.576
2037.15	100.473
2039.08	100.541
2041.01	100.652
2042.94	100.687
2044.87	100.702
2046.8	100.664
2048.73	100.514
2050.66	100.39
2052.59	100.37
2054.52	100.323
2056.45	100.204
2058.37	100.081
2060.3	99.9009
2062.23	99.6622
2064.16	99.6151
2066.09	99.8593
2068.02	100.061
2069.95	99.9944
2071.88	99.9117
2073.81	99.9896
2075.74	99.9846
2077.67	99.7545
2079.6	99.5475
2081.52	99.5495
2083.45	99.6587
2085.38	99.7397
2087.31	99.6982
2089.24	99.4816
2091.17	99.2641
2093.1	99.2938
2095.03	99.4953
2096.96	99.6208
2098.89	99.6202
2100.82	99.5309
2102.74	99.3773
2104.67	99.2987
2106.6	99.3485
2108.53	99.3828
2110.46	99.414
2112.39	99.5663
2114.32	99.6745
2116.25	99.5423
2118.18	99.3446
2120.11	99.286
2122.04	99.2916
2123.97	99.3004
2125.89	99.3985
2127.82	99.569
2129.75	99.6805
2131.68	99.7242
2133.61	99.8076
2135.54	99.9324
2137.47	100.015
2139.4	100.118
2141.33	100.316
2143.26	100.4
2145.19	100.211
2147.11	100.06
2149.04	100.225
2150.97	100.433
2152.9	100.405
2154.83	100.361
2156.76	100.526
2158.69	100.75
2160.62	100.872
2162.55	100.861
2164.48	100.632
2166.41	100.256
2168.33	100.104
2170.26	100.32
2172.19	100.564
2174.12	100.579
2176.05	100.502
2177.98	100.448
2179.91	100.35
2181.84	100.27
2183.77	100.304
2185.7	100.337
2187.63	100.309
2189.56	100.393
2191.48	100.586
2193.41	100.577
2195.34	100.246
2197.27	99.9462
2199.2	100.039
2201.13	100.362
2203.06	100.44
2204.99	100.139
2206.92	99.8088
2208.85	99.761
2210.78	99.9272
2212.7	100.075
2214.63	100.13
2216.56	100.156
2218.49	100.104
2220.42	99.8955
2222.35	99.6904
2224.28	99.6834
2226.21	99.7855
2228.14	99.8927
2230.07	100.086
2232	100.316
2233.93	100.419
2235.85	100.409
2237.78	100.33
2239.71	100.174
2241.64	100.119
2243.57	100.252
2245.5	100.305
2247.43	100.192
2249.36	100.211
2251.29	100.372
2253.22	100.346
2255.15	100.151
2257.07	100.102
2259	100.206
2260.93	100.261
2262.86	100.212
2264.79	100.093
2266.72	99.9886
2268.65	100.062
2270.58	100.22
2272.51	100.115
2274.44	99.7751
2276.37	99.6059
2278.29	99.6753
2280.22	99.7211
2282.15	99.7408
2284.08	99.8671
2286.01	99.9836
2287.94	99.992
2289.87	100.052
2291.8	100.293
2293.73	100.662
2295.66	101.075
2297.59	101.452
2299.52	101.755
2301.44	102.076
2303.37	102.476
2305.3	102.92
2307.23	103.498
2309.16	104.296
2311.09	105.054
2313.02	105.545
2314.95	106.05
2316.88	106.901
2318.81	108.04
2320.74	109.283
2322.66	110.452
2324.59	111.335
2326.52	111.957
2328.45	112.57
2330.38	113.229
2332.31	113.717
2334.24	114.054
2336.17	114.479
2338.1	114.93
2340.03	115.327
2341.96	115.716
2343.89	115.118
2345.81	112.807
2347.74	110.762
2349.67	110.65
2351.6	112.632
2353.53	115.885
2355.46	118.672
2357.39	120.346
2359.32	121.243
2361.25	121.214
2363.18	120.356
2365.11	118.759
2367.03	116.559
2368.96	114.227
2370.89	111.874
2372.82	109.369
2374.75	106.918
2376.68	104.877
2378.61	103.289
2380.54	101.887
2382.47	100.537
2384.4	99.4003
2386.33	98.637
2388.26	98.2066
2390.18	97.9849
2392.11	97.8875
2394.04	97.8637
2395.97	97.8545
2397.9	97.8054
2399.83	97.742
2401.76	97.7437
2403.69	97.8024
2405.62	97.8506
2407.55	97.8922
2409.48	97.9372
2411.4	97.9332
2413.33	97.875
2415.26	97.8429
2417.19	97.9014
2419.12	98.0217
2421.05	98.1088
2422.98	98.1253
2424.91	98.1185
2426.84	98.0917
2428.77	98.0194
2430.7	97.9482
2432.62	97.9148
2434.55	97.9201
2436.48	98.0167
2438.41	98.2028
2440.34	98.364
2442.27	98.4351
2444.2	98.3993
2446.13	98.2513
2448.06	98.1373
2449.99	98.2115
2451.92	98.3554
2453.85	98.4022
2455.77	98.4232
2457.7	98.5035
2459.63	98.5493
2461.56	98.4851
2463.49	98.3874
2465.42	98.3424
2467.35	98.3173
2469.28	98.2598
2471.21	98.2335
2473.14	98.3046
2475.07	98.4124
2476.99	98.5147
2478.92	98.6433
2480.85	98.7346
2482.78	98.7049
2484.71	98.64
2486.64	98.6324
2488.57	98.6086
2490.5	98.5105
2492.43	98.4292
2494.36	98.443
2496.29	98.4753
2498.22	98.4177
2500.14	98.3256
2502.07	98.3366
2504	98.4388
2505.93	98.5254
2507.86	98.5624
2509.79	98.5216
2511.72	98.3827
2513.65	98.2672
2515.58	98.2844
2517.51	98.3613
2519.44	98.4305
2521.36	98.5013
2523.29	98.5234
2525.22	98.4933
2527.15	98.5094
2529.08	98.5514
2531.01	98.539
2532.94	98.533
2534.87	98.5395
2536.8	98.4324
2538.73	98.2733
2540.66	98.2463
2542.58	98.3005
2544.51	98.3295
2546.44	98.4303
2548.37	98.5911
2550.3	98.5714
2552.23	98.3403
2554.16	98.1407
2556.09	98.0933
2558.02	98.1775
2559.95	98.3873
2561.88	98.5745
2563.81	98.5041
2565.73	98.2494
2567.66	98.0975
2569.59	98.0874
2571.52	98.0774
2573.45	98.0809
2575.38	98.14
2577.31	98.1353
2579.24	98.0225
2581.17	97.9644
2583.1	98.0486
2585.03	98.1579
2586.95	98.179
2588.88	98.1086
2590.81	97.985
2592.74	97.8636
2594.67	97.7871
2596.6	97.7539
2598.53	97.7772
2600.46	97.8563
2602.39	97.8902
2604.32	97.8361
2606.25	97.8242
2608.18	97.8756
2610.1	97.8085
2612.03	97.6186
2613.96	97.5247
2615.89	97.5544
2617.82	97.5496
2619.75	97.5034
2621.68	97.4795
2623.61	97.424
2625.54	97.3463
2627.47	97.3493
2629.4	97.3789
2631.32	97.3109
2633.25	97.2081
2635.18	97.1639
2637.11	97.1195
2639.04	97.0472
2640.97	97.0267
2642.9	97.0635
2644.83	97.0873
2646.76	97.0903
2648.69	97.1029
2650.62	97.1178
2652.54	97.0993
2654.47	97.0126
2656.4	96.8812
2658.33	96.8017
2660.26	96.8173
2662.19	96.8454
2664.12	96.8205
2666.05	96.7965
2667.98	96.815
2669.91	96.7985
2671.84	96.6892
2673.77	96.5869
2675.69	96.6011
2677.62	96.6787
2679.55	96.7302
2681.48	96.7742
2683.41	96.8073
2685.34	96.7533
2687.27	96.6549
2689.2	96.637
2691.13	96.6615
2693.06	96.6195
2694.99	96.5639
2696.91	96.5755
2698.84	96.6011
2700.77	96.6059
2702.7	96.6228
2704.63	96.6001
2706.56	96.4804
2708.49	96.3632
2710.42	96.3497
2712.35	96.3783
2714.28	96.3819
2716.21	96.4055
2718.14	96.4546
2720.06	96.4316
2721.99	96.3173
2723.92	96.2321
2725.85	96.232
2727.78	96.2231
2729.71	96.1619
2731.64	96.1345
2733.57	96.1618
2735.5	96.1531
2737.43	96.0868
2739.36	96.0207
2741.28	95.9692
2743.21	95.9334
2745.14	95.9412
2747.07	95.9812
2749	96.0202
2750.93	96.0609
2752.86	96.099
2754.79	96.1121
2756.72	96.1104
2758.65	96.1121
2760.58	96.1091
2762.51	96.0886
2764.43	96.0344
2766.36	95.9479
2768.29	95.883
2770.22	95.8703
2772.15	95.857
2774.08	95.8144
2776.01	95.7968
2777.94	95.8181
2779.87	95.8094
2781.8	95.7553
2783.73	95.7278
2785.65	95.737
2787.58	95.7006
2789.51	95.6173
2791.44	95.587
2793.37	95.6151
2795.3	95.6204
2797.23	95.6198
2799.16	95.6664
2801.09	95.7047
2803.02	95.6747
2804.95	95.6005
2806.87	95.5058
2808.8	95.4013
2810.73	95.3033
2812.66	95.1942
2814.59	95.0639
2816.52	94.9288
2818.45	94.7715
2820.38	94.6158
2822.31	94.5528
2824.24	94.5374
2826.17	94.4081
2828.1	94.1708
2830.02	93.9593
2831.95	93.7994
2833.88	93.6528
2835.81	93.5072
2837.74	93.321
2839.67	93.0851
2841.6	92.8688
2843.53	92.6757
2845.46	92.451
2847.39	92.2488
2849.32	92.1142
2851.24	91.895
2853.17	91.4587
2855.1	90.895
2857.03	90.308
2858.96	89.7056
2860.89	89.1498
2862.82	88.7095
2864.75	88.3358
2866.68	87.9996
2868.61	87.7279
2870.54	87.4299
2872.47	87.0338
2874.39	86.7392
2876.32	86.7944
2878.25	87.1713
2880.18	87.6604
2882.11	88.0794
2884.04	88.3232
2885.97	88.4031
2887.9	88.4188
2889.83	88.4322
2891.76	88.4455
2893.69	88.4576
2895.61	88.4715
2897.54	88.5065
2899.47	88.5732
2901.4	88.6006
2903.33	88.5123
2905.26	88.3678
2907.19	88.2725
2909.12	88.2147
2911.05	88.11
2912.98	87.9142
2914.91	87.6516
2916.83	87.4133
2918.76	87.2764
2920.69	87.1849
2922.62	86.9952
2924.55	86.6004
2926.48	85.9979
2928.41	85.356
2930.34	84.93
2932.27	84.8077
2934.2	84.9145
2936.13	85.2167
2938.06	85.6282
2939.98	85.905
2941.91	85.9321
2943.84	85.8609
2945.77	85.7991
2947.7	85.6563
2949.63	85.3255
2951.56	84.8071
2953.49	84.1813
2955.42	83.5685
2957.35	83.1312
2959.28	83.037
2961.2	83.3338
2963.13	83.9819
2965.06	85.0343
2966.99	86.4576
2968.92	87.8358
2970.85	88.732
2972.78	89.2045
2974.71	89.5643
2976.64	89.9737
2978.57	90.4919
2980.5	91.0962
2982.43	91.661
2984.35	92.0963
2986.28	92.3428
2988.21	92.3871
2990.14	92.4349
2992.07	92.6876
2994	93.0057
2995.93	93.2272
2997.86	93.5024
2999.79	93.9458
3001.72	94.3713
3003.65	94.5846
3005.57	94.6691
3007.5	94.8698
3009.43	95.2295
3011.36	95.5012
3013.29	95.5722
3015.22	95.6549
3017.15	95.8469
3019.08	95.9821
3021.01	96.0533
3022.94	96.2218
3024.87	96.4191
3026.79	96.4629
3028.72	96.4369
3030.65	96.5528
3032.58	96.81
3034.51	97.0205
3036.44	97.0461
3038.37	96.931
3040.3	96.862
3042.23	96.9214
3044.16	96.94
3046.09	96.8335
3048.02	96.8476
3049.94	97.0777
3051.87	97.1733
3053.8	96.9657
3055.73	96.7954
3057.66	96.8862
3059.59	97.0554
3061.52	97.1493
3063.45	97.1886
3065.38	97.1691
3067.31	97.085
3069.24	96.9717
3071.16	96.8281
3073.09	96.6868
3075.02	96.6722
3076.95	96.8239
3078.88	96.9708
3080.81	96.9408
3082.74	96.8511
3084.67	96.9452
3086.6	97.1473
3088.53	97.1692
3090.46	97.0397
3092.39	97.0145
3094.31	97.0697
3096.24	97.0008
3098.17	96.8211
3100.1	96.667
3102.03	96.5501
3103.96	96.4302
3105.89	96.3651
3107.82	96.4742
3109.75	96.7175
3111.68	96.7976
3113.61	96.5513
3115.53	96.2928
3117.46	96.36
3119.39	96.5835
3121.32	96.6143
3123.25	96.4715
3125.18	96.3974
3127.11	96.4223
3129.04	96.4137
3130.97	96.4111
3132.9	96.5335
3134.83	96.6127
3136.75	96.3953
3138.68	96.0457
3140.61	95.8974
3142.54	95.9677
3144.47	96.1571
3146.4	96.4583
3148.33	96.7211
3150.26	96.7702
3152.19	96.6892
3154.12	96.5357
3156.05	96.2162
3157.98	95.8689
3159.9	95.7774
3161.83	95.9162
3163.76	96.065
3165.69	96.1528
3167.62	96.1952
3169.55	96.1831
3171.48	96.1636
3173.41	96.187
3175.34	96.1698
3177.27	96.032
3179.2	95.8943
3181.12	95.8824
3183.05	95.8938
3184.98	95.8416
3186.91	95.8389
3188.84	95.8818
3190.77	95.7693
3192.7	95.521
3194.63	95.4195
3196.56	95.5719
3198.49	95.7875
3200.42	95.8629
3202.35	95.798
3204.27	95.7481
3206.2	95.8101
3208.13	95.8867
3210.06	95.8272
3211.99	95.6431
3213.92	95.4898
3215.85	95.4921
3217.78	95.6159
3219.71	95.6879
3221.64	95.5755
3223.57	95.3581
3225.49	95.2465
3227.42	95.3204
3229.35	95.4591
3231.28	95.5356
3233.21	95.5423
3235.14	95.5012
3237.07	95.3891
3239	95.1897
3240.93	94.9716
3242.86	94.8651
3244.79	94.8941
3246.72	94.9065
3248.64	94.7821
3250.57	94.5808
3252.5	94.4763
3254.43	94.634
3256.36	94.9404
3258.29	94.9634
3260.22	94.6268
3262.15	94.466
3264.08	94.6744
3266.01	94.7567
3267.94	94.5482
3269.86	94.4601
3271.79	94.5558
3273.72	94.5163
3275.65	94.3725
3277.58	94.3791
3279.51	94.51
3281.44	94.6286
3283.37	94.7047
3285.3	94.6688
3287.23	94.4697
3289.16	94.2409
3291.08	94.1239
3293.01	94.1
3294.94	94.1267
3296.87	94.1733
3298.8	94.1267
3300.73	93.976
3302.66	93.9214
3304.59	94.0056
3306.52	93.9915
3308.45	93.8215
3310.38	93.7301
3312.31	93.8042
3314.23	93.8889
3316.16	93.8814
3318.09	93.7984
3320.02	93.695
3321.95	93.6285
3323.88	93.6027
3325.81	93.6334
3327.74	93.8051
3329.67	94.0408
3331.6	94.0668
3333.53	93.8379
3335.45	93.6343
3337.38	93.6211
3339.31	93.6895
3341.24	93.7091
3343.17	93.6591
3345.1	93.6043
3347.03	93.6139
3348.96	93.6232
3350.89	93.5488
3352.82	93.5031
3354.75	93.5798
3356.68	93.6383
3358.6	93.594
3360.53	93.577
3362.46	93.6255
3364.39	93.6382
3366.32	93.6496
3368.25	93.7682
3370.18	93.9252
3372.11	93.9766
3374.04	93.9243
3375.97	93.8679
3377.9	93.8452
3379.82	93.8248
3381.75	93.813
3383.68	93.8462
3385.61	93.8897
3387.54	93.9071
3389.47	93.9576
3391.4	94.0317
3393.33	94.0145
3395.26	93.9701
3397.19	94.0725
3399.12	94.2067
3401.04	94.1319
3402.97	93.9323
3404.9	93.8384
3406.83	93.837
3408.76	93.8179
3410.69	93.8257
3412.62	93.9306
3414.55	94.097
3416.48	94.2598
3418.41	94.347
3420.34	94.2782
3422.27	94.1173
3424.19	94.0965
3426.12	94.2536
3428.05	94.2836
3429.98	94.0513
3431.91	93.9277
3433.84	94.1679
3435.77	94.4269
3437.7	94.4191
3439.63	94.3968
3441.56	94.5604
3443.49	94.7702
3445.41	94.97
3447.34	95.1635
3449.27	95.1596
3451.2	94.9377
3453.13	94.7906
3455.06	94.804
3456.99	94.7517
3458.92	94.6064
3460.85	94.6611
3462.78	95.0679
3464.71	95.5241
3466.64	95.5759
3468.56	95.2237
3470.49	94.9503
3472.42	94.9915
3474.35	95.0569
3476.28	95.0062
3478.21	95.0756
3480.14	95.2291
3482.07	95.1763
3484	95.0406
3485.93	95.1244
3487.86	95.3319
3489.78	95.5139
3491.71	95.7337
3493.64	95.8675
3495.57	95.6768
3497.5	95.3047
3499.43	95.1079
3501.36	95.2121
3503.29	95.4801
3505.22	95.5812
3507.15	95.3633
3509.08	95.169
3511	95.3319
3512.93	95.5959
3514.86	95.6176
3516.79	95.5548
3518.72	95.6509
3520.65	95.7722
3522.58	95.6927
3524.51	95.5385
3526.44	95.6381
3528.37	95.942
3530.3	95.9906
3532.23	95.6492
3534.15	95.3446
3536.08	95.365
3538.01	95.4449
3539.94	95.3004
3541.87	95.179
3543.8	95.4156
3545.73	95.8168
3547.66	95.9652
3549.59	95.9966
3551.52	96.1742
3553.45	96.198
3555.37	95.753
3557.3	95.203
3559.23	95.0433
3561.16	95.3037
3563.09	95.6796
3565.02	96.0138
3566.95	96.3045
3568.88	96.4277
3570.81	96.326
3572.74	96.1732
3574.67	96.131
3576.6	96.162
3578.52	96.1191
3580.45	96.0199
3582.38	96.0234
3584.31	96.2237
3586.24	96.6144
3588.17	97.0082
3590.1	97.1525
3592.03	97.164
3593.96	97.2443
3595.89	97.417
3597.82	97.6183
3599.74	97.7348
3601.67	97.611
3603.6	97.398
3605.53	97.4702
3607.46	97.7781
3609.39	97.8357
3611.32	97.633
3613.25	97.6543
3615.18	97.9152
3617.11	98.1045
3619.04	98.1904
3620.97	98.1761
3622.89	97.9818
3624.82	97.7925
3626.75	97.8622
3628.68	98.1692
3630.61	98.2899
3632.54	98.1028
3634.47	97.8398
3636.4	97.6823
3638.33	97.6822
3640.26	97.7084
3642.19	97.694
3644.11	97.777
3646.04	98.0168
3647.97	98.2409
3649.9	98.2991
3651.83	98.3221
3653.76	98.3222
3655.69	98.2102
3657.62	98.0793
3659.55	97.9636
3661.48	97.6753
3663.41	97.3282
3665.33	97.3803
3667.26	97.8988
3669.19	98.3796
3671.12	98.4152
3673.05	98.5289
3674.98	99.1556
3676.91	99.5414
3678.84	99.0152
3680.77	98.3183
3682.7	98.0245
3684.63	98.0609
3686.56	98.2346
3688.48	98.6559
3690.41	99.167
3692.34	99.1775
3694.27	98.8457
3696.2	98.6695
3698.13	98.7678
3700.06	98.8639
3701.99	98.6951
3703.92	98.4455
3705.85	98.5246
3707.78	98.971
3709.7	99.4489
3711.63	99.4901
3713.56	99.0538
3715.49	98.5576
3717.42	98.2574
3719.35	98.2395
3721.28	98.4616
3723.21	98.8585
3725.14	99.3462
3727.07	99.5528
3729	99.3363
3730.93	99.2309
3732.85	99.6976
3734.78	100.192
3736.71	99.702
3738.64	98.7741
3740.57	98.3622
3742.5	98.6265
3744.43	99.2388
3746.36	99.3882
3748.29	99.1704
3750.22	99.1638
3752.15	99.0308
3754.07	98.4147
3756	97.9684
3757.93	98.0514
3759.86	98.2822
3761.79	98.225
3763.72	98.0552
3765.65	97.9208
3767.58	97.7799
3769.51	97.6842
3771.44	97.6062
3773.37	97.4871
3775.29	97.5079
3777.22	97.7579
3779.15	97.9655
3781.08	97.9224
3783.01	97.819
3784.94	97.7751
3786.87	97.7274
3788.8	97.6436
3790.73	97.5594
3792.66	97.6026
3794.59	97.884
3796.52	98.2534
3798.44	98.537
3800.37	98.8008
3802.3	98.8667
3804.23	98.5577
3806.16	98.2898
3808.09	98.2462
3810.02	98.0668
3811.95	97.8179
3813.88	97.9915
3815.81	98.5846
3817.74	98.8781
3819.66	98.7626
3821.59	98.6787
3823.52	98.6538
3825.45	98.5279
3827.38	98.278
3829.31	97.9851
3831.24	97.8797
3833.17	98.041
3835.1	98.2625
3837.03	98.4607
3838.96	98.6767
3840.89	98.7148
3842.81	98.498
3844.74	98.148
3846.67	97.7215
3848.6	97.4017
3850.53	97.5201
3852.46	98.2233
3854.39	98.8295
3856.32	98.6976
3858.25	98.331
3860.18	98.0072
3862.11	97.8279
3864.03	97.8977
3865.96	98.0801
3867.89	98.2333
3869.82	98.4151
3871.75	98.5263
3873.68	98.318
3875.61	97.9285
3877.54	97.7282
3879.47	97.837
3881.4	97.986
3883.33	97.9246
3885.25	97.8182
3887.18	97.8883
3889.11	98.0463
3891.04	98.1005
3892.97	97.9803
3894.9	97.789
3896.83	97.6813
3898.76	97.7757
3900.69	98.0881
3902.62	98.3077
3904.55	98.105
3906.48	97.6902
3908.4	97.4569
3910.33	97.4084
3912.26	97.3585
3914.19	97.2915
3916.12	97.3545
3918.05	97.5809
3919.98	97.7646
3921.91	97.7233
3923.84	97.5027
3925.77	97.3147
3927.7	97.3197
3929.62	97.4668
3931.55	97.6357
3933.48	97.7414
3935.41	97.7226
3937.34	97.5629
3939.27	97.3614
3941.2	97.3013
3943.13	97.4219
3945.06	97.5152
3946.99	97.4513
3948.92	97.3763
3950.85	97.4322
3952.77	97.4959
3954.7	97.4114
3956.63	97.2605
3958.56	97.1868
3960.49	97.1531
3962.42	97.1152
3964.35	97.1647
3966.28	97.2636
3968.21	97.2325
3970.14	97.1212
3972.07	97.1578
3973.99	97.3312
3975.92	97.4305
3977.85	97.3713
3979.78	97.2428
3981.71	97.183
3983.64	97.2418
3985.57	97.2894
3987.5	97.2184
3989.43	97.1503
3991.36	97.2254
3993.29	97.3713
3995.22	97.4468
3997.14	97.4063
