499.643	82.0493
501.572	82.6079
503.501	82.8733
505.43	82.539
507.36	82.0918
509.289	81.755
511.218	81.6497
513.147	81.9772
515.076	82.2196
517.005	81.8614
518.934	81.5933
520.863	81.9262
522.792	82.4039
524.722	83.1319
526.651	84.2635
528.58	84.7826
530.509	84.4067
532.438	84.2241
534.367	84.5702
536.296	84.9243
538.225	85.3652
540.155	85.9525
542.084	86.1365
544.013	86.0098
545.942	86.1257
547.871	86.2298
549.8	85.9684
551.729	85.7922
553.658	86.0175
555.588	86.3167
557.517	86.4524
559.446	86.4764
561.375	86.3844
563.304	86.2633
565.233	86.3675
567.162	86.6455
569.091	86.6705
571.021	86.3659
572.95	86.2201
574.879	86.4216
576.808	86.5678
578.737	86.5435
580.666	86.7083
582.595	86.9795
584.524	86.9242
586.454	86.6775
588.383	86.6443
590.312	86.7205
592.241	86.6792
594.17	86.6618
596.099	86.7204
598.028	86.6659
599.957	86.5233
601.887	86.4818
603.816	86.5865
605.745	86.8484
607.674	87.2271
609.603	87.4684
611.532	87.4715
613.461	87.5423
615.39	87.8158
617.32	87.9207
619.249	87.6689
621.178	87.495
623.107	87.6854
625.036	87.8989
626.965	87.82
628.894	87.6775
630.823	87.7
632.753	87.7599
634.682	87.7608
636.611	87.7563
638.54	87.7339
640.469	87.6978
642.398	87.6668
644.327	87.5402
646.256	87.3195
648.186	87.1542
650.115	87.064
652.044	87.0409
653.973	87.1546
655.902	87.2758
657.831	87.3022
659.76	87.4176
661.689	87.5912
663.619	87.718
665.548	88.354
667.477	90.1364
669.406	91.3342
671.335	90.7388
673.264	90.3085
675.193	90.5305
677.122	90.7708
679.052	90.8213
680.981	90.9395
682.91	90.9974
684.839	90.8985
686.768	90.8171
688.697	90.71
690.626	90.4699
692.555	90.1959
694.485	89.9432
696.414	89.7187
698.343	89.6139
700.272	89.5964
702.201	89.5046
704.13	89.3383
706.059	89.1863
707.988	89.0182
709.917	88.8294
711.847	88.7052
713.776	88.6515
715.705	88.6684
717.634	88.8146
719.563	88.9471
721.492	88.7958
723.421	88.4464
725.35	88.1652
727.28	87.9242
729.209	87.5854
731.138	87.1768
733.067	86.7121
734.996	86.1587
736.925	85.6187
738.854	85.1576
740.783	84.598
742.713	83.7713
744.642	82.8386
746.571	82.2099
748.5	82.1933
750.429	82.766
752.358	83.6467
754.287	84.5025
756.216	85.1206
758.146	85.5082
760.075	85.8002
762.004	86.0125
763.933	86.0399
765.862	85.8825
767.791	85.6105
769.72	85.157
771.649	84.3564
773.579	83.0629
775.508	81.1061
777.437	78.2798
779.366	74.5056
781.295	70.0794
783.224	65.8159
785.153	62.8113
787.082	61.8691
789.012	63.1775
790.941	66.4547
792.87	71.0388
794.799	75.8605
796.728	79.8276
798.657	82.42
800.586	83.7545
802.515	84.1814
804.445	84.0062
806.374	83.4175
808.303	82.4936
810.232	81.35
812.161	80.2688
814.09	79.5954
816.019	79.5453
817.948	80.0888
819.878	80.9486
821.807	81.7816
823.736	82.3968
825.665	82.7596
827.594	82.8897
829.523	82.8306
831.452	82.6227
833.381	82.2507
835.311	81.6563
837.24	80.7869
839.169	79.6154
841.098	78.165
843.027	76.5806
844.956	75.1377
846.885	74.0535
848.814	73.2812
850.744	72.6049
852.673	71.9043
854.602	71.1932
856.531	70.493
858.46	69.8361
860.389	69.3194
862.318	69.0508
864.247	69.0908
866.177	69.4379
868.106	70.0243
870.035	70.747
871.964	71.4897
873.893	72.1053
875.822	72.4859
877.751	72.6802
879.68	72.8328
881.609	73.0182
883.539	73.2323
885.468	73.4851
887.397	73.7873
889.326	74.1003
891.255	74.3621
893.184	74.5226
895.113	74.5737
897.042	74.5877
898.972	74.6862
900.901	74.971
902.83	75.5251
904.759	76.409
906.688	77.5882
908.617	78.9146
910.546	80.1793
912.475	81.152
914.405	81.6561
916.334	81.6662
918.263	81.2735
920.192	80.575
922.121	79.6502
924.05	78.5721
925.979	77.3835
927.908	76.1041
929.838	74.7509
931.767	73.3251
933.696	71.8294
935.625	70.3335
937.554	68.9827
939.483	67.9172
941.412	67.1881
943.341	66.7513
945.271	66.5261
947.2	66.4509
949.129	66.5268
951.058	66.8406
952.987	67.4742
954.916	68.3473
956.845	69.2396
958.774	70.0035
960.704	70.6658
962.633	71.3233
964.562	72.0402
966.491	72.8469
968.42	73.7503
970.349	74.708
972.278	75.6148
974.207	76.356
976.137	76.871
978.066	77.1344
979.995	77.1217
981.924	76.8433
983.853	76.3386
985.782	75.6243
987.711	74.7761
989.64	74.0269
991.57	73.5918
993.499	73.413
995.428	73.2116
997.357	72.7472
999.286	71.9411
1001.22	70.8288
1003.14	69.4914
1005.07	68.0301
1007	66.5955
1008.93	65.3693
1010.86	64.4113
1012.79	63.5464
1014.72	62.4837
1016.65	61.0307
1018.58	59.1956
1020.51	57.1592
1022.44	55.1628
1024.36	53.4251
1026.29	52.1921
1028.22	51.6989
1030.15	51.9092
1032.08	52.4561
1034.01	52.9993
1035.94	53.4956
1037.87	54.0657
1039.8	54.7937
1041.73	55.7218
1043.66	56.9093
1045.58	58.4224
1047.51	60.262
1049.44	62.2987
1051.37	64.2845
1053.3	65.9376
1055.23	67.0832
1057.16	67.7826
1059.09	68.2596
1061.02	68.6169
1062.95	68.7115
1064.88	68.3899
1066.81	67.7568
1068.73	67.1416
1070.66	66.8692
1072.59	67.0986
1074.52	67.7817
1076.45	68.7077
1078.38	69.6377
1080.31	70.4397
1082.24	71.0773
1084.17	71.5055
1086.1	71.6496
1088.03	71.4639
1089.95	70.9534
1091.88	70.1556
1093.81	69.1294
1095.74	67.9555
1097.67	66.7409
1099.6	65.5837
1101.53	64.4897
1103.46	63.3646
1105.39	62.1367
1107.32	60.8369
1109.25	59.5421
1111.18	58.313
1113.1	57.1945
1115.03	56.203
1116.96	55.3001
1118.89	54.408
1120.82	53.4531
1122.75	52.3979
1124.68	51.2513
1126.61	50.0585
1128.54	48.873
1130.47	47.7253
1132.4	46.6159
1134.32	45.5596
1136.25	44.6084
1138.18	43.7934
1140.11	43.1078
1142.04	42.5825
1143.97	42.2776
1145.9	42.1912
1147.83	42.2785
1149.76	42.5214
1151.69	42.9006
1153.62	43.3774
1155.55	43.9367
1157.47	44.5814
1159.4	45.3044
1161.33	46.0958
1163.26	46.9436
1165.19	47.8587
1167.12	48.9053
1169.05	50.1279
1170.98	51.4863
1172.91	52.9296
1174.84	54.4557
1176.77	56.061
1178.69	57.7142
1180.62	59.3696
1182.55	60.962
1184.48	62.4424
1186.41	63.8267
1188.34	65.1573
1190.27	66.4474
1192.2	67.7037
1194.13	68.9646
1196.06	70.2581
1197.99	71.5237
1199.91	72.6092
1201.84	73.3452
1203.77	73.6019
1205.7	73.3275
1207.63	72.5539
1209.56	71.3412
1211.49	69.8293
1213.42	68.2494
1215.35	66.5181
1217.28	64.0953
1219.21	60.8451
1221.14	57.5145
1223.06	54.7553
1224.99	52.4536
1226.92	50.2556
1228.85	48.0906
1230.78	46.0266
1232.71	44.1083
1234.64	42.4395
1236.57	41.1284
1238.5	40.1542
1240.43	39.4102
1242.36	38.8113
1244.28	38.2976
1246.21	37.7933
1248.14	37.2363
1250.07	36.6483
1252	36.1221
1253.93	35.7484
1255.86	35.6095
1257.79	35.8037
1259.72	36.3873
1261.65	37.3357
1263.58	38.6031
1265.51	40.1478
1267.43	41.9101
1269.36	43.8233
1271.29	45.8038
1273.22	47.7575
1275.15	49.6499
1277.08	51.4861
1279.01	53.2461
1280.94	54.9317
1282.87	56.5942
1284.8	58.263
1286.73	59.9257
1288.65	61.5586
1290.58	63.1267
1292.51	64.6008
1294.44	65.9871
1296.37	67.3338
1298.3	68.7395
1300.23	70.3262
1302.16	72.1565
1304.09	74.1942
1306.02	76.327
1307.95	78.3789
1309.87	80.1508
1311.8	81.4849
1313.73	82.2983
1315.66	82.5994
1317.59	82.4738
1319.52	82.1212
1321.45	81.8995
1323.38	82.1156
1325.31	82.804
1327.24	83.7575
1329.17	84.7019
1331.1	85.4514
1333.02	85.9279
1334.95	86.2039
1336.88	86.4936
1338.81	86.9754
1340.74	87.6449
1342.67	88.4136
1344.6	89.2654
1346.53	90.1669
1348.46	90.9507
1350.39	91.3778
1352.32	91.2933
1354.24	90.7013
1356.17	89.8769
1358.1	89.2929
1360.03	89.1719
1361.96	89.2849
1363.89	89.13
1365.82	88.3963
1367.75	87.1156
1369.68	85.6599
1371.61	84.4919
1373.54	83.5379
1375.47	82.4882
1377.39	81.4988
1379.32	80.7537
1381.25	80.1975
1383.18	79.9038
1385.11	80.0365
1387.04	80.5817
1388.97	81.1924
1390.9	81.5954
1392.83	81.8308
1394.76	81.8204
1396.69	81.3896
1398.61	80.6559
1400.54	79.9636
1402.47	79.5579
1404.4	79.5139
1406.33	79.8306
1408.26	80.4185
1410.19	81.2836
1412.12	82.4539
1414.05	83.6928
1415.98	84.926
1417.91	86.2967
1419.83	87.4404
1421.76	87.9476
1423.69	88.0241
1425.62	87.8918
1427.55	87.5958
1429.48	86.8757
1431.41	85.6529
1433.34	84.3988
1435.27	83.1108
1437.2	81.3413
1439.13	79.5331
1441.06	78.178
1442.98	77.1295
1444.91	76.4237
1446.84	76.0626
1448.77	75.7654
1450.7	75.56
1452.63	75.7767
1454.56	76.5704
1456.49	77.9533
1458.42	79.1571
1460.35	79.7385
1462.28	80.4731
1464.2	81.6981
1466.13	82.9643
1468.06	83.8976
1469.99	84.9704
1471.92	86.3826
1473.85	87.3221
1475.78	87.4758
1477.71	87.5965
1479.64	87.8614
1481.57	88.157
1483.5	88.5208
1485.43	89.0935
1487.35	90.0171
1489.28	91.1485
1491.21	91.9187
1493.14	92.4383
1495.07	93.2237
1497	94.2389
1498.93	94.8711
1500.86	95.0881
1502.79	95.3922
1504.72	96.0767
1506.65	97.0648
1508.57	97.2384
1510.5	96.7116
1512.43	96.4321
1514.36	96.5972
1516.29	97.0075
1518.22	97.3763
1520.15	97.5975
1522.08	97.5967
1524.01	97.4663
1525.94	97.3196
1527.87	97.1073
1529.8	96.9326
1531.72	96.9674
1533.65	97.1089
1535.58	97.1774
1537.51	97.4636
1539.44	98.2518
1541.37	98.6632
1543.3	97.9638
1545.23	97.2242
1547.16	96.8684
1549.09	96.8113
1551.02	96.8763
1552.94	96.9583
1554.87	97.1973
1556.8	97.7999
1558.73	98.2726
1560.66	97.6552
1562.59	96.8681
1564.52	96.4502
1566.45	96.3946
1568.38	96.5258
1570.31	96.4028
1572.24	96.1222
1574.16	96.152
1576.09	96.3549
1578.02	96.1062
1579.95	95.6431
1581.88	95.4274
1583.81	95.4117
1585.74	95.4268
1587.67	95.4577
1589.6	95.5333
1591.53	95.6372
1593.46	95.7422
1595.39	95.7788
1597.31	95.7006
1599.24	95.594
1601.17	95.5446
1603.1	95.5134
1605.03	95.4749
1606.96	95.4966
1608.89	95.5159
1610.82	95.3838
1612.75	95.2736
1614.68	95.4102
1616.61	95.4966
1618.53	95.1632
1620.46	94.8427
1622.39	94.7146
1624.32	94.4792
1626.25	94.0475
1628.18	93.5066
1630.11	92.9044
1632.04	92.522
1633.97	92.5476
1635.9	92.5972
1637.83	92.2515
1639.76	92.1359
1641.68	92.5835
1643.61	93.4439
1645.54	94.5565
1647.47	95.3375
1649.4	95.4579
1651.33	95.6407
1653.26	96.0346
1655.19	95.594
1657.12	94.8737
1659.05	94.6048
1660.98	94.6656
1662.9	94.5946
1664.83	94.3353
1666.76	94.3166
1668.69	94.535
1670.62	94.4506
1672.55	94.065
1674.48	93.7572
1676.41	93.3825
1678.34	92.9653
1680.27	92.8203
1682.2	92.8847
1684.12	92.6705
1686.05	91.9506
1687.98	91.1105
1689.91	90.2911
1691.84	89.4951
1693.77	88.6425
1695.7	87.7507
1697.63	86.7428
1699.56	84.9509
1701.49	82.4401
1703.42	79.9892
1705.35	77.181
1707.27	73.6093
1709.2	70.0002
1711.13	66.8062
1713.06	63.914
1714.99	61.4637
1716.92	59.1379
1718.85	56.6567
1720.78	55.1026
1722.71	54.6677
1724.64	54.8134
1726.57	55.3866
1728.49	56.2784
1730.42	57.2473
1732.35	58.3048
1734.28	59.2177
1736.21	59.5112
1738.14	59.4742
1740.07	59.3117
1742	59.0057
1743.93	58.9382
1745.86	59.4201
1747.79	60.5476
1749.72	62.4588
1751.64	64.6518
1753.57	66.7555
1755.5	69.3124
1757.43	72.5222
1759.36	75.9183
1761.29	79.3229
1763.22	82.589
1765.15	85.2856
1767.08	87.5749
1769.01	89.8855
1770.94	92.0713
1772.86	93.6259
1774.79	94.4203
1776.72	94.7984
1778.65	95.2104
1780.58	95.7999
1782.51	96.2279
1784.44	96.3828
1786.37	96.5378
1788.3	96.7725
1790.23	97.0622
1792.16	97.3467
1794.08	97.3487
1796.01	97.1725
1797.94	97.139
1799.87	97.1765
1801.8	97.085
1803.73	96.934
1805.66	96.8228
1807.59	96.7929
1809.52	96.8565
1811.45	96.8681
1813.38	96.7803
1815.31	96.7678
1817.23	96.8473
1819.16	96.8959
1821.09	96.952
1823.02	97.1013
1824.95	97.3252
1826.88	97.5748
1828.81	97.7376
1830.74	97.6577
1832.67	97.4423
1834.6	97.3521
1836.53	97.3997
1838.45	97.4183
1840.38	97.4028
1842.31	97.528
1844.24	97.7482
1846.17	97.7459
1848.1	97.5591
1850.03	97.4651
1851.96	97.533
1853.89	97.6387
1855.82	97.6298
1857.75	97.5235
1859.68	97.5015
1861.6	97.6106
1863.53	97.7601
1865.46	97.9756
1867.39	98.2132
1869.32	98.2162
1871.25	98.0267
1873.18	97.8984
1875.11	97.7967
1877.04	97.7028
1878.97	97.7679
1880.9	97.983
1882.82	98.1788
1884.75	98.289
1886.68	98.3643
1888.61	98.4286
1890.54	98.4167
1892.47	98.3065
1894.4	98.2346
1896.33	98.2946
1898.26	98.3894
1900.19	98.4593
1902.12	98.5614
1904.05	98.6504
1905.97	98.6653
1907.9	98.7221
1909.83	98.866
1911.76	98.8889
1913.69	98.7394
1915.62	98.6727
1917.55	98.7785
1919.48	98.8271
1921.41	98.8096
1923.34	98.964
1925.27	99.1942
1927.19	99.2039
1929.12	99.0421
1931.05	98.9553
1932.98	99.0372
1934.91	99.2076
1936.84	99.3198
1938.77	99.337
1940.7	99.4227
1942.63	99.6729
1944.56	99.8781
1946.49	99.8163
1948.41	99.5903
1950.34	99.4902
1952.27	99.6079
1954.2	99.698
1956.13	99.6306
1958.06	99.6307
1959.99	99.7903
1961.92	99.8783
1963.85	99.7967
1965.78	99.6864
1967.71	99.6745
1969.64	99.8307
1971.56	100.083
1973.49	100.193
1975.42	100.127
1977.35	100.145
1979.28	100.292
1981.21	100.353
1983.14	100.32
1985.07	100.288
1987	100.212
1988.93	100.192
1990.86	100.37
1992.78	100.475
1994.71	100.233
1996.64	99.9151
1998.57	99.8231
2000.5	99.9145
2002.43	100.036
2004.36	100.103
2006.29	100.138
2008.22	100.208
2010.15	100.244
2012.08	100.244
2014.01	100.41
2015.93	100.664
2017.86	100.659
2019.79	100.447
2021.72	100.286
2023.65	100.142
2025.58	100.03
2027.51	100.103
2029.44	100.298
2031.37	100.503
2033.3	100.681
2035.23	100.676
2037.15	100.491
2039.08	100.433
2041.01	100.534
2042.94	100.513
2044.87	100.416
2046.8	100.474
2048.73	100.539
2050.66	100.375
2052.59	100.122
2054.52	99.9731
2056.45	99.8797
2058.37	99.7913
2060.3	99.6962
2062.23	99.522
2064.16	99.3854
2066.09	99.525
2068.02	99.7953
2069.95	99.8716
2071.88	99.8215
2073.81	99.8231
2075.74	99.7737
2077.67	99.6395
2079.6	99.6025
2081.52	99.6563
2083.45	99.6018
2085.38	99.4374
2087.31	99.3205
2089.24	99.2546
2091.17	99.1594
2093.1	99.1298
2095.03	99.2949
2096.96	99.5327
2098.89	99.6293
2100.82	99.5496
2102.74	99.3458
2104.67	99.1238
2106.6	99.1107
2108.53	99.36
2110.46	99.5795
2112.39	99.593
2114.32	99.5798
2116.25	99.6302
2118.18	99.5852
2120.11	99.4321
2122.04	99.3649
2123.97	99.4272
2125.89	99.4892
2127.82	99.5423
2129.75	99.6658
2131.68	99.7509
2133.61	99.6287
2135.54	99.4856
2137.47	99.7035
2139.4	100.206
2141.33	100.488
2143.26	100.363
2145.19	100.138
2147.11	100.056
2149.04	100.101
2150.97	100.21
2152.9	100.306
2154.83	100.321
2156.76	100.302
2158.69	100.303
2160.62	100.254
2162.55	100.124
2164.48	100.049
2166.41	100.114
2168.33	100.182
2170.26	100.147
2172.19	100.145
2174.12	100.263
2176.05	100.276
2177.98	100.085
2179.91	99.9927
2181.84	100.191
2183.77	100.438
2185.7	100.47
2187.63	100.325
2189.56	100.196
2191.48	100.221
2193.41	100.345
2195.34	100.338
2197.27	100.116
2199.2	99.939
2201.13	100.032
2203.06	100.191
2204.99	100.118
2206.92	99.9544
2208.85	99.967
2210.78	100.034
2212.7	99.9253
2214.63	99.7644
2216.56	99.8005
2218.49	100.008
2220.42	100.143
2222.35	100.047
2224.28	99.8013
2226.21	99.5966
2228.14	99.5786
2230.07	99.8122
2232	100.175
2233.93	100.36
2235.85	100.244
2237.78	100.027
2239.71	99.9101
2241.64	99.9439
2243.57	100.072
2245.5	100.13
2247.43	100.069
2249.36	100.053
2251.29	100.073
2253.22	99.9351
2255.15	99.7654
2257.07	99.8251
2259	99.976
2260.93	100.004
2262.86	100.037
2264.79	100.156
2266.72	100.187
2268.65	100.091
2270.58	99.9918
2272.51	99.8932
2274.44	99.7863
2276.37	99.7398
2278.29	99.6866
2280.22	99.5622
2282.15	99.5513
2284.08	99.7395
2286.01	99.879
2287.94	99.8622
2289.87	99.9381
2291.8	100.262
2293.73	100.701
2295.66	101.11
2297.59	101.473
2299.52	101.837
2301.44	102.228
2303.37	102.589
2305.3	102.932
2307.23	103.488
2309.16	104.339
2311.09	105.157
2313.02	105.744
2314.95	106.375
2316.88	107.287
2318.81	108.433
2320.74	109.676
2322.66	110.75
2324.59	111.472
2326.52	112.131
2328.45	113.052
2330.38	114.008
2332.31	114.59
2334.24	115.024
2336.17	115.694
2338.1	116.332
2340.03	116.672
2341.96	116.935
2343.89	116.281
2345.81	113.823
2347.74	111.556
2349.67	111.348
2351.6	113.414
2353.53	116.771
2355.46	119.561
2357.39	121.402
2359.32	122.68
2361.25	122.813
2363.18	121.805
2365.11	120.054
2367.03	117.875
2368.96	115.623
2370.89	113.124
2372.82	110.263
2374.75	107.549
2376.68	105.331
2378.61	103.454
2380.54	101.779
2382.47	100.381
2384.4	99.3035
2386.33	98.5121
2388.26	98.024
2390.18	97.8294
2392.11	97.7756
2394.04	97.7252
2395.97	97.6871
2397.9	97.6723
2399.83	97.6186
2401.76	97.5313
2403.69	97.5205
2405.62	97.6358
2407.55	97.7664
2409.48	97.8006
2411.4	97.8059
2413.33	97.8789
2415.26	97.9396
2417.19	97.9056
2419.12	97.8815
2421.05	97.9671
2422.98	98.0936
2424.91	98.1437
2426.84	98.0654
2428.77	97.9025
2430.7	97.7961
2432.62	97.8593
2434.55	98.0496
2436.48	98.2244
2438.41	98.3
2440.34	98.3308
2442.27	98.3879
2444.2	98.413
2446.13	98.3641
2448.06	98.3539
2449.99	98.4038
2451.92	98.3364
2453.85	98.1354
2455.77	98.0501
2457.7	98.1774
2459.63	98.3086
2461.56	98.2949
2463.49	98.249
2465.42	98.2843
2467.35	98.3271
2469.28	98.308
2471.21	98.2901
2473.14	98.3049
2475.07	98.3127
2476.99	98.3429
2478.92	98.4231
2480.85	98.4672
2482.78	98.4375
2484.71	98.4327
2486.64	98.4957
2488.57	98.5324
2490.5	98.4711
2492.43	98.3746
2494.36	98.3547
2496.29	98.3959
2498.22	98.3671
2500.14	98.2672
2502.07	98.2494
2504	98.3254
2505.93	98.3484
2507.86	98.3102
2509.79	98.3183
2511.72	98.3481
2513.65	98.3169
2515.58	98.2615
2517.51	98.2594
2519.44	98.3171
2521.36	98.3858
2523.29	98.4036
2525.22	98.3515
2527.15	98.2664
2529.08	98.1966
2531.01	98.213
2532.94	98.336
2534.87	98.3932
2536.8	98.238
2538.73	98.0709
2540.66	98.1282
2542.58	98.2493
2544.51	98.224
2546.44	98.2202
2548.37	98.3894
2550.3	98.5028
2552.23	98.3612
2554.16	98.1102
2556.09	97.9594
2558.02	97.9965
2559.95	98.2119
2561.88	98.4194
2563.81	98.4284
2565.73	98.3561
2567.66	98.3588
2569.59	98.3042
2571.52	98.1317
2573.45	98.0513
2575.38	98.0936
2577.31	98.0502
2579.24	97.9318
2581.17	97.9385
2583.1	98.0716
2585.03	98.1692
2586.95	98.169
2588.88	98.1185
2590.81	98.0496
2592.74	97.9593
2594.67	97.8541
2596.6	97.7531
2598.53	97.6834
2600.46	97.6667
2602.39	97.6672
2604.32	97.653
2606.25	97.6909
2608.18	97.7686
2610.1	97.7007
2612.03	97.4872
2613.96	97.3794
2615.89	97.4251
2617.82	97.4659
2619.75	97.4884
2621.68	97.4881
2623.61	97.3602
2625.54	97.1964
2627.47	97.1645
2629.4	97.1703
2631.32	97.1092
2633.25	97.0885
2635.18	97.122
2637.11	97.083
2639.04	96.9943
2640.97	96.966
2642.9	96.9829
2644.83	96.9777
2646.76	96.9475
2648.69	96.9264
2650.62	96.9316
2652.54	96.9361
2654.47	96.8989
2656.4	96.8275
2658.33	96.7591
2660.26	96.7082
2662.19	96.6736
2664.12	96.6527
2666.05	96.6512
2667.98	96.6787
2669.91	96.6936
2671.84	96.6261
2673.77	96.5213
2675.69	96.5081
2677.62	96.5849
2679.55	96.6332
2681.48	96.6207
2683.41	96.5833
2685.34	96.5107
2687.27	96.4293
2689.2	96.416
2691.13	96.4389
2693.06	96.4178
2694.99	96.407
2696.91	96.4647
2698.84	96.4944
2700.77	96.4371
2702.7	96.3919
2704.63	96.4161
2706.56	96.4424
2708.49	96.4209
2710.42	96.3674
2712.35	96.3157
2714.28	96.3025
2716.21	96.3352
2718.14	96.3589
2720.06	96.305
2721.99	96.1748
2723.92	96.048
2725.85	95.9909
2727.78	95.9959
2729.71	96.0369
2731.64	96.0917
2733.57	96.1032
2735.5	96.0453
2737.43	95.9775
2739.36	95.9244
2741.28	95.8425
2743.21	95.762
2745.14	95.7748
2747.07	95.8707
2749	95.9458
2750.93	95.9608
2752.86	95.9837
2754.79	96.06
2756.72	96.1092
2758.65	96.0368
2760.58	95.8944
2762.51	95.7996
2764.43	95.7665
2766.36	95.7382
2768.29	95.7009
2770.22	95.6808
2772.15	95.6888
2774.08	95.7079
2776.01	95.7164
2777.94	95.7093
2779.87	95.6874
2781.8	95.6429
2783.73	95.5749
2785.65	95.5008
2787.58	95.4594
2789.51	95.4857
2791.44	95.5382
2793.37	95.5217
2795.3	95.4538
2797.23	95.4615
2799.16	95.5442
2801.09	95.5528
2803.02	95.4554
2804.95	95.3826
2806.87	95.3769
2808.8	95.3347
2810.73	95.2049
2812.66	95.0505
2814.59	94.9202
2816.52	94.8011
2818.45	94.6927
2820.38	94.6236
2822.31	94.5789
2824.24	94.4776
2826.17	94.2733
2828.1	94.0405
2830.02	93.8898
2831.95	93.8021
2833.88	93.6414
2835.81	93.3681
2837.74	93.1165
2839.67	92.9666
2841.6	92.8043
2843.53	92.5433
2845.46	92.2861
2847.39	92.1197
2849.32	91.9627
2851.24	91.7061
2853.17	91.3189
2855.1	90.808
2857.03	90.215
2858.96	89.6083
2860.89	89.0323
2862.82	88.5095
2864.75	88.062
2866.68	87.698
2868.61	87.3969
2870.54	87.1171
2872.47	86.868
2874.39	86.7573
2876.32	86.8619
2878.25	87.1185
2880.18	87.4513
2882.11	87.8522
2884.04	88.2426
2885.97	88.4574
2887.9	88.4476
2889.83	88.347
2891.76	88.2888
2893.69	88.264
2895.61	88.2308
2897.54	88.2573
2899.47	88.3785
2901.4	88.4288
2903.33	88.2852
2905.26	88.1171
2907.19	88.0939
2909.12	88.0715
2911.05	87.8636
2912.98	87.5665
2914.91	87.3591
2916.83	87.2296
2918.76	87.0861
2920.69	86.9127
2922.62	86.6703
2924.55	86.2493
2926.48	85.6671
2928.41	85.1534
2930.34	84.8896
2932.27	84.8142
2934.2	84.8326
2936.13	85.003
2938.06	85.3273
2939.98	85.6135
2941.91	85.7348
2943.84	85.7656
2945.77	85.7427
2947.7	85.5464
2949.63	85.1129
2951.56	84.5736
2953.49	84.0745
2955.42	83.5972
2957.35	83.1435
2959.28	82.9424
2961.2	83.191
2963.13	83.8138
2965.06	84.7353
2966.99	85.9969
2968.92	87.391
2970.85	88.4697
2972.78	89.0869
2974.71	89.4867
2976.64	89.8667
2978.57	90.2651
2980.5	90.7417
2982.43	91.3121
2984.35	91.7945
2986.28	92.0151
2988.21	92.1217
2990.14	92.3797
2992.07	92.7471
2994	93.0066
2995.93	93.1587
2997.86	93.3456
2999.79	93.5952
3001.72	93.8664
3003.65	94.1309
3005.57	94.3668
3007.5	94.6054
3009.43	94.8818
3011.36	95.1433
3013.29	95.3523
3015.22	95.5298
3017.15	95.6172
3019.08	95.5834
3021.01	95.6432
3022.94	95.9888
3024.87	96.4056
3026.79	96.5437
3028.72	96.4296
3030.65	96.3453
3032.58	96.4194
3034.51	96.6029
3036.44	96.8088
3038.37	96.905
3040.3	96.8167
3042.23	96.6683
3044.16	96.5888
3046.09	96.5523
3048.02	96.5916
3049.94	96.7856
3051.87	96.9593
3053.8	96.9218
3055.73	96.8666
3057.66	96.9595
3059.59	96.9495
3061.52	96.7306
3063.45	96.6449
3065.38	96.8404
3067.31	97.0203
3069.24	96.9835
3071.16	96.8287
3073.09	96.7118
3075.02	96.7295
3076.95	96.8176
3078.88	96.7786
3080.81	96.6113
3082.74	96.5381
3084.67	96.6189
3086.6	96.7208
3088.53	96.8001
3090.46	96.8867
3092.39	96.9077
3094.31	96.7528
3096.24	96.4948
3098.17	96.3799
3100.1	96.4641
3102.03	96.4877
3103.96	96.3391
3105.89	96.2871
3107.82	96.473
3109.75	96.6514
3111.68	96.619
3113.61	96.4779
3115.53	96.4084
3117.46	96.448
3119.39	96.472
3121.32	96.3454
3123.25	96.1525
3125.18	96.1232
3127.11	96.2631
3129.04	96.3257
3130.97	96.2397
3132.9	96.2124
3134.83	96.2856
3136.75	96.2349
3138.68	96.0666
3140.61	96.0331
3142.54	96.1337
3144.47	96.2052
3146.4	96.3036
3148.33	96.4623
3150.26	96.5082
3152.19	96.4044
3154.12	96.2699
3156.05	96.1264
3157.98	95.9681
3159.9	95.8174
3161.83	95.7028
3163.76	95.7626
3165.69	96.0334
3167.62	96.2148
3169.55	96.1235
3171.48	96.0149
3173.41	96.0522
3175.34	96.0087
3177.27	95.7675
3179.2	95.6094
3181.12	95.7528
3183.05	95.9589
3184.98	95.8983
3186.91	95.6611
3188.84	95.5023
3190.77	95.3945
3192.7	95.2734
3194.63	95.2787
3196.56	95.4576
3198.49	95.6828
3200.42	95.848
3202.35	95.8439
3204.27	95.6495
3206.2	95.4763
3208.13	95.4466
3210.06	95.4254
3211.99	95.3803
3213.92	95.3898
3215.85	95.3725
3217.78	95.3086
3219.71	95.352
3221.64	95.4341
3223.57	95.319
3225.49	95.0714
3227.42	94.9269
3229.35	94.9322
3231.28	95.0719
3233.21	95.3219
3235.14	95.4416
3237.07	95.226
3239	94.8961
3240.93	94.7495
3242.86	94.7273
3244.79	94.7032
3246.72	94.7319
3248.64	94.791
3250.57	94.7545
3252.5	94.6707
3254.43	94.6762
3256.36	94.7288
3258.29	94.6896
3260.22	94.536
3262.15	94.3648
3264.08	94.2815
3266.01	94.3122
3267.94	94.3806
3269.86	94.3848
3271.79	94.3039
3273.72	94.2222
3275.65	94.2261
3277.58	94.3082
3279.51	94.434
3281.44	94.581
3283.37	94.6321
3285.3	94.4681
3287.23	94.2049
3289.16	94.0436
3291.08	93.9779
3293.01	93.9205
3294.94	93.8857
3296.87	93.8617
3298.8	93.8072
3300.73	93.7988
3302.66	93.875
3304.59	93.8776
3306.52	93.7142
3308.45	93.547
3310.38	93.538
3312.31	93.6389
3314.23	93.7313
3316.16	93.7635
3318.09	93.712
3320.02	93.5887
3321.95	93.4665
3323.88	93.3877
3325.81	93.3546
3327.74	93.4324
3329.67	93.6422
3331.6	93.8124
3333.53	93.8044
3335.45	93.7212
3337.38	93.6733
3339.31	93.6068
3341.24	93.4938
3343.17	93.4199
3345.1	93.442
3347.03	93.4954
3348.96	93.4469
3350.89	93.2938
3352.82	93.2426
3354.75	93.4015
3356.68	93.6159
3358.6	93.7634
3360.53	93.8316
3362.46	93.7479
3364.39	93.5728
3366.32	93.5384
3368.25	93.6186
3370.18	93.6025
3372.11	93.5472
3374.04	93.5756
3375.97	93.5962
3377.9	93.6027
3379.82	93.7239
3381.75	93.9066
3383.68	93.9848
3385.61	93.9125
3387.54	93.7711
3389.47	93.7236
3391.4	93.8449
3393.33	93.9496
3395.26	93.8735
3397.19	93.7743
3399.12	93.8188
3401.04	93.8798
3402.97	93.8158
3404.9	93.7223
3406.83	93.7328
3408.76	93.8249
3410.69	93.9127
3412.62	93.9667
3414.55	94.0048
3416.48	94.043
3418.41	94.0557
3420.34	94.0058
3422.27	93.9773
3424.19	94.123
3426.12	94.3452
3428.05	94.3358
3429.98	94.0835
3431.91	93.9284
3433.84	93.9938
3435.77	94.0829
3437.7	94.1431
3439.63	94.2874
3441.56	94.4731
3443.49	94.6007
3445.41	94.7269
3447.34	94.9058
3449.27	95.0279
3451.2	94.9989
3453.13	94.8986
3455.06	94.8087
3456.99	94.6529
3458.92	94.4371
3460.85	94.4385
3462.78	94.7673
3464.71	95.0567
3466.64	95.0579
3468.56	95.0289
3470.49	95.1533
3472.42	95.2007
3474.35	95.0104
3476.28	94.7682
3478.21	94.6756
3480.14	94.7632
3482.07	94.98
3484	95.1613
3485.93	95.1223
3487.86	94.9735
3489.78	95.0614
3491.71	95.4068
3493.64	95.5768
3495.57	95.3856
3497.5	95.2571
3499.43	95.4863
3501.36	95.7317
3503.29	95.6779
3505.22	95.5167
3507.15	95.4013
3509.08	95.2515
3511	95.1761
3512.93	95.2455
3514.86	95.2459
3516.79	95.1925
3518.72	95.3136
3520.65	95.4716
3522.58	95.4354
3524.51	95.3991
3526.44	95.5508
3528.37	95.703
3530.3	95.6903
3532.23	95.55
3534.15	95.3971
3536.08	95.4022
3538.01	95.5711
3539.94	95.61
3541.87	95.3922
3543.8	95.2116
3545.73	95.3741
3547.66	95.7211
3549.59	95.8867
3551.52	95.857
3553.45	95.7721
3555.37	95.576
3557.3	95.2867
3559.23	95.2143
3561.16	95.4723
3563.09	95.7214
3565.02	95.7914
3566.95	95.8527
3568.88	95.9309
3570.81	95.9675
3572.74	96.0447
3574.67	96.1508
3576.6	96.2516
3578.52	96.3743
3580.45	96.3336
3582.38	96.0258
3584.31	95.9163
3586.24	96.4034
3588.17	97.0006
3590.1	97.1208
3592.03	97.1676
3593.96	97.3773
3595.89	97.4912
3597.82	97.5475
3599.74	97.7596
3601.67	97.9253
3603.6	97.8672
3605.53	97.7643
3607.46	97.7371
3609.39	97.79
3611.32	97.967
3613.25	98.2245
3615.18	98.4766
3617.11	98.7243
3619.04	98.8304
3620.97	98.5376
3622.89	98.023
3624.82	97.6379
3626.75	97.4883
3628.68	97.6361
3630.61	97.8955
3632.54	97.9181
3634.47	97.7676
3636.4	97.6641
3638.33	97.6357
3640.26	97.5903
3642.19	97.6408
3644.11	97.9464
3646.04	98.3434
3647.97	98.5186
3649.9	98.4424
3651.83	98.3894
3653.76	98.3587
3655.69	98.2761
3657.62	98.1321
3659.55	97.8737
3661.48	97.5367
3663.41	97.3101
3665.33	97.3105
3667.26	97.5431
3669.19	98.0302
3671.12	98.4688
3673.05	98.6054
3674.98	98.8776
3676.91	99.3619
3678.84	99.3104
3680.77	98.7317
3682.7	98.1775
3684.63	97.9879
3686.56	98.2045
3688.48	98.656
3690.41	98.821
3692.34	98.5566
3694.27	98.4136
3696.2	98.5496
3698.13	98.7562
3700.06	99.0003
3701.99	99.2712
3703.92	99.2604
3705.85	99.0035
3707.78	98.998
3709.7	99.4182
3711.63	99.6528
3713.56	99.1849
3715.49	98.5686
3717.42	98.2953
3719.35	98.3661
3721.28	98.5789
3723.21	98.8996
3725.14	99.3926
3727.07	99.7104
3729	99.58
3730.93	99.4211
3732.85	99.7033
3734.78	100.068
3736.71	99.6714
3738.64	98.8715
3740.57	98.4494
3742.5	98.6272
3744.43	99.2364
3746.36	99.509
3748.29	99.3493
3750.22	99.291
3752.15	99.1912
3754.07	98.7401
3756	98.3391
3757.93	98.2265
3759.86	98.1831
3761.79	98.0264
3763.72	97.9397
3765.65	98.017
3767.58	98.1123
3769.51	98.0562
3771.44	97.7935
3773.37	97.5059
3775.29	97.4827
3777.22	97.742
3779.15	97.9632
3781.08	97.9153
3783.01	97.7688
3784.94	97.6608
3786.87	97.5456
3788.8	97.4038
3790.73	97.3093
3792.66	97.3829
3794.59	97.6816
3796.52	98.0715
3798.44	98.4134
3800.37	98.6853
3802.3	98.6677
3804.23	98.3147
3806.16	98.0361
3808.09	97.9461
3810.02	97.7958
3811.95	97.6589
3813.88	97.8505
3815.81	98.3744
3817.74	98.7912
3819.66	98.8994
3821.59	98.7477
3823.52	98.4578
3825.45	98.2303
3827.38	98.0385
3829.31	97.8668
3831.24	97.8752
3833.17	98.0421
3835.1	98.2143
3837.03	98.5021
3838.96	98.8858
3840.89	98.9035
3842.81	98.5212
3844.74	98.0801
3846.67	97.7289
3848.6	97.5505
3850.53	97.6978
3852.46	98.2265
3854.39	98.6059
3856.32	98.3723
3858.25	98.0213
3860.18	97.8762
3862.11	97.9217
3864.03	97.9549
3865.96	97.9129
3867.89	97.9842
3869.82	98.2071
3871.75	98.3287
3873.68	98.1544
3875.61	97.8505
3877.54	97.708
3879.47	97.8356
3881.4	98.0275
3883.33	98.065
3885.25	98.0248
3887.18	97.9957
3889.11	97.9681
3891.04	97.9835
3892.97	98.005
3894.9	97.8982
3896.83	97.7331
3898.76	97.754
3900.69	98.0687
3902.62	98.3142
3904.55	98.0665
3906.48	97.5544
3908.4	97.2744
3910.33	97.2643
3912.26	97.2811
3914.19	97.2704
3916.12	97.3868
3918.05	97.6118
3919.98	97.7024
3921.91	97.5747
3923.84	97.3551
3925.77	97.224
3927.7	97.2461
3929.62	97.2948
3931.55	97.3129
3933.48	97.4176
3935.41	97.5755
3937.34	97.5885
3939.27	97.4613
3941.2	97.369
3943.13	97.3552
3945.06	97.3312
3946.99	97.2917
3948.92	97.2933
3950.85	97.3292
3952.77	97.3274
3954.7	97.2495
3956.63	97.1554
3958.56	97.1275
3960.49	97.1429
3962.42	97.1282
3964.35	97.1076
3966.28	97.1535
3968.21	97.2161
3970.14	97.1655
3972.07	97.038
3973.99	97.0401
3975.92	97.2045
3977.85	97.2997
3979.78	97.1913
3981.71	97.0019
3983.64	96.8883
3985.57	96.8884
3987.5	96.9567
3989.43	97.0398
3991.36	97.1357
3993.29	97.2368
3995.22	97.2391
3997.14	97.0812
