499.643	80.3052
501.572	81.624
503.501	82.2578
505.43	82.2257
507.36	81.9385
509.289	81.7207
511.218	81.4506
513.147	81.1085
515.076	81.1387
517.005	81.5933
518.934	82.0744
520.863	82.5423
522.792	83.213
524.722	84.1419
526.651	84.9461
528.58	84.9814
530.509	84.4384
532.438	84.1766
534.367	84.4433
536.296	84.8941
538.225	85.4117
540.155	85.8605
542.084	85.9014
544.013	85.642
545.942	85.5545
547.871	85.7324
549.8	85.8464
551.729	85.8072
553.658	85.9663
555.588	86.3756
557.517	86.4637
559.446	86.0602
561.375	85.8007
563.304	86.0034
565.233	86.2969
567.162	86.4367
569.091	86.4541
571.021	86.3492
572.95	86.2476
574.879	86.3361
576.808	86.5233
578.737	86.6252
580.666	86.7022
582.595	86.8284
584.524	86.8916
586.454	86.8403
588.383	86.756
590.312	86.6542
592.241	86.5205
594.17	86.402
596.099	86.3447
598.028	86.4219
599.957	86.6333
601.887	86.7467
603.816	86.6667
605.745	86.6725
607.674	86.8962
609.603	87.1272
611.532	87.3073
613.461	87.5646
615.39	87.8103
617.32	87.812
619.249	87.6002
621.178	87.4909
623.107	87.6247
625.036	87.7806
626.965	87.7921
628.894	87.7729
630.823	87.7373
632.753	87.5995
634.682	87.4839
636.611	87.4911
638.54	87.5071
640.469	87.467
642.398	87.3457
644.327	87.1042
646.256	86.8753
648.186	86.768
650.115	86.6865
652.044	86.6565
653.973	86.7851
655.902	86.9052
657.831	86.9279
659.76	87.0745
661.689	87.3185
663.619	87.4812
665.548	87.9432
667.477	89.243
669.406	90.2164
671.335	89.9039
673.264	89.6771
675.193	89.8873
677.122	90.0623
679.052	90.1344
680.981	90.3273
682.91	90.3928
684.839	90.2144
686.768	90.1154
688.697	90.1174
690.626	89.968
692.555	89.698
694.485	89.4747
696.414	89.3438
698.343	89.3059
700.272	89.3062
702.201	89.2501
704.13	89.14
706.059	88.999
707.988	88.8016
709.917	88.6263
711.847	88.5803
713.776	88.5913
715.705	88.5861
717.634	88.6403
719.563	88.6992
721.492	88.5728
723.421	88.3282
725.35	88.136
727.28	87.8947
729.209	87.4745
731.138	86.9927
733.067	86.5593
734.996	86.1342
736.925	85.6844
738.854	85.1742
740.783	84.4958
742.713	83.5987
744.642	82.6533
746.571	82.0437
748.5	82.0839
750.429	82.7081
752.358	83.5814
754.287	84.4193
756.216	85.0589
758.146	85.4525
760.075	85.7113
762.004	85.9245
763.933	85.9966
765.862	85.8341
767.791	85.4838
769.72	84.9696
771.649	84.1895
773.579	82.9724
775.508	81.0925
777.437	78.2924
779.366	74.4811
781.295	70.0164
783.224	65.7723
785.153	62.8107
787.082	61.8697
789.012	63.131
790.941	66.3569
792.87	70.9423
794.799	75.8299
796.728	79.8542
798.657	82.4284
800.586	83.7088
802.515	84.1147
804.445	83.9488
806.374	83.3763
808.303	82.4975
810.232	81.4438
812.161	80.4517
814.09	79.8027
816.019	79.6989
817.948	80.1516
819.878	80.9382
821.807	81.7418
823.736	82.3594
825.665	82.7425
827.594	82.9095
829.523	82.8886
831.452	82.6883
833.381	82.2821
835.311	81.6315
837.24	80.7141
839.169	79.5219
841.098	78.0792
843.027	76.5126
844.956	75.0639
846.885	73.9432
848.814	73.1537
850.744	72.5055
852.673	71.8206
854.602	71.0818
856.531	70.3656
858.46	69.7301
860.389	69.2373
862.318	68.9912
864.247	69.068
866.177	69.4437
868.106	70.0246
870.035	70.7157
871.964	71.4265
873.893	72.0347
875.822	72.4339
877.751	72.6359
879.68	72.7476
881.609	72.8646
883.539	73.052
885.468	73.3425
887.397	73.6859
889.326	73.9933
891.255	74.2334
893.184	74.4071
895.113	74.5008
897.042	74.5417
898.972	74.631
900.901	74.9012
902.83	75.4714
904.759	76.3913
906.688	77.5902
908.617	78.899
910.546	80.1139
912.475	81.0391
914.405	81.5419
916.334	81.6014
918.263	81.2693
920.192	80.6016
922.121	79.6739
924.05	78.5868
925.979	77.3953
927.908	76.1002
929.838	74.7176
931.767	73.2842
933.696	71.8315
935.625	70.4092
937.554	69.0964
939.483	67.9913
941.412	67.1982
943.341	66.7509
945.271	66.5562
947.2	66.4986
949.129	66.5762
951.058	66.8845
952.987	67.4935
954.916	68.3396
956.845	69.2407
958.774	70.0377
960.704	70.6995
962.633	71.2974
964.562	71.9438
966.491	72.7312
968.42	73.6638
970.349	74.65
972.278	75.5642
974.207	76.3056
976.137	76.8142
978.066	77.0611
979.995	77.0447
981.924	76.7872
983.853	76.2952
985.782	75.5633
987.711	74.6892
989.64	73.924
991.57	73.4818
993.499	73.314
995.428	73.1501
997.357	72.7329
999.286	71.9567
1001.22	70.8413
1003.14	69.473
1005.07	67.9792
1007	66.5307
1008.93	65.3045
1010.86	64.3489
1012.79	63.4829
1014.72	62.4113
1016.65	60.9518
1018.58	59.1295
1020.51	57.1158
1022.44	55.1318
1024.36	53.403
1026.29	52.1784
1028.22	51.6722
1030.15	51.8635
1032.08	52.4225
1034.01	52.9837
1035.94	53.4636
1037.87	54.0149
1039.8	54.7529
1041.73	55.6909
1043.66	56.8754
1045.58	58.3843
1047.51	60.2054
1049.44	62.2157
1051.37	64.2014
1053.3	65.8724
1055.23	67.0278
1057.16	67.734
1059.09	68.2094
1061.02	68.5469
1062.95	68.6356
1064.88	68.3363
1066.81	67.7041
1068.73	67.0416
1070.66	66.7242
1072.59	66.9587
1074.52	67.679
1076.45	68.638
1078.38	69.5942
1080.31	70.4167
1082.24	71.0473
1084.17	71.4328
1086.1	71.5207
1088.03	71.2936
1089.95	70.7795
1091.88	70.0151
1093.81	69.0191
1095.74	67.8428
1097.67	66.6165
1099.6	65.4602
1101.53	64.3646
1103.46	63.2318
1105.39	62.0067
1107.32	60.7132
1109.25	59.4083
1111.18	58.1616
1113.1	57.0416
1115.03	56.0675
1116.96	55.1842
1118.89	54.3037
1120.82	53.3518
1122.75	52.2886
1124.68	51.1289
1126.61	49.9328
1128.54	48.7475
1130.47	47.5884
1132.4	46.482
1134.32	45.466
1136.25	44.5509
1138.18	43.74
1140.11	43.0647
1142.04	42.5582
1143.97	42.2366
1145.9	42.1205
1147.83	42.2247
1149.76	42.5174
1151.69	42.9301
1153.62	43.4249
1155.55	44.0178
1157.47	44.7069
1159.4	45.4334
1161.33	46.172
1163.26	46.9908
1165.19	47.9521
1167.12	49.0406
1169.05	50.2275
1170.98	51.5174
1172.91	52.926
1174.84	54.4581
1176.77	56.0799
1178.69	57.7182
1180.62	59.322
1182.55	60.8826
1184.48	62.3849
1186.41	63.8071
1188.34	65.1519
1190.27	66.4309
1192.2	67.6639
1194.13	68.9011
1196.06	70.1738
1197.99	71.4165
1199.91	72.4858
1201.84	73.2262
1203.77	73.4885
1205.7	73.1863
1207.63	72.3631
1209.56	71.122
1211.49	69.6028
1213.42	68.0092
1215.35	66.2841
1217.28	63.925
1219.21	60.7388
1221.14	57.3975
1223.06	54.5875
1224.99	52.2713
1226.92	50.1013
1228.85	47.9717
1230.78	45.9392
1232.71	44.0487
1234.64	42.3967
1236.57	41.0879
1238.5	40.1133
1240.43	39.3827
1242.36	38.8003
1244.28	38.2794
1246.21	37.7625
1248.14	37.2273
1250.07	36.6737
1252	36.1502
1253.93	35.7627
1255.86	35.625
1257.79	35.8257
1259.72	36.4091
1261.65	37.3561
1263.58	38.6166
1265.51	40.1439
1267.43	41.8848
1269.36	43.7787
1271.29	45.7478
1273.22	47.6954
1275.15	49.5713
1277.08	51.3883
1279.01	53.1598
1280.94	54.8902
1282.87	56.5941
1284.8	58.2782
1286.73	59.9385
1288.65	61.5596
1290.58	63.1007
1292.51	64.5416
1294.44	65.9267
1296.37	67.324
1298.3	68.7959
1300.23	70.4181
1302.16	72.2493
1304.09	74.2712
1306.02	76.3797
1307.95	78.4087
1309.87	80.1802
1311.8	81.5447
1313.73	82.3948
1315.66	82.711
1317.59	82.5884
1319.52	82.2413
1321.45	82.0098
1323.38	82.2005
1325.31	82.8863
1327.24	83.8575
1329.17	84.7873
1331.1	85.4889
1333.02	85.9371
1334.95	86.2068
1336.88	86.4714
1338.81	86.9167
1340.74	87.5802
1342.67	88.3711
1344.6	89.2456
1346.53	90.1574
1348.46	90.9369
1350.39	91.3582
1352.32	91.2766
1354.24	90.6784
1356.17	89.8294
1358.1	89.2235
1360.03	89.0889
1361.96	89.187
1363.89	89.0364
1365.82	88.3433
1367.75	87.1026
1369.68	85.6347
1371.61	84.4084
1373.54	83.4268
1375.47	82.4251
1377.39	81.4823
1379.32	80.7255
1381.25	80.1527
1383.18	79.8728
1385.11	80.0065
1387.04	80.5395
1388.97	81.1768
1390.9	81.6064
1392.83	81.8057
1394.76	81.7332
1396.69	81.2867
1398.61	80.5701
1400.54	79.8986
1402.47	79.5212
1404.4	79.4999
1406.33	79.826
1408.26	80.4276
1410.19	81.3028
1412.12	82.4522
1414.05	83.6473
1415.98	84.8429
1417.91	86.2025
1419.83	87.373
1421.76	87.9263
1423.69	88.048
1425.62	87.9356
1427.55	87.6064
1429.48	86.8268
1431.41	85.5833
1433.34	84.3393
1435.27	83.042
1437.2	81.2565
1439.13	79.4647
1441.06	78.1376
1442.98	77.0985
1444.91	76.3613
1446.84	75.9332
1448.77	75.5941
1450.7	75.4131
1452.63	75.6734
1454.56	76.4727
1456.49	77.8042
1458.42	78.9709
1460.35	79.5821
1462.28	80.3339
1464.2	81.5322
1466.13	82.7938
1468.06	83.7698
1469.99	84.8455
1471.92	86.1769
1473.85	87.045
1475.78	87.2135
1477.71	87.3795
1479.64	87.7099
1481.57	88.0772
1483.5	88.4621
1485.43	88.9921
1487.35	89.8472
1489.28	90.9377
1491.21	91.7361
1493.14	92.3102
1495.07	93.1189
1497	94.1112
1498.93	94.7141
1500.86	94.9231
1502.79	95.2008
1504.72	95.7954
1506.65	96.6711
1508.57	96.9195
1510.5	96.5563
1512.43	96.3438
1514.36	96.4584
1516.29	96.7624
1518.22	97.0348
1520.15	97.1865
1522.08	97.199
1524.01	97.1422
1525.94	97.0237
1527.87	96.8228
1529.8	96.7211
1531.72	96.8405
1533.65	96.9745
1535.58	96.9681
1537.51	97.1713
1539.44	97.8271
1541.37	98.168
1543.3	97.6045
1545.23	97.0155
1547.16	96.7332
1549.09	96.6989
1551.02	96.7509
1552.94	96.7814
1554.87	96.963
1556.8	97.5124
1558.73	97.9184
1560.66	97.3103
1562.59	96.6233
1564.52	96.3124
1566.45	96.3093
1568.38	96.4229
1570.31	96.2835
1572.24	96.0139
1574.16	96.0186
1576.09	96.1632
1578.02	95.929
1579.95	95.5398
1581.88	95.3828
1583.81	95.4051
1585.74	95.4338
1587.67	95.4406
1589.6	95.4845
1591.53	95.5886
1593.46	95.704
1595.39	95.7288
1597.31	95.6353
1599.24	95.5327
1601.17	95.4961
1603.1	95.4624
1605.03	95.3934
1606.96	95.3752
1608.89	95.3867
1610.82	95.2872
1612.75	95.2043
1614.68	95.3417
1616.61	95.4334
1618.53	95.1185
1620.46	94.7775
1622.39	94.5924
1624.32	94.3407
1626.25	93.9495
1628.18	93.4441
1630.11	92.8755
1632.04	92.5287
1633.97	92.5247
1635.9	92.466
1637.83	92.1108
1639.76	92.0881
1641.68	92.5883
1643.61	93.421
1645.54	94.4551
1647.47	95.1778
1649.4	95.2872
1651.33	95.4494
1653.26	95.814
1655.19	95.4291
1657.12	94.7866
1659.05	94.5504
1660.98	94.5991
1662.9	94.5118
1664.83	94.2656
1666.76	94.2508
1668.69	94.4311
1670.62	94.3103
1672.55	93.9272
1674.48	93.6212
1676.41	93.254
1678.34	92.876
1680.27	92.7586
1682.2	92.7972
1684.12	92.5155
1686.05	91.7521
1687.98	90.9155
1689.91	90.1597
1691.84	89.4646
1693.77	88.6689
1695.7	87.7527
1697.63	86.6885
1699.56	84.8342
1701.49	82.2553
1703.42	79.7966
1705.35	77.0537
1707.27	73.5635
1709.2	70.0093
1711.13	66.8355
1713.06	63.9171
1714.99	61.4098
1716.92	59.0685
1718.85	56.6135
1720.78	55.051
1722.71	54.5826
1724.64	54.6945
1726.57	55.2364
1728.49	56.1014
1730.42	57.052
1732.35	58.1232
1734.28	59.0981
1736.21	59.4078
1738.14	59.2924
1740.07	59.043
1742	58.7451
1743.93	58.7536
1745.86	59.274
1747.79	60.3883
1749.72	62.3003
1751.64	64.5371
1753.57	66.6785
1755.5	69.2515
1757.43	72.471
1759.36	75.8684
1761.29	79.2696
1763.22	82.5411
1765.15	85.2341
1767.08	87.4979
1769.01	89.7788
1770.94	91.9328
1772.86	93.4717
1774.79	94.3107
1776.72	94.7334
1778.65	95.1037
1780.58	95.6141
1782.51	96.0519
1784.44	96.2843
1786.37	96.473
1788.3	96.6923
1790.23	96.9846
1792.16	97.2963
1794.08	97.2817
1796.01	97.0324
1797.94	96.9273
1799.87	96.9386
1801.8	96.8709
1803.73	96.7752
1805.66	96.7274
1807.59	96.7269
1809.52	96.7774
1811.45	96.7852
1813.38	96.715
1815.31	96.7027
1817.23	96.7787
1819.16	96.8485
1821.09	96.9107
1823.02	97.0311
1824.95	97.2437
1826.88	97.4988
1828.81	97.5985
1830.74	97.3964
1832.67	97.1544
1834.6	97.1922
1836.53	97.4029
1838.45	97.4417
1840.38	97.2925
1842.31	97.2915
1844.24	97.5179
1846.17	97.6045
1848.1	97.4673
1850.03	97.3928
1851.96	97.5001
1853.89	97.639
1855.82	97.5974
1857.75	97.4281
1859.68	97.4137
1861.6	97.6088
1863.53	97.8405
1865.46	98.0961
1867.39	98.3291
1869.32	98.2655
1871.25	97.9813
1873.18	97.8
1875.11	97.7229
1877.04	97.7209
1878.97	97.8521
1880.9	98.0168
1882.82	98.0953
1884.75	98.1314
1886.68	98.1684
1888.61	98.2002
1890.54	98.2424
1892.47	98.269
1894.4	98.255
1896.33	98.2516
1898.26	98.2857
1900.19	98.3244
1902.12	98.3618
1904.05	98.4002
1905.97	98.4381
1907.9	98.5549
1909.83	98.7939
1911.76	98.9441
1913.69	98.8534
1915.62	98.7423
1917.55	98.7685
1919.48	98.7039
1921.41	98.5217
1923.34	98.5826
1925.27	98.9131
1927.19	99.1364
1929.12	99.1165
1931.05	98.9979
1932.98	98.9293
1934.91	98.987
1936.84	99.1019
1938.77	99.1699
1940.7	99.2447
1942.63	99.3664
1944.56	99.4232
1946.49	99.3991
1948.41	99.3987
1950.34	99.4491
1952.27	99.5237
1954.2	99.6015
1956.13	99.6425
1958.06	99.6383
1959.99	99.6608
1961.92	99.773
1963.85	99.9224
1965.78	99.9964
1967.71	99.9629
1969.64	99.9065
1971.56	99.9202
1973.49	100.011
1975.42	100.106
1977.35	100.15
1979.28	100.18
1981.21	100.238
1983.14	100.287
1985.07	100.241
1987	100.091
1988.93	100.03
1990.86	100.203
1992.78	100.358
1994.71	100.228
1996.64	100.025
1998.57	99.9636
2000.5	99.9386
2002.43	99.9379
2004.36	100.107
2006.29	100.337
2008.22	100.375
2010.15	100.26
2012.08	100.251
2014.01	100.413
2015.93	100.527
2017.86	100.484
2019.79	100.48
2021.72	100.561
2023.65	100.491
2025.58	100.279
2027.51	100.2
2029.44	100.294
2031.37	100.396
2033.3	100.477
2035.23	100.583
2037.15	100.677
2039.08	100.7
2041.01	100.614
2042.94	100.429
2044.87	100.256
2046.8	100.232
2048.73	100.376
2050.66	100.533
2052.59	100.532
2054.52	100.368
2056.45	100.181
2058.37	100.005
2060.3	99.6901
2062.23	99.2637
2064.16	99.1026
2066.09	99.394
2068.02	99.7753
2069.95	99.8987
2071.88	99.8787
2073.81	99.8887
2075.74	99.867
2077.67	99.778
2079.6	99.7029
2081.52	99.648
2083.45	99.5789
2085.38	99.5312
2087.31	99.4882
2089.24	99.3698
2091.17	99.27
2093.1	99.3779
2095.03	99.595
2096.96	99.6389
2098.89	99.4977
2100.82	99.3601
2102.74	99.2919
2104.67	99.3018
2106.6	99.3968
2108.53	99.4715
2110.46	99.4505
2112.39	99.4076
2114.32	99.3664
2116.25	99.287
2118.18	99.2641
2120.11	99.3831
2122.04	99.4959
2123.97	99.4619
2125.89	99.4277
2127.82	99.5693
2129.75	99.7538
2131.68	99.7437
2133.61	99.5979
2135.54	99.6155
2137.47	99.9151
2139.4	100.269
2141.33	100.411
2143.26	100.361
2145.19	100.279
2147.11	100.214
2149.04	100.194
2150.97	100.307
2152.9	100.499
2154.83	100.622
2156.76	100.699
2158.69	100.83
2160.62	100.912
2162.55	100.775
2164.48	100.474
2166.41	100.259
2168.33	100.264
2170.26	100.374
2172.19	100.448
2174.12	100.439
2176.05	100.304
2177.98	100.098
2179.91	100.002
2181.84	100.046
2183.77	100.15
2185.7	100.354
2187.63	100.59
2189.56	100.633
2191.48	100.483
2193.41	100.251
2195.34	99.8779
2197.27	99.5077
2199.2	99.5499
2201.13	99.9415
2203.06	100.147
2204.99	100.053
2206.92	100.041
2208.85	100.211
2210.78	100.309
2212.7	100.272
2214.63	100.206
2216.56	100.072
2218.49	99.86
2220.42	99.7976
2222.35	99.9624
2224.28	100.052
2226.21	99.9118
2228.14	99.8324
2230.07	99.9982
2232	100.174
2233.93	100.196
2235.85	100.194
2237.78	100.212
2239.71	100.165
2241.64	100.113
2243.57	100.099
2245.5	100.025
2247.43	99.9624
2249.36	100.089
2251.29	100.249
2253.22	100.187
2255.15	100.033
2257.07	99.9839
2259	99.9199
2260.93	99.7876
2262.86	99.7723
2264.79	99.8659
2266.72	99.856
2268.65	99.7748
2270.58	99.8159
2272.51	99.9299
2274.44	99.9244
2276.37	99.7815
2278.29	99.6204
2280.22	99.5222
2282.15	99.5001
2284.08	99.5161
2286.01	99.5163
2287.94	99.5151
2289.87	99.5988
2291.8	99.8191
2293.73	100.138
2295.66	100.468
2297.59	100.737
2299.52	100.949
2301.44	101.167
2303.37	101.437
2305.3	101.785
2307.23	102.265
2309.16	102.854
2311.09	103.432
2313.02	103.997
2314.95	104.6
2316.88	105.166
2318.81	105.767
2320.74	106.658
2322.66	107.631
2324.59	108.195
2326.52	108.542
2328.45	109.16
2330.38	109.895
2332.31	110.342
2334.24	110.699
2336.17	111.154
2338.1	111.368
2340.03	111.386
2341.96	111.602
2343.89	111.186
2345.81	109.441
2347.74	108.028
2349.67	108.185
2351.6	109.81
2353.53	112.158
2355.46	114.18
2357.39	115.554
2359.32	116.222
2361.25	116.116
2363.18	115.622
2365.11	114.565
2367.03	112.804
2368.96	110.949
2370.89	109.146
2372.82	107.088
2374.75	104.983
2376.68	103.259
2378.61	101.922
2380.54	100.752
2382.47	99.7146
2384.4	98.8912
2386.33	98.2828
2388.26	97.8843
2390.18	97.7265
2392.11	97.7318
2394.04	97.7322
2395.97	97.6777
2397.9	97.6405
2399.83	97.6408
2401.76	97.6369
2403.69	97.6393
2405.62	97.6857
2407.55	97.7529
2409.48	97.8144
2411.4	97.8901
2413.33	97.9437
2415.26	97.9226
2417.19	97.9231
2419.12	98.0321
2421.05	98.1175
2422.98	98.0766
2424.91	98.009
2426.84	97.9413
2428.77	97.7949
2430.7	97.6668
2432.62	97.7159
2434.55	97.8882
2436.48	98.0547
2438.41	98.2088
2440.34	98.3663
2442.27	98.4739
2444.2	98.4779
2446.13	98.3889
2448.06	98.2948
2449.99	98.2877
2451.92	98.3289
2453.85	98.2912
2455.77	98.1817
2457.7	98.1337
2459.63	98.1649
2461.56	98.173
2463.49	98.1427
2465.42	98.1433
2467.35	98.2017
2469.28	98.2824
2471.21	98.2944
2473.14	98.1974
2475.07	98.1592
2476.99	98.3321
2478.92	98.534
2480.85	98.5368
2482.78	98.4456
2484.71	98.4369
2486.64	98.4756
2488.57	98.4898
2490.5	98.4772
2492.43	98.4442
2494.36	98.4374
2496.29	98.474
2498.22	98.4597
2500.14	98.3615
2502.07	98.278
2504	98.2632
2505.93	98.2993
2507.86	98.358
2509.79	98.3844
2511.72	98.3832
2513.65	98.4185
2515.58	98.4364
2517.51	98.387
2519.44	98.4077
2521.36	98.5283
2523.29	98.541
2525.22	98.4106
2527.15	98.3282
2529.08	98.3442
2531.01	98.3813
2532.94	98.3868
2534.87	98.2847
2536.8	98.1317
2538.73	98.1569
2540.66	98.316
2542.58	98.3023
2544.51	98.178
2546.44	98.28
2548.37	98.5182
2550.3	98.536
2552.23	98.3476
2554.16	98.1752
2556.09	98.0597
2558.02	98.0459
2559.95	98.2213
2561.88	98.4239
2563.81	98.4286
2565.73	98.317
2567.66	98.2541
2569.59	98.197
2571.52	98.0772
2573.45	97.9766
2575.38	97.9903
2577.31	98.0665
2579.24	98.0574
2581.17	97.9557
2583.1	97.9421
2585.03	98.0872
2586.95	98.2237
2588.88	98.2001
2590.81	98.029
2592.74	97.8141
2594.67	97.6834
2596.6	97.6782
2598.53	97.7154
2600.46	97.7408
2602.39	97.7651
2604.32	97.773
2606.25	97.7652
2608.18	97.7595
2610.1	97.7066
2612.03	97.58
2613.96	97.4548
2615.89	97.3884
2617.82	97.365
2619.75	97.3375
2621.68	97.2575
2623.61	97.1783
2625.54	97.2238
2627.47	97.3372
2629.4	97.3258
2631.32	97.2
2633.25	97.1328
2635.18	97.1472
2637.11	97.1496
2639.04	97.1238
2640.97	97.0889
2642.9	97.0256
2644.83	96.9313
2646.76	96.8439
2648.69	96.809
2650.62	96.847
2652.54	96.9123
2654.47	96.9201
2656.4	96.8493
2658.33	96.7531
2660.26	96.6724
2662.19	96.6137
2664.12	96.5879
2666.05	96.5996
2667.98	96.6186
2669.91	96.604
2671.84	96.5531
2673.77	96.5098
2675.69	96.5177
2677.62	96.5665
2679.55	96.601
2681.48	96.5859
2683.41	96.5357
2685.34	96.4856
2687.27	96.4672
2689.2	96.4871
2691.13	96.5019
2693.06	96.4665
2694.99	96.4141
2696.91	96.4092
2698.84	96.442
2700.77	96.4588
2702.7	96.4417
2704.63	96.3959
2706.56	96.3378
2708.49	96.3098
2710.42	96.3254
2712.35	96.3467
2714.28	96.3641
2716.21	96.3897
2718.14	96.3706
2720.06	96.2632
2721.99	96.149
2723.92	96.1132
2725.85	96.1019
2727.78	96.0423
2729.71	95.9755
2731.64	95.9661
2733.57	96.0052
2735.5	96.0478
2737.43	96.0457
2739.36	95.9752
2741.28	95.8896
2743.21	95.858
2745.14	95.853
2747.07	95.8144
2749	95.7771
2750.93	95.8157
2752.86	95.9203
2754.79	96.0077
2756.72	96.0128
2758.65	95.9515
2760.58	95.9034
2762.51	95.8953
2764.43	95.8495
2766.36	95.737
2768.29	95.6639
2770.22	95.6724
2772.15	95.6449
2774.08	95.5429
2776.01	95.4904
2777.94	95.5262
2779.87	95.5609
2781.8	95.5853
2783.73	95.6378
2785.65	95.6527
2787.58	95.5722
2789.51	95.4735
2791.44	95.4469
2793.37	95.4853
2795.3	95.5394
2797.23	95.5861
2799.16	95.6309
2801.09	95.6556
2803.02	95.6002
2804.95	95.4663
2806.87	95.3596
2808.8	95.3203
2810.73	95.23
2812.66	95.0041
2814.59	94.7422
2816.52	94.5911
2818.45	94.561
2820.38	94.5445
2822.31	94.4639
2824.24	94.3367
2826.17	94.1895
2828.1	94.0206
2830.02	93.8791
2831.95	93.8039
2833.88	93.687
2835.81	93.4409
2837.74	93.1755
2839.67	92.9565
2841.6	92.6933
2843.53	92.4348
2845.46	92.3239
2847.39	92.2377
2849.32	91.9717
2851.24	91.5977
2853.17	91.2062
2855.1	90.6867
2857.03	90.0524
2858.96	89.4998
2860.89	89.0451
2862.82	88.5349
2864.75	87.9944
2866.68	87.596
2868.61	87.3405
2870.54	87.0929
2872.47	86.8703
2874.39	86.7913
2876.32	86.8313
2878.25	86.9396
2880.18	87.2393
2882.11	87.7716
2884.04	88.2504
2885.97	88.3997
2887.9	88.3143
2889.83	88.2357
2891.76	88.2257
2893.69	88.2275
2895.61	88.2195
2897.54	88.2197
2899.47	88.2588
2901.4	88.3206
2903.33	88.3078
2905.26	88.1916
2907.19	88.0922
2909.12	88.0611
2911.05	87.9666
2912.98	87.7106
2914.91	87.381
2916.83	87.1418
2918.76	87.0406
2920.69	86.9121
2922.62	86.5611
2924.55	86.055
2926.48	85.6238
2928.41	85.3133
2930.34	85.0122
2932.27	84.7438
2934.2	84.6829
2936.13	84.9142
2938.06	85.3123
2939.98	85.67
2941.91	85.87
2943.84	85.8958
2945.77	85.7496
2947.7	85.4479
2949.63	85.051
2951.56	84.6104
2953.49	84.1127
2955.42	83.5552
2957.35	83.0835
2959.28	82.9309
2961.2	83.1866
2963.13	83.8015
2965.06	84.8005
2966.99	86.1947
2968.92	87.6738
2970.85	88.7168
2972.78	89.1487
2974.71	89.3345
2976.64	89.6834
2978.57	90.2454
2980.5	90.8918
2982.43	91.5289
2984.35	91.9842
2986.28	92.1026
2988.21	92.069
2990.14	92.1964
2992.07	92.4747
2994	92.7212
2995.93	92.932
2997.86	93.2104
2999.79	93.5828
3001.72	93.9546
3003.65	94.1729
3005.57	94.2638
3007.5	94.4619
3009.43	94.8207
3011.36	95.156
3013.29	95.4244
3015.22	95.6691
3017.15	95.7496
3019.08	95.6355
3021.01	95.6319
3022.94	95.9185
3024.87	96.2708
3026.79	96.4336
3028.72	96.4331
3030.65	96.452
3032.58	96.5899
3034.51	96.7546
3036.44	96.8009
3038.37	96.7425
3040.3	96.6863
3042.23	96.6189
3044.16	96.4514
3046.09	96.26
3048.02	96.3043
3049.94	96.6688
3051.87	97.0327
3053.8	97.0985
3055.73	97.0358
3057.66	97.0745
3059.59	97.0623
3061.52	96.8928
3063.45	96.8102
3065.38	96.916
3067.31	96.9678
3069.24	96.8305
3071.16	96.6189
3073.09	96.4758
3075.02	96.5057
3076.95	96.6645
3078.88	96.6959
3080.81	96.5038
3082.74	96.3786
3084.67	96.5528
3086.6	96.8513
3088.53	96.9836
3090.46	96.9072
3092.39	96.7674
3094.31	96.6411
3096.24	96.4985
3098.17	96.3867
3100.1	96.4059
3102.03	96.4734
3103.96	96.4401
3105.89	96.3947
3107.82	96.4568
3109.75	96.498
3111.68	96.4219
3113.61	96.3456
3115.53	96.3079
3117.46	96.244
3119.39	96.2146
3121.32	96.2732
3123.25	96.33
3125.18	96.3498
3127.11	96.3461
3129.04	96.2518
3130.97	96.1457
3132.9	96.2316
3134.83	96.3718
3136.75	96.2767
3138.68	96.1145
3140.61	96.1455
3142.54	96.1996
3144.47	96.1762
3146.4	96.2691
3148.33	96.358
3150.26	96.1906
3152.19	95.9899
3154.12	95.9569
3156.05	95.8946
3157.98	95.8223
3159.9	95.9377
3161.83	96.0172
3163.76	95.8582
3165.69	95.7738
3167.62	95.9364
3169.55	96.0353
3171.48	95.9415
3173.41	95.9079
3175.34	96.0116
3177.27	96.0318
3179.2	95.8909
3181.12	95.7713
3183.05	95.7662
3184.98	95.7595
3186.91	95.6795
3188.84	95.58
3190.77	95.4748
3192.7	95.3626
3194.63	95.3365
3196.56	95.4603
3198.49	95.6408
3200.42	95.7349
3202.35	95.7103
3204.27	95.6512
3206.2	95.606
3208.13	95.5081
3210.06	95.3628
3211.99	95.3292
3213.92	95.4314
3215.85	95.4997
3217.78	95.5135
3219.71	95.5721
3221.64	95.5603
3223.57	95.3423
3225.49	95.0865
3227.42	94.9664
3229.35	94.8973
3231.28	94.8557
3233.21	95.0035
3235.14	95.289
3237.07	95.3809
3239	95.2016
3240.93	95.0803
3242.86	95.1472
3244.79	95.1057
3246.72	94.8421
3248.64	94.6083
3250.57	94.47
3252.5	94.3301
3254.43	94.3199
3256.36	94.4755
3258.29	94.5476
3260.22	94.5253
3262.15	94.5718
3264.08	94.5316
3266.01	94.2987
3267.94	94.1417
3269.86	94.162
3271.79	94.1828
3273.72	94.1993
3275.65	94.2573
3277.58	94.2458
3279.51	94.2135
3281.44	94.3394
3283.37	94.5125
3285.3	94.4671
3287.23	94.2316
3289.16	94.0686
3291.08	94.0952
3293.01	94.1682
3294.94	94.1194
3296.87	93.9816
3298.8	93.9018
3300.73	93.9242
3302.66	93.9639
3304.59	93.9273
3306.52	93.8042
3308.45	93.6775
3310.38	93.619
3312.31	93.613
3314.23	93.6182
3316.16	93.5926
3318.09	93.5015
3320.02	93.4171
3321.95	93.4247
3323.88	93.4332
3325.81	93.3873
3327.74	93.4534
3329.67	93.6538
3331.6	93.7403
3333.53	93.655
3335.45	93.5687
3337.38	93.4963
3339.31	93.4011
3341.24	93.398
3343.17	93.5101
3345.1	93.6108
3347.03	93.6512
3348.96	93.6074
3350.89	93.4703
3352.82	93.4041
3354.75	93.5116
3356.68	93.6337
3358.6	93.6486
3360.53	93.5927
3362.46	93.5014
3364.39	93.4774
3366.32	93.6112
3368.25	93.7266
3370.18	93.6671
3372.11	93.6017
3374.04	93.6226
3375.97	93.574
3377.9	93.4881
3379.82	93.5366
3381.75	93.6353
3383.68	93.6507
3385.61	93.6669
3387.54	93.722
3389.47	93.7222
3391.4	93.6868
3393.33	93.6949
3395.26	93.7212
3397.19	93.7386
3399.12	93.7704
3401.04	93.7977
3402.97	93.7989
3404.9	93.8035
3406.83	93.8195
3408.76	93.8146
3410.69	93.7889
3412.62	93.7887
3414.55	93.8657
3416.48	94.0286
3418.41	94.198
3420.34	94.2556
3422.27	94.212
3424.19	94.2233
3426.12	94.2949
3428.05	94.2241
3429.98	94.0226
3431.91	93.979
3433.84	94.1084
3435.77	94.1497
3437.7	94.1544
3439.63	94.3173
3441.56	94.4802
3443.49	94.511
3445.41	94.6193
3447.34	94.8531
3449.27	94.9766
3451.2	94.9475
3453.13	94.8656
3455.06	94.7165
3456.99	94.5513
3458.92	94.521
3460.85	94.6844
3462.78	94.9945
3464.71	95.2514
3466.64	95.17
3468.56	94.8147
3470.49	94.6154
3472.42	94.7272
3474.35	94.8697
3476.28	94.8678
3478.21	94.8422
3480.14	94.897
3482.07	94.9947
3484	95.0189
3485.93	94.912
3487.86	94.8778
3489.78	95.1683
3491.71	95.5551
3493.64	95.5828
3495.57	95.3167
3497.5	95.1968
3499.43	95.3225
3501.36	95.4892
3503.29	95.5436
3505.22	95.365
3507.15	95.0327
3509.08	94.942
3511	95.2658
3512.93	95.5994
3514.86	95.623
3516.79	95.5005
3518.72	95.3998
3520.65	95.2648
3522.58	95.1159
3524.51	95.1349
3526.44	95.3781
3528.37	95.6038
3530.3	95.5196
3532.23	95.2393
3534.15	95.1807
3536.08	95.4178
3538.01	95.5553
3539.94	95.4113
3541.87	95.2789
3543.8	95.3315
3545.73	95.4029
3547.66	95.3684
3549.59	95.3216
3551.52	95.3681
3553.45	95.5395
3555.37	95.6879
3557.3	95.5827
3559.23	95.309
3561.16	95.219
3563.09	95.3294
3565.02	95.3504
3566.95	95.3421
3568.88	95.505
3570.81	95.5894
3572.74	95.5443
3574.67	95.678
3576.6	95.9923
3578.52	96.1491
3580.45	96.0914
3582.38	96.0002
3584.31	95.9927
3586.24	96.2434
3588.17	96.781
3590.1	97.1166
3592.03	97.0801
3593.96	96.9943
3595.89	97.1124
3597.82	97.425
3599.74	97.7135
3601.67	97.6929
3603.6	97.4196
3605.53	97.2881
3607.46	97.3798
3609.39	97.3785
3611.32	97.2687
3613.25	97.4048
3615.18	97.7904
3617.11	98.102
3619.04	98.2066
3620.97	98.1664
3622.89	98.0503
3624.82	97.96
3626.75	98.0387
3628.68	98.2527
3630.61	98.1631
3632.54	97.7644
3634.47	97.5172
3636.4	97.5515
3638.33	97.576
3640.26	97.4446
3642.19	97.4292
3644.11	97.6944
3646.04	97.9978
3647.97	98.0844
3649.9	98.0195
3651.83	97.9784
3653.76	97.8962
3655.69	97.8178
3657.62	97.9249
3659.55	98.0686
3661.48	97.8952
3663.41	97.454
3665.33	97.19
3667.26	97.3487
3669.19	97.7827
3671.12	98.188
3673.05	98.597
3674.98	99.1141
3676.91	99.1038
3678.84	98.342
3680.77	97.7091
3682.7	97.5791
3684.63	97.6702
3686.56	97.789
3688.48	98.1146
3690.41	98.4044
3692.34	98.2179
3694.27	98.056
3696.2	98.3345
3698.13	98.7082
3700.06	98.6978
3701.99	98.3939
3703.92	98.2387
3705.85	98.3651
3707.78	98.6464
3709.7	98.9523
3711.63	99.0024
3713.56	98.6949
3715.49	98.4441
3717.42	98.4582
3719.35	98.5215
3721.28	98.433
3723.21	98.4551
3725.14	98.7984
3727.07	99.0521
3729	98.9553
3730.93	98.9332
3732.85	99.3982
3734.78	99.9267
3736.71	99.5071
3738.64	98.552
3740.57	98.1984
3742.5	98.7133
3744.43	99.369
3746.36	99.0833
3748.29	98.5752
3750.22	98.6894
3752.15	98.87
3754.07	98.5967
3756	98.4403
3757.93	98.4942
3759.86	98.3126
3761.79	97.9377
3763.72	97.7702
3765.65	97.7797
3767.58	97.7727
3769.51	97.7391
3771.44	97.6686
3773.37	97.5665
3775.29	97.545
3777.22	97.5842
3779.15	97.5412
3781.08	97.4488
3783.01	97.4362
3784.94	97.4645
3786.87	97.4635
3788.8	97.424
3790.73	97.3743
3792.66	97.4553
3794.59	97.7989
3796.52	98.2085
3798.44	98.3702
3800.37	98.3256
3802.3	98.2415
3804.23	98.1413
3806.16	98.0472
3808.09	97.9062
3810.02	97.6753
3811.95	97.6293
3813.88	98.0494
3815.81	98.6938
3817.74	98.9073
3819.66	98.7485
3821.59	98.561
3823.52	98.3272
3825.45	98.0772
3827.38	97.9041
3829.31	97.8402
3831.24	97.9404
3833.17	98.1249
3835.1	98.1807
3837.03	98.1879
3838.96	98.3934
3840.89	98.5441
3842.81	98.3321
3844.74	97.9058
3846.67	97.4947
3848.6	97.2621
3850.53	97.4247
3852.46	98.1472
3854.39	98.7211
3856.32	98.3764
3858.25	97.8577
3860.18	97.6775
3862.11	97.8067
3864.03	97.9696
3865.96	98.0416
3867.89	98.1812
3869.82	98.3915
3871.75	98.3812
3873.68	98.011
3875.61	97.5793
3877.54	97.4436
3879.47	97.6887
3881.4	97.9939
3883.33	98.0216
3885.25	97.89
3887.18	97.8171
3889.11	97.7849
3891.04	97.7447
3892.97	97.7102
3894.9	97.6558
3896.83	97.6064
3898.76	97.7237
3900.69	98.0796
3902.62	98.2859
3904.55	97.9584
3906.48	97.4475
3908.4	97.2531
3910.33	97.2955
3912.26	97.2902
3914.19	97.2519
3916.12	97.3483
3918.05	97.4768
3919.98	97.4236
3921.91	97.2668
3923.84	97.1768
3925.77	97.1868
3927.7	97.2391
3929.62	97.2943
3931.55	97.3796
3933.48	97.508
3935.41	97.5721
3937.34	97.4747
3939.27	97.2786
3941.2	97.1552
3943.13	97.2237
3945.06	97.3828
3946.99	97.4077
3948.92	97.3065
3950.85	97.3321
3952.77	97.4718
3954.7	97.4157
3956.63	97.1623
3958.56	97.0298
3960.49	97.0818
3962.42	97.1496
3964.35	97.2182
3966.28	97.2784
3968.21	97.2034
3970.14	97.0394
3972.07	96.9824
3973.99	97.0589
3975.92	97.1678
3977.85	97.2491
3979.78	97.2788
3981.71	97.277
3983.64	97.253
3985.57	97.1276
3987.5	96.9133
3989.43	96.8146
3991.36	96.9422
3993.29	97.1472
3995.22	97.241
3997.14	97.1831
