499.643	81.1499
501.572	81.6349
503.501	81.8434
505.43	81.7731
507.36	81.3727
509.289	81.2
511.218	81.2292
513.147	81.1429
515.076	81.276
517.005	81.7459
518.934	82.1721
520.863	82.5414
522.792	83.1314
524.722	84.0423
526.651	84.7939
528.58	84.5911
530.509	83.8444
532.438	83.7716
534.367	84.443
536.296	85.0212
538.225	85.3355
540.155	85.5318
542.084	85.4576
544.013	85.3187
545.942	85.4669
547.871	85.6623
549.8	85.6311
551.729	85.6791
553.658	86.0831
555.588	86.5226
557.517	86.5834
559.446	86.4567
561.375	86.5004
563.304	86.5157
565.233	86.2558
567.162	86.0332
569.091	86.0962
571.021	86.1972
572.95	86.2138
574.879	86.3352
576.808	86.5689
578.737	86.7506
580.666	86.8397
582.595	86.7927
584.524	86.5827
586.454	86.4441
588.383	86.5527
590.312	86.6755
592.241	86.5732
594.17	86.3649
596.099	86.2429
598.028	86.2752
599.957	86.3942
601.887	86.4026
603.816	86.3623
605.745	86.6196
607.674	87.0958
609.603	87.3116
611.532	87.2584
613.461	87.3518
615.39	87.6382
617.32	87.7549
619.249	87.5733
621.178	87.4505
623.107	87.6106
625.036	87.7595
626.965	87.6876
628.894	87.6408
630.823	87.6636
632.753	87.5131
634.682	87.2934
636.611	87.2458
638.54	87.2416
640.469	87.1385
642.398	87.0293
644.327	86.9342
646.256	86.7805
648.186	86.5878
650.115	86.4659
652.044	86.5151
653.973	86.6638
655.902	86.7061
657.831	86.6883
659.76	86.8547
661.689	87.131
663.619	87.3322
665.548	87.7861
667.477	88.9138
669.406	89.7031
671.335	89.4678
673.264	89.3769
675.193	89.6319
677.122	89.7875
679.052	89.8509
680.981	90.0395
682.91	90.1235
684.839	90.0213
686.768	89.977
688.697	89.9555
690.626	89.794
692.555	89.557
694.485	89.3391
696.414	89.2097
698.343	89.2348
700.272	89.2927
702.201	89.2207
704.13	89.0805
706.059	88.9558
707.988	88.7942
709.917	88.6235
711.847	88.543
713.776	88.5298
715.705	88.5458
717.634	88.6137
719.563	88.6349
721.492	88.4876
723.421	88.2879
725.35	88.1297
727.28	87.8594
729.209	87.4092
731.138	86.9391
733.067	86.5139
734.996	86.0701
736.925	85.6112
738.854	85.1191
740.783	84.468
742.713	83.5937
744.642	82.6601
746.571	82.0491
748.5	82.0781
750.429	82.6789
752.358	83.5183
754.287	84.3263
756.216	84.9512
758.146	85.3509
760.075	85.6348
762.004	85.8706
763.933	85.9511
765.862	85.7993
767.791	85.4613
769.72	84.9365
771.649	84.1189
773.579	82.8575
775.508	80.954
777.437	78.174
779.366	74.4035
781.295	69.943
783.224	65.6691
785.153	62.7056
787.082	61.8002
789.012	63.0867
790.941	66.3208
792.87	70.9258
794.799	75.8245
796.728	79.8135
798.657	82.3406
800.586	83.6263
802.515	84.0706
804.445	83.9075
806.374	83.3096
808.303	82.4319
810.232	81.3855
812.161	80.3612
814.09	79.6924
816.019	79.6419
817.948	80.1712
819.878	80.9955
821.807	81.8048
823.736	82.3958
825.665	82.7143
827.594	82.8331
829.523	82.8152
831.452	82.6268
833.381	82.2191
835.311	81.5831
837.24	80.6966
839.169	79.5172
841.098	78.0554
843.027	76.4579
844.956	74.9947
846.885	73.8772
848.814	73.0872
850.744	72.4346
852.673	71.7595
854.602	71.0443
856.531	70.3495
858.46	69.7177
860.389	69.2095
862.318	68.9562
864.247	69.05
866.177	69.4398
868.106	70.021
870.035	70.7194
871.964	71.4308
873.893	72.0118
875.822	72.3934
877.751	72.6218
879.68	72.7731
881.609	72.9045
883.539	73.0827
885.468	73.3582
887.397	73.695
889.326	74.007
891.255	74.2467
893.184	74.3969
895.113	74.4509
897.042	74.4677
898.972	74.5705
900.901	74.8694
902.83	75.4438
904.759	76.3506
906.688	77.5488
908.617	78.8596
910.546	80.0662
912.475	80.9973
914.405	81.5206
916.334	81.5796
918.263	81.2279
920.192	80.5484
922.121	79.6103
924.05	78.5118
925.979	77.332
927.908	76.0656
929.838	74.7015
931.767	73.28
933.696	71.8358
935.625	70.3992
937.554	69.0634
939.483	67.9691
941.412	67.2129
943.341	66.777
945.271	66.5544
947.2	66.4655
949.129	66.536
951.058	66.8555
952.987	67.4777
954.916	68.3319
956.845	69.2345
958.774	70.0217
960.704	70.6592
962.633	71.2289
964.562	71.8639
966.491	72.6641
968.42	73.6174
970.349	74.6158
972.278	75.5356
974.207	76.28
976.137	76.7855
978.066	77.0268
979.995	77.0097
981.924	76.7511
983.853	76.2551
985.782	75.5274
987.711	74.664
989.64	73.9016
991.57	73.4603
993.499	73.3038
995.428	73.1466
997.357	72.719
999.286	71.9337
1001.22	70.8248
1003.14	69.4661
1005.07	67.971
1007	66.5099
1008.93	65.2716
1010.86	64.3169
1012.79	63.4583
1014.72	62.3836
1016.65	60.907
1018.58	59.0643
1020.51	57.0425
1022.44	55.0712
1024.36	53.361
1026.29	52.1431
1028.22	51.6413
1030.15	51.8392
1032.08	52.3867
1034.01	52.921
1035.94	53.39
1037.87	53.9532
1039.8	54.7082
1041.73	55.6569
1043.66	56.8402
1045.58	58.3464
1047.51	60.1847
1049.44	62.2228
1051.37	64.219
1053.3	65.8859
1055.23	67.0318
1057.16	67.7136
1059.09	68.1611
1061.02	68.4939
1062.95	68.5911
1064.88	68.2859
1066.81	67.6344
1068.73	66.9597
1070.66	66.6527
1072.59	66.9183
1074.52	67.6645
1076.45	68.6226
1078.38	69.5624
1080.31	70.3771
1082.24	71.0101
1084.17	71.3911
1086.1	71.4688
1088.03	71.2517
1089.95	70.7661
1091.88	70.0027
1093.81	68.9692
1095.74	67.7712
1097.67	66.5658
1099.6	65.4331
1101.53	64.3326
1103.46	63.1809
1105.39	61.9477
1107.32	60.6603
1109.25	59.36
1111.18	58.1116
1113.1	57.0002
1115.03	56.0395
1116.96	55.1427
1118.89	54.2288
1120.82	53.2688
1122.75	52.2303
1124.68	51.0884
1126.61	49.8816
1128.54	48.6792
1130.47	47.5261
1132.4	46.4419
1134.32	45.4351
1136.25	44.5204
1138.18	43.7259
1140.11	43.0641
1142.04	42.5374
1143.97	42.1963
1145.9	42.1063
1147.83	42.2494
1149.76	42.5436
1151.69	42.9396
1153.62	43.4311
1155.55	44.019
1157.47	44.6955
1159.4	45.4295
1161.33	46.1923
1163.26	47.0144
1165.19	47.9564
1167.12	49.0321
1169.05	50.2217
1170.98	51.525
1172.91	52.9489
1174.84	54.4737
1176.77	56.0643
1178.69	57.6882
1180.62	59.3042
1182.55	60.8656
1184.48	62.3531
1186.41	63.7707
1188.34	65.1128
1190.27	66.3773
1192.2	67.6023
1194.13	68.8473
1196.06	70.1308
1197.99	71.3829
1199.91	72.4563
1201.84	73.1883
1203.77	73.4416
1205.7	73.1448
1207.63	72.3313
1209.56	71.0843
1211.49	69.5443
1213.42	67.9363
1215.35	66.2127
1217.28	63.8523
1219.21	60.6526
1221.14	57.3073
1223.06	54.516
1224.99	52.2272
1226.92	50.0746
1228.85	47.9453
1230.78	45.9063
1232.71	44.0228
1234.64	42.3911
1236.57	41.0971
1238.5	40.1263
1240.43	39.3949
1242.36	38.8101
1244.28	38.2881
1246.21	37.7667
1248.14	37.2146
1250.07	36.6427
1252	36.1186
1253.93	35.7461
1255.86	35.6217
1257.79	35.817
1259.72	36.3701
1261.65	37.2849
1263.58	38.546
1265.51	40.1052
1267.43	41.8773
1269.36	43.782
1271.29	45.7435
1273.22	47.6768
1275.15	49.5479
1277.08	51.3784
1279.01	53.1708
1280.94	54.9118
1282.87	56.6113
1284.8	58.2832
1286.73	59.9302
1288.65	61.5417
1290.58	63.0846
1292.51	64.5388
1294.44	65.9336
1296.37	67.3228
1298.3	68.7802
1300.23	70.4051
1302.16	72.252
1304.09	74.2767
1306.02	76.3764
1307.95	78.4144
1309.87	80.2089
1311.8	81.5722
1313.73	82.3927
1315.66	82.6903
1317.59	82.5744
1319.52	82.242
1321.45	82.0301
1323.38	82.2428
1325.31	82.9292
1327.24	83.8742
1329.17	84.7814
1331.1	85.4765
1333.02	85.9135
1334.95	86.1592
1336.88	86.4102
1338.81	86.8733
1340.74	87.5699
1342.67	88.3755
1344.6	89.2453
1346.53	90.1483
1348.46	90.9148
1350.39	91.319
1352.32	91.2325
1354.24	90.649
1356.17	89.8163
1358.1	89.2076
1360.03	89.0537
1361.96	89.1384
1363.89	88.9952
1365.82	88.3134
1367.75	87.0811
1369.68	85.6303
1371.61	84.4174
1373.54	83.4212
1375.47	82.3914
1377.39	81.4383
1379.32	80.6928
1381.25	80.1428
1383.18	79.8699
1385.11	79.9685
1387.04	80.4483
1388.97	81.073
1390.9	81.5242
1392.83	81.7362
1394.76	81.6572
1396.69	81.206
1398.61	80.5073
1400.54	79.8607
1402.47	79.4829
1404.4	79.4431
1406.33	79.7709
1408.26	80.3925
1410.19	81.2764
1412.12	82.4292
1414.05	83.636
1415.98	84.8363
1417.91	86.1806
1419.83	87.3283
1421.76	87.8621
1423.69	87.9707
1425.62	87.8628
1427.55	87.5491
1429.48	86.7802
1431.41	85.5488
1433.34	84.3202
1435.27	83.0129
1437.2	81.1919
1439.13	79.3973
1441.06	78.0932
1442.98	77.0545
1444.91	76.3051
1446.84	75.905
1448.77	75.6242
1450.7	75.4618
1452.63	75.682
1454.56	76.4053
1456.49	77.6587
1458.42	78.8507
1460.35	79.5479
1462.28	80.3379
1464.2	81.5222
1466.13	82.7631
1468.06	83.7342
1469.99	84.7958
1471.92	86.1019
1473.85	86.9712
1475.78	87.1732
1477.71	87.3673
1479.64	87.7001
1481.57	88.0464
1483.5	88.4079
1485.43	88.9118
1487.35	89.7189
1489.28	90.7777
1491.21	91.6224
1493.14	92.2519
1495.07	93.0604
1497	94.0291
1498.93	94.6555
1500.86	94.9088
1502.79	95.2013
1504.72	95.7739
1506.65	96.5748
1508.57	96.7344
1510.5	96.3478
1512.43	96.1633
1514.36	96.3322
1516.29	96.6796
1518.22	96.9648
1520.15	97.1199
1522.08	97.1184
1524.01	97.0214
1525.94	96.8967
1527.87	96.7457
1529.8	96.6765
1531.72	96.7834
1533.65	96.9242
1535.58	96.9593
1537.51	97.1641
1539.44	97.7656
1541.37	98.0752
1543.3	97.5212
1545.23	96.9297
1547.16	96.6521
1549.09	96.6275
1551.02	96.6688
1552.94	96.6814
1554.87	96.8575
1556.8	97.396
1558.73	97.7828
1560.66	97.1883
1562.59	96.5296
1564.52	96.2466
1566.45	96.2713
1568.38	96.3953
1570.31	96.2424
1572.24	95.962
1574.16	95.9645
1576.09	96.11
1578.02	95.891
1579.95	95.5228
1581.88	95.3717
1583.81	95.3895
1585.74	95.4267
1587.67	95.4512
1589.6	95.494
1591.53	95.5743
1593.46	95.6731
1595.39	95.7181
1597.31	95.6738
1599.24	95.5943
1601.17	95.5179
1603.1	95.426
1605.03	95.3404
1606.96	95.3265
1608.89	95.3301
1610.82	95.2331
1612.75	95.1705
1614.68	95.3165
1616.61	95.3993
1618.53	95.083
1620.46	94.7485
1622.39	94.5735
1624.32	94.3445
1626.25	93.9758
1628.18	93.4656
1630.11	92.8587
1632.04	92.4644
1633.97	92.436
1635.9	92.4019
1637.83	92.0811
1639.76	92.0614
1641.68	92.5531
1643.61	93.366
1645.54	94.3592
1647.47	95.0666
1649.4	95.2014
1651.33	95.3562
1653.26	95.6741
1655.19	95.3191
1657.12	94.7315
1659.05	94.5059
1660.98	94.555
1662.9	94.5023
1664.83	94.2802
1666.76	94.2312
1668.69	94.3483
1670.62	94.209
1672.55	93.8537
1674.48	93.573
1676.41	93.2256
1678.34	92.859
1680.27	92.7198
1682.2	92.6879
1684.12	92.3383
1686.05	91.603
1687.98	90.837
1689.91	90.1354
1691.84	89.4605
1693.77	88.6463
1695.7	87.683
1697.63	86.5707
1699.56	84.7152
1701.49	82.2137
1703.42	79.8547
1705.35	77.1605
1707.27	73.6494
1709.2	70.0471
1711.13	66.8388
1713.06	63.8915
1714.99	61.3371
1716.92	58.9517
1718.85	56.5208
1720.78	55.016
1722.71	54.5661
1724.64	54.6528
1726.57	55.1718
1728.49	56.0414
1730.42	56.9956
1732.35	58.0563
1734.28	59.0525
1736.21	59.4156
1738.14	59.3128
1740.07	59.0244
1742	58.7022
1743.93	58.7394
1745.86	59.2825
1747.79	60.374
1749.72	62.2553
1751.64	64.4884
1753.57	66.6274
1755.5	69.193
1757.43	72.4226
1759.36	75.8482
1761.29	79.271
1763.22	82.5497
1765.15	85.2493
1767.08	87.5145
1769.01	89.7664
1770.94	91.8704
1772.86	93.3941
1774.79	94.2547
1776.72	94.697
1778.65	95.0846
1780.58	95.6012
1782.51	96.0168
1784.44	96.2376
1786.37	96.4548
1788.3	96.6858
1790.23	96.9305
1792.16	97.1888
1794.08	97.1744
1796.01	96.9414
1797.94	96.8563
1799.87	96.9318
1801.8	96.9504
1803.73	96.8815
1805.66	96.7902
1807.59	96.7336
1809.52	96.7576
1811.45	96.7582
1813.38	96.686
1815.31	96.6951
1817.23	96.8116
1819.16	96.8973
1821.09	96.9371
1823.02	97.0084
1824.95	97.1461
1826.88	97.3444
1828.81	97.4715
1830.74	97.3575
1832.67	97.1698
1834.6	97.2127
1836.53	97.4193
1838.45	97.4658
1840.38	97.3407
1842.31	97.3591
1844.24	97.556
1846.17	97.5885
1848.1	97.4506
1850.03	97.4202
1851.96	97.5626
1853.89	97.7134
1855.82	97.6809
1857.75	97.5062
1859.68	97.4386
1861.6	97.5419
1863.53	97.6862
1865.46	97.8761
1867.39	98.0963
1869.32	98.1451
1871.25	98.0365
1873.18	97.9372
1875.11	97.8301
1877.04	97.7735
1878.97	97.8759
1880.9	98.0202
1882.82	98.0961
1884.75	98.1822
1886.68	98.2923
1888.61	98.3307
1890.54	98.2843
1892.47	98.2272
1894.4	98.2185
1896.33	98.2854
1898.26	98.3894
1900.19	98.4352
1902.12	98.3869
1904.05	98.3271
1905.97	98.355
1907.9	98.4852
1909.83	98.6764
1911.76	98.8149
1913.69	98.8072
1915.62	98.7527
1917.55	98.7529
1919.48	98.6847
1921.41	98.5611
1923.34	98.6411
1925.27	98.8652
1927.19	98.9179
1929.12	98.8384
1931.05	98.8498
1932.98	98.9593
1934.91	99.1026
1936.84	99.2687
1938.77	99.4301
1940.7	99.5685
1942.63	99.6125
1944.56	99.4912
1946.49	99.3641
1948.41	99.3978
1950.34	99.512
1952.27	99.5775
1954.2	99.5743
1956.13	99.53
1958.06	99.5402
1959.99	99.6689
1961.92	99.7764
1963.85	99.7614
1965.78	99.7531
1967.71	99.7827
1969.64	99.7283
1971.56	99.7174
1973.49	99.9369
1975.42	100.182
1977.35	100.192
1979.28	100.118
1981.21	100.153
1983.14	100.193
1985.07	100.108
1987	99.9984
1988.93	100.072
1990.86	100.322
1992.78	100.452
1994.71	100.319
1996.64	100.137
1998.57	100.045
2000.5	99.981
2002.43	99.9688
2004.36	100.115
2006.29	100.373
2008.22	100.495
2010.15	100.299
2012.08	100.013
2014.01	100.031
2015.93	100.297
2017.86	100.481
2019.79	100.569
2021.72	100.644
2023.65	100.569
2025.58	100.36
2027.51	100.269
2029.44	100.374
2031.37	100.511
2033.3	100.536
2035.23	100.479
2037.15	100.482
2039.08	100.532
2041.01	100.445
2042.94	100.233
2044.87	100.158
2046.8	100.307
2048.73	100.468
2050.66	100.457
2052.59	100.298
2054.52	100.117
2056.45	100.032
2058.37	100.008
2060.3	99.8235
2062.23	99.4587
2064.16	99.2892
2066.09	99.4868
2068.02	99.6952
2069.95	99.7177
2071.88	99.7845
2073.81	99.9001
2075.74	99.8025
2077.67	99.5723
2079.6	99.5026
2081.52	99.5646
2083.45	99.5566
2085.38	99.4607
2087.31	99.3301
2089.24	99.1576
2091.17	99.0232
2093.1	99.0816
2095.03	99.3211
2096.96	99.5451
2098.89	99.6015
2100.82	99.4951
2102.74	99.3371
2104.67	99.2522
2106.6	99.2398
2108.53	99.1977
2110.46	99.1371
2112.39	99.1619
2114.32	99.2361
2116.25	99.2394
2118.18	99.2022
2120.11	99.2278
2122.04	99.2806
2123.97	99.2965
2125.89	99.3805
2127.82	99.6194
2129.75	99.8308
2131.68	99.7992
2133.61	99.6349
2135.54	99.6219
2137.47	99.8316
2139.4	100.108
2141.33	100.312
2143.26	100.39
2145.19	100.285
2147.11	100.032
2149.04	99.93
2150.97	100.241
2152.9	100.722
2154.83	100.912
2156.76	100.786
2158.69	100.657
2160.62	100.592
2162.55	100.41
2164.48	100.139
2166.41	100.069
2168.33	100.308
2170.26	100.584
2172.19	100.646
2174.12	100.554
2176.05	100.418
2177.98	100.222
2179.91	100.018
2181.84	99.9394
2183.77	100.034
2185.7	100.243
2187.63	100.464
2189.56	100.627
2191.48	100.705
2193.41	100.603
2195.34	100.225
2197.27	99.794
2199.2	99.7463
2201.13	100.096
2203.06	100.312
2204.99	100.104
2206.92	99.8687
2208.85	100.012
2210.78	100.347
2212.7	100.51
2214.63	100.435
2216.56	100.183
2218.49	99.8562
2220.42	99.7219
2222.35	99.8801
2224.28	99.9904
2226.21	99.8398
2228.14	99.745
2230.07	99.9436
2232	100.184
2233.93	100.241
2235.85	100.212
2237.78	100.182
2239.71	100.169
2241.64	100.243
2243.57	100.303
2245.5	100.134
2247.43	99.8769
2249.36	99.8728
2251.29	100.089
2253.22	100.241
2255.15	100.242
2257.07	100.121
2259	99.8801
2260.93	99.674
2262.86	99.6775
2264.79	99.7443
2266.72	99.6648
2268.65	99.5905
2270.58	99.7064
2272.51	99.8316
2274.44	99.7632
2276.37	99.576
2278.29	99.3889
2280.22	99.278
2282.15	99.3223
2284.08	99.4238
2286.01	99.4082
2287.94	99.3658
2289.87	99.4904
2291.8	99.7437
2293.73	99.9972
2295.66	100.206
2297.59	100.344
2299.52	100.471
2301.44	100.718
2303.37	101.043
2305.3	101.355
2307.23	101.768
2309.16	102.313
2311.09	102.767
2313.02	103.098
2314.95	103.547
2316.88	104.167
2318.81	104.884
2320.74	105.702
2322.66	106.41
2324.59	106.774
2326.52	107.078
2328.45	107.678
2330.38	108.382
2332.31	108.836
2334.24	109.174
2336.17	109.536
2338.1	109.71
2340.03	109.824
2341.96	110.146
2343.89	109.785
2345.81	108.117
2347.74	106.765
2349.67	106.877
2351.6	108.322
2353.53	110.374
2355.46	112.051
2357.39	113.181
2359.32	113.953
2361.25	114.229
2363.18	113.861
2365.11	112.545
2367.03	110.6
2368.96	108.941
2370.89	107.595
2372.82	105.999
2374.75	104.207
2376.68	102.654
2378.61	101.433
2380.54	100.39
2382.47	99.4872
2384.4	98.762
2386.33	98.1985
2388.26	97.8048
2390.18	97.6171
2392.11	97.5757
2394.04	97.5779
2395.97	97.6045
2397.9	97.6552
2399.83	97.682
2401.76	97.67
2403.69	97.6733
2405.62	97.7257
2407.55	97.7816
2409.48	97.797
2411.4	97.8118
2413.33	97.8543
2415.26	97.8892
2417.19	97.9424
2419.12	98.0445
2421.05	98.0762
2422.98	97.9803
2424.91	97.9213
2426.84	97.956
2428.77	97.9245
2430.7	97.8102
2432.62	97.7708
2434.55	97.8419
2436.48	97.9674
2438.41	98.1433
2440.34	98.3139
2442.27	98.3557
2444.2	98.2638
2446.13	98.1724
2448.06	98.1828
2449.99	98.2636
2451.92	98.2933
2453.85	98.2063
2455.77	98.1091
2457.7	98.1412
2459.63	98.2362
2461.56	98.2196
2463.49	98.1171
2465.42	98.1115
2467.35	98.2389
2469.28	98.3612
2471.21	98.3811
2473.14	98.3349
2475.07	98.3172
2476.99	98.3588
2478.92	98.3881
2480.85	98.3611
2482.78	98.3462
2484.71	98.3988
2486.64	98.483
2488.57	98.5429
2490.5	98.5397
2492.43	98.487
2494.36	98.4749
2496.29	98.5087
2498.22	98.4391
2500.14	98.2399
2502.07	98.119
2504	98.1994
2505.93	98.3479
2507.86	98.3961
2509.79	98.3477
2511.72	98.3176
2513.65	98.3329
2515.58	98.3016
2517.51	98.2486
2519.44	98.3256
2521.36	98.4775
2523.29	98.4888
2525.22	98.3892
2527.15	98.3633
2529.08	98.3958
2531.01	98.384
2532.94	98.3254
2534.87	98.2206
2536.8	98.1086
2538.73	98.1119
2540.66	98.1949
2542.58	98.1796
2544.51	98.1222
2546.44	98.2345
2548.37	98.4422
2550.3	98.4853
2552.23	98.3421
2554.16	98.1695
2556.09	98.058
2558.02	98.0804
2559.95	98.2517
2561.88	98.3897
2563.81	98.3511
2565.73	98.2484
2567.66	98.1856
2569.59	98.1032
2571.52	97.9854
2573.45	97.9092
2575.38	97.924
2577.31	98.012
2579.24	98.0702
2581.17	98.0246
2583.1	97.9811
2585.03	98.0479
2586.95	98.136
2588.88	98.1245
2590.81	98.0008
2592.74	97.8151
2594.67	97.6825
2596.6	97.6671
2598.53	97.6542
2600.46	97.574
2602.39	97.5493
2604.32	97.628
2606.25	97.6891
2608.18	97.6735
2610.1	97.6207
2612.03	97.5514
2613.96	97.4818
2615.89	97.4425
2617.82	97.4392
2619.75	97.4367
2621.68	97.3632
2623.61	97.2131
2625.54	97.128
2627.47	97.1919
2629.4	97.2657
2631.32	97.2403
2633.25	97.2124
2635.18	97.2299
2637.11	97.1919
2639.04	97.0975
2640.97	97.0524
2642.9	97.0395
2644.83	96.972
2646.76	96.8773
2648.69	96.839
2650.62	96.8753
2652.54	96.9458
2654.47	96.9723
2656.4	96.8922
2658.33	96.7472
2660.26	96.6313
2662.19	96.5596
2664.12	96.5048
2666.05	96.4867
2667.98	96.5178
2669.91	96.5521
2671.84	96.5565
2673.77	96.5418
2675.69	96.5192
2677.62	96.5036
2679.55	96.521
2681.48	96.5612
2683.41	96.5737
2685.34	96.5446
2687.27	96.5303
2689.2	96.565
2691.13	96.5778
2693.06	96.4987
2694.99	96.4032
2696.91	96.4046
2698.84	96.4713
2700.77	96.499
2702.7	96.4638
2704.63	96.4002
2706.56	96.3426
2708.49	96.3189
2710.42	96.3137
2712.35	96.286
2714.28	96.2543
2716.21	96.2665
2718.14	96.2885
2720.06	96.2357
2721.99	96.1193
2723.92	96.0409
2725.85	96.014
2727.78	95.956
2729.71	95.8942
2731.64	95.9398
2733.57	96.0441
2735.5	96.0635
2737.43	96.0038
2739.36	95.9459
2741.28	95.892
2743.21	95.8386
2745.14	95.8032
2747.07	95.7672
2749	95.7464
2750.93	95.8111
2752.86	95.9608
2754.79	96.1048
2756.72	96.1525
2758.65	96.0795
2760.58	95.9722
2762.51	95.9316
2764.43	95.9048
2766.36	95.795
2768.29	95.675
2770.22	95.6495
2772.15	95.651
2774.08	95.5952
2776.01	95.5468
2777.94	95.5848
2779.87	95.6783
2781.8	95.7419
2783.73	95.71
2785.65	95.5984
2787.58	95.5112
2789.51	95.516
2791.44	95.5734
2793.37	95.6313
2795.3	95.6669
2797.23	95.6553
2799.16	95.6199
2801.09	95.6159
2803.02	95.5925
2804.95	95.4566
2806.87	95.2855
2808.8	95.2234
2810.73	95.2108
2812.66	95.0891
2814.59	94.8823
2816.52	94.7222
2818.45	94.6218
2820.38	94.5243
2822.31	94.4313
2824.24	94.3402
2826.17	94.1973
2828.1	94.0131
2830.02	93.8864
2831.95	93.8184
2833.88	93.6528
2835.81	93.3395
2837.74	93.0568
2839.67	92.8915
2841.6	92.6917
2843.53	92.4217
2845.46	92.264
2847.39	92.2238
2849.32	92.0772
2851.24	91.7505
2853.17	91.3273
2855.1	90.8037
2857.03	90.1909
2858.96	89.6132
2860.89	89.1031
2862.82	88.5822
2864.75	88.0937
2866.68	87.7559
2868.61	87.5187
2870.54	87.259
2872.47	87.0378
2874.39	86.973
2876.32	87.0086
2878.25	87.0953
2880.18	87.3623
2882.11	87.8094
2884.04	88.1572
2885.97	88.263
2887.9	88.2906
2889.83	88.325
2891.76	88.2851
2893.69	88.2102
2895.61	88.1995
2897.54	88.2235
2899.47	88.258
2901.4	88.3111
2903.33	88.2902
2905.26	88.1798
2907.19	88.1303
2909.12	88.1293
2911.05	87.9927
2912.98	87.7371
2914.91	87.5018
2916.83	87.261
2918.76	86.9913
2920.69	86.7935
2922.62	86.6191
2924.55	86.2707
2926.48	85.7379
2928.41	85.2037
2930.34	84.7875
2932.27	84.5225
2934.2	84.4747
2936.13	84.7026
2938.06	85.1376
2939.98	85.5813
2941.91	85.8558
2943.84	85.9544
2945.77	85.951
2947.7	85.789
2949.63	85.354
2951.56	84.6993
2953.49	83.9902
2955.42	83.3551
2957.35	82.9373
2959.28	82.8665
2961.2	83.141
2963.13	83.7546
2965.06	84.79
2966.99	86.1908
2968.92	87.6123
2970.85	88.6298
2972.78	89.1075
2974.71	89.3294
2976.64	89.6557
2978.57	90.178
2980.5	90.8241
2982.43	91.4924
2984.35	91.9633
2986.28	92.0881
2988.21	92.0755
2990.14	92.216
2992.07	92.5096
2994	92.807
2995.93	93.0504
2997.86	93.2949
2999.79	93.6192
3001.72	93.9682
3003.65	94.1837
3005.57	94.3021
3007.5	94.5293
3009.43	94.8722
3011.36	95.1921
3013.29	95.5089
3015.22	95.8199
3017.15	95.9089
3019.08	95.7652
3021.01	95.7443
3022.94	95.9877
3024.87	96.2437
3026.79	96.3677
3028.72	96.4318
3030.65	96.4523
3032.58	96.4518
3034.51	96.5003
3036.44	96.5431
3038.37	96.5332
3040.3	96.5663
3042.23	96.6077
3044.16	96.4992
3046.09	96.3472
3048.02	96.4276
3049.94	96.7246
3051.87	96.9421
3053.8	96.9407
3055.73	96.9104
3057.66	97.009
3059.59	97.0636
3061.52	96.9281
3063.45	96.8109
3065.38	96.8654
3067.31	96.9171
3069.24	96.8467
3071.16	96.7132
3073.09	96.5554
3075.02	96.4935
3076.95	96.6237
3078.88	96.7014
3080.81	96.5331
3082.74	96.4323
3084.67	96.6619
3086.6	96.9444
3088.53	96.9674
3090.46	96.8193
3092.39	96.6883
3094.31	96.5873
3096.24	96.5013
3098.17	96.5315
3100.1	96.7229
3102.03	96.8631
3103.96	96.73
3105.89	96.4733
3107.82	96.3698
3109.75	96.3892
3111.68	96.3629
3113.61	96.3039
3115.53	96.2941
3117.46	96.3212
3119.39	96.342
3121.32	96.3273
3123.25	96.2854
3125.18	96.2928
3127.11	96.3597
3129.04	96.3646
3130.97	96.3002
3132.9	96.324
3134.83	96.4223
3136.75	96.4215
3138.68	96.3456
3140.61	96.2741
3142.54	96.1342
3144.47	96.0233
3146.4	96.1374
3148.33	96.2588
3150.26	96.1171
3152.19	95.9357
3154.12	95.9014
3156.05	95.8577
3157.98	95.8338
3159.9	95.9437
3161.83	95.9766
3163.76	95.8546
3165.69	95.8453
3167.62	95.9704
3169.55	95.9978
3171.48	95.9367
3173.41	95.9031
3175.34	95.8525
3177.27	95.7733
3179.2	95.758
3181.12	95.8109
3183.05	95.8475
3184.98	95.837
3186.91	95.8163
3188.84	95.7832
3190.77	95.6577
3192.7	95.4291
3194.63	95.2658
3196.56	95.333
3198.49	95.5599
3200.42	95.729
3202.35	95.752
3204.27	95.7096
3206.2	95.6424
3208.13	95.4925
3210.06	95.3123
3211.99	95.299
3213.92	95.4837
3215.85	95.6359
3217.78	95.6133
3219.71	95.5329
3221.64	95.4814
3223.57	95.3656
3225.49	95.1362
3227.42	94.9017
3229.35	94.7979
3231.28	94.8918
3233.21	95.1251
3235.14	95.2976
3237.07	95.2707
3239	95.146
3240.93	95.0425
3242.86	94.8961
3244.79	94.6947
3246.72	94.5837
3248.64	94.5564
3250.57	94.4611
3252.5	94.3848
3254.43	94.5257
3256.36	94.7441
3258.29	94.7839
3260.22	94.7222
3262.15	94.6912
3264.08	94.5577
3266.01	94.2859
3267.94	94.1142
3269.86	94.1428
3271.79	94.2332
3273.72	94.3038
3275.65	94.3459
3277.58	94.3359
3279.51	94.3457
3281.44	94.457
3283.37	94.5366
3285.3	94.4232
3287.23	94.2303
3289.16	94.1455
3291.08	94.1147
3293.01	94.0039
3294.94	93.8724
3296.87	93.8523
3298.8	93.9155
3300.73	93.9293
3302.66	93.8443
3304.59	93.7187
3306.52	93.6216
3308.45	93.5769
3310.38	93.5654
3312.31	93.5617
3314.23	93.5681
3316.16	93.5896
3318.09	93.6021
3320.02	93.5937
3321.95	93.5694
3323.88	93.5056
3325.81	93.423
3327.74	93.4248
3329.67	93.5108
3331.6	93.5416
3333.53	93.4873
3335.45	93.4356
3337.38	93.391
3339.31	93.3618
3341.24	93.4371
3343.17	93.5794
3345.1	93.6546
3347.03	93.663
3348.96	93.6067
3350.89	93.4205
3352.82	93.2488
3354.75	93.3085
3356.68	93.5092
3358.6	93.6374
3360.53	93.6553
3362.46	93.5904
3364.39	93.5014
3366.32	93.5101
3368.25	93.5991
3370.18	93.6428
3372.11	93.6541
3374.04	93.6551
3375.97	93.5708
3377.9	93.4697
3379.82	93.4818
3381.75	93.5379
3383.68	93.5753
3385.61	93.6645
3387.54	93.7318
3389.47	93.6383
3391.4	93.5026
3393.33	93.5196
3395.26	93.6526
3397.19	93.7636
3399.12	93.8179
3401.04	93.8432
3402.97	93.8494
3404.9	93.8298
3406.83	93.807
3408.76	93.8248
3410.69	93.8671
3412.62	93.8824
3414.55	93.8947
3416.48	93.9395
3418.41	93.9611
3420.34	93.9245
3422.27	93.9103
3424.19	93.9812
3426.12	94.0913
3428.05	94.1721
3429.98	94.2053
3431.91	94.209
3433.84	94.184
3435.77	94.1406
3437.7	94.1655
3439.63	94.3035
3441.56	94.4465
3443.49	94.5276
3445.41	94.6278
3447.34	94.745
3449.27	94.7795
3451.2	94.7819
3453.13	94.8265
3455.06	94.7949
3456.99	94.6408
3458.92	94.6023
3460.85	94.8645
3462.78	95.26
3464.71	95.4202
3466.64	95.1468
3468.56	94.6825
3470.49	94.4969
3472.42	94.6593
3474.35	94.7951
3476.28	94.7588
3478.21	94.7575
3480.14	94.8562
3482.07	94.9687
3484	95.0499
3485.93	95.0195
3487.86	94.9541
3489.78	95.1401
3491.71	95.4708
3493.64	95.4945
3495.57	95.277
3497.5	95.2711
3499.43	95.4478
3501.36	95.5033
3503.29	95.4328
3505.22	95.2887
3507.15	95.062
3509.08	94.9924
3511	95.2534
3512.93	95.5032
3514.86	95.4334
3516.79	95.2425
3518.72	95.1514
3520.65	95.0722
3522.58	94.9888
3524.51	95.1142
3526.44	95.4488
3528.37	95.6429
3530.3	95.4757
3532.23	95.1747
3534.15	95.1171
3536.08	95.3799
3538.01	95.6204
3539.94	95.5085
3541.87	95.2159
3543.8	95.1079
3545.73	95.2152
3547.66	95.3377
3549.59	95.471
3551.52	95.6368
3553.45	95.6684
3555.37	95.5199
3557.3	95.3608
3559.23	95.2999
3561.16	95.3517
3563.09	95.4104
3565.02	95.3116
3566.95	95.2181
3568.88	95.4723
3570.81	95.7691
3572.74	95.7775
3574.67	95.7521
3576.6	95.9373
3578.52	96.0932
3580.45	96.0435
3582.38	95.9677
3584.31	95.9799
3586.24	96.113
3588.17	96.4451
3590.1	96.7367
3592.03	96.7491
3593.96	96.6886
3595.89	96.9037
3597.82	97.4083
3599.74	97.8599
3601.67	97.9316
3603.6	97.676
3605.53	97.4322
3607.46	97.3295
3609.39	97.2871
3611.32	97.3128
3613.25	97.41
3615.18	97.4714
3617.11	97.5652
3619.04	97.8275
3620.97	98.01
3622.89	97.871
3624.82	97.6721
3626.75	97.7003
3628.68	97.9219
3630.61	97.9439
3632.54	97.7418
3634.47	97.6315
3636.4	97.66
3638.33	97.6037
3640.26	97.4193
3642.19	97.379
3644.11	97.6077
3646.04	97.8943
3647.97	98.0687
3649.9	98.1582
3651.83	98.1523
3653.76	98.0036
3655.69	97.8466
3657.62	97.9215
3659.55	98.0877
3661.48	97.9434
3663.41	97.5279
3665.33	97.3152
3667.26	97.5546
3669.19	98.0771
3671.12	98.4937
3673.05	98.7239
3674.98	98.9433
3676.91	98.8374
3678.84	98.2256
3680.77	97.7114
3682.7	97.6406
3684.63	97.7252
3686.56	97.6599
3688.48	97.7601
3690.41	98.1862
3692.34	98.294
3694.27	98.161
3696.2	98.2818
3698.13	98.5202
3700.06	98.5266
3701.99	98.4121
3703.92	98.3729
3705.85	98.3628
3707.78	98.4859
3709.7	98.8074
3711.63	98.8539
3713.56	98.4243
3715.49	98.1356
3717.42	98.1368
3719.35	98.1054
3721.28	97.9748
3723.21	98.0581
3725.14	98.382
3727.07	98.5907
3729	98.6471
3730.93	98.8544
3732.85	99.2678
3734.78	99.4302
3736.71	98.9035
3738.64	98.1944
3740.57	97.9642
3742.5	98.4375
3744.43	99.2219
3746.36	99.195
3748.29	98.6398
3750.22	98.5155
3752.15	98.642
3754.07	98.424
3756	98.2209
3757.93	98.2252
3759.86	98.1187
3761.79	97.9034
3763.72	97.879
3765.65	97.9273
3767.58	97.8272
3769.51	97.6955
3771.44	97.6177
3773.37	97.5368
3775.29	97.5303
3777.22	97.61
3779.15	97.6104
3781.08	97.5064
3783.01	97.4386
3784.94	97.4101
3786.87	97.3897
3788.8	97.3991
3790.73	97.4164
3792.66	97.4817
3794.59	97.7276
3796.52	98.1109
3798.44	98.3907
3800.37	98.4225
3802.3	98.2053
3804.23	97.9675
3806.16	97.9302
3808.09	97.9165
3810.02	97.6902
3811.95	97.5599
3813.88	97.905
3815.81	98.496
3817.74	98.6531
3819.66	98.4942
3821.59	98.4826
3823.52	98.4806
3825.45	98.2463
3827.38	97.8924
3829.31	97.6718
3831.24	97.7428
3833.17	97.9439
3835.1	98.0287
3837.03	98.0727
3838.96	98.249
3840.89	98.3709
3842.81	98.2438
3844.74	97.915
3846.67	97.5153
3848.6	97.2743
3850.53	97.4322
3852.46	98.0257
3854.39	98.3984
3856.32	98.1097
3858.25	97.7717
3860.18	97.6548
3862.11	97.7141
3864.03	97.8616
3865.96	98.0239
3867.89	98.1666
3869.82	98.2822
3871.75	98.2914
3873.68	98.0381
3875.61	97.6271
3877.54	97.4319
3879.47	97.6489
3881.4	97.9714
3883.33	98.019
3885.25	97.9071
3887.18	97.8336
3889.11	97.7454
3891.04	97.6373
3892.97	97.6231
3894.9	97.6687
3896.83	97.6775
3898.76	97.7389
3900.69	97.9422
3902.62	98.0064
3904.55	97.6639
3906.48	97.2627
3908.4	97.1659
3910.33	97.2121
3912.26	97.1811
3914.19	97.1898
3916.12	97.4026
3918.05	97.625
3919.98	97.5847
3921.91	97.4
3923.84	97.3006
3925.77	97.3218
3927.7	97.3414
3929.62	97.2966
3931.55	97.3029
3933.48	97.4354
3935.41	97.4854
3937.34	97.3099
3939.27	97.1096
3941.2	97.127
3943.13	97.3249
3945.06	97.4844
3946.99	97.4757
3948.92	97.3645
3950.85	97.3497
3952.77	97.4538
3954.7	97.455
3956.63	97.2986
3958.56	97.1729
3960.49	97.1358
3962.42	97.1157
3964.35	97.1534
3966.28	97.2315
3968.21	97.1871
3970.14	97.0288
3972.07	96.9859
3973.99	97.1494
3975.92	97.3539
3977.85	97.4228
3979.78	97.366
3981.71	97.2886
3983.64	97.2
3985.57	97.0481
3987.5	96.896
3989.43	96.8757
3991.36	97.0016
3993.29	97.1636
3995.22	97.2419
3997.14	97.2057
