499.643	80.2094
501.572	80.0429
503.501	80.571
505.43	81.3801
507.36	81.6943
509.289	81.7633
511.218	81.8821
513.147	81.8911
515.076	81.6387
517.005	81.2748
518.934	81.3414
520.863	82.0772
522.792	82.991
524.722	83.7468
526.651	84.3299
528.58	84.4249
530.509	83.9816
532.438	83.7249
534.367	84.1587
536.296	84.9394
538.225	85.6006
540.155	85.9503
542.084	85.8663
544.013	85.5308
545.942	85.4104
547.871	85.5574
549.8	85.6129
551.729	85.6433
553.658	85.9874
555.588	86.3856
557.517	86.3903
559.446	86.2674
561.375	86.324
563.304	86.2061
565.233	85.838
567.162	85.8028
569.091	86.1987
571.021	86.4536
572.95	86.4353
574.879	86.4805
576.808	86.6378
578.737	86.7839
580.666	86.9489
582.595	87.0185
584.524	86.805
586.454	86.5179
588.383	86.4631
590.312	86.542
592.241	86.5398
594.17	86.4563
596.099	86.3394
598.028	86.235
599.957	86.2022
601.887	86.2108
603.816	86.3169
605.745	86.6633
607.674	87.0619
609.603	87.1745
611.532	87.1178
613.461	87.2247
615.39	87.4628
617.32	87.5551
619.249	87.4361
621.178	87.3677
623.107	87.5314
625.036	87.7082
626.965	87.6465
628.894	87.4745
630.823	87.3544
632.753	87.2598
634.682	87.2198
636.611	87.2269
638.54	87.1267
640.469	86.9402
642.398	86.8269
644.327	86.7375
646.256	86.5658
648.186	86.3851
650.115	86.2851
652.044	86.2694
653.973	86.3202
655.902	86.3574
657.831	86.3331
659.76	86.3682
661.689	86.5484
663.619	86.8201
665.548	87.334
667.477	88.3555
669.406	89.0994
671.335	89.0014
673.264	88.9871
675.193	89.2654
677.122	89.5002
679.052	89.6193
680.981	89.732
682.91	89.7133
684.839	89.5948
686.768	89.576
688.697	89.5966
690.626	89.5085
692.555	89.3333
694.485	89.1243
696.414	88.9663
698.343	88.9653
700.272	89.041
702.201	89.0275
704.13	88.9238
706.059	88.7852
707.988	88.6009
709.917	88.4268
711.847	88.361
713.776	88.3884
715.705	88.4546
717.634	88.5464
719.563	88.578
721.492	88.4558
723.421	88.2675
725.35	88.0927
727.28	87.8162
729.209	87.3795
731.138	86.9105
733.067	86.4603
734.996	85.9655
736.925	85.4593
738.854	84.9793
740.783	84.3756
742.713	83.5062
744.642	82.5535
746.571	81.9506
748.5	81.9815
750.429	82.5586
752.358	83.3927
754.287	84.2237
756.216	84.8761
758.146	85.2999
760.075	85.5919
762.004	85.8216
763.933	85.9095
765.862	85.7829
767.791	85.4646
769.72	84.9447
771.649	84.1244
773.579	82.8568
775.508	80.9376
777.437	78.1433
779.366	74.3872
781.295	69.9506
783.224	65.662
785.153	62.675
787.082	61.7956
789.012	63.1135
790.941	66.3088
792.87	70.8399
794.799	75.717
796.728	79.7403
798.657	82.29
800.586	83.5668
802.515	84.0178
804.445	83.897
806.374	83.3441
808.303	82.4935
810.232	81.4532
812.161	80.4067
814.09	79.7
816.019	79.6213
817.948	80.1383
819.878	80.9602
821.807	81.7669
823.736	82.3468
825.665	82.6545
827.594	82.7635
829.523	82.7229
831.452	82.5185
833.381	82.1384
835.311	81.5598
837.24	80.7094
839.169	79.522
841.098	78.0276
843.027	76.404
844.956	74.9328
846.885	73.8195
848.814	73.0503
850.744	72.4376
852.673	71.7896
854.602	71.0632
856.531	70.3511
858.46	69.7278
860.389	69.2192
862.318	68.9254
864.247	68.984
866.177	69.3809
868.106	69.9667
870.035	70.6436
871.964	71.3661
873.893	72.0067
875.822	72.4201
877.751	72.622
879.68	72.7552
881.609	72.9151
883.539	73.1167
885.468	73.3678
887.397	73.6674
889.326	73.9732
891.255	74.2306
893.184	74.3997
895.113	74.4632
897.042	74.4629
898.972	74.5229
900.901	74.7982
902.83	75.3938
904.759	76.3205
906.688	77.4978
908.617	78.7843
910.546	80.0035
912.475	80.9588
914.405	81.4907
916.334	81.5576
918.263	81.2231
920.192	80.5692
922.121	79.6678
924.05	78.5867
925.979	77.3708
927.908	76.0579
929.838	74.6947
931.767	73.2889
933.696	71.8216
935.625	70.3541
937.554	69.0371
939.483	67.9946
941.412	67.2632
943.341	66.8125
945.271	66.5701
947.2	66.4658
949.129	66.5109
951.058	66.8121
952.987	67.4483
954.916	68.3318
956.845	69.2446
958.774	70.0159
960.704	70.6326
962.633	71.2033
964.562	71.8563
966.491	72.6568
968.42	73.5934
970.349	74.5991
972.278	75.5455
974.207	76.2824
976.137	76.7453
978.066	76.9595
979.995	76.9402
981.924	76.6782
983.853	76.1865
985.782	75.4861
987.711	74.6456
989.64	73.8784
991.57	73.4243
993.499	73.2649
995.428	73.1074
997.357	72.6771
999.286	71.8889
1001.22	70.7756
1003.14	69.4167
1005.07	67.9365
1007	66.4956
1008.93	65.2598
1010.86	64.2984
1012.79	63.4526
1014.72	62.399
1016.65	60.918
1018.58	59.053
1020.51	57.0193
1022.44	55.0463
1024.36	53.3362
1026.29	52.117
1028.22	51.603
1030.15	51.7853
1032.08	52.3385
1034.01	52.8962
1035.94	53.3818
1037.87	53.9476
1039.8	54.6925
1041.73	55.6231
1043.66	56.7982
1045.58	58.3145
1047.51	60.1685
1049.44	62.2152
1051.37	64.2062
1053.3	65.8579
1055.23	67.0013
1057.16	67.6999
1059.09	68.1505
1061.02	68.4562
1062.95	68.5292
1064.88	68.2309
1066.81	67.6037
1068.73	66.9494
1070.66	66.6529
1072.59	66.9136
1074.52	67.6348
1076.45	68.5592
1078.38	69.4826
1080.31	70.3128
1082.24	70.9768
1084.17	71.3767
1086.1	71.4579
1088.03	71.2368
1089.95	70.7299
1091.88	69.9317
1093.81	68.8878
1095.74	67.7126
1097.67	66.5171
1099.6	65.3648
1101.53	64.2576
1103.46	63.1245
1105.39	61.8945
1107.32	60.5871
1109.25	59.2802
1111.18	58.041
1113.1	56.9252
1115.03	55.9563
1116.96	55.074
1118.89	54.176
1120.82	53.2061
1122.75	52.1615
1124.68	51.0479
1126.61	49.8706
1128.54	48.6681
1130.47	47.5107
1132.4	46.4356
1134.32	45.429
1136.25	44.4962
1138.18	43.6789
1140.11	42.9991
1142.04	42.479
1143.97	42.1786
1145.9	42.1235
1147.83	42.2601
1149.76	42.5334
1151.69	42.9343
1153.62	43.4548
1155.55	44.0624
1157.47	44.7274
1159.4	45.4443
1161.33	46.22
1163.26	47.0567
1165.19	47.9737
1167.12	49.0204
1169.05	50.2195
1170.98	51.5377
1172.91	52.9459
1174.84	54.4492
1176.77	56.0396
1178.69	57.6719
1180.62	59.2911
1182.55	60.8591
1184.48	62.3539
1186.41	63.7518
1188.34	65.0476
1190.27	66.292
1192.2	67.5483
1194.13	68.8289
1196.06	70.1127
1197.99	71.3481
1199.91	72.4103
1201.84	73.1304
1203.77	73.3712
1205.7	73.0722
1207.63	72.2613
1209.56	71.0142
1211.49	69.4819
1213.42	67.888
1215.35	66.1595
1217.28	63.7766
1219.21	60.5703
1221.14	57.2363
1223.06	54.4508
1224.99	52.1677
1226.92	50.0328
1228.85	47.9152
1230.78	45.8726
1232.71	43.993
1234.64	42.3828
1236.57	41.1062
1238.5	40.1319
1240.43	39.389
1242.36	38.8047
1244.28	38.2883
1246.21	37.7553
1248.14	37.1831
1250.07	36.6143
1252	36.1153
1253.93	35.7571
1255.86	35.6306
1257.79	35.8264
1259.72	36.3805
1261.65	37.2845
1263.58	38.5362
1265.51	40.101
1267.43	41.8786
1269.36	43.774
1271.29	45.7229
1273.22	47.654
1275.15	49.5269
1277.08	51.355
1279.01	53.1413
1280.94	54.866
1282.87	56.5371
1284.8	58.1936
1286.73	59.852
1288.65	61.4731
1290.58	63.0162
1292.51	64.4994
1294.44	65.9455
1296.37	67.3539
1298.3	68.7939
1300.23	70.4027
1302.16	72.2402
1304.09	74.2581
1306.02	76.365
1307.95	78.4086
1309.87	80.1824
1311.8	81.5241
1313.73	82.3628
1315.66	82.7027
1317.59	82.6076
1319.52	82.2693
1321.45	82.0552
1323.38	82.2771
1325.31	82.9618
1327.24	83.8895
1329.17	84.7825
1331.1	85.4721
1333.02	85.9037
1334.95	86.144
1336.88	86.3824
1338.81	86.8127
1340.74	87.4801
1342.67	88.294
1344.6	89.1897
1346.53	90.1114
1348.46	90.9009
1350.39	91.3249
1352.32	91.2266
1354.24	90.6255
1356.17	89.8072
1358.1	89.2058
1360.03	89.0157
1361.96	89.0683
1363.89	88.9415
1365.82	88.286
1367.75	87.0549
1369.68	85.5886
1371.61	84.3658
1373.54	83.3818
1375.47	82.3657
1377.39	81.4002
1379.32	80.6444
1381.25	80.1093
1383.18	79.8438
1385.11	79.936
1387.04	80.4348
1388.97	81.0755
1390.9	81.4776
1392.83	81.622
1394.76	81.5488
1396.69	81.16
1398.61	80.4828
1400.54	79.8147
1402.47	79.4184
1404.4	79.3729
1406.33	79.7061
1408.26	80.3342
1410.19	81.2141
1412.12	82.3678
1414.05	83.5909
1415.98	84.7881
1417.91	86.0884
1419.83	87.2059
1421.76	87.7629
1423.69	87.9119
1425.62	87.8374
1427.55	87.535
1429.48	86.7431
1431.41	85.4822
1433.34	84.2527
1435.27	82.9602
1437.2	81.1473
1439.13	79.3631
1441.06	78.0721
1442.98	77.0312
1444.91	76.2651
1446.84	75.8533
1448.77	75.5693
1450.7	75.4042
1452.63	75.6215
1454.56	76.333
1456.49	77.555
1458.42	78.7394
1460.35	79.4774
1462.28	80.3092
1464.2	81.5017
1466.13	82.7132
1468.06	83.6605
1469.99	84.7122
1471.92	85.9934
1473.85	86.8333
1475.78	87.0538
1477.71	87.291
1479.64	87.6472
1481.57	87.9971
1483.5	88.365
1485.43	88.8671
1487.35	89.634
1489.28	90.6411
1491.21	91.4994
1493.14	92.1756
1495.07	92.9986
1497	93.9535
1498.93	94.585
1500.86	94.8463
1502.79	95.0997
1504.72	95.5793
1506.65	96.3085
1508.57	96.5224
1510.5	96.1931
1512.43	96.02
1514.36	96.1954
1516.29	96.5459
1518.22	96.8128
1520.15	96.9612
1522.08	96.9855
1524.01	96.8985
1525.94	96.7736
1527.87	96.6455
1529.8	96.5879
1531.72	96.6689
1533.65	96.7919
1535.58	96.8476
1537.51	97.0594
1539.44	97.6239
1541.37	97.9039
1543.3	97.3792
1545.23	96.8307
1547.16	96.5868
1549.09	96.5787
1551.02	96.619
1552.94	96.6187
1554.87	96.7713
1556.8	97.2719
1558.73	97.6429
1560.66	97.1101
1562.59	96.5126
1564.52	96.2366
1566.45	96.2122
1568.38	96.2873
1570.31	96.1541
1572.24	95.9079
1574.16	95.9029
1576.09	96.0415
1578.02	95.8564
1579.95	95.5135
1581.88	95.3676
1583.81	95.3956
1585.74	95.4472
1587.67	95.4781
1589.6	95.518
1591.53	95.5774
1593.46	95.6378
1595.39	95.6547
1597.31	95.6132
1599.24	95.5569
1601.17	95.5046
1603.1	95.4234
1605.03	95.3354
1606.96	95.3227
1608.89	95.3391
1610.82	95.2437
1612.75	95.1506
1614.68	95.248
1616.61	95.3105
1618.53	95.014
1620.46	94.6898
1622.39	94.5174
1624.32	94.3092
1626.25	93.9661
1628.18	93.4723
1630.11	92.8689
1632.04	92.438
1633.97	92.3262
1635.9	92.2372
1637.83	91.9616
1639.76	92.0032
1641.68	92.5214
1643.61	93.3142
1645.54	94.2354
1647.47	94.9061
1649.4	95.0834
1651.33	95.2557
1653.26	95.5404
1655.19	95.2103
1657.12	94.664
1659.05	94.437
1660.98	94.4768
1662.9	94.4399
1664.83	94.2196
1666.76	94.1405
1668.69	94.2437
1670.62	94.1486
1672.55	93.8421
1674.48	93.5576
1676.41	93.1666
1678.34	92.768
1680.27	92.6041
1682.2	92.5225
1684.12	92.165
1686.05	91.5359
1687.98	90.8469
1689.91	90.1289
1691.84	89.4119
1693.77	88.5969
1695.7	87.6473
1697.63	86.5018
1699.56	84.6141
1701.49	82.1498
1703.42	79.834
1705.35	77.1436
1707.27	73.6201
1709.2	70.0038
1711.13	66.782
1713.06	63.8388
1714.99	61.2985
1716.92	58.8882
1718.85	56.4367
1720.78	54.9828
1722.71	54.5839
1724.64	54.6573
1726.57	55.1297
1728.49	55.9757
1730.42	56.9063
1732.35	57.903
1734.28	58.8546
1736.21	59.2684
1738.14	59.2414
1740.07	58.9808
1742	58.6402
1743.93	58.6758
1745.86	59.2502
1747.79	60.3478
1749.72	62.1689
1751.64	64.3536
1753.57	66.5263
1755.5	69.1565
1757.43	72.414
1759.36	75.844
1761.29	79.2964
1763.22	82.5987
1765.15	85.2659
1767.08	87.4779
1769.01	89.708
1770.94	91.807
1772.86	93.3098
1774.79	94.1739
1776.72	94.6698
1778.65	95.1172
1780.58	95.6494
1782.51	96.042
1784.44	96.2563
1786.37	96.5062
1788.3	96.76
1790.23	96.9496
1792.16	97.0865
1794.08	97.0148
1796.01	96.8237
1797.94	96.8083
1799.87	96.9635
1801.8	97.0447
1803.73	96.9618
1805.66	96.8087
1807.59	96.7215
1809.52	96.7472
1811.45	96.7347
1813.38	96.6507
1815.31	96.6648
1817.23	96.7692
1819.16	96.8356
1821.09	96.892
1823.02	96.982
1824.95	97.0824
1826.88	97.2224
1828.81	97.3551
1830.74	97.3382
1832.67	97.2596
1834.6	97.3179
1836.53	97.4461
1838.45	97.4418
1840.38	97.3623
1842.31	97.4307
1844.24	97.596
1846.17	97.5659
1848.1	97.3967
1850.03	97.3392
1851.96	97.4522
1853.89	97.6156
1855.82	97.6537
1857.75	97.5443
1859.68	97.4735
1861.6	97.5427
1863.53	97.6768
1865.46	97.8637
1867.39	98.0976
1869.32	98.212
1871.25	98.1349
1873.18	97.9793
1875.11	97.8142
1877.04	97.7419
1878.97	97.8361
1880.9	98.0019
1882.82	98.1449
1884.75	98.2496
1886.68	98.2984
1888.61	98.3051
1890.54	98.3136
1892.47	98.3077
1894.4	98.2646
1896.33	98.2318
1898.26	98.2599
1900.19	98.3101
1902.12	98.308
1904.05	98.2765
1905.97	98.3063
1907.9	98.4152
1909.83	98.5486
1911.76	98.6188
1913.69	98.5913
1915.62	98.6037
1917.55	98.7442
1919.48	98.7885
1921.41	98.6629
1923.34	98.6846
1925.27	98.8968
1927.19	98.9718
1929.12	98.8845
1931.05	98.8725
1932.98	98.9875
1934.91	99.1478
1936.84	99.3021
1938.77	99.4387
1940.7	99.6215
1942.63	99.8185
1944.56	99.7969
1946.49	99.5322
1948.41	99.3325
1950.34	99.4234
1952.27	99.6706
1954.2	99.7356
1956.13	99.5428
1958.06	99.4591
1959.99	99.7462
1961.92	100.097
1963.85	100.131
1965.78	99.9664
1967.71	99.8674
1969.64	99.825
1971.56	99.842
1973.49	100.072
1975.42	100.397
1977.35	100.478
1979.28	100.358
1981.21	100.36
1983.14	100.465
1985.07	100.409
1987	100.224
1988.93	100.184
1990.86	100.324
1992.78	100.405
1994.71	100.317
1996.64	100.162
1998.57	99.9971
2000.5	99.8456
2002.43	99.7939
2004.36	99.9133
2006.29	100.183
2008.22	100.432
2010.15	100.423
2012.08	100.235
2014.01	100.23
2015.93	100.459
2017.86	100.627
2019.79	100.659
2021.72	100.667
2023.65	100.614
2025.58	100.497
2027.51	100.458
2029.44	100.522
2031.37	100.587
2033.3	100.598
2035.23	100.535
2037.15	100.418
2039.08	100.35
2041.01	100.385
2042.94	100.444
2044.87	100.476
2046.8	100.492
2048.73	100.438
2050.66	100.289
2052.59	100.148
2054.52	100.067
2056.45	100.016
2058.37	99.9762
2060.3	99.8169
2062.23	99.4542
2064.16	99.2616
2066.09	99.5926
2068.02	100.038
2069.95	100.087
2071.88	99.9526
2073.81	99.9227
2075.74	99.7859
2077.67	99.4747
2079.6	99.3462
2081.52	99.5245
2083.45	99.6938
2085.38	99.6242
2087.31	99.422
2089.24	99.2694
2091.17	99.2208
2093.1	99.2381
2095.03	99.2592
2096.96	99.2472
2098.89	99.2405
2100.82	99.2906
2102.74	99.3648
2104.67	99.3966
2106.6	99.3687
2108.53	99.3057
2110.46	99.2588
2112.39	99.2651
2114.32	99.2866
2116.25	99.2609
2118.18	99.1906
2120.11	99.1455
2122.04	99.2092
2123.97	99.3802
2125.89	99.5349
2127.82	99.5898
2129.75	99.6005
2131.68	99.6177
2133.61	99.6382
2135.54	99.7128
2137.47	99.8736
2139.4	100.042
2141.33	100.16
2143.26	100.213
2145.19	100.139
2147.11	99.9793
2149.04	99.9674
2150.97	100.221
2152.9	100.566
2154.83	100.784
2156.76	100.771
2158.69	100.546
2160.62	100.301
2162.55	100.239
2164.48	100.294
2166.41	100.313
2168.33	100.333
2170.26	100.412
2172.19	100.484
2174.12	100.518
2176.05	100.541
2177.98	100.483
2179.91	100.285
2181.84	100.097
2183.77	100.112
2185.7	100.278
2187.63	100.433
2189.56	100.566
2191.48	100.711
2193.41	100.725
2195.34	100.461
2197.27	100.076
2199.2	99.9321
2201.13	100.102
2203.06	100.205
2204.99	99.9936
2206.92	99.7933
2208.85	99.9072
2210.78	100.094
2212.7	100.118
2214.63	100.133
2216.56	100.164
2218.49	100.009
2220.42	99.7666
2222.35	99.6954
2224.28	99.7082
2226.21	99.6433
2228.14	99.6816
2230.07	99.9762
2232	100.273
2233.93	100.303
2235.85	100.177
2237.78	100.102
2239.71	100.091
2241.64	100.13
2243.57	100.197
2245.5	100.158
2247.43	100.037
2249.36	100.053
2251.29	100.144
2253.22	100.048
2255.15	99.8571
2257.07	99.7913
2259	99.7353
2260.93	99.5973
2262.86	99.5561
2264.79	99.6274
2266.72	99.6514
2268.65	99.685
2270.58	99.7999
2272.51	99.829
2274.44	99.6836
2276.37	99.4617
2278.29	99.2358
2280.22	99.134
2282.15	99.2873
2284.08	99.4966
2286.01	99.4778
2287.94	99.3478
2289.87	99.3549
2291.8	99.4643
2293.73	99.5833
2295.66	99.7389
2297.59	99.89
2299.52	99.9901
2301.44	100.112
2303.37	100.266
2305.3	100.436
2307.23	100.752
2309.16	101.219
2311.09	101.584
2313.02	101.812
2314.95	102.139
2316.88	102.608
2318.81	103.144
2320.74	103.795
2322.66	104.405
2324.59	104.698
2326.52	104.847
2328.45	105.197
2330.38	105.672
2332.31	106.007
2334.24	106.297
2336.17	106.687
2338.1	106.977
2340.03	107.098
2341.96	107.194
2343.89	106.747
2345.81	105.465
2347.74	104.522
2349.67	104.665
2351.6	105.756
2353.53	107.294
2355.46	108.61
2357.39	109.547
2359.32	110.265
2361.25	110.654
2363.18	110.279
2365.11	108.86
2367.03	107.176
2368.96	106.068
2370.89	105.127
2372.82	103.854
2374.75	102.519
2376.68	101.407
2378.61	100.459
2380.54	99.6244
2382.47	98.9601
2384.4	98.4858
2386.33	98.1575
2388.26	97.9229
2390.18	97.7589
2392.11	97.6722
2394.04	97.6436
2395.97	97.6073
2397.9	97.5466
2399.83	97.5224
2401.76	97.5571
2403.69	97.6241
2405.62	97.7162
2407.55	97.7916
2409.48	97.7959
2411.4	97.7851
2413.33	97.8121
2415.26	97.8276
2417.19	97.8627
2419.12	97.9851
2421.05	98.0628
2422.98	98.0013
2424.91	97.9744
2426.84	98.0226
2428.77	97.9112
2430.7	97.6697
2432.62	97.6403
2434.55	97.8625
2436.48	98.0335
2438.41	98.0821
2440.34	98.1982
2442.27	98.3517
2444.2	98.3349
2446.13	98.2164
2448.06	98.2277
2449.99	98.3155
2451.92	98.2923
2453.85	98.2129
2455.77	98.206
2457.7	98.234
2459.63	98.2449
2461.56	98.2426
2463.49	98.2098
2465.42	98.1937
2467.35	98.2708
2469.28	98.3571
2471.21	98.3511
2473.14	98.3438
2475.07	98.3996
2476.99	98.402
2478.92	98.3185
2480.85	98.2968
2482.78	98.3934
2484.71	98.4898
2486.64	98.4996
2488.57	98.46
2490.5	98.4347
2492.43	98.4437
2494.36	98.45
2496.29	98.3702
2498.22	98.1849
2500.14	98.0454
2502.07	98.1184
2504	98.3307
2505.93	98.4419
2507.86	98.3498
2509.79	98.1865
2511.72	98.1303
2513.65	98.184
2515.58	98.1848
2517.51	98.0974
2519.44	98.1089
2521.36	98.2742
2523.29	98.3917
2525.22	98.3741
2527.15	98.3363
2529.08	98.3059
2531.01	98.2429
2532.94	98.1814
2534.87	98.1069
2536.8	97.9987
2538.73	97.9926
2540.66	98.1372
2542.58	98.2175
2544.51	98.14
2546.44	98.1087
2548.37	98.202
2550.3	98.2308
2552.23	98.12
2554.16	98.0216
2556.09	98.061
2558.02	98.2435
2559.95	98.4625
2561.88	98.5097
2563.81	98.322
2565.73	98.121
2567.66	98.0526
2569.59	97.9907
2571.52	97.8739
2573.45	97.828
2575.38	97.8896
2577.31	97.9674
2579.24	98.0046
2581.17	97.9985
2583.1	98.0018
2585.03	98.0719
2586.95	98.1242
2588.88	98.0459
2590.81	97.908
2592.74	97.8133
2594.67	97.7429
2596.6	97.6996
2598.53	97.6988
2600.46	97.6594
2602.39	97.5828
2604.32	97.614
2606.25	97.7457
2608.18	97.7887
2610.1	97.6911
2612.03	97.5826
2613.96	97.5394
2615.89	97.5273
2617.82	97.5068
2619.75	97.4621
2621.68	97.3727
2623.61	97.2452
2625.54	97.1608
2627.47	97.183
2629.4	97.2308
2631.32	97.2107
2633.25	97.1835
2635.18	97.1901
2637.11	97.1258
2639.04	96.9812
2640.97	96.901
2642.9	96.9072
2644.83	96.8965
2646.76	96.8703
2648.69	96.8886
2650.62	96.9301
2652.54	96.953
2654.47	96.9406
2656.4	96.8659
2658.33	96.7259
2660.26	96.57
2662.19	96.4627
2664.12	96.454
2666.05	96.536
2667.98	96.6265
2669.91	96.6593
2671.84	96.6464
2673.77	96.6169
2675.69	96.5728
2677.62	96.5203
2679.55	96.491
2681.48	96.5008
2683.41	96.5013
2685.34	96.4573
2687.27	96.454
2689.2	96.5523
2691.13	96.612
2693.06	96.5088
2694.99	96.3775
2696.91	96.3807
2698.84	96.4476
2700.77	96.4358
2702.7	96.3502
2704.63	96.2901
2706.56	96.3088
2708.49	96.3673
2710.42	96.3989
2712.35	96.3822
2714.28	96.3231
2716.21	96.243
2718.14	96.2017
2720.06	96.2086
2721.99	96.178
2723.92	96.087
2725.85	96.0113
2727.78	95.9657
2729.71	95.9402
2731.64	96.0022
2733.57	96.1344
2735.5	96.1775
2737.43	96.0859
2739.36	95.9776
2741.28	95.9038
2743.21	95.8328
2745.14	95.787
2747.07	95.7934
2749	95.8172
2750.93	95.8477
2752.86	95.9234
2754.79	96.0265
2756.72	96.0682
2758.65	96.0226
2760.58	95.9681
2762.51	95.9293
2764.43	95.8204
2766.36	95.6601
2768.29	95.6204
2770.22	95.7236
2772.15	95.7857
2774.08	95.7503
2776.01	95.7269
2777.94	95.7115
2779.87	95.6393
2781.8	95.5887
2783.73	95.613
2785.65	95.6057
2787.58	95.5409
2789.51	95.5339
2791.44	95.5782
2793.37	95.5635
2795.3	95.5272
2797.23	95.5679
2799.16	95.6178
2801.09	95.5624
2803.02	95.4421
2804.95	95.359
2806.87	95.3256
2808.8	95.2907
2810.73	95.2146
2812.66	95.1031
2814.59	94.9936
2816.52	94.8949
2818.45	94.7787
2820.38	94.6477
2822.31	94.5373
2824.24	94.438
2826.17	94.282
2828.1	94.0466
2830.02	93.8324
2831.95	93.7284
2833.88	93.6377
2835.81	93.4334
2837.74	93.1828
2839.67	92.9597
2841.6	92.6834
2843.53	92.387
2845.46	92.2604
2847.39	92.2691
2849.32	92.1625
2851.24	91.8668
2853.17	91.4618
2855.1	90.9168
2857.03	90.2116
2858.96	89.5054
2860.89	88.9528
2862.82	88.5327
2864.75	88.1794
2866.68	87.8864
2868.61	87.5931
2870.54	87.2268
2872.47	86.9238
2874.39	86.8789
2876.32	87.0081
2878.25	87.1572
2880.18	87.4293
2882.11	87.861
2884.04	88.1693
2885.97	88.2139
2887.9	88.2117
2889.83	88.2781
2891.76	88.3208
2893.69	88.371
2895.61	88.4846
2897.54	88.521
2899.47	88.4171
2901.4	88.3228
2903.33	88.2781
2905.26	88.1915
2907.19	88.095
2909.12	88.0225
2911.05	87.9043
2912.98	87.7949
2914.91	87.7585
2916.83	87.6043
2918.76	87.2565
2920.69	86.9804
2922.62	86.7918
2924.55	86.3462
2926.48	85.6488
2928.41	85.0894
2930.34	84.8071
2932.27	84.6786
2934.2	84.6844
2936.13	84.8552
2938.06	85.1264
2939.98	85.4195
2941.91	85.6878
2943.84	85.8852
2945.77	85.9527
2947.7	85.8165
2949.63	85.4533
2951.56	84.9084
2953.49	84.2007
2955.42	83.4088
2957.35	82.8441
2959.28	82.8104
2961.2	83.243
2963.13	83.9185
2965.06	84.8497
2966.99	86.1364
2968.92	87.5651
2970.85	88.6797
2972.78	89.2876
2974.71	89.6323
2976.64	89.9685
2978.57	90.3157
2980.5	90.7329
2982.43	91.3506
2984.35	91.9678
2986.28	92.2109
2988.21	92.2021
2990.14	92.3672
2992.07	92.6646
2994	92.7936
2995.93	92.8851
2997.86	93.2362
2999.79	93.7315
3001.72	94.0844
3003.65	94.2619
3005.57	94.4193
3007.5	94.6816
3009.43	95.0111
3011.36	95.2662
3013.29	95.4457
3015.22	95.6298
3017.15	95.7195
3019.08	95.6762
3021.01	95.7456
3022.94	96.0039
3024.87	96.2098
3026.79	96.2986
3028.72	96.3815
3030.65	96.4266
3032.58	96.4687
3034.51	96.6289
3036.44	96.7531
3038.37	96.6981
3040.3	96.7041
3042.23	96.8469
3044.16	96.7949
3046.09	96.5397
3048.02	96.4976
3049.94	96.7316
3051.87	96.9073
3053.8	96.9541
3055.73	97.0614
3057.66	97.1817
3059.59	97.1228
3061.52	96.9759
3063.45	96.9492
3065.38	96.9705
3067.31	96.9009
3069.24	96.8364
3071.16	96.8251
3073.09	96.7675
3075.02	96.7436
3076.95	96.8203
3078.88	96.7376
3080.81	96.451
3082.74	96.4272
3084.67	96.8127
3086.6	97.097
3088.53	96.9864
3090.46	96.8034
3092.39	96.773
3094.31	96.6812
3096.24	96.4325
3098.17	96.3246
3100.1	96.5014
3102.03	96.6408
3103.96	96.5017
3105.89	96.3569
3107.82	96.4948
3109.75	96.7085
3111.68	96.6464
3113.61	96.3595
3115.53	96.1872
3117.46	96.2663
3119.39	96.4067
3121.32	96.416
3123.25	96.3457
3125.18	96.3197
3127.11	96.3091
3129.04	96.2571
3130.97	96.2419
3132.9	96.3063
3134.83	96.31
3136.75	96.173
3138.68	96.0472
3140.61	96.0492
3142.54	96.1127
3144.47	96.2033
3146.4	96.3331
3148.33	96.3957
3150.26	96.3325
3152.19	96.263
3154.12	96.2278
3156.05	96.1612
3157.98	96.1145
3159.9	96.1347
3161.83	96.127
3163.76	96.0792
3165.69	96.0854
3167.62	96.1059
3169.55	96.0433
3171.48	95.947
3173.41	95.9035
3175.34	95.8801
3177.27	95.8231
3179.2	95.8013
3181.12	95.899
3183.05	96.0037
3184.98	95.9442
3186.91	95.8095
3188.84	95.7599
3190.77	95.6687
3192.7	95.4237
3194.63	95.261
3196.56	95.3661
3198.49	95.5638
3200.42	95.6464
3202.35	95.6143
3204.27	95.5751
3206.2	95.62
3208.13	95.6607
3210.06	95.5313
3211.99	95.3804
3213.92	95.451
3215.85	95.5464
3217.78	95.416
3219.71	95.2982
3221.64	95.4022
3223.57	95.4796
3225.49	95.3489
3227.42	95.16
3229.35	95.0589
3231.28	95.097
3233.21	95.2455
3235.14	95.3248
3237.07	95.2424
3239	95.1447
3240.93	95.0854
3242.86	94.9438
3244.79	94.752
3246.72	94.6604
3248.64	94.615
3250.57	94.439
3252.5	94.212
3254.43	94.2621
3256.36	94.6501
3258.29	94.9863
3260.22	95.0026
3262.15	94.8686
3264.08	94.7217
3266.01	94.4824
3267.94	94.2262
3269.86	94.1365
3271.79	94.1897
3273.72	94.2755
3275.65	94.36
3277.58	94.4096
3279.51	94.4387
3281.44	94.5005
3283.37	94.5021
3285.3	94.3383
3287.23	94.1473
3289.16	94.0994
3291.08	94.1316
3293.01	94.1154
3294.94	94.0511
3296.87	93.9966
3298.8	93.9705
3300.73	93.9537
3302.66	93.9267
3304.59	93.8694
3306.52	93.7404
3308.45	93.5625
3310.38	93.4787
3312.31	93.5553
3314.23	93.6643
3316.16	93.6928
3318.09	93.658
3320.02	93.5974
3321.95	93.5404
3323.88	93.5153
3325.81	93.5135
3327.74	93.5411
3329.67	93.6012
3331.6	93.6042
3333.53	93.5048
3335.45	93.3964
3337.38	93.3087
3339.31	93.2098
3341.24	93.2129
3343.17	93.3951
3345.1	93.5782
3347.03	93.6053
3348.96	93.5295
3350.89	93.4194
3352.82	93.3285
3354.75	93.3328
3356.68	93.4216
3358.6	93.5413
3360.53	93.6464
3362.46	93.6291
3364.39	93.476
3366.32	93.3579
3368.25	93.3524
3370.18	93.4231
3372.11	93.5963
3374.04	93.7496
3375.97	93.6501
3377.9	93.4354
3379.82	93.43
3381.75	93.5951
3383.68	93.7228
3385.61	93.8
3387.54	93.8504
3389.47	93.8463
3391.4	93.8171
3393.33	93.7803
3395.26	93.73
3397.19	93.7213
3399.12	93.7711
3401.04	93.8121
3402.97	93.8269
3404.9	93.8323
3406.83	93.8042
3408.76	93.7806
3410.69	93.8492
3412.62	93.954
3414.55	93.9558
3416.48	93.8823
3418.41	93.8756
3420.34	93.9449
3422.27	93.9709
3424.19	93.922
3426.12	93.9084
3428.05	94.0411
3429.98	94.2799
3431.91	94.4211
3433.84	94.3518
3435.77	94.2471
3437.7	94.2782
3439.63	94.3357
3441.56	94.3499
3443.49	94.4851
3445.41	94.7262
3447.34	94.8017
3449.27	94.7134
3451.2	94.7326
3453.13	94.8364
3455.06	94.7908
3456.99	94.6359
3458.92	94.6332
3460.85	94.8958
3462.78	95.2676
3464.71	95.4156
3466.64	95.1801
3468.56	94.8754
3470.49	94.8829
3472.42	95.0509
3474.35	95.0126
3476.28	94.8318
3478.21	94.7612
3480.14	94.8131
3482.07	94.9737
3484	95.1909
3485.93	95.1868
3487.86	95.0007
3489.78	95.1319
3491.71	95.5422
3493.64	95.6175
3495.57	95.3681
3497.5	95.3174
3499.43	95.4319
3501.36	95.4311
3503.29	95.4087
3505.22	95.3611
3507.15	95.1632
3509.08	95.0926
3511	95.3229
3512.93	95.4682
3514.86	95.3535
3516.79	95.2488
3518.72	95.2105
3520.65	95.1401
3522.58	95.1872
3524.51	95.4512
3526.44	95.7318
3528.37	95.8269
3530.3	95.6425
3532.23	95.23
3534.15	94.9078
3536.08	94.9654
3538.01	95.2331
3539.94	95.3193
3541.87	95.2151
3543.8	95.1978
3545.73	95.3747
3547.66	95.5978
3549.59	95.7534
3551.52	95.8317
3553.45	95.756
3555.37	95.4744
3557.3	95.1543
3559.23	95.0878
3561.16	95.3794
3563.09	95.7144
3565.02	95.7639
3566.95	95.6648
3568.88	95.7646
3570.81	95.9759
3572.74	96.1071
3574.67	96.1423
3576.6	96.0559
3578.52	95.9093
3580.45	95.8914
3582.38	96.0227
3584.31	96.2028
3586.24	96.4869
3588.17	96.7868
3590.1	96.7779
3592.03	96.5646
3593.96	96.4731
3595.89	96.7076
3597.82	97.2718
3599.74	97.8533
3601.67	97.9765
3603.6	97.6195
3605.53	97.1706
3607.46	96.8236
3609.39	96.7679
3611.32	97.1556
3613.25	97.6069
3615.18	97.7
3617.11	97.6033
3619.04	97.5625
3620.97	97.4628
3622.89	97.3025
3624.82	97.2471
3626.75	97.3454
3628.68	97.5134
3630.61	97.4716
3632.54	97.2671
3634.47	97.2793
3636.4	97.5291
3638.33	97.6038
3640.26	97.4018
3642.19	97.3325
3644.11	97.6022
3646.04	97.9782
3647.97	98.2786
3649.9	98.4868
3651.83	98.5029
3653.76	98.2909
3655.69	98.0289
3657.62	98.012
3659.55	98.1006
3661.48	97.8532
3663.41	97.3842
3665.33	97.2485
3667.26	97.6063
3669.19	98.1661
3671.12	98.5216
3673.05	98.6184
3674.98	98.7285
3676.91	98.8191
3678.84	98.5641
3680.77	98.1023
3682.7	97.7793
3684.63	97.6668
3686.56	97.6594
3688.48	97.8894
3690.41	98.2927
3692.34	98.3142
3694.27	98.1342
3696.2	98.2378
3698.13	98.5321
3700.06	98.6516
3701.99	98.51
3703.92	98.2166
3705.85	97.9865
3707.78	98.1025
3709.7	98.5466
3711.63	98.7538
3713.56	98.4875
3715.49	98.2351
3717.42	98.1353
3719.35	98.0244
3721.28	97.8723
3723.21	97.9062
3725.14	98.2809
3727.07	98.6463
3729	98.6585
3730.93	98.6588
3732.85	98.9786
3734.78	99.0074
3736.71	98.2036
3738.64	97.5795
3740.57	97.6702
3742.5	98.1885
3744.43	98.7515
3746.36	98.7951
3748.29	98.4583
3750.22	98.3462
3752.15	98.5048
3754.07	98.4492
3756	98.2848
3757.93	98.2095
3759.86	98.0636
3761.79	97.8718
3763.72	97.8681
3765.65	97.8899
3767.58	97.6605
3769.51	97.3736
3771.44	97.2974
3773.37	97.356
3775.29	97.4769
3777.22	97.6446
3779.15	97.7141
3781.08	97.6074
3783.01	97.4275
3784.94	97.2661
3786.87	97.248
3788.8	97.4015
3790.73	97.5299
3792.66	97.5824
3794.59	97.7528
3796.52	98.0734
3798.44	98.3655
3800.37	98.5305
3802.3	98.442
3804.23	98.1468
3806.16	97.9308
3808.09	97.7688
3810.02	97.5215
3811.95	97.4627
3813.88	97.8426
3815.81	98.3124
3817.74	98.2999
3819.66	98.1194
3821.59	98.1879
3823.52	98.2414
3825.45	98.0729
3827.38	97.8368
3829.31	97.7068
3831.24	97.795
3833.17	98.0286
3835.1	98.212
3837.03	98.3292
3838.96	98.4482
3840.89	98.3922
3842.81	98.0678
3844.74	97.6635
3846.67	97.3894
3848.6	97.343
3850.53	97.5575
3852.46	98.0001
3854.39	98.2675
3856.32	98.0922
3858.25	97.8513
3860.18	97.745
3862.11	97.7834
3864.03	97.8916
3865.96	97.9849
3867.89	98.0626
3869.82	98.11
3871.75	98.0279
3873.68	97.7577
3875.61	97.4308
3877.54	97.2962
3879.47	97.5047
3881.4	97.8223
3883.33	97.8663
3885.25	97.716
3887.18	97.6563
3889.11	97.6627
3891.04	97.6332
3892.97	97.6392
3894.9	97.6713
3896.83	97.6126
3898.76	97.5281
3900.69	97.5933
3902.62	97.6687
3904.55	97.4787
3906.48	97.2029
3908.4	97.0948
3910.33	97.0822
3912.26	97.0968
3914.19	97.2344
3916.12	97.4913
3918.05	97.662
3919.98	97.6278
3921.91	97.4853
3923.84	97.3396
3925.77	97.2756
3927.7	97.2874
3929.62	97.2616
3931.55	97.2084
3933.48	97.2398
3935.41	97.2839
3937.34	97.2355
3939.27	97.1876
3941.2	97.2388
3943.13	97.3407
3945.06	97.4151
3946.99	97.421
3948.92	97.3655
3950.85	97.3497
3952.77	97.3974
3954.7	97.3721
3956.63	97.2528
3958.56	97.1788
3960.49	97.1637
3962.42	97.1201
3964.35	97.0976
3966.28	97.1504
3968.21	97.1607
3970.14	97.0524
3972.07	96.9671
3973.99	97.0504
3975.92	97.2311
3977.85	97.323
3979.78	97.2466
3981.71	97.0911
3983.64	97.0087
3985.57	97.0358
3987.5	97.0606
3989.43	97.0338
3991.36	97.0621
3993.29	97.1752
3995.22	97.2266
3997.14	97.1555
