499.643	81.508
501.572	81.4042
503.501	81.3339
505.43	81.6568
507.36	81.6781
509.289	81.3799
511.218	81.647
513.147	82.3699
515.076	82.596
517.005	82.4155
518.934	82.7439
520.863	83.4136
522.792	83.6365
524.722	83.616
526.651	83.9861
528.58	84.437
530.509	84.3652
532.438	84.0762
534.367	84.2553
536.296	85.0188
538.225	85.9636
540.155	86.6464
542.084	86.7692
544.013	86.3803
545.942	85.914
547.871	85.6883
549.8	85.5952
551.729	85.5838
553.658	85.8243
555.588	86.1696
557.517	86.2776
559.446	86.2591
561.375	86.3385
563.304	86.3169
565.233	86.1303
567.162	86.1545
569.091	86.4494
571.021	86.6071
572.95	86.5496
574.879	86.5339
576.808	86.5614
578.737	86.5632
580.666	86.6911
582.595	86.8688
584.524	86.8113
586.454	86.6832
588.383	86.8007
590.312	86.9168
592.241	86.7168
594.17	86.474
596.099	86.4579
598.028	86.4943
599.957	86.4483
601.887	86.4239
603.816	86.5161
605.745	86.7369
607.674	87.0067
609.603	87.181
611.532	87.2441
613.461	87.2973
615.39	87.328
617.32	87.2399
619.249	87.1191
621.178	87.2072
623.107	87.5007
625.036	87.685
626.965	87.6297
628.894	87.536
630.823	87.4407
632.753	87.2625
634.682	87.174
636.611	87.2277
638.54	87.1192
640.469	86.7945
642.398	86.5233
644.327	86.326
646.256	86.0625
648.186	85.8018
650.115	85.6383
652.044	85.561
653.973	85.6171
655.902	85.7654
657.831	85.8371
659.76	85.9279
661.689	86.2412
663.619	86.6003
665.548	86.8409
667.477	87.167
669.406	87.6492
671.335	87.9251
673.264	88.1085
675.193	88.3424
677.122	88.5545
679.052	88.7237
680.981	88.8772
682.91	88.9265
684.839	88.8946
686.768	88.9374
688.697	89.0423
690.626	89.0491
692.555	88.907
694.485	88.712
696.414	88.5994
698.343	88.6231
700.272	88.7007
702.201	88.7279
704.13	88.6999
706.059	88.6399
707.988	88.5214
709.917	88.3769
711.847	88.3288
713.776	88.4016
715.705	88.4751
717.634	88.4781
719.563	88.4197
721.492	88.3044
723.421	88.179
725.35	88.0627
727.28	87.8261
729.209	87.3954
731.138	86.908
733.067	86.4366
734.996	85.9107
736.925	85.3786
738.854	84.9196
740.783	84.3576
742.713	83.4829
744.642	82.4902
746.571	81.8838
748.5	81.9567
750.429	82.5554
752.358	83.3649
754.287	84.1896
756.216	84.8941
758.146	85.3644
760.075	85.6421
762.004	85.8316
763.933	85.8913
765.862	85.7419
767.791	85.4155
769.72	84.9173
771.649	84.1242
773.579	82.8643
775.508	80.9388
777.437	78.1242
779.366	74.3371
781.295	69.8979
783.224	65.6486
785.153	62.6818
787.082	61.7733
789.012	63.0747
790.941	66.2931
792.87	70.828
794.799	75.6804
796.728	79.7076
798.657	82.287
800.586	83.5738
802.515	84.0267
804.445	83.9257
806.374	83.3909
808.303	82.5418
810.232	81.5068
812.161	80.483
814.09	79.804
816.019	79.7396
817.948	80.2387
819.878	81.005
821.807	81.7561
823.736	82.3364
825.665	82.6888
827.594	82.8086
829.523	82.7278
831.452	82.5093
833.381	82.1706
835.311	81.6169
837.24	80.7349
839.169	79.5101
841.098	78.0131
843.027	76.4041
844.956	74.9398
846.885	73.8148
848.814	73.0154
850.744	72.3789
852.673	71.7416
854.602	71.0521
856.531	70.3733
858.46	69.7619
860.389	69.2467
862.318	68.9421
864.247	68.9876
866.177	69.3659
868.106	69.9573
870.035	70.6866
871.964	71.453
873.893	72.0647
875.822	72.4082
877.751	72.5759
879.68	72.7256
881.609	72.9108
883.539	73.1177
885.468	73.3704
887.397	73.6854
889.326	73.9987
891.255	74.2371
893.184	74.3844
895.113	74.4454
897.042	74.4571
898.972	74.5356
900.901	74.8262
902.83	75.4226
904.759	76.3399
906.688	77.5064
908.617	78.7881
910.546	80.02
912.475	80.9942
914.405	81.5216
916.334	81.5678
918.263	81.2237
920.192	80.5613
922.121	79.6368
924.05	78.5413
925.979	77.3408
927.908	76.0575
929.838	74.7157
931.767	73.3195
933.696	71.8538
935.625	70.3783
937.554	69.043
939.483	67.9864
941.412	67.2603
943.341	66.8255
945.271	66.5906
947.2	66.4891
949.129	66.5409
951.058	66.839
952.987	67.451
954.916	68.2989
956.845	69.1751
958.774	69.924
960.704	70.5558
962.633	71.1745
964.562	71.8783
966.491	72.7148
968.42	73.6533
970.349	74.6073
972.278	75.4868
974.207	76.2115
976.137	76.7169
978.066	76.9715
979.995	76.968
981.924	76.7116
983.853	76.2186
985.782	75.5067
987.711	74.6535
989.64	73.8799
991.57	73.4189
993.499	73.2486
995.428	73.0913
997.357	72.6815
999.286	71.9146
1001.22	70.8029
1003.14	69.4337
1005.07	67.9471
1007	66.5044
1008.93	65.2635
1010.86	64.2872
1012.79	63.4195
1014.72	62.3559
1016.65	60.8968
1018.58	59.0751
1020.51	57.061
1022.44	55.0602
1024.36	53.3134
1026.29	52.0939
1028.22	51.5965
1030.15	51.7712
1032.08	52.3085
1034.01	52.879
1035.94	53.389
1037.87	53.9496
1039.8	54.667
1041.73	55.5854
1043.66	56.7662
1045.58	58.2784
1047.51	60.1184
1049.44	62.1664
1051.37	64.1721
1053.3	65.8263
1055.23	66.9634
1057.16	67.6697
1059.09	68.1373
1061.02	68.452
1062.95	68.533
1064.88	68.2478
1066.81	67.6248
1068.73	66.9578
1070.66	66.6357
1072.59	66.8621
1074.52	67.5616
1076.45	68.5057
1078.38	69.4738
1080.31	70.3202
1082.24	70.9557
1084.17	71.3202
1086.1	71.386
1088.03	71.1557
1089.95	70.6372
1091.88	69.8452
1093.81	68.8317
1095.74	67.6832
1097.67	66.4911
1099.6	65.329
1101.53	64.2129
1103.46	63.0769
1105.39	61.8464
1107.32	60.5359
1109.25	59.2293
1111.18	57.9967
1113.1	56.8773
1115.03	55.8922
1116.96	55.0113
1118.89	54.1409
1120.82	53.1914
1122.75	52.1426
1124.68	51.023
1126.61	49.8575
1128.54	48.67
1130.47	47.5062
1132.4	46.403
1134.32	45.3691
1136.25	44.4263
1138.18	43.6182
1140.11	42.9679
1142.04	42.49
1143.97	42.2189
1145.9	42.1632
1147.83	42.287
1149.76	42.566
1151.69	42.9909
1153.62	43.5233
1155.55	44.1182
1157.47	44.7672
1159.4	45.4799
1161.33	46.2547
1163.26	47.0911
1165.19	48.0163
1167.12	49.0748
1169.05	50.277
1170.98	51.5863
1172.91	52.9804
1174.84	54.4759
1176.77	56.0664
1178.69	57.6936
1180.62	59.2989
1182.55	60.8582
1184.48	62.3524
1186.41	63.7468
1188.34	65.0344
1190.27	66.2709
1192.2	67.5229
1194.13	68.8082
1196.06	70.1001
1197.99	71.3291
1199.91	72.3753
1201.84	73.0918
1203.77	73.3341
1205.7	73.0229
1207.63	72.2019
1209.56	70.9672
1211.49	69.4547
1213.42	67.8644
1215.35	66.1234
1217.28	63.7211
1219.21	60.4952
1221.14	57.1492
1223.06	54.358
1224.99	52.069
1226.92	49.9379
1228.85	47.8464
1230.78	45.8348
1232.71	43.9652
1234.64	42.3492
1236.57	41.0675
1238.5	40.0917
1240.43	39.355
1242.36	38.7867
1244.28	38.2814
1246.21	37.7521
1248.14	37.194
1250.07	36.6444
1252	36.1419
1253.93	35.7571
1255.86	35.6089
1257.79	35.8074
1259.72	36.3865
1261.65	37.3143
1263.58	38.5595
1265.51	40.0965
1267.43	41.8628
1269.36	43.767
1271.29	45.7143
1273.22	47.6323
1275.15	49.5089
1277.08	51.3563
1279.01	53.1501
1280.94	54.8652
1282.87	56.5261
1284.8	58.1731
1286.73	59.8184
1288.65	61.4403
1290.58	63.004
1292.51	64.4957
1294.44	65.9252
1296.37	67.3215
1298.3	68.7669
1300.23	70.3811
1302.16	72.2244
1304.09	74.2606
1306.02	76.3826
1307.95	78.4178
1309.87	80.1739
1311.8	81.5117
1313.73	82.3515
1315.66	82.6784
1317.59	82.5783
1319.52	82.2782
1321.45	82.1188
1323.38	82.3561
1325.31	83.0203
1327.24	83.9318
1329.17	84.8187
1331.1	85.4953
1333.02	85.9091
1334.95	86.1313
1336.88	86.3388
1338.81	86.7278
1340.74	87.388
1342.67	88.2528
1344.6	89.2109
1346.53	90.1535
1348.46	90.9308
1350.39	91.3501
1352.32	91.247
1354.24	90.6141
1356.17	89.764
1358.1	89.1648
1360.03	88.9843
1361.96	89.02
1363.89	88.8671
1365.82	88.2017
1367.75	86.9756
1369.68	85.5259
1371.61	84.3177
1373.54	83.3355
1375.47	82.3292
1377.39	81.3793
1379.32	80.6106
1381.25	80.0522
1383.18	79.7976
1385.11	79.9086
1387.04	80.3945
1388.97	81.0275
1390.9	81.4489
1392.83	81.5873
1394.76	81.4692
1396.69	81.0732
1398.61	80.4572
1400.54	79.8415
1402.47	79.4457
1404.4	79.3866
1406.33	79.7162
1408.26	80.3272
1410.19	81.1863
1412.12	82.3557
1414.05	83.6033
1415.98	84.7778
1417.91	86.0272
1419.83	87.1296
1421.76	87.6945
1423.69	87.8394
1425.62	87.7604
1427.55	87.4622
1429.48	86.6789
1431.41	85.4191
1433.34	84.1747
1435.27	82.8761
1437.2	81.0966
1439.13	79.3426
1441.06	78.0487
1442.98	77.0066
1444.91	76.2468
1446.84	75.8129
1448.77	75.4913
1450.7	75.3302
1452.63	75.5787
1454.56	76.2874
1456.49	77.4595
1458.42	78.6341
1460.35	79.4081
1462.28	80.2441
1464.2	81.4146
1466.13	82.6313
1468.06	83.5963
1469.99	84.6218
1471.92	85.8393
1473.85	86.6596
1475.78	86.9133
1477.71	87.1745
1479.64	87.5511
1481.57	87.9351
1483.5	88.3302
1485.43	88.8215
1487.35	89.5394
1489.28	90.5139
1491.21	91.3914
1493.14	92.0591
1495.07	92.8103
1497	93.7123
1498.93	94.3973
1500.86	94.723
1502.79	94.9721
1504.72	95.3883
1506.65	96.0453
1508.57	96.306
1510.5	96.0775
1512.43	95.9367
1514.36	96.0528
1516.29	96.3016
1518.22	96.5005
1520.15	96.6329
1522.08	96.6713
1524.01	96.601
1525.94	96.5176
1527.87	96.4697
1529.8	96.4626
1531.72	96.518
1533.65	96.59
1535.58	96.6288
1537.51	96.8027
1539.44	97.2597
1541.37	97.4817
1543.3	97.0459
1545.23	96.6081
1547.16	96.4398
1549.09	96.4661
1551.02	96.5246
1552.94	96.537
1554.87	96.6442
1556.8	96.999
1558.73	97.2456
1560.66	96.8157
1562.59	96.3436
1564.52	96.1108
1566.45	96.0739
1568.38	96.1304
1570.31	96.0217
1572.24	95.7979
1574.16	95.7612
1576.09	95.8662
1578.02	95.723
1579.95	95.4338
1581.88	95.3108
1583.81	95.3588
1585.74	95.4309
1587.67	95.4644
1589.6	95.498
1591.53	95.5532
1593.46	95.6035
1595.39	95.6006
1597.31	95.535
1599.24	95.4593
1601.17	95.4097
1603.1	95.3583
1605.03	95.2966
1606.96	95.2898
1608.89	95.3165
1610.82	95.2433
1612.75	95.1392
1614.68	95.1664
1616.61	95.156
1618.53	94.8645
1620.46	94.5632
1622.39	94.3775
1624.32	94.1475
1626.25	93.8084
1628.18	93.3512
1630.11	92.8116
1632.04	92.4276
1633.97	92.2999
1635.9	92.1585
1637.83	91.8931
1639.76	91.9753
1641.68	92.4918
1643.61	93.2322
1645.54	94.0772
1647.47	94.7082
1649.4	94.8831
1651.33	95.0265
1653.26	95.2862
1655.19	95.0442
1657.12	94.5807
1659.05	94.3562
1660.98	94.3429
1662.9	94.2831
1664.83	94.1025
1666.76	94.0552
1668.69	94.1539
1670.62	94.0553
1672.55	93.7553
1674.48	93.4479
1676.41	93.0175
1678.34	92.6112
1680.27	92.4578
1682.2	92.3782
1684.12	92.0256
1686.05	91.4077
1687.98	90.7133
1689.91	89.9881
1691.84	89.2743
1693.77	88.4423
1695.7	87.4399
1697.63	86.2753
1699.56	84.4266
1701.49	81.9422
1703.42	79.5713
1705.35	76.9156
1707.27	73.5003
1709.2	69.9523
1711.13	66.7421
1713.06	63.8017
1714.99	61.2655
1716.92	58.8598
1718.85	56.4113
1720.78	54.9498
1722.71	54.558
1724.64	54.6496
1726.57	55.0875
1728.49	55.8493
1730.42	56.7393
1732.35	57.763
1734.28	58.7263
1736.21	59.1309
1738.14	59.1375
1740.07	58.9171
1742	58.5501
1743.93	58.5094
1745.86	59.0401
1747.79	60.1741
1749.72	62.102
1751.64	64.3814
1753.57	66.5911
1755.5	69.2097
1757.43	72.4002
1759.36	75.72
1761.29	79.0936
1763.22	82.4122
1765.15	85.1526
1767.08	87.4153
1769.01	89.6433
1770.94	91.714
1772.86	93.2189
1774.79	94.1246
1776.72	94.6561
1778.65	95.1144
1780.58	95.6433
1782.51	96.017
1784.44	96.183
1786.37	96.3841
1788.3	96.6286
1790.23	96.8235
1792.16	96.9524
1794.08	96.9209
1796.01	96.8222
1797.94	96.8342
1799.87	96.8937
1801.8	96.8825
1803.73	96.8265
1805.66	96.7408
1807.59	96.6782
1809.52	96.7102
1811.45	96.7249
1813.38	96.6551
1815.31	96.6291
1817.23	96.6642
1819.16	96.7015
1821.09	96.789
1823.02	96.9321
1824.95	97.0668
1826.88	97.1901
1828.81	97.2709
1830.74	97.243
1832.67	97.1982
1834.6	97.25
1836.53	97.3324
1838.45	97.3024
1840.38	97.1895
1842.31	97.1888
1844.24	97.3511
1846.17	97.4458
1848.1	97.4116
1850.03	97.4211
1851.96	97.5051
1853.89	97.5681
1855.82	97.5704
1857.75	97.5473
1859.68	97.5405
1861.6	97.5808
1863.53	97.7336
1865.46	98.0127
1867.39	98.2117
1869.32	98.1039
1871.25	97.8855
1873.18	97.7764
1875.11	97.725
1877.04	97.7594
1878.97	97.9174
1880.9	98.0672
1882.82	98.1418
1884.75	98.1881
1886.68	98.2048
1888.61	98.219
1890.54	98.2746
1892.47	98.2999
1894.4	98.2505
1896.33	98.1747
1898.26	98.1164
1900.19	98.1441
1902.12	98.2877
1904.05	98.4188
1905.97	98.4556
1907.9	98.5295
1909.83	98.6854
1911.76	98.7183
1913.69	98.5896
1915.62	98.5828
1917.55	98.8024
1919.48	98.9077
1921.41	98.7666
1923.34	98.7348
1925.27	98.9374
1927.19	99.0651
1929.12	99.002
1931.05	98.9577
1932.98	99.0643
1934.91	99.2154
1936.84	99.2392
1938.77	99.1715
1940.7	99.2456
1942.63	99.4599
1944.56	99.4936
1946.49	99.3301
1948.41	99.3003
1950.34	99.5087
1952.27	99.7785
1954.2	99.9448
1956.13	99.9168
1958.06	99.7386
1959.99	99.6598
1961.92	99.8181
1963.85	100.005
1965.78	100.031
1967.71	99.9887
1969.64	99.987
1971.56	100.029
1973.49	100.166
1975.42	100.367
1977.35	100.449
1979.28	100.387
1981.21	100.316
1983.14	100.222
1985.07	100.029
1987	99.8733
1988.93	99.9534
1990.86	100.185
1992.78	100.261
1994.71	100.125
1996.64	100.04
1998.57	100.114
2000.5	100.183
2002.43	100.144
2004.36	100.074
2006.29	100.091
2008.22	100.207
2010.15	100.275
2012.08	100.218
2014.01	100.223
2015.93	100.416
2017.86	100.603
2019.79	100.632
2021.72	100.633
2023.65	100.67
2025.58	100.603
2027.51	100.386
2029.44	100.209
2031.37	100.226
2033.3	100.317
2035.23	100.291
2037.15	100.253
2039.08	100.425
2041.01	100.67
2042.94	100.642
2044.87	100.405
2046.8	100.354
2048.73	100.493
2050.66	100.456
2052.59	100.249
2054.52	100.184
2056.45	100.226
2058.37	100.114
2060.3	99.8331
2062.23	99.5456
2064.16	99.4274
2066.09	99.6158
2068.02	99.9374
2069.95	100.006
2071.88	99.8038
2073.81	99.6282
2075.74	99.5574
2077.67	99.5293
2079.6	99.6334
2081.52	99.8336
2083.45	99.8553
2085.38	99.6428
2087.31	99.4243
2089.24	99.2853
2091.17	99.1891
2093.1	99.2249
2095.03	99.3902
2096.96	99.4743
2098.89	99.4292
2100.82	99.4055
2102.74	99.4205
2104.67	99.4329
2106.6	99.4952
2108.53	99.5557
2110.46	99.4902
2112.39	99.3852
2114.32	99.3863
2116.25	99.4069
2118.18	99.3223
2120.11	99.2271
2122.04	99.26
2123.97	99.392
2125.89	99.521
2127.82	99.5965
2129.75	99.6179
2131.68	99.6287
2133.61	99.6663
2135.54	99.7209
2137.47	99.8368
2139.4	100.071
2141.33	100.259
2143.26	100.174
2145.19	99.9257
2147.11	99.8039
2149.04	99.8802
2150.97	100.065
2152.9	100.287
2154.83	100.428
2156.76	100.371
2158.69	100.216
2160.62	100.208
2162.55	100.361
2164.48	100.433
2166.41	100.34
2168.33	100.265
2170.26	100.31
2172.19	100.391
2174.12	100.424
2176.05	100.377
2177.98	100.274
2179.91	100.234
2181.84	100.273
2183.77	100.262
2185.7	100.22
2187.63	100.321
2189.56	100.562
2191.48	100.75
2193.41	100.728
2195.34	100.454
2197.27	100.081
2199.2	99.9176
2201.13	100.037
2203.06	100.096
2204.99	99.8769
2206.92	99.7187
2208.85	99.9111
2210.78	100.118
2212.7	100.011
2214.63	99.8908
2216.56	100.004
2218.49	100.008
2220.42	99.7649
2222.35	99.7028
2224.28	99.9157
2226.21	99.9656
2228.14	99.8255
2230.07	99.8844
2232	100.066
2233.93	100.017
2235.85	99.8625
2237.78	99.8578
2239.71	99.8803
2241.64	99.8556
2243.57	99.9376
2245.5	100.049
2247.43	100.003
2249.36	99.9095
2251.29	99.8647
2253.22	99.7462
2255.15	99.6133
2257.07	99.6421
2259	99.6995
2260.93	99.6121
2262.86	99.5034
2264.79	99.4573
2266.72	99.3988
2268.65	99.4025
2270.58	99.5262
2272.51	99.562
2274.44	99.3926
2276.37	99.1554
2278.29	98.938
2280.22	98.8075
2282.15	98.8996
2284.08	99.0912
2286.01	99.0687
2287.94	98.8592
2289.87	98.7518
2291.8	98.8079
2293.73	98.9004
2295.66	98.9657
2297.59	98.9771
2299.52	98.9564
2301.44	98.9827
2303.37	99.0184
2305.3	98.9825
2307.23	98.9649
2309.16	99.039
2311.09	99.1365
2313.02	99.306
2314.95	99.5519
2316.88	99.5707
2318.81	99.346
2320.74	99.4304
2322.66	99.9165
2324.59	100.137
2326.52	99.9937
2328.45	100.009
2330.38	100.245
2332.31	100.352
2334.24	100.398
2336.17	100.556
2338.1	100.646
2340.03	100.653
2341.96	100.778
2343.89	100.728
2345.81	100.232
2347.74	99.8456
2349.67	99.9396
2351.6	100.399
2353.53	100.913
2355.46	101.228
2357.39	101.488
2359.32	101.822
2361.25	101.989
2363.18	101.737
2365.11	101.14
2367.03	100.58
2368.96	100.253
2370.89	99.9101
2372.82	99.3806
2374.75	98.86
2376.68	98.5294
2378.61	98.3101
2380.54	98.0845
2382.47	97.8989
2384.4	97.8183
2386.33	97.7688
2388.26	97.6766
2390.18	97.6094
2392.11	97.6234
2394.04	97.6405
2395.97	97.6089
2397.9	97.5825
2399.83	97.571
2401.76	97.5309
2403.69	97.5049
2405.62	97.5708
2407.55	97.693
2409.48	97.7846
2411.4	97.8393
2413.33	97.8785
2415.26	97.8918
2417.19	97.9104
2419.12	97.9838
2421.05	98.0598
2422.98	98.0634
2424.91	98.0329
2426.84	98.0002
2428.77	97.9029
2430.7	97.7843
2432.62	97.8296
2434.55	98.0379
2436.48	98.1532
2438.41	98.0947
2440.34	98.1172
2442.27	98.3325
2444.2	98.4645
2446.13	98.3426
2448.06	98.2065
2449.99	98.2483
2451.92	98.2997
2453.85	98.2121
2455.77	98.1178
2457.7	98.1327
2459.63	98.1647
2461.56	98.1304
2463.49	98.1074
2465.42	98.1954
2467.35	98.3532
2469.28	98.429
2471.21	98.3595
2473.14	98.2762
2475.07	98.3065
2476.99	98.3814
2478.92	98.3967
2480.85	98.3986
2482.78	98.4478
2484.71	98.4954
2486.64	98.4814
2488.57	98.3972
2490.5	98.299
2492.43	98.3194
2494.36	98.4768
2496.29	98.5283
2498.22	98.3066
2500.14	98.0509
2502.07	98.0789
2504	98.3262
2505.93	98.4857
2507.86	98.4301
2509.79	98.2835
2511.72	98.1911
2513.65	98.1742
2515.58	98.1845
2517.51	98.2078
2519.44	98.2637
2521.36	98.3274
2523.29	98.34
2525.22	98.2981
2527.15	98.2449
2529.08	98.2034
2531.01	98.1962
2532.94	98.226
2534.87	98.2067
2536.8	98.1034
2538.73	98.066
2540.66	98.1645
2542.58	98.203
2544.51	98.0917
2546.44	98.0614
2548.37	98.22
2550.3	98.3271
2552.23	98.232
2554.16	98.0995
2556.09	98.089
2558.02	98.1949
2559.95	98.3528
2561.88	98.4366
2563.81	98.3356
2565.73	98.1542
2567.66	98.0662
2569.59	98.0237
2571.52	97.9098
2573.45	97.8043
2575.38	97.8186
2577.31	97.8846
2579.24	97.9109
2581.17	97.9545
2583.1	98.0866
2585.03	98.2159
2586.95	98.1928
2588.88	98.0418
2590.81	97.9077
2592.74	97.8057
2594.67	97.6749
2596.6	97.5974
2598.53	97.6571
2600.46	97.7215
2602.39	97.6619
2604.32	97.5933
2606.25	97.6615
2608.18	97.7915
2610.1	97.8163
2612.03	97.7177
2613.96	97.6119
2615.89	97.5465
2617.82	97.4581
2619.75	97.3389
2621.68	97.2541
2623.61	97.1967
2625.54	97.1369
2627.47	97.1207
2629.4	97.1553
2631.32	97.185
2633.25	97.2147
2635.18	97.241
2637.11	97.1861
2639.04	97.065
2640.97	96.9926
2642.9	96.9864
2644.83	96.9778
2646.76	96.9479
2648.69	96.9204
2650.62	96.9058
2652.54	96.8914
2654.47	96.8555
2656.4	96.803
2658.33	96.7404
2660.26	96.6523
2662.19	96.5754
2664.12	96.5759
2666.05	96.6182
2667.98	96.6185
2669.91	96.5736
2671.84	96.511
2673.77	96.4577
2675.69	96.4713
2677.62	96.5449
2679.55	96.5907
2681.48	96.5881
2683.41	96.571
2685.34	96.5416
2687.27	96.5342
2689.2	96.5753
2691.13	96.5702
2693.06	96.4663
2694.99	96.3899
2696.91	96.4142
2698.84	96.4272
2700.77	96.3531
2702.7	96.2662
2704.63	96.2373
2706.56	96.2594
2708.49	96.3165
2710.42	96.387
2712.35	96.4101
2714.28	96.3585
2716.21	96.2973
2718.14	96.2723
2720.06	96.2296
2721.99	96.14
2723.92	96.0566
2725.85	95.99
2727.78	95.9091
2729.71	95.8681
2731.64	95.9311
2733.57	96.0263
2735.5	96.0374
2737.43	95.9553
2739.36	95.8449
2741.28	95.7618
2743.21	95.7361
2745.14	95.7577
2747.07	95.7831
2749	95.8014
2750.93	95.8567
2752.86	95.959
2754.79	96.031
2756.72	96.0169
2758.65	95.971
2760.58	95.9414
2762.51	95.8756
2764.43	95.7552
2766.36	95.682
2768.29	95.7178
2770.22	95.7756
2772.15	95.7586
2774.08	95.6891
2776.01	95.6293
2777.94	95.5726
2779.87	95.5076
2781.8	95.4956
2783.73	95.5494
2785.65	95.5597
2787.58	95.4962
2789.51	95.4745
2791.44	95.5003
2793.37	95.4518
2795.3	95.3722
2797.23	95.4185
2799.16	95.5527
2801.09	95.5986
2803.02	95.4974
2804.95	95.3357
2806.87	95.2433
2808.8	95.2518
2810.73	95.2127
2812.66	95.0288
2814.59	94.8508
2816.52	94.7897
2818.45	94.7218
2820.38	94.5926
2822.31	94.5127
2824.24	94.4554
2826.17	94.2832
2828.1	94.0224
2830.02	93.7911
2831.95	93.6202
2833.88	93.4987
2835.81	93.3866
2837.74	93.1864
2839.67	92.8789
2841.6	92.5865
2843.53	92.3991
2845.46	92.2652
2847.39	92.1071
2849.32	91.914
2851.24	91.678
2853.17	91.3295
2855.1	90.802
2857.03	90.1301
2858.96	89.4461
2860.89	88.8738
2862.82	88.4369
2864.75	88.095
2866.68	87.8227
2868.61	87.5589
2870.54	87.1979
2872.47	86.8061
2874.39	86.6434
2876.32	86.7936
2878.25	87.0894
2880.18	87.4531
2882.11	87.8756
2884.04	88.1703
2885.97	88.2323
2887.9	88.2526
2889.83	88.3307
2891.76	88.355
2893.69	88.3712
2895.61	88.4767
2897.54	88.5038
2899.47	88.3548
2901.4	88.2511
2903.33	88.2771
2905.26	88.2356
2907.19	88.0818
2909.12	87.9331
2911.05	87.7761
2912.98	87.5926
2914.91	87.474
2916.83	87.4071
2918.76	87.2833
2920.69	87.0704
2922.62	86.716
2924.55	86.1464
2926.48	85.4963
2928.41	85.024
2930.34	84.8075
2932.27	84.7646
2934.2	84.8419
2936.13	85.0122
2938.06	85.2172
2939.98	85.4188
2941.91	85.6143
2943.84	85.7511
2945.77	85.7261
2947.7	85.5239
2949.63	85.2343
2951.56	84.859
2953.49	84.2841
2955.42	83.5574
2957.35	82.9914
2959.28	82.8638
2961.2	83.1913
2963.13	83.8791
2965.06	84.893
2966.99	86.1929
2968.92	87.581
2970.85	88.7053
2972.78	89.3485
2974.71	89.6917
2976.64	90.0597
2978.57	90.5141
2980.5	90.9731
2982.43	91.454
2984.35	91.8583
2986.28	91.9749
2988.21	91.9682
2990.14	92.1987
2992.07	92.5469
2994	92.7155
2995.93	92.8972
2997.86	93.3432
2999.79	93.8011
3001.72	93.99
3003.65	94.0434
3005.57	94.1997
3007.5	94.5054
3009.43	94.8598
3011.36	95.1497
3013.29	95.3738
3015.22	95.5566
3017.15	95.6072
3019.08	95.5434
3021.01	95.6069
3022.94	95.8648
3024.87	96.095
3026.79	96.2126
3028.72	96.3521
3030.65	96.5405
3032.58	96.67
3034.51	96.6891
3036.44	96.6386
3038.37	96.6118
3040.3	96.6855
3042.23	96.7922
3044.16	96.7719
3046.09	96.62
3048.02	96.5324
3049.94	96.6149
3051.87	96.7287
3053.8	96.7701
3055.73	96.8442
3057.66	96.9499
3059.59	96.8727
3061.52	96.6359
3063.45	96.5573
3065.38	96.6651
3067.31	96.6527
3069.24	96.5158
3071.16	96.5762
3073.09	96.8669
3075.02	97.0833
3076.95	97.0424
3078.88	96.7728
3080.81	96.4333
3082.74	96.3426
3084.67	96.6238
3086.6	96.8927
3088.53	96.8294
3090.46	96.6837
3092.39	96.6614
3094.31	96.5232
3096.24	96.2521
3098.17	96.2364
3100.1	96.5027
3102.03	96.6403
3103.96	96.5104
3105.89	96.3737
3107.82	96.3918
3109.75	96.4467
3111.68	96.4012
3113.61	96.3208
3115.53	96.3453
3117.46	96.4506
3119.39	96.5411
3121.32	96.6028
3123.25	96.577
3125.18	96.3958
3127.11	96.217
3129.04	96.2401
3130.97	96.3974
3132.9	96.5016
3134.83	96.4594
3136.75	96.2878
3138.68	96.1115
3140.61	96.0284
3142.54	95.9985
3144.47	96.0239
3146.4	96.1635
3148.33	96.2818
3150.26	96.2054
3152.19	96.0606
3154.12	96.0587
3156.05	96.1577
3157.98	96.1769
3159.9	96.0667
3161.83	95.9499
3163.76	95.947
3165.69	96.0386
3167.62	96.1338
3169.55	96.1561
3171.48	96.0869
3173.41	96.0352
3175.34	96.0652
3177.27	95.9896
3179.2	95.7441
3181.12	95.6566
3183.05	95.8478
3184.98	95.9447
3186.91	95.7586
3188.84	95.5439
3190.77	95.4454
3192.7	95.3846
3194.63	95.3809
3196.56	95.4977
3198.49	95.6603
3200.42	95.7397
3202.35	95.6758
3204.27	95.5293
3206.2	95.4415
3208.13	95.4482
3210.06	95.4415
3211.99	95.3813
3213.92	95.3253
3215.85	95.2648
3217.78	95.1871
3219.71	95.1803
3221.64	95.2475
3223.57	95.2365
3225.49	95.1164
3227.42	95.0327
3229.35	95.0494
3231.28	95.1162
3233.21	95.1851
3235.14	95.1718
3237.07	95.0363
3239	94.9236
3240.93	94.9435
3242.86	94.9896
3244.79	94.9915
3246.72	95.0109
3248.64	94.9737
3250.57	94.7198
3252.5	94.3836
3254.43	94.3171
3256.36	94.5446
3258.29	94.6953
3260.22	94.5947
3262.15	94.4747
3264.08	94.4625
3266.01	94.3903
3267.94	94.229
3269.86	94.179
3271.79	94.2882
3273.72	94.3961
3275.65	94.4061
3277.58	94.3677
3279.51	94.355
3281.44	94.3728
3283.37	94.3673
3285.3	94.3114
3287.23	94.2338
3289.16	94.1693
3291.08	94.142
3293.01	94.1472
3294.94	94.13
3296.87	94.0547
3298.8	93.9603
3300.73	93.912
3302.66	93.9345
3304.59	93.9389
3306.52	93.7893
3308.45	93.5727
3310.38	93.5462
3312.31	93.6787
3314.23	93.6884
3316.16	93.5648
3318.09	93.5097
3320.02	93.5025
3321.95	93.4102
3323.88	93.2941
3325.81	93.2929
3327.74	93.4208
3329.67	93.5908
3331.6	93.6991
3333.53	93.6865
3335.45	93.556
3337.38	93.3653
3339.31	93.2349
3341.24	93.2485
3343.17	93.3345
3345.1	93.3937
3347.03	93.4317
3348.96	93.4392
3350.89	93.4096
3352.82	93.4267
3354.75	93.4606
3356.68	93.4098
3358.6	93.4303
3360.53	93.6486
3362.46	93.7685
3364.39	93.597
3366.32	93.4376
3368.25	93.4685
3370.18	93.5024
3372.11	93.5422
3374.04	93.6921
3375.97	93.7443
3377.9	93.6283
3379.82	93.6587
3381.75	93.8697
3383.68	93.9234
3385.61	93.7985
3387.54	93.7709
3389.47	93.8729
3391.4	93.9547
3393.33	93.9554
3395.26	93.8781
3397.19	93.7743
3399.12	93.7187
3401.04	93.7018
3402.97	93.7018
3404.9	93.7449
3406.83	93.7823
3408.76	93.7571
3410.69	93.7609
3412.62	93.8649
3414.55	93.9925
3416.48	94.1037
3418.41	94.2224
3420.34	94.2996
3422.27	94.3045
3424.19	94.2707
3426.12	94.1536
3428.05	93.9797
3429.98	93.9983
3431.91	94.292
3433.84	94.5243
3435.77	94.4416
3437.7	94.2629
3439.63	94.2518
3441.56	94.3294
3443.49	94.3635
3445.41	94.4342
3447.34	94.6114
3449.27	94.7873
3451.2	94.8487
3453.13	94.7782
3455.06	94.6115
3456.99	94.4558
3458.92	94.4622
3460.85	94.7362
3462.78	95.182
3464.71	95.3923
3466.64	95.0828
3468.56	94.6415
3470.49	94.645
3472.42	94.9679
3474.35	95.0748
3476.28	94.8968
3478.21	94.7356
3480.14	94.7177
3482.07	94.8329
3484	95.0305
3485.93	95.1646
3487.86	95.1945
3489.78	95.2092
3491.71	95.1462
3493.64	94.9406
3495.57	94.8327
3497.5	94.9992
3499.43	95.2216
3501.36	95.366
3503.29	95.5361
3505.22	95.5836
3507.15	95.34
3509.08	95.1627
3511	95.3683
3512.93	95.5962
3514.86	95.5155
3516.79	95.3683
3518.72	95.3446
3520.65	95.3064
3522.58	95.2218
3524.51	95.2057
3526.44	95.3059
3528.37	95.5299
3530.3	95.6917
3532.23	95.5077
3534.15	95.1672
3536.08	95.1346
3538.01	95.343
3539.94	95.3164
3541.87	95.0467
3543.8	94.9422
3545.73	95.1596
3547.66	95.4149
3549.59	95.5064
3551.52	95.5939
3553.45	95.7266
3555.37	95.6027
3557.3	95.178
3559.23	94.926
3561.16	95.1466
3563.09	95.4942
3565.02	95.642
3566.95	95.726
3568.88	95.8368
3570.81	95.8625
3572.74	95.9287
3574.67	96.1342
3576.6	96.2055
3578.52	95.946
3580.45	95.6534
3582.38	95.6269
3584.31	95.8063
3586.24	96.1459
3588.17	96.5776
3590.1	96.7213
3592.03	96.5395
3593.96	96.3865
3595.89	96.5301
3597.82	96.9574
3599.74	97.4113
3601.67	97.4739
3603.6	97.0444
3605.53	96.5484
3607.46	96.3272
3609.39	96.4675
3611.32	96.9612
3613.25	97.5125
3615.18	97.6128
3617.11	97.2979
3619.04	97.1134
3620.97	97.1775
3622.89	97.1427
3624.82	96.9672
3626.75	96.8111
3628.68	96.7792
3630.61	96.8358
3632.54	96.8572
3634.47	96.8942
3636.4	97.0325
3638.33	97.1655
3640.26	97.2064
3642.19	97.3562
3644.11	97.7452
3646.04	98.098
3647.97	98.1117
3649.9	97.982
3651.83	98.0229
3653.76	98.0081
3655.69	97.9221
3657.62	97.9911
3659.55	97.9928
3661.48	97.5421
3663.41	96.9431
3665.33	96.8386
3667.26	97.2524
3669.19	97.7423
3671.12	98.0091
3673.05	98.2382
3674.98	98.6218
3676.91	98.7679
3678.84	98.3277
3680.77	97.7874
3682.7	97.5661
3684.63	97.5619
3686.56	97.4756
3688.48	97.391
3690.41	97.5447
3692.34	97.6692
3694.27	97.6528
3696.2	97.7353
3698.13	97.9467
3700.06	98.0681
3701.99	97.9386
3703.92	97.7049
3705.85	97.7228
3707.78	98.09
3709.7	98.478
3711.63	98.4247
3713.56	98.1068
3715.49	97.9679
3717.42	97.9597
3719.35	97.8796
3721.28	97.6993
3723.21	97.6764
3725.14	97.9503
3727.07	98.1265
3729	97.9718
3730.93	97.9914
3732.85	98.5964
3734.78	99.1109
3736.71	98.5543
3738.64	97.6677
3740.57	97.365
3742.5	97.7004
3744.43	98.3214
3746.36	98.3987
3748.29	98.0024
3750.22	97.8997
3752.15	98.1699
3754.07	98.1845
3756	98.0059
3757.93	97.9394
3759.86	97.9455
3761.79	97.9365
3763.72	97.9484
3765.65	97.8561
3767.58	97.5616
3769.51	97.2828
3771.44	97.1962
3773.37	97.2434
3775.29	97.3657
3777.22	97.4877
3779.15	97.4915
3781.08	97.4213
3783.01	97.3669
3784.94	97.3159
3786.87	97.3469
3788.8	97.4648
3790.73	97.4691
3792.66	97.3914
3794.59	97.5396
3796.52	97.9471
3798.44	98.3155
3800.37	98.4765
3802.3	98.3512
3804.23	98.0524
3806.16	97.8592
3808.09	97.7242
3810.02	97.5079
3811.95	97.4857
3813.88	97.8928
3815.81	98.3469
3817.74	98.2743
3819.66	98.044
3821.59	98.1106
3823.52	98.1864
3825.45	98.0278
3827.38	97.806
3829.31	97.7134
3831.24	97.8036
3833.17	97.9005
3835.1	97.8275
3837.03	97.7963
3838.96	98.0492
3840.89	98.1815
3842.81	97.8924
3844.74	97.5334
3846.67	97.405
3848.6	97.4359
3850.53	97.5544
3852.46	97.8453
3854.39	98.1109
3856.32	97.9891
3858.25	97.7216
3860.18	97.5496
3862.11	97.5312
3864.03	97.621
3865.96	97.7309
3867.89	97.8321
3869.82	97.8916
3871.75	97.8124
3873.68	97.5586
3875.61	97.2617
3877.54	97.1416
3879.47	97.3545
3881.4	97.7127
3883.33	97.8148
3885.25	97.6716
3887.18	97.5974
3889.11	97.6339
3891.04	97.6436
3892.97	97.6517
3894.9	97.6929
3896.83	97.6637
3898.76	97.5727
3900.69	97.5992
3902.62	97.666
3904.55	97.4484
3906.48	97.1018
3908.4	96.9921
3910.33	97.075
3912.26	97.1721
3914.19	97.2991
3916.12	97.4818
3918.05	97.5563
3919.98	97.4413
3921.91	97.273
3923.84	97.1437
3925.77	97.1106
3927.7	97.196
3929.62	97.2986
3931.55	97.3496
3933.48	97.396
3935.41	97.4156
3937.34	97.3451
3939.27	97.2581
3941.2	97.2458
3943.13	97.2608
3945.06	97.2326
3946.99	97.1851
3948.92	97.1968
3950.85	97.3266
3952.77	97.4527
3954.7	97.3511
3956.63	97.0747
3958.56	96.9506
3960.49	97.0477
3962.42	97.1042
3964.35	97.0663
3966.28	97.1124
3968.21	97.1791
3970.14	97.0657
3972.07	96.8884
3973.99	96.9189
3975.92	97.1296
3977.85	97.2676
3979.78	97.2101
3981.71	97.0518
3983.64	96.9826
3985.57	97.0756
3987.5	97.1799
3989.43	97.1753
3991.36	97.1837
3993.29	97.2972
3995.22	97.3551
3997.14	97.2305
