499.643	80.549
501.572	81.1371
503.501	81.4437
505.43	81.9658
507.36	82.6479
509.289	82.7104
511.218	82.132
513.147	81.6576
515.076	81.4149
517.005	81.1946
518.934	81.3512
520.863	82.0679
522.792	82.9546
524.722	83.9325
526.651	84.9879
528.58	85.4419
530.509	84.9444
532.438	84.3011
534.367	84.4569
536.296	85.3335
538.225	86.1498
540.155	86.4288
542.084	86.3061
544.013	86.1156
545.942	85.9254
547.871	85.6439
549.8	85.4439
551.729	85.5712
553.658	85.8569
555.588	86.0055
557.517	86.091
559.446	86.2334
561.375	86.2291
563.304	86.0196
565.233	86.0351
567.162	86.5098
569.091	86.8974
571.021	86.7125
572.95	86.4118
574.879	86.4428
576.808	86.4374
578.737	86.2338
580.666	86.3181
582.595	86.6783
584.524	86.7837
586.454	86.6348
588.383	86.5948
590.312	86.6997
592.241	86.7844
594.17	86.7285
596.099	86.5198
598.028	86.3312
599.957	86.2938
601.887	86.3127
603.816	86.3657
605.745	86.5763
607.674	86.9091
609.603	87.2171
611.532	87.4442
613.461	87.5615
615.39	87.5486
617.32	87.4451
619.249	87.3082
621.178	87.233
623.107	87.3028
625.036	87.4365
626.965	87.4889
628.894	87.4515
630.823	87.3689
632.753	87.2613
634.682	87.1538
636.611	87.0005
638.54	86.7446
640.469	86.4723
642.398	86.2496
644.327	85.965
646.256	85.5479
648.186	85.1377
650.115	84.9163
652.044	84.8911
653.973	84.975
655.902	85.1318
657.831	85.3388
659.76	85.5824
661.689	85.8351
663.619	86.0052
665.548	86.0358
667.477	86.0096
669.406	86.2878
671.335	86.8624
673.264	87.4129
675.193	87.7617
677.122	87.8339
679.052	87.8747
680.981	88.0362
682.91	88.1398
684.839	88.1255
686.768	88.1516
688.697	88.2159
690.626	88.208
692.555	88.1757
694.485	88.192
696.414	88.2208
698.343	88.2623
700.272	88.3666
702.201	88.5067
704.13	88.6238
706.059	88.6808
707.988	88.6202
709.917	88.4456
711.847	88.2935
713.776	88.2742
715.705	88.3187
717.634	88.2893
719.563	88.1605
721.492	88.0369
723.421	87.9877
725.35	87.9158
727.28	87.6693
729.209	87.2406
731.138	86.7655
733.067	86.3276
734.996	85.8996
736.925	85.4542
738.854	84.96
740.783	84.2809
742.713	83.3304
744.642	82.3519
746.571	81.7839
748.5	81.8449
750.429	82.4358
752.358	83.3081
754.287	84.1719
756.216	84.8266
758.146	85.2741
760.075	85.6057
762.004	85.8185
763.933	85.8347
765.862	85.6447
767.791	85.3119
769.72	84.8235
771.649	84.0366
773.579	82.7819
775.508	80.8915
777.437	78.124
779.366	74.3191
781.295	69.8048
783.224	65.5273
785.153	62.5996
787.082	61.7211
789.012	63.0415
790.941	66.3254
792.87	70.9289
794.799	75.7719
796.728	79.7523
798.657	82.3182
800.586	83.5928
802.515	84.0114
804.445	83.9093
806.374	83.41
808.303	82.5726
810.232	81.5255
812.161	80.4958
814.09	79.8015
816.019	79.7164
817.948	80.2194
819.878	80.9912
821.807	81.724
823.736	82.2977
825.665	82.6706
827.594	82.8067
829.523	82.726
831.452	82.4809
833.381	82.0748
835.311	81.4541
837.24	80.5549
839.169	79.3509
841.098	77.8951
843.027	76.3457
844.956	74.9312
846.885	73.8215
848.814	72.9917
850.744	72.2792
852.673	71.5876
854.602	70.926
856.531	70.2844
858.46	69.6526
860.389	69.1272
862.318	68.8593
864.247	68.9188
866.177	69.2665
868.106	69.8294
870.035	70.5484
871.964	71.3183
873.893	71.9558
875.822	72.3458
877.751	72.5503
879.68	72.6913
881.609	72.8398
883.539	73.0428
885.468	73.3213
887.397	73.6416
889.326	73.9605
891.255	74.238
893.184	74.4055
895.113	74.4413
897.042	74.4463
898.972	74.5526
900.901	74.8417
902.83	75.3963
904.759	76.281
906.688	77.4343
908.617	78.6982
910.546	79.9208
912.475	80.9227
914.405	81.4879
916.334	81.526
918.263	81.1358
920.192	80.4497
922.121	79.5416
924.05	78.4728
925.979	77.2977
927.908	76.0396
929.838	74.708
931.767	73.3064
933.696	71.8517
935.625	70.4198
937.554	69.1261
939.483	68.068
941.412	67.3153
943.341	66.8776
945.271	66.663
947.2	66.5658
949.129	66.5978
951.058	66.872
952.987	67.4642
954.916	68.2984
956.845	69.1803
958.774	69.9647
960.704	70.636
962.633	71.2351
964.562	71.8446
966.491	72.5975
968.42	73.5367
970.349	74.5311
972.278	75.4233
974.207	76.149
976.137	76.6775
978.066	76.9533
979.995	76.9368
981.924	76.6543
983.853	76.1562
985.782	75.4518
987.711	74.5975
989.64	73.8215
991.57	73.3655
993.499	73.1991
995.428	73.0453
997.357	72.6418
999.286	71.877
1001.22	70.7709
1003.14	69.4198
1005.07	67.9415
1007	66.4807
1008.93	65.216
1010.86	64.2308
1012.79	63.3671
1014.72	62.3049
1016.65	60.8216
1018.58	58.9561
1020.51	56.9304
1022.44	54.9664
1024.36	53.2517
1026.29	52.039
1028.22	51.5553
1030.15	51.7343
1032.08	52.2307
1034.01	52.7618
1035.94	53.2838
1037.87	53.8672
1039.8	54.5877
1041.73	55.5213
1043.66	56.7273
1045.58	58.2437
1047.51	60.0776
1049.44	62.1237
1051.37	64.1247
1053.3	65.7812
1055.23	66.9238
1057.16	67.6088
1059.09	68.0416
1061.02	68.3495
1062.95	68.4395
1064.88	68.1436
1066.81	67.4976
1068.73	66.8239
1070.66	66.5202
1072.59	66.7803
1074.52	67.5051
1076.45	68.4404
1078.38	69.3678
1080.31	70.1801
1082.24	70.8256
1084.17	71.2335
1086.1	71.3234
1088.03	71.0762
1089.95	70.5505
1091.88	69.7983
1093.81	68.8108
1095.74	67.6136
1097.67	66.3511
1099.6	65.1739
1101.53	64.0803
1103.46	62.9531
1105.39	61.7148
1107.32	60.3945
1109.25	59.0827
1111.18	57.8535
1113.1	56.739
1115.03	55.7571
1116.96	54.8919
1118.89	54.0489
1120.82	53.112
1122.75	52.0447
1124.68	50.8878
1126.61	49.6956
1128.54	48.5145
1130.47	47.3777
1132.4	46.2957
1134.32	45.2771
1136.25	44.3563
1138.18	43.5717
1140.11	42.937
1142.04	42.4695
1143.97	42.2045
1145.9	42.1491
1147.83	42.2717
1149.76	42.5506
1151.69	42.983
1153.62	43.5482
1155.55	44.1971
1157.47	44.8834
1159.4	45.6034
1161.33	46.3836
1163.26	47.2312
1165.19	48.1486
1167.12	49.1759
1169.05	50.3504
1170.98	51.658
1172.91	53.0652
1174.84	54.5504
1176.77	56.101
1178.69	57.6999
1180.62	59.301
1182.55	60.8415
1184.48	62.2943
1186.41	63.663
1188.34	64.9573
1190.27	66.2095
1192.2	67.4608
1194.13	68.7254
1196.06	69.9988
1197.99	71.2358
1199.91	72.3041
1201.84	73.0228
1203.77	73.2411
1205.7	72.9076
1207.63	72.0834
1209.56	70.8401
1211.49	69.2836
1213.42	67.6357
1215.35	65.869
1217.28	63.4733
1219.21	60.2595
1221.14	56.9333
1223.06	54.1792
1224.99	51.9229
1226.92	49.8003
1228.85	47.7085
1230.78	45.7072
1232.71	43.8523
1234.64	42.2478
1236.57	40.9881
1238.5	40.0553
1240.43	39.3564
1242.36	38.7877
1244.28	38.2613
1246.21	37.734
1248.14	37.1956
1250.07	36.6469
1252	36.1346
1253.93	35.7573
1255.86	35.6165
1257.79	35.7971
1259.72	36.3543
1261.65	37.2825
1263.58	38.5388
1265.51	40.0735
1267.43	41.8195
1269.36	43.7065
1271.29	45.6656
1273.22	47.6068
1275.15	49.4724
1277.08	51.2848
1279.01	53.0648
1280.94	54.7776
1282.87	56.4197
1284.8	58.0606
1286.73	59.7339
1288.65	61.3814
1290.58	62.9563
1292.51	64.4707
1294.44	65.9252
1296.37	67.3327
1298.3	68.7927
1300.23	70.4256
1302.16	72.2749
1304.09	74.3114
1306.02	76.4324
1307.95	78.4529
1309.87	80.1908
1311.8	81.5294
1313.73	82.3877
1315.66	82.7378
1317.59	82.6491
1319.52	82.333
1321.45	82.1457
1323.38	82.375
1325.31	83.0524
1327.24	83.9801
1329.17	84.8818
1331.1	85.564
1333.02	85.948
1334.95	86.1047
1336.88	86.2636
1338.81	86.6703
1340.74	87.382
1342.67	88.2643
1344.6	89.2037
1346.53	90.116
1348.46	90.8611
1350.39	91.2616
1352.32	91.1698
1354.24	90.568
1356.17	89.7438
1358.1	89.149
1360.03	88.9474
1361.96	88.9527
1363.89	88.7933
1365.82	88.1468
1367.75	86.9389
1369.68	85.4943
1371.61	84.2777
1373.54	83.2765
1375.47	82.2616
1377.39	81.3365
1379.32	80.6057
1381.25	80.0551
1383.18	79.7732
1385.11	79.8607
1387.04	80.3424
1388.97	80.9669
1390.9	81.3771
1392.83	81.5208
1394.76	81.3948
1396.69	80.9415
1398.61	80.2829
1400.54	79.7013
1402.47	79.3577
1404.4	79.3021
1406.33	79.6178
1408.26	80.2563
1410.19	81.1594
1412.12	82.3141
1414.05	83.4692
1415.98	84.5479
1417.91	85.7977
1419.83	87.002
1421.76	87.642
1423.69	87.805
1425.62	87.7286
1427.55	87.4227
1429.48	86.6176
1431.41	85.3349
1433.34	84.0649
1435.27	82.7333
1437.2	80.947
1439.13	79.2252
1441.06	77.9588
1442.98	76.9271
1444.91	76.1745
1446.84	75.7449
1448.77	75.414
1450.7	75.2238
1452.63	75.4178
1454.56	76.0511
1456.49	77.1923
1458.42	78.4521
1460.35	79.2873
1462.28	80.1144
1464.2	81.2727
1466.13	82.5108
1468.06	83.486
1469.99	84.4763
1471.92	85.6303
1473.85	86.4372
1475.78	86.7539
1477.71	87.0721
1479.64	87.4591
1481.57	87.8252
1483.5	88.1997
1485.43	88.6633
1487.35	89.3506
1489.28	90.3327
1491.21	91.2594
1493.14	91.9601
1495.07	92.7008
1497	93.5293
1498.93	94.1283
1500.86	94.4588
1502.79	94.7692
1504.72	95.1914
1506.65	95.7352
1508.57	95.9689
1510.5	95.8433
1512.43	95.7548
1514.36	95.8536
1516.29	96.0823
1518.22	96.2714
1520.15	96.3653
1522.08	96.3903
1524.01	96.395
1525.94	96.4164
1527.87	96.4263
1529.8	96.4141
1531.72	96.4183
1533.65	96.4266
1535.58	96.4376
1537.51	96.5925
1539.44	96.9686
1541.37	97.0938
1543.3	96.7014
1545.23	96.3712
1547.16	96.2777
1549.09	96.3357
1551.02	96.4147
1552.94	96.4227
1554.87	96.4502
1556.8	96.6646
1558.73	96.8786
1560.66	96.6084
1562.59	96.2495
1564.52	96.067
1566.45	96.0484
1568.38	96.0717
1570.31	95.9134
1572.24	95.6928
1574.16	95.6743
1576.09	95.7426
1578.02	95.5542
1579.95	95.2949
1581.88	95.2317
1583.81	95.3034
1585.74	95.3583
1587.67	95.3774
1589.6	95.4134
1591.53	95.4787
1593.46	95.5487
1595.39	95.5761
1597.31	95.5378
1599.24	95.4681
1601.17	95.3965
1603.1	95.3149
1605.03	95.2372
1606.96	95.2141
1608.89	95.2218
1610.82	95.1584
1612.75	95.0747
1614.68	95.0903
1616.61	95.0649
1618.53	94.8081
1620.46	94.544
1622.39	94.3587
1624.32	94.1044
1626.25	93.7462
1628.18	93.2996
1630.11	92.7898
1632.04	92.3933
1633.97	92.1756
1635.9	91.9631
1637.83	91.7819
1639.76	91.9734
1641.68	92.5046
1643.61	93.1746
1645.54	93.9255
1647.47	94.5193
1649.4	94.6823
1651.33	94.7525
1653.26	94.9252
1655.19	94.7682
1657.12	94.4389
1659.05	94.2926
1660.98	94.3039
1662.9	94.2184
1664.83	93.997
1666.76	93.9171
1668.69	93.9898
1670.62	93.868
1672.55	93.547
1674.48	93.2558
1676.41	92.9124
1678.34	92.5674
1680.27	92.3476
1682.2	92.0874
1684.12	91.5987
1686.05	91.0655
1687.98	90.5377
1689.91	89.9436
1691.84	89.2705
1693.77	88.3793
1695.7	87.2839
1697.63	86.0614
1699.56	84.2124
1701.49	81.792
1703.42	79.4858
1705.35	76.8427
1707.27	73.4591
1709.2	70.0132
1711.13	66.8645
1713.06	63.8612
1714.99	61.2183
1716.92	58.8137
1718.85	56.4301
1720.78	54.9573
1722.71	54.5021
1724.64	54.5329
1726.57	54.9344
1728.49	55.6681
1730.42	56.514
1732.35	57.5004
1734.28	58.4873
1736.21	58.9439
1738.14	58.978
1740.07	58.775
1742	58.4287
1743.93	58.4049
1745.86	58.9483
1747.79	60.0882
1749.72	62.0004
1751.64	64.2603
1753.57	66.4914
1755.5	69.1692
1757.43	72.3936
1759.36	75.6784
1761.29	79.0117
1763.22	82.3535
1765.15	85.1187
1767.08	87.3266
1769.01	89.438
1770.94	91.4128
1772.86	92.9301
1774.79	93.9416
1776.72	94.5624
1778.65	95.0423
1780.58	95.5664
1782.51	95.9555
1784.44	96.1308
1786.37	96.3155
1788.3	96.5507
1790.23	96.7566
1792.16	96.8971
1794.08	96.8589
1796.01	96.7317
1797.94	96.696
1799.87	96.7032
1801.8	96.6811
1803.73	96.6836
1805.66	96.6679
1807.59	96.613
1809.52	96.6141
1811.45	96.6237
1813.38	96.5588
1815.31	96.5613
1817.23	96.7119
1819.16	96.8502
1821.09	96.8714
1823.02	96.8722
1824.95	96.9652
1826.88	97.1263
1828.81	97.22
1830.74	97.1946
1832.67	97.1745
1834.6	97.2496
1836.53	97.343
1838.45	97.3135
1840.38	97.1757
1842.31	97.1173
1844.24	97.2394
1846.17	97.352
1848.1	97.3124
1850.03	97.2888
1851.96	97.4414
1853.89	97.6491
1855.82	97.6386
1857.75	97.4305
1859.68	97.3503
1861.6	97.517
1863.53	97.7546
1865.46	97.9557
1867.39	98.0718
1869.32	98.0355
1871.25	97.9608
1873.18	97.9092
1875.11	97.7812
1877.04	97.6705
1878.97	97.7662
1880.9	97.9836
1882.82	98.1307
1884.75	98.1702
1886.68	98.1731
1888.61	98.2122
1890.54	98.2566
1892.47	98.2152
1894.4	98.1653
1896.33	98.229
1898.26	98.3065
1900.19	98.2793
1902.12	98.2573
1904.05	98.3381
1905.97	98.4207
1907.9	98.4558
1909.83	98.5614
1911.76	98.7117
1913.69	98.7352
1915.62	98.697
1917.55	98.7249
1919.48	98.6354
1921.41	98.3928
1923.34	98.4142
1925.27	98.8065
1927.19	99.1095
1929.12	99.1129
1931.05	99.0388
1932.98	99.0573
1934.91	99.1736
1936.84	99.3129
1938.77	99.3874
1940.7	99.4679
1942.63	99.6437
1944.56	99.7306
1946.49	99.5944
1948.41	99.4613
1950.34	99.5235
1952.27	99.6466
1954.2	99.6309
1956.13	99.5012
1958.06	99.4392
1959.99	99.5872
1961.92	99.9047
1963.85	100.158
1965.78	100.167
1967.71	100.032
1969.64	99.9926
1971.56	100.086
1973.49	100.148
1975.42	100.08
1977.35	100.008
1979.28	100.085
1981.21	100.237
1983.14	100.336
1985.07	100.417
1987	100.476
1988.93	100.407
1990.86	100.246
1992.78	100.114
1994.71	99.9894
1996.64	99.8434
1998.57	99.7741
2000.5	99.8665
2002.43	100.061
2004.36	100.194
2006.29	100.22
2008.22	100.292
2010.15	100.405
2012.08	100.338
2014.01	100.144
2015.93	100.13
2017.86	100.318
2019.79	100.481
2021.72	100.56
2023.65	100.599
2025.58	100.548
2027.51	100.383
2029.44	100.255
2031.37	100.321
2033.3	100.485
2035.23	100.53
2037.15	100.521
2039.08	100.664
2041.01	100.873
2042.94	100.9
2044.87	100.747
2046.8	100.587
2048.73	100.5
2050.66	100.456
2052.59	100.38
2054.52	100.236
2056.45	100.103
2058.37	99.996
2060.3	99.7403
2062.23	99.3659
2064.16	99.2893
2066.09	99.6363
2068.02	99.921
2069.95	99.8572
2071.88	99.7323
2073.81	99.7335
2075.74	99.7432
2077.67	99.7512
2079.6	99.7809
2081.52	99.6924
2083.45	99.4706
2085.38	99.3135
2087.31	99.2978
2089.24	99.3201
2091.17	99.3332
2093.1	99.3669
2095.03	99.3848
2096.96	99.3399
2098.89	99.3044
2100.82	99.3245
2102.74	99.3103
2104.67	99.2807
2106.6	99.3778
2108.53	99.5099
2110.46	99.4712
2112.39	99.3731
2114.32	99.4088
2116.25	99.4586
2118.18	99.3932
2120.11	99.3626
2122.04	99.4733
2123.97	99.5829
2125.89	99.5893
2127.82	99.5971
2129.75	99.6667
2131.68	99.6663
2133.61	99.5574
2135.54	99.5678
2137.47	99.8263
2139.4	100.141
2141.33	100.351
2143.26	100.468
2145.19	100.426
2147.11	100.184
2149.04	99.9571
2150.97	99.9425
2152.9	100.088
2154.83	100.31
2156.76	100.558
2158.69	100.671
2160.62	100.529
2162.55	100.244
2164.48	100.023
2166.41	99.9929
2168.33	100.112
2170.26	100.211
2172.19	100.227
2174.12	100.252
2176.05	100.275
2177.98	100.186
2179.91	100.045
2181.84	99.999
2183.77	100.005
2185.7	99.9499
2187.63	99.9061
2189.56	100.022
2191.48	100.255
2193.41	100.371
2195.34	100.226
2197.27	100.013
2199.2	100.041
2201.13	100.26
2203.06	100.312
2204.99	100.102
2206.92	99.9071
2208.85	99.863
2210.78	99.8773
2212.7	99.935
2214.63	100.034
2216.56	100.033
2218.49	99.8806
2220.42	99.7284
2222.35	99.6503
2224.28	99.5522
2226.21	99.462
2228.14	99.6146
2230.07	100.035
2232	100.332
2233.93	100.253
2235.85	100.05
2237.78	99.9493
2239.71	99.8826
2241.64	99.8382
2243.57	99.7868
2245.5	99.5791
2247.43	99.4144
2249.36	99.6201
2251.29	99.8886
2253.22	99.7748
2255.15	99.5327
2257.07	99.4914
2259	99.4427
2260.93	99.2748
2262.86	99.2307
2264.79	99.3317
2266.72	99.3451
2268.65	99.2272
2270.58	99.089
2272.51	98.9591
2274.44	98.8179
2276.37	98.6828
2278.29	98.6253
2280.22	98.7228
2282.15	98.8936
2284.08	98.9085
2286.01	98.7028
2287.94	98.4651
2289.87	98.3133
2291.8	98.1652
2293.73	97.9711
2295.66	97.7731
2297.59	97.5963
2299.52	97.5045
2301.44	97.532
2303.37	97.4761
2305.3	97.1551
2307.23	96.7938
2309.16	96.6979
2311.09	96.7618
2313.02	96.7219
2314.95	96.5552
2316.88	96.3442
2318.81	96.1504
2320.74	96.0343
2322.66	95.8946
2324.59	95.5467
2326.52	95.074
2328.45	94.7515
2330.38	94.7749
2332.31	95.0747
2334.24	95.2942
2336.17	95.2035
2338.1	95.0123
2340.03	94.9776
2341.96	94.9744
2343.89	94.9718
2345.81	95.1845
2347.74	95.4417
2349.67	95.4939
2351.6	95.3585
2353.53	95.21
2355.46	95.177
2357.39	95.0587
2359.32	94.618
2361.25	94.1261
2363.18	94.0279
2365.11	94.2335
2367.03	94.4887
2368.96	94.8792
2370.89	95.4226
2372.82	95.8605
2374.75	96.1251
2376.68	96.3513
2378.61	96.5601
2380.54	96.7412
2382.47	96.9575
2384.4	97.196
2386.33	97.3491
2388.26	97.3793
2390.18	97.3617
2392.11	97.3822
2394.04	97.4647
2395.97	97.5556
2397.9	97.5791
2399.83	97.5343
2401.76	97.4903
2403.69	97.5097
2405.62	97.6144
2407.55	97.7362
2409.48	97.752
2411.4	97.6661
2413.33	97.6035
2415.26	97.6073
2417.19	97.6539
2419.12	97.7654
2421.05	97.9237
2422.98	98.0412
2424.91	98.0603
2426.84	97.9574
2428.77	97.775
2430.7	97.6678
2432.62	97.7157
2434.55	97.811
2436.48	97.8838
2438.41	98.0109
2440.34	98.2092
2442.27	98.3298
2444.2	98.2364
2446.13	98.0202
2448.06	97.9308
2449.99	98.0373
2451.92	98.1363
2453.85	98.1061
2455.77	98.0896
2457.7	98.1785
2459.63	98.2099
2461.56	98.0624
2463.49	97.9128
2465.42	97.9793
2467.35	98.1827
2469.28	98.2855
2471.21	98.24
2473.14	98.2003
2475.07	98.2777
2476.99	98.4156
2478.92	98.4953
2480.85	98.4986
2482.78	98.4752
2484.71	98.4158
2486.64	98.3358
2488.57	98.3334
2490.5	98.3949
2492.43	98.4096
2494.36	98.3913
2496.29	98.3435
2498.22	98.1395
2500.14	97.8733
2502.07	97.87
2504	98.1336
2505.93	98.3273
2507.86	98.3325
2509.79	98.3209
2511.72	98.3771
2513.65	98.4172
2515.58	98.3484
2517.51	98.1785
2519.44	98.0525
2521.36	98.1007
2523.29	98.2209
2525.22	98.2036
2527.15	98.0729
2529.08	98.0638
2531.01	98.2374
2532.94	98.3476
2534.87	98.2181
2536.8	98.0497
2538.73	98.0957
2540.66	98.2283
2542.58	98.1847
2544.51	98.0432
2546.44	98.0565
2548.37	98.198
2550.3	98.2319
2552.23	98.0957
2554.16	97.945
2556.09	97.9217
2558.02	98.06
2559.95	98.2872
2561.88	98.3892
2563.81	98.1986
2565.73	97.9052
2567.66	97.8277
2569.59	97.9172
2571.52	97.9472
2573.45	97.9737
2575.38	98.0839
2577.31	98.0865
2579.24	97.8979
2581.17	97.7629
2583.1	97.8359
2585.03	97.9782
2586.95	98.0238
2588.88	97.9612
2590.81	97.8764
2592.74	97.8221
2594.67	97.7632
2596.6	97.6899
2598.53	97.6613
2600.46	97.6576
2602.39	97.604
2604.32	97.5692
2606.25	97.6688
2608.18	97.7989
2610.1	97.7543
2612.03	97.5593
2613.96	97.4085
2615.89	97.3527
2617.82	97.3191
2619.75	97.3239
2621.68	97.3847
2623.61	97.3944
2625.54	97.301
2627.47	97.1831
2629.4	97.0877
2631.32	97.0458
2633.25	97.113
2635.18	97.2012
2637.11	97.1519
2639.04	97.0266
2640.97	96.9823
2642.9	96.9797
2644.83	96.9135
2646.76	96.8298
2648.69	96.8202
2650.62	96.8709
2652.54	96.9053
2654.47	96.887
2656.4	96.8356
2658.33	96.7635
2660.26	96.6724
2662.19	96.602
2664.12	96.5799
2666.05	96.5792
2667.98	96.5904
2669.91	96.5997
2671.84	96.5339
2673.77	96.4095
2675.69	96.3644
2677.62	96.4089
2679.55	96.426
2681.48	96.4165
2683.41	96.4387
2685.34	96.4434
2687.27	96.4123
2689.2	96.4308
2691.13	96.5036
2693.06	96.5254
2694.99	96.4549
2696.91	96.3651
2698.84	96.3288
2700.77	96.3259
2702.7	96.2912
2704.63	96.2417
2706.56	96.2528
2708.49	96.3097
2710.42	96.3276
2712.35	96.2894
2714.28	96.2393
2716.21	96.2042
2718.14	96.1894
2720.06	96.1775
2721.99	96.1366
2723.92	96.0714
2725.85	96.0096
2727.78	95.9622
2729.71	95.9516
2731.64	95.9876
2733.57	96.0046
2735.5	95.9535
2737.43	95.8913
2739.36	95.864
2741.28	95.832
2743.21	95.7804
2745.14	95.7583
2747.07	95.7916
2749	95.8418
2750.93	95.8561
2752.86	95.8528
2754.79	95.8929
2756.72	95.9268
2758.65	95.8542
2760.58	95.7483
2762.51	95.7316
2764.43	95.7366
2766.36	95.6884
2768.29	95.6654
2770.22	95.6789
2772.15	95.639
2774.08	95.5696
2776.01	95.5409
2777.94	95.5256
2779.87	95.5116
2781.8	95.5335
2783.73	95.5529
2785.65	95.5087
2787.58	95.4366
2789.51	95.4239
2791.44	95.4821
2793.37	95.5096
2795.3	95.4455
2797.23	95.4107
2799.16	95.5078
2801.09	95.5939
2803.02	95.515
2804.95	95.373
2806.87	95.3049
2808.8	95.2444
2810.73	95.1092
2812.66	94.9786
2814.59	94.926
2816.52	94.8865
2818.45	94.8079
2820.38	94.7331
2822.31	94.6469
2824.24	94.4622
2826.17	94.1984
2828.1	93.9575
2830.02	93.7701
2831.95	93.6303
2833.88	93.5295
2835.81	93.3927
2837.74	93.175
2839.67	92.9425
2841.6	92.7165
2843.53	92.4457
2845.46	92.1931
2847.39	92.0842
2849.32	92.0507
2851.24	91.8491
2853.17	91.3619
2855.1	90.728
2857.03	90.1308
2858.96	89.5894
2860.89	89.0534
2862.82	88.5664
2864.75	88.1808
2866.68	87.8329
2868.61	87.4304
2870.54	87.0002
2872.47	86.6916
2874.39	86.618
2876.32	86.7462
2878.25	87.0157
2880.18	87.4199
2882.11	87.8519
2884.04	88.1242
2885.97	88.2186
2887.9	88.2469
2889.83	88.252
2891.76	88.2598
2893.69	88.2897
2895.61	88.2629
2897.54	88.1708
2899.47	88.1656
2901.4	88.2755
2903.33	88.3305
2905.26	88.2465
2907.19	88.0914
2909.12	87.9375
2911.05	87.82
2912.98	87.7034
2914.91	87.5048
2916.83	87.2525
2918.76	87.0392
2920.69	86.8117
2922.62	86.4691
2924.55	86.0461
2926.48	85.6049
2928.41	85.1817
2930.34	84.8759
2932.27	84.744
2934.2	84.7341
2936.13	84.8556
2938.06	85.1571
2939.98	85.5327
2941.91	85.8074
2943.84	85.9138
2945.77	85.8491
2947.7	85.6164
2949.63	85.2267
2951.56	84.6872
2953.49	84.0648
2955.42	83.5022
2957.35	83.1083
2959.28	82.9646
2961.2	83.1703
2963.13	83.7616
2965.06	84.7399
2966.99	86.1008
2968.92	87.5717
2970.85	88.6119
2972.78	89.0567
2974.71	89.3523
2976.64	89.8356
2978.57	90.3323
2980.5	90.7182
2982.43	91.2261
2984.35	91.8501
2986.28	92.1601
2988.21	92.0977
2990.14	92.145
2992.07	92.4684
2994	92.7854
2995.93	93.0397
2997.86	93.3963
2999.79	93.8074
3001.72	94.1094
3003.65	94.2502
3005.57	94.3269
3007.5	94.5447
3009.43	94.9154
3011.36	95.1693
3013.29	95.2609
3015.22	95.431
3017.15	95.6331
3019.08	95.6618
3021.01	95.7085
3022.94	96.0014
3024.87	96.2928
3026.79	96.3258
3028.72	96.2988
3030.65	96.4474
3032.58	96.6477
3034.51	96.6982
3036.44	96.6548
3038.37	96.6605
3040.3	96.6962
3042.23	96.7041
3044.16	96.6925
3046.09	96.6385
3048.02	96.6159
3049.94	96.8201
3051.87	97.1125
3053.8	97.0964
3055.73	96.8634
3057.66	96.8111
3059.59	96.8475
3061.52	96.741
3063.45	96.7339
3065.38	96.9548
3067.31	97.0471
3069.24	96.8849
3071.16	96.7488
3073.09	96.7355
3075.02	96.7406
3076.95	96.7294
3078.88	96.6181
3080.81	96.3604
3082.74	96.2046
3084.67	96.375
3086.6	96.6853
3088.53	96.8368
3090.46	96.845
3092.39	96.8677
3094.31	96.8367
3096.24	96.5917
3098.17	96.2672
3100.1	96.1458
3102.03	96.1941
3103.96	96.1698
3105.89	96.0974
3107.82	96.1827
3109.75	96.3765
3111.68	96.4271
3113.61	96.2612
3115.53	96.0544
3117.46	96.0048
3119.39	96.1648
3121.32	96.4109
3123.25	96.537
3125.18	96.4604
3127.11	96.3047
3129.04	96.1983
3130.97	96.1337
3132.9	96.1064
3134.83	96.1392
3136.75	96.1251
3138.68	95.9625
3140.61	95.798
3142.54	95.849
3144.47	96.0959
3146.4	96.3532
3148.33	96.5161
3150.26	96.5734
3152.19	96.4782
3154.12	96.2148
3156.05	95.9815
3157.98	95.9842
3159.9	96.0721
3161.83	96.0265
3163.76	96.0101
3165.69	96.1884
3167.62	96.3076
3169.55	96.1702
3171.48	96.0346
3173.41	96.1124
3175.34	96.1568
3177.27	95.9336
3179.2	95.6978
3181.12	95.7527
3183.05	95.901
3184.98	95.8551
3186.91	95.7318
3188.84	95.6556
3190.77	95.4957
3192.7	95.3168
3194.63	95.3603
3196.56	95.5652
3198.49	95.6961
3200.42	95.6871
3202.35	95.5951
3204.27	95.5397
3206.2	95.5918
3208.13	95.5923
3210.06	95.441
3211.99	95.3577
3213.92	95.46
3215.85	95.5362
3217.78	95.4449
3219.71	95.2704
3221.64	95.1085
3223.57	95.0213
3225.49	95.031
3227.42	95.0565
3229.35	95.0266
3231.28	95.0132
3233.21	95.1147
3235.14	95.2623
3237.07	95.2738
3239	95.1373
3240.93	95.0472
3242.86	95.0548
3244.79	94.9824
3246.72	94.7731
3248.64	94.5622
3250.57	94.3926
3252.5	94.2722
3254.43	94.3675
3256.36	94.6678
3258.29	94.7648
3260.22	94.4973
3262.15	94.2898
3264.08	94.3551
3266.01	94.3672
3267.94	94.2458
3269.86	94.2661
3271.79	94.3668
3273.72	94.3245
3275.65	94.2641
3277.58	94.3089
3279.51	94.349
3281.44	94.3908
3283.37	94.4743
3285.3	94.4721
3287.23	94.3687
3289.16	94.2737
3291.08	94.1662
3293.01	94.0444
3294.94	93.9752
3296.87	93.8677
3298.8	93.6822
3300.73	93.6379
3302.66	93.8007
3304.59	93.9142
3306.52	93.8397
3308.45	93.6993
3310.38	93.6068
3312.31	93.5774
3314.23	93.5814
3316.16	93.5615
3318.09	93.5127
3320.02	93.5127
3321.95	93.5804
3323.88	93.6138
3325.81	93.5728
3327.74	93.5758
3329.67	93.6723
3331.6	93.7173
3333.53	93.6463
3335.45	93.5815
3337.38	93.5407
3339.31	93.4319
3341.24	93.3306
3343.17	93.3484
3345.1	93.3907
3347.03	93.3789
3348.96	93.392
3350.89	93.427
3352.82	93.4016
3354.75	93.3367
3356.68	93.3082
3358.6	93.3666
3360.53	93.4854
3362.46	93.5349
3364.39	93.4982
3366.32	93.5369
3368.25	93.6329
3370.18	93.5973
3372.11	93.469
3374.04	93.3769
3375.97	93.2819
3377.9	93.2513
3379.82	93.4458
3381.75	93.7093
3383.68	93.7689
3385.61	93.6897
3387.54	93.6839
3389.47	93.771
3391.4	93.8429
3393.33	93.8248
3395.26	93.7669
3397.19	93.7899
3399.12	93.8592
3401.04	93.8228
3402.97	93.7027
3404.9	93.647
3406.83	93.6847
3408.76	93.7781
3410.69	93.9186
3412.62	94.0534
3414.55	94.1346
3416.48	94.1819
3418.41	94.166
3420.34	94.0497
3422.27	93.9605
3424.19	94.0204
3426.12	94.1221
3428.05	94.1412
3429.98	94.1283
3431.91	94.132
3433.84	94.091
3435.77	94.045
3437.7	94.1631
3439.63	94.4104
3441.56	94.5525
3443.49	94.582
3445.41	94.6866
3447.34	94.8577
3449.27	94.9792
3451.2	95.0178
3453.13	94.8827
3455.06	94.6071
3456.99	94.5203
3458.92	94.7134
3460.85	94.8929
3462.78	94.9635
3464.71	95.0246
3466.64	95.0138
3468.56	94.9518
3470.49	94.9809
3472.42	94.992
3474.35	94.857
3476.28	94.7877
3478.21	94.9381
3480.14	95.1038
3482.07	95.0799
3484	94.9369
3485.93	94.8452
3487.86	94.8682
3489.78	94.9693
3491.71	95.0753
3493.64	95.1328
3495.57	95.1783
3497.5	95.287
3499.43	95.4141
3501.36	95.4843
3503.29	95.556
3505.22	95.6212
3507.15	95.5414
3509.08	95.3967
3511	95.391
3512.93	95.4197
3514.86	95.2791
3516.79	95.0565
3518.72	94.9408
3520.65	94.9935
3522.58	95.1696
3524.51	95.3538
3526.44	95.5136
3528.37	95.6818
3530.3	95.6594
3532.23	95.2966
3534.15	94.935
3536.08	94.9571
3538.01	95.2286
3539.94	95.375
3541.87	95.3218
3543.8	95.2881
3545.73	95.5009
3547.66	95.8132
3549.59	95.8422
3551.52	95.6481
3553.45	95.5817
3555.37	95.5531
3557.3	95.2482
3559.23	94.8901
3561.16	94.9056
3563.09	95.1555
3565.02	95.3227
3566.95	95.5224
3568.88	95.7925
3570.81	95.8468
3572.74	95.7286
3574.67	95.6134
3576.6	95.5086
3578.52	95.5052
3580.45	95.6942
3582.38	95.7778
3584.31	95.6245
3586.24	95.7338
3588.17	96.2531
3590.1	96.3813
3592.03	96.094
3593.96	96.075
3595.89	96.4011
3597.82	96.6506
3599.74	96.828
3601.67	97.0497
3603.6	97.0878
3605.53	96.8056
3607.46	96.4252
3609.39	96.4339
3611.32	97.0028
3613.25	97.5705
3615.18	97.6455
3617.11	97.5224
3619.04	97.545
3620.97	97.3856
3622.89	96.9575
3624.82	96.7062
3626.75	96.7417
3628.68	96.7807
3630.61	96.6589
3632.54	96.6124
3634.47	96.7723
3636.4	97.0388
3638.33	97.1545
3640.26	97.1054
3642.19	97.2574
3644.11	97.6856
3646.04	97.9175
3647.97	97.7331
3649.9	97.6895
3651.83	97.9778
3653.76	98.1083
3655.69	98.1135
3657.62	98.1597
3659.55	98.0515
3661.48	97.6493
3663.41	97.2422
3665.33	97.1637
3667.26	97.3498
3669.19	97.5961
3671.12	97.8525
3673.05	98.1789
3674.98	98.5398
3676.91	98.6044
3678.84	98.179
3680.77	97.6148
3682.7	97.2672
3684.63	97.2251
3686.56	97.2447
3688.48	97.1585
3690.41	97.1572
3692.34	97.2827
3694.27	97.3573
3696.2	97.4356
3698.13	97.5754
3700.06	97.6243
3701.99	97.4461
3703.92	97.1639
3705.85	96.9969
3707.78	97.0976
3709.7	97.5854
3711.63	98.1557
3713.56	98.1755
3715.49	97.8565
3717.42	97.6503
3719.35	97.4866
3721.28	97.2114
3723.21	97.1558
3725.14	97.5077
3727.07	97.6966
3729	97.4667
3730.93	97.399
3732.85	97.8695
3734.78	98.3429
3736.71	98.0915
3738.64	97.5815
3740.57	97.4455
3742.5	97.747
3744.43	98.2013
3746.36	98.2523
3748.29	98.0405
3750.22	97.9945
3752.15	98.0282
3754.07	97.8693
3756	97.6957
3757.93	97.7043
3759.86	97.7962
3761.79	97.7558
3763.72	97.6339
3765.65	97.5217
3767.58	97.3567
3769.51	97.1772
3771.44	97.1587
3773.37	97.2512
3775.29	97.3163
3777.22	97.4169
3779.15	97.5694
3781.08	97.5759
3783.01	97.4306
3784.94	97.3452
3786.87	97.3491
3788.8	97.3006
3790.73	97.2112
3792.66	97.2739
3794.59	97.5866
3796.52	97.9196
3798.44	97.9699
3800.37	97.8107
3802.3	97.7062
3804.23	97.6787
3806.16	97.6278
3808.09	97.5203
3810.02	97.3577
3811.95	97.2982
3813.88	97.5621
3815.81	98.0447
3817.74	98.2154
3819.66	98.0573
3821.59	97.9905
3823.52	98.0422
3825.45	97.9557
3827.38	97.7109
3829.31	97.5126
3831.24	97.5458
3833.17	97.697
3835.1	97.7661
3837.03	97.8267
3838.96	97.9368
3840.89	97.8725
3842.81	97.6597
3844.74	97.4645
3846.67	97.2181
3848.6	96.9571
3850.53	96.9849
3852.46	97.4875
3854.39	97.9125
3856.32	97.7561
3858.25	97.4824
3860.18	97.2942
3862.11	97.1784
3864.03	97.184
3865.96	97.3624
3867.89	97.6642
3869.82	97.8798
3871.75	97.7768
3873.68	97.5083
3875.61	97.3794
3877.54	97.4152
3879.47	97.5587
3881.4	97.753
3883.33	97.8288
3885.25	97.7213
3887.18	97.5956
3889.11	97.5007
3891.04	97.3398
3892.97	97.2297
3894.9	97.3049
3896.83	97.3909
3898.76	97.3787
3900.69	97.3914
3902.62	97.4075
3904.55	97.2604
3906.48	97.1153
3908.4	97.146
3910.33	97.2226
3912.26	97.2181
3914.19	97.1721
3916.12	97.1815
3918.05	97.2917
3919.98	97.3885
3921.91	97.2843
3923.84	97.0312
3925.77	96.9113
3927.7	97.0091
3929.62	97.1241
3931.55	97.155
3933.48	97.1638
3935.41	97.1596
3937.34	97.0944
3939.27	97.0003
3941.2	96.9722
3943.13	97.0398
3945.06	97.1053
3946.99	97.0952
3948.92	97.0916
3950.85	97.1793
3952.77	97.2488
3954.7	97.17
3956.63	97.0405
3958.56	97.0296
3960.49	97.0864
3962.42	97.086
3964.35	97.0949
3966.28	97.1681
3968.21	97.1661
3970.14	97.0432
3972.07	96.9732
3973.99	97.0234
3975.92	97.0728
3977.85	97.0625
3979.78	97.0274
3981.71	97.0009
3983.64	97.0243
3985.57	97.0691
3987.5	97.0233
3989.43	96.9164
3991.36	96.9332
3993.29	97.091
3995.22	97.1895
3997.14	97.1252
